2054 1017
2060 1017
2060 1018
2061 1018
2061 1017
2064 1017
2064 1015
2065 1015
2065 1014
2068 1014
2068 1013
2070 1013
2070 1012
2071 1012
2071 1011
2072 1011
2072 1010
2073 1010
2073 1009
2074 1009
2074 1007
2075 1007
2075 1006
2076 1006
2076 1004
2077 1004
2077 1003
2078 1003
2078 1002
2080 1002
2080 1001
2082 1001
2082 1000
2084 1000
2084 999
2088 999
2088 998
2089 998
2089 997
2091 997
2091 996
2092 996
2092 995
2093 995
2093 994
2095 994
2095 993
2096 993
2096 992
2097 992
2097 991
2098 991
2098 990
2101 990
2101 989
2103 989
2103 988
2106 988
2106 987
2107 987
2107 986
2108 986
2108 985
2110 985
2110 984
2111 984
2111 983
2113 983
2113 982
2114 982
2114 981
2115 981
2115 980
2116 980
2116 979
2117 979
2117 978
2118 978
2118 977
2120 977
2120 976
2121 976
2121 975
2123 975
2123 974
2124 974
2124 973
2125 973
2125 972
2128 972
2128 971
2130 971
2130 970
2132 970
2132 969
2135 969
2135 968
2141 968
2141 967
2142 967
2142 966
2144 966
2144 965
2146 965
2146 964
2148 964
2148 963
2150 963
2150 962
2151 962
2151 961
2154 961
2154 960
2155 960
2155 959
2157 959
2157 958
2160 958
2160 957
2161 957
2161 956
2164 956
2164 955
2167 955
2167 954
2170 954
2170 953
2172 953
2172 952
2174 952
2174 951
2176 951
2176 950
2179 950
2179 949
2181 949
2181 948
2183 948
2183 947
2185 947
2185 946
2188 946
2188 944
2189 944
2189 942
2190 942
2190 941
2191 941
2191 940
2192 940
2192 939
2193 939
2193 918
2194 918
2194 913
2195 913
2195 910
2196 910
2196 903
2197 903
2197 900
2198 900
2198 899
2199 899
2199 898
2200 898
2200 897
2201 897
2201 896
2204 896
2204 895
2209 895
2209 894
2210 894
2210 884
2211 884
2211 881
2212 881
2212 879
2213 879
2213 878
2214 878
2214 877
2217 877
2217 876
2219 876
2219 875
2222 875
2222 874
2227 874
2227 875
2233 875
2233 874
2238 874
2238 873
2240 873
2240 872
2242 872
2242 871
2244 871
2244 870
2249 870
2249 869
2250 869
2250 868
2251 868
2251 867
2253 867
2253 866
2258 866
2258 865
2260 865
2260 864
2262 864
2262 863
2266 863
2266 862
2269 862
2269 861
2272 861
2272 860
2274 860
2274 858
2275 858
2275 856
2276 856
2276 855
2277 855
2277 854
2278 854
2278 853
2280 853
2280 852
2284 852
2284 851
2290 851
2290 850
2293 850
2293 849
2295 849
2295 848
2299 848
2299 847
2308 847
2308 846
2310 846
2310 845
2311 845
2311 844
2313 844
2313 843
2314 843
2314 842
2315 842
2315 831
2316 831
2316 830
2318 830
2318 829
2321 829
2321 828
2323 828
2323 827
2324 827
2324 826
2325 826
2325 825
2326 825
2326 824
2328 824
2328 823
2331 823
2331 822
2333 822
2333 821
2335 821
2335 820
2337 820
2337 819
2338 819
2338 817
2339 817
2339 815
2340 815
2340 799
2341 799
2341 798
2342 798
2342 797
2343 797
2343 796
2346 796
2346 795
2347 795
2347 794
2349 794
2349 793
2356 793
2356 792
2357 792
2357 791
2358 791
2358 790
2359 790
2359 789
2361 789
2361 788
2362 788
2362 787
2364 787
2364 786
2366 786
2366 785
2368 785
2368 784
2371 784
2371 783
2383 783
2383 782
2386 782
2386 781
2388 781
2388 780
2391 780
2391 779
2396 779
2396 778
2399 778
2399 777
2401 777
2401 775
2402 775
2402 771
2403 771
2403 767
2404 767
2404 766
2405 766
2405 765
2406 765
2406 764
2408 764
2408 763
2409 763
2409 762
2411 762
2411 761
2413 761
2413 760
2415 760
2415 759
2417 759
2417 758
2418 758
2418 757
2419 757
2419 756
2420 756
2420 755
2422 755
2422 754
2423 754
2423 753
2424 753
2424 752
2425 752
2425 751
2428 751
2428 750
2430 750
2430 749
2434 749
2434 748
2442 748
2442 747
2446 747
2446 746
2450 746
2450 745
2454 745
2454 744
2456 744
2456 743
2457 743
2457 742
2458 742
2458 741
2460 741
2460 739
2461 739
2461 737
2462 737
2462 733
2463 733
2463 722
2464 722
2464 716
2465 716
2465 715
2466 715
2466 714
2474 714
2474 715
2475 715
2475 716
2479 716
2479 717
2482 717
2482 718
2487 718
2487 719
2492 719
2492 718
2496 718
2496 717
2499 717
2499 716
2500 716
2500 715
2504 715
2504 714
2506 714
2506 713
2508 713
2508 712
2510 712
2510 711
2513 711
2513 710
2514 710
2514 709
2515 709
2515 708
2517 708
2517 707
2518 707
2518 706
2519 706
2519 704
2520 704
2520 702
2521 702
2521 700
2522 700
2522 691
2523 691
2523 688
2524 688
2524 686
2525 686
2525 685
2526 685
2526 684
2527 684
2527 683
2529 683
2529 682
2530 682
2530 681
2531 681
2531 680
2534 680
2534 679
2535 679
2535 677
2536 677
2536 674
2537 674
2537 667
2538 667
2538 665
2539 665
2539 664
2540 664
2540 663
2541 663
2541 662
2542 662
2542 661
2543 661
2543 660
2544 660
2544 659
2545 659
2545 658
2547 658
2547 657
2548 657
2548 656
2549 656
2549 636
2548 636
2548 628
2549 628
2549 615
2550 615
2550 613
2551 613
2551 610
2556 610
2556 609
2560 609
2560 608
2561 608
2561 607
2562 607
2562 606
2563 606
2563 605
2566 605
2566 604
2567 604
2567 603
2568 603
2568 602
2569 602
2569 601
2571 601
2571 600
2572 600
2572 599
2573 599
2573 598
2574 598
2574 596
2575 596
2575 594
2576 594
2576 593
2578 593
2578 592
2579 592
2579 591
2581 591
2581 590
2584 590
2584 589
2588 589
2588 588
2591 588
2591 587
2592 587
2592 586
2593 586
2593 584
2594 584
2594 583
2595 583
2595 582
2596 582
2596 581
2597 581
2597 576
2598 576
2598 575
2599 575
2599 570
2600 570
2600 566
2601 566
2601 562
2602 562
2602 546
2601 546
2601 545
2602 545
2602 539
2603 539
2603 536
2604 536
2604 535
2605 535
2605 534
2606 534
2606 533
2608 533
2608 532
2610 532
2610 531
2611 531
2611 529
2612 529
2612 528
2613 528
2613 525
2614 525
2614 523
2615 523
2615 520
2616 520
2616 518
2617 518
2617 515
2618 515
2618 513
2619 513
2619 512
2620 512
2620 511
2621 511
2621 510
2622 510
2622 509
2623 509
2623 508
2624 508
2624 506
2625 506
2625 505
2626 505
2626 504
2627 504
2627 502
2628 502
2628 501
2629 501
2629 498
2630 498
2630 497
2631 497
2631 495
2632 495
2632 493
2633 493
2633 492
2634 492
2634 491
2635 491
2635 490
2636 490
2636 489
2637 489
2637 488
2638 488
2638 487
2639 487
2639 486
2640 486
2640 485
2641 485
2641 484
2642 484
2642 483
2643 483
2643 482
2645 482
2645 481
2647 481
2647 480
2648 480
2648 479
2649 479
2649 477
2650 477
2650 476
2651 476
2651 471
2652 471
2652 461
2651 461
2651 451
2652 451
2652 450
2653 450
2653 447
2654 447
2654 444
2655 444
2655 443
2656 443
2656 442
2660 442
2660 441
2663 441
2663 440
2668 440
2668 437
2669 437
2669 436
2671 436
2671 435
2673 435
2673 433
2674 433
2674 431
2675 431
2675 430
2676 430
2676 428
2677 428
2677 420
2676 420
2676 411
2677 411
2677 408
2678 408
2678 407
2679 407
2679 406
2680 406
2680 405
2681 405
2681 404
2682 404
2682 402
2684 402
2684 403
2696 403
2696 402
2708 402
2708 401
2713 401
2713 400
2720 400
2720 399
2723 399
2723 398
2727 398
2727 397
2730 397
2730 396
2731 396
2731 395
2735 395
2735 394
2737 394
2737 392
2738 392
2738 373
2739 373
2739 347
2740 347
2740 319
2741 319
2741 317
2742 317
2742 316
2743 316
2743 315
2744 315
2744 314
2746 314
2746 313
2749 313
2749 312
2750 312
2750 311
2752 311
2752 310
2754 310
2754 309
2757 309
2757 308
2758 308
2758 307
2827 307
2827 306
2833 306
2833 305
2840 305
2840 304
2844 304
2844 303
2851 303
2851 302
2860 302
2860 301
2862 301
2862 300
2881 300
2881 301
2862 301
2862 302
2860 302
2860 303
2851 303
2851 304
2844 304
2844 305
2840 305
2840 306
2833 306
2833 307
2827 307
2827 308
2758 308
2758 309
2757 309
2757 310
2754 310
2754 311
2752 311
2752 312
2750 312
2750 313
2749 313
2749 314
2746 314
2746 315
2744 315
2744 316
2743 316
2743 317
2742 317
2742 319
2741 319
2741 347
2740 347
2740 373
2739 373
2739 392
2738 392
2738 394
2737 394
2737 395
2735 395
2735 396
2731 396
2731 397
2730 397
2730 398
2727 398
2727 399
2723 399
2723 400
2720 400
2720 401
2713 401
2713 402
2708 402
2708 403
2696 403
2696 404
2684 404
2684 403
2683 403
2683 404
2682 404
2682 405
2681 405
2681 406
2680 406
2680 407
2679 407
2679 408
2678 408
2678 411
2677 411
2677 420
2678 420
2678 428
2677 428
2677 430
2676 430
2676 431
2675 431
2675 433
2674 433
2674 435
2673 435
2673 436
2671 436
2671 437
2669 437
2669 440
2668 440
2668 441
2663 441
2663 442
2660 442
2660 443
2656 443
2656 444
2655 444
2655 447
2654 447
2654 450
2653 450
2653 451
2652 451
2652 461
2653 461
2653 471
2652 471
2652 476
2651 476
2651 477
2650 477
2650 479
2649 479
2649 480
2648 480
2648 481
2647 481
2647 482
2645 482
2645 483
2643 483
2643 484
2642 484
2642 485
2641 485
2641 486
2640 486
2640 487
2639 487
2639 488
2638 488
2638 489
2637 489
2637 490
2636 490
2636 491
2635 491
2635 492
2634 492
2634 493
2633 493
2633 495
2632 495
2632 497
2631 497
2631 498
2630 498
2630 501
2629 501
2629 502
2628 502
2628 504
2627 504
2627 505
2626 505
2626 506
2625 506
2625 508
2624 508
2624 509
2623 509
2623 510
2622 510
2622 511
2621 511
2621 512
2620 512
2620 513
2619 513
2619 515
2618 515
2618 518
2617 518
2617 520
2616 520
2616 523
2615 523
2615 525
2614 525
2614 528
2613 528
2613 529
2612 529
2612 531
2611 531
2611 532
2610 532
2610 533
2608 533
2608 534
2606 534
2606 535
2605 535
2605 536
2604 536
2604 539
2603 539
2603 545
2602 545
2602 546
2603 546
2603 562
2602 562
2602 566
2601 566
2601 570
2600 570
2600 575
2599 575
2599 576
2598 576
2598 581
2597 581
2597 582
2596 582
2596 583
2595 583
2595 584
2594 584
2594 586
2593 586
2593 587
2592 587
2592 588
2591 588
2591 589
2588 589
2588 590
2584 590
2584 591
2581 591
2581 592
2579 592
2579 593
2578 593
2578 594
2576 594
2576 596
2575 596
2575 598
2574 598
2574 599
2573 599
2573 600
2572 600
2572 601
2571 601
2571 602
2569 602
2569 603
2568 603
2568 604
2567 604
2567 605
2566 605
2566 606
2563 606
2563 607
2562 607
2562 608
2561 608
2561 609
2560 609
2560 610
2556 610
2556 611
2552 611
2552 613
2551 613
2551 615
2550 615
2550 628
2549 628
2549 636
2550 636
2550 656
2549 656
2549 657
2548 657
2548 658
2547 658
2547 659
2545 659
2545 660
2544 660
2544 661
2543 661
2543 662
2542 662
2542 663
2541 663
2541 664
2540 664
2540 665
2539 665
2539 667
2538 667
2538 674
2537 674
2537 677
2536 677
2536 679
2535 679
2535 680
2534 680
2534 681
2531 681
2531 682
2530 682
2530 683
2529 683
2529 684
2527 684
2527 685
2526 685
2526 686
2525 686
2525 688
2524 688
2524 691
2523 691
2523 700
2522 700
2522 702
2521 702
2521 704
2520 704
2520 706
2519 706
2519 707
2518 707
2518 708
2517 708
2517 709
2515 709
2515 710
2514 710
2514 711
2513 711
2513 712
2510 712
2510 713
2508 713
2508 714
2506 714
2506 715
2504 715
2504 716
2500 716
2500 717
2499 717
2499 718
2496 718
2496 719
2492 719
2492 720
2487 720
2487 719
2482 719
2482 718
2479 718
2479 717
2475 717
2475 716
2474 716
2474 715
2466 715
2466 716
2465 716
2465 722
2464 722
2464 733
2463 733
2463 737
2462 737
2462 739
2461 739
2461 741
2460 741
2460 742
2458 742
2458 743
2457 743
2457 744
2456 744
2456 745
2454 745
2454 746
2450 746
2450 747
2446 747
2446 748
2442 748
2442 749
2434 749
2434 750
2430 750
2430 751
2428 751
2428 752
2425 752
2425 753
2424 753
2424 754
2423 754
2423 755
2422 755
2422 756
2420 756
2420 757
2419 757
2419 758
2418 758
2418 759
2417 759
2417 760
2415 760
2415 761
2413 761
2413 762
2411 762
2411 763
2409 763
2409 764
2408 764
2408 765
2406 765
2406 766
2405 766
2405 767
2404 767
2404 771
2403 771
2403 775
2402 775
2402 777
2401 777
2401 778
2399 778
2399 779
2396 779
2396 780
2391 780
2391 781
2388 781
2388 782
2386 782
2386 783
2383 783
2383 784
2371 784
2371 785
2368 785
2368 786
2366 786
2366 787
2364 787
2364 788
2362 788
2362 789
2361 789
2361 790
2359 790
2359 791
2358 791
2358 792
2357 792
2357 793
2356 793
2356 794
2349 794
2349 795
2347 795
2347 796
2346 796
2346 797
2343 797
2343 798
2342 798
2342 799
2341 799
2341 815
2340 815
2340 817
2339 817
2339 819
2338 819
2338 820
2337 820
2337 821
2335 821
2335 822
2333 822
2333 823
2331 823
2331 824
2328 824
2328 825
2326 825
2326 826
2325 826
2325 827
2324 827
2324 828
2323 828
2323 829
2321 829
2321 830
2318 830
2318 831
2316 831
2316 842
2315 842
2315 843
2314 843
2314 844
2313 844
2313 845
2311 845
2311 846
2310 846
2310 847
2308 847
2308 848
2299 848
2299 849
2295 849
2295 850
2293 850
2293 851
2290 851
2290 852
2284 852
2284 853
2280 853
2280 854
2278 854
2278 855
2277 855
2277 856
2276 856
2276 858
2275 858
2275 860
2274 860
2274 861
2272 861
2272 862
2269 862
2269 863
2266 863
2266 864
2262 864
2262 865
2260 865
2260 866
2258 866
2258 867
2253 867
2253 868
2251 868
2251 869
2250 869
2250 870
2249 870
2249 871
2244 871
2244 872
2242 872
2242 873
2240 873
2240 874
2238 874
2238 875
2233 875
2233 876
2227 876
2227 875
2222 875
2222 876
2219 876
2219 877
2217 877
2217 878
2214 878
2214 879
2213 879
2213 881
2212 881
2212 884
2211 884
2211 894
2210 894
2210 895
2209 895
2209 896
2204 896
2204 897
2201 897
2201 898
2200 898
2200 899
2199 899
2199 900
2198 900
2198 903
2197 903
2197 910
2196 910
2196 913
2195 913
2195 918
2194 918
2194 939
2193 939
2193 940
2192 940
2192 941
2191 941
2191 942
2190 942
2190 944
2189 944
2189 946
2188 946
2188 947
2185 947
2185 948
2183 948
2183 949
2181 949
2181 950
2179 950
2179 951
2176 951
2176 952
2174 952
2174 953
2172 953
2172 954
2170 954
2170 955
2167 955
2167 956
2164 956
2164 957
2161 957
2161 958
2160 958
2160 959
2157 959
2157 960
2155 960
2155 961
2154 961
2154 962
2151 962
2151 963
2150 963
2150 964
2148 964
2148 965
2146 965
2146 966
2144 966
2144 967
2142 967
2142 968
2141 968
2141 969
2135 969
2135 970
2132 970
2132 971
2130 971
2130 972
2128 972
2128 973
2125 973
2125 974
2124 974
2124 975
2123 975
2123 976
2121 976
2121 977
2120 977
2120 978
2118 978
2118 979
2117 979
2117 980
2116 980
2116 981
2115 981
2115 982
2114 982
2114 983
2113 983
2113 984
2111 984
2111 985
2110 985
2110 986
2108 986
2108 987
2107 987
2107 988
2106 988
2106 989
2103 989
2103 990
2101 990
2101 991
2098 991
2098 992
2097 992
2097 993
2096 993
2096 994
2095 994
2095 995
2093 995
2093 996
2092 996
2092 997
2091 997
2091 998
2089 998
2089 999
2088 999
2088 1000
2084 1000
2084 1001
2082 1001
2082 1002
2080 1002
2080 1003
2078 1003
2078 1004
2077 1004
2077 1006
2076 1006
2076 1007
2075 1007
2075 1009
2074 1009
2074 1010
2073 1010
2073 1011
2072 1011
2072 1012
2071 1012
2071 1013
2070 1013
2070 1014
2068 1014
2068 1015
2065 1015
2065 1017
2064 1017
2064 1018
2061 1018
2061 1019
2060 1019
2060 1018
2054 1018
2054 1017
2047 1017
2047 1018
2041 1018
2041 1019
2037 1019
2037 1020
2036 1020
2036 1021
2034 1021
2034 1022
2033 1022
2033 1023
2031 1023
2031 1024
2029 1024
2029 1025
2027 1025
2027 1026
2025 1026
2025 1027
2021 1027
2021 1026
2000 1026
2000 1027
1993 1027
1993 1028
1990 1028
1990 1029
1988 1029
1988 1030
1985 1030
1985 1031
1983 1031
1983 1032
1980 1032
1980 1033
1977 1033
1977 1034
1975 1034
1975 1035
1973 1035
1973 1036
1971 1036
1971 1037
1970 1037
1970 1038
1969 1038
1969 1039
1968 1039
1968 1040
1967 1040
1967 1041
1966 1041
1966 1042
1965 1042
1965 1043
1964 1043
1964 1044
1963 1044
1963 1045
1960 1045
1960 1046
1954 1046
1954 1047
1950 1047
1950 1048
1949 1048
1949 1049
1948 1049
1948 1050
1945 1050
1945 1051
1944 1051
1944 1052
1942 1052
1942 1053
1941 1053
1941 1054
1939 1054
1939 1055
1937 1055
1937 1056
1936 1056
1936 1057
1934 1057
1934 1058
1933 1058
1933 1060
1932 1060
1932 1061
1931 1061
1931 1062
1927 1062
1927 1063
1926 1063
1926 1064
1924 1064
1924 1065
1907 1065
1907 1064
1905 1064
1905 1063
1903 1063
1903 1062
1899 1062
1899 1061
1898 1061
1898 1060
1893 1060
1893 1061
1891 1061
1891 1063
1890 1063
1890 1065
1889 1065
1889 1092
1888 1092
1888 1093
1887 1093
1887 1099
1888 1099
1888 1102
1889 1102
1889 1116
1888 1116
1888 1119
1887 1119
1887 1121
1886 1121
1886 1123
1885 1123
1885 1124
1884 1124
1884 1125
1883 1125
1883 1126
1882 1126
1882 1127
1881 1127
1881 1128
1873 1128
1873 1127
1872 1127
1872 1126
1869 1126
1869 1125
1866 1125
1866 1124
1865 1124
1865 1123
1864 1123
1864 1122
1861 1122
1861 1121
1839 1121
1839 1120
1837 1120
1837 1119
1832 1119
1832 1118
1826 1118
1826 1119
1821 1119
1821 1120
1817 1120
1817 1121
1813 1121
1813 1122
1806 1122
1806 1121
1803 1121
1803 1120
1801 1120
1801 1119
1797 1119
1797 1118
1795 1118
1795 1117
1794 1117
1794 1116
1793 1116
1793 1115
1792 1115
1792 1114
1791 1114
1791 1112
1790 1112
1790 1108
1789 1108
1789 1106
1788 1106
1788 1105
1787 1105
1787 1104
1785 1104
1785 1103
1783 1103
1783 1102
1781 1102
1781 1101
1780 1101
1780 1100
1779 1100
1779 1099
1778 1099
1778 1098
1777 1098
1777 1097
1776 1097
1776 1086
1775 1086
1775 1084
1774 1084
1774 1083
1773 1083
1773 1082
1772 1082
1772 1080
1771 1080
1771 1076
1770 1076
1770 1074
1769 1074
1769 1072
1768 1072
1768 1071
1767 1071
1767 1070
1764 1070
1764 1069
1761 1069
1761 1070
1759 1070
1759 1072
1758 1072
1758 1074
1757 1074
1757 1075
1756 1075
1756 1076
1755 1076
1755 1077
1754 1077
1754 1078
1752 1078
1752 1079
1744 1079
1744 1078
1741 1078
1741 1077
1740 1077
1740 1076
1739 1076
1739 1075
1735 1075
1735 1074
1729 1074
1729 1075
1723 1075
1723 1076
1721 1076
1721 1077
1719 1077
1719 1078
1718 1078
1718 1079
1716 1079
1716 1080
1713 1080
1713 1082
1712 1082
1712 1083
1711 1083
1711 1084
1708 1084
1708 1085
1704 1085
1704 1086
1701 1086
1701 1087
1692 1087
1692 1086
1689 1086
1689 1085
1688 1085
1688 1084
1687 1084
1687 1083
1686 1083
1686 1082
1685 1082
1685 1081
1684 1081
1684 1080
1683 1080
1683 1079
1682 1079
1682 1078
1681 1078
1681 1077
1680 1077
1680 1076
1674 1076
1674 1075
1672 1075
1672 1074
1671 1074
1671 1073
1670 1073
1670 1072
1669 1072
1669 1071
1668 1071
1668 1070
1667 1070
1667 1069
1666 1069
1666 1068
1664 1068
1664 1067
1659 1067
1659 1066
1652 1066
1652 1065
1651 1065
1651 1064
1650 1064
1650 1063
1649 1063
1649 1061
1648 1061
1648 1057
1647 1057
1647 1055
1646 1055
1646 1054
1645 1054
1645 1053
1637 1053
1637 1052
1636 1052
1636 1051
1635 1051
1635 1048
1634 1048
1634 1045
1633 1045
1633 1041
1632 1041
1632 1039
1631 1039
1631 1035
1630 1035
1630 1031
1629 1031
1629 1028
1628 1028
1628 1027
1627 1027
1627 1025
1626 1025
1626 1024
1625 1024
1625 1023
1624 1023
1624 1021
1623 1021
1623 1020
1622 1020
1622 1019
1621 1019
1621 1018
1620 1018
1620 1016
1619 1016
1619 1014
1618 1014
1618 1012
1617 1012
1617 1011
1616 1011
1616 1008
1615 1008
1615 1006
1614 1006
1614 1005
1613 1005
1613 1004
1612 1004
1612 1003
1597 1003
1597 1002
1596 1002
1596 1001
1595 1001
1595 1000
1594 1000
1594 999
1593 999
1593 998
1592 998
1592 995
1591 995
1591 992
1590 992
1590 988
1589 988
1589 986
1588 986
1588 983
1585 983
1585 982
1583 982
1583 981
1571 981
1571 982
1569 982
1569 988
1570 988
1570 995
1569 995
1569 996
1568 996
1568 997
1567 997
1567 998
1566 998
1566 999
1564 999
1564 1000
1549 1000
1549 999
1547 999
1547 998
1546 998
1546 997
1545 997
1545 996
1544 996
1544 995
1543 995
1543 993
1542 993
1542 992
1541 992
1541 991
1540 991
1540 989
1539 989
1539 987
1538 987
1538 986
1537 986
1537 984
1536 984
1536 983
1535 983
1535 981
1534 981
1534 980
1533 980
1533 979
1532 979
1532 977
1531 977
1531 968
1530 968
1530 964
1529 964
1529 962
1528 962
1528 960
1527 960
1527 958
1525 958
1525 957
1523 957
1523 956
1521 956
1521 955
1520 955
1520 954
1518 954
1518 953
1516 953
1516 952
1515 952
1515 951
1514 951
1514 950
1512 950
1512 949
1510 949
1510 948
1507 948
1507 947
1504 947
1504 946
1502 946
1502 945
1501 945
1501 944
1499 944
1499 943
1497 943
1497 942
1496 942
1496 941
1495 941
1495 939
1494 939
1494 932
1493 932
1493 927
1492 927
1492 925
1491 925
1491 922
1490 922
1490 921
1489 921
1489 920
1488 920
1488 919
1487 919
1487 918
1486 918
1486 917
1485 917
1485 916
1484 916
1484 915
1482 915
1482 914
1481 914
1481 913
1480 913
1480 912
1479 912
1479 911
1478 911
1478 910
1477 910
1477 909
1476 909
1476 905
1477 905
1477 894
1476 894
1476 893
1474 893
1474 892
1471 892
1471 891
1469 891
1469 890
1465 890
1465 889
1464 889
1464 888
1463 888
1463 887
1447 887
1447 888
1442 888
1442 889
1440 889
1440 890
1439 890
1439 891
1437 891
1437 892
1436 892
1436 893
1434 893
1434 894
1433 894
1433 895
1431 895
1431 896
1430 896
1430 897
1429 897
1429 898
1428 898
1428 899
1426 899
1426 900
1425 900
1425 901
1421 901
1421 900
1419 900
1419 899
1417 899
1417 898
1416 898
1416 897
1415 897
1415 896
1411 896
1411 895
1405 895
1405 896
1399 896
1399 897
1395 897
1395 898
1393 898
1393 899
1388 899
1388 900
1387 900
1387 901
1385 901
1385 902
1375 902
1375 901
1374 901
1374 900
1373 900
1373 899
1372 899
1372 898
1371 898
1371 897
1370 897
1370 896
1369 896
1369 895
1368 895
1368 893
1367 893
1367 892
1366 892
1366 888
1365 888
1365 886
1364 886
1364 884
1363 884
1363 883
1362 883
1362 881
1361 881
1361 879
1360 879
1360 878
1358 878
1358 877
1357 877
1357 876
1356 876
1356 875
1354 875
1354 874
1350 874
1350 873
1349 873
1349 872
1348 872
1348 871
1347 871
1347 862
1348 862
1348 854
1347 854
1347 853
1346 853
1346 852
1345 852
1345 851
1343 851
1343 850
1341 850
1341 849
1340 849
1340 848
1339 848
1339 847
1338 847
1338 846
1337 846
1337 845
1336 845
1336 844
1333 844
1333 843
1332 843
1332 842
1330 842
1330 841
1329 841
1329 839
1328 839
1328 837
1327 837
1327 836
1326 836
1326 834
1325 834
1325 832
1324 832
1324 831
1323 831
1323 830
1322 830
1322 827
1321 827
1321 826
1320 826
1320 824
1319 824
1319 822
1318 822
1318 820
1317 820
1317 819
1316 819
1316 817
1315 817
1315 816
1314 816
1314 815
1313 815
1313 814
1311 814
1311 813
1310 813
1310 812
1309 812
1309 811
1308 811
1308 810
1306 810
1306 809
1305 809
1305 808
1300 808
1300 807
1296 807
1296 806
1294 806
1294 805
1292 805
1292 804
1291 804
1291 803
1290 803
1290 802
1289 802
1289 801
1288 801
1288 800
1287 800
1287 799
1286 799
1286 798
1285 798
1285 796
1284 796
1284 795
1283 795
1283 794
1281 794
1281 793
1280 793
1280 791
1279 791
1279 790
1278 790
1278 788
1277 788
1277 786
1276 786
1276 782
1275 782
1275 780
1274 780
1274 768
1273 768
1273 766
1272 766
1272 758
1271 758
1271 751
1270 751
1270 743
1269 743
1269 739
1268 739
1268 733
1267 733
1267 729
1266 729
1266 725
1265 725
1265 722
1264 722
1264 721
1263 721
1263 720
1262 720
1262 719
1261 719
1261 718
1260 718
1260 717
1259 717
1259 716
1258 716
1258 715
1257 715
1257 714
1256 714
1256 713
1255 713
1255 712
1254 712
1254 711
1253 711
1253 709
1252 709
1252 708
1251 708
1251 705
1250 705
1250 699
1249 699
1249 698
1248 698
1248 697
1247 697
1247 695
1246 695
1246 694
1244 694
1244 693
1243 693
1243 692
1242 692
1242 691
1240 691
1240 690
1238 690
1238 689
1236 689
1236 688
1233 688
1233 687
1232 687
1232 686
1231 686
1231 685
1230 685
1230 684
1229 684
1229 683
1228 683
1228 682
1225 682
1225 681
1223 681
1223 680
1222 680
1222 679
1221 679
1221 675
1219 675
1219 674
1217 674
1217 673
1216 673
1216 671
1215 671
1215 670
1214 670
1214 667
1213 667
1213 665
1212 665
1212 662
1211 662
1211 660
1210 660
1210 658
1209 658
1209 657
1208 657
1208 656
1207 656
1207 655
1206 655
1206 654
1205 654
1205 653
1204 653
1204 652
1203 652
1203 651
1202 651
1202 650
1199 650
1199 649
1198 649
1198 648
1196 648
1196 647
1194 647
1194 646
1193 646
1193 645
1192 645
1192 644
1191 644
1191 643
1190 643
1190 641
1189 641
1189 638
1188 638
1188 635
1187 635
1187 629
1186 629
1186 613
1185 613
1185 612
1184 612
1184 609
1183 609
1183 606
1182 606
1182 605
1181 605
1181 604
1180 604
1180 603
1178 603
1178 602
1176 602
1176 601
1175 601
1175 600
1174 600
1174 599
1173 599
1173 597
1172 597
1172 595
1171 595
1171 589
1170 589
1170 586
1169 586
1169 585
1166 585
1166 584
1165 584
1165 583
1162 583
1162 582
1161 582
1161 581
1160 581
1160 579
1159 579
1159 577
1158 577
1158 576
1157 576
1157 575
1156 575
1156 569
1155 569
1155 560
1154 560
1154 555
1153 555
1153 545
1152 545
1152 528
1151 528
1151 518
1150 518
1150 507
1149 507
1149 502
1148 502
1148 493
1147 493
1147 485
1146 485
1146 475
1145 475
1145 459
1144 459
1144 456
1143 456
1143 451
1142 451
1142 448
1141 448
1141 439
1140 439
1140 431
1139 431
1139 428
1138 428
1138 426
1137 426
1137 424
1136 424
1136 423
1135 423
1135 422
1134 422
1134 421
1133 421
1133 419
1132 419
1132 418
1131 418
1131 416
1130 416
1130 415
1129 415
1129 414
1128 414
1128 411
1127 411
1127 404
1126 404
1126 397
1125 397
1125 395
1124 395
1124 393
1123 393
1123 390
1121 390
1121 389
1120 389
1120 388
1119 388
1119 387
1117 387
1117 386
1116 386
1116 385
1115 385
1115 384
1114 384
1114 382
1113 382
1113 378
1112 378
1112 376
1111 376
1111 366
1110 366
1110 361
1109 361
1109 360
1108 360
1108 359
1107 359
1107 358
1105 358
1105 357
1101 357
1101 356
1095 356
1095 355
1091 355
1091 354
1090 354
1090 353
1089 353
1089 351
1088 351
1088 349
1087 349
1087 348
1086 348
1086 346
1085 346
1085 342
1084 342
1084 341
1083 341
1083 338
1082 338
1082 337
1079 337
1079 338
1075 338
1075 339
1073 339
1073 340
1069 340
1069 341
1066 341
1066 342
1063 342
1063 343
1061 343
1061 344
1057 344
1057 345
1054 345
1054 346
1052 346
1052 347
1049 347
1049 348
1044 348
1044 349
1039 349
1039 350
1034 350
1034 351
1029 351
1029 350
1019 350
1019 349
1009 349
1009 350
1005 350
1005 351
1004 351
1004 352
1003 352
1003 354
1002 354
1002 355
1001 355
1001 354
1002 354
1002 352
1003 352
1003 351
1004 351
1004 350
1005 350
1005 349
1009 349
1009 348
1019 348
1019 349
1029 349
1029 350
1034 350
1034 349
1039 349
1039 348
1044 348
1044 347
1049 347
1049 346
1052 346
1052 345
1054 345
1054 344
1057 344
1057 343
1061 343
1061 342
1063 342
1063 341
1066 341
1066 340
1069 340
1069 339
1073 339
1073 338
1075 338
1075 337
1079 337
1079 336
1082 336
1082 337
1083 337
1083 338
1084 338
1084 341
1085 341
1085 342
1086 342
1086 346
1087 346
1087 348
1088 348
1088 349
1089 349
1089 351
1090 351
1090 353
1091 353
1091 354
1095 354
1095 355
1101 355
1101 356
1105 356
1105 357
1107 357
1107 358
1108 358
1108 359
1109 359
1109 360
1110 360
1110 361
1111 361
1111 366
1112 366
1112 376
1113 376
1113 378
1114 378
1114 382
1115 382
1115 384
1116 384
1116 385
1117 385
1117 386
1119 386
1119 387
1120 387
1120 388
1121 388
1121 389
1123 389
1123 390
1124 390
1124 393
1125 393
1125 395
1126 395
1126 397
1127 397
1127 404
1128 404
1128 411
1129 411
1129 414
1130 414
1130 415
1131 415
1131 416
1132 416
1132 418
1133 418
1133 419
1134 419
1134 421
1135 421
1135 422
1136 422
1136 423
1137 423
1137 424
1138 424
1138 426
1139 426
1139 428
1140 428
1140 431
1141 431
1141 439
1142 439
1142 448
1143 448
1143 451
1144 451
1144 456
1145 456
1145 459
1146 459
1146 475
1147 475
1147 485
1148 485
1148 493
1149 493
1149 502
1150 502
1150 507
1151 507
1151 518
1152 518
1152 528
1153 528
1153 545
1154 545
1154 555
1155 555
1155 560
1156 560
1156 569
1157 569
1157 575
1158 575
1158 576
1159 576
1159 577
1160 577
1160 579
1161 579
1161 581
1162 581
1162 582
1165 582
1165 583
1166 583
1166 584
1169 584
1169 585
1170 585
1170 586
1171 586
1171 589
1172 589
1172 595
1173 595
1173 597
1174 597
1174 599
1175 599
1175 600
1176 600
1176 601
1178 601
1178 602
1180 602
1180 603
1181 603
1181 604
1182 604
1182 605
1183 605
1183 606
1184 606
1184 609
1185 609
1185 612
1186 612
1186 613
1187 613
1187 629
1188 629
1188 635
1189 635
1189 638
1190 638
1190 641
1191 641
1191 643
1192 643
1192 644
1193 644
1193 645
1194 645
1194 646
1196 646
1196 647
1198 647
1198 648
1199 648
1199 649
1202 649
1202 650
1203 650
1203 651
1204 651
1204 652
1205 652
1205 653
1206 653
1206 654
1207 654
1207 655
1208 655
1208 656
1209 656
1209 657
1210 657
1210 658
1211 658
1211 660
1212 660
1212 662
1213 662
1213 665
1214 665
1214 667
1215 667
1215 670
1216 670
1216 671
1217 671
1217 673
1219 673
1219 674
1221 674
1221 675
1222 675
1222 679
1223 679
1223 680
1225 680
1225 681
1228 681
1228 682
1229 682
1229 683
1230 683
1230 684
1231 684
1231 685
1232 685
1232 686
1233 686
1233 687
1236 687
1236 688
1238 688
1238 689
1240 689
1240 690
1242 690
1242 691
1243 691
1243 692
1244 692
1244 693
1246 693
1246 694
1247 694
1247 695
1248 695
1248 697
1249 697
1249 698
1250 698
1250 699
1251 699
1251 705
1252 705
1252 708
1253 708
1253 709
1254 709
1254 711
1255 711
1255 712
1256 712
1256 713
1257 713
1257 714
1258 714
1258 715
1259 715
1259 716
1260 716
1260 717
1261 717
1261 718
1262 718
1262 719
1263 719
1263 720
1264 720
1264 721
1265 721
1265 722
1266 722
1266 725
1267 725
1267 729
1268 729
1268 733
1269 733
1269 739
1270 739
1270 743
1271 743
1271 751
1272 751
1272 758
1273 758
1273 766
1274 766
1274 768
1275 768
1275 780
1276 780
1276 782
1277 782
1277 786
1278 786
1278 788
1279 788
1279 790
1280 790
1280 791
1281 791
1281 793
1283 793
1283 794
1284 794
1284 795
1285 795
1285 796
1286 796
1286 798
1287 798
1287 799
1288 799
1288 800
1289 800
1289 801
1290 801
1290 802
1291 802
1291 803
1292 803
1292 804
1294 804
1294 805
1296 805
1296 806
1300 806
1300 807
1305 807
1305 808
1306 808
1306 809
1308 809
1308 810
1309 810
1309 811
1310 811
1310 812
1311 812
1311 813
1313 813
1313 814
1314 814
1314 815
1315 815
1315 816
1316 816
1316 817
1317 817
1317 819
1318 819
1318 820
1319 820
1319 822
1320 822
1320 824
1321 824
1321 826
1322 826
1322 827
1323 827
1323 830
1324 830
1324 831
1325 831
1325 832
1326 832
1326 834
1327 834
1327 836
1328 836
1328 837
1329 837
1329 839
1330 839
1330 841
1332 841
1332 842
1333 842
1333 843
1336 843
1336 844
1337 844
1337 845
1338 845
1338 846
1339 846
1339 847
1340 847
1340 848
1341 848
1341 849
1343 849
1343 850
1345 850
1345 851
1346 851
1346 852
1347 852
1347 853
1348 853
1348 854
1349 854
1349 862
1348 862
1348 871
1349 871
1349 872
1350 872
1350 873
1354 873
1354 874
1356 874
1356 875
1357 875
1357 876
1358 876
1358 877
1360 877
1360 878
1361 878
1361 879
1362 879
1362 881
1363 881
1363 883
1364 883
1364 884
1365 884
1365 886
1366 886
1366 888
1367 888
1367 892
1368 892
1368 893
1369 893
1369 895
1370 895
1370 896
1371 896
1371 897
1372 897
1372 898
1373 898
1373 899
1374 899
1374 900
1375 900
1375 901
1385 901
1385 900
1387 900
1387 899
1388 899
1388 898
1393 898
1393 897
1395 897
1395 896
1399 896
1399 895
1405 895
1405 894
1411 894
1411 895
1415 895
1415 896
1416 896
1416 897
1417 897
1417 898
1419 898
1419 899
1421 899
1421 900
1425 900
1425 899
1426 899
1426 898
1428 898
1428 897
1429 897
1429 896
1430 896
1430 895
1431 895
1431 894
1433 894
1433 893
1434 893
1434 892
1436 892
1436 891
1437 891
1437 890
1439 890
1439 889
1440 889
1440 888
1442 888
1442 887
1447 887
1447 886
1463 886
1463 887
1464 887
1464 888
1465 888
1465 889
1469 889
1469 890
1471 890
1471 891
1474 891
1474 892
1476 892
1476 893
1477 893
1477 894
1478 894
1478 905
1477 905
1477 909
1478 909
1478 910
1479 910
1479 911
1480 911
1480 912
1481 912
1481 913
1482 913
1482 914
1484 914
1484 915
1485 915
1485 916
1486 916
1486 917
1487 917
1487 918
1488 918
1488 919
1489 919
1489 920
1490 920
1490 921
1491 921
1491 922
1492 922
1492 925
1493 925
1493 927
1494 927
1494 932
1495 932
1495 939
1496 939
1496 941
1497 941
1497 942
1499 942
1499 943
1501 943
1501 944
1502 944
1502 945
1504 945
1504 946
1507 946
1507 947
1510 947
1510 948
1512 948
1512 949
1514 949
1514 950
1515 950
1515 951
1516 951
1516 952
1518 952
1518 953
1520 953
1520 954
1521 954
1521 955
1523 955
1523 956
1525 956
1525 957
1527 957
1527 958
1528 958
1528 960
1529 960
1529 962
1530 962
1530 964
1531 964
1531 968
1532 968
1532 977
1533 977
1533 979
1534 979
1534 980
1535 980
1535 981
1536 981
1536 983
1537 983
1537 984
1538 984
1538 986
1539 986
1539 987
1540 987
1540 989
1541 989
1541 991
1542 991
1542 992
1543 992
1543 993
1544 993
1544 995
1545 995
1545 996
1546 996
1546 997
1547 997
1547 998
1549 998
1549 999
1564 999
1564 998
1566 998
1566 997
1567 997
1567 996
1568 996
1568 995
1569 995
1569 988
1568 988
1568 982
1569 982
1569 981
1571 981
1571 980
1583 980
1583 981
1585 981
1585 982
1588 982
1588 983
1589 983
1589 986
1590 986
1590 988
1591 988
1591 992
1592 992
1592 995
1593 995
1593 998
1594 998
1594 999
1595 999
1595 1000
1596 1000
1596 1001
1597 1001
1597 1002
1612 1002
1612 1003
1613 1003
1613 1004
1614 1004
1614 1005
1615 1005
1615 1006
1616 1006
1616 1008
1617 1008
1617 1011
1618 1011
1618 1012
1619 1012
1619 1014
1620 1014
1620 1016
1621 1016
1621 1018
1622 1018
1622 1019
1623 1019
1623 1020
1624 1020
1624 1021
1625 1021
1625 1023
1626 1023
1626 1024
1627 1024
1627 1025
1628 1025
1628 1027
1629 1027
1629 1028
1630 1028
1630 1031
1631 1031
1631 1035
1632 1035
1632 1039
1633 1039
1633 1041
1634 1041
1634 1045
1635 1045
1635 1048
1636 1048
1636 1051
1637 1051
1637 1052
1645 1052
1645 1053
1646 1053
1646 1054
1647 1054
1647 1055
1648 1055
1648 1057
1649 1057
1649 1061
1650 1061
1650 1063
1651 1063
1651 1064
1652 1064
1652 1065
1659 1065
1659 1066
1664 1066
1664 1067
1666 1067
1666 1068
1667 1068
1667 1069
1668 1069
1668 1070
1669 1070
1669 1071
1670 1071
1670 1072
1671 1072
1671 1073
1672 1073
1672 1074
1674 1074
1674 1075
1680 1075
1680 1076
1681 1076
1681 1077
1682 1077
1682 1078
1683 1078
1683 1079
1684 1079
1684 1080
1685 1080
1685 1081
1686 1081
1686 1082
1687 1082
1687 1083
1688 1083
1688 1084
1689 1084
1689 1085
1692 1085
1692 1086
1701 1086
1701 1085
1704 1085
1704 1084
1708 1084
1708 1083
1711 1083
1711 1082
1712 1082
1712 1080
1713 1080
1713 1079
1716 1079
1716 1078
1718 1078
1718 1077
1719 1077
1719 1076
1721 1076
1721 1075
1723 1075
1723 1074
1729 1074
1729 1073
1735 1073
1735 1074
1739 1074
1739 1075
1740 1075
1740 1076
1741 1076
1741 1077
1744 1077
1744 1078
1752 1078
1752 1077
1754 1077
1754 1076
1755 1076
1755 1075
1756 1075
1756 1074
1757 1074
1757 1072
1758 1072
1758 1070
1759 1070
1759 1069
1761 1069
1761 1068
1764 1068
1764 1069
1767 1069
1767 1070
1768 1070
1768 1071
1769 1071
1769 1072
1770 1072
1770 1074
1771 1074
1771 1076
1772 1076
1772 1080
1773 1080
1773 1082
1774 1082
1774 1083
1775 1083
1775 1084
1776 1084
1776 1086
1777 1086
1777 1097
1778 1097
1778 1098
1779 1098
1779 1099
1780 1099
1780 1100
1781 1100
1781 1101
1783 1101
1783 1102
1785 1102
1785 1103
1787 1103
1787 1104
1788 1104
1788 1105
1789 1105
1789 1106
1790 1106
1790 1108
1791 1108
1791 1112
1792 1112
1792 1114
1793 1114
1793 1115
1794 1115
1794 1116
1795 1116
1795 1117
1797 1117
1797 1118
1801 1118
1801 1119
1803 1119
1803 1120
1806 1120
1806 1121
1813 1121
1813 1120
1817 1120
1817 1119
1821 1119
1821 1118
1826 1118
1826 1117
1832 1117
1832 1118
1837 1118
1837 1119
1839 1119
1839 1120
1861 1120
1861 1121
1864 1121
1864 1122
1865 1122
1865 1123
1866 1123
1866 1124
1869 1124
1869 1125
1872 1125
1872 1126
1873 1126
1873 1127
1881 1127
1881 1126
1882 1126
1882 1125
1883 1125
1883 1124
1884 1124
1884 1123
1885 1123
1885 1121
1886 1121
1886 1119
1887 1119
1887 1116
1888 1116
1888 1102
1887 1102
1887 1099
1886 1099
1886 1093
1887 1093
1887 1092
1888 1092
1888 1065
1889 1065
1889 1063
1890 1063
1890 1061
1891 1061
1891 1060
1893 1060
1893 1059
1898 1059
1898 1060
1899 1060
1899 1061
1903 1061
1903 1062
1905 1062
1905 1063
1907 1063
1907 1064
1924 1064
1924 1063
1926 1063
1926 1062
1927 1062
1927 1061
1931 1061
1931 1060
1932 1060
1932 1058
1933 1058
1933 1057
1934 1057
1934 1056
1936 1056
1936 1055
1937 1055
1937 1054
1939 1054
1939 1053
1941 1053
1941 1052
1942 1052
1942 1051
1944 1051
1944 1050
1945 1050
1945 1049
1948 1049
1948 1048
1949 1048
1949 1047
1950 1047
1950 1046
1954 1046
1954 1045
1960 1045
1960 1044
1963 1044
1963 1043
1964 1043
1964 1042
1965 1042
1965 1041
1966 1041
1966 1040
1967 1040
1967 1039
1968 1039
1968 1038
1969 1038
1969 1037
1970 1037
1970 1036
1971 1036
1971 1035
1973 1035
1973 1034
1975 1034
1975 1033
1977 1033
1977 1032
1980 1032
1980 1031
1983 1031
1983 1030
1985 1030
1985 1029
1988 1029
1988 1028
1990 1028
1990 1027
1993 1027
1993 1026
2000 1026
2000 1025
2021 1025
2021 1026
2025 1026
2025 1025
2027 1025
2027 1024
2029 1024
2029 1023
2031 1023
2031 1022
2033 1022
2033 1021
2034 1021
2034 1020
2036 1020
2036 1019
2037 1019
2037 1018
2041 1018
2041 1017
2047 1017
2047 1016
2054 1016
