2919 172
2902 172
2902 171
2898 171
2898 170
2895 170
2895 169
2893 169
2893 168
2891 168
2891 167
2889 167
2889 166
2888 166
2888 165
2887 165
2887 164
2886 164
2886 163
2885 163
2885 162
2884 162
2884 161
2883 161
2883 160
2882 160
2882 159
2880 159
2880 158
2879 158
2879 157
2878 157
2878 156
2877 156
2877 154
2876 154
2876 152
2875 152
2875 151
2874 151
2874 149
2873 149
2873 148
2872 148
2872 147
2870 147
2870 146
2867 146
2867 145
2865 145
2865 144
2863 144
2863 143
2858 143
2858 142
2828 142
2828 143
2826 143
2826 148
2825 148
2825 155
2824 155
2824 159
2825 159
2825 170
2824 170
2824 172
2825 172
2825 177
2824 177
2824 186
2823 186
2823 189
2822 189
2822 195
2821 195
2821 204
2820 204
2820 209
2819 209
2819 211
2818 211
2818 213
2817 213
2817 214
2816 214
2816 216
2815 216
2815 218
2814 218
2814 255
2815 255
2815 276
2814 276
2814 283
2815 283
2815 287
2816 287
2816 294
2815 294
2815 298
2816 298
2816 308
2815 308
2815 310
2816 310
2816 318
2815 318
2815 320
2814 320
2814 323
2815 323
2815 330
2814 330
2814 333
2812 333
2812 337
2813 337
2813 338
2814 338
2814 353
2815 353
2815 363
2816 363
2816 364
2817 364
2817 372
2816 372
2816 378
2815 378
2815 381
2814 381
2814 382
2813 382
2813 384
2812 384
2812 385
2810 385
2810 386
2809 386
2809 387
2807 387
2807 388
2806 388
2806 389
2805 389
2805 390
2803 390
2803 391
2800 391
2800 392
2798 392
2798 393
2794 393
2794 394
2790 394
2790 395
2786 395
2786 396
2783 396
2783 397
2779 397
2779 398
2775 398
2775 399
2772 399
2772 398
2768 398
2768 397
2760 397
2760 398
2759 398
2759 399
2758 399
2758 401
2757 401
2757 402
2756 402
2756 404
2755 404
2755 406
2754 406
2754 407
2753 407
2753 408
2752 408
2752 409
2751 409
2751 410
2750 410
2750 411
2749 411
2749 412
2747 412
2747 413
2745 413
2745 414
2737 414
2737 415
2735 415
2735 416
2733 416
2733 417
2732 417
2732 418
2731 418
2731 419
2730 419
2730 422
2729 422
2729 424
2728 424
2728 425
2727 425
2727 427
2726 427
2726 428
2724 428
2724 429
2723 429
2723 430
2721 430
2721 431
2717 431
2717 432
2710 432
2710 431
2708 431
2708 430
2705 430
2705 429
2702 429
2702 428
2700 428
2700 427
2698 427
2698 426
2691 426
2691 425
2690 425
2690 424
2689 424
2689 423
2688 423
2688 422
2687 422
2687 421
2685 421
2685 420
2683 420
2683 419
2682 419
2682 418
2681 418
2681 417
2680 417
2680 416
2679 416
2679 415
2678 415
2678 414
2677 414
2677 413
2676 413
2676 412
2675 412
2675 411
2674 411
2674 410
2673 410
2673 409
2672 409
2672 407
2671 407
2671 406
2670 406
2670 404
2669 404
2669 402
2668 402
2668 400
2667 400
2667 399
2666 399
2666 398
2665 398
2665 396
2664 396
2664 395
2663 395
2663 394
2662 394
2662 391
2661 391
2661 387
2660 387
2660 386
2659 386
2659 385
2657 385
2657 384
2656 384
2656 383
2654 383
2654 382
2652 382
2652 381
2651 381
2651 378
2650 378
2650 377
2649 377
2649 375
2648 375
2648 371
2647 371
2647 370
2646 370
2646 367
2645 367
2645 366
2643 366
2643 365
2642 365
2642 364
2641 364
2641 363
2640 363
2640 362
2639 362
2639 361
2636 361
2636 360
2630 360
2630 359
2628 359
2628 358
2626 358
2626 357
2621 357
2621 356
2619 356
2619 355
2618 355
2618 354
2616 354
2616 353
2614 353
2614 352
2613 352
2613 351
2612 351
2612 350
2611 350
2611 349
2608 349
2608 348
2606 348
2606 347
2604 347
2604 346
2602 346
2602 345
2598 345
2598 344
2590 344
2590 345
2589 345
2589 346
2586 346
2586 347
2584 347
2584 348
2583 348
2583 349
2581 349
2581 367
2582 367
2582 376
2583 376
2583 384
2584 384
2584 394
2585 394
2585 452
2584 452
2584 455
2583 455
2583 456
2582 456
2582 459
2581 459
2581 460
2579 460
2579 461
2578 461
2578 464
2577 464
2577 465
2576 465
2576 466
2575 466
2575 467
2572 467
2572 468
2570 468
2570 469
2569 469
2569 470
2568 470
2568 471
2566 471
2566 472
2565 472
2565 473
2564 473
2564 474
2563 474
2563 476
2562 476
2562 477
2561 477
2561 478
2539 478
2539 479
2529 479
2529 480
2522 480
2522 481
2519 481
2519 482
2515 482
2515 481
2512 481
2512 480
2510 480
2510 479
2509 479
2509 478
2508 478
2508 477
2507 477
2507 476
2506 476
2506 475
2505 475
2505 474
2504 474
2504 473
2503 473
2503 472
2502 472
2502 470
2501 470
2501 468
2500 468
2500 467
2498 467
2498 466
2497 466
2497 465
2494 465
2494 464
2486 464
2486 465
2476 465
2476 466
2475 466
2475 465
2471 465
2471 464
2469 464
2469 463
2468 463
2468 462
2466 462
2466 461
2464 461
2464 460
2462 460
2462 459
2461 459
2461 458
2460 458
2460 457
2459 457
2459 455
2458 455
2458 454
2457 454
2457 453
2456 453
2456 452
2455 452
2455 451
2454 451
2454 450
2448 450
2448 451
2446 451
2446 454
2445 454
2445 458
2444 458
2444 460
2443 460
2443 461
2441 461
2441 462
2439 462
2439 463
2435 463
2435 464
2434 464
2434 474
2433 474
2433 477
2432 477
2432 478
2431 478
2431 479
2411 479
2411 478
2409 478
2409 477
2407 477
2407 476
2405 476
2405 475
2403 475
2403 474
2400 474
2400 473
2399 473
2399 472
2398 472
2398 471
2396 471
2396 470
2395 470
2395 469
2393 469
2393 468
2391 468
2391 467
2389 467
2389 466
2384 466
2384 465
2377 465
2377 466
2373 466
2373 467
2369 467
2369 468
2366 468
2366 469
2363 469
2363 470
2362 470
2362 472
2361 472
2361 479
2360 479
2360 482
2359 482
2359 483
2358 483
2358 484
2357 484
2357 485
2356 485
2356 486
2354 486
2354 487
2351 487
2351 488
2350 488
2350 508
2351 508
2351 516
2350 516
2350 519
2349 519
2349 521
2348 521
2348 522
2346 522
2346 523
2342 523
2342 524
2340 524
2340 525
2339 525
2339 532
2338 532
2338 540
2339 540
2339 566
2340 566
2340 582
2339 582
2339 585
2338 585
2338 588
2337 588
2337 589
2336 589
2336 590
2335 590
2335 592
2334 592
2334 593
2333 593
2333 594
2332 594
2332 595
2324 595
2324 594
2312 594
2312 593
2310 593
2310 592
2309 592
2309 591
2308 591
2308 590
2307 590
2307 589
2306 589
2306 587
2305 587
2305 585
2304 585
2304 580
2303 580
2303 566
2302 566
2302 565
2301 565
2301 564
2300 564
2300 562
2299 562
2299 560
2298 560
2298 559
2297 559
2297 557
2296 557
2296 556
2295 556
2295 555
2294 555
2294 554
2293 554
2293 553
2292 553
2292 552
2291 552
2291 550
2290 550
2290 547
2289 547
2289 539
2290 539
2290 535
2289 535
2289 523
2288 523
2288 518
2287 518
2287 517
2286 517
2286 516
2285 516
2285 515
2284 515
2284 514
2282 514
2282 513
2281 513
2281 510
2280 510
2280 508
2266 508
2266 509
2265 509
2265 508
2257 508
2257 507
2253 507
2253 506
2250 506
2250 505
2249 505
2249 504
2248 504
2248 503
2247 503
2247 502
2246 502
2246 501
2244 501
2244 500
2243 500
2243 499
2242 499
2242 498
2241 498
2241 497
2240 497
2240 496
2238 496
2238 495
2236 495
2236 494
2231 494
2231 495
2228 495
2228 496
2226 496
2226 497
2225 497
2225 498
2223 498
2223 499
2220 499
2220 500
2219 500
2219 501
2218 501
2218 502
2217 502
2217 503
2216 503
2216 504
2215 504
2215 505
2214 505
2214 506
2211 506
2211 507
2210 507
2210 508
2209 508
2209 509
2208 509
2208 515
2207 515
2207 519
2206 519
2206 521
2205 521
2205 523
2204 523
2204 524
2202 524
2202 525
2199 525
2199 526
2189 526
2189 525
2177 525
2177 526
2176 526
2176 527
2173 527
2173 528
2169 528
2169 529
2164 529
2164 528
2153 528
2153 529
2142 529
2142 528
2136 528
2136 527
2131 527
2131 526
2129 526
2129 527
2127 527
2127 529
2126 529
2126 532
2125 532
2125 544
2126 544
2126 547
2127 547
2127 566
2128 566
2128 573
2129 573
2129 585
2130 585
2130 601
2131 601
2131 637
2132 637
2132 649
2133 649
2133 663
2132 663
2132 668
2131 668
2131 670
2130 670
2130 671
2129 671
2129 672
2128 672
2128 673
2127 673
2127 674
2126 674
2126 675
2125 675
2125 676
2124 676
2124 677
2123 677
2123 678
2121 678
2121 679
2120 679
2120 680
2119 680
2119 681
2118 681
2118 682
2117 682
2117 691
2118 691
2118 697
2119 697
2119 699
2118 699
2118 705
2117 705
2117 706
2116 706
2116 707
2115 707
2115 708
2113 708
2113 709
2110 709
2110 710
2108 710
2108 709
2099 709
2099 710
2097 710
2097 711
2096 711
2096 712
2095 712
2095 713
2094 713
2094 715
2093 715
2093 716
2091 716
2091 717
2088 717
2088 718
2082 718
2082 717
2077 717
2077 716
2057 716
2057 717
2054 717
2054 718
2050 718
2050 719
2046 719
2046 720
2041 720
2041 721
2038 721
2038 720
2033 720
2033 719
2030 719
2030 718
2028 718
2028 717
2025 717
2025 716
2018 716
2018 717
2016 717
2016 718
2011 718
2011 719
2009 719
2009 720
2007 720
2007 721
2005 721
2005 722
2003 722
2003 723
2002 723
2002 724
2001 724
2001 725
1997 725
1997 726
1995 726
1995 727
1991 727
1991 728
1985 728
1985 729
1980 729
1980 730
1978 730
1978 731
1973 731
1973 730
1967 730
1967 729
1964 729
1964 728
1963 728
1963 727
1962 727
1962 726
1961 726
1961 725
1960 725
1960 724
1959 724
1959 723
1958 723
1958 722
1957 722
1957 721
1956 721
1956 720
1955 720
1955 719
1953 719
1953 718
1952 718
1952 717
1950 717
1950 716
1946 716
1946 715
1937 715
1937 714
1935 714
1935 713
1934 713
1934 712
1933 712
1933 711
1932 711
1932 710
1931 710
1931 708
1930 708
1930 707
1929 707
1929 692
1928 692
1928 690
1927 690
1927 689
1926 689
1926 687
1925 687
1925 685
1924 685
1924 683
1923 683
1923 681
1922 681
1922 679
1921 679
1921 670
1920 670
1920 657
1919 657
1919 656
1918 656
1918 655
1917 655
1917 654
1916 654
1916 653
1914 653
1914 652
1913 652
1913 651
1911 651
1911 650
1905 650
1905 649
1902 649
1902 648
1899 648
1899 647
1898 647
1898 646
1884 646
1884 645
1880 645
1880 644
1879 644
1879 643
1878 643
1878 642
1877 642
1877 641
1875 641
1875 640
1874 640
1874 639
1873 639
1873 638
1871 638
1871 637
1870 637
1870 636
1869 636
1869 635
1866 635
1866 634
1862 634
1862 635
1859 635
1859 636
1858 636
1858 637
1857 637
1857 638
1856 638
1856 639
1855 639
1855 644
1854 644
1854 651
1853 651
1853 653
1852 653
1852 655
1851 655
1851 657
1850 657
1850 658
1849 658
1849 659
1848 659
1848 660
1847 660
1847 661
1841 661
1841 662
1838 662
1838 663
1836 663
1836 664
1835 664
1835 665
1834 665
1834 676
1833 676
1833 687
1832 687
1832 688
1831 688
1831 690
1830 690
1830 691
1829 691
1829 692
1828 692
1828 693
1819 693
1819 694
1813 694
1813 695
1807 695
1807 694
1805 694
1805 693
1801 693
1801 692
1800 692
1800 691
1799 691
1799 690
1797 690
1797 689
1795 689
1795 688
1794 688
1794 687
1783 687
1783 686
1779 686
1779 685
1773 685
1773 686
1768 686
1768 687
1767 687
1767 688
1766 688
1766 690
1765 690
1765 692
1764 692
1764 693
1762 693
1762 694
1760 694
1760 695
1759 695
1759 696
1758 696
1758 697
1757 697
1757 698
1756 698
1756 699
1755 699
1755 700
1741 700
1741 701
1740 701
1740 707
1739 707
1739 710
1740 710
1740 724
1741 724
1741 742
1742 742
1742 755
1743 755
1743 772
1744 772
1744 784
1743 784
1743 785
1742 785
1742 786
1741 786
1741 787
1740 787
1740 788
1739 788
1739 789
1736 789
1736 790
1734 790
1734 791
1733 791
1733 792
1732 792
1732 793
1731 793
1731 794
1729 794
1729 795
1728 795
1728 796
1726 796
1726 797
1725 797
1725 798
1723 798
1723 799
1721 799
1721 800
1719 800
1719 801
1718 801
1718 802
1715 802
1715 803
1714 803
1714 804
1711 804
1711 805
1701 805
1701 804
1697 804
1697 803
1695 803
1695 802
1694 802
1694 801
1693 801
1693 799
1692 799
1692 798
1691 798
1691 794
1690 794
1690 793
1689 793
1689 792
1687 792
1687 791
1671 791
1671 792
1670 792
1670 793
1668 793
1668 794
1665 794
1665 795
1662 795
1662 796
1658 796
1658 797
1650 797
1650 796
1649 796
1649 795
1648 795
1648 794
1647 794
1647 793
1646 793
1646 792
1644 792
1644 791
1641 791
1641 790
1637 790
1637 789
1635 789
1635 788
1634 788
1634 786
1633 786
1633 784
1631 784
1631 783
1629 783
1629 782
1620 782
1620 781
1618 781
1618 780
1615 780
1615 779
1613 779
1613 778
1612 778
1612 777
1611 777
1611 776
1609 776
1609 775
1606 775
1606 774
1605 774
1605 773
1604 773
1604 772
1603 772
1603 771
1601 771
1601 770
1600 770
1600 769
1599 769
1599 768
1598 768
1598 767
1597 767
1597 765
1596 765
1596 764
1595 764
1595 762
1594 762
1594 761
1593 761
1593 759
1592 759
1592 758
1591 758
1591 756
1590 756
1590 753
1589 753
1589 746
1588 746
1588 739
1587 739
1587 737
1585 737
1585 736
1581 736
1581 735
1578 735
1578 734
1577 734
1577 733
1575 733
1575 732
1574 732
1574 731
1573 731
1573 730
1572 730
1572 728
1571 728
1571 725
1570 725
1570 723
1569 723
1569 722
1568 722
1568 721
1567 721
1567 720
1565 720
1565 719
1564 719
1564 718
1562 718
1562 717
1561 717
1561 716
1560 716
1560 715
1557 715
1557 714
1556 714
1556 713
1555 713
1555 712
1554 712
1554 711
1553 711
1553 708
1552 708
1552 707
1551 707
1551 706
1550 706
1550 705
1549 705
1549 704
1547 704
1547 703
1545 703
1545 702
1542 702
1542 701
1538 701
1538 700
1534 700
1534 699
1533 699
1533 697
1532 697
1532 689
1531 689
1531 687
1530 687
1530 686
1528 686
1528 685
1527 685
1527 684
1525 684
1525 683
1524 683
1524 682
1523 682
1523 681
1522 681
1522 677
1521 677
1521 675
1520 675
1520 673
1519 673
1519 671
1518 671
1518 670
1517 670
1517 669
1515 669
1515 668
1514 668
1514 667
1510 667
1510 668
1502 668
1502 669
1500 669
1500 670
1499 670
1499 671
1498 671
1498 673
1497 673
1497 674
1495 674
1495 677
1494 677
1494 678
1493 678
1493 681
1492 681
1492 683
1491 683
1491 684
1489 684
1489 685
1486 685
1486 686
1481 686
1481 687
1480 687
1480 688
1479 688
1479 689
1477 689
1477 690
1476 690
1476 691
1475 691
1475 693
1474 693
1474 694
1472 694
1472 695
1470 695
1470 696
1464 696
1464 697
1456 697
1456 698
1455 698
1455 699
1454 699
1454 701
1453 701
1453 704
1452 704
1452 705
1451 705
1451 713
1450 713
1450 717
1449 717
1449 718
1448 718
1448 719
1447 719
1447 720
1445 720
1445 721
1441 721
1441 722
1439 722
1439 723
1435 723
1435 724
1433 724
1433 725
1432 725
1432 726
1430 726
1430 727
1429 727
1429 728
1428 728
1428 729
1426 729
1426 730
1425 730
1425 731
1424 731
1424 732
1423 732
1423 733
1422 733
1422 735
1421 735
1421 737
1420 737
1420 738
1419 738
1419 739
1416 739
1416 741
1415 741
1415 742
1413 742
1413 743
1411 743
1411 744
1407 744
1407 745
1405 745
1405 747
1404 747
1404 748
1403 748
1403 753
1404 753
1404 758
1403 758
1403 760
1402 760
1402 761
1401 761
1401 762
1398 762
1398 763
1392 763
1392 764
1388 764
1388 765
1385 765
1385 766
1374 766
1374 767
1369 767
1369 768
1367 768
1367 769
1365 769
1365 770
1364 770
1364 771
1362 771
1362 772
1359 772
1359 773
1356 773
1356 774
1353 774
1353 775
1349 775
1349 776
1346 776
1346 775
1342 775
1342 774
1338 774
1338 773
1336 773
1336 772
1334 772
1334 771
1323 771
1323 772
1312 772
1312 773
1310 773
1310 774
1302 774
1302 773
1300 773
1300 772
1297 772
1297 771
1292 771
1292 772
1274 772
1274 771
1271 771
1271 770
1270 770
1270 769
1269 769
1269 767
1268 767
1268 765
1267 765
1267 764
1266 764
1266 763
1261 763
1261 762
1260 762
1260 761
1259 761
1259 760
1258 760
1258 759
1257 759
1257 758
1256 758
1256 757
1255 757
1255 756
1254 756
1254 753
1253 753
1253 748
1252 748
1252 741
1251 741
1251 735
1250 735
1250 732
1249 732
1249 729
1248 729
1248 726
1247 726
1247 724
1246 724
1246 719
1245 719
1245 716
1244 716
1244 711
1243 711
1243 707
1242 707
1242 698
1241 698
1241 696
1240 696
1240 692
1239 692
1239 684
1238 684
1238 677
1237 677
1237 675
1236 675
1236 673
1235 673
1235 669
1234 669
1234 666
1233 666
1233 664
1232 664
1232 663
1231 663
1231 662
1230 662
1230 661
1229 661
1229 660
1223 660
1223 661
1222 661
1222 662
1221 662
1221 666
1220 666
1220 670
1219 670
1219 674
1218 674
1218 676
1217 676
1217 677
1215 677
1215 678
1211 678
1211 679
1183 679
1183 678
1179 678
1179 679
1176 679
1176 678
1173 678
1173 679
1167 679
1167 680
1165 680
1165 681
1159 681
1159 680
1156 680
1156 681
1153 681
1153 680
1147 680
1147 679
1146 679
1146 678
1145 678
1145 677
1141 677
1141 676
1140 676
1140 675
1139 675
1139 673
1138 673
1138 671
1137 671
1137 669
1134 669
1134 668
1132 668
1132 667
1131 667
1131 666
1130 666
1130 665
1128 665
1128 664
1127 664
1127 662
1126 662
1126 661
1125 661
1125 659
1124 659
1124 658
1123 658
1123 657
1122 657
1122 656
1120 656
1120 655
1118 655
1118 654
1116 654
1116 653
1115 653
1115 652
1113 652
1113 651
1112 651
1112 650
1111 650
1111 649
1110 649
1110 648
1109 648
1109 646
1108 646
1108 645
1107 645
1107 644
1106 644
1106 643
1105 643
1105 642
1103 642
1103 641
1097 641
1097 640
1096 640
1096 639
1095 639
1095 638
1094 638
1094 637
1093 637
1093 636
1092 636
1092 635
1091 635
1091 634
1087 634
1087 633
1078 633
1078 632
1074 632
1074 633
1071 633
1071 634
1062 634
1062 635
1057 635
1057 634
1055 634
1055 633
1054 633
1054 632
1053 632
1053 630
1052 630
1052 628
1051 628
1051 626
1050 626
1050 624
1049 624
1049 623
1048 623
1048 621
1047 621
1047 618
1046 618
1046 613
1045 613
1045 607
1044 607
1044 605
1043 605
1043 600
1042 600
1042 598
1041 598
1041 586
1040 586
1040 584
1034 584
1034 585
1033 585
1033 586
1030 586
1030 585
1027 585
1027 584
1025 584
1025 583
1022 583
1022 582
1014 582
1014 583
1013 583
1013 586
1014 586
1014 594
1013 594
1013 597
1012 597
1012 598
1011 598
1011 599
1010 599
1010 600
1008 600
1008 601
1004 601
1004 602
1002 602
1002 603
1001 603
1001 604
1000 604
1000 605
999 605
999 606
998 606
998 607
996 607
996 609
995 609
995 611
994 611
994 612
993 612
993 613
992 613
992 614
991 614
991 615
990 615
990 616
988 616
988 617
986 617
986 618
985 618
985 619
984 619
984 621
983 621
983 623
982 623
982 625
981 625
981 627
980 627
980 628
979 628
979 629
978 629
978 630
977 630
977 631
976 631
976 632
975 632
975 633
971 633
971 634
967 634
967 635
966 635
966 638
965 638
965 639
964 639
964 650
965 650
965 661
964 661
964 662
963 662
963 663
961 663
961 665
960 665
960 666
959 666
959 668
958 668
958 669
957 669
957 671
956 671
956 673
955 673
955 674
953 674
953 675
952 675
952 676
950 676
950 677
944 677
944 678
942 678
942 679
940 679
940 680
937 680
937 681
929 681
929 680
926 680
926 679
924 679
924 678
921 678
921 677
919 677
919 676
912 676
912 675
910 675
910 674
909 674
909 673
908 673
908 672
907 672
907 671
906 671
906 670
905 670
905 669
903 669
903 668
902 668
902 667
901 667
901 666
900 666
900 665
899 665
899 663
898 663
898 661
897 661
897 660
896 660
896 659
895 659
895 658
894 658
894 656
893 656
893 655
892 655
892 654
891 654
891 653
890 653
890 652
889 652
889 651
888 651
888 650
887 650
887 649
885 649
885 648
884 648
884 647
881 647
881 646
879 646
879 645
878 645
878 644
876 644
876 643
874 643
874 642
873 642
873 641
871 641
871 640
865 640
865 641
863 641
863 640
858 640
858 639
856 639
856 638
854 638
854 637
852 637
852 636
843 636
843 637
841 637
841 638
834 638
834 637
832 637
832 636
829 636
829 635
826 635
826 634
825 634
825 633
824 633
824 632
823 632
823 631
822 631
822 628
821 628
821 626
820 626
820 622
819 622
819 617
818 617
818 613
817 613
817 609
816 609
816 604
815 604
815 597
814 597
814 592
813 592
813 585
812 585
812 583
811 583
811 578
810 578
810 575
809 575
809 571
808 571
808 559
807 559
807 554
806 554
806 547
805 547
805 540
804 540
804 536
803 536
803 531
802 531
802 524
801 524
801 519
800 519
800 512
799 512
799 507
798 507
798 503
797 503
797 497
796 497
796 489
795 489
795 485
794 485
794 481
793 481
793 479
792 479
792 477
791 477
791 476
790 476
790 475
789 475
789 474
778 474
778 475
776 475
776 476
775 476
775 477
774 477
774 478
771 478
771 479
769 479
769 480
767 480
767 481
762 481
762 482
759 482
759 483
757 483
757 484
756 484
756 485
754 485
754 486
752 486
752 487
751 487
751 488
749 488
749 489
747 489
747 490
745 490
745 491
744 491
744 492
742 492
742 493
741 493
741 494
739 494
739 495
736 495
736 496
735 496
735 497
731 497
731 498
724 498
724 497
711 497
711 498
707 498
707 499
703 499
703 500
697 500
697 501
695 501
695 502
693 502
693 503
692 503
692 504
690 504
690 505
689 505
689 506
688 506
688 507
687 507
687 508
686 508
686 509
685 509
685 510
684 510
684 511
682 511
682 512
674 512
674 513
665 513
665 512
655 512
655 513
650 513
650 514
646 514
646 515
639 515
639 514
631 514
631 513
617 513
617 512
616 512
616 511
614 511
614 510
613 510
613 509
612 509
612 508
611 508
611 506
610 506
610 503
609 503
609 502
608 502
608 501
607 501
607 500
606 500
606 493
605 493
605 484
604 484
604 482
603 482
603 481
602 481
602 479
601 479
601 476
600 476
600 475
597 475
597 474
594 474
594 473
593 473
593 472
591 472
591 471
589 471
589 470
587 470
587 469
586 469
586 468
584 468
584 467
581 467
581 466
579 466
579 465
578 465
578 464
577 464
577 463
576 463
576 460
575 460
575 457
574 457
574 454
573 454
573 450
572 450
572 447
571 447
571 443
570 443
570 438
569 438
569 434
568 434
568 429
567 429
567 425
566 425
566 419
565 419
565 415
564 415
564 406
563 406
563 402
562 402
562 399
561 399
561 395
560 395
560 389
558 389
558 390
555 390
555 391
554 391
554 392
549 392
549 393
542 393
542 392
530 392
530 393
526 393
526 394
509 394
509 395
504 395
504 396
500 396
500 397
497 397
497 398
494 398
494 399
491 399
491 400
490 400
490 401
489 401
489 402
488 402
488 403
487 403
487 404
486 404
486 405
485 405
485 406
484 406
484 407
483 407
483 408
481 408
481 409
478 409
478 410
476 410
476 411
473 411
473 412
470 412
470 411
465 411
465 412
462 412
462 413
460 413
460 414
458 414
458 415
455 415
455 416
445 416
445 417
442 417
442 418
440 418
440 419
438 419
438 420
415 420
415 421
414 421
414 422
412 422
412 423
410 423
410 424
408 424
408 425
406 425
406 426
404 426
404 427
403 427
403 428
400 428
400 429
397 429
397 430
393 430
393 431
381 431
381 432
377 432
377 433
371 433
371 434
364 434
364 433
361 433
361 432
359 432
359 431
355 431
355 430
353 430
353 429
350 429
350 428
345 428
345 427
342 427
342 426
340 426
340 425
339 425
339 424
338 424
338 423
337 423
337 421
336 421
336 420
335 420
335 419
333 419
333 418
332 418
332 417
331 417
331 416
328 416
328 415
327 415
327 414
324 414
324 413
322 413
322 412
321 412
321 411
320 411
320 410
319 410
319 409
318 409
318 408
317 408
317 406
316 406
316 403
315 403
315 398
314 398
314 397
313 397
313 394
312 394
312 391
311 391
311 387
310 387
310 382
309 382
309 378
308 378
308 370
307 370
307 366
306 366
306 360
305 360
305 357
304 357
304 354
303 354
303 348
302 348
302 344
301 344
301 338
300 338
300 331
299 331
299 322
298 322
298 318
297 318
297 314
296 314
296 309
295 309
295 307
294 307
294 304
293 304
293 302
292 302
292 301
291 301
291 300
290 300
290 299
289 299
289 298
287 298
287 297
286 297
286 296
285 296
285 295
284 295
284 294
283 294
283 292
282 292
282 289
281 289
281 284
280 284
280 282
278 282
278 281
273 281
273 282
268 282
268 283
251 283
251 282
250 282
250 281
248 281
248 280
247 280
247 279
244 279
244 278
240 278
240 277
235 277
235 276
232 276
232 275
227 275
227 274
220 274
220 275
215 275
215 276
212 276
212 277
190 277
190 276
187 276
187 275
186 275
186 274
184 274
184 273
175 273
175 274
171 274
171 273
165 273
165 272
164 272
164 271
162 271
162 270
161 270
161 269
159 269
159 268
155 268
155 269
153 269
153 270
150 270
150 269
153 269
153 268
155 268
155 267
159 267
159 268
161 268
161 269
162 269
162 270
164 270
164 271
165 271
165 272
171 272
171 273
175 273
175 272
184 272
184 273
186 273
186 274
187 274
187 275
190 275
190 276
212 276
212 275
215 275
215 274
220 274
220 273
227 273
227 274
232 274
232 275
235 275
235 276
240 276
240 277
244 277
244 278
247 278
247 279
248 279
248 280
250 280
250 281
251 281
251 282
268 282
268 281
273 281
273 280
278 280
278 281
280 281
280 282
281 282
281 284
282 284
282 289
283 289
283 292
284 292
284 294
285 294
285 295
286 295
286 296
287 296
287 297
289 297
289 298
290 298
290 299
291 299
291 300
292 300
292 301
293 301
293 302
294 302
294 304
295 304
295 307
296 307
296 309
297 309
297 314
298 314
298 318
299 318
299 322
300 322
300 331
301 331
301 338
302 338
302 344
303 344
303 348
304 348
304 354
305 354
305 357
306 357
306 360
307 360
307 366
308 366
308 370
309 370
309 378
310 378
310 382
311 382
311 387
312 387
312 391
313 391
313 394
314 394
314 397
315 397
315 398
316 398
316 403
317 403
317 406
318 406
318 408
319 408
319 409
320 409
320 410
321 410
321 411
322 411
322 412
324 412
324 413
327 413
327 414
328 414
328 415
331 415
331 416
332 416
332 417
333 417
333 418
335 418
335 419
336 419
336 420
337 420
337 421
338 421
338 423
339 423
339 424
340 424
340 425
342 425
342 426
345 426
345 427
350 427
350 428
353 428
353 429
355 429
355 430
359 430
359 431
361 431
361 432
364 432
364 433
371 433
371 432
377 432
377 431
381 431
381 430
393 430
393 429
397 429
397 428
400 428
400 427
403 427
403 426
404 426
404 425
406 425
406 424
408 424
408 423
410 423
410 422
412 422
412 421
414 421
414 420
415 420
415 419
438 419
438 418
440 418
440 417
442 417
442 416
445 416
445 415
455 415
455 414
458 414
458 413
460 413
460 412
462 412
462 411
465 411
465 410
470 410
470 411
473 411
473 410
476 410
476 409
478 409
478 408
481 408
481 407
483 407
483 406
484 406
484 405
485 405
485 404
486 404
486 403
487 403
487 402
488 402
488 401
489 401
489 400
490 400
490 399
491 399
491 398
494 398
494 397
497 397
497 396
500 396
500 395
504 395
504 394
509 394
509 393
526 393
526 392
530 392
530 391
542 391
542 392
549 392
549 391
554 391
554 390
555 390
555 389
558 389
558 388
560 388
560 389
561 389
561 395
562 395
562 399
563 399
563 402
564 402
564 406
565 406
565 415
566 415
566 419
567 419
567 425
568 425
568 429
569 429
569 434
570 434
570 438
571 438
571 443
572 443
572 447
573 447
573 450
574 450
574 454
575 454
575 457
576 457
576 460
577 460
577 463
578 463
578 464
579 464
579 465
581 465
581 466
584 466
584 467
586 467
586 468
587 468
587 469
589 469
589 470
591 470
591 471
593 471
593 472
594 472
594 473
597 473
597 474
600 474
600 475
601 475
601 476
602 476
602 479
603 479
603 481
604 481
604 482
605 482
605 484
606 484
606 493
607 493
607 500
608 500
608 501
610 501
610 503
611 503
611 506
612 506
612 508
613 508
613 509
614 509
614 510
616 510
616 511
617 511
617 512
631 512
631 513
639 513
639 514
646 514
646 513
650 513
650 512
655 512
655 511
665 511
665 512
674 512
674 511
682 511
682 510
684 510
684 509
685 509
685 508
686 508
686 507
687 507
687 506
688 506
688 505
689 505
689 504
690 504
690 503
692 503
692 502
693 502
693 501
695 501
695 500
697 500
697 499
703 499
703 498
707 498
707 497
711 497
711 496
724 496
724 497
731 497
731 496
735 496
735 495
736 495
736 494
739 494
739 493
741 493
741 492
742 492
742 491
744 491
744 490
745 490
745 489
747 489
747 488
749 488
749 487
751 487
751 486
752 486
752 485
754 485
754 484
756 484
756 483
757 483
757 482
759 482
759 481
762 481
762 480
767 480
767 479
769 479
769 478
771 478
771 477
774 477
774 476
775 476
775 475
776 475
776 474
778 474
778 473
789 473
789 474
790 474
790 475
791 475
791 476
792 476
792 477
793 477
793 479
794 479
794 481
795 481
795 485
796 485
796 489
797 489
797 497
798 497
798 503
799 503
799 507
800 507
800 512
801 512
801 519
802 519
802 524
803 524
803 531
804 531
804 536
805 536
805 540
806 540
806 547
807 547
807 554
808 554
808 559
809 559
809 571
810 571
810 575
811 575
811 578
812 578
812 583
813 583
813 585
814 585
814 592
815 592
815 597
816 597
816 604
817 604
817 609
818 609
818 613
819 613
819 617
820 617
820 622
821 622
821 626
822 626
822 628
823 628
823 631
824 631
824 632
825 632
825 633
826 633
826 634
829 634
829 635
832 635
832 636
834 636
834 637
841 637
841 636
843 636
843 635
852 635
852 636
854 636
854 637
856 637
856 638
858 638
858 639
863 639
863 640
865 640
865 639
871 639
871 640
873 640
873 641
874 641
874 642
876 642
876 643
878 643
878 644
879 644
879 645
881 645
881 646
884 646
884 647
885 647
885 648
887 648
887 649
888 649
888 650
889 650
889 651
890 651
890 652
891 652
891 653
892 653
892 654
893 654
893 655
894 655
894 656
895 656
895 658
896 658
896 659
897 659
897 660
898 660
898 661
899 661
899 663
900 663
900 665
901 665
901 666
902 666
902 667
903 667
903 668
905 668
905 669
906 669
906 670
907 670
907 671
908 671
908 672
909 672
909 673
910 673
910 674
912 674
912 675
919 675
919 676
921 676
921 677
924 677
924 678
926 678
926 679
929 679
929 680
937 680
937 679
940 679
940 678
942 678
942 677
944 677
944 676
950 676
950 675
952 675
952 674
953 674
953 673
955 673
955 671
956 671
956 669
957 669
957 668
958 668
958 666
959 666
959 665
960 665
960 663
961 663
961 662
963 662
963 661
964 661
964 650
963 650
963 639
964 639
964 638
965 638
965 635
966 635
966 634
967 634
967 633
971 633
971 632
975 632
975 631
976 631
976 630
977 630
977 629
978 629
978 628
979 628
979 627
980 627
980 625
981 625
981 623
982 623
982 621
983 621
983 619
984 619
984 618
985 618
985 617
986 617
986 616
988 616
988 615
990 615
990 614
991 614
991 613
992 613
992 612
993 612
993 611
994 611
994 609
995 609
995 607
996 607
996 606
998 606
998 605
999 605
999 604
1000 604
1000 603
1001 603
1001 602
1002 602
1002 601
1004 601
1004 600
1008 600
1008 599
1010 599
1010 598
1011 598
1011 597
1012 597
1012 594
1013 594
1013 586
1012 586
1012 583
1013 583
1013 582
1014 582
1014 581
1022 581
1022 582
1025 582
1025 583
1027 583
1027 584
1030 584
1030 585
1033 585
1033 584
1034 584
1034 583
1040 583
1040 584
1041 584
1041 586
1042 586
1042 598
1043 598
1043 600
1044 600
1044 605
1045 605
1045 607
1046 607
1046 613
1047 613
1047 618
1048 618
1048 621
1049 621
1049 623
1050 623
1050 624
1051 624
1051 626
1052 626
1052 628
1053 628
1053 630
1054 630
1054 632
1055 632
1055 633
1057 633
1057 634
1062 634
1062 633
1071 633
1071 632
1074 632
1074 631
1078 631
1078 632
1087 632
1087 633
1091 633
1091 634
1092 634
1092 635
1093 635
1093 636
1094 636
1094 637
1095 637
1095 638
1096 638
1096 639
1097 639
1097 640
1103 640
1103 641
1105 641
1105 642
1106 642
1106 643
1107 643
1107 644
1108 644
1108 645
1109 645
1109 646
1110 646
1110 648
1111 648
1111 649
1112 649
1112 650
1113 650
1113 651
1115 651
1115 652
1116 652
1116 653
1118 653
1118 654
1120 654
1120 655
1122 655
1122 656
1123 656
1123 657
1124 657
1124 658
1125 658
1125 659
1126 659
1126 661
1127 661
1127 662
1128 662
1128 664
1130 664
1130 665
1131 665
1131 666
1132 666
1132 667
1134 667
1134 668
1137 668
1137 669
1138 669
1138 671
1139 671
1139 673
1140 673
1140 675
1141 675
1141 676
1145 676
1145 677
1146 677
1146 678
1147 678
1147 679
1153 679
1153 680
1156 680
1156 679
1159 679
1159 680
1165 680
1165 679
1167 679
1167 678
1173 678
1173 677
1176 677
1176 678
1179 678
1179 677
1183 677
1183 678
1211 678
1211 677
1215 677
1215 676
1217 676
1217 674
1218 674
1218 670
1219 670
1219 666
1220 666
1220 662
1221 662
1221 661
1222 661
1222 660
1223 660
1223 659
1229 659
1229 660
1230 660
1230 661
1231 661
1231 662
1232 662
1232 663
1233 663
1233 664
1234 664
1234 666
1235 666
1235 669
1236 669
1236 673
1237 673
1237 675
1238 675
1238 677
1239 677
1239 684
1240 684
1240 692
1241 692
1241 696
1242 696
1242 698
1243 698
1243 707
1244 707
1244 711
1245 711
1245 716
1246 716
1246 719
1247 719
1247 724
1248 724
1248 726
1249 726
1249 729
1250 729
1250 732
1251 732
1251 735
1252 735
1252 741
1253 741
1253 748
1254 748
1254 753
1255 753
1255 756
1256 756
1256 757
1257 757
1257 758
1258 758
1258 759
1259 759
1259 760
1260 760
1260 761
1261 761
1261 762
1266 762
1266 763
1267 763
1267 764
1268 764
1268 765
1269 765
1269 767
1270 767
1270 769
1271 769
1271 770
1274 770
1274 771
1292 771
1292 770
1297 770
1297 771
1300 771
1300 772
1302 772
1302 773
1310 773
1310 772
1312 772
1312 771
1323 771
1323 770
1334 770
1334 771
1336 771
1336 772
1338 772
1338 773
1342 773
1342 774
1346 774
1346 775
1349 775
1349 774
1353 774
1353 773
1356 773
1356 772
1359 772
1359 771
1362 771
1362 770
1364 770
1364 769
1365 769
1365 768
1367 768
1367 767
1369 767
1369 766
1374 766
1374 765
1385 765
1385 764
1388 764
1388 763
1392 763
1392 762
1398 762
1398 761
1401 761
1401 760
1402 760
1402 758
1403 758
1403 753
1402 753
1402 748
1403 748
1403 747
1404 747
1404 745
1405 745
1405 744
1407 744
1407 743
1411 743
1411 742
1413 742
1413 741
1415 741
1415 739
1416 739
1416 738
1419 738
1419 737
1420 737
1420 735
1421 735
1421 733
1422 733
1422 732
1423 732
1423 731
1424 731
1424 730
1425 730
1425 729
1426 729
1426 728
1428 728
1428 727
1429 727
1429 726
1430 726
1430 725
1432 725
1432 724
1433 724
1433 723
1435 723
1435 722
1439 722
1439 721
1441 721
1441 720
1445 720
1445 719
1447 719
1447 718
1448 718
1448 717
1449 717
1449 713
1450 713
1450 705
1451 705
1451 704
1452 704
1452 701
1453 701
1453 699
1454 699
1454 698
1455 698
1455 697
1456 697
1456 696
1464 696
1464 695
1470 695
1470 694
1472 694
1472 693
1474 693
1474 691
1475 691
1475 690
1476 690
1476 689
1477 689
1477 688
1479 688
1479 687
1480 687
1480 686
1481 686
1481 685
1486 685
1486 684
1489 684
1489 683
1491 683
1491 681
1492 681
1492 678
1493 678
1493 677
1494 677
1494 674
1495 674
1495 673
1497 673
1497 671
1498 671
1498 670
1499 670
1499 669
1500 669
1500 668
1502 668
1502 667
1510 667
1510 666
1514 666
1514 667
1515 667
1515 668
1517 668
1517 669
1518 669
1518 670
1519 670
1519 671
1520 671
1520 673
1521 673
1521 675
1522 675
1522 677
1523 677
1523 681
1524 681
1524 682
1525 682
1525 683
1527 683
1527 684
1528 684
1528 685
1530 685
1530 686
1531 686
1531 687
1532 687
1532 689
1533 689
1533 697
1534 697
1534 699
1538 699
1538 700
1542 700
1542 701
1545 701
1545 702
1547 702
1547 703
1549 703
1549 704
1550 704
1550 705
1551 705
1551 706
1552 706
1552 707
1553 707
1553 708
1554 708
1554 711
1555 711
1555 712
1556 712
1556 713
1557 713
1557 714
1560 714
1560 715
1561 715
1561 716
1562 716
1562 717
1564 717
1564 718
1565 718
1565 719
1567 719
1567 720
1568 720
1568 721
1569 721
1569 722
1570 722
1570 723
1571 723
1571 725
1572 725
1572 728
1573 728
1573 730
1574 730
1574 731
1575 731
1575 732
1577 732
1577 733
1578 733
1578 734
1581 734
1581 735
1585 735
1585 736
1587 736
1587 737
1588 737
1588 739
1589 739
1589 746
1590 746
1590 753
1591 753
1591 756
1592 756
1592 758
1593 758
1593 759
1594 759
1594 761
1595 761
1595 762
1596 762
1596 764
1597 764
1597 765
1598 765
1598 767
1599 767
1599 768
1600 768
1600 769
1601 769
1601 770
1603 770
1603 771
1604 771
1604 772
1605 772
1605 773
1606 773
1606 774
1609 774
1609 775
1611 775
1611 776
1612 776
1612 777
1613 777
1613 778
1615 778
1615 779
1618 779
1618 780
1620 780
1620 781
1629 781
1629 782
1631 782
1631 783
1633 783
1633 784
1634 784
1634 786
1635 786
1635 788
1637 788
1637 789
1641 789
1641 790
1644 790
1644 791
1646 791
1646 792
1647 792
1647 793
1648 793
1648 794
1649 794
1649 795
1650 795
1650 796
1658 796
1658 795
1662 795
1662 794
1665 794
1665 793
1668 793
1668 792
1670 792
1670 791
1671 791
1671 790
1687 790
1687 791
1689 791
1689 792
1690 792
1690 793
1691 793
1691 794
1692 794
1692 798
1693 798
1693 799
1694 799
1694 801
1695 801
1695 802
1697 802
1697 803
1701 803
1701 804
1711 804
1711 803
1714 803
1714 802
1715 802
1715 801
1718 801
1718 800
1719 800
1719 799
1721 799
1721 798
1723 798
1723 797
1725 797
1725 796
1726 796
1726 795
1728 795
1728 794
1729 794
1729 793
1731 793
1731 792
1732 792
1732 791
1733 791
1733 790
1734 790
1734 789
1736 789
1736 788
1739 788
1739 787
1740 787
1740 786
1741 786
1741 785
1742 785
1742 784
1743 784
1743 772
1742 772
1742 755
1741 755
1741 742
1740 742
1740 724
1739 724
1739 710
1738 710
1738 707
1739 707
1739 701
1740 701
1740 700
1741 700
1741 699
1755 699
1755 698
1756 698
1756 697
1757 697
1757 696
1758 696
1758 695
1759 695
1759 694
1760 694
1760 693
1762 693
1762 692
1764 692
1764 690
1765 690
1765 688
1766 688
1766 687
1767 687
1767 686
1768 686
1768 685
1773 685
1773 684
1779 684
1779 685
1783 685
1783 686
1794 686
1794 687
1795 687
1795 688
1797 688
1797 689
1799 689
1799 690
1800 690
1800 691
1801 691
1801 692
1805 692
1805 693
1807 693
1807 694
1813 694
1813 693
1819 693
1819 692
1828 692
1828 691
1829 691
1829 690
1830 690
1830 688
1831 688
1831 687
1832 687
1832 676
1833 676
1833 665
1834 665
1834 664
1835 664
1835 663
1836 663
1836 662
1838 662
1838 661
1841 661
1841 660
1847 660
1847 659
1848 659
1848 658
1849 658
1849 657
1850 657
1850 655
1851 655
1851 653
1852 653
1852 651
1853 651
1853 644
1854 644
1854 639
1855 639
1855 638
1856 638
1856 637
1857 637
1857 636
1858 636
1858 635
1859 635
1859 634
1862 634
1862 633
1866 633
1866 634
1869 634
1869 635
1870 635
1870 636
1871 636
1871 637
1873 637
1873 638
1874 638
1874 639
1875 639
1875 640
1877 640
1877 641
1878 641
1878 642
1879 642
1879 643
1880 643
1880 644
1884 644
1884 645
1898 645
1898 646
1899 646
1899 647
1902 647
1902 648
1905 648
1905 649
1911 649
1911 650
1913 650
1913 651
1914 651
1914 652
1916 652
1916 653
1917 653
1917 654
1918 654
1918 655
1919 655
1919 656
1920 656
1920 657
1921 657
1921 670
1922 670
1922 679
1923 679
1923 681
1924 681
1924 683
1925 683
1925 685
1926 685
1926 687
1927 687
1927 689
1928 689
1928 690
1929 690
1929 692
1930 692
1930 707
1931 707
1931 708
1932 708
1932 710
1933 710
1933 711
1934 711
1934 712
1935 712
1935 713
1937 713
1937 714
1946 714
1946 715
1950 715
1950 716
1952 716
1952 717
1953 717
1953 718
1955 718
1955 719
1956 719
1956 720
1957 720
1957 721
1958 721
1958 722
1959 722
1959 723
1960 723
1960 724
1961 724
1961 725
1962 725
1962 726
1963 726
1963 727
1964 727
1964 728
1967 728
1967 729
1973 729
1973 730
1978 730
1978 729
1980 729
1980 728
1985 728
1985 727
1991 727
1991 726
1995 726
1995 725
1997 725
1997 724
2001 724
2001 723
2002 723
2002 722
2003 722
2003 721
2005 721
2005 720
2007 720
2007 719
2009 719
2009 718
2011 718
2011 717
2016 717
2016 716
2018 716
2018 715
2025 715
2025 716
2028 716
2028 717
2030 717
2030 718
2033 718
2033 719
2038 719
2038 720
2041 720
2041 719
2046 719
2046 718
2050 718
2050 717
2054 717
2054 716
2057 716
2057 715
2077 715
2077 716
2082 716
2082 717
2088 717
2088 716
2091 716
2091 715
2093 715
2093 713
2094 713
2094 712
2095 712
2095 711
2096 711
2096 710
2097 710
2097 709
2099 709
2099 708
2108 708
2108 709
2110 709
2110 708
2113 708
2113 707
2115 707
2115 706
2116 706
2116 705
2117 705
2117 699
2118 699
2118 697
2117 697
2117 691
2116 691
2116 682
2117 682
2117 681
2118 681
2118 680
2119 680
2119 679
2120 679
2120 678
2121 678
2121 677
2123 677
2123 676
2124 676
2124 675
2125 675
2125 674
2126 674
2126 673
2127 673
2127 672
2128 672
2128 671
2129 671
2129 670
2130 670
2130 668
2131 668
2131 663
2132 663
2132 649
2131 649
2131 637
2130 637
2130 601
2129 601
2129 585
2128 585
2128 573
2127 573
2127 566
2126 566
2126 547
2125 547
2125 544
2124 544
2124 532
2125 532
2125 529
2126 529
2126 527
2127 527
2127 526
2129 526
2129 525
2131 525
2131 526
2136 526
2136 527
2142 527
2142 528
2153 528
2153 527
2164 527
2164 528
2169 528
2169 527
2173 527
2173 526
2176 526
2176 525
2177 525
2177 524
2189 524
2189 525
2199 525
2199 524
2202 524
2202 523
2204 523
2204 521
2205 521
2205 519
2206 519
2206 515
2207 515
2207 509
2208 509
2208 508
2209 508
2209 507
2210 507
2210 506
2211 506
2211 505
2214 505
2214 504
2215 504
2215 503
2216 503
2216 502
2217 502
2217 501
2218 501
2218 500
2219 500
2219 499
2220 499
2220 498
2223 498
2223 497
2225 497
2225 496
2226 496
2226 495
2228 495
2228 494
2231 494
2231 493
2236 493
2236 494
2238 494
2238 495
2240 495
2240 496
2241 496
2241 497
2242 497
2242 498
2243 498
2243 499
2244 499
2244 500
2246 500
2246 501
2247 501
2247 502
2248 502
2248 503
2249 503
2249 504
2250 504
2250 505
2253 505
2253 506
2257 506
2257 507
2265 507
2265 508
2266 508
2266 507
2280 507
2280 508
2281 508
2281 510
2282 510
2282 513
2284 513
2284 514
2285 514
2285 515
2286 515
2286 516
2287 516
2287 517
2288 517
2288 518
2289 518
2289 523
2290 523
2290 535
2291 535
2291 539
2290 539
2290 547
2291 547
2291 550
2292 550
2292 552
2293 552
2293 553
2294 553
2294 554
2295 554
2295 555
2296 555
2296 556
2297 556
2297 557
2298 557
2298 559
2299 559
2299 560
2300 560
2300 562
2301 562
2301 564
2302 564
2302 565
2303 565
2303 566
2304 566
2304 580
2305 580
2305 585
2306 585
2306 587
2307 587
2307 589
2308 589
2308 590
2309 590
2309 591
2310 591
2310 592
2312 592
2312 593
2324 593
2324 594
2332 594
2332 593
2333 593
2333 592
2334 592
2334 590
2335 590
2335 589
2336 589
2336 588
2337 588
2337 585
2338 585
2338 582
2339 582
2339 566
2338 566
2338 540
2337 540
2337 532
2338 532
2338 525
2339 525
2339 524
2340 524
2340 523
2342 523
2342 522
2346 522
2346 521
2348 521
2348 519
2349 519
2349 516
2350 516
2350 508
2349 508
2349 488
2350 488
2350 487
2351 487
2351 486
2354 486
2354 485
2356 485
2356 484
2357 484
2357 483
2358 483
2358 482
2359 482
2359 479
2360 479
2360 472
2361 472
2361 470
2362 470
2362 469
2363 469
2363 468
2366 468
2366 467
2369 467
2369 466
2373 466
2373 465
2377 465
2377 464
2384 464
2384 465
2389 465
2389 466
2391 466
2391 467
2393 467
2393 468
2395 468
2395 469
2396 469
2396 470
2398 470
2398 471
2399 471
2399 472
2400 472
2400 473
2403 473
2403 474
2405 474
2405 475
2407 475
2407 476
2409 476
2409 477
2411 477
2411 478
2431 478
2431 477
2432 477
2432 474
2433 474
2433 464
2434 464
2434 463
2435 463
2435 462
2439 462
2439 461
2441 461
2441 460
2443 460
2443 458
2444 458
2444 454
2445 454
2445 451
2446 451
2446 450
2448 450
2448 449
2454 449
2454 450
2455 450
2455 451
2456 451
2456 452
2457 452
2457 453
2458 453
2458 454
2459 454
2459 455
2460 455
2460 457
2461 457
2461 458
2462 458
2462 459
2464 459
2464 460
2466 460
2466 461
2468 461
2468 462
2469 462
2469 463
2471 463
2471 464
2475 464
2475 465
2476 465
2476 464
2486 464
2486 463
2494 463
2494 464
2497 464
2497 465
2498 465
2498 466
2500 466
2500 467
2501 467
2501 468
2502 468
2502 470
2503 470
2503 472
2504 472
2504 473
2505 473
2505 474
2506 474
2506 475
2507 475
2507 476
2508 476
2508 477
2509 477
2509 478
2510 478
2510 479
2512 479
2512 480
2515 480
2515 481
2519 481
2519 480
2522 480
2522 479
2529 479
2529 478
2539 478
2539 477
2561 477
2561 476
2562 476
2562 474
2563 474
2563 473
2564 473
2564 472
2565 472
2565 471
2566 471
2566 470
2568 470
2568 469
2569 469
2569 468
2570 468
2570 467
2572 467
2572 466
2575 466
2575 465
2576 465
2576 464
2577 464
2577 461
2578 461
2578 460
2579 460
2579 459
2581 459
2581 456
2582 456
2582 455
2583 455
2583 452
2584 452
2584 394
2583 394
2583 384
2582 384
2582 376
2581 376
2581 367
2580 367
2580 349
2581 349
2581 348
2583 348
2583 347
2584 347
2584 346
2586 346
2586 345
2589 345
2589 344
2590 344
2590 343
2598 343
2598 344
2602 344
2602 345
2604 345
2604 346
2606 346
2606 347
2608 347
2608 348
2611 348
2611 349
2612 349
2612 350
2613 350
2613 351
2614 351
2614 352
2616 352
2616 353
2618 353
2618 354
2619 354
2619 355
2621 355
2621 356
2626 356
2626 357
2628 357
2628 358
2630 358
2630 359
2636 359
2636 360
2639 360
2639 361
2640 361
2640 362
2641 362
2641 363
2642 363
2642 364
2643 364
2643 365
2645 365
2645 366
2646 366
2646 367
2647 367
2647 370
2648 370
2648 371
2649 371
2649 375
2650 375
2650 377
2651 377
2651 378
2652 378
2652 381
2654 381
2654 382
2656 382
2656 383
2657 383
2657 384
2659 384
2659 385
2660 385
2660 386
2661 386
2661 387
2662 387
2662 391
2663 391
2663 394
2664 394
2664 395
2665 395
2665 396
2666 396
2666 398
2667 398
2667 399
2668 399
2668 400
2669 400
2669 402
2670 402
2670 404
2671 404
2671 406
2672 406
2672 407
2673 407
2673 409
2674 409
2674 410
2675 410
2675 411
2676 411
2676 412
2677 412
2677 413
2678 413
2678 414
2679 414
2679 415
2680 415
2680 416
2681 416
2681 417
2682 417
2682 418
2683 418
2683 419
2685 419
2685 420
2687 420
2687 421
2688 421
2688 422
2689 422
2689 423
2690 423
2690 424
2691 424
2691 425
2698 425
2698 426
2700 426
2700 427
2702 427
2702 428
2705 428
2705 429
2708 429
2708 430
2710 430
2710 431
2717 431
2717 430
2721 430
2721 429
2723 429
2723 428
2724 428
2724 427
2726 427
2726 425
2727 425
2727 424
2728 424
2728 422
2729 422
2729 419
2730 419
2730 418
2731 418
2731 417
2732 417
2732 416
2733 416
2733 415
2735 415
2735 414
2737 414
2737 413
2745 413
2745 412
2747 412
2747 411
2749 411
2749 410
2750 410
2750 409
2751 409
2751 408
2752 408
2752 407
2753 407
2753 406
2754 406
2754 404
2755 404
2755 402
2756 402
2756 401
2757 401
2757 399
2758 399
2758 398
2759 398
2759 397
2760 397
2760 396
2768 396
2768 397
2772 397
2772 398
2775 398
2775 397
2779 397
2779 396
2783 396
2783 395
2786 395
2786 394
2790 394
2790 393
2794 393
2794 392
2798 392
2798 391
2800 391
2800 390
2803 390
2803 389
2805 389
2805 388
2806 388
2806 387
2807 387
2807 386
2809 386
2809 385
2810 385
2810 384
2812 384
2812 382
2813 382
2813 381
2814 381
2814 378
2815 378
2815 372
2816 372
2816 364
2815 364
2815 363
2814 363
2814 353
2813 353
2813 338
2812 338
2812 337
2811 337
2811 333
2812 333
2812 332
2813 332
2813 330
2814 330
2814 323
2813 323
2813 320
2814 320
2814 318
2815 318
2815 310
2814 310
2814 308
2815 308
2815 298
2814 298
2814 294
2815 294
2815 287
2814 287
2814 283
2813 283
2813 276
2814 276
2814 255
2813 255
2813 218
2814 218
2814 216
2815 216
2815 214
2816 214
2816 213
2817 213
2817 211
2818 211
2818 209
2819 209
2819 204
2820 204
2820 195
2821 195
2821 189
2822 189
2822 186
2823 186
2823 177
2824 177
2824 172
2823 172
2823 170
2824 170
2824 159
2823 159
2823 155
2824 155
2824 145
2825 145
2825 143
2826 143
2826 142
2828 142
2828 141
2858 141
2858 142
2863 142
2863 143
2865 143
2865 144
2867 144
2867 145
2870 145
2870 146
2872 146
2872 147
2873 147
2873 148
2874 148
2874 149
2875 149
2875 151
2876 151
2876 152
2877 152
2877 154
2878 154
2878 156
2879 156
2879 157
2880 157
2880 158
2882 158
2882 159
2883 159
2883 160
2884 160
2884 161
2885 161
2885 162
2886 162
2886 163
2887 163
2887 164
2888 164
2888 165
2889 165
2889 166
2891 166
2891 167
2893 167
2893 168
2895 168
2895 169
2898 169
2898 170
2902 170
2902 171
2919 171
2919 170
2929 170
2929 171
2936 171
2936 172
2938 172
2938 173
2942 173
2942 174
2944 174
2944 175
2950 175
2950 176
2956 176
2956 177
2968 177
2968 176
2975 176
2975 177
2978 177
2978 178
2979 178
2979 179
2980 179
2980 180
2981 180
2981 181
2982 181
2982 182
2983 182
2983 183
2984 183
2984 184
2985 184
2985 185
2987 185
2987 186
2989 186
2989 187
2990 187
2990 188
2998 188
2998 187
2999 187
2999 186
3000 186
3000 185
3002 185
3002 184
3006 184
3006 183
3007 183
3007 182
3008 182
3008 181
3009 181
3009 180
3012 180
3012 179
3017 179
3017 178
3026 178
3026 177
3029 177
3029 176
3030 176
3030 175
3031 175
3031 174
3032 174
3032 173
3033 173
3033 171
3034 171
3034 168
3035 168
3035 167
3036 167
3036 158
3037 158
3037 154
3038 154
3038 152
3039 152
3039 151
3040 151
3040 150
3041 150
3041 149
3042 149
3042 148
3043 148
3043 147
3044 147
3044 146
3054 146
3054 145
3056 145
3056 142
3057 142
3057 137
3058 137
3058 134
3059 134
3059 133
3062 133
3062 132
3064 132
3064 131
3076 131
3076 132
3079 132
3079 133
3080 133
3080 134
3081 134
3081 135
3082 135
3082 136
3084 136
3084 137
3085 137
3085 138
3086 138
3086 139
3087 139
3087 140
3088 140
3088 141
3089 141
3089 142
3090 142
3090 143
3091 143
3091 144
3092 144
3092 145
3093 145
3093 146
3094 146
3094 147
3093 147
3093 146
3092 146
3092 145
3091 145
3091 144
3090 144
3090 143
3089 143
3089 142
3088 142
3088 141
3087 141
3087 140
3086 140
3086 139
3085 139
3085 138
3084 138
3084 137
3082 137
3082 136
3081 136
3081 135
3080 135
3080 134
3079 134
3079 133
3076 133
3076 132
3064 132
3064 133
3062 133
3062 134
3059 134
3059 137
3058 137
3058 142
3057 142
3057 145
3056 145
3056 146
3054 146
3054 147
3044 147
3044 148
3043 148
3043 149
3042 149
3042 150
3041 150
3041 151
3040 151
3040 152
3039 152
3039 154
3038 154
3038 158
3037 158
3037 167
3036 167
3036 168
3035 168
3035 171
3034 171
3034 173
3033 173
3033 174
3032 174
3032 175
3031 175
3031 176
3030 176
3030 177
3029 177
3029 178
3026 178
3026 179
3017 179
3017 180
3012 180
3012 181
3009 181
3009 182
3008 182
3008 183
3007 183
3007 184
3006 184
3006 185
3002 185
3002 186
3000 186
3000 187
2999 187
2999 188
2998 188
2998 189
2990 189
2990 188
2989 188
2989 187
2987 187
2987 186
2985 186
2985 185
2984 185
2984 184
2983 184
2983 183
2982 183
2982 182
2981 182
2981 181
2980 181
2980 180
2979 180
2979 179
2978 179
2978 178
2975 178
2975 177
2968 177
2968 178
2956 178
2956 177
2950 177
2950 176
2944 176
2944 175
2942 175
2942 174
2938 174
2938 173
2936 173
2936 172
2929 172
2929 171
2919 171
