2740 761
2739 761
2739 762
2738 762
2738 764
2737 764
2737 765
2735 765
2735 767
2734 767
2734 768
2732 768
2732 769
2729 769
2729 770
2728 770
2728 771
2727 771
2727 772
2726 772
2726 773
2724 773
2724 774
2723 774
2723 775
2722 775
2722 776
2720 776
2720 777
2719 777
2719 778
2718 778
2718 779
2717 779
2717 781
2714 781
2714 782
2711 782
2711 786
2709 786
2709 787
2706 787
2706 789
2705 789
2705 790
2703 790
2703 791
2701 791
2701 792
2700 792
2700 793
2699 793
2699 794
2698 794
2698 796
2694 796
2694 798
2693 798
2693 799
2690 799
2690 800
2689 800
2689 801
2688 801
2688 802
2685 802
2685 803
2684 803
2684 804
2681 804
2681 805
2680 805
2680 806
2679 806
2679 808
2678 808
2678 809
2676 809
2676 812
2675 812
2675 814
2672 814
2672 815
2671 815
2671 816
2670 816
2670 821
2669 821
2669 822
2668 822
2668 824
2667 824
2667 825
2665 825
2665 826
2664 826
2664 828
2663 828
2663 829
2660 829
2660 831
2659 831
2659 832
2658 832
2658 833
2655 833
2655 834
2653 834
2653 835
2652 835
2652 836
2650 836
2650 837
2649 837
2649 838
2647 838
2647 839
2646 839
2646 841
2645 841
2645 842
2644 842
2644 843
2641 843
2641 844
2633 844
2633 843
2628 843
2628 844
2625 844
2625 843
2624 843
2624 844
2621 844
2621 845
2619 845
2619 846
2618 846
2618 847
2617 847
2617 848
2616 848
2616 849
2606 849
2606 848
2602 848
2602 849
2601 849
2601 850
2599 850
2599 851
2597 851
2597 852
2588 852
2588 851
2587 851
2587 850
2586 850
2586 849
2579 849
2579 848
2576 848
2576 847
2574 847
2574 846
2569 846
2569 845
2560 845
2560 846
2556 846
2556 847
2553 847
2553 848
2551 848
2551 849
2547 849
2547 850
2545 850
2545 851
2541 851
2541 852
2536 852
2536 851
2534 851
2534 850
2532 850
2532 849
2531 849
2531 848
2527 848
2527 849
2526 849
2526 850
2522 850
2522 851
2516 851
2516 850
2515 850
2515 849
2514 849
2514 848
2513 848
2513 847
2512 847
2512 846
2511 846
2511 844
2506 844
2506 843
2497 843
2497 842
2488 842
2488 841
2487 841
2487 840
2486 840
2486 839
2484 839
2484 838
2483 838
2483 837
2481 837
2481 836
2476 836
2476 838
2475 838
2475 840
2474 840
2474 841
2473 841
2473 842
2472 842
2472 843
2471 843
2471 844
2464 844
2464 845
2462 845
2462 846
2461 846
2461 853
2460 853
2460 855
2459 855
2459 856
2458 856
2458 857
2453 857
2453 858
2450 858
2450 859
2448 859
2448 860
2444 860
2444 861
2441 861
2441 862
2428 862
2428 863
2427 863
2427 864
2426 864
2426 865
2415 865
2415 866
2411 866
2411 868
2410 868
2410 869
2409 869
2409 870
2399 870
2399 871
2398 871
2398 872
2395 872
2395 873
2388 873
2388 874
2387 874
2387 875
2386 875
2386 876
2384 876
2384 875
2379 875
2379 876
2378 876
2378 877
2376 877
2376 878
2375 878
2375 879
2374 879
2374 881
2372 881
2372 880
2365 880
2365 881
2363 881
2363 882
2362 882
2362 884
2361 884
2361 885
2359 885
2359 886
2358 886
2358 887
2357 887
2357 888
2356 888
2356 887
2355 887
2355 886
2349 886
2349 885
2345 885
2345 884
2342 884
2342 883
2334 883
2334 885
2333 885
2333 886
2331 886
2331 887
2325 887
2325 888
2322 888
2322 889
2320 889
2320 890
2318 890
2318 891
2317 891
2317 893
2316 893
2316 896
2315 896
2315 898
2314 898
2314 899
2307 899
2307 900
2305 900
2305 901
2301 901
2301 902
2299 902
2299 903
2296 903
2296 904
2291 904
2291 905
2287 905
2287 906
2284 906
2284 907
2277 907
2277 908
2273 908
2273 909
2272 909
2272 910
2270 910
2270 911
2268 911
2268 912
2267 912
2267 913
2266 913
2266 914
2265 914
2265 915
2264 915
2264 916
2262 916
2262 917
2257 917
2257 916
2252 916
2252 917
2251 917
2251 918
2250 918
2250 919
2249 919
2249 921
2248 921
2248 922
2242 922
2242 921
2233 921
2233 920
2229 920
2229 919
2227 919
2227 918
2226 918
2226 917
2225 917
2225 916
2224 916
2224 914
2223 914
2223 913
2221 913
2221 912
2217 912
2217 911
2212 911
2212 910
2210 910
2210 909
2207 909
2207 908
2204 908
2204 907
2199 907
2199 906
2197 906
2197 905
2196 905
2196 904
2195 904
2195 903
2194 903
2194 902
2191 902
2191 901
2187 901
2187 900
2185 900
2185 899
2176 899
2176 898
2167 898
2167 897
2157 897
2157 896
2153 896
2153 895
2144 895
2144 896
2137 896
2137 895
2136 895
2136 896
2133 896
2133 895
2126 895
2126 894
2122 894
2122 895
2119 895
2119 899
2118 899
2118 900
2117 900
2117 901
2116 901
2116 903
2115 903
2115 905
2114 905
2114 906
2113 906
2113 907
2111 907
2111 908
2110 908
2110 909
2109 909
2109 910
2108 910
2108 911
2105 911
2105 912
2102 912
2102 911
2097 911
2097 912
2095 912
2095 915
2094 915
2094 916
2091 916
2091 917
2088 917
2088 918
2085 918
2085 919
2084 919
2084 920
2083 920
2083 921
2080 921
2080 922
2075 922
2075 921
2074 921
2074 920
2073 920
2073 919
2072 919
2072 917
2071 917
2071 916
2070 916
2070 914
2068 914
2068 913
2067 913
2067 912
2064 912
2064 911
2058 911
2058 910
2056 910
2056 909
2052 909
2052 908
2051 908
2051 906
2050 906
2050 903
2049 903
2049 902
2048 902
2048 897
2047 897
2047 896
2046 896
2046 895
2044 895
2044 894
2043 894
2043 892
2042 892
2042 891
2041 891
2041 890
2040 890
2040 889
2039 889
2039 887
2037 887
2037 886
2036 886
2036 885
2035 885
2035 884
2034 884
2034 883
2033 883
2033 882
2032 882
2032 880
2031 880
2031 877
2030 877
2030 875
2029 875
2029 874
2028 874
2028 873
2027 873
2027 872
2026 872
2026 871
2025 871
2025 870
2024 870
2024 868
2023 868
2023 866
2022 866
2022 865
2021 865
2021 863
2020 863
2020 862
2019 862
2019 861
2016 861
2016 860
2014 860
2014 864
2013 864
2013 865
2012 865
2012 868
2010 868
2010 869
2009 869
2009 870
2006 870
2006 871
1998 871
1998 870
1996 870
1996 871
1995 871
1995 873
1994 873
1994 875
1992 875
1992 876
1991 876
1991 877
1988 877
1988 878
1983 878
1983 880
1980 880
1980 881
1975 881
1975 883
1974 883
1974 884
1973 884
1973 885
1966 885
1966 886
1956 886
1956 887
1945 887
1945 888
1944 888
1944 887
1940 887
1940 888
1937 888
1937 889
1936 889
1936 890
1935 890
1935 891
1933 891
1933 892
1931 892
1931 893
1923 893
1923 895
1922 895
1922 896
1921 896
1921 897
1920 897
1920 898
1913 898
1913 899
1912 899
1912 900
1911 900
1911 901
1898 901
1898 899
1890 899
1890 898
1889 898
1889 897
1888 897
1888 896
1886 896
1886 895
1885 895
1885 894
1884 894
1884 893
1883 893
1883 892
1877 892
1877 891
1876 891
1876 890
1873 890
1873 889
1872 889
1872 887
1868 887
1868 886
1867 886
1867 885
1863 885
1863 884
1862 884
1862 883
1852 883
1852 882
1851 882
1851 881
1849 881
1849 882
1848 882
1848 883
1845 883
1845 882
1829 882
1829 881
1824 881
1824 880
1822 880
1822 879
1821 879
1821 878
1820 878
1820 877
1819 877
1819 876
1818 876
1818 875
1816 875
1816 874
1808 874
1808 873
1807 873
1807 872
1806 872
1806 871
1804 871
1804 870
1803 870
1803 869
1802 869
1802 868
1801 868
1801 865
1800 865
1800 863
1799 863
1799 862
1798 862
1798 859
1797 859
1797 858
1795 858
1795 857
1793 857
1793 855
1792 855
1792 854
1791 854
1791 853
1788 853
1788 852
1784 852
1784 851
1783 851
1783 850
1782 850
1782 848
1781 848
1781 847
1780 847
1780 845
1779 845
1779 843
1778 843
1778 842
1777 842
1777 840
1776 840
1776 839
1775 839
1775 838
1774 838
1774 837
1773 837
1773 836
1771 836
1771 835
1769 835
1769 834
1768 834
1768 833
1767 833
1767 832
1765 832
1765 831
1764 831
1764 829
1763 829
1763 828
1762 828
1762 827
1761 827
1761 826
1760 826
1760 825
1759 825
1759 824
1758 824
1758 822
1757 822
1757 820
1756 820
1756 817
1755 817
1755 813
1754 813
1754 810
1753 810
1753 809
1752 809
1752 808
1751 808
1751 807
1750 807
1750 806
1747 806
1747 805
1746 805
1746 804
1745 804
1745 803
1744 803
1744 801
1743 801
1743 800
1742 800
1742 798
1741 798
1741 797
1740 797
1740 796
1739 796
1739 793
1738 793
1738 792
1737 792
1737 791
1733 791
1733 790
1729 790
1729 789
1726 789
1726 788
1725 788
1725 787
1721 787
1721 786
1714 786
1714 785
1713 785
1713 784
1705 784
1705 783
1701 783
1701 782
1684 782
1684 781
1681 781
1681 782
1667 782
1667 783
1666 783
1666 784
1660 784
1660 786
1647 786
1647 787
1643 787
1643 788
1642 788
1642 787
1637 787
1637 786
1636 786
1636 787
1635 787
1635 788
1633 788
1633 789
1632 789
1632 788
1624 788
1624 789
1621 789
1621 788
1615 788
1615 787
1614 787
1614 786
1611 786
1611 785
1610 785
1610 784
1609 784
1609 783
1607 783
1607 782
1604 782
1604 781
1600 781
1600 780
1599 780
1599 779
1598 779
1598 778
1596 778
1596 777
1595 777
1595 776
1594 776
1594 775
1593 775
1593 772
1592 772
1592 770
1591 770
1591 769
1590 769
1590 768
1589 768
1589 767
1588 767
1588 765
1587 765
1587 764
1586 764
1586 763
1584 763
1584 762
1583 762
1583 761
1582 761
1582 759
1581 759
1581 757
1580 757
1580 756
1577 756
1577 755
1574 755
1574 754
1567 754
1567 753
1565 753
1565 752
1563 752
1563 751
1557 751
1557 750
1556 750
1556 749
1555 749
1555 748
1553 748
1553 747
1552 747
1552 746
1551 746
1551 745
1546 745
1546 744
1544 744
1544 743
1543 743
1543 741
1541 741
1541 740
1540 740
1540 739
1539 739
1539 738
1538 738
1538 737
1537 737
1537 736
1536 736
1536 735
1535 735
1535 723
1530 723
1530 721
1529 721
1529 720
1526 720
1526 719
1525 719
1525 718
1524 718
1524 713
1520 713
1520 712
1519 712
1519 711
1518 711
1518 710
1517 710
1517 709
1516 709
1516 708
1515 708
1515 703
1514 703
1514 702
1513 702
1513 695
1514 695
1514 694
1515 694
1515 685
1513 685
1513 684
1512 684
1512 682
1509 682
1509 683
1508 683
1508 684
1507 684
1507 685
1506 685
1506 686
1504 686
1504 685
1502 685
1502 684
1500 684
1500 683
1495 683
1495 684
1493 684
1493 683
1491 683
1491 682
1489 682
1489 683
1487 683
1487 682
1486 682
1486 681
1477 681
1477 680
1476 680
1476 679
1475 679
1475 678
1474 678
1474 677
1473 677
1473 676
1472 676
1472 674
1469 674
1469 672
1468 672
1468 671
1467 671
1467 670
1466 670
1466 671
1464 671
1464 670
1455 670
1455 671
1453 671
1453 672
1452 672
1452 673
1451 673
1451 674
1439 674
1439 673
1434 673
1434 672
1431 672
1431 671
1430 671
1430 670
1428 670
1428 669
1427 669
1427 668
1426 668
1426 667
1422 667
1422 666
1421 666
1421 665
1420 665
1420 664
1419 664
1419 663
1418 663
1418 662
1417 662
1417 661
1416 661
1416 660
1415 660
1415 659
1411 659
1411 657
1408 657
1408 656
1404 656
1404 655
1402 655
1402 654
1398 654
1398 653
1397 653
1397 652
1394 652
1394 651
1392 651
1392 650
1390 650
1390 649
1387 649
1387 648
1385 648
1385 647
1383 647
1383 646
1382 646
1382 645
1381 645
1381 644
1380 644
1380 643
1379 643
1379 641
1378 641
1378 640
1377 640
1377 639
1376 639
1376 638
1375 638
1375 637
1374 637
1374 633
1373 633
1373 628
1372 628
1372 624
1371 624
1371 623
1370 623
1370 622
1367 622
1367 621
1366 621
1366 620
1364 620
1364 619
1363 619
1363 618
1362 618
1362 617
1361 617
1361 616
1359 616
1359 615
1358 615
1358 613
1357 613
1357 611
1356 611
1356 610
1355 610
1355 609
1354 609
1354 608
1352 608
1352 607
1351 607
1351 606
1350 606
1350 605
1349 605
1349 604
1347 604
1347 603
1346 603
1346 602
1344 602
1344 601
1341 601
1341 600
1340 600
1340 598
1337 598
1337 597
1335 597
1335 596
1333 596
1333 595
1330 595
1330 594
1327 594
1327 593
1325 593
1325 592
1322 592
1322 591
1321 591
1321 590
1320 590
1320 589
1319 589
1319 588
1318 588
1318 587
1317 587
1317 586
1316 586
1316 584
1315 584
1315 580
1314 580
1314 577
1313 577
1313 576
1312 576
1312 575
1310 575
1310 574
1309 574
1309 573
1308 573
1308 572
1307 572
1307 571
1305 571
1305 570
1297 570
1297 569
1294 569
1294 568
1291 568
1291 567
1288 567
1288 566
1287 566
1287 565
1286 565
1286 564
1285 564
1285 563
1284 563
1284 562
1283 562
1283 561
1282 561
1282 560
1281 560
1281 558
1280 558
1280 556
1279 556
1279 555
1278 555
1278 547
1277 547
1277 545
1276 545
1276 544
1275 544
1275 542
1274 542
1274 541
1273 541
1273 540
1272 540
1272 538
1271 538
1271 537
1270 537
1270 536
1269 536
1269 535
1267 535
1267 534
1266 534
1266 533
1265 533
1265 530
1264 530
1264 528
1263 528
1263 526
1262 526
1262 521
1260 521
1260 520
1259 520
1259 519
1258 519
1258 517
1256 517
1256 516
1255 516
1255 515
1254 515
1254 514
1253 514
1253 513
1251 513
1251 512
1248 512
1248 511
1247 511
1247 510
1246 510
1246 509
1244 509
1244 508
1243 508
1243 506
1241 506
1241 505
1240 505
1240 504
1239 504
1239 503
1238 503
1238 502
1237 502
1237 500
1236 500
1236 498
1235 498
1235 497
1234 497
1234 495
1233 495
1233 492
1232 492
1232 488
1231 488
1231 483
1230 483
1230 482
1229 482
1229 481
1228 481
1228 480
1227 480
1227 479
1226 479
1226 478
1225 478
1225 477
1224 477
1224 475
1223 475
1223 474
1221 474
1221 473
1220 473
1220 472
1219 472
1219 471
1218 471
1218 469
1217 469
1217 468
1216 468
1216 467
1215 467
1215 466
1214 466
1214 465
1213 465
1213 464
1212 464
1212 463
1210 463
1210 462
1209 462
1209 461
1208 461
1208 460
1207 460
1207 459
1206 459
1206 458
1205 458
1205 456
1204 456
1204 454
1203 454
1203 451
1202 451
1202 449
1201 449
1201 448
1200 448
1200 447
1199 447
1199 441
1197 441
1197 440
1196 440
1196 439
1195 439
1195 438
1193 438
1193 437
1192 437
1192 436
1188 436
1188 435
1181 435
1181 434
1180 434
1180 430
1179 430
1179 429
1176 429
1176 424
1175 424
1175 423
1174 423
1174 422
1173 422
1173 421
1172 421
1172 420
1171 420
1171 419
1169 419
1169 418
1165 418
1165 417
1163 417
1163 416
1161 416
1161 415
1155 415
1155 414
1152 414
1152 413
1148 413
1148 412
1147 412
1147 411
1145 411
1145 410
1143 410
1143 409
1140 409
1140 408
1136 408
1136 407
1131 407
1131 406
1130 406
1130 405
1127 405
1127 404
1126 404
1126 403
1123 403
1123 402
1122 402
1122 401
1121 401
1121 399
1120 399
1120 398
1119 398
1119 395
1118 395
1118 394
1117 394
1117 387
1118 387
1118 379
1117 379
1117 377
1116 377
1116 376
1115 376
1115 374
1113 374
1113 373
1112 373
1112 372
1111 372
1111 371
1110 371
1110 370
1109 370
1109 368
1108 368
1108 367
1106 367
1106 366
1105 366
1105 364
1104 364
1104 360
1103 360
1103 359
1102 359
1102 358
1100 358
1100 357
1099 357
1099 356
1098 356
1098 355
1097 355
1097 353
1096 353
1096 352
1095 352
1095 351
1094 351
1094 349
1093 349
1093 347
1092 347
1092 346
1090 346
1090 345
1088 345
1088 344
1087 344
1087 343
1086 343
1086 341
1085 341
1085 340
1084 340
1084 339
1083 339
1083 337
1082 337
1082 336
1080 336
1080 335
1079 335
1079 334
1078 334
1078 333
1077 333
1077 332
1076 332
1076 331
1075 331
1075 330
1074 330
1074 327
1073 327
1073 326
1071 326
1071 325
1070 325
1070 324
1069 324
1069 323
1066 323
1066 322
1065 322
1065 321
1064 321
1064 320
1063 320
1063 317
1062 317
1062 313
1061 313
1061 312
1060 312
1060 310
1059 310
1059 309
1058 309
1058 308
1056 308
1056 307
1055 307
1055 306
1054 306
1054 305
1053 305
1053 304
1052 304
1052 303
1048 303
1048 302
1047 302
1047 301
1045 301
1045 300
1043 300
1043 299
1033 299
1033 298
1028 298
1028 297
1027 297
1027 296
1026 296
1026 295
1025 295
1025 294
1023 294
1023 293
1022 293
1022 292
1021 292
1021 289
1020 289
1020 287
1019 287
1019 286
1018 286
1018 280
1017 280
1017 278
1016 278
1016 276
1015 276
1015 275
1014 275
1014 271
1012 271
1012 270
1011 270
1011 269
1010 269
1010 268
1009 268
1009 267
1008 267
1008 264
1007 264
1007 263
1006 263
1006 260
1005 260
1005 259
1004 259
1004 258
1001 258
1001 257
997 257
997 256
996 256
996 255
995 255
995 254
994 254
994 252
992 252
992 251
991 251
991 250
990 250
990 239
989 239
989 230
988 230
988 228
987 228
987 226
986 226
986 225
985 225
985 224
984 224
984 221
981 221
981 220
980 220
980 219
979 219
979 217
978 217
978 216
977 216
977 208
976 208
976 204
975 204
975 198
974 198
974 196
973 196
973 195
972 195
972 194
971 194
971 193
970 193
970 192
969 192
969 190
968 190
968 189
967 189
967 187
966 187
966 186
965 186
965 183
964 183
964 181
963 181
963 180
962 180
962 179
960 179
960 178
959 178
959 176
957 176
957 175
956 175
956 171
955 171
955 169
954 169
954 168
953 168
953 167
952 167
952 166
951 166
951 165
950 165
950 164
949 164
949 163
948 163
948 161
947 161
947 159
946 159
946 158
945 158
945 157
942 157
942 156
941 156
941 155
940 155
940 154
939 154
939 152
938 152
938 151
937 151
937 150
936 150
936 144
932 144
932 143
931 143
931 141
930 141
930 140
929 140
929 139
928 139
928 137
927 137
927 109
926 109
926 106
925 106
925 105
924 105
924 103
923 103
923 101
922 101
922 99
921 99
921 87
920 87
920 81
919 81
919 79
918 79
918 77
917 77
917 76
916 76
916 75
915 75
915 74
914 74
914 73
912 73
912 72
910 72
910 71
909 71
909 69
908 69
908 68
907 68
907 65
906 65
906 64
905 64
905 63
904 63
904 62
903 62
903 61
900 61
900 60
899 60
899 59
897 59
897 58
896 58
896 57
894 57
894 56
892 56
892 55
889 55
889 54
888 54
888 52
887 52
887 50
886 50
886 48
885 48
885 47
883 47
883 46
882 46
882 45
881 45
881 44
880 44
880 42
879 42
879 39
878 39
878 38
879 38
879 39
880 39
880 42
881 42
881 44
882 44
882 45
883 45
883 46
885 46
885 47
886 47
886 48
887 48
887 50
888 50
888 52
889 52
889 54
892 54
892 55
894 55
894 56
896 56
896 57
897 57
897 58
899 58
899 59
900 59
900 60
903 60
903 61
904 61
904 62
905 62
905 63
906 63
906 64
907 64
907 65
908 65
908 68
909 68
909 69
910 69
910 71
912 71
912 72
914 72
914 73
915 73
915 74
916 74
916 75
917 75
917 76
918 76
918 77
919 77
919 79
920 79
920 81
921 81
921 87
922 87
922 99
923 99
923 101
924 101
924 103
925 103
925 105
926 105
926 106
927 106
927 109
928 109
928 137
929 137
929 139
930 139
930 140
931 140
931 141
932 141
932 143
936 143
936 144
937 144
937 150
938 150
938 151
939 151
939 152
940 152
940 154
941 154
941 155
942 155
942 156
945 156
945 157
946 157
946 158
947 158
947 159
948 159
948 161
949 161
949 163
950 163
950 164
951 164
951 165
952 165
952 166
953 166
953 167
954 167
954 168
955 168
955 169
956 169
956 171
957 171
957 175
959 175
959 176
960 176
960 178
962 178
962 179
963 179
963 180
964 180
964 181
965 181
965 183
966 183
966 186
967 186
967 187
968 187
968 189
969 189
969 190
970 190
970 192
971 192
971 193
972 193
972 194
973 194
973 195
974 195
974 196
975 196
975 198
976 198
976 204
977 204
977 208
978 208
978 216
979 216
979 217
980 217
980 219
981 219
981 220
984 220
984 221
985 221
985 224
986 224
986 225
987 225
987 226
988 226
988 228
989 228
989 230
990 230
990 239
991 239
991 250
992 250
992 251
994 251
994 252
995 252
995 254
996 254
996 255
997 255
997 256
1001 256
1001 257
1004 257
1004 258
1005 258
1005 259
1006 259
1006 260
1007 260
1007 263
1008 263
1008 264
1009 264
1009 267
1010 267
1010 268
1011 268
1011 269
1012 269
1012 270
1014 270
1014 271
1015 271
1015 275
1016 275
1016 276
1017 276
1017 278
1018 278
1018 280
1019 280
1019 286
1020 286
1020 287
1021 287
1021 289
1022 289
1022 292
1023 292
1023 293
1025 293
1025 294
1026 294
1026 295
1027 295
1027 296
1028 296
1028 297
1033 297
1033 298
1043 298
1043 299
1045 299
1045 300
1047 300
1047 301
1048 301
1048 302
1052 302
1052 303
1053 303
1053 304
1054 304
1054 305
1055 305
1055 306
1056 306
1056 307
1058 307
1058 308
1059 308
1059 309
1060 309
1060 310
1061 310
1061 312
1062 312
1062 313
1063 313
1063 317
1064 317
1064 320
1065 320
1065 321
1066 321
1066 322
1069 322
1069 323
1070 323
1070 324
1071 324
1071 325
1073 325
1073 326
1074 326
1074 327
1075 327
1075 330
1076 330
1076 331
1077 331
1077 332
1078 332
1078 333
1079 333
1079 334
1080 334
1080 335
1082 335
1082 336
1083 336
1083 337
1084 337
1084 339
1085 339
1085 340
1086 340
1086 341
1087 341
1087 343
1088 343
1088 344
1090 344
1090 345
1092 345
1092 346
1093 346
1093 347
1094 347
1094 349
1095 349
1095 351
1096 351
1096 352
1097 352
1097 353
1098 353
1098 355
1099 355
1099 356
1100 356
1100 357
1102 357
1102 358
1103 358
1103 359
1104 359
1104 360
1105 360
1105 364
1106 364
1106 366
1108 366
1108 367
1109 367
1109 368
1110 368
1110 370
1111 370
1111 371
1112 371
1112 372
1113 372
1113 373
1115 373
1115 374
1116 374
1116 376
1117 376
1117 377
1118 377
1118 379
1119 379
1119 387
1118 387
1118 394
1119 394
1119 395
1120 395
1120 398
1121 398
1121 399
1122 399
1122 401
1123 401
1123 402
1126 402
1126 403
1127 403
1127 404
1130 404
1130 405
1131 405
1131 406
1136 406
1136 407
1140 407
1140 408
1143 408
1143 409
1145 409
1145 410
1147 410
1147 411
1148 411
1148 412
1152 412
1152 413
1155 413
1155 414
1161 414
1161 415
1163 415
1163 416
1165 416
1165 417
1169 417
1169 418
1171 418
1171 419
1172 419
1172 420
1173 420
1173 421
1174 421
1174 422
1175 422
1175 423
1176 423
1176 424
1177 424
1177 428
1179 428
1179 429
1180 429
1180 430
1181 430
1181 434
1188 434
1188 435
1192 435
1192 436
1193 436
1193 437
1195 437
1195 438
1196 438
1196 439
1197 439
1197 440
1199 440
1199 441
1200 441
1200 447
1201 447
1201 448
1202 448
1202 449
1203 449
1203 451
1204 451
1204 454
1205 454
1205 456
1206 456
1206 458
1207 458
1207 459
1208 459
1208 460
1209 460
1209 461
1210 461
1210 462
1212 462
1212 463
1213 463
1213 464
1214 464
1214 465
1215 465
1215 466
1216 466
1216 467
1217 467
1217 468
1218 468
1218 469
1219 469
1219 471
1220 471
1220 472
1221 472
1221 473
1223 473
1223 474
1224 474
1224 475
1225 475
1225 477
1226 477
1226 478
1227 478
1227 479
1228 479
1228 480
1229 480
1229 481
1230 481
1230 482
1231 482
1231 483
1232 483
1232 488
1233 488
1233 492
1234 492
1234 495
1235 495
1235 497
1236 497
1236 498
1237 498
1237 500
1238 500
1238 502
1239 502
1239 503
1240 503
1240 504
1241 504
1241 505
1243 505
1243 506
1244 506
1244 508
1246 508
1246 509
1248 509
1248 511
1251 511
1251 512
1253 512
1253 513
1254 513
1254 514
1255 514
1255 515
1256 515
1256 516
1258 516
1258 517
1259 517
1259 519
1260 519
1260 520
1262 520
1262 521
1263 521
1263 526
1264 526
1264 528
1265 528
1265 530
1266 530
1266 533
1267 533
1267 534
1269 534
1269 535
1270 535
1270 536
1271 536
1271 537
1272 537
1272 538
1273 538
1273 540
1274 540
1274 541
1275 541
1275 542
1276 542
1276 544
1277 544
1277 545
1278 545
1278 547
1279 547
1279 555
1280 555
1280 556
1281 556
1281 558
1282 558
1282 560
1283 560
1283 561
1284 561
1284 562
1285 562
1285 563
1286 563
1286 564
1287 564
1287 565
1288 565
1288 566
1291 566
1291 567
1294 567
1294 568
1297 568
1297 569
1305 569
1305 570
1307 570
1307 571
1308 571
1308 572
1309 572
1309 573
1310 573
1310 574
1312 574
1312 575
1313 575
1313 576
1314 576
1314 577
1315 577
1315 580
1316 580
1316 584
1317 584
1317 586
1318 586
1318 587
1319 587
1319 588
1320 588
1320 589
1321 589
1321 590
1322 590
1322 591
1325 591
1325 592
1327 592
1327 593
1330 593
1330 594
1333 594
1333 595
1335 595
1335 596
1337 596
1337 597
1340 597
1340 598
1341 598
1341 600
1344 600
1344 601
1346 601
1346 602
1347 602
1347 603
1349 603
1349 604
1350 604
1350 605
1351 605
1351 606
1352 606
1352 607
1354 607
1354 608
1355 608
1355 609
1356 609
1356 610
1357 610
1357 611
1358 611
1358 613
1359 613
1359 615
1361 615
1361 616
1362 616
1362 617
1363 617
1363 618
1364 618
1364 619
1366 619
1366 620
1367 620
1367 621
1370 621
1370 622
1371 622
1371 623
1372 623
1372 624
1373 624
1373 628
1374 628
1374 633
1375 633
1375 637
1376 637
1376 638
1377 638
1377 639
1378 639
1378 640
1379 640
1379 641
1380 641
1380 643
1381 643
1381 644
1382 644
1382 645
1383 645
1383 646
1385 646
1385 647
1387 647
1387 648
1390 648
1390 649
1392 649
1392 650
1394 650
1394 651
1397 651
1397 652
1398 652
1398 653
1402 653
1402 654
1404 654
1404 655
1408 655
1408 656
1411 656
1411 657
1412 657
1412 658
1415 658
1415 659
1416 659
1416 660
1417 660
1417 661
1418 661
1418 662
1419 662
1419 663
1420 663
1420 664
1421 664
1421 665
1422 665
1422 666
1426 666
1426 667
1427 667
1427 668
1428 668
1428 669
1430 669
1430 670
1431 670
1431 671
1434 671
1434 672
1439 672
1439 673
1451 673
1451 672
1452 672
1452 671
1453 671
1453 670
1455 670
1455 669
1464 669
1464 670
1466 670
1466 669
1467 669
1467 670
1468 670
1468 671
1469 671
1469 672
1470 672
1470 673
1472 673
1472 674
1473 674
1473 676
1474 676
1474 677
1475 677
1475 678
1476 678
1476 679
1477 679
1477 680
1487 680
1487 682
1489 682
1489 681
1491 681
1491 682
1493 682
1493 683
1495 683
1495 682
1500 682
1500 683
1502 683
1502 684
1504 684
1504 685
1506 685
1506 684
1507 684
1507 683
1508 683
1508 682
1509 682
1509 681
1513 681
1513 684
1516 684
1516 694
1515 694
1515 695
1514 695
1514 702
1515 702
1515 703
1516 703
1516 708
1517 708
1517 709
1518 709
1518 710
1519 710
1519 711
1520 711
1520 712
1524 712
1524 713
1525 713
1525 718
1526 718
1526 719
1529 719
1529 720
1530 720
1530 721
1531 721
1531 722
1535 722
1535 723
1536 723
1536 735
1537 735
1537 736
1538 736
1538 737
1539 737
1539 738
1540 738
1540 739
1541 739
1541 740
1543 740
1543 741
1544 741
1544 743
1546 743
1546 744
1551 744
1551 745
1552 745
1552 746
1553 746
1553 747
1555 747
1555 748
1556 748
1556 749
1557 749
1557 750
1563 750
1563 751
1565 751
1565 752
1567 752
1567 753
1574 753
1574 754
1577 754
1577 755
1580 755
1580 756
1581 756
1581 757
1582 757
1582 759
1583 759
1583 761
1584 761
1584 762
1586 762
1586 763
1587 763
1587 764
1588 764
1588 765
1589 765
1589 767
1590 767
1590 768
1591 768
1591 769
1592 769
1592 770
1593 770
1593 772
1594 772
1594 775
1595 775
1595 776
1596 776
1596 777
1598 777
1598 778
1599 778
1599 779
1600 779
1600 780
1604 780
1604 781
1607 781
1607 782
1609 782
1609 783
1610 783
1610 784
1611 784
1611 785
1614 785
1614 786
1615 786
1615 787
1621 787
1621 788
1623 788
1623 787
1632 787
1632 788
1633 788
1633 787
1635 787
1635 785
1637 785
1637 786
1642 786
1642 787
1643 787
1643 786
1647 786
1647 785
1659 785
1659 784
1660 784
1660 783
1666 783
1666 782
1667 782
1667 781
1681 781
1681 780
1684 780
1684 781
1701 781
1701 782
1705 782
1705 783
1713 783
1713 784
1714 784
1714 785
1721 785
1721 786
1725 786
1725 787
1726 787
1726 788
1729 788
1729 789
1733 789
1733 790
1737 790
1737 791
1738 791
1738 792
1739 792
1739 793
1740 793
1740 796
1741 796
1741 797
1742 797
1742 798
1743 798
1743 800
1744 800
1744 801
1745 801
1745 803
1746 803
1746 804
1747 804
1747 805
1750 805
1750 806
1751 806
1751 807
1752 807
1752 808
1753 808
1753 809
1754 809
1754 810
1755 810
1755 813
1756 813
1756 817
1757 817
1757 820
1758 820
1758 822
1759 822
1759 824
1760 824
1760 825
1761 825
1761 826
1762 826
1762 827
1763 827
1763 828
1764 828
1764 829
1765 829
1765 831
1767 831
1767 832
1768 832
1768 833
1769 833
1769 834
1771 834
1771 835
1773 835
1773 836
1774 836
1774 837
1775 837
1775 838
1776 838
1776 839
1777 839
1777 840
1778 840
1778 842
1779 842
1779 843
1780 843
1780 845
1781 845
1781 847
1782 847
1782 848
1783 848
1783 850
1784 850
1784 851
1788 851
1788 852
1792 852
1792 854
1793 854
1793 855
1794 855
1794 856
1795 856
1795 857
1797 857
1797 858
1798 858
1798 859
1799 859
1799 862
1800 862
1800 863
1801 863
1801 865
1802 865
1802 868
1803 868
1803 869
1804 869
1804 870
1806 870
1806 871
1807 871
1807 872
1808 872
1808 873
1816 873
1816 874
1818 874
1818 875
1819 875
1819 876
1820 876
1820 877
1821 877
1821 878
1822 878
1822 879
1824 879
1824 880
1829 880
1829 881
1845 881
1845 882
1848 882
1848 881
1849 881
1849 880
1851 880
1851 881
1852 881
1852 882
1862 882
1862 883
1863 883
1863 884
1867 884
1867 885
1868 885
1868 886
1872 886
1872 887
1873 887
1873 889
1876 889
1876 890
1877 890
1877 891
1883 891
1883 892
1884 892
1884 893
1885 893
1885 894
1886 894
1886 895
1888 895
1888 896
1889 896
1889 897
1890 897
1890 898
1898 898
1898 899
1899 899
1899 900
1911 900
1911 898
1913 898
1913 897
1920 897
1920 896
1921 896
1921 895
1922 895
1922 893
1923 893
1923 892
1931 892
1931 891
1933 891
1933 890
1935 890
1935 889
1936 889
1936 888
1937 888
1937 887
1940 887
1940 886
1944 886
1944 885
1945 885
1945 886
1956 886
1956 885
1966 885
1966 884
1973 884
1973 883
1974 883
1974 880
1980 880
1980 879
1982 879
1982 878
1983 878
1983 877
1988 877
1988 876
1990 876
1990 875
1992 875
1992 874
1993 874
1993 873
1994 873
1994 871
1995 871
1995 870
1996 870
1996 869
1998 869
1998 870
2006 870
2006 869
2009 869
2009 868
2010 868
2010 867
2011 867
2011 865
2012 865
2012 864
2013 864
2013 859
2016 859
2016 860
2019 860
2019 861
2020 861
2020 862
2021 862
2021 863
2022 863
2022 865
2023 865
2023 866
2024 866
2024 868
2025 868
2025 870
2026 870
2026 871
2027 871
2027 872
2028 872
2028 873
2029 873
2029 874
2030 874
2030 875
2031 875
2031 877
2032 877
2032 880
2033 880
2033 882
2034 882
2034 883
2035 883
2035 884
2036 884
2036 885
2037 885
2037 886
2039 886
2039 887
2040 887
2040 889
2041 889
2041 890
2042 890
2042 891
2043 891
2043 892
2044 892
2044 894
2046 894
2046 895
2047 895
2047 896
2048 896
2048 897
2049 897
2049 902
2050 902
2050 903
2051 903
2051 906
2052 906
2052 908
2056 908
2056 909
2058 909
2058 910
2064 910
2064 911
2067 911
2067 912
2068 912
2068 913
2070 913
2070 914
2071 914
2071 916
2072 916
2072 917
2073 917
2073 919
2074 919
2074 920
2075 920
2075 921
2080 921
2080 920
2083 920
2083 919
2084 919
2084 918
2085 918
2085 917
2088 917
2088 916
2091 916
2091 915
2094 915
2094 912
2095 912
2095 911
2097 911
2097 910
2102 910
2102 911
2105 911
2105 910
2108 910
2108 909
2109 909
2109 908
2110 908
2110 907
2111 907
2111 906
2113 906
2113 905
2114 905
2114 903
2115 903
2115 901
2116 901
2116 900
2117 900
2117 899
2118 899
2118 894
2122 894
2122 893
2126 893
2126 894
2133 894
2133 895
2136 895
2136 894
2137 894
2137 895
2144 895
2144 894
2153 894
2153 895
2157 895
2157 896
2167 896
2167 897
2176 897
2176 898
2185 898
2185 899
2187 899
2187 900
2191 900
2191 901
2194 901
2194 902
2195 902
2195 903
2196 903
2196 904
2197 904
2197 905
2199 905
2199 906
2204 906
2204 907
2207 907
2207 908
2210 908
2210 909
2212 909
2212 910
2217 910
2217 911
2221 911
2221 912
2223 912
2223 913
2224 913
2224 914
2225 914
2225 916
2226 916
2226 917
2227 917
2227 918
2229 918
2229 919
2233 919
2233 920
2242 920
2242 921
2248 921
2248 919
2249 919
2249 918
2250 918
2250 917
2251 917
2251 916
2252 916
2252 915
2257 915
2257 916
2262 916
2262 915
2264 915
2264 914
2265 914
2265 913
2266 913
2266 912
2267 912
2267 911
2268 911
2268 910
2270 910
2270 909
2272 909
2272 908
2273 908
2273 907
2277 907
2277 906
2284 906
2284 905
2287 905
2287 904
2291 904
2291 903
2296 903
2296 902
2299 902
2299 901
2301 901
2301 900
2305 900
2305 899
2307 899
2307 898
2314 898
2314 896
2315 896
2315 893
2316 893
2316 891
2317 891
2317 889
2318 889
2318 888
2322 888
2322 887
2325 887
2325 886
2331 886
2331 885
2333 885
2333 883
2334 883
2334 882
2342 882
2342 883
2345 883
2345 884
2349 884
2349 885
2355 885
2355 886
2356 886
2356 887
2357 887
2357 886
2358 886
2358 885
2359 885
2359 884
2361 884
2361 882
2362 882
2362 881
2363 881
2363 880
2365 880
2365 879
2372 879
2372 880
2373 880
2373 879
2374 879
2374 878
2375 878
2375 877
2376 877
2376 876
2378 876
2378 875
2379 875
2379 874
2384 874
2384 875
2386 875
2386 874
2387 874
2387 873
2388 873
2388 872
2395 872
2395 871
2398 871
2398 870
2399 870
2399 869
2409 869
2409 868
2410 868
2410 866
2411 866
2411 865
2415 865
2415 864
2426 864
2426 863
2427 863
2427 862
2428 862
2428 861
2441 861
2441 860
2444 860
2444 859
2448 859
2448 858
2450 858
2450 857
2453 857
2453 856
2458 856
2458 855
2459 855
2459 853
2460 853
2460 846
2461 846
2461 845
2462 845
2462 844
2464 844
2464 843
2471 843
2471 842
2472 842
2472 841
2473 841
2473 840
2474 840
2474 838
2475 838
2475 836
2476 836
2476 835
2481 835
2481 836
2483 836
2483 837
2484 837
2484 838
2486 838
2486 839
2487 839
2487 840
2488 840
2488 841
2497 841
2497 842
2506 842
2506 843
2511 843
2511 844
2512 844
2512 846
2513 846
2513 847
2514 847
2514 848
2515 848
2515 849
2516 849
2516 850
2522 850
2522 849
2526 849
2526 848
2527 848
2527 847
2531 847
2531 848
2532 848
2532 849
2534 849
2534 850
2536 850
2536 851
2541 851
2541 850
2545 850
2545 849
2547 849
2547 848
2551 848
2551 847
2553 847
2553 846
2556 846
2556 845
2560 845
2560 844
2569 844
2569 845
2574 845
2574 846
2576 846
2576 847
2579 847
2579 848
2586 848
2586 849
2587 849
2587 850
2588 850
2588 851
2597 851
2597 850
2599 850
2599 849
2601 849
2601 848
2602 848
2602 847
2606 847
2606 848
2616 848
2616 847
2617 847
2617 846
2618 846
2618 845
2619 845
2619 844
2621 844
2621 843
2624 843
2624 842
2625 842
2625 843
2628 843
2628 842
2633 842
2633 843
2641 843
2641 842
2644 842
2644 841
2645 841
2645 839
2646 839
2646 838
2647 838
2647 837
2649 837
2649 836
2650 836
2650 835
2652 835
2652 834
2653 834
2653 833
2655 833
2655 832
2658 832
2658 831
2659 831
2659 829
2660 829
2660 828
2663 828
2663 825
2665 825
2665 824
2667 824
2667 822
2668 822
2668 820
2669 820
2669 815
2671 815
2671 814
2672 814
2672 813
2674 813
2674 812
2675 812
2675 809
2676 809
2676 808
2678 808
2678 806
2679 806
2679 805
2680 805
2680 804
2681 804
2681 803
2684 803
2684 802
2685 802
2685 801
2688 801
2688 800
2689 800
2689 799
2690 799
2690 798
2693 798
2693 795
2697 795
2697 794
2698 794
2698 793
2699 793
2699 792
2700 792
2700 791
2701 791
2701 790
2703 790
2703 789
2705 789
2705 787
2706 787
2706 786
2709 786
2709 785
2710 785
2710 781
2714 781
2714 780
2716 780
2716 779
2717 779
2717 778
2718 778
2718 777
2719 777
2719 776
2720 776
2720 775
2722 775
2722 774
2723 774
2723 773
2724 773
2724 772
2726 772
2726 771
2727 771
2727 770
2728 770
2728 769
2729 769
2729 768
2732 768
2732 767
2734 767
2734 764
2737 764
2737 762
2738 762
2738 761
2739 761
2739 760
2740 760
2740 759
2741 759
2741 758
2742 758
2742 757
2743 757
2743 756
2746 756
2746 755
2747 755
2747 752
2748 752
2748 751
2750 751
2750 750
2751 750
2751 749
2752 749
2752 748
2753 748
2753 745
2754 745
2754 741
2755 741
2755 737
2756 737
2756 736
2757 736
2757 735
2760 735
2760 734
2761 734
2761 733
2766 733
2766 731
2767 731
2767 730
2769 730
2769 728
2772 728
2772 727
2774 727
2774 726
2777 726
2777 725
2782 725
2782 724
2784 724
2784 723
2787 723
2787 722
2788 722
2788 721
2789 721
2789 720
2790 720
2790 719
2791 719
2791 718
2792 718
2792 717
2794 717
2794 716
2797 716
2797 715
2800 715
2800 714
2801 714
2801 713
2802 713
2802 711
2803 711
2803 709
2804 709
2804 708
2806 708
2806 707
2807 707
2807 706
2809 706
2809 705
2812 705
2812 706
2818 706
2818 705
2820 705
2820 703
2825 703
2825 702
2826 702
2826 701
2829 701
2829 700
2833 700
2833 699
2835 699
2835 698
2838 698
2838 697
2840 697
2840 698
2845 698
2845 699
2846 699
2846 700
2847 700
2847 702
2848 702
2848 706
2849 706
2849 708
2859 708
2859 707
2865 707
2865 706
2869 706
2869 707
2871 707
2871 708
2872 708
2872 709
2874 709
2874 710
2875 710
2875 709
2878 709
2878 708
2881 708
2881 707
2882 707
2882 706
2885 706
2885 705
2886 705
2886 704
2889 704
2889 705
2892 705
2892 704
2893 704
2893 703
2895 703
2895 702
2897 702
2897 700
2898 700
2898 699
2902 699
2902 698
2904 698
2904 697
2905 697
2905 696
2906 696
2906 695
2909 695
2909 694
2911 694
2911 693
2912 693
2912 692
2913 692
2913 691
2914 691
2914 690
2915 690
2915 689
2916 689
2916 688
2920 688
2920 687
2921 687
2921 686
2923 686
2923 685
2925 685
2925 684
2930 684
2930 683
2931 683
2931 682
2933 682
2933 681
2935 681
2935 680
2936 680
2936 679
2937 679
2937 678
2938 678
2938 675
2939 675
2939 673
2940 673
2940 664
2941 664
2941 663
2942 663
2942 660
2941 660
2941 655
2942 655
2942 630
2943 630
2943 626
2948 626
2948 625
2949 625
2949 623
2953 623
2953 622
2954 622
2954 621
2957 621
2957 620
2961 620
2961 618
2962 618
2962 617
2963 617
2963 616
2969 616
2969 615
2970 615
2970 614
2972 614
2972 613
2973 613
2973 612
2975 612
2975 611
2980 611
2980 610
2986 610
2986 609
2987 609
2987 607
2991 607
2991 606
2994 606
2994 605
2998 605
2998 604
2999 604
2999 603
3000 603
3000 602
3001 602
3001 601
3002 601
3002 599
3003 599
3003 591
3004 591
3004 590
3005 590
3005 589
3006 589
3006 588
3007 588
3007 587
3009 587
3009 586
3012 586
3012 585
3013 585
3013 583
3014 583
3014 581
3015 581
3015 580
3016 580
3016 578
3017 578
3017 569
3018 569
3018 554
3019 554
3019 552
3022 552
3022 551
3025 551
3025 549
3026 549
3026 548
3027 548
3027 547
3028 547
3028 546
3029 546
3029 544
3030 544
3030 533
3031 533
3031 528
3030 528
3030 522
3031 522
3031 520
3032 520
3032 510
3031 510
3031 496
3032 496
3032 495
3031 495
3031 490
3032 490
3032 489
3031 489
3031 484
3032 484
3032 481
3033 481
3033 480
3036 480
3036 479
3037 479
3037 478
3038 478
3038 477
3039 477
3039 476
3040 476
3040 475
3042 475
3042 474
3049 474
3049 473
3051 473
3051 471
3052 471
3052 470
3053 470
3053 469
3055 469
3055 467
3056 467
3056 466
3058 466
3058 465
3059 465
3059 464
3060 464
3060 463
3063 463
3063 462
3064 462
3064 461
3066 461
3066 459
3067 459
3067 458
3068 458
3068 456
3069 456
3069 455
3071 455
3071 454
3073 454
3073 453
3075 453
3075 452
3077 452
3077 450
3078 450
3078 449
3079 449
3079 448
3080 448
3080 447
3081 447
3081 442
3082 442
3082 438
3083 438
3083 437
3084 437
3084 436
3085 436
3085 435
3086 435
3086 434
3088 434
3088 433
3090 433
3090 432
3091 432
3091 431
3092 431
3092 430
3093 430
3093 427
3094 427
3094 426
3095 426
3095 411
3096 411
3096 410
3097 410
3097 409
3100 409
3100 408
3101 408
3101 407
3104 407
3104 405
3105 405
3105 404
3106 404
3106 402
3107 402
3107 396
3108 396
3108 395
3109 395
3109 394
3110 394
3110 393
3111 393
3111 392
3112 392
3112 391
3116 391
3116 390
3117 390
3117 388
3118 388
3118 387
3119 387
3119 385
3120 385
3120 376
3121 376
3121 375
3122 375
3122 374
3123 374
3123 373
3125 373
3125 372
3126 372
3126 371
3127 371
3127 370
3128 370
3128 369
3129 369
3129 368
3130 368
3130 367
3131 367
3131 366
3132 366
3132 362
3133 362
3133 360
3134 360
3134 359
3135 359
3135 358
3136 358
3136 357
3137 357
3137 356
3138 356
3138 355
3139 355
3139 354
3141 354
3141 353
3143 353
3143 352
3144 352
3144 350
3145 350
3145 349
3146 349
3146 348
3147 348
3147 347
3149 347
3149 346
3151 346
3151 345
3154 345
3154 344
3155 344
3155 342
3156 342
3156 341
3157 341
3157 335
3158 335
3158 316
3159 316
3159 305
3161 305
3161 304
3162 304
3162 303
3164 303
3164 302
3166 302
3166 301
3168 301
3168 300
3169 300
3169 297
3175 297
3175 296
3177 296
3177 295
3179 295
3179 294
3180 294
3180 292
3181 292
3181 291
3182 291
3182 289
3183 289
3183 286
3184 286
3184 285
3185 285
3185 284
3187 284
3187 283
3188 283
3188 282
3190 282
3190 281
3193 281
3193 280
3194 280
3194 279
3196 279
3196 278
3202 278
3202 277
3205 277
3205 276
3211 276
3211 275
3214 275
3214 274
3215 274
3215 273
3216 273
3216 272
3218 272
3218 271
3220 271
3220 270
3227 270
3227 269
3240 269
3240 268
3243 268
3243 269
3240 269
3240 270
3227 270
3227 271
3220 271
3220 272
3218 272
3218 273
3216 273
3216 274
3215 274
3215 275
3214 275
3214 276
3211 276
3211 277
3205 277
3205 278
3202 278
3202 279
3196 279
3196 280
3194 280
3194 281
3193 281
3193 282
3190 282
3190 283
3188 283
3188 284
3187 284
3187 285
3185 285
3185 286
3184 286
3184 289
3183 289
3183 291
3182 291
3182 292
3181 292
3181 294
3180 294
3180 295
3179 295
3179 296
3177 296
3177 297
3175 297
3175 298
3170 298
3170 300
3169 300
3169 301
3168 301
3168 302
3166 302
3166 303
3164 303
3164 304
3162 304
3162 305
3161 305
3161 306
3160 306
3160 316
3159 316
3159 335
3158 335
3158 341
3157 341
3157 342
3156 342
3156 344
3155 344
3155 345
3154 345
3154 346
3151 346
3151 347
3149 347
3149 348
3147 348
3147 349
3146 349
3146 350
3145 350
3145 352
3144 352
3144 353
3143 353
3143 354
3141 354
3141 355
3139 355
3139 356
3138 356
3138 357
3137 357
3137 358
3136 358
3136 359
3135 359
3135 360
3134 360
3134 362
3133 362
3133 366
3132 366
3132 367
3131 367
3131 368
3130 368
3130 369
3129 369
3129 370
3128 370
3128 371
3127 371
3127 372
3126 372
3126 373
3125 373
3125 374
3123 374
3123 375
3122 375
3122 376
3121 376
3121 386
3120 386
3120 387
3119 387
3119 388
3118 388
3118 390
3117 390
3117 391
3116 391
3116 392
3112 392
3112 393
3111 393
3111 394
3110 394
3110 395
3109 395
3109 396
3108 396
3108 402
3107 402
3107 404
3106 404
3106 405
3105 405
3105 407
3104 407
3104 408
3101 408
3101 409
3100 409
3100 410
3097 410
3097 411
3096 411
3096 426
3095 426
3095 427
3094 427
3094 430
3093 430
3093 431
3092 431
3092 432
3091 432
3091 433
3090 433
3090 434
3088 434
3088 435
3086 435
3086 436
3085 436
3085 437
3084 437
3084 438
3083 438
3083 442
3082 442
3082 447
3081 447
3081 448
3080 448
3080 449
3079 449
3079 450
3078 450
3078 452
3077 452
3077 453
3075 453
3075 454
3073 454
3073 455
3071 455
3071 456
3069 456
3069 458
3068 458
3068 459
3067 459
3067 461
3066 461
3066 462
3064 462
3064 463
3063 463
3063 464
3060 464
3060 465
3059 465
3059 466
3058 466
3058 467
3056 467
3056 469
3055 469
3055 470
3053 470
3053 471
3052 471
3052 473
3051 473
3051 474
3049 474
3049 475
3042 475
3042 476
3040 476
3040 478
3038 478
3038 479
3037 479
3037 480
3036 480
3036 481
3033 481
3033 484
3032 484
3032 489
3033 489
3033 490
3032 490
3032 495
3033 495
3033 496
3032 496
3032 510
3033 510
3033 520
3032 520
3032 522
3031 522
3031 528
3032 528
3032 533
3031 533
3031 544
3030 544
3030 546
3029 546
3029 547
3028 547
3028 548
3027 548
3027 549
3026 549
3026 551
3025 551
3025 552
3022 552
3022 553
3020 553
3020 554
3019 554
3019 569
3018 569
3018 578
3017 578
3017 580
3016 580
3016 581
3015 581
3015 583
3014 583
3014 585
3013 585
3013 586
3012 586
3012 587
3009 587
3009 588
3007 588
3007 589
3006 589
3006 590
3005 590
3005 591
3004 591
3004 599
3003 599
3003 601
3002 601
3002 602
3001 602
3001 603
3000 603
3000 604
2999 604
2999 605
2998 605
2998 606
2994 606
2994 607
2991 607
2991 608
2988 608
2988 609
2987 609
2987 610
2986 610
2986 611
2980 611
2980 612
2975 612
2975 613
2973 613
2973 614
2972 614
2972 615
2970 615
2970 616
2969 616
2969 617
2963 617
2963 618
2962 618
2962 621
2957 621
2957 622
2954 622
2954 623
2953 623
2953 624
2950 624
2950 625
2949 625
2949 626
2948 626
2948 627
2944 627
2944 630
2943 630
2943 655
2942 655
2942 660
2943 660
2943 663
2942 663
2942 664
2941 664
2941 674
2940 674
2940 675
2939 675
2939 678
2938 678
2938 679
2937 679
2937 680
2936 680
2936 681
2935 681
2935 682
2933 682
2933 683
2931 683
2931 684
2930 684
2930 685
2925 685
2925 686
2923 686
2923 687
2921 687
2921 688
2920 688
2920 689
2916 689
2916 690
2915 690
2915 691
2914 691
2914 692
2913 692
2913 693
2912 693
2912 694
2911 694
2911 695
2909 695
2909 696
2906 696
2906 697
2905 697
2905 699
2902 699
2902 700
2898 700
2898 702
2897 702
2897 703
2895 703
2895 704
2893 704
2893 705
2892 705
2892 706
2889 706
2889 705
2886 705
2886 706
2885 706
2885 707
2882 707
2882 708
2881 708
2881 709
2878 709
2878 710
2875 710
2875 711
2874 711
2874 710
2872 710
2872 709
2871 709
2871 708
2869 708
2869 707
2865 707
2865 708
2859 708
2859 709
2849 709
2849 708
2848 708
2848 706
2847 706
2847 702
2846 702
2846 700
2845 700
2845 699
2840 699
2840 698
2838 698
2838 699
2835 699
2835 700
2833 700
2833 701
2829 701
2829 702
2826 702
2826 703
2825 703
2825 704
2821 704
2821 705
2820 705
2820 706
2818 706
2818 707
2812 707
2812 706
2809 706
2809 707
2807 707
2807 708
2806 708
2806 709
2804 709
2804 711
2803 711
2803 713
2802 713
2802 714
2801 714
2801 715
2800 715
2800 716
2797 716
2797 717
2794 717
2794 718
2792 718
2792 719
2791 719
2791 720
2790 720
2790 721
2789 721
2789 722
2788 722
2788 723
2787 723
2787 724
2784 724
2784 725
2782 725
2782 726
2777 726
2777 727
2774 727
2774 728
2772 728
2772 729
2770 729
2770 730
2769 730
2769 731
2767 731
2767 733
2766 733
2766 734
2761 734
2761 735
2760 735
2760 736
2757 736
2757 737
2756 737
2756 741
2755 741
2755 745
2754 745
2754 748
2753 748
2753 749
2752 749
2752 750
2751 750
2751 751
2750 751
2750 752
2748 752
2748 755
2747 755
2747 756
2746 756
2746 757
2743 757
2743 758
2742 758
2742 759
2741 759
2741 760
2740 760
