3019 615
3018 615
3018 618
3017 618
3017 620
3016 620
3016 622
3015 622
3015 623
3013 623
3013 624
3012 624
3012 625
3011 625
3011 627
3010 627
3010 628
3009 628
3009 629
3008 629
3008 630
3007 630
3007 633
3006 633
3006 647
3005 647
3005 651
3004 651
3004 657
3003 657
3003 661
3002 661
3002 669
3001 669
3001 670
3000 670
3000 671
2999 671
2999 673
2998 673
2998 674
2997 674
2997 676
2996 676
2996 677
2995 677
2995 678
2994 678
2994 679
2993 679
2993 680
2991 680
2991 681
2989 681
2989 682
2987 682
2987 683
2985 683
2985 684
2984 684
2984 686
2982 686
2982 687
2981 687
2981 691
2980 691
2980 704
2979 704
2979 706
2978 706
2978 709
2977 709
2977 712
2976 712
2976 713
2975 713
2975 714
2974 714
2974 715
2972 715
2972 716
2971 716
2971 717
2969 717
2969 718
2968 718
2968 719
2966 719
2966 720
2965 720
2965 721
2964 721
2964 722
2963 722
2963 723
2962 723
2962 724
2960 724
2960 725
2959 725
2959 726
2957 726
2957 727
2954 727
2954 728
2951 728
2951 729
2949 729
2949 730
2947 730
2947 731
2946 731
2946 732
2943 732
2943 733
2942 733
2942 734
2939 734
2939 735
2937 735
2937 736
2931 736
2931 737
2917 737
2917 736
2910 736
2910 735
2906 735
2906 734
2897 734
2897 735
2896 735
2896 736
2895 736
2895 737
2894 737
2894 738
2893 738
2893 741
2892 741
2892 743
2891 743
2891 744
2888 744
2888 745
2883 745
2883 746
2879 746
2879 747
2871 747
2871 748
2866 748
2866 749
2857 749
2857 750
2853 750
2853 749
2850 749
2850 750
2844 750
2844 749
2839 749
2839 748
2836 748
2836 747
2832 747
2832 746
2829 746
2829 745
2827 745
2827 744
2824 744
2824 743
2823 743
2823 742
2820 742
2820 741
2818 741
2818 740
2809 740
2809 741
2806 741
2806 742
2804 742
2804 743
2802 743
2802 744
2800 744
2800 745
2796 745
2796 746
2795 746
2795 747
2792 747
2792 748
2788 748
2788 749
2783 749
2783 750
2779 750
2779 751
2777 751
2777 752
2774 752
2774 753
2768 753
2768 754
2767 754
2767 755
2765 755
2765 756
2761 756
2761 757
2759 757
2759 758
2757 758
2757 759
2756 759
2756 761
2755 761
2755 763
2754 763
2754 769
2753 769
2753 771
2752 771
2752 777
2751 777
2751 779
2750 779
2750 781
2749 781
2749 784
2748 784
2748 785
2747 785
2747 786
2746 786
2746 787
2745 787
2745 788
2743 788
2743 789
2741 789
2741 790
2737 790
2737 791
2732 791
2732 792
2729 792
2729 793
2728 793
2728 795
2727 795
2727 797
2726 797
2726 801
2725 801
2725 803
2724 803
2724 804
2723 804
2723 805
2722 805
2722 806
2720 806
2720 807
2719 807
2719 808
2717 808
2717 809
2715 809
2715 810
2712 810
2712 811
2706 811
2706 812
2705 812
2705 813
2704 813
2704 814
2703 814
2703 819
2702 819
2702 827
2701 827
2701 840
2700 840
2700 865
2698 865
2698 866
2697 866
2697 868
2696 868
2696 869
2695 869
2695 871
2694 871
2694 873
2693 873
2693 874
2690 874
2690 875
2689 875
2689 876
2688 876
2688 877
2686 877
2686 878
2684 878
2684 879
2683 879
2683 880
2682 880
2682 881
2681 881
2681 899
2680 899
2680 913
2679 913
2679 915
2678 915
2678 916
2677 916
2677 917
2676 917
2676 919
2675 919
2675 920
2674 920
2674 921
2673 921
2673 922
2672 922
2672 923
2671 923
2671 924
2670 924
2670 925
2669 925
2669 926
2668 926
2668 927
2665 927
2665 928
2662 928
2662 929
2661 929
2661 930
2660 930
2660 931
2658 931
2658 932
2657 932
2657 940
2656 940
2656 947
2655 947
2655 956
2654 956
2654 960
2653 960
2653 964
2654 964
2654 970
2653 970
2653 985
2652 985
2652 997
2651 997
2651 1000
2650 1000
2650 1003
2649 1003
2649 1004
2648 1004
2648 1005
2647 1005
2647 1006
2645 1006
2645 1007
2643 1007
2643 1008
2642 1008
2642 1009
2641 1009
2641 1010
2639 1010
2639 1011
2637 1011
2637 1012
2633 1012
2633 1013
2629 1013
2629 1014
2621 1014
2621 1015
2620 1015
2620 1016
2618 1016
2618 1017
2617 1017
2617 1018
2616 1018
2616 1019
2615 1019
2615 1020
2614 1020
2614 1021
2613 1021
2613 1022
2611 1022
2611 1023
2600 1023
2600 1022
2596 1022
2596 1021
2588 1021
2588 1022
2581 1022
2581 1021
2579 1021
2579 1020
2578 1020
2578 1019
2576 1019
2576 1018
2575 1018
2575 1017
2574 1017
2574 1016
2573 1016
2573 1015
2572 1015
2572 1014
2571 1014
2571 1013
2570 1013
2570 1012
2569 1012
2569 1010
2568 1010
2568 1008
2567 1008
2567 1007
2566 1007
2566 1005
2565 1005
2565 1001
2564 1001
2564 998
2563 998
2563 996
2562 996
2562 995
2561 995
2561 994
2560 994
2560 993
2559 993
2559 992
2557 992
2557 991
2554 991
2554 990
2552 990
2552 989
2549 989
2549 988
2543 988
2543 987
2541 987
2541 986
2540 986
2540 985
2538 985
2538 984
2537 984
2537 983
2536 983
2536 982
2535 982
2535 981
2534 981
2534 980
2533 980
2533 979
2532 979
2532 978
2531 978
2531 977
2530 977
2530 976
2529 976
2529 975
2528 975
2528 974
2527 974
2527 972
2526 972
2526 971
2524 971
2524 970
2523 970
2523 969
2522 969
2522 968
2520 968
2520 967
2519 967
2519 966
2517 966
2517 965
2505 965
2505 966
2502 966
2502 967
2501 967
2501 968
2496 968
2496 969
2495 969
2495 968
2490 968
2490 969
2485 969
2485 970
2484 970
2484 971
2480 971
2480 972
2478 972
2478 973
2477 973
2477 974
2476 974
2476 975
2474 975
2474 976
2473 976
2473 978
2472 978
2472 991
2471 991
2471 996
2470 996
2470 999
2469 999
2469 1002
2468 1002
2468 1004
2467 1004
2467 1005
2466 1005
2466 1006
2465 1006
2465 1007
2464 1007
2464 1008
2462 1008
2462 1009
2461 1009
2461 1012
2460 1012
2460 1013
2459 1013
2459 1015
2458 1015
2458 1016
2456 1016
2456 1017
2455 1017
2455 1018
2454 1018
2454 1019
2453 1019
2453 1020
2452 1020
2452 1021
2451 1021
2451 1022
2450 1022
2450 1023
2449 1023
2449 1024
2448 1024
2448 1025
2446 1025
2446 1026
2445 1026
2445 1027
2444 1027
2444 1028
2442 1028
2442 1029
2441 1029
2441 1030
2439 1030
2439 1031
2437 1031
2437 1032
2424 1032
2424 1033
2423 1033
2423 1034
2422 1034
2422 1035
2421 1035
2421 1042
2420 1042
2420 1048
2419 1048
2419 1050
2418 1050
2418 1051
2417 1051
2417 1052
2414 1052
2414 1053
2411 1053
2411 1054
2401 1054
2401 1055
2361 1055
2361 1054
2342 1054
2342 1055
2341 1055
2341 1057
2340 1057
2340 1058
2339 1058
2339 1059
2338 1059
2338 1063
2337 1063
2337 1064
2336 1064
2336 1067
2333 1067
2333 1068
2332 1068
2332 1069
2328 1069
2328 1070
2327 1070
2327 1071
2326 1071
2326 1073
2325 1073
2325 1082
2324 1082
2324 1085
2323 1085
2323 1087
2322 1087
2322 1088
2321 1088
2321 1089
2314 1089
2314 1090
2313 1090
2313 1091
2311 1091
2311 1092
2307 1092
2307 1093
2305 1093
2305 1094
2302 1094
2302 1095
2299 1095
2299 1096
2296 1096
2296 1097
2288 1097
2288 1098
2261 1098
2261 1097
2250 1097
2250 1096
2247 1096
2247 1095
2246 1095
2246 1094
2241 1094
2241 1093
2238 1093
2238 1092
2235 1092
2235 1091
2233 1091
2233 1090
2231 1090
2231 1089
2230 1089
2230 1088
2229 1088
2229 1087
2228 1087
2228 1086
2227 1086
2227 1085
2226 1085
2226 1084
2224 1084
2224 1083
2223 1083
2223 1081
2222 1081
2222 1080
2221 1080
2221 1078
2220 1078
2220 1076
2219 1076
2219 1074
2218 1074
2218 1072
2217 1072
2217 1070
2216 1070
2216 1069
2215 1069
2215 1068
2214 1068
2214 1067
2213 1067
2213 1066
2212 1066
2212 1065
2211 1065
2211 1063
2210 1063
2210 1060
2209 1060
2209 1058
2208 1058
2208 1057
2207 1057
2207 1056
2206 1056
2206 1055
2205 1055
2205 1054
2204 1054
2204 1053
2203 1053
2203 1052
2201 1052
2201 1051
2200 1051
2200 1050
2198 1050
2198 1049
2197 1049
2197 1048
2164 1048
2164 1047
2153 1047
2153 1046
2150 1046
2150 1045
2142 1045
2142 1046
2135 1046
2135 1047
2130 1047
2130 1048
2127 1048
2127 1049
2126 1049
2126 1050
2115 1050
2115 1049
2113 1049
2113 1048
2112 1048
2112 1047
2110 1047
2110 1046
2109 1046
2109 1045
2108 1045
2108 1044
2107 1044
2107 1043
2104 1043
2104 1042
2103 1042
2103 1041
2101 1041
2101 1040
2099 1040
2099 1041
2095 1041
2095 1042
2093 1042
2093 1043
2092 1043
2092 1044
2091 1044
2091 1045
2090 1045
2090 1046
2089 1046
2089 1047
2087 1047
2087 1048
2084 1048
2084 1049
2079 1049
2079 1050
2069 1050
2069 1051
2063 1051
2063 1052
2059 1052
2059 1053
2057 1053
2057 1054
2055 1054
2055 1055
2053 1055
2053 1056
2052 1056
2052 1057
2050 1057
2050 1058
2048 1058
2048 1059
2046 1059
2046 1060
2045 1060
2045 1061
2042 1061
2042 1062
2041 1062
2041 1063
2040 1063
2040 1064
2037 1064
2037 1065
2034 1065
2034 1066
2029 1066
2029 1067
2015 1067
2015 1068
2004 1068
2004 1069
2002 1069
2002 1070
2000 1070
2000 1071
1997 1071
1997 1072
1993 1072
1993 1073
1990 1073
1990 1074
1983 1074
1983 1075
1980 1075
1980 1076
1977 1076
1977 1077
1971 1077
1971 1078
1969 1078
1969 1079
1968 1079
1968 1080
1967 1080
1967 1081
1966 1081
1966 1082
1965 1082
1965 1083
1964 1083
1964 1084
1963 1084
1963 1085
1962 1085
1962 1086
1954 1086
1954 1087
1953 1087
1953 1088
1952 1088
1952 1089
1946 1089
1946 1090
1943 1090
1943 1091
1941 1091
1941 1092
1937 1092
1937 1093
1936 1093
1936 1094
1930 1094
1930 1095
1928 1095
1928 1096
1927 1096
1927 1097
1926 1097
1926 1100
1925 1100
1925 1103
1924 1103
1924 1107
1923 1107
1923 1108
1909 1108
1909 1107
1906 1107
1906 1106
1905 1106
1905 1105
1904 1105
1904 1104
1903 1104
1903 1103
1901 1103
1901 1102
1897 1102
1897 1103
1890 1103
1890 1102
1885 1102
1885 1101
1884 1101
1884 1100
1882 1100
1882 1099
1878 1099
1878 1098
1877 1098
1877 1097
1875 1097
1875 1096
1872 1096
1872 1095
1871 1095
1871 1094
1869 1094
1869 1093
1867 1093
1867 1092
1865 1092
1865 1091
1862 1091
1862 1090
1859 1090
1859 1089
1858 1089
1858 1088
1857 1088
1857 1087
1856 1087
1856 1086
1854 1086
1854 1085
1853 1085
1853 1079
1852 1079
1852 1067
1851 1067
1851 1053
1850 1053
1850 1050
1849 1050
1849 1049
1848 1049
1848 1048
1840 1048
1840 1049
1838 1049
1838 1050
1835 1050
1835 1051
1823 1051
1823 1050
1822 1050
1822 1049
1821 1049
1821 1048
1820 1048
1820 1047
1819 1047
1819 1045
1818 1045
1818 1044
1817 1044
1817 1042
1816 1042
1816 1041
1815 1041
1815 1040
1814 1040
1814 1039
1813 1039
1813 1037
1812 1037
1812 1036
1810 1036
1810 1035
1805 1035
1805 1034
1801 1034
1801 1035
1789 1035
1789 1036
1780 1036
1780 1037
1777 1037
1777 1038
1775 1038
1775 1039
1774 1039
1774 1040
1773 1040
1773 1041
1772 1041
1772 1042
1771 1042
1771 1043
1770 1043
1770 1044
1769 1044
1769 1045
1767 1045
1767 1046
1759 1046
1759 1047
1755 1047
1755 1048
1747 1048
1747 1049
1746 1049
1746 1050
1745 1050
1745 1052
1744 1052
1744 1054
1743 1054
1743 1058
1740 1058
1740 1059
1739 1059
1739 1060
1737 1060
1737 1061
1736 1061
1736 1062
1735 1062
1735 1063
1733 1063
1733 1064
1732 1064
1732 1065
1731 1065
1731 1066
1729 1066
1729 1067
1728 1067
1728 1068
1722 1068
1722 1069
1719 1069
1719 1070
1717 1070
1717 1071
1714 1071
1714 1072
1713 1072
1713 1073
1712 1073
1712 1074
1710 1074
1710 1075
1708 1075
1708 1076
1682 1076
1682 1077
1679 1077
1679 1078
1674 1078
1674 1079
1671 1079
1671 1080
1665 1080
1665 1081
1662 1081
1662 1082
1660 1082
1660 1083
1659 1083
1659 1084
1657 1084
1657 1085
1654 1085
1654 1086
1652 1086
1652 1087
1648 1087
1648 1088
1644 1088
1644 1087
1641 1087
1641 1086
1640 1086
1640 1085
1639 1085
1639 1084
1638 1084
1638 1083
1637 1083
1637 1082
1631 1082
1631 1083
1630 1083
1630 1084
1629 1084
1629 1090
1628 1090
1628 1091
1627 1091
1627 1092
1625 1092
1625 1093
1621 1093
1621 1094
1619 1094
1619 1095
1618 1095
1618 1096
1617 1096
1617 1099
1616 1099
1616 1100
1615 1100
1615 1101
1614 1101
1614 1102
1613 1102
1613 1103
1612 1103
1612 1105
1611 1105
1611 1106
1610 1106
1610 1107
1609 1107
1609 1108
1608 1108
1608 1111
1607 1111
1607 1113
1606 1113
1606 1114
1604 1114
1604 1115
1599 1115
1599 1116
1590 1116
1590 1117
1585 1117
1585 1118
1578 1118
1578 1119
1569 1119
1569 1120
1565 1120
1565 1119
1559 1119
1559 1118
1555 1118
1555 1117
1552 1117
1552 1116
1549 1116
1549 1115
1544 1115
1544 1114
1541 1114
1541 1113
1532 1113
1532 1112
1530 1112
1530 1111
1527 1111
1527 1110
1524 1110
1524 1109
1523 1109
1523 1108
1522 1108
1522 1107
1521 1107
1521 1106
1520 1106
1520 1105
1519 1105
1519 1104
1518 1104
1518 1102
1517 1102
1517 1100
1516 1100
1516 1099
1515 1099
1515 1097
1514 1097
1514 1096
1513 1096
1513 1095
1512 1095
1512 1094
1511 1094
1511 1093
1508 1093
1508 1092
1505 1092
1505 1091
1499 1091
1499 1090
1498 1090
1498 1089
1497 1089
1497 1088
1492 1088
1492 1087
1490 1087
1490 1086
1488 1086
1488 1085
1483 1085
1483 1084
1481 1084
1481 1083
1480 1083
1480 1082
1479 1082
1479 1081
1476 1081
1476 1080
1475 1080
1475 1079
1473 1079
1473 1078
1472 1078
1472 1077
1471 1077
1471 1076
1470 1076
1470 1075
1469 1075
1469 1072
1468 1072
1468 1071
1467 1071
1467 1070
1466 1070
1466 1067
1465 1067
1465 1063
1464 1063
1464 1055
1463 1055
1463 1050
1462 1050
1462 1049
1461 1049
1461 1046
1460 1046
1460 1045
1458 1045
1458 1043
1457 1043
1457 1042
1456 1042
1456 1041
1451 1041
1451 1040
1438 1040
1438 1041
1430 1041
1430 1040
1427 1040
1427 1039
1426 1039
1426 1038
1424 1038
1424 1037
1422 1037
1422 1036
1420 1036
1420 1035
1419 1035
1419 1034
1418 1034
1418 1033
1416 1033
1416 1032
1415 1032
1415 1031
1414 1031
1414 1030
1412 1030
1412 1029
1411 1029
1411 1027
1410 1027
1410 1026
1408 1026
1408 1025
1407 1025
1407 1023
1406 1023
1406 1022
1405 1022
1405 1020
1404 1020
1404 1019
1403 1019
1403 1017
1402 1017
1402 1016
1401 1016
1401 1014
1400 1014
1400 1013
1399 1013
1399 1012
1398 1012
1398 1010
1397 1010
1397 1009
1396 1009
1396 1008
1395 1008
1395 1007
1394 1007
1394 1006
1393 1006
1393 1005
1391 1005
1391 1004
1385 1004
1385 1005
1384 1005
1384 1006
1383 1006
1383 1009
1376 1009
1376 1008
1374 1008
1374 1007
1372 1007
1372 1006
1371 1006
1371 1005
1370 1005
1370 1004
1369 1004
1369 1003
1368 1003
1368 1002
1367 1002
1367 999
1366 999
1366 998
1365 998
1365 997
1364 997
1364 996
1363 996
1363 995
1362 995
1362 994
1361 994
1361 993
1359 993
1359 992
1358 992
1358 991
1357 991
1357 990
1356 990
1356 989
1355 989
1355 988
1354 988
1354 987
1352 987
1352 986
1348 986
1348 985
1347 985
1347 984
1342 984
1342 983
1337 983
1337 982
1324 982
1324 981
1322 981
1322 980
1320 980
1320 979
1319 979
1319 978
1318 978
1318 977
1317 977
1317 976
1316 976
1316 975
1315 975
1315 974
1314 974
1314 973
1312 973
1312 972
1310 972
1310 971
1309 971
1309 968
1308 968
1308 967
1307 967
1307 965
1306 965
1306 964
1305 964
1305 962
1304 962
1304 961
1303 961
1303 960
1301 960
1301 959
1299 959
1299 958
1298 958
1298 957
1293 957
1293 956
1289 956
1289 955
1284 955
1284 954
1277 954
1277 953
1266 953
1266 954
1263 954
1263 955
1262 955
1262 956
1261 956
1261 957
1260 957
1260 958
1259 958
1259 959
1258 959
1258 960
1257 960
1257 961
1256 961
1256 962
1255 962
1255 964
1253 964
1253 965
1250 965
1250 966
1247 966
1247 967
1245 967
1245 968
1240 968
1240 969
1238 969
1238 968
1226 968
1226 967
1223 967
1223 966
1220 966
1220 965
1217 965
1217 964
1215 964
1215 963
1208 963
1208 964
1206 964
1206 965
1205 965
1205 966
1204 966
1204 967
1203 967
1203 970
1202 970
1202 972
1201 972
1201 974
1200 974
1200 976
1199 976
1199 977
1198 977
1198 979
1197 979
1197 980
1195 980
1195 981
1194 981
1194 982
1193 982
1193 983
1191 983
1191 984
1190 984
1190 985
1189 985
1189 986
1188 986
1188 987
1187 987
1187 988
1186 988
1186 989
1184 989
1184 990
1183 990
1183 991
1181 991
1181 992
1180 992
1180 993
1179 993
1179 994
1177 994
1177 995
1176 995
1176 996
1175 996
1175 997
1173 997
1173 998
1172 998
1172 999
1169 999
1169 1000
1168 1000
1168 1001
1166 1001
1166 1002
1165 1002
1165 1003
1163 1003
1163 1004
1162 1004
1162 1005
1159 1005
1159 1006
1153 1006
1153 1007
1141 1007
1141 1006
1138 1006
1138 1005
1128 1005
1128 1004
1124 1004
1124 1003
1122 1003
1122 1001
1121 1001
1121 1000
1120 1000
1120 998
1119 998
1119 997
1118 997
1118 996
1117 996
1117 995
1112 995
1112 996
1110 996
1110 997
1108 997
1108 998
1106 998
1106 997
1101 997
1101 996
1100 996
1100 995
1099 995
1099 994
1097 994
1097 993
1096 993
1096 992
1094 992
1094 991
1093 991
1093 990
1091 990
1091 989
1089 989
1089 988
1088 988
1088 987
1087 987
1087 986
1084 986
1084 985
1083 985
1083 984
1082 984
1082 983
1079 983
1079 982
1078 982
1078 981
1075 981
1075 980
1066 980
1066 979
1064 979
1064 978
1060 978
1060 977
1057 977
1057 976
1054 976
1054 975
1052 975
1052 974
1049 974
1049 973
1047 973
1047 972
1045 972
1045 971
1044 971
1044 970
1042 970
1042 969
1040 969
1040 968
1038 968
1038 967
1036 967
1036 966
1033 966
1033 965
1030 965
1030 964
1028 964
1028 963
1027 963
1027 962
1025 962
1025 961
1024 961
1024 960
1023 960
1023 959
1022 959
1022 958
1021 958
1021 957
1020 957
1020 956
1018 956
1018 955
1017 955
1017 954
1016 954
1016 953
1015 953
1015 951
1014 951
1014 948
1013 948
1013 946
1012 946
1012 944
1011 944
1011 942
1010 942
1010 940
1009 940
1009 936
1008 936
1008 935
1007 935
1007 933
1006 933
1006 931
1005 931
1005 929
1004 929
1004 928
1003 928
1003 926
1002 926
1002 923
1001 923
1001 920
1000 920
1000 893
999 893
999 885
998 885
998 882
997 882
997 880
996 880
996 879
995 879
995 878
994 878
994 877
993 877
993 876
992 876
992 873
991 873
991 871
990 871
990 869
989 869
989 867
988 867
988 864
987 864
987 856
986 856
986 855
982 855
982 856
980 856
980 857
979 857
979 858
978 858
978 859
977 859
977 860
975 860
975 861
972 861
972 862
967 862
967 863
948 863
948 862
947 862
947 861
946 861
946 860
944 860
944 859
943 859
943 858
940 858
940 857
939 857
939 856
938 856
938 855
936 855
936 854
935 854
935 853
934 853
934 851
933 851
933 849
932 849
932 847
931 847
931 845
930 845
930 843
929 843
929 842
928 842
928 841
927 841
927 840
926 840
926 839
925 839
925 840
921 840
921 841
913 841
913 840
912 840
912 839
911 839
911 838
910 838
910 837
909 837
909 836
908 836
908 835
907 835
907 834
906 834
906 832
905 832
905 826
904 826
904 820
903 820
903 817
902 817
902 814
901 814
901 811
900 811
900 810
899 810
899 808
894 808
894 809
892 809
892 810
891 810
891 811
890 811
890 812
889 812
889 813
888 813
888 814
887 814
887 815
885 815
885 816
879 816
879 817
868 817
868 818
867 818
867 822
866 822
866 823
865 823
865 824
864 824
864 825
862 825
862 826
845 826
845 827
844 827
844 826
843 826
843 825
842 825
842 824
841 824
841 822
840 822
840 819
839 819
839 815
838 815
838 795
837 795
837 792
836 792
836 790
835 790
835 789
834 789
834 788
833 788
833 787
831 787
831 786
830 786
830 785
821 785
821 784
819 784
819 783
818 783
818 782
816 782
816 781
814 781
814 780
811 780
811 779
809 779
809 778
808 778
808 777
806 777
806 776
805 776
805 775
803 775
803 774
802 774
802 773
800 773
800 772
799 772
799 771
798 771
798 769
797 769
797 768
796 768
796 767
795 767
795 766
794 766
794 765
793 765
793 764
791 764
791 763
790 763
790 762
788 762
788 761
787 761
787 760
785 760
785 759
784 759
784 758
782 758
782 757
777 757
777 756
775 756
775 755
772 755
772 754
769 754
769 753
767 753
767 752
764 752
764 751
762 751
762 750
759 750
759 749
758 749
758 748
757 748
757 747
756 747
756 746
755 746
755 745
754 745
754 744
753 744
753 743
751 743
751 742
750 742
750 741
749 741
749 740
748 740
748 739
747 739
747 738
746 738
746 736
745 736
745 734
744 734
744 732
743 732
743 728
742 728
742 725
741 725
741 723
740 723
740 721
739 721
739 720
738 720
738 719
737 719
737 718
735 718
735 717
733 717
733 716
731 716
731 715
726 715
726 714
723 714
723 713
721 713
721 712
720 712
720 711
719 711
719 709
718 709
718 707
717 707
717 705
716 705
716 703
715 703
715 701
714 701
714 700
713 700
713 699
712 699
712 698
709 698
709 697
705 697
705 696
701 696
701 695
699 695
699 694
697 694
697 693
696 693
696 692
695 692
695 691
694 691
694 690
693 690
693 687
692 687
692 683
691 683
691 681
690 681
690 675
689 675
689 671
688 671
688 669
687 669
687 666
686 666
686 662
685 662
685 659
684 659
684 657
683 657
683 656
682 656
682 655
680 655
680 654
677 654
677 653
670 653
670 652
667 652
667 651
666 651
666 646
665 646
665 640
664 640
664 638
663 638
663 636
662 636
662 635
659 635
659 634
657 634
657 633
656 633
656 631
655 631
655 629
654 629
654 626
653 626
653 624
654 624
654 614
653 614
653 611
652 611
652 609
653 609
653 597
652 597
652 594
651 594
651 590
650 590
650 587
649 587
649 586
645 586
645 585
644 585
644 584
643 584
643 583
641 583
641 582
640 582
640 581
637 581
637 580
634 580
634 579
628 579
628 578
623 578
623 577
620 577
620 576
618 576
618 575
616 575
616 574
614 574
614 573
613 573
613 572
608 572
608 571
607 571
607 570
606 570
606 569
605 569
605 568
604 568
604 567
603 567
603 566
602 566
602 565
601 565
601 564
600 564
600 563
599 563
599 562
583 562
583 561
581 561
581 560
580 560
580 558
579 558
579 557
578 557
578 556
577 556
577 555
576 555
576 553
575 553
575 549
574 549
574 548
573 548
573 541
572 541
572 539
571 539
571 538
570 538
570 536
569 536
569 534
568 534
568 533
567 533
567 532
566 532
566 531
555 531
555 532
552 532
552 533
550 533
550 534
549 534
549 535
548 535
548 536
545 536
545 537
542 537
542 538
540 538
540 539
538 539
538 540
537 540
537 541
536 541
536 542
535 542
535 543
534 543
534 544
533 544
533 545
532 545
532 546
531 546
531 548
529 548
529 549
525 549
525 548
521 548
521 547
517 547
517 548
514 548
514 549
513 549
513 550
511 550
511 551
509 551
509 552
508 552
508 553
506 553
506 554
505 554
505 555
503 555
503 556
497 556
497 557
487 557
487 556
482 556
482 557
478 557
478 558
476 558
476 559
475 559
475 561
473 561
473 562
471 562
471 563
470 563
470 562
464 562
464 561
463 561
463 559
462 559
462 558
461 558
461 556
460 556
460 554
459 554
459 553
458 553
458 551
457 551
457 538
456 538
456 513
455 513
455 494
456 494
456 466
455 466
455 463
454 463
454 450
453 450
453 446
452 446
452 444
451 444
451 442
450 442
450 441
449 441
449 440
448 440
448 439
447 439
447 438
445 438
445 437
442 437
442 436
432 436
432 437
424 437
424 438
422 438
422 437
415 437
415 436
414 436
414 435
413 435
413 434
412 434
412 433
411 433
411 432
410 432
410 431
409 431
409 430
408 430
408 429
407 429
407 427
406 427
406 422
405 422
405 406
404 406
404 398
403 398
403 388
402 388
402 377
403 377
403 353
404 353
404 336
403 336
403 332
402 332
402 328
401 328
401 327
400 327
400 326
399 326
399 324
398 324
398 301
397 301
397 299
396 299
396 298
395 298
395 297
394 297
394 295
393 295
393 294
392 294
392 293
389 293
389 292
377 292
377 291
367 291
367 290
365 290
365 289
364 289
364 288
363 288
363 287
362 287
362 286
361 286
361 285
360 285
360 284
359 284
359 283
353 283
353 282
349 282
349 283
342 283
342 284
337 284
337 285
334 285
334 286
328 286
328 287
326 287
326 288
322 288
322 289
319 289
319 290
317 290
317 291
313 291
313 292
310 292
310 293
306 293
306 294
305 294
305 295
300 295
300 294
296 294
296 293
291 293
291 292
287 292
287 293
283 293
283 294
279 294
279 295
271 295
271 296
265 296
265 295
261 295
261 294
259 294
259 293
258 293
258 292
257 292
257 291
255 291
255 290
249 290
249 289
246 289
246 288
242 288
242 287
231 287
231 290
229 290
229 291
231 291
231 290
232 290
232 288
242 288
242 289
246 289
246 290
249 290
249 291
255 291
255 292
257 292
257 294
259 294
259 295
261 295
261 296
265 296
265 297
271 297
271 296
279 296
279 295
283 295
283 294
287 294
287 293
291 293
291 294
296 294
296 295
300 295
300 296
305 296
305 295
306 295
306 294
310 294
310 293
313 293
313 292
317 292
317 291
319 291
319 290
322 290
322 289
326 289
326 288
328 288
328 287
334 287
334 286
337 286
337 285
342 285
342 284
349 284
349 283
353 283
353 284
359 284
359 285
360 285
360 286
361 286
361 287
362 287
362 288
363 288
363 289
364 289
364 290
365 290
365 291
367 291
367 292
377 292
377 293
389 293
389 294
392 294
392 295
393 295
393 297
394 297
394 298
395 298
395 299
396 299
396 301
397 301
397 324
398 324
398 326
399 326
399 327
400 327
400 328
401 328
401 332
402 332
402 336
403 336
403 353
402 353
402 377
401 377
401 388
402 388
402 398
403 398
403 406
404 406
404 422
405 422
405 427
406 427
406 429
407 429
407 430
408 430
408 431
409 431
409 432
410 432
410 433
411 433
411 434
412 434
412 435
413 435
413 436
414 436
414 437
415 437
415 438
422 438
422 439
424 439
424 438
432 438
432 437
442 437
442 438
445 438
445 439
447 439
447 440
448 440
448 441
449 441
449 442
450 442
450 444
451 444
451 446
452 446
452 450
453 450
453 463
454 463
454 466
455 466
455 494
454 494
454 513
455 513
455 538
456 538
456 551
457 551
457 553
458 553
458 554
459 554
459 556
460 556
460 558
461 558
461 559
462 559
462 561
463 561
463 562
464 562
464 563
470 563
470 564
471 564
471 563
473 563
473 562
475 562
475 561
476 561
476 559
478 559
478 558
482 558
482 557
487 557
487 558
497 558
497 557
503 557
503 556
505 556
505 555
506 555
506 554
508 554
508 553
509 553
509 552
511 552
511 551
513 551
513 550
514 550
514 549
517 549
517 548
521 548
521 549
525 549
525 550
529 550
529 549
531 549
531 548
532 548
532 546
533 546
533 545
534 545
534 544
535 544
535 543
536 543
536 542
537 542
537 541
538 541
538 540
540 540
540 539
542 539
542 538
545 538
545 537
548 537
548 536
549 536
549 535
550 535
550 534
552 534
552 533
555 533
555 532
566 532
566 533
567 533
567 534
568 534
568 536
569 536
569 538
570 538
570 539
571 539
571 541
572 541
572 548
573 548
573 549
574 549
574 553
575 553
575 555
576 555
576 556
577 556
577 557
578 557
578 558
579 558
579 560
580 560
580 561
581 561
581 562
583 562
583 563
599 563
599 564
600 564
600 565
601 565
601 566
602 566
602 567
603 567
603 568
604 568
604 569
605 569
605 570
606 570
606 571
607 571
607 572
608 572
608 573
613 573
613 574
614 574
614 575
616 575
616 576
618 576
618 577
620 577
620 578
623 578
623 579
628 579
628 580
634 580
634 581
637 581
637 582
640 582
640 583
641 583
641 584
643 584
643 585
644 585
644 586
645 586
645 587
649 587
649 590
650 590
650 594
651 594
651 597
652 597
652 609
651 609
651 611
652 611
652 614
653 614
653 624
652 624
652 626
653 626
653 629
654 629
654 631
655 631
655 633
656 633
656 634
657 634
657 635
659 635
659 636
662 636
662 638
663 638
663 640
664 640
664 646
665 646
665 651
666 651
666 652
667 652
667 653
670 653
670 654
677 654
677 655
680 655
680 656
682 656
682 657
683 657
683 659
684 659
684 662
685 662
685 666
686 666
686 669
687 669
687 671
688 671
688 675
689 675
689 681
690 681
690 683
691 683
691 687
692 687
692 690
693 690
693 691
694 691
694 692
695 692
695 693
696 693
696 694
697 694
697 695
699 695
699 696
701 696
701 697
705 697
705 698
709 698
709 699
712 699
712 700
713 700
713 701
714 701
714 703
715 703
715 705
716 705
716 707
717 707
717 709
718 709
718 711
719 711
719 712
720 712
720 713
721 713
721 714
723 714
723 715
726 715
726 716
731 716
731 717
733 717
733 718
735 718
735 719
737 719
737 720
738 720
738 721
739 721
739 723
740 723
740 725
741 725
741 728
742 728
742 732
743 732
743 734
744 734
744 736
745 736
745 738
746 738
746 739
747 739
747 740
748 740
748 741
749 741
749 742
750 742
750 743
751 743
751 744
753 744
753 745
754 745
754 746
755 746
755 747
756 747
756 748
757 748
757 749
758 749
758 750
759 750
759 751
762 751
762 752
764 752
764 753
767 753
767 754
769 754
769 755
772 755
772 756
775 756
775 757
777 757
777 758
782 758
782 759
784 759
784 760
785 760
785 761
787 761
787 762
788 762
788 763
790 763
790 764
791 764
791 765
793 765
793 766
794 766
794 767
795 767
795 768
796 768
796 769
797 769
797 771
798 771
798 772
799 772
799 773
800 773
800 774
802 774
802 775
803 775
803 776
805 776
805 777
806 777
806 778
808 778
808 779
809 779
809 780
811 780
811 781
814 781
814 782
816 782
816 783
818 783
818 784
819 784
819 785
821 785
821 786
830 786
830 787
831 787
831 788
833 788
833 789
834 789
834 790
835 790
835 792
836 792
836 795
837 795
837 815
838 815
838 819
839 819
839 822
840 822
840 824
841 824
841 825
842 825
842 826
843 826
843 827
844 827
844 828
845 828
845 827
862 827
862 826
864 826
864 825
865 825
865 824
866 824
866 823
867 823
867 822
868 822
868 818
879 818
879 817
885 817
885 816
887 816
887 815
888 815
888 814
889 814
889 813
890 813
890 812
891 812
891 811
892 811
892 810
894 810
894 809
898 809
898 810
899 810
899 811
900 811
900 814
901 814
901 817
902 817
902 820
903 820
903 826
904 826
904 832
905 832
905 834
906 834
906 835
907 835
907 836
908 836
908 837
909 837
909 838
910 838
910 839
911 839
911 840
912 840
912 841
913 841
913 842
921 842
921 841
925 841
925 840
926 840
926 841
927 841
927 842
928 842
928 843
929 843
929 845
930 845
930 847
931 847
931 849
932 849
932 851
933 851
933 853
934 853
934 854
935 854
935 855
936 855
936 856
938 856
938 857
939 857
939 858
940 858
940 859
943 859
943 860
944 860
944 861
946 861
946 862
947 862
947 864
967 864
967 863
972 863
972 862
975 862
975 861
977 861
977 860
978 860
978 859
979 859
979 858
980 858
980 857
982 857
982 856
986 856
986 864
987 864
987 867
988 867
988 869
989 869
989 871
990 871
990 873
991 873
991 876
992 876
992 877
993 877
993 878
994 878
994 879
995 879
995 880
996 880
996 882
997 882
997 885
998 885
998 893
999 893
999 920
1000 920
1000 923
1001 923
1001 926
1002 926
1002 928
1003 928
1003 929
1004 929
1004 931
1005 931
1005 933
1006 933
1006 935
1007 935
1007 936
1008 936
1008 940
1009 940
1009 942
1010 942
1010 944
1011 944
1011 946
1012 946
1012 948
1013 948
1013 951
1014 951
1014 953
1015 953
1015 954
1016 954
1016 955
1017 955
1017 956
1018 956
1018 957
1020 957
1020 958
1021 958
1021 959
1022 959
1022 960
1023 960
1023 961
1024 961
1024 962
1025 962
1025 963
1027 963
1027 964
1028 964
1028 965
1030 965
1030 966
1033 966
1033 967
1036 967
1036 968
1038 968
1038 969
1040 969
1040 970
1042 970
1042 971
1044 971
1044 972
1045 972
1045 973
1047 973
1047 974
1049 974
1049 975
1052 975
1052 976
1054 976
1054 977
1057 977
1057 978
1060 978
1060 979
1064 979
1064 980
1066 980
1066 981
1075 981
1075 982
1078 982
1078 983
1079 983
1079 984
1082 984
1082 985
1083 985
1083 986
1084 986
1084 987
1087 987
1087 988
1088 988
1088 989
1089 989
1089 990
1091 990
1091 991
1093 991
1093 992
1094 992
1094 993
1096 993
1096 994
1097 994
1097 995
1099 995
1099 996
1100 996
1100 997
1101 997
1101 998
1106 998
1106 999
1108 999
1108 998
1110 998
1110 997
1112 997
1112 996
1117 996
1117 997
1118 997
1118 998
1119 998
1119 1000
1120 1000
1120 1001
1121 1001
1121 1003
1122 1003
1122 1004
1124 1004
1124 1005
1128 1005
1128 1006
1138 1006
1138 1007
1141 1007
1141 1008
1153 1008
1153 1007
1159 1007
1159 1006
1162 1006
1162 1005
1163 1005
1163 1004
1165 1004
1165 1003
1166 1003
1166 1002
1168 1002
1168 1001
1169 1001
1169 1000
1172 1000
1172 999
1173 999
1173 998
1175 998
1175 997
1176 997
1176 996
1177 996
1177 995
1179 995
1179 994
1180 994
1180 993
1181 993
1181 992
1183 992
1183 991
1184 991
1184 990
1186 990
1186 989
1187 989
1187 988
1188 988
1188 987
1189 987
1189 986
1190 986
1190 985
1191 985
1191 984
1193 984
1193 983
1194 983
1194 982
1195 982
1195 981
1197 981
1197 980
1198 980
1198 979
1199 979
1199 977
1200 977
1200 976
1201 976
1201 974
1202 974
1202 972
1203 972
1203 970
1204 970
1204 967
1205 967
1205 966
1206 966
1206 965
1208 965
1208 964
1215 964
1215 965
1217 965
1217 966
1220 966
1220 967
1223 967
1223 968
1226 968
1226 969
1238 969
1238 970
1240 970
1240 969
1245 969
1245 968
1247 968
1247 967
1250 967
1250 966
1253 966
1253 965
1255 965
1255 964
1256 964
1256 962
1257 962
1257 961
1258 961
1258 960
1259 960
1259 959
1260 959
1260 958
1261 958
1261 957
1262 957
1262 956
1263 956
1263 955
1266 955
1266 954
1277 954
1277 955
1284 955
1284 956
1289 956
1289 957
1293 957
1293 958
1298 958
1298 959
1299 959
1299 960
1301 960
1301 961
1303 961
1303 962
1304 962
1304 964
1305 964
1305 965
1306 965
1306 967
1307 967
1307 968
1308 968
1308 971
1309 971
1309 972
1310 972
1310 973
1312 973
1312 974
1314 974
1314 975
1315 975
1315 976
1316 976
1316 977
1317 977
1317 978
1318 978
1318 979
1319 979
1319 980
1320 980
1320 981
1322 981
1322 982
1324 982
1324 983
1337 983
1337 984
1342 984
1342 985
1347 985
1347 986
1348 986
1348 987
1352 987
1352 988
1354 988
1354 989
1355 989
1355 990
1356 990
1356 991
1357 991
1357 992
1358 992
1358 993
1359 993
1359 994
1361 994
1361 995
1362 995
1362 996
1363 996
1363 997
1364 997
1364 998
1365 998
1365 999
1366 999
1366 1002
1367 1002
1367 1003
1368 1003
1368 1004
1369 1004
1369 1005
1370 1005
1370 1006
1371 1006
1371 1007
1372 1007
1372 1008
1374 1008
1374 1009
1376 1009
1376 1010
1384 1010
1384 1006
1385 1006
1385 1005
1391 1005
1391 1006
1393 1006
1393 1007
1394 1007
1394 1008
1395 1008
1395 1009
1396 1009
1396 1010
1397 1010
1397 1012
1398 1012
1398 1013
1399 1013
1399 1014
1400 1014
1400 1016
1401 1016
1401 1017
1402 1017
1402 1019
1403 1019
1403 1020
1404 1020
1404 1022
1405 1022
1405 1023
1406 1023
1406 1025
1407 1025
1407 1026
1408 1026
1408 1027
1410 1027
1410 1029
1411 1029
1411 1030
1412 1030
1412 1031
1414 1031
1414 1032
1415 1032
1415 1033
1416 1033
1416 1034
1418 1034
1418 1035
1419 1035
1419 1036
1420 1036
1420 1037
1422 1037
1422 1038
1424 1038
1424 1039
1426 1039
1426 1040
1427 1040
1427 1041
1430 1041
1430 1042
1438 1042
1438 1041
1451 1041
1451 1042
1456 1042
1456 1043
1457 1043
1457 1045
1458 1045
1458 1046
1460 1046
1460 1049
1461 1049
1461 1050
1462 1050
1462 1055
1463 1055
1463 1063
1464 1063
1464 1067
1465 1067
1465 1070
1466 1070
1466 1071
1467 1071
1467 1072
1468 1072
1468 1075
1469 1075
1469 1076
1470 1076
1470 1077
1471 1077
1471 1078
1472 1078
1472 1079
1473 1079
1473 1080
1475 1080
1475 1081
1476 1081
1476 1082
1479 1082
1479 1083
1480 1083
1480 1084
1481 1084
1481 1085
1483 1085
1483 1086
1488 1086
1488 1087
1490 1087
1490 1088
1492 1088
1492 1089
1497 1089
1497 1090
1498 1090
1498 1091
1499 1091
1499 1092
1505 1092
1505 1093
1508 1093
1508 1094
1511 1094
1511 1095
1512 1095
1512 1096
1513 1096
1513 1097
1514 1097
1514 1099
1515 1099
1515 1100
1516 1100
1516 1102
1517 1102
1517 1104
1518 1104
1518 1105
1519 1105
1519 1106
1520 1106
1520 1107
1521 1107
1521 1108
1522 1108
1522 1109
1523 1109
1523 1110
1524 1110
1524 1111
1527 1111
1527 1112
1530 1112
1530 1113
1532 1113
1532 1114
1541 1114
1541 1115
1544 1115
1544 1116
1549 1116
1549 1117
1552 1117
1552 1118
1555 1118
1555 1119
1559 1119
1559 1120
1565 1120
1565 1121
1569 1121
1569 1120
1578 1120
1578 1119
1585 1119
1585 1118
1590 1118
1590 1117
1599 1117
1599 1116
1604 1116
1604 1115
1606 1115
1606 1114
1607 1114
1607 1113
1608 1113
1608 1111
1609 1111
1609 1108
1610 1108
1610 1107
1611 1107
1611 1106
1612 1106
1612 1105
1613 1105
1613 1103
1614 1103
1614 1102
1615 1102
1615 1101
1616 1101
1616 1100
1617 1100
1617 1099
1618 1099
1618 1096
1619 1096
1619 1095
1621 1095
1621 1094
1625 1094
1625 1093
1627 1093
1627 1092
1628 1092
1628 1091
1629 1091
1629 1090
1630 1090
1630 1084
1631 1084
1631 1083
1637 1083
1637 1084
1638 1084
1638 1085
1639 1085
1639 1086
1640 1086
1640 1087
1641 1087
1641 1088
1644 1088
1644 1089
1648 1089
1648 1088
1652 1088
1652 1087
1654 1087
1654 1086
1657 1086
1657 1085
1659 1085
1659 1084
1660 1084
1660 1083
1662 1083
1662 1082
1665 1082
1665 1081
1671 1081
1671 1080
1674 1080
1674 1079
1679 1079
1679 1078
1682 1078
1682 1077
1708 1077
1708 1076
1710 1076
1710 1075
1712 1075
1712 1074
1713 1074
1713 1073
1714 1073
1714 1072
1717 1072
1717 1071
1719 1071
1719 1070
1722 1070
1722 1069
1728 1069
1728 1068
1729 1068
1729 1067
1731 1067
1731 1066
1732 1066
1732 1065
1733 1065
1733 1064
1735 1064
1735 1063
1736 1063
1736 1062
1737 1062
1737 1061
1739 1061
1739 1060
1740 1060
1740 1059
1743 1059
1743 1058
1744 1058
1744 1054
1745 1054
1745 1052
1746 1052
1746 1050
1747 1050
1747 1049
1755 1049
1755 1048
1759 1048
1759 1047
1767 1047
1767 1046
1769 1046
1769 1045
1770 1045
1770 1044
1771 1044
1771 1043
1772 1043
1772 1042
1773 1042
1773 1041
1774 1041
1774 1040
1775 1040
1775 1039
1777 1039
1777 1038
1780 1038
1780 1037
1789 1037
1789 1036
1801 1036
1801 1035
1805 1035
1805 1036
1810 1036
1810 1037
1812 1037
1812 1039
1813 1039
1813 1040
1814 1040
1814 1041
1815 1041
1815 1042
1816 1042
1816 1044
1817 1044
1817 1045
1818 1045
1818 1047
1819 1047
1819 1048
1820 1048
1820 1049
1821 1049
1821 1050
1822 1050
1822 1051
1823 1051
1823 1052
1835 1052
1835 1051
1838 1051
1838 1050
1840 1050
1840 1049
1848 1049
1848 1050
1849 1050
1849 1053
1850 1053
1850 1067
1851 1067
1851 1079
1852 1079
1852 1085
1853 1085
1853 1086
1854 1086
1854 1087
1856 1087
1856 1088
1857 1088
1857 1089
1858 1089
1858 1090
1859 1090
1859 1091
1862 1091
1862 1092
1865 1092
1865 1093
1867 1093
1867 1094
1869 1094
1869 1095
1871 1095
1871 1096
1872 1096
1872 1097
1875 1097
1875 1098
1877 1098
1877 1099
1878 1099
1878 1100
1882 1100
1882 1101
1884 1101
1884 1102
1885 1102
1885 1103
1890 1103
1890 1104
1897 1104
1897 1103
1901 1103
1901 1104
1903 1104
1903 1105
1904 1105
1904 1106
1905 1106
1905 1107
1906 1107
1906 1108
1909 1108
1909 1109
1923 1109
1923 1108
1924 1108
1924 1107
1925 1107
1925 1103
1926 1103
1926 1100
1927 1100
1927 1097
1928 1097
1928 1096
1930 1096
1930 1095
1936 1095
1936 1094
1937 1094
1937 1093
1941 1093
1941 1092
1944 1092
1944 1091
1946 1091
1946 1090
1952 1090
1952 1089
1953 1089
1953 1088
1954 1088
1954 1087
1962 1087
1962 1086
1963 1086
1963 1085
1964 1085
1964 1084
1965 1084
1965 1083
1966 1083
1966 1082
1967 1082
1967 1081
1968 1081
1968 1080
1969 1080
1969 1079
1971 1079
1971 1078
1977 1078
1977 1077
1980 1077
1980 1076
1983 1076
1983 1075
1990 1075
1990 1074
1993 1074
1993 1073
1997 1073
1997 1072
2000 1072
2000 1071
2002 1071
2002 1070
2004 1070
2004 1069
2015 1069
2015 1068
2029 1068
2029 1067
2034 1067
2034 1066
2037 1066
2037 1065
2040 1065
2040 1064
2041 1064
2041 1063
2042 1063
2042 1062
2045 1062
2045 1061
2046 1061
2046 1060
2048 1060
2048 1059
2050 1059
2050 1058
2052 1058
2052 1057
2053 1057
2053 1056
2055 1056
2055 1055
2057 1055
2057 1054
2059 1054
2059 1053
2063 1053
2063 1052
2069 1052
2069 1051
2079 1051
2079 1050
2084 1050
2084 1049
2087 1049
2087 1048
2089 1048
2089 1047
2090 1047
2090 1046
2091 1046
2091 1045
2092 1045
2092 1044
2093 1044
2093 1043
2095 1043
2095 1042
2099 1042
2099 1041
2101 1041
2101 1042
2103 1042
2103 1043
2104 1043
2104 1044
2107 1044
2107 1045
2108 1045
2108 1046
2109 1046
2109 1047
2110 1047
2110 1048
2112 1048
2112 1049
2113 1049
2113 1050
2115 1050
2115 1051
2126 1051
2126 1050
2127 1050
2127 1049
2130 1049
2130 1048
2135 1048
2135 1047
2142 1047
2142 1046
2150 1046
2150 1047
2153 1047
2153 1048
2164 1048
2164 1049
2197 1049
2197 1050
2198 1050
2198 1051
2200 1051
2200 1052
2201 1052
2201 1053
2203 1053
2203 1054
2204 1054
2204 1055
2205 1055
2205 1056
2206 1056
2206 1057
2207 1057
2207 1058
2208 1058
2208 1060
2209 1060
2209 1063
2210 1063
2210 1065
2211 1065
2211 1066
2212 1066
2212 1067
2213 1067
2213 1068
2214 1068
2214 1069
2215 1069
2215 1070
2216 1070
2216 1072
2217 1072
2217 1074
2218 1074
2218 1076
2219 1076
2219 1078
2220 1078
2220 1080
2221 1080
2221 1081
2222 1081
2222 1083
2223 1083
2223 1084
2224 1084
2224 1085
2226 1085
2226 1086
2227 1086
2227 1087
2228 1087
2228 1088
2229 1088
2229 1089
2230 1089
2230 1090
2231 1090
2231 1091
2233 1091
2233 1092
2235 1092
2235 1093
2238 1093
2238 1094
2241 1094
2241 1095
2246 1095
2246 1096
2247 1096
2247 1097
2250 1097
2250 1098
2261 1098
2261 1099
2288 1099
2288 1098
2296 1098
2296 1097
2299 1097
2299 1096
2302 1096
2302 1095
2305 1095
2305 1094
2307 1094
2307 1093
2311 1093
2311 1092
2313 1092
2313 1091
2314 1091
2314 1090
2321 1090
2321 1089
2322 1089
2322 1088
2323 1088
2323 1087
2324 1087
2324 1085
2325 1085
2325 1082
2326 1082
2326 1073
2327 1073
2327 1071
2328 1071
2328 1070
2332 1070
2332 1069
2333 1069
2333 1068
2336 1068
2336 1067
2337 1067
2337 1064
2339 1064
2339 1059
2340 1059
2340 1058
2341 1058
2341 1057
2342 1057
2342 1055
2361 1055
2361 1056
2401 1056
2401 1055
2411 1055
2411 1054
2414 1054
2414 1053
2417 1053
2417 1052
2418 1052
2418 1051
2419 1051
2419 1050
2420 1050
2420 1048
2421 1048
2421 1042
2422 1042
2422 1035
2423 1035
2423 1034
2424 1034
2424 1033
2437 1033
2437 1032
2439 1032
2439 1031
2441 1031
2441 1030
2442 1030
2442 1029
2444 1029
2444 1028
2445 1028
2445 1027
2446 1027
2446 1026
2448 1026
2448 1025
2449 1025
2449 1024
2450 1024
2450 1023
2451 1023
2451 1022
2452 1022
2452 1021
2453 1021
2453 1020
2454 1020
2454 1019
2455 1019
2455 1018
2456 1018
2456 1017
2458 1017
2458 1016
2459 1016
2459 1015
2460 1015
2460 1013
2461 1013
2461 1012
2462 1012
2462 1009
2464 1009
2464 1008
2465 1008
2465 1007
2466 1007
2466 1006
2467 1006
2467 1005
2468 1005
2468 1004
2469 1004
2469 1002
2470 1002
2470 999
2471 999
2471 996
2472 996
2472 991
2473 991
2473 978
2474 978
2474 976
2476 976
2476 975
2477 975
2477 974
2478 974
2478 973
2480 973
2480 972
2484 972
2484 971
2485 971
2485 970
2490 970
2490 969
2495 969
2495 970
2496 970
2496 969
2501 969
2501 968
2502 968
2502 967
2505 967
2505 966
2517 966
2517 967
2519 967
2519 968
2520 968
2520 969
2522 969
2522 970
2523 970
2523 971
2524 971
2524 972
2526 972
2526 974
2527 974
2527 975
2528 975
2528 976
2529 976
2529 977
2530 977
2530 978
2531 978
2531 979
2532 979
2532 980
2533 980
2533 981
2534 981
2534 982
2535 982
2535 983
2536 983
2536 984
2537 984
2537 985
2538 985
2538 986
2540 986
2540 987
2541 987
2541 988
2543 988
2543 989
2549 989
2549 990
2552 990
2552 991
2554 991
2554 992
2557 992
2557 993
2559 993
2559 994
2560 994
2560 995
2561 995
2561 996
2562 996
2562 998
2563 998
2563 1001
2564 1001
2564 1005
2565 1005
2565 1007
2566 1007
2566 1008
2567 1008
2567 1010
2568 1010
2568 1012
2569 1012
2569 1013
2570 1013
2570 1014
2571 1014
2571 1015
2572 1015
2572 1016
2573 1016
2573 1017
2574 1017
2574 1018
2575 1018
2575 1019
2576 1019
2576 1020
2578 1020
2578 1021
2579 1021
2579 1022
2581 1022
2581 1023
2588 1023
2588 1022
2596 1022
2596 1023
2600 1023
2600 1024
2611 1024
2611 1023
2613 1023
2613 1022
2614 1022
2614 1021
2615 1021
2615 1020
2616 1020
2616 1019
2617 1019
2617 1018
2618 1018
2618 1017
2620 1017
2620 1016
2621 1016
2621 1015
2629 1015
2629 1014
2633 1014
2633 1013
2637 1013
2637 1012
2639 1012
2639 1011
2641 1011
2641 1010
2642 1010
2642 1009
2643 1009
2643 1008
2645 1008
2645 1007
2647 1007
2647 1006
2648 1006
2648 1005
2649 1005
2649 1004
2650 1004
2650 1003
2651 1003
2651 1000
2652 1000
2652 997
2653 997
2653 985
2654 985
2654 970
2655 970
2655 964
2654 964
2654 960
2655 960
2655 956
2656 956
2656 947
2657 947
2657 940
2658 940
2658 932
2660 932
2660 931
2661 931
2661 930
2662 930
2662 929
2665 929
2665 928
2668 928
2668 927
2669 927
2669 926
2670 926
2670 925
2671 925
2671 924
2672 924
2672 923
2673 923
2673 922
2674 922
2674 921
2675 921
2675 920
2676 920
2676 919
2677 919
2677 917
2678 917
2678 916
2679 916
2679 915
2680 915
2680 913
2681 913
2681 899
2682 899
2682 881
2683 881
2683 880
2684 880
2684 879
2686 879
2686 878
2688 878
2688 877
2689 877
2689 876
2690 876
2690 875
2693 875
2693 874
2695 874
2695 871
2696 871
2696 869
2697 869
2697 868
2698 868
2698 866
2701 866
2701 840
2702 840
2702 827
2703 827
2703 819
2704 819
2704 814
2705 814
2705 813
2706 813
2706 812
2712 812
2712 811
2715 811
2715 810
2717 810
2717 809
2719 809
2719 808
2720 808
2720 807
2722 807
2722 806
2723 806
2723 805
2724 805
2724 804
2725 804
2725 803
2726 803
2726 801
2727 801
2727 797
2728 797
2728 795
2729 795
2729 793
2732 793
2732 792
2737 792
2737 791
2741 791
2741 790
2743 790
2743 789
2745 789
2745 788
2746 788
2746 787
2747 787
2747 786
2748 786
2748 785
2749 785
2749 784
2750 784
2750 781
2751 781
2751 779
2752 779
2752 777
2753 777
2753 771
2754 771
2754 769
2755 769
2755 763
2756 763
2756 761
2757 761
2757 759
2759 759
2759 758
2761 758
2761 757
2765 757
2765 756
2767 756
2767 755
2768 755
2768 754
2774 754
2774 753
2777 753
2777 752
2779 752
2779 751
2783 751
2783 750
2788 750
2788 749
2792 749
2792 748
2795 748
2795 747
2796 747
2796 746
2800 746
2800 745
2802 745
2802 744
2804 744
2804 743
2806 743
2806 742
2809 742
2809 741
2818 741
2818 742
2820 742
2820 743
2823 743
2823 744
2824 744
2824 745
2827 745
2827 746
2829 746
2829 747
2832 747
2832 748
2836 748
2836 749
2839 749
2839 750
2844 750
2844 751
2850 751
2850 750
2853 750
2853 751
2857 751
2857 750
2866 750
2866 749
2871 749
2871 748
2879 748
2879 747
2883 747
2883 746
2888 746
2888 745
2891 745
2891 744
2892 744
2892 743
2893 743
2893 741
2894 741
2894 738
2895 738
2895 737
2896 737
2896 736
2897 736
2897 735
2906 735
2906 736
2910 736
2910 737
2917 737
2917 738
2931 738
2931 737
2937 737
2937 736
2939 736
2939 735
2942 735
2942 734
2943 734
2943 733
2946 733
2946 732
2947 732
2947 731
2949 731
2949 730
2951 730
2951 729
2954 729
2954 728
2957 728
2957 727
2959 727
2959 726
2960 726
2960 725
2962 725
2962 724
2963 724
2963 723
2964 723
2964 722
2965 722
2965 721
2966 721
2966 720
2968 720
2968 719
2969 719
2969 718
2971 718
2971 717
2972 717
2972 716
2974 716
2974 715
2975 715
2975 714
2976 714
2976 713
2977 713
2977 712
2978 712
2978 709
2979 709
2979 706
2980 706
2980 704
2981 704
2981 691
2982 691
2982 687
2984 687
2984 686
2985 686
2985 684
2987 684
2987 683
2989 683
2989 682
2991 682
2991 681
2993 681
2993 680
2994 680
2994 679
2995 679
2995 678
2996 678
2996 677
2997 677
2997 676
2998 676
2998 674
2999 674
2999 673
3000 673
3000 671
3001 671
3001 670
3002 670
3002 669
3003 669
3003 661
3004 661
3004 657
3005 657
3005 651
3006 651
3006 647
3007 647
3007 633
3008 633
3008 630
3009 630
3009 629
3010 629
3010 628
3011 628
3011 627
3012 627
3012 625
3013 625
3013 624
3015 624
3015 623
3016 623
3016 622
3017 622
3017 620
3018 620
3018 618
3019 618
3019 615
3020 615
3020 597
3021 597
3021 588
3022 588
3022 587
3023 587
3023 586
3025 586
3025 585
3026 585
3026 584
3027 584
3027 583
3028 583
3028 582
3030 582
3030 581
3031 581
3031 578
3032 578
3032 571
3033 571
3033 562
3034 562
3034 551
3035 551
3035 546
3036 546
3036 545
3038 545
3038 544
3039 544
3039 543
3040 543
3040 542
3041 542
3041 541
3043 541
3043 540
3046 540
3046 539
3054 539
3054 538
3056 538
3056 537
3057 537
3057 536
3058 536
3058 531
3059 531
3059 528
3060 528
3060 523
3061 523
3061 520
3062 520
3062 519
3063 519
3063 518
3064 518
3064 517
3066 517
3066 516
3067 516
3067 515
3069 515
3069 514
3070 514
3070 513
3071 513
3071 511
3072 511
3072 509
3073 509
3073 508
3074 508
3074 500
3075 500
3075 492
3076 492
3076 487
3077 487
3077 486
3078 486
3078 485
3080 485
3080 484
3085 484
3085 483
3092 483
3092 482
3097 482
3097 483
3098 483
3098 493
3099 493
3099 506
3100 506
3100 508
3101 508
3101 510
3102 510
3102 511
3103 511
3103 512
3104 512
3104 513
3105 513
3105 514
3112 514
3112 515
3113 515
3113 514
3117 514
3117 513
3118 513
3118 512
3119 512
3119 510
3120 510
3120 508
3121 508
3121 506
3122 506
3122 503
3123 503
3123 502
3124 502
3124 500
3125 500
3125 499
3126 499
3126 496
3127 496
3127 494
3128 494
3128 493
3130 493
3130 492
3133 492
3133 491
3135 491
3135 490
3136 490
3136 489
3137 489
3137 488
3139 488
3139 487
3141 487
3141 486
3142 486
3142 485
3143 485
3143 484
3144 484
3144 483
3145 483
3145 481
3146 481
3146 480
3147 480
3147 478
3148 478
3148 468
3149 468
3149 463
3150 463
3150 459
3151 459
3151 458
3152 458
3152 457
3153 457
3153 455
3155 455
3155 454
3156 454
3156 455
3159 455
3159 454
3163 454
3163 455
3180 455
3180 454
3183 454
3183 455
3186 455
3186 454
3190 454
3190 453
3192 453
3192 452
3194 452
3194 451
3195 451
3195 447
3196 447
3196 443
3197 443
3197 442
3198 442
3198 441
3211 441
3211 442
3212 442
3212 443
3214 443
3214 444
3218 444
3218 443
3223 443
3223 442
3227 442
3227 441
3228 441
3228 440
3229 440
3229 438
3230 438
3230 435
3231 435
3231 432
3232 432
3232 424
3233 424
3233 421
3234 421
3234 420
3235 420
3235 419
3239 419
3239 418
3241 418
3241 419
3243 419
3243 420
3246 420
3246 421
3249 421
3249 422
3251 422
3251 423
3252 423
3252 424
3254 424
3254 425
3255 425
3255 426
3266 426
3266 427
3268 427
3268 429
3269 429
3269 430
3271 430
3271 433
3272 433
3272 434
3273 434
3273 435
3274 435
3274 436
3275 436
3275 437
3276 437
3276 438
3277 438
3277 439
3278 439
3278 440
3280 440
3280 441
3282 441
3282 442
3284 442
3284 444
3285 444
3285 445
3286 445
3286 446
3287 446
3287 447
3288 447
3288 449
3289 449
3289 450
3290 450
3290 451
3291 451
3291 452
3292 452
3292 453
3293 453
3293 454
3294 454
3294 455
3296 455
3296 456
3298 456
3298 457
3299 457
3299 458
3319 458
3319 459
3321 459
3321 460
3322 460
3322 461
3325 461
3325 462
3327 462
3327 463
3328 463
3328 464
3337 464
3337 465
3340 465
3340 464
3348 464
3348 463
3350 463
3350 462
3352 462
3352 461
3354 461
3354 460
3357 460
3357 459
3358 459
3358 458
3360 458
3360 457
3371 457
3371 456
3372 456
3372 455
3373 455
3373 450
3374 450
3374 447
3375 447
3375 443
3376 443
3376 439
3377 439
3377 435
3378 435
3378 431
3379 431
3379 428
3380 428
3380 424
3381 424
3381 422
3382 422
3382 421
3385 421
3385 420
3391 420
3391 419
3395 419
3395 418
3397 418
3397 417
3398 417
3398 415
3399 415
3399 414
3400 414
3400 413
3401 413
3401 411
3402 411
3402 410
3404 410
3404 409
3406 409
3406 408
3407 408
3407 407
3408 407
3408 406
3411 406
3411 405
3413 405
3413 404
3414 404
3414 403
3415 403
3415 400
3416 400
3416 398
3417 398
3417 396
3418 396
3418 395
3419 395
3419 394
3435 394
3435 393
3440 393
3440 392
3443 392
3443 390
3444 390
3444 384
3445 384
3445 383
3446 383
3446 382
3447 382
3447 381
3448 381
3448 380
3468 380
3468 379
3473 379
3473 378
3477 378
3477 377
3473 377
3473 378
3468 378
3468 379
3448 379
3448 380
3447 380
3447 381
3446 381
3446 382
3445 382
3445 383
3444 383
3444 384
3443 384
3443 390
3442 390
3442 391
3440 391
3440 392
3435 392
3435 393
3419 393
3419 394
3418 394
3418 395
3417 395
3417 396
3416 396
3416 398
3415 398
3415 400
3414 400
3414 403
3413 403
3413 404
3411 404
3411 405
3408 405
3408 406
3407 406
3407 407
3406 407
3406 408
3404 408
3404 409
3402 409
3402 410
3401 410
3401 411
3400 411
3400 413
3399 413
3399 414
3398 414
3398 415
3397 415
3397 417
3395 417
3395 418
3391 418
3391 419
3385 419
3385 420
3382 420
3382 421
3381 421
3381 422
3380 422
3380 424
3379 424
3379 428
3378 428
3378 431
3377 431
3377 435
3376 435
3376 439
3375 439
3375 443
3374 443
3374 447
3373 447
3373 450
3372 450
3372 455
3371 455
3371 456
3360 456
3360 457
3358 457
3358 458
3357 458
3357 459
3354 459
3354 460
3352 460
3352 461
3350 461
3350 462
3348 462
3348 463
3340 463
3340 464
3337 464
3337 463
3328 463
3328 462
3327 462
3327 461
3325 461
3325 460
3322 460
3322 459
3321 459
3321 458
3319 458
3319 457
3299 457
3299 456
3298 456
3298 455
3296 455
3296 454
3294 454
3294 453
3293 453
3293 452
3292 452
3292 451
3291 451
3291 450
3290 450
3290 449
3289 449
3289 447
3288 447
3288 446
3287 446
3287 445
3286 445
3286 444
3285 444
3285 442
3284 442
3284 441
3282 441
3282 440
3280 440
3280 439
3278 439
3278 438
3277 438
3277 437
3276 437
3276 436
3275 436
3275 435
3274 435
3274 434
3273 434
3273 433
3272 433
3272 430
3271 430
3271 429
3269 429
3269 427
3268 427
3268 426
3266 426
3266 425
3255 425
3255 424
3254 424
3254 423
3252 423
3252 422
3251 422
3251 421
3249 421
3249 420
3246 420
3246 419
3243 419
3243 418
3241 418
3241 417
3239 417
3239 418
3235 418
3235 419
3234 419
3234 420
3233 420
3233 421
3232 421
3232 424
3231 424
3231 432
3230 432
3230 435
3229 435
3229 438
3228 438
3228 440
3227 440
3227 441
3223 441
3223 442
3218 442
3218 443
3214 443
3214 442
3212 442
3212 441
3211 441
3211 440
3198 440
3198 441
3197 441
3197 442
3196 442
3196 443
3195 443
3195 447
3194 447
3194 451
3192 451
3192 452
3190 452
3190 453
3186 453
3186 454
3183 454
3183 453
3180 453
3180 454
3163 454
3163 453
3159 453
3159 454
3156 454
3156 453
3155 453
3155 454
3153 454
3153 455
3152 455
3152 457
3151 457
3151 458
3150 458
3150 459
3149 459
3149 463
3148 463
3148 468
3147 468
3147 478
3146 478
3146 480
3145 480
3145 481
3144 481
3144 483
3143 483
3143 484
3142 484
3142 485
3141 485
3141 486
3139 486
3139 487
3137 487
3137 488
3136 488
3136 489
3135 489
3135 490
3133 490
3133 491
3130 491
3130 492
3128 492
3128 493
3127 493
3127 494
3126 494
3126 496
3125 496
3125 499
3124 499
3124 500
3123 500
3123 502
3122 502
3122 503
3121 503
3121 506
3120 506
3120 508
3119 508
3119 510
3118 510
3118 512
3117 512
3117 513
3113 513
3113 514
3112 514
3112 513
3105 513
3105 512
3104 512
3104 511
3103 511
3103 510
3102 510
3102 508
3101 508
3101 506
3100 506
3100 493
3099 493
3099 483
3098 483
3098 482
3097 482
3097 481
3092 481
3092 482
3085 482
3085 483
3080 483
3080 484
3078 484
3078 485
3077 485
3077 486
3076 486
3076 487
3075 487
3075 492
3074 492
3074 500
3073 500
3073 508
3072 508
3072 509
3071 509
3071 511
3070 511
3070 513
3069 513
3069 514
3067 514
3067 515
3066 515
3066 516
3064 516
3064 517
3063 517
3063 518
3062 518
3062 519
3061 519
3061 520
3060 520
3060 523
3059 523
3059 528
3058 528
3058 531
3057 531
3057 536
3056 536
3056 537
3054 537
3054 538
3046 538
3046 539
3043 539
3043 540
3041 540
3041 541
3040 541
3040 542
3039 542
3039 543
3038 543
3038 544
3036 544
3036 545
3035 545
3035 546
3034 546
3034 551
3033 551
3033 562
3032 562
3032 571
3031 571
3031 578
3030 578
3030 581
3028 581
3028 582
3027 582
3027 583
3026 583
3026 584
3025 584
3025 585
3023 585
3023 586
3022 586
3022 587
3021 587
3021 588
3020 588
3020 597
3019 597
