2524 775
2522 775
2522 776
2521 776
2521 777
2519 777
2519 778
2518 778
2518 779
2516 779
2516 780
2515 780
2515 781
2514 781
2514 782
2513 782
2513 783
2511 783
2511 784
2506 784
2506 785
2505 785
2505 787
2503 787
2503 788
2502 788
2502 789
2501 789
2501 790
2499 790
2499 791
2498 791
2498 792
2497 792
2497 793
2496 793
2496 794
2493 794
2493 795
2492 795
2492 796
2490 796
2490 797
2489 797
2489 798
2488 798
2488 799
2487 799
2487 800
2486 800
2486 801
2485 801
2485 802
2484 802
2484 803
2483 803
2483 806
2481 806
2481 807
2478 807
2478 808
2477 808
2477 809
2476 809
2476 810
2475 810
2475 811
2474 811
2474 812
2473 812
2473 813
2472 813
2472 814
2471 814
2471 815
2469 815
2469 816
2468 816
2468 817
2467 817
2467 818
2465 818
2465 819
2464 819
2464 820
2462 820
2462 821
2461 821
2461 823
2459 823
2459 824
2458 824
2458 825
2457 825
2457 826
2455 826
2455 827
2452 827
2452 828
2451 828
2451 829
2450 829
2450 830
2449 830
2449 831
2447 831
2447 832
2446 832
2446 833
2445 833
2445 834
2444 834
2444 835
2442 835
2442 836
2441 836
2441 837
2440 837
2440 838
2438 838
2438 839
2437 839
2437 840
2436 840
2436 841
2435 841
2435 842
2434 842
2434 843
2433 843
2433 844
2431 844
2431 845
2430 845
2430 846
2429 846
2429 848
2428 848
2428 849
2427 849
2427 850
2426 850
2426 851
2425 851
2425 852
2424 852
2424 853
2423 853
2423 854
2422 854
2422 856
2421 856
2421 858
2420 858
2420 859
2419 859
2419 860
2418 860
2418 861
2417 861
2417 862
2416 862
2416 865
2415 865
2415 871
2414 871
2414 874
2413 874
2413 875
2412 875
2412 876
2411 876
2411 877
2409 877
2409 878
2408 878
2408 879
2406 879
2406 880
2405 880
2405 881
2404 881
2404 882
2403 882
2403 883
2402 883
2402 884
2401 884
2401 886
2392 886
2392 887
2390 887
2390 888
2379 888
2379 889
2378 889
2378 890
2377 890
2377 891
2376 891
2376 892
2375 892
2375 893
2373 893
2373 894
2372 894
2372 895
2371 895
2371 896
2370 896
2370 897
2369 897
2369 898
2368 898
2368 899
2367 899
2367 900
2366 900
2366 901
2364 901
2364 902
2361 902
2361 903
2360 903
2360 904
2359 904
2359 905
2358 905
2358 906
2356 906
2356 907
2346 907
2346 908
2345 908
2345 909
2344 909
2344 913
2343 913
2343 918
2342 918
2342 919
2341 919
2341 922
2340 922
2340 924
2339 924
2339 925
2338 925
2338 926
2337 926
2337 927
2335 927
2335 928
2334 928
2334 929
2332 929
2332 930
2329 930
2329 931
2328 931
2328 932
2327 932
2327 934
2326 934
2326 935
2325 935
2325 940
2324 940
2324 944
2323 944
2323 945
2322 945
2322 946
2321 946
2321 947
2319 947
2319 948
2311 948
2311 947
2301 947
2301 948
2300 948
2300 949
2299 949
2299 954
2300 954
2300 958
2281 958
2281 959
2280 959
2280 960
2279 960
2279 961
2277 961
2277 964
2276 964
2276 967
2275 967
2275 968
2274 968
2274 970
2273 970
2273 971
2272 971
2272 972
2271 972
2271 973
2270 973
2270 975
2260 975
2260 974
2256 974
2256 975
2254 975
2254 976
2253 976
2253 977
2252 977
2252 979
2251 979
2251 980
2250 980
2250 981
2249 981
2249 983
2248 983
2248 985
2247 985
2247 986
2239 986
2239 987
2238 987
2238 989
2237 989
2237 990
2236 990
2236 992
2235 992
2235 993
2234 993
2234 994
2233 994
2233 995
2232 995
2232 996
2231 996
2231 998
2230 998
2230 999
2229 999
2229 1000
2228 1000
2228 1001
2227 1001
2227 1002
2226 1002
2226 1003
2225 1003
2225 1005
2224 1005
2224 1006
2221 1006
2221 1007
2214 1007
2214 1008
2213 1008
2213 1009
2212 1009
2212 1010
2211 1010
2211 1012
2209 1012
2209 1013
2208 1013
2208 1014
2207 1014
2207 1015
2206 1015
2206 1016
2205 1016
2205 1020
2204 1020
2204 1022
2199 1022
2199 1023
2189 1023
2189 1024
2179 1024
2179 1023
2172 1023
2172 1024
2148 1024
2148 1023
2141 1023
2141 1024
2130 1024
2130 1023
2125 1023
2125 1022
2122 1022
2122 1021
2118 1021
2118 1020
2117 1020
2117 1019
2116 1019
2116 1018
2115 1018
2115 1016
2114 1016
2114 1015
2113 1015
2113 1014
2111 1014
2111 1013
2107 1013
2107 1012
2102 1012
2102 1011
2099 1011
2099 1010
2092 1010
2092 1011
2089 1011
2089 1012
2077 1012
2077 1013
2062 1013
2062 1012
2060 1012
2060 1011
2059 1011
2059 1010
2058 1010
2058 1009
2057 1009
2057 1008
2056 1008
2056 1007
2054 1007
2054 1006
2053 1006
2053 1005
2052 1005
2052 1003
2051 1003
2051 1002
2050 1002
2050 1001
2048 1001
2048 1000
2047 1000
2047 999
2025 999
2025 998
2023 998
2023 997
2020 997
2020 996
2016 996
2016 995
2011 995
2011 994
2010 994
2010 993
2009 993
2009 992
2007 992
2007 991
2003 991
2003 990
2000 990
2000 989
1999 989
1999 988
1998 988
1998 987
1996 987
1996 986
1995 986
1995 985
1993 985
1993 984
1974 984
1974 985
1970 985
1970 986
1965 986
1965 987
1959 987
1959 988
1951 988
1951 987
1950 987
1950 986
1948 986
1948 985
1947 985
1947 984
1946 984
1946 982
1945 982
1945 981
1944 981
1944 980
1943 980
1943 979
1941 979
1941 978
1937 978
1937 977
1936 977
1936 976
1933 976
1933 975
1929 975
1929 974
1928 974
1928 973
1927 973
1927 972
1926 972
1926 970
1925 970
1925 968
1924 968
1924 966
1923 966
1923 965
1922 965
1922 964
1921 964
1921 963
1920 963
1920 962
1919 962
1919 961
1915 961
1915 960
1913 960
1913 959
1911 959
1911 958
1910 958
1910 957
1909 957
1909 956
1908 956
1908 955
1907 955
1907 954
1906 954
1906 953
1905 953
1905 952
1904 952
1904 951
1903 951
1903 950
1902 950
1902 949
1898 949
1898 948
1894 948
1894 947
1892 947
1892 948
1887 948
1887 947
1885 947
1885 946
1883 946
1883 945
1880 945
1880 944
1874 944
1874 943
1864 943
1864 942
1862 942
1862 941
1861 941
1861 940
1859 940
1859 939
1858 939
1858 938
1852 938
1852 937
1846 937
1846 938
1832 938
1832 939
1831 939
1831 938
1824 938
1824 937
1819 937
1819 936
1816 936
1816 935
1814 935
1814 934
1812 934
1812 933
1811 933
1811 932
1810 932
1810 930
1809 930
1809 929
1808 929
1808 928
1807 928
1807 927
1806 927
1806 926
1804 926
1804 925
1803 925
1803 924
1801 924
1801 923
1800 923
1800 922
1799 922
1799 921
1798 921
1798 920
1796 920
1796 919
1795 919
1795 918
1794 918
1794 917
1792 917
1792 916
1791 916
1791 915
1788 915
1788 914
1787 914
1787 913
1786 913
1786 912
1784 912
1784 911
1783 911
1783 910
1781 910
1781 909
1780 909
1780 908
1779 908
1779 907
1777 907
1777 906
1776 906
1776 905
1775 905
1775 904
1774 904
1774 903
1773 903
1773 902
1772 902
1772 901
1770 901
1770 900
1768 900
1768 899
1749 899
1749 898
1745 898
1745 897
1741 897
1741 896
1738 896
1738 895
1737 895
1737 894
1736 894
1736 893
1734 893
1734 892
1733 892
1733 891
1732 891
1732 890
1731 890
1731 889
1730 889
1730 888
1727 888
1727 887
1723 887
1723 886
1721 886
1721 885
1720 885
1720 884
1718 884
1718 883
1717 883
1717 882
1716 882
1716 880
1715 880
1715 879
1714 879
1714 878
1711 878
1711 877
1709 877
1709 875
1708 875
1708 874
1707 874
1707 873
1706 873
1706 872
1705 872
1705 871
1703 871
1703 870
1700 870
1700 869
1698 869
1698 868
1696 868
1696 867
1694 867
1694 866
1690 866
1690 865
1688 865
1688 864
1686 864
1686 863
1685 863
1685 862
1684 862
1684 861
1683 861
1683 860
1682 860
1682 858
1681 858
1681 857
1679 857
1679 856
1677 856
1677 855
1670 855
1670 848
1669 848
1669 845
1668 845
1668 843
1667 843
1667 841
1668 841
1668 836
1666 836
1666 835
1664 835
1664 834
1663 834
1663 833
1662 833
1662 832
1660 832
1660 831
1658 831
1658 830
1656 830
1656 829
1648 829
1648 830
1643 830
1643 831
1637 831
1637 830
1636 830
1636 829
1635 829
1635 828
1634 828
1634 827
1633 827
1633 826
1631 826
1631 825
1630 825
1630 805
1629 805
1629 804
1628 804
1628 803
1627 803
1627 802
1624 802
1624 801
1622 801
1622 800
1621 800
1621 799
1620 799
1620 798
1619 798
1619 797
1618 797
1618 796
1616 796
1616 795
1615 795
1615 794
1614 794
1614 792
1613 792
1613 791
1612 791
1612 790
1611 790
1611 789
1610 789
1610 788
1609 788
1609 787
1608 787
1608 786
1607 786
1607 785
1606 785
1606 782
1605 782
1605 774
1604 774
1604 768
1603 768
1603 765
1602 765
1602 764
1601 764
1601 763
1600 763
1600 762
1599 762
1599 761
1597 761
1597 760
1596 760
1596 759
1595 759
1595 758
1594 758
1594 757
1593 757
1593 756
1592 756
1592 755
1591 755
1591 753
1590 753
1590 752
1589 752
1589 751
1588 751
1588 750
1587 750
1587 748
1586 748
1586 747
1585 747
1585 745
1584 745
1584 744
1583 744
1583 742
1582 742
1582 740
1581 740
1581 738
1580 738
1580 737
1579 737
1579 721
1578 721
1578 680
1577 680
1577 679
1576 679
1576 678
1575 678
1575 677
1573 677
1573 676
1572 676
1572 675
1571 675
1571 674
1570 674
1570 673
1569 673
1569 672
1568 672
1568 671
1567 671
1567 669
1566 669
1566 667
1565 667
1565 657
1564 657
1564 655
1563 655
1563 654
1562 654
1562 653
1561 653
1561 652
1560 652
1560 651
1559 651
1559 650
1558 650
1558 649
1557 649
1557 648
1556 648
1556 647
1555 647
1555 645
1554 645
1554 640
1553 640
1553 625
1552 625
1552 565
1551 565
1551 500
1550 500
1550 464
1549 464
1549 408
1550 408
1550 407
1549 407
1549 385
1548 385
1548 384
1543 384
1543 383
1542 383
1542 382
1541 382
1541 381
1540 381
1540 380
1539 380
1539 379
1538 379
1538 377
1537 377
1537 368
1536 368
1536 377
1537 377
1537 379
1538 379
1538 380
1539 380
1539 381
1540 381
1540 382
1541 382
1541 383
1542 383
1542 385
1548 385
1548 407
1549 407
1549 408
1548 408
1548 464
1549 464
1549 500
1550 500
1550 565
1551 565
1551 625
1552 625
1552 640
1553 640
1553 645
1554 645
1554 647
1555 647
1555 648
1556 648
1556 649
1557 649
1557 650
1558 650
1558 651
1559 651
1559 652
1560 652
1560 653
1561 653
1561 654
1562 654
1562 655
1563 655
1563 657
1564 657
1564 667
1565 667
1565 669
1566 669
1566 671
1567 671
1567 672
1568 672
1568 673
1569 673
1569 674
1570 674
1570 675
1571 675
1571 676
1572 676
1572 677
1573 677
1573 678
1575 678
1575 679
1576 679
1576 680
1577 680
1577 721
1578 721
1578 737
1579 737
1579 738
1580 738
1580 740
1581 740
1581 742
1582 742
1582 744
1583 744
1583 745
1584 745
1584 747
1585 747
1585 748
1586 748
1586 750
1587 750
1587 751
1588 751
1588 752
1589 752
1589 753
1590 753
1590 755
1591 755
1591 756
1592 756
1592 757
1593 757
1593 758
1594 758
1594 759
1595 759
1595 760
1596 760
1596 761
1597 761
1597 762
1599 762
1599 763
1600 763
1600 764
1601 764
1601 765
1602 765
1602 768
1603 768
1603 774
1604 774
1604 782
1605 782
1605 785
1606 785
1606 786
1607 786
1607 787
1608 787
1608 788
1609 788
1609 789
1610 789
1610 790
1611 790
1611 791
1612 791
1612 792
1613 792
1613 794
1614 794
1614 795
1615 795
1615 796
1616 796
1616 797
1618 797
1618 798
1619 798
1619 799
1620 799
1620 800
1621 800
1621 801
1622 801
1622 802
1624 802
1624 803
1627 803
1627 804
1628 804
1628 805
1629 805
1629 825
1630 825
1630 826
1631 826
1631 827
1633 827
1633 828
1634 828
1634 829
1635 829
1635 830
1636 830
1636 831
1637 831
1637 832
1643 832
1643 831
1648 831
1648 830
1656 830
1656 831
1658 831
1658 832
1660 832
1660 833
1662 833
1662 835
1664 835
1664 836
1666 836
1666 837
1667 837
1667 841
1666 841
1666 843
1667 843
1667 846
1668 846
1668 848
1669 848
1669 856
1677 856
1677 857
1679 857
1679 858
1681 858
1681 860
1682 860
1682 861
1683 861
1683 862
1684 862
1684 863
1685 863
1685 864
1686 864
1686 865
1688 865
1688 866
1690 866
1690 867
1694 867
1694 868
1696 868
1696 869
1698 869
1698 870
1700 870
1700 871
1703 871
1703 872
1705 872
1705 873
1706 873
1706 874
1707 874
1707 875
1708 875
1708 877
1709 877
1709 878
1711 878
1711 879
1714 879
1714 880
1715 880
1715 882
1716 882
1716 883
1717 883
1717 884
1718 884
1718 885
1720 885
1720 886
1721 886
1721 887
1723 887
1723 888
1727 888
1727 889
1730 889
1730 890
1731 890
1731 891
1732 891
1732 892
1733 892
1733 893
1734 893
1734 894
1736 894
1736 895
1737 895
1737 896
1738 896
1738 897
1741 897
1741 898
1745 898
1745 899
1749 899
1749 900
1768 900
1768 901
1770 901
1770 902
1772 902
1772 903
1773 903
1773 904
1774 904
1774 905
1775 905
1775 906
1776 906
1776 907
1777 907
1777 908
1779 908
1779 909
1780 909
1780 910
1781 910
1781 911
1783 911
1783 912
1784 912
1784 913
1786 913
1786 914
1787 914
1787 915
1788 915
1788 916
1791 916
1791 917
1792 917
1792 918
1794 918
1794 919
1795 919
1795 920
1796 920
1796 921
1798 921
1798 922
1799 922
1799 923
1800 923
1800 924
1801 924
1801 925
1803 925
1803 926
1804 926
1804 927
1806 927
1806 928
1807 928
1807 929
1808 929
1808 930
1809 930
1809 932
1810 932
1810 933
1811 933
1811 934
1812 934
1812 935
1814 935
1814 936
1816 936
1816 937
1819 937
1819 938
1824 938
1824 939
1831 939
1831 940
1832 940
1832 939
1846 939
1846 938
1852 938
1852 939
1858 939
1858 940
1859 940
1859 941
1861 941
1861 942
1862 942
1862 943
1864 943
1864 944
1874 944
1874 945
1880 945
1880 946
1883 946
1883 947
1885 947
1885 948
1887 948
1887 949
1892 949
1892 948
1894 948
1894 949
1898 949
1898 950
1902 950
1902 951
1903 951
1903 952
1904 952
1904 953
1905 953
1905 954
1906 954
1906 955
1907 955
1907 956
1908 956
1908 957
1909 957
1909 958
1910 958
1910 959
1911 959
1911 960
1913 960
1913 961
1915 961
1915 962
1919 962
1919 963
1920 963
1920 964
1921 964
1921 965
1922 965
1922 966
1923 966
1923 968
1924 968
1924 970
1925 970
1925 972
1926 972
1926 973
1927 973
1927 974
1928 974
1928 975
1929 975
1929 976
1933 976
1933 977
1936 977
1936 978
1937 978
1937 979
1941 979
1941 980
1943 980
1943 981
1944 981
1944 982
1945 982
1945 984
1946 984
1946 985
1947 985
1947 986
1948 986
1948 987
1950 987
1950 988
1951 988
1951 989
1959 989
1959 988
1965 988
1965 987
1970 987
1970 986
1974 986
1974 985
1993 985
1993 986
1995 986
1995 987
1996 987
1996 988
1998 988
1998 989
1999 989
1999 990
2000 990
2000 991
2003 991
2003 992
2007 992
2007 993
2009 993
2009 994
2010 994
2010 995
2011 995
2011 996
2016 996
2016 997
2020 997
2020 998
2023 998
2023 999
2025 999
2025 1000
2047 1000
2047 1001
2048 1001
2048 1002
2050 1002
2050 1003
2051 1003
2051 1005
2052 1005
2052 1006
2053 1006
2053 1007
2054 1007
2054 1008
2056 1008
2056 1009
2057 1009
2057 1010
2058 1010
2058 1011
2059 1011
2059 1012
2060 1012
2060 1013
2062 1013
2062 1014
2077 1014
2077 1013
2089 1013
2089 1012
2092 1012
2092 1011
2099 1011
2099 1012
2102 1012
2102 1013
2107 1013
2107 1014
2111 1014
2111 1015
2113 1015
2113 1016
2114 1016
2114 1018
2115 1018
2115 1019
2116 1019
2116 1020
2117 1020
2117 1021
2118 1021
2118 1022
2122 1022
2122 1023
2125 1023
2125 1024
2130 1024
2130 1025
2141 1025
2141 1024
2148 1024
2148 1025
2172 1025
2172 1024
2179 1024
2179 1025
2189 1025
2189 1024
2199 1024
2199 1023
2204 1023
2204 1022
2205 1022
2205 1020
2206 1020
2206 1016
2207 1016
2207 1015
2208 1015
2208 1014
2209 1014
2209 1013
2211 1013
2211 1012
2212 1012
2212 1010
2213 1010
2213 1009
2214 1009
2214 1008
2221 1008
2221 1007
2224 1007
2224 1006
2225 1006
2225 1005
2226 1005
2226 1003
2227 1003
2227 1002
2228 1002
2228 1001
2229 1001
2229 1000
2230 1000
2230 999
2231 999
2231 998
2232 998
2232 996
2233 996
2233 995
2234 995
2234 994
2235 994
2235 993
2236 993
2236 992
2237 992
2237 990
2238 990
2238 989
2239 989
2239 987
2247 987
2247 986
2248 986
2248 985
2249 985
2249 983
2250 983
2250 981
2251 981
2251 980
2252 980
2252 979
2253 979
2253 977
2254 977
2254 976
2256 976
2256 975
2260 975
2260 976
2270 976
2270 975
2271 975
2271 973
2272 973
2272 972
2273 972
2273 971
2274 971
2274 970
2275 970
2275 968
2276 968
2276 967
2277 967
2277 964
2278 964
2278 962
2279 962
2279 961
2280 961
2280 960
2281 960
2281 959
2300 959
2300 958
2301 958
2301 954
2300 954
2300 949
2301 949
2301 948
2311 948
2311 949
2319 949
2319 948
2321 948
2321 947
2322 947
2322 946
2323 946
2323 945
2325 945
2325 940
2326 940
2326 935
2327 935
2327 934
2328 934
2328 932
2329 932
2329 931
2332 931
2332 930
2334 930
2334 929
2335 929
2335 928
2337 928
2337 927
2338 927
2338 926
2339 926
2339 925
2340 925
2340 924
2341 924
2341 922
2342 922
2342 919
2343 919
2343 918
2344 918
2344 913
2345 913
2345 909
2346 909
2346 908
2356 908
2356 907
2358 907
2358 906
2359 906
2359 905
2360 905
2360 904
2361 904
2361 903
2364 903
2364 902
2366 902
2366 901
2367 901
2367 900
2368 900
2368 899
2369 899
2369 898
2370 898
2370 897
2371 897
2371 896
2372 896
2372 895
2373 895
2373 894
2375 894
2375 893
2376 893
2376 892
2377 892
2377 891
2378 891
2378 890
2379 890
2379 889
2390 889
2390 888
2392 888
2392 887
2401 887
2401 886
2402 886
2402 884
2403 884
2403 883
2404 883
2404 882
2405 882
2405 881
2406 881
2406 880
2408 880
2408 879
2409 879
2409 878
2411 878
2411 877
2412 877
2412 876
2413 876
2413 875
2414 875
2414 874
2415 874
2415 871
2416 871
2416 865
2417 865
2417 862
2418 862
2418 861
2419 861
2419 860
2420 860
2420 859
2422 859
2422 856
2423 856
2423 854
2424 854
2424 853
2425 853
2425 852
2426 852
2426 851
2427 851
2427 850
2428 850
2428 849
2429 849
2429 848
2430 848
2430 846
2431 846
2431 845
2433 845
2433 844
2434 844
2434 843
2435 843
2435 842
2436 842
2436 841
2437 841
2437 840
2438 840
2438 839
2440 839
2440 838
2441 838
2441 837
2442 837
2442 836
2444 836
2444 835
2445 835
2445 834
2446 834
2446 833
2447 833
2447 832
2449 832
2449 831
2450 831
2450 830
2451 830
2451 829
2452 829
2452 828
2455 828
2455 827
2457 827
2457 826
2458 826
2458 825
2459 825
2459 824
2461 824
2461 823
2462 823
2462 821
2464 821
2464 820
2465 820
2465 819
2467 819
2467 818
2468 818
2468 817
2469 817
2469 816
2471 816
2471 815
2472 815
2472 814
2473 814
2473 813
2474 813
2474 812
2475 812
2475 811
2476 811
2476 810
2477 810
2477 809
2478 809
2478 808
2481 808
2481 807
2483 807
2483 806
2484 806
2484 803
2485 803
2485 802
2486 802
2486 801
2487 801
2487 800
2488 800
2488 799
2489 799
2489 798
2490 798
2490 797
2492 797
2492 796
2493 796
2493 795
2496 795
2496 794
2497 794
2497 793
2498 793
2498 792
2499 792
2499 791
2501 791
2501 790
2502 790
2502 789
2503 789
2503 788
2505 788
2505 787
2506 787
2506 785
2511 785
2511 784
2513 784
2513 783
2514 783
2514 782
2515 782
2515 781
2516 781
2516 780
2518 780
2518 779
2519 779
2519 778
2521 778
2521 777
2522 777
2522 776
2524 776
2524 775
2525 775
2525 770
2526 770
2526 765
2527 765
2527 762
2528 762
2528 760
2529 760
2529 759
2530 759
2530 758
2532 758
2532 757
2533 757
2533 756
2534 756
2534 755
2535 755
2535 754
2536 754
2536 753
2537 753
2537 752
2538 752
2538 751
2539 751
2539 750
2540 750
2540 749
2541 749
2541 748
2542 748
2542 747
2543 747
2543 746
2544 746
2544 745
2545 745
2545 743
2546 743
2546 724
2545 724
2545 716
2546 716
2546 713
2547 713
2547 710
2548 710
2548 707
2549 707
2549 705
2550 705
2550 703
2551 703
2551 702
2552 702
2552 701
2553 701
2553 699
2555 699
2555 698
2556 698
2556 697
2558 697
2558 696
2560 696
2560 695
2561 695
2561 694
2563 694
2563 693
2565 693
2565 692
2566 692
2566 691
2568 691
2568 690
2569 690
2569 689
2570 689
2570 688
2573 688
2573 687
2574 687
2574 686
2575 686
2575 685
2577 685
2577 684
2578 684
2578 683
2579 683
2579 681
2580 681
2580 677
2581 677
2581 660
2582 660
2582 652
2583 652
2583 649
2584 649
2584 648
2588 648
2588 649
2589 649
2589 650
2590 650
2590 651
2595 651
2595 650
2596 650
2596 649
2598 649
2598 648
2601 648
2601 647
2602 647
2602 646
2603 646
2603 645
2605 645
2605 644
2606 644
2606 643
2607 643
2607 642
2608 642
2608 635
2609 635
2609 622
2610 622
2610 611
2611 611
2611 597
2612 597
2612 583
2613 583
2613 571
2614 571
2614 559
2615 559
2615 557
2616 557
2616 556
2618 556
2618 555
2622 555
2622 554
2623 554
2623 553
2624 553
2624 552
2625 552
2625 551
2626 551
2626 550
2627 550
2627 549
2628 549
2628 542
2629 542
2629 531
2630 531
2630 515
2631 515
2631 504
2632 504
2632 502
2635 502
2635 501
2639 501
2639 500
2640 500
2640 496
2641 496
2641 495
2642 495
2642 493
2643 493
2643 491
2644 491
2644 488
2645 488
2645 487
2653 487
2653 486
2655 486
2655 483
2656 483
2656 480
2657 480
2657 476
2658 476
2658 475
2659 475
2659 474
2658 474
2658 475
2657 475
2657 476
2656 476
2656 480
2655 480
2655 483
2654 483
2654 485
2653 485
2653 486
2645 486
2645 487
2644 487
2644 488
2643 488
2643 491
2642 491
2642 493
2641 493
2641 495
2640 495
2640 496
2639 496
2639 500
2635 500
2635 501
2631 501
2631 504
2630 504
2630 515
2629 515
2629 531
2628 531
2628 542
2627 542
2627 549
2626 549
2626 550
2625 550
2625 551
2624 551
2624 552
2623 552
2623 553
2622 553
2622 554
2618 554
2618 555
2616 555
2616 556
2615 556
2615 557
2614 557
2614 559
2613 559
2613 571
2612 571
2612 583
2611 583
2611 597
2610 597
2610 611
2609 611
2609 622
2608 622
2608 635
2607 635
2607 642
2606 642
2606 643
2605 643
2605 644
2603 644
2603 645
2602 645
2602 646
2601 646
2601 647
2598 647
2598 648
2596 648
2596 649
2595 649
2595 650
2590 650
2590 649
2589 649
2589 648
2588 648
2588 647
2584 647
2584 648
2583 648
2583 649
2582 649
2582 652
2581 652
2581 660
2580 660
2580 677
2579 677
2579 681
2578 681
2578 683
2577 683
2577 684
2575 684
2575 685
2574 685
2574 686
2573 686
2573 687
2570 687
2570 688
2569 688
2569 689
2568 689
2568 690
2566 690
2566 691
2565 691
2565 692
2563 692
2563 693
2561 693
2561 694
2560 694
2560 695
2558 695
2558 696
2556 696
2556 697
2555 697
2555 698
2553 698
2553 699
2552 699
2552 701
2551 701
2551 702
2550 702
2550 703
2549 703
2549 705
2548 705
2548 707
2547 707
2547 710
2546 710
2546 713
2545 713
2545 716
2544 716
2544 724
2545 724
2545 743
2544 743
2544 745
2543 745
2543 746
2542 746
2542 747
2541 747
2541 748
2540 748
2540 749
2539 749
2539 750
2538 750
2538 751
2537 751
2537 752
2536 752
2536 753
2535 753
2535 754
2534 754
2534 755
2533 755
2533 756
2532 756
2532 757
2530 757
2530 758
2529 758
2529 759
2528 759
2528 760
2527 760
2527 762
2526 762
2526 765
2525 765
2525 770
2524 770
