2657 538
2656 538
2656 540
2655 540
2655 541
2654 541
2654 542
2653 542
2653 543
2650 543
2650 544
2649 544
2649 546
2648 546
2648 547
2644 547
2644 548
2642 548
2642 549
2641 549
2641 550
2640 550
2640 551
2638 551
2638 552
2636 552
2636 551
2629 551
2629 550
2625 550
2625 549
2623 549
2623 550
2620 550
2620 551
2617 551
2617 552
2616 552
2616 553
2615 553
2615 554
2614 554
2614 555
2613 555
2613 556
2612 556
2612 557
2611 557
2611 558
2608 558
2608 559
2600 559
2600 560
2599 560
2599 561
2598 561
2598 562
2596 562
2596 563
2595 563
2595 564
2589 564
2589 563
2583 563
2583 564
2579 564
2579 565
2576 565
2576 566
2574 566
2574 567
2573 567
2573 568
2572 568
2572 569
2571 569
2571 571
2570 571
2570 572
2567 572
2567 573
2564 573
2564 574
2555 574
2555 575
2554 575
2554 576
2552 576
2552 577
2551 577
2551 578
2550 578
2550 579
2547 579
2547 580
2540 580
2540 581
2539 581
2539 582
2538 582
2538 584
2537 584
2537 587
2536 587
2536 588
2534 588
2534 601
2532 601
2532 602
2531 602
2531 603
2530 603
2530 604
2528 604
2528 605
2526 605
2526 606
2519 606
2519 607
2517 607
2517 608
2516 608
2516 609
2515 609
2515 610
2514 610
2514 612
2513 612
2513 613
2512 613
2512 615
2511 615
2511 616
2510 616
2510 617
2509 617
2509 618
2507 618
2507 619
2506 619
2506 620
2505 620
2505 621
2504 621
2504 622
2503 622
2503 623
2502 623
2502 624
2501 624
2501 625
2500 625
2500 630
2499 630
2499 634
2498 634
2498 635
2496 635
2496 636
2494 636
2494 637
2493 637
2493 636
2478 636
2478 637
2477 637
2477 638
2476 638
2476 645
2475 645
2475 651
2474 651
2474 652
2473 652
2473 653
2472 653
2472 655
2471 655
2471 656
2470 656
2470 657
2469 657
2469 656
2466 656
2466 655
2460 655
2460 654
2459 654
2459 653
2458 653
2458 652
2457 652
2457 651
2456 651
2456 650
2455 650
2455 649
2454 649
2454 648
2453 648
2453 647
2452 647
2452 646
2450 646
2450 645
2444 645
2444 646
2439 646
2439 645
2437 645
2437 644
2435 644
2435 643
2434 643
2434 642
2433 642
2433 641
2432 641
2432 640
2431 640
2431 639
2430 639
2430 636
2429 636
2429 635
2427 635
2427 634
2426 634
2426 633
2424 633
2424 632
2416 632
2416 633
2414 633
2414 632
2410 632
2410 631
2408 631
2408 630
2407 630
2407 629
2406 629
2406 628
2405 628
2405 626
2404 626
2404 623
2403 623
2403 621
2402 621
2402 620
2401 620
2401 619
2393 619
2393 618
2390 618
2390 617
2389 617
2389 616
2387 616
2387 615
2386 615
2386 614
2384 614
2384 613
2383 613
2383 612
2380 612
2380 611
2368 611
2368 612
2365 612
2365 613
2363 613
2363 614
2361 614
2361 615
2360 615
2360 616
2358 616
2358 617
2355 617
2355 618
2353 618
2353 617
2346 617
2346 616
2326 616
2326 617
2323 617
2323 618
2315 618
2315 617
2313 617
2313 616
2310 616
2310 615
2300 615
2300 616
2295 616
2295 617
2289 617
2289 618
2286 618
2286 619
2284 619
2284 620
2269 620
2269 619
2262 619
2262 618
2260 618
2260 617
2258 617
2258 616
2256 616
2256 615
2254 615
2254 614
2251 614
2251 613
2247 613
2247 611
2246 611
2246 610
2245 610
2245 607
2244 607
2244 606
2243 606
2243 605
2241 605
2241 604
2233 604
2233 605
2229 605
2229 606
2226 606
2226 607
2224 607
2224 608
2221 608
2221 609
2218 609
2218 610
2216 610
2216 611
2215 611
2215 612
2213 612
2213 613
2211 613
2211 614
2208 614
2208 615
2207 615
2207 616
2205 616
2205 617
2204 617
2204 618
2187 618
2187 619
2185 619
2185 620
2184 620
2184 621
2183 621
2183 622
2182 622
2182 623
2181 623
2181 624
2180 624
2180 625
2179 625
2179 626
2177 626
2177 627
2175 627
2175 628
2173 628
2173 629
2170 629
2170 630
2168 630
2168 631
2167 631
2167 632
2166 632
2166 633
2164 633
2164 634
2163 634
2163 635
2162 635
2162 636
2160 636
2160 637
2159 637
2159 638
2157 638
2157 639
2155 639
2155 640
2153 640
2153 641
2151 641
2151 642
2148 642
2148 643
2141 643
2141 642
2138 642
2138 641
2136 641
2136 640
2132 640
2132 639
2130 639
2130 638
2127 638
2127 637
2125 637
2125 636
2121 636
2121 635
2105 635
2105 634
2102 634
2102 635
2095 635
2095 636
2081 636
2081 635
2079 635
2079 634
2078 634
2078 633
2073 633
2073 632
2072 632
2072 631
2071 631
2071 630
2069 630
2069 629
2068 629
2068 628
2067 628
2067 627
2065 627
2065 626
2062 626
2062 625
2059 625
2059 624
2054 624
2054 623
2046 623
2046 622
2038 622
2038 621
2035 621
2035 620
2033 620
2033 619
2031 619
2031 618
2029 618
2029 617
2028 617
2028 616
2025 616
2025 615
2022 615
2022 614
2020 614
2020 613
2017 613
2017 612
2009 612
2009 611
2004 611
2004 612
1996 612
1996 613
1987 613
1987 614
1985 614
1985 615
1971 615
1971 616
1969 616
1969 617
1966 617
1966 618
1965 618
1965 619
1964 619
1964 620
1963 620
1963 621
1962 621
1962 622
1961 622
1961 623
1960 623
1960 624
1959 624
1959 625
1957 625
1957 626
1956 626
1956 627
1954 627
1954 628
1952 628
1952 629
1951 629
1951 630
1950 630
1950 631
1948 631
1948 632
1946 632
1946 633
1943 633
1943 634
1942 634
1942 635
1941 635
1941 636
1939 636
1939 637
1938 637
1938 638
1937 638
1937 639
1936 639
1936 640
1935 640
1935 646
1936 646
1936 647
1935 647
1935 658
1934 658
1934 665
1933 665
1933 672
1932 672
1932 674
1931 674
1931 680
1930 680
1930 682
1929 682
1929 683
1928 683
1928 684
1923 684
1923 685
1910 685
1910 686
1909 686
1909 687
1907 687
1907 688
1906 688
1906 690
1904 690
1904 691
1902 691
1902 692
1901 692
1901 693
1900 693
1900 694
1899 694
1899 695
1898 695
1898 697
1896 697
1896 698
1895 698
1895 699
1890 699
1890 700
1874 700
1874 701
1869 701
1869 702
1860 702
1860 701
1856 701
1856 700
1854 700
1854 699
1852 699
1852 698
1850 698
1850 697
1848 697
1848 696
1845 696
1845 695
1844 695
1844 694
1843 694
1843 693
1841 693
1841 692
1840 692
1840 691
1836 691
1836 690
1834 690
1834 689
1823 689
1823 688
1818 688
1818 687
1815 687
1815 686
1812 686
1812 685
1810 685
1810 684
1809 684
1809 683
1807 683
1807 682
1806 682
1806 681
1805 681
1805 680
1804 680
1804 669
1803 669
1803 667
1802 667
1802 666
1801 666
1801 665
1800 665
1800 664
1797 664
1797 663
1795 663
1795 662
1792 662
1792 663
1789 663
1789 664
1788 664
1788 665
1787 665
1787 666
1786 666
1786 667
1785 667
1785 669
1784 669
1784 672
1783 672
1783 674
1782 674
1782 676
1781 676
1781 677
1780 677
1780 678
1779 678
1779 680
1778 680
1778 681
1777 681
1777 682
1776 682
1776 683
1773 683
1773 684
1764 684
1764 683
1762 683
1762 684
1759 684
1759 685
1757 685
1757 686
1756 686
1756 687
1755 687
1755 688
1754 688
1754 689
1753 689
1753 691
1752 691
1752 692
1751 692
1751 693
1748 693
1748 694
1742 694
1742 693
1741 693
1741 692
1736 692
1736 691
1734 691
1734 690
1731 690
1731 689
1729 689
1729 688
1727 688
1727 687
1726 687
1726 686
1723 686
1723 685
1721 685
1721 684
1719 684
1719 683
1718 683
1718 682
1716 682
1716 681
1715 681
1715 680
1714 680
1714 679
1712 679
1712 678
1711 678
1711 677
1709 677
1709 676
1708 676
1708 675
1707 675
1707 674
1705 674
1705 673
1702 673
1702 672
1699 672
1699 671
1694 671
1694 670
1692 670
1692 669
1691 669
1691 667
1690 667
1690 666
1689 666
1689 665
1688 665
1688 664
1687 664
1687 663
1686 663
1686 662
1683 662
1683 661
1682 661
1682 660
1680 660
1680 659
1676 659
1676 658
1665 658
1665 659
1663 659
1663 658
1656 658
1656 657
1653 657
1653 656
1649 656
1649 655
1648 655
1648 654
1647 654
1647 653
1646 653
1646 651
1645 651
1645 650
1644 650
1644 648
1643 648
1643 646
1642 646
1642 645
1641 645
1641 644
1640 644
1640 643
1639 643
1639 642
1638 642
1638 641
1636 641
1636 640
1633 640
1633 639
1630 639
1630 638
1628 638
1628 637
1626 637
1626 636
1625 636
1625 635
1624 635
1624 633
1623 633
1623 632
1622 632
1622 631
1621 631
1621 628
1620 628
1620 620
1619 620
1619 619
1617 619
1617 615
1616 615
1616 607
1615 607
1615 605
1614 605
1614 599
1613 599
1613 595
1614 595
1614 593
1613 593
1613 591
1612 591
1612 590
1611 590
1611 589
1610 589
1610 588
1609 588
1609 587
1608 587
1608 586
1604 586
1604 585
1599 585
1599 586
1596 586
1596 587
1595 587
1595 588
1594 588
1594 589
1593 589
1593 591
1592 591
1592 594
1593 594
1593 599
1592 599
1592 600
1591 600
1591 601
1590 601
1590 619
1589 619
1589 624
1588 624
1588 625
1587 625
1587 626
1586 626
1586 627
1585 627
1585 628
1584 628
1584 630
1583 630
1583 631
1582 631
1582 633
1581 633
1581 634
1580 634
1580 635
1579 635
1579 636
1578 636
1578 637
1576 637
1576 638
1574 638
1574 639
1573 639
1573 640
1572 640
1572 641
1571 641
1571 642
1570 642
1570 643
1569 643
1569 644
1568 644
1568 646
1567 646
1567 647
1566 647
1566 648
1565 648
1565 649
1564 649
1564 650
1563 650
1563 651
1561 651
1561 652
1560 652
1560 653
1559 653
1559 654
1558 654
1558 655
1556 655
1556 656
1555 656
1555 657
1554 657
1554 658
1552 658
1552 659
1550 659
1550 660
1549 660
1549 661
1547 661
1547 662
1544 662
1544 661
1541 661
1541 660
1540 660
1540 659
1539 659
1539 658
1538 658
1538 657
1537 657
1537 656
1536 656
1536 655
1534 655
1534 654
1528 654
1528 653
1526 653
1526 652
1525 652
1525 651
1524 651
1524 650
1523 650
1523 649
1522 649
1522 648
1521 648
1521 647
1520 647
1520 646
1518 646
1518 645
1509 645
1509 646
1503 646
1503 645
1502 645
1502 644
1501 644
1501 643
1499 643
1499 642
1496 642
1496 641
1492 641
1492 640
1488 640
1488 639
1487 639
1487 640
1484 640
1484 641
1483 641
1483 642
1481 642
1481 643
1479 643
1479 644
1459 644
1459 643
1454 643
1454 642
1452 642
1452 641
1449 641
1449 640
1447 640
1447 639
1446 639
1446 638
1445 638
1445 637
1444 637
1444 636
1442 636
1442 635
1441 635
1441 634
1438 634
1438 633
1437 633
1437 632
1426 632
1426 633
1424 633
1424 634
1422 634
1422 635
1418 635
1418 636
1414 636
1414 635
1410 635
1410 634
1408 634
1408 633
1405 633
1405 632
1393 632
1393 633
1389 633
1389 634
1386 634
1386 635
1384 635
1384 636
1379 636
1379 637
1376 637
1376 638
1367 638
1367 637
1360 637
1360 636
1356 636
1356 637
1355 637
1355 640
1354 640
1354 642
1353 642
1353 653
1352 653
1352 657
1351 657
1351 658
1346 658
1346 662
1345 662
1345 663
1343 663
1343 664
1341 664
1341 665
1338 665
1338 666
1336 666
1336 665
1324 665
1324 666
1321 666
1321 667
1320 667
1320 668
1319 668
1319 669
1318 669
1318 670
1314 670
1314 671
1311 671
1311 670
1306 670
1306 671
1292 671
1292 672
1287 672
1287 673
1271 673
1271 672
1265 672
1265 671
1263 671
1263 670
1260 670
1260 669
1259 669
1259 667
1257 667
1257 666
1253 666
1253 665
1240 665
1240 664
1238 664
1238 663
1237 663
1237 662
1236 662
1236 661
1235 661
1235 659
1234 659
1234 658
1233 658
1233 657
1232 657
1232 656
1231 656
1231 655
1230 655
1230 654
1228 654
1228 653
1220 653
1220 652
1215 652
1215 651
1212 651
1212 650
1208 650
1208 649
1205 649
1205 648
1202 648
1202 647
1197 647
1197 646
1194 646
1194 645
1189 645
1189 644
1186 644
1186 643
1178 643
1178 642
1171 642
1171 643
1169 643
1169 644
1168 644
1168 645
1167 645
1167 646
1166 646
1166 647
1164 647
1164 648
1159 648
1159 649
1156 649
1156 650
1155 650
1155 651
1154 651
1154 652
1153 652
1153 654
1152 654
1152 655
1150 655
1150 656
1144 656
1144 657
1138 657
1138 658
1136 658
1136 659
1134 659
1134 660
1132 660
1132 661
1130 661
1130 662
1129 662
1129 663
1128 663
1128 664
1127 664
1127 665
1125 665
1125 666
1123 666
1123 667
1116 667
1116 666
1106 666
1106 665
1104 665
1104 664
1091 664
1091 663
1087 663
1087 662
1086 662
1086 661
1084 661
1084 660
1082 660
1082 659
1080 659
1080 658
1078 658
1078 657
1076 657
1076 656
1074 656
1074 655
1073 655
1073 654
1071 654
1071 653
1069 653
1069 652
1067 652
1067 651
1066 651
1066 650
1064 650
1064 649
1062 649
1062 648
1061 648
1061 647
1060 647
1060 646
1059 646
1059 644
1058 644
1058 641
1057 641
1057 640
1056 640
1056 639
1055 639
1055 637
1054 637
1054 633
1053 633
1053 630
1052 630
1052 625
1051 625
1051 620
1050 620
1050 618
1049 618
1049 617
1044 617
1044 616
1036 616
1036 615
1035 615
1035 608
1032 608
1032 607
1031 607
1031 606
1030 606
1030 604
1029 604
1029 602
1028 602
1028 601
1027 601
1027 596
1026 596
1026 593
1025 593
1025 592
1024 592
1024 590
1023 590
1023 589
1022 589
1022 588
1021 588
1021 587
1020 587
1020 586
1019 586
1019 585
1018 585
1018 584
1017 584
1017 583
1016 583
1016 581
1015 581
1015 580
1014 580
1014 579
1013 579
1013 578
1012 578
1012 577
1010 577
1010 576
1006 576
1006 575
1005 575
1005 574
1001 574
1001 573
998 573
998 572
997 572
997 571
996 571
996 570
995 570
995 569
994 569
994 567
993 567
993 566
992 566
992 565
991 565
991 564
989 564
989 563
988 563
988 562
985 562
985 561
982 561
982 560
978 560
978 559
976 559
976 558
975 558
975 557
974 557
974 556
973 556
973 554
972 554
972 553
971 553
971 551
970 551
970 550
969 550
969 549
968 549
968 548
964 548
964 549
952 549
952 548
951 548
951 547
950 547
950 546
949 546
949 544
948 544
948 542
947 542
947 540
946 540
946 536
945 536
945 530
944 530
944 528
943 528
943 527
942 527
942 526
941 526
941 525
940 525
940 524
939 524
939 523
938 523
938 522
936 522
936 521
933 521
933 520
929 520
929 519
922 519
922 518
912 518
912 517
893 517
893 518
890 518
890 519
886 519
886 520
884 520
884 521
882 521
882 522
880 522
880 523
879 523
879 524
878 524
878 525
877 525
877 528
876 528
876 529
875 529
875 530
874 530
874 533
872 533
872 534
869 534
869 535
868 535
868 536
867 536
867 544
868 544
868 548
867 548
867 552
866 552
866 554
865 554
865 555
863 555
863 556
861 556
861 557
854 557
854 558
846 558
846 559
829 559
829 560
819 560
819 559
816 559
816 558
813 558
813 557
810 557
810 556
795 556
795 555
790 555
790 554
783 554
783 553
781 553
781 552
779 552
779 551
778 551
778 550
777 550
777 545
776 545
776 544
775 544
775 543
774 543
774 542
773 542
773 541
772 541
772 540
771 540
771 539
770 539
770 538
769 538
769 537
767 537
767 536
766 536
766 530
767 530
767 529
766 529
766 524
765 524
765 522
764 522
764 521
763 521
763 520
757 520
757 519
754 519
754 518
752 518
752 517
751 517
751 515
750 515
750 513
749 513
749 512
748 512
748 511
747 511
747 508
746 508
746 507
745 507
745 506
744 506
744 505
743 505
743 504
742 504
742 503
741 503
741 501
740 501
740 499
739 499
739 494
740 494
740 492
741 492
741 491
742 491
742 486
741 486
741 480
740 480
740 477
739 477
739 474
738 474
738 471
737 471
737 465
736 465
736 459
735 459
735 453
734 453
734 448
733 448
733 445
732 445
732 442
731 442
731 436
730 436
730 432
729 432
729 431
728 431
728 427
727 427
727 424
728 424
728 421
727 421
727 417
728 417
728 410
727 410
727 407
726 407
726 406
725 406
725 405
724 405
724 404
723 404
723 403
721 403
721 402
716 402
716 401
712 401
712 400
709 400
709 399
708 399
708 398
707 398
707 397
706 397
706 396
705 396
705 394
704 394
704 392
703 392
703 389
702 389
702 385
701 385
701 378
700 378
700 374
699 374
699 373
697 373
697 372
696 372
696 371
695 371
695 370
694 370
694 366
693 366
693 364
692 364
692 363
691 363
691 362
690 362
690 361
689 361
689 360
685 360
685 359
680 359
680 358
675 358
675 357
673 357
673 356
671 356
671 355
670 355
670 354
669 354
669 352
668 352
668 351
666 351
666 347
665 347
665 340
664 340
664 338
663 338
663 334
662 334
662 333
661 333
661 332
651 332
651 333
644 333
644 334
641 334
641 333
634 333
634 332
633 332
633 333
622 333
622 334
620 334
620 335
616 335
616 336
614 336
614 337
606 337
606 336
604 336
604 335
602 335
602 334
600 334
600 333
596 333
596 332
593 332
593 333
589 333
589 334
588 334
588 335
586 335
586 336
585 336
585 337
584 337
584 338
583 338
583 339
581 339
581 340
580 340
580 341
578 341
578 342
577 342
577 343
576 343
576 344
575 344
575 345
574 345
574 347
573 347
573 349
572 349
572 352
571 352
571 353
570 353
570 355
569 355
569 357
568 357
568 358
567 358
567 359
566 359
566 360
565 360
565 361
564 361
564 362
562 362
562 363
561 363
561 364
558 364
558 365
557 365
557 366
556 366
556 374
557 374
557 386
556 386
556 389
555 389
555 392
554 392
554 393
551 393
551 394
533 394
533 395
532 395
532 394
524 394
524 392
523 392
523 391
518 391
518 390
516 390
516 389
512 389
512 388
501 388
501 387
497 387
497 388
492 388
492 389
489 389
489 390
483 390
483 391
489 391
489 390
492 390
492 389
497 389
497 388
501 388
501 389
512 389
512 390
516 390
516 391
518 391
518 392
523 392
523 395
532 395
532 396
533 396
533 395
551 395
551 394
554 394
554 393
555 393
555 392
556 392
556 389
557 389
557 386
558 386
558 374
557 374
557 366
558 366
558 365
561 365
561 364
562 364
562 363
564 363
564 362
565 362
565 361
566 361
566 360
567 360
567 359
568 359
568 358
569 358
569 357
570 357
570 355
571 355
571 353
572 353
572 352
573 352
573 349
574 349
574 347
575 347
575 345
576 345
576 344
577 344
577 343
578 343
578 342
580 342
580 341
581 341
581 340
583 340
583 339
584 339
584 338
585 338
585 337
586 337
586 336
588 336
588 335
589 335
589 334
593 334
593 333
596 333
596 334
600 334
600 335
602 335
602 336
604 336
604 337
606 337
606 338
614 338
614 337
616 337
616 336
620 336
620 335
622 335
622 334
633 334
633 333
634 333
634 334
641 334
641 335
644 335
644 334
651 334
651 333
661 333
661 334
662 334
662 338
663 338
663 340
664 340
664 347
665 347
665 351
666 351
666 352
668 352
668 354
669 354
669 355
670 355
670 356
671 356
671 357
673 357
673 358
675 358
675 359
680 359
680 360
685 360
685 361
689 361
689 362
690 362
690 363
691 363
691 364
692 364
692 366
693 366
693 370
694 370
694 371
695 371
695 372
696 372
696 373
697 373
697 374
699 374
699 378
700 378
700 385
701 385
701 389
702 389
702 392
703 392
703 394
704 394
704 396
705 396
705 397
706 397
706 398
707 398
707 399
708 399
708 400
709 400
709 401
712 401
712 402
716 402
716 403
721 403
721 404
723 404
723 406
725 406
725 407
726 407
726 410
727 410
727 417
726 417
726 421
727 421
727 424
726 424
726 427
727 427
727 431
728 431
728 432
729 432
729 436
730 436
730 442
731 442
731 445
732 445
732 448
733 448
733 453
734 453
734 459
735 459
735 465
736 465
736 471
737 471
737 474
738 474
738 477
739 477
739 480
740 480
740 486
741 486
741 491
740 491
740 492
739 492
739 494
738 494
738 499
739 499
739 501
740 501
740 503
741 503
741 504
742 504
742 505
743 505
743 506
744 506
744 507
745 507
745 508
746 508
746 511
747 511
747 512
748 512
748 513
749 513
749 515
750 515
750 517
751 517
751 518
752 518
752 519
754 519
754 520
757 520
757 521
763 521
763 522
764 522
764 524
765 524
765 529
766 529
766 530
765 530
765 536
766 536
766 537
767 537
767 538
769 538
769 539
770 539
770 540
771 540
771 541
772 541
772 542
773 542
773 543
774 543
774 544
775 544
775 545
776 545
776 550
777 550
777 551
778 551
778 552
779 552
779 553
781 553
781 554
783 554
783 555
790 555
790 556
795 556
795 557
810 557
810 558
813 558
813 559
816 559
816 560
819 560
819 561
829 561
829 560
846 560
846 559
854 559
854 558
861 558
861 557
863 557
863 556
865 556
865 555
866 555
866 554
867 554
867 552
868 552
868 548
869 548
869 544
868 544
868 536
869 536
869 535
872 535
872 534
874 534
874 533
875 533
875 530
876 530
876 529
877 529
877 528
878 528
878 525
879 525
879 524
880 524
880 523
882 523
882 522
884 522
884 521
886 521
886 520
890 520
890 519
893 519
893 518
912 518
912 519
922 519
922 520
929 520
929 521
933 521
933 522
936 522
936 523
938 523
938 524
939 524
939 525
940 525
940 526
941 526
941 527
942 527
942 528
943 528
943 530
944 530
944 536
945 536
945 540
946 540
946 542
947 542
947 544
948 544
948 546
949 546
949 547
950 547
950 548
951 548
951 549
952 549
952 550
964 550
964 549
968 549
968 550
969 550
969 551
970 551
970 553
971 553
971 554
972 554
972 556
973 556
973 557
974 557
974 558
975 558
975 559
976 559
976 560
978 560
978 561
982 561
982 562
985 562
985 563
988 563
988 564
989 564
989 565
991 565
991 566
992 566
992 567
993 567
993 569
994 569
994 570
995 570
995 571
996 571
996 572
997 572
997 573
998 573
998 574
1001 574
1001 575
1005 575
1005 576
1006 576
1006 577
1010 577
1010 578
1012 578
1012 579
1013 579
1013 580
1014 580
1014 581
1015 581
1015 583
1016 583
1016 584
1017 584
1017 585
1018 585
1018 586
1019 586
1019 587
1020 587
1020 588
1021 588
1021 589
1022 589
1022 590
1023 590
1023 592
1024 592
1024 593
1025 593
1025 596
1026 596
1026 601
1027 601
1027 602
1028 602
1028 604
1029 604
1029 606
1030 606
1030 607
1031 607
1031 608
1032 608
1032 609
1034 609
1034 615
1035 615
1035 617
1044 617
1044 618
1049 618
1049 620
1050 620
1050 625
1051 625
1051 630
1052 630
1052 633
1053 633
1053 637
1054 637
1054 639
1055 639
1055 640
1056 640
1056 641
1057 641
1057 644
1058 644
1058 646
1059 646
1059 647
1060 647
1060 648
1061 648
1061 649
1062 649
1062 650
1064 650
1064 651
1066 651
1066 652
1067 652
1067 653
1069 653
1069 654
1071 654
1071 655
1073 655
1073 656
1074 656
1074 657
1076 657
1076 658
1078 658
1078 659
1080 659
1080 660
1082 660
1082 661
1084 661
1084 662
1086 662
1086 663
1087 663
1087 664
1091 664
1091 665
1104 665
1104 666
1106 666
1106 667
1116 667
1116 668
1123 668
1123 667
1125 667
1125 666
1127 666
1127 665
1128 665
1128 664
1129 664
1129 663
1130 663
1130 662
1132 662
1132 661
1134 661
1134 660
1136 660
1136 659
1138 659
1138 658
1144 658
1144 657
1150 657
1150 656
1152 656
1152 655
1153 655
1153 654
1154 654
1154 652
1155 652
1155 651
1156 651
1156 650
1159 650
1159 649
1164 649
1164 648
1166 648
1166 647
1167 647
1167 646
1168 646
1168 645
1169 645
1169 644
1171 644
1171 643
1178 643
1178 644
1186 644
1186 645
1189 645
1189 646
1194 646
1194 647
1197 647
1197 648
1202 648
1202 649
1205 649
1205 650
1208 650
1208 651
1212 651
1212 652
1215 652
1215 653
1220 653
1220 654
1228 654
1228 655
1230 655
1230 656
1231 656
1231 657
1232 657
1232 658
1233 658
1233 659
1234 659
1234 661
1235 661
1235 662
1236 662
1236 663
1237 663
1237 664
1238 664
1238 665
1240 665
1240 666
1253 666
1253 667
1257 667
1257 668
1258 668
1258 669
1259 669
1259 670
1260 670
1260 671
1263 671
1263 672
1265 672
1265 673
1271 673
1271 674
1287 674
1287 673
1292 673
1292 672
1306 672
1306 671
1311 671
1311 672
1314 672
1314 671
1319 671
1319 669
1320 669
1320 668
1321 668
1321 667
1324 667
1324 666
1336 666
1336 667
1338 667
1338 666
1341 666
1341 665
1343 665
1343 664
1345 664
1345 663
1346 663
1346 662
1347 662
1347 659
1351 659
1351 658
1352 658
1352 657
1353 657
1353 653
1354 653
1354 642
1355 642
1355 640
1356 640
1356 637
1360 637
1360 638
1367 638
1367 639
1376 639
1376 638
1379 638
1379 637
1384 637
1384 636
1386 636
1386 635
1389 635
1389 634
1393 634
1393 633
1405 633
1405 634
1408 634
1408 635
1410 635
1410 636
1414 636
1414 637
1418 637
1418 636
1422 636
1422 635
1424 635
1424 634
1426 634
1426 633
1437 633
1437 634
1438 634
1438 635
1441 635
1441 636
1442 636
1442 637
1444 637
1444 638
1445 638
1445 639
1446 639
1446 640
1447 640
1447 641
1449 641
1449 642
1452 642
1452 643
1454 643
1454 644
1459 644
1459 645
1479 645
1479 644
1481 644
1481 643
1483 643
1483 642
1484 642
1484 641
1487 641
1487 640
1488 640
1488 641
1492 641
1492 642
1496 642
1496 643
1499 643
1499 644
1501 644
1501 645
1502 645
1502 646
1503 646
1503 647
1509 647
1509 646
1518 646
1518 647
1520 647
1520 648
1521 648
1521 649
1522 649
1522 650
1523 650
1523 651
1524 651
1524 652
1525 652
1525 653
1526 653
1526 654
1528 654
1528 655
1534 655
1534 656
1536 656
1536 657
1537 657
1537 658
1538 658
1538 659
1539 659
1539 660
1540 660
1540 661
1541 661
1541 662
1544 662
1544 663
1547 663
1547 662
1549 662
1549 661
1550 661
1550 660
1552 660
1552 659
1554 659
1554 658
1555 658
1555 657
1556 657
1556 656
1558 656
1558 655
1559 655
1559 654
1560 654
1560 653
1561 653
1561 652
1563 652
1563 651
1564 651
1564 650
1565 650
1565 649
1566 649
1566 648
1567 648
1567 647
1568 647
1568 646
1569 646
1569 644
1570 644
1570 643
1571 643
1571 642
1572 642
1572 641
1573 641
1573 640
1574 640
1574 639
1576 639
1576 638
1578 638
1578 637
1579 637
1579 636
1580 636
1580 635
1581 635
1581 634
1582 634
1582 633
1583 633
1583 631
1584 631
1584 630
1585 630
1585 628
1586 628
1586 627
1588 627
1588 625
1589 625
1589 624
1590 624
1590 619
1591 619
1591 601
1592 601
1592 600
1594 600
1594 594
1593 594
1593 591
1594 591
1594 590
1595 590
1595 589
1596 589
1596 588
1597 588
1597 587
1600 587
1600 586
1603 586
1603 587
1607 587
1607 588
1608 588
1608 589
1609 589
1609 590
1610 590
1610 591
1611 591
1611 592
1612 592
1612 593
1613 593
1613 595
1612 595
1612 599
1613 599
1613 605
1614 605
1614 607
1615 607
1615 615
1616 615
1616 619
1617 619
1617 620
1619 620
1619 628
1620 628
1620 631
1621 631
1621 632
1622 632
1622 633
1623 633
1623 635
1624 635
1624 636
1625 636
1625 637
1626 637
1626 638
1628 638
1628 639
1630 639
1630 640
1633 640
1633 641
1636 641
1636 642
1638 642
1638 643
1639 643
1639 644
1640 644
1640 645
1641 645
1641 646
1642 646
1642 648
1643 648
1643 650
1644 650
1644 651
1645 651
1645 653
1646 653
1646 654
1647 654
1647 655
1648 655
1648 656
1649 656
1649 657
1653 657
1653 658
1656 658
1656 659
1663 659
1663 660
1665 660
1665 659
1676 659
1676 660
1680 660
1680 661
1682 661
1682 662
1683 662
1683 663
1686 663
1686 664
1687 664
1687 665
1688 665
1688 666
1689 666
1689 667
1690 667
1690 669
1691 669
1691 670
1692 670
1692 671
1694 671
1694 672
1699 672
1699 673
1702 673
1702 674
1705 674
1705 675
1707 675
1707 676
1708 676
1708 677
1709 677
1709 678
1711 678
1711 679
1712 679
1712 680
1714 680
1714 681
1715 681
1715 682
1716 682
1716 683
1718 683
1718 684
1719 684
1719 685
1721 685
1721 686
1723 686
1723 687
1726 687
1726 688
1727 688
1727 689
1729 689
1729 690
1731 690
1731 691
1734 691
1734 692
1736 692
1736 693
1741 693
1741 694
1742 694
1742 695
1748 695
1748 694
1751 694
1751 693
1752 693
1752 692
1753 692
1753 691
1754 691
1754 689
1755 689
1755 688
1756 688
1756 687
1757 687
1757 686
1759 686
1759 685
1762 685
1762 684
1764 684
1764 685
1773 685
1773 684
1776 684
1776 683
1777 683
1777 682
1778 682
1778 681
1779 681
1779 680
1780 680
1780 678
1781 678
1781 677
1782 677
1782 676
1783 676
1783 674
1784 674
1784 672
1785 672
1785 669
1786 669
1786 667
1787 667
1787 666
1788 666
1788 665
1789 665
1789 664
1792 664
1792 663
1795 663
1795 664
1797 664
1797 665
1800 665
1800 666
1801 666
1801 667
1802 667
1802 669
1803 669
1803 680
1804 680
1804 681
1805 681
1805 682
1806 682
1806 683
1807 683
1807 684
1809 684
1809 685
1810 685
1810 686
1812 686
1812 687
1815 687
1815 688
1818 688
1818 689
1823 689
1823 690
1834 690
1834 691
1836 691
1836 692
1840 692
1840 693
1841 693
1841 694
1843 694
1843 695
1844 695
1844 696
1845 696
1845 697
1848 697
1848 698
1850 698
1850 699
1852 699
1852 700
1854 700
1854 701
1856 701
1856 702
1860 702
1860 703
1869 703
1869 702
1874 702
1874 701
1890 701
1890 700
1895 700
1895 699
1896 699
1896 698
1898 698
1898 697
1899 697
1899 695
1900 695
1900 694
1901 694
1901 693
1902 693
1902 692
1904 692
1904 691
1906 691
1906 690
1907 690
1907 688
1909 688
1909 687
1910 687
1910 686
1923 686
1923 685
1928 685
1928 684
1929 684
1929 683
1930 683
1930 682
1931 682
1931 680
1932 680
1932 674
1933 674
1933 672
1934 672
1934 665
1935 665
1935 658
1936 658
1936 647
1937 647
1937 646
1936 646
1936 640
1937 640
1937 639
1938 639
1938 638
1939 638
1939 637
1941 637
1941 636
1942 636
1942 635
1943 635
1943 634
1946 634
1946 633
1948 633
1948 632
1950 632
1950 631
1951 631
1951 630
1952 630
1952 629
1954 629
1954 628
1956 628
1956 627
1957 627
1957 626
1959 626
1959 625
1960 625
1960 624
1961 624
1961 623
1962 623
1962 622
1963 622
1963 621
1964 621
1964 620
1965 620
1965 619
1966 619
1966 618
1969 618
1969 617
1971 617
1971 616
1985 616
1985 615
1987 615
1987 614
1996 614
1996 613
2004 613
2004 612
2009 612
2009 613
2017 613
2017 614
2020 614
2020 615
2022 615
2022 616
2025 616
2025 617
2028 617
2028 618
2029 618
2029 619
2031 619
2031 620
2033 620
2033 621
2035 621
2035 622
2038 622
2038 623
2046 623
2046 624
2054 624
2054 625
2059 625
2059 626
2062 626
2062 627
2065 627
2065 628
2067 628
2067 629
2068 629
2068 630
2069 630
2069 631
2071 631
2071 632
2072 632
2072 633
2073 633
2073 634
2078 634
2078 635
2079 635
2079 636
2081 636
2081 637
2095 637
2095 636
2102 636
2102 635
2105 635
2105 636
2121 636
2121 637
2125 637
2125 638
2127 638
2127 639
2130 639
2130 640
2132 640
2132 641
2136 641
2136 642
2138 642
2138 643
2141 643
2141 644
2148 644
2148 643
2151 643
2151 642
2153 642
2153 641
2155 641
2155 640
2157 640
2157 639
2159 639
2159 638
2160 638
2160 637
2162 637
2162 636
2163 636
2163 635
2164 635
2164 634
2166 634
2166 633
2167 633
2167 632
2168 632
2168 631
2170 631
2170 630
2173 630
2173 629
2175 629
2175 628
2177 628
2177 627
2179 627
2179 626
2180 626
2180 625
2181 625
2181 624
2182 624
2182 623
2183 623
2183 622
2184 622
2184 621
2185 621
2185 620
2187 620
2187 619
2204 619
2204 618
2205 618
2205 617
2207 617
2207 616
2208 616
2208 615
2211 615
2211 614
2213 614
2213 613
2215 613
2215 612
2216 612
2216 611
2218 611
2218 610
2221 610
2221 609
2224 609
2224 608
2226 608
2226 607
2229 607
2229 606
2233 606
2233 605
2241 605
2241 606
2243 606
2243 607
2244 607
2244 610
2245 610
2245 611
2246 611
2246 613
2247 613
2247 614
2251 614
2251 615
2254 615
2254 616
2256 616
2256 617
2258 617
2258 618
2260 618
2260 619
2262 619
2262 620
2269 620
2269 621
2284 621
2284 620
2286 620
2286 619
2289 619
2289 618
2295 618
2295 617
2300 617
2300 616
2310 616
2310 617
2313 617
2313 618
2315 618
2315 619
2323 619
2323 618
2326 618
2326 617
2346 617
2346 618
2353 618
2353 619
2355 619
2355 618
2358 618
2358 617
2360 617
2360 616
2361 616
2361 615
2363 615
2363 614
2365 614
2365 613
2368 613
2368 612
2380 612
2380 613
2383 613
2383 614
2384 614
2384 615
2386 615
2386 616
2387 616
2387 617
2389 617
2389 618
2390 618
2390 619
2393 619
2393 620
2401 620
2401 621
2402 621
2402 623
2403 623
2403 626
2404 626
2404 628
2405 628
2405 629
2406 629
2406 630
2407 630
2407 631
2408 631
2408 632
2410 632
2410 633
2414 633
2414 634
2416 634
2416 633
2424 633
2424 634
2426 634
2426 635
2427 635
2427 636
2429 636
2429 639
2430 639
2430 640
2431 640
2431 641
2432 641
2432 642
2433 642
2433 643
2434 643
2434 644
2435 644
2435 645
2437 645
2437 646
2439 646
2439 647
2444 647
2444 646
2450 646
2450 647
2452 647
2452 648
2453 648
2453 649
2454 649
2454 650
2455 650
2455 651
2456 651
2456 652
2457 652
2457 653
2458 653
2458 654
2459 654
2459 655
2460 655
2460 656
2466 656
2466 657
2469 657
2469 658
2470 658
2470 657
2471 657
2471 656
2472 656
2472 655
2473 655
2473 653
2474 653
2474 652
2476 652
2476 645
2477 645
2477 638
2478 638
2478 637
2493 637
2493 638
2494 638
2494 637
2496 637
2496 636
2498 636
2498 635
2499 635
2499 634
2500 634
2500 630
2501 630
2501 625
2502 625
2502 624
2503 624
2503 623
2504 623
2504 622
2505 622
2505 621
2506 621
2506 620
2507 620
2507 619
2509 619
2509 618
2510 618
2510 617
2511 617
2511 616
2512 616
2512 615
2513 615
2513 613
2514 613
2514 612
2515 612
2515 610
2516 610
2516 609
2517 609
2517 608
2519 608
2519 607
2526 607
2526 606
2528 606
2528 605
2530 605
2530 604
2531 604
2531 603
2532 603
2532 602
2534 602
2534 601
2535 601
2535 589
2536 589
2536 588
2537 588
2537 587
2538 587
2538 584
2539 584
2539 582
2540 582
2540 581
2547 581
2547 580
2551 580
2551 578
2552 578
2552 577
2554 577
2554 576
2555 576
2555 575
2564 575
2564 574
2567 574
2567 573
2570 573
2570 572
2571 572
2571 571
2572 571
2572 569
2573 569
2573 568
2574 568
2574 567
2576 567
2576 566
2579 566
2579 565
2583 565
2583 564
2589 564
2589 565
2595 565
2595 564
2596 564
2596 563
2598 563
2598 562
2599 562
2599 561
2600 561
2600 560
2608 560
2608 559
2611 559
2611 558
2612 558
2612 557
2613 557
2613 556
2614 556
2614 555
2615 555
2615 554
2616 554
2616 553
2617 553
2617 552
2620 552
2620 551
2623 551
2623 550
2625 550
2625 551
2629 551
2629 552
2636 552
2636 553
2638 553
2638 552
2640 552
2640 551
2641 551
2641 550
2642 550
2642 549
2644 549
2644 548
2648 548
2648 547
2649 547
2649 546
2650 546
2650 544
2653 544
2653 543
2654 543
2654 542
2655 542
2655 541
2656 541
2656 540
2657 540
2657 538
2658 538
2658 518
2659 518
2659 514
2660 514
2660 513
2661 513
2661 512
2663 512
2663 511
2667 511
2667 510
2668 510
2668 508
2669 508
2669 505
2670 505
2670 503
2671 503
2671 485
2670 485
2670 483
2671 483
2671 465
2672 465
2672 454
2673 454
2673 453
2674 453
2674 452
2675 452
2675 451
2686 451
2686 450
2688 450
2688 449
2693 449
2693 448
2698 448
2698 447
2709 447
2709 448
2720 448
2720 447
2722 447
2722 446
2733 446
2733 447
2736 447
2736 448
2738 448
2738 451
2740 451
2740 452
2742 452
2742 453
2743 453
2743 454
2744 454
2744 455
2745 455
2745 457
2746 457
2746 458
2747 458
2747 459
2748 459
2748 460
2749 460
2749 461
2753 461
2753 462
2754 462
2754 463
2755 463
2755 464
2756 464
2756 465
2757 465
2757 467
2758 467
2758 468
2759 468
2759 470
2760 470
2760 471
2761 471
2761 472
2762 472
2762 473
2766 473
2766 474
2776 474
2776 473
2779 473
2779 472
2793 472
2793 471
2795 471
2795 470
2798 470
2798 469
2799 469
2799 468
2800 468
2800 465
2801 465
2801 461
2802 461
2802 460
2803 460
2803 459
2804 459
2804 458
2807 458
2807 457
2810 457
2810 456
2812 456
2812 455
2813 455
2813 454
2814 454
2814 453
2815 453
2815 449
2816 449
2816 445
2817 445
2817 443
2819 443
2819 442
2821 442
2821 441
2825 441
2825 440
2829 440
2829 439
2830 439
2830 437
2831 437
2831 435
2832 435
2832 432
2833 432
2833 431
2834 431
2834 430
2835 430
2835 429
2836 429
2836 427
2838 427
2838 426
2839 426
2839 425
2840 425
2840 424
2843 424
2843 423
2856 423
2856 422
2858 422
2858 421
2861 421
2861 420
2862 420
2862 419
2863 419
2863 418
2865 418
2865 417
2866 417
2866 416
2867 416
2867 414
2868 414
2868 413
2869 413
2869 411
2870 411
2870 409
2871 409
2871 408
2873 408
2873 407
2874 407
2874 406
2875 406
2875 405
2878 405
2878 404
2880 404
2880 403
2882 403
2882 402
2885 402
2885 401
2887 401
2887 400
2888 400
2888 398
2889 398
2889 397
2890 397
2890 396
2892 396
2892 393
2891 393
2891 384
2892 384
2892 379
2893 379
2893 370
2894 370
2894 355
2895 355
2895 349
2896 349
2896 341
2897 341
2897 333
2898 333
2898 329
2899 329
2899 328
2901 328
2901 327
2903 327
2903 326
2905 326
2905 325
2909 325
2909 324
2911 324
2911 323
2913 323
2913 322
2915 322
2915 321
2916 321
2916 320
2917 320
2917 319
2919 319
2919 318
2921 318
2921 317
2925 317
2925 316
2932 316
2932 315
2935 315
2935 316
2936 316
2936 315
2939 315
2939 314
2941 314
2941 313
2943 313
2943 312
2944 312
2944 311
2947 311
2947 310
2948 310
2948 309
2959 309
2959 310
2961 310
2961 309
2965 309
2965 308
2968 308
2968 307
2970 307
2970 306
2972 306
2972 305
2974 305
2974 304
2976 304
2976 303
2977 303
2977 300
2978 300
2978 299
2980 299
2980 291
2981 291
2981 289
2982 289
2982 288
2983 288
2983 286
2984 286
2984 285
2985 285
2985 284
2986 284
2986 283
2987 283
2987 281
2988 281
2988 280
2989 280
2989 279
2990 279
2990 278
2991 278
2991 277
2993 277
2993 276
2995 276
2995 275
2996 275
2996 274
2999 274
2999 273
3002 273
3002 272
3006 272
3006 271
3008 271
3008 270
3011 270
3011 269
3012 269
3012 268
3017 268
3017 267
3020 267
3020 266
3022 266
3022 265
3024 265
3024 264
3026 264
3026 263
3028 263
3028 262
3030 262
3030 261
3032 261
3032 260
3035 260
3035 259
3038 259
3038 258
3040 258
3040 257
3042 257
3042 256
3043 256
3043 255
3044 255
3044 254
3045 254
3045 253
3046 253
3046 252
3048 252
3048 251
3049 251
3049 250
3050 250
3050 249
3051 249
3051 248
3052 248
3052 247
3053 247
3053 245
3054 245
3054 243
3055 243
3055 242
3056 242
3056 240
3057 240
3057 236
3058 236
3058 228
3059 228
3059 227
3060 227
3060 226
3062 226
3062 225
3064 225
3064 224
3066 224
3066 223
3069 223
3069 222
3072 222
3072 221
3083 221
3083 222
3086 222
3086 223
3090 223
3090 222
3093 222
3093 221
3094 221
3094 220
3095 220
3095 219
3096 219
3096 218
3097 218
3097 217
3098 217
3098 216
3099 216
3099 214
3100 214
3100 209
3101 209
3101 205
3102 205
3102 203
3103 203
3103 202
3104 202
3104 201
3105 201
3105 200
3107 200
3107 199
3115 199
3115 198
3119 198
3119 197
3124 197
3124 196
3130 196
3130 195
3138 195
3138 194
3143 194
3143 195
3145 195
3145 194
3155 194
3155 193
3159 193
3159 192
3164 192
3164 191
3166 191
3166 190
3167 190
3167 189
3168 189
3168 187
3169 187
3169 185
3168 185
3168 187
3167 187
3167 189
3166 189
3166 190
3164 190
3164 191
3159 191
3159 192
3155 192
3155 193
3145 193
3145 194
3143 194
3143 193
3138 193
3138 194
3130 194
3130 195
3124 195
3124 196
3119 196
3119 197
3115 197
3115 198
3107 198
3107 199
3105 199
3105 200
3104 200
3104 201
3103 201
3103 202
3102 202
3102 203
3101 203
3101 205
3100 205
3100 209
3099 209
3099 214
3098 214
3098 216
3097 216
3097 217
3096 217
3096 218
3095 218
3095 219
3094 219
3094 220
3093 220
3093 221
3090 221
3090 222
3086 222
3086 221
3083 221
3083 220
3072 220
3072 221
3069 221
3069 222
3066 222
3066 223
3064 223
3064 224
3062 224
3062 225
3060 225
3060 226
3059 226
3059 227
3058 227
3058 228
3057 228
3057 236
3056 236
3056 240
3055 240
3055 242
3054 242
3054 243
3053 243
3053 245
3052 245
3052 247
3051 247
3051 248
3050 248
3050 249
3049 249
3049 250
3048 250
3048 251
3046 251
3046 252
3045 252
3045 253
3044 253
3044 254
3043 254
3043 255
3042 255
3042 256
3040 256
3040 257
3038 257
3038 258
3035 258
3035 259
3032 259
3032 260
3030 260
3030 261
3028 261
3028 262
3026 262
3026 263
3024 263
3024 264
3022 264
3022 265
3020 265
3020 266
3017 266
3017 267
3012 267
3012 268
3011 268
3011 269
3008 269
3008 270
3006 270
3006 271
3002 271
3002 272
2999 272
2999 273
2996 273
2996 274
2995 274
2995 275
2993 275
2993 276
2991 276
2991 277
2990 277
2990 278
2989 278
2989 279
2988 279
2988 280
2987 280
2987 281
2986 281
2986 283
2985 283
2985 284
2984 284
2984 285
2983 285
2983 286
2982 286
2982 288
2981 288
2981 289
2980 289
2980 291
2979 291
2979 298
2978 298
2978 299
2977 299
2977 300
2976 300
2976 303
2974 303
2974 304
2972 304
2972 305
2970 305
2970 306
2968 306
2968 307
2965 307
2965 308
2961 308
2961 309
2959 309
2959 308
2948 308
2948 309
2947 309
2947 310
2944 310
2944 311
2943 311
2943 312
2941 312
2941 313
2939 313
2939 314
2936 314
2936 315
2935 315
2935 314
2932 314
2932 315
2925 315
2925 316
2921 316
2921 317
2919 317
2919 318
2917 318
2917 319
2916 319
2916 320
2915 320
2915 321
2913 321
2913 322
2911 322
2911 323
2909 323
2909 324
2905 324
2905 325
2903 325
2903 326
2901 326
2901 327
2899 327
2899 328
2898 328
2898 329
2897 329
2897 333
2896 333
2896 341
2895 341
2895 349
2894 349
2894 355
2893 355
2893 370
2892 370
2892 379
2891 379
2891 384
2890 384
2890 393
2891 393
2891 395
2890 395
2890 396
2889 396
2889 397
2888 397
2888 398
2887 398
2887 400
2885 400
2885 401
2882 401
2882 402
2880 402
2880 403
2878 403
2878 404
2875 404
2875 405
2874 405
2874 406
2873 406
2873 407
2871 407
2871 408
2870 408
2870 409
2869 409
2869 411
2868 411
2868 413
2867 413
2867 414
2866 414
2866 416
2865 416
2865 417
2863 417
2863 418
2862 418
2862 419
2861 419
2861 420
2858 420
2858 421
2856 421
2856 422
2843 422
2843 423
2840 423
2840 424
2839 424
2839 425
2838 425
2838 426
2836 426
2836 427
2835 427
2835 429
2834 429
2834 430
2833 430
2833 431
2831 431
2831 435
2830 435
2830 437
2829 437
2829 439
2825 439
2825 440
2821 440
2821 441
2819 441
2819 442
2817 442
2817 443
2816 443
2816 445
2815 445
2815 449
2814 449
2814 453
2813 453
2813 454
2812 454
2812 455
2810 455
2810 456
2807 456
2807 457
2804 457
2804 458
2803 458
2803 459
2802 459
2802 460
2801 460
2801 461
2800 461
2800 465
2799 465
2799 468
2798 468
2798 469
2795 469
2795 470
2793 470
2793 471
2779 471
2779 472
2776 472
2776 473
2766 473
2766 472
2762 472
2762 471
2761 471
2761 470
2760 470
2760 468
2759 468
2759 467
2758 467
2758 465
2757 465
2757 464
2756 464
2756 463
2755 463
2755 462
2754 462
2754 461
2753 461
2753 460
2749 460
2749 459
2748 459
2748 458
2747 458
2747 457
2746 457
2746 455
2745 455
2745 454
2744 454
2744 453
2743 453
2743 452
2742 452
2742 451
2740 451
2740 450
2739 450
2739 448
2738 448
2738 447
2736 447
2736 446
2733 446
2733 445
2722 445
2722 446
2720 446
2720 447
2709 447
2709 446
2698 446
2698 447
2693 447
2693 448
2688 448
2688 449
2686 449
2686 450
2675 450
2675 451
2674 451
2674 452
2673 452
2673 453
2672 453
2672 454
2671 454
2671 465
2670 465
2670 483
2669 483
2669 485
2670 485
2670 503
2669 503
2669 505
2668 505
2668 508
2667 508
2667 510
2663 510
2663 511
2661 511
2661 512
2660 512
2660 513
2659 513
2659 514
2658 514
2658 518
2657 518
