2418 693
2417 693
2417 694
2416 694
2416 697
2415 697
2415 699
2414 699
2414 700
2413 700
2413 702
2412 702
2412 703
2411 703
2411 704
2410 704
2410 705
2409 705
2409 706
2406 706
2406 707
2405 707
2405 708
2403 708
2403 709
2398 709
2398 708
2396 708
2396 707
2390 707
2390 708
2386 708
2386 709
2385 709
2385 710
2384 710
2384 711
2383 711
2383 712
2382 712
2382 713
2381 713
2381 714
2379 714
2379 715
2371 715
2371 714
2341 714
2341 713
2340 713
2340 712
2338 712
2338 711
2336 711
2336 710
2335 710
2335 709
2331 709
2331 708
2326 708
2326 707
2313 707
2313 708
2312 708
2312 709
2311 709
2311 710
2310 710
2310 711
2309 711
2309 712
2306 712
2306 713
2304 713
2304 712
2302 712
2302 713
2294 713
2294 712
2283 712
2283 713
2282 713
2282 714
2281 714
2281 716
2280 716
2280 717
2279 717
2279 719
2278 719
2278 723
2277 723
2277 725
2276 725
2276 728
2275 728
2275 737
2274 737
2274 738
2273 738
2273 739
2272 739
2272 740
2271 740
2271 742
2270 742
2270 743
2268 743
2268 744
2267 744
2267 745
2265 745
2265 746
2263 746
2263 747
2262 747
2262 748
2260 748
2260 749
2259 749
2259 750
2256 750
2256 751
2255 751
2255 752
2253 752
2253 753
2252 753
2252 754
2249 754
2249 755
2238 755
2238 754
2231 754
2231 755
2227 755
2227 756
2222 756
2222 757
2212 757
2212 756
2210 756
2210 755
2209 755
2209 754
2206 754
2206 753
2195 753
2195 752
2192 752
2192 751
2190 751
2190 750
2188 750
2188 749
2187 749
2187 748
2186 748
2186 747
2185 747
2185 746
2184 746
2184 745
2183 745
2183 744
2182 744
2182 743
2181 743
2181 742
2180 742
2180 740
2179 740
2179 738
2178 738
2178 736
2177 736
2177 735
2176 735
2176 734
2173 734
2173 733
2170 733
2170 732
2168 732
2168 731
2166 731
2166 730
2165 730
2165 729
2164 729
2164 728
2162 728
2162 727
2161 727
2161 726
2160 726
2160 725
2158 725
2158 724
2141 724
2141 725
2138 725
2138 726
2137 726
2137 727
2136 727
2136 728
2135 728
2135 729
2134 729
2134 730
2129 730
2129 731
2126 731
2126 730
2119 730
2119 731
2109 731
2109 732
2108 732
2108 733
2107 733
2107 736
2104 736
2104 737
2103 737
2103 738
2102 738
2102 740
2101 740
2101 742
2100 742
2100 744
2099 744
2099 745
2098 745
2098 747
2097 747
2097 753
2096 753
2096 756
2095 756
2095 757
2094 757
2094 758
2093 758
2093 759
2092 759
2092 761
2091 761
2091 764
2090 764
2090 769
2089 769
2089 771
2088 771
2088 773
2087 773
2087 774
2086 774
2086 776
2085 776
2085 779
2084 779
2084 782
2083 782
2083 783
2074 783
2074 784
2072 784
2072 785
2070 785
2070 786
2069 786
2069 785
2054 785
2054 784
2039 784
2039 785
2034 785
2034 784
2026 784
2026 783
2023 783
2023 782
2017 782
2017 783
2007 783
2007 782
2001 782
2001 781
1999 781
1999 780
1996 780
1996 779
1994 779
1994 778
1993 778
1993 777
1991 777
1991 776
1989 776
1989 775
1988 775
1988 774
1987 774
1987 773
1986 773
1986 772
1985 772
1985 771
1984 771
1984 769
1983 769
1983 768
1982 768
1982 767
1981 767
1981 766
1980 766
1980 764
1979 764
1979 763
1978 763
1978 762
1977 762
1977 761
1976 761
1976 760
1975 760
1975 759
1973 759
1973 758
1969 758
1969 757
1967 757
1967 756
1966 756
1966 754
1965 754
1965 751
1964 751
1964 747
1963 747
1963 744
1958 744
1958 743
1956 743
1956 742
1954 742
1954 741
1952 741
1952 740
1950 740
1950 739
1945 739
1945 738
1942 738
1942 737
1939 737
1939 736
1927 736
1927 737
1912 737
1912 736
1908 736
1908 737
1906 737
1906 738
1895 738
1895 739
1893 739
1893 740
1890 740
1890 741
1886 741
1886 742
1883 742
1883 743
1881 743
1881 744
1879 744
1879 745
1878 745
1878 746
1876 746
1876 747
1875 747
1875 748
1874 748
1874 749
1870 749
1870 748
1857 748
1857 747
1855 747
1855 746
1854 746
1854 745
1852 745
1852 744
1850 744
1850 743
1845 743
1845 742
1843 742
1843 741
1839 741
1839 742
1838 742
1838 741
1827 741
1827 742
1826 742
1826 743
1824 743
1824 744
1822 744
1822 745
1812 745
1812 746
1809 746
1809 747
1808 747
1808 748
1806 748
1806 749
1804 749
1804 750
1803 750
1803 751
1801 751
1801 752
1799 752
1799 753
1791 753
1791 752
1787 752
1787 751
1785 751
1785 750
1782 750
1782 749
1775 749
1775 748
1772 748
1772 747
1766 747
1766 746
1761 746
1761 745
1753 745
1753 744
1750 744
1750 743
1748 743
1748 742
1746 742
1746 741
1742 741
1742 740
1739 740
1739 739
1737 739
1737 738
1735 738
1735 737
1734 737
1734 736
1733 736
1733 735
1728 735
1728 734
1727 734
1727 733
1726 733
1726 732
1725 732
1725 731
1724 731
1724 730
1723 730
1723 728
1722 728
1722 726
1721 726
1721 724
1719 724
1719 723
1713 723
1713 722
1712 722
1712 721
1711 721
1711 720
1710 720
1710 719
1709 719
1709 718
1705 718
1705 717
1702 717
1702 716
1701 716
1701 715
1700 715
1700 714
1699 714
1699 713
1698 713
1698 712
1697 712
1697 710
1696 710
1696 707
1695 707
1695 705
1694 705
1694 704
1689 704
1689 703
1687 703
1687 702
1686 702
1686 701
1679 701
1679 700
1677 700
1677 699
1676 699
1676 698
1675 698
1675 697
1674 697
1674 696
1673 696
1673 695
1672 695
1672 691
1671 691
1671 684
1667 684
1667 683
1666 683
1666 682
1663 682
1663 681
1662 681
1662 680
1661 680
1661 679
1660 679
1660 677
1659 677
1659 675
1658 675
1658 674
1657 674
1657 673
1652 673
1652 674
1644 674
1644 675
1642 675
1642 676
1641 676
1641 677
1640 677
1640 678
1639 678
1639 679
1638 679
1638 680
1637 680
1637 681
1636 681
1636 682
1635 682
1635 683
1634 683
1634 684
1633 684
1633 686
1632 686
1632 687
1631 687
1631 689
1630 689
1630 690
1629 690
1629 691
1628 691
1628 694
1627 694
1627 696
1626 696
1626 697
1625 697
1625 698
1624 698
1624 699
1623 699
1623 700
1618 700
1618 701
1616 701
1616 702
1615 702
1615 703
1614 703
1614 704
1611 704
1611 705
1610 705
1610 706
1609 706
1609 709
1608 709
1608 710
1606 710
1606 711
1604 711
1604 712
1600 712
1600 713
1592 713
1592 712
1577 712
1577 711
1573 711
1573 710
1572 710
1572 709
1571 709
1571 708
1570 708
1570 707
1569 707
1569 706
1568 706
1568 704
1567 704
1567 702
1566 702
1566 700
1565 700
1565 699
1562 699
1562 698
1561 698
1561 697
1560 697
1560 696
1559 696
1559 695
1558 695
1558 694
1557 694
1557 693
1556 693
1556 691
1555 691
1555 690
1554 690
1554 687
1552 687
1552 686
1550 686
1550 685
1549 685
1549 684
1548 684
1548 683
1547 683
1547 682
1546 682
1546 681
1545 681
1545 680
1544 680
1544 679
1538 679
1538 678
1531 678
1531 679
1519 679
1519 680
1503 680
1503 679
1501 679
1501 678
1500 678
1500 677
1499 677
1499 676
1498 676
1498 675
1497 675
1497 674
1496 674
1496 673
1495 673
1495 668
1494 668
1494 667
1493 667
1493 666
1489 666
1489 665
1488 665
1488 664
1487 664
1487 663
1486 663
1486 662
1485 662
1485 661
1484 661
1484 660
1483 660
1483 658
1482 658
1482 657
1481 657
1481 656
1478 656
1478 655
1475 655
1475 654
1474 654
1474 653
1473 653
1473 652
1472 652
1472 651
1471 651
1471 650
1467 650
1467 649
1463 649
1463 648
1462 648
1462 647
1461 647
1461 646
1460 646
1460 645
1459 645
1459 644
1458 644
1458 642
1457 642
1457 638
1456 638
1456 637
1455 637
1455 636
1451 636
1451 635
1450 635
1450 634
1449 634
1449 633
1448 633
1448 632
1447 632
1447 631
1446 631
1446 629
1445 629
1445 627
1444 627
1444 626
1441 626
1441 625
1437 625
1437 624
1435 624
1435 623
1434 623
1434 622
1432 622
1432 621
1426 621
1426 620
1425 620
1425 619
1423 619
1423 620
1418 620
1418 621
1415 621
1415 622
1412 622
1412 623
1408 623
1408 624
1405 624
1405 625
1400 625
1400 626
1398 626
1398 627
1395 627
1395 628
1392 628
1392 629
1388 629
1388 630
1383 630
1383 631
1379 631
1379 632
1372 632
1372 633
1357 633
1357 632
1356 632
1356 631
1353 631
1353 630
1352 630
1352 629
1350 629
1350 628
1348 628
1348 627
1347 627
1347 626
1346 626
1346 625
1345 625
1345 624
1344 624
1344 622
1338 622
1338 621
1335 621
1335 618
1334 618
1334 617
1332 617
1332 616
1329 616
1329 615
1328 615
1328 613
1327 613
1327 612
1322 612
1322 611
1321 611
1321 612
1317 612
1317 611
1314 611
1314 610
1312 610
1312 609
1310 609
1310 608
1309 608
1309 607
1308 607
1308 606
1307 606
1307 605
1306 605
1306 603
1305 603
1305 599
1304 599
1304 598
1303 598
1303 597
1301 597
1301 596
1299 596
1299 595
1298 595
1298 594
1297 594
1297 593
1296 593
1296 592
1295 592
1295 591
1294 591
1294 588
1293 588
1293 587
1292 587
1292 586
1289 586
1289 585
1287 585
1287 584
1285 584
1285 583
1284 583
1284 582
1280 582
1280 581
1271 581
1271 580
1268 580
1268 579
1265 579
1265 578
1263 578
1263 577
1257 577
1257 576
1253 576
1253 575
1247 575
1247 574
1244 574
1244 573
1240 573
1240 572
1239 572
1239 571
1237 571
1237 570
1236 570
1236 569
1234 569
1234 568
1233 568
1233 567
1231 567
1231 566
1228 566
1228 565
1227 565
1227 564
1226 564
1226 563
1225 563
1225 562
1224 562
1224 561
1223 561
1223 560
1222 560
1222 558
1221 558
1221 553
1220 553
1220 523
1219 523
1219 514
1218 514
1218 513
1217 513
1217 512
1215 512
1215 511
1214 511
1214 510
1210 510
1210 509
1206 509
1206 508
1202 508
1202 507
1201 507
1201 506
1199 506
1199 505
1196 505
1196 504
1193 504
1193 503
1191 503
1191 502
1187 502
1187 501
1185 501
1185 500
1181 500
1181 499
1176 499
1176 500
1174 500
1174 499
1170 499
1170 498
1155 498
1155 499
1152 499
1152 500
1146 500
1146 501
1141 501
1141 502
1137 502
1137 503
1131 503
1131 504
1127 504
1127 505
1121 505
1121 504
1113 504
1113 503
1110 503
1110 502
1108 502
1108 501
1107 501
1107 500
1105 500
1105 499
1103 499
1103 498
1100 498
1100 497
1098 497
1098 496
1096 496
1096 495
1095 495
1095 494
1094 494
1094 493
1092 493
1092 492
1087 492
1087 491
1085 491
1085 490
1083 490
1083 489
1081 489
1081 488
1080 488
1080 487
1079 487
1079 486
1078 486
1078 485
1076 485
1076 484
1075 484
1075 483
1074 483
1074 482
1073 482
1073 481
1072 481
1072 480
1071 480
1071 479
1070 479
1070 478
1069 478
1069 477
1067 477
1067 476
1064 476
1064 475
1063 475
1063 474
1062 474
1062 473
1061 473
1061 472
1060 472
1060 471
1059 471
1059 470
1058 470
1058 467
1057 467
1057 462
1056 462
1056 461
1054 461
1054 460
1053 460
1053 461
1021 461
1021 460
1014 460
1014 459
1007 459
1007 458
1004 458
1004 457
1002 457
1002 456
1001 456
1001 455
1000 455
1000 454
999 454
999 452
996 452
996 451
993 451
993 450
992 450
992 449
991 449
991 448
989 448
989 447
988 447
988 446
987 446
987 445
984 445
984 444
981 444
981 443
980 443
980 442
979 442
979 441
978 441
978 440
977 440
977 439
976 439
976 438
975 438
975 435
974 435
974 428
973 428
973 426
971 426
971 425
968 425
968 424
967 424
967 423
966 423
966 422
965 422
965 421
964 421
964 420
963 420
963 418
962 418
962 417
960 417
960 416
957 416
957 415
956 415
956 414
955 414
955 413
954 413
954 412
953 412
953 411
952 411
952 410
951 410
951 409
949 409
949 408
945 408
945 407
943 407
943 406
942 406
942 405
940 405
940 404
939 404
939 403
938 403
938 402
937 402
937 401
936 401
936 399
935 399
935 396
934 396
934 386
933 386
933 383
932 383
932 378
931 378
931 372
930 372
930 370
929 370
929 368
928 368
928 367
927 367
927 366
925 366
925 365
922 365
922 364
920 364
920 363
919 363
919 362
918 362
918 361
917 361
917 359
916 359
916 358
915 358
915 357
913 357
913 356
911 356
911 355
909 355
909 354
908 354
908 353
907 353
907 352
906 352
906 351
904 351
904 350
903 350
903 349
900 349
900 348
891 348
891 347
885 347
885 346
883 346
883 345
881 345
881 344
874 344
874 343
871 343
871 342
868 342
868 341
866 341
866 340
861 340
861 339
858 339
858 340
857 340
857 339
847 339
847 338
841 338
841 337
840 337
840 336
839 336
839 335
837 335
837 334
835 334
835 333
834 333
834 332
830 332
830 331
828 331
828 330
827 330
827 329
825 329
825 328
824 328
824 327
823 327
823 325
822 325
822 323
821 323
821 321
820 321
820 320
819 320
819 319
817 319
817 318
815 318
815 317
814 317
814 316
813 316
813 315
812 315
812 314
810 314
810 313
807 313
807 312
804 312
804 311
803 311
803 310
802 310
802 309
801 309
801 308
800 308
800 307
799 307
799 306
798 306
798 305
797 305
797 304
795 304
795 303
789 303
789 302
784 302
784 301
780 301
780 300
778 300
778 299
777 299
777 298
776 298
776 297
775 297
775 295
774 295
774 293
773 293
773 287
772 287
772 269
771 269
771 255
770 255
770 244
769 244
769 242
767 242
767 241
764 241
764 240
763 240
763 239
762 239
762 238
761 238
761 237
760 237
760 236
759 236
759 234
758 234
758 233
757 233
757 231
756 231
756 230
755 230
755 229
753 229
753 228
752 228
752 227
751 227
751 226
750 226
750 224
749 224
749 222
748 222
748 219
747 219
747 217
746 217
746 216
745 216
745 215
743 215
743 214
742 214
742 213
741 213
741 212
740 212
740 211
739 211
739 210
738 210
738 208
737 208
737 206
736 206
736 203
735 203
735 199
734 199
734 198
733 198
733 197
730 197
730 196
729 196
729 195
728 195
728 194
727 194
727 193
726 193
726 192
725 192
725 191
724 191
724 190
723 190
723 189
720 189
720 188
718 188
718 187
717 187
717 186
716 186
716 185
715 185
715 184
714 184
714 183
713 183
713 180
712 180
712 178
711 178
711 175
710 175
710 174
709 174
709 173
707 173
707 172
706 172
706 171
704 171
704 170
703 170
703 169
702 169
702 168
701 168
701 167
700 167
700 165
699 165
699 164
697 164
697 163
694 163
694 162
693 162
693 161
692 161
692 160
691 160
691 159
690 159
690 158
689 158
689 156
688 156
688 153
687 153
687 145
684 145
684 143
683 143
683 142
682 142
682 141
681 141
681 140
678 140
678 136
677 136
677 134
676 134
676 132
675 132
675 129
674 129
674 125
675 125
675 129
676 129
676 132
677 132
677 134
678 134
678 136
679 136
679 139
681 139
681 140
682 140
682 141
683 141
683 142
684 142
684 143
685 143
685 144
687 144
687 145
688 145
688 153
689 153
689 156
690 156
690 158
691 158
691 159
692 159
692 160
693 160
693 161
694 161
694 162
697 162
697 163
699 163
699 164
700 164
700 165
701 165
701 167
702 167
702 168
703 168
703 169
704 169
704 170
706 170
706 171
707 171
707 172
709 172
709 173
710 173
710 174
711 174
711 175
712 175
712 178
713 178
713 180
714 180
714 183
715 183
715 184
716 184
716 185
717 185
717 186
718 186
718 187
720 187
720 188
723 188
723 189
724 189
724 190
725 190
725 191
726 191
726 192
727 192
727 193
728 193
728 194
729 194
729 195
730 195
730 196
733 196
733 197
734 197
734 198
735 198
735 199
736 199
736 203
737 203
737 206
738 206
738 208
739 208
739 210
740 210
740 211
741 211
741 212
742 212
742 213
743 213
743 214
745 214
745 215
746 215
746 216
747 216
747 217
748 217
748 219
749 219
749 222
750 222
750 224
751 224
751 226
752 226
752 227
753 227
753 228
755 228
755 229
756 229
756 230
757 230
757 231
758 231
758 233
759 233
759 234
760 234
760 236
761 236
761 237
762 237
762 238
763 238
763 239
764 239
764 240
767 240
767 241
769 241
769 242
770 242
770 244
771 244
771 255
772 255
772 269
773 269
773 287
774 287
774 293
775 293
775 295
776 295
776 297
777 297
777 298
778 298
778 299
780 299
780 300
784 300
784 301
789 301
789 302
795 302
795 303
797 303
797 304
798 304
798 305
799 305
799 306
800 306
800 307
801 307
801 308
802 308
802 309
803 309
803 310
804 310
804 311
807 311
807 312
810 312
810 313
812 313
812 314
813 314
813 315
814 315
814 316
815 316
815 317
817 317
817 318
819 318
819 319
820 319
820 320
821 320
821 321
822 321
822 323
823 323
823 325
824 325
824 327
825 327
825 328
827 328
827 329
828 329
828 330
830 330
830 331
834 331
834 332
835 332
835 333
837 333
837 334
839 334
839 335
840 335
840 336
841 336
841 337
847 337
847 338
857 338
857 339
858 339
858 338
861 338
861 339
866 339
866 340
868 340
868 341
871 341
871 342
874 342
874 343
881 343
881 344
883 344
883 345
885 345
885 346
891 346
891 347
900 347
900 348
903 348
903 349
904 349
904 350
906 350
906 351
907 351
907 352
908 352
908 353
909 353
909 354
911 354
911 355
913 355
913 356
915 356
915 357
916 357
916 358
917 358
917 359
918 359
918 361
919 361
919 362
920 362
920 363
922 363
922 364
925 364
925 365
927 365
927 366
928 366
928 367
929 367
929 368
930 368
930 370
931 370
931 372
932 372
932 378
933 378
933 383
934 383
934 386
935 386
935 396
936 396
936 399
937 399
937 401
938 401
938 402
939 402
939 403
940 403
940 404
942 404
942 405
943 405
943 406
945 406
945 407
949 407
949 408
951 408
951 409
952 409
952 410
953 410
953 411
954 411
954 412
955 412
955 413
956 413
956 414
957 414
957 415
960 415
960 416
962 416
962 417
963 417
963 418
964 418
964 420
965 420
965 421
966 421
966 422
967 422
967 423
968 423
968 424
971 424
971 425
973 425
973 426
974 426
974 428
975 428
975 435
976 435
976 438
977 438
977 439
978 439
978 440
979 440
979 441
980 441
980 442
981 442
981 443
984 443
984 444
987 444
987 445
988 445
988 446
989 446
989 447
991 447
991 448
992 448
992 449
993 449
993 450
996 450
996 451
999 451
999 452
1000 452
1000 454
1001 454
1001 455
1002 455
1002 456
1004 456
1004 457
1007 457
1007 458
1014 458
1014 459
1021 459
1021 460
1053 460
1053 459
1054 459
1054 460
1056 460
1056 461
1057 461
1057 462
1058 462
1058 467
1059 467
1059 470
1060 470
1060 471
1061 471
1061 472
1062 472
1062 473
1063 473
1063 474
1064 474
1064 475
1067 475
1067 476
1069 476
1069 477
1070 477
1070 478
1071 478
1071 479
1072 479
1072 480
1073 480
1073 481
1074 481
1074 482
1075 482
1075 483
1076 483
1076 484
1078 484
1078 485
1079 485
1079 486
1080 486
1080 487
1081 487
1081 488
1083 488
1083 489
1085 489
1085 490
1087 490
1087 491
1092 491
1092 492
1094 492
1094 493
1095 493
1095 494
1096 494
1096 495
1098 495
1098 496
1100 496
1100 497
1103 497
1103 498
1105 498
1105 499
1107 499
1107 500
1108 500
1108 501
1110 501
1110 502
1113 502
1113 503
1121 503
1121 504
1127 504
1127 503
1131 503
1131 502
1137 502
1137 501
1141 501
1141 500
1146 500
1146 499
1152 499
1152 498
1155 498
1155 497
1170 497
1170 498
1174 498
1174 499
1176 499
1176 498
1181 498
1181 499
1185 499
1185 500
1187 500
1187 501
1191 501
1191 502
1193 502
1193 503
1196 503
1196 504
1199 504
1199 505
1201 505
1201 506
1202 506
1202 507
1206 507
1206 508
1210 508
1210 509
1214 509
1214 510
1215 510
1215 511
1217 511
1217 512
1218 512
1218 513
1219 513
1219 514
1220 514
1220 523
1221 523
1221 553
1222 553
1222 558
1223 558
1223 560
1224 560
1224 561
1225 561
1225 562
1226 562
1226 563
1227 563
1227 564
1228 564
1228 565
1231 565
1231 566
1233 566
1233 567
1234 567
1234 568
1236 568
1236 569
1237 569
1237 570
1239 570
1239 571
1240 571
1240 572
1244 572
1244 573
1247 573
1247 574
1253 574
1253 575
1257 575
1257 576
1263 576
1263 577
1265 577
1265 578
1268 578
1268 579
1271 579
1271 580
1280 580
1280 581
1284 581
1284 582
1285 582
1285 583
1287 583
1287 584
1289 584
1289 585
1292 585
1292 586
1293 586
1293 587
1294 587
1294 588
1295 588
1295 591
1296 591
1296 592
1297 592
1297 593
1298 593
1298 594
1299 594
1299 595
1301 595
1301 596
1303 596
1303 597
1304 597
1304 598
1305 598
1305 599
1306 599
1306 603
1307 603
1307 605
1308 605
1308 606
1309 606
1309 607
1310 607
1310 608
1312 608
1312 609
1314 609
1314 610
1317 610
1317 611
1321 611
1321 610
1322 610
1322 611
1327 611
1327 612
1328 612
1328 613
1329 613
1329 615
1332 615
1332 616
1334 616
1334 617
1335 617
1335 618
1336 618
1336 620
1338 620
1338 621
1345 621
1345 624
1346 624
1346 625
1347 625
1347 626
1348 626
1348 627
1350 627
1350 628
1352 628
1352 629
1353 629
1353 630
1356 630
1356 631
1357 631
1357 632
1372 632
1372 631
1379 631
1379 630
1383 630
1383 629
1388 629
1388 628
1392 628
1392 627
1395 627
1395 626
1398 626
1398 625
1400 625
1400 624
1405 624
1405 623
1408 623
1408 622
1412 622
1412 621
1415 621
1415 620
1418 620
1418 619
1423 619
1423 618
1425 618
1425 619
1426 619
1426 620
1432 620
1432 621
1434 621
1434 622
1435 622
1435 623
1437 623
1437 624
1441 624
1441 625
1444 625
1444 626
1445 626
1445 627
1446 627
1446 629
1447 629
1447 631
1448 631
1448 632
1449 632
1449 633
1450 633
1450 634
1451 634
1451 635
1455 635
1455 636
1456 636
1456 637
1457 637
1457 638
1458 638
1458 642
1459 642
1459 644
1460 644
1460 645
1461 645
1461 646
1462 646
1462 647
1463 647
1463 648
1467 648
1467 649
1471 649
1471 650
1472 650
1472 651
1473 651
1473 652
1474 652
1474 653
1475 653
1475 654
1478 654
1478 655
1481 655
1481 656
1482 656
1482 657
1483 657
1483 658
1484 658
1484 660
1485 660
1485 661
1486 661
1486 662
1487 662
1487 663
1488 663
1488 664
1489 664
1489 665
1493 665
1493 666
1494 666
1494 667
1495 667
1495 668
1496 668
1496 673
1497 673
1497 674
1498 674
1498 675
1499 675
1499 676
1500 676
1500 677
1501 677
1501 678
1503 678
1503 679
1519 679
1519 678
1531 678
1531 677
1538 677
1538 678
1544 678
1544 679
1545 679
1545 680
1546 680
1546 681
1547 681
1547 682
1548 682
1548 683
1549 683
1549 684
1550 684
1550 685
1552 685
1552 686
1554 686
1554 687
1555 687
1555 690
1556 690
1556 691
1557 691
1557 693
1558 693
1558 694
1559 694
1559 695
1560 695
1560 696
1561 696
1561 697
1562 697
1562 698
1565 698
1565 699
1566 699
1566 700
1567 700
1567 702
1568 702
1568 704
1569 704
1569 706
1570 706
1570 707
1571 707
1571 708
1572 708
1572 709
1573 709
1573 710
1577 710
1577 711
1592 711
1592 712
1600 712
1600 711
1604 711
1604 710
1606 710
1606 709
1608 709
1608 706
1609 706
1609 705
1610 705
1610 704
1611 704
1611 703
1614 703
1614 702
1615 702
1615 701
1616 701
1616 700
1618 700
1618 699
1623 699
1623 698
1624 698
1624 697
1625 697
1625 696
1626 696
1626 694
1627 694
1627 691
1628 691
1628 690
1629 690
1629 689
1630 689
1630 687
1631 687
1631 686
1632 686
1632 684
1633 684
1633 683
1634 683
1634 682
1635 682
1635 681
1636 681
1636 680
1637 680
1637 679
1638 679
1638 678
1639 678
1639 677
1640 677
1640 676
1641 676
1641 675
1642 675
1642 674
1644 674
1644 673
1652 673
1652 672
1657 672
1657 673
1658 673
1658 674
1659 674
1659 675
1660 675
1660 677
1661 677
1661 679
1662 679
1662 680
1663 680
1663 681
1666 681
1666 682
1667 682
1667 683
1671 683
1671 684
1672 684
1672 691
1673 691
1673 695
1674 695
1674 696
1675 696
1675 697
1676 697
1676 698
1677 698
1677 699
1679 699
1679 700
1686 700
1686 701
1687 701
1687 702
1689 702
1689 703
1694 703
1694 704
1695 704
1695 705
1696 705
1696 707
1697 707
1697 710
1698 710
1698 712
1699 712
1699 713
1700 713
1700 714
1701 714
1701 715
1702 715
1702 716
1705 716
1705 717
1709 717
1709 718
1710 718
1710 719
1711 719
1711 720
1712 720
1712 721
1713 721
1713 722
1719 722
1719 723
1721 723
1721 724
1722 724
1722 726
1723 726
1723 728
1724 728
1724 730
1725 730
1725 731
1726 731
1726 732
1727 732
1727 733
1728 733
1728 734
1733 734
1733 735
1734 735
1734 736
1735 736
1735 737
1737 737
1737 738
1739 738
1739 739
1742 739
1742 740
1746 740
1746 741
1748 741
1748 742
1750 742
1750 743
1753 743
1753 744
1761 744
1761 745
1766 745
1766 746
1772 746
1772 747
1775 747
1775 748
1782 748
1782 749
1785 749
1785 750
1787 750
1787 751
1791 751
1791 752
1799 752
1799 751
1801 751
1801 750
1803 750
1803 749
1804 749
1804 748
1806 748
1806 747
1808 747
1808 746
1809 746
1809 745
1812 745
1812 744
1822 744
1822 743
1824 743
1824 742
1826 742
1826 741
1827 741
1827 740
1838 740
1838 741
1839 741
1839 740
1843 740
1843 741
1845 741
1845 742
1850 742
1850 743
1852 743
1852 744
1854 744
1854 745
1855 745
1855 746
1857 746
1857 747
1870 747
1870 748
1874 748
1874 747
1875 747
1875 746
1876 746
1876 745
1878 745
1878 744
1879 744
1879 743
1881 743
1881 742
1883 742
1883 741
1886 741
1886 740
1890 740
1890 739
1893 739
1893 738
1895 738
1895 737
1906 737
1906 736
1908 736
1908 735
1912 735
1912 736
1927 736
1927 735
1939 735
1939 736
1942 736
1942 737
1945 737
1945 738
1950 738
1950 739
1952 739
1952 740
1954 740
1954 741
1956 741
1956 742
1958 742
1958 743
1963 743
1963 744
1964 744
1964 747
1965 747
1965 751
1966 751
1966 754
1967 754
1967 756
1969 756
1969 757
1973 757
1973 758
1975 758
1975 759
1976 759
1976 760
1977 760
1977 761
1978 761
1978 762
1979 762
1979 763
1980 763
1980 764
1981 764
1981 766
1982 766
1982 767
1983 767
1983 768
1984 768
1984 769
1985 769
1985 771
1986 771
1986 772
1987 772
1987 773
1988 773
1988 774
1989 774
1989 775
1991 775
1991 776
1993 776
1993 777
1994 777
1994 778
1996 778
1996 779
1999 779
1999 780
2001 780
2001 781
2007 781
2007 782
2017 782
2017 781
2023 781
2023 782
2026 782
2026 783
2034 783
2034 784
2039 784
2039 783
2054 783
2054 784
2069 784
2069 785
2070 785
2070 784
2072 784
2072 783
2074 783
2074 782
2083 782
2083 779
2084 779
2084 776
2085 776
2085 774
2086 774
2086 773
2087 773
2087 771
2088 771
2088 769
2089 769
2089 764
2090 764
2090 761
2091 761
2091 759
2092 759
2092 758
2093 758
2093 757
2094 757
2094 756
2095 756
2095 753
2096 753
2096 747
2097 747
2097 745
2098 745
2098 744
2099 744
2099 742
2100 742
2100 740
2101 740
2101 738
2102 738
2102 737
2103 737
2103 736
2104 736
2104 735
2106 735
2106 733
2107 733
2107 732
2108 732
2108 731
2109 731
2109 730
2119 730
2119 729
2126 729
2126 730
2129 730
2129 729
2134 729
2134 728
2135 728
2135 727
2136 727
2136 726
2137 726
2137 725
2138 725
2138 724
2141 724
2141 723
2158 723
2158 724
2160 724
2160 725
2161 725
2161 726
2162 726
2162 727
2164 727
2164 728
2165 728
2165 729
2166 729
2166 730
2168 730
2168 731
2170 731
2170 732
2173 732
2173 733
2176 733
2176 734
2177 734
2177 735
2178 735
2178 736
2179 736
2179 738
2180 738
2180 740
2181 740
2181 742
2182 742
2182 743
2183 743
2183 744
2184 744
2184 745
2185 745
2185 746
2186 746
2186 747
2187 747
2187 748
2188 748
2188 749
2190 749
2190 750
2192 750
2192 751
2195 751
2195 752
2206 752
2206 753
2209 753
2209 754
2210 754
2210 755
2212 755
2212 756
2222 756
2222 755
2227 755
2227 754
2231 754
2231 753
2238 753
2238 754
2249 754
2249 753
2252 753
2252 752
2253 752
2253 751
2255 751
2255 750
2256 750
2256 749
2259 749
2259 748
2260 748
2260 747
2262 747
2262 746
2263 746
2263 745
2265 745
2265 744
2267 744
2267 743
2268 743
2268 742
2270 742
2270 740
2271 740
2271 739
2272 739
2272 738
2273 738
2273 737
2274 737
2274 728
2275 728
2275 725
2276 725
2276 723
2277 723
2277 719
2278 719
2278 717
2279 717
2279 716
2280 716
2280 714
2281 714
2281 713
2282 713
2282 712
2283 712
2283 711
2294 711
2294 712
2302 712
2302 711
2304 711
2304 712
2306 712
2306 711
2309 711
2309 710
2310 710
2310 709
2311 709
2311 708
2312 708
2312 707
2313 707
2313 706
2326 706
2326 707
2331 707
2331 708
2335 708
2335 709
2336 709
2336 710
2338 710
2338 711
2340 711
2340 712
2341 712
2341 713
2371 713
2371 714
2379 714
2379 713
2381 713
2381 712
2382 712
2382 711
2383 711
2383 710
2384 710
2384 709
2385 709
2385 708
2386 708
2386 707
2390 707
2390 706
2396 706
2396 707
2398 707
2398 708
2403 708
2403 707
2405 707
2405 706
2406 706
2406 705
2409 705
2409 704
2410 704
2410 703
2411 703
2411 702
2412 702
2412 700
2413 700
2413 699
2414 699
2414 697
2415 697
2415 694
2416 694
2416 693
2417 693
2417 692
2418 692
2418 691
2419 691
2419 689
2420 689
2420 688
2421 688
2421 687
2422 687
2422 686
2423 686
2423 685
2424 685
2424 684
2425 684
2425 683
2426 683
2426 682
2427 682
2427 681
2429 681
2429 680
2436 680
2436 681
2444 681
2444 680
2450 680
2450 681
2454 681
2454 680
2457 680
2457 679
2458 679
2458 678
2460 678
2460 677
2462 677
2462 666
2463 666
2463 664
2462 664
2462 659
2463 659
2463 645
2464 645
2464 635
2465 635
2465 629
2466 629
2466 628
2472 628
2472 629
2479 629
2479 630
2484 630
2484 631
2486 631
2486 630
2501 630
2501 629
2506 629
2506 630
2509 630
2509 629
2510 629
2510 630
2524 630
2524 629
2525 629
2525 628
2532 628
2532 627
2533 627
2533 628
2534 628
2534 629
2535 629
2535 638
2536 638
2536 639
2535 639
2535 647
2534 647
2534 650
2535 650
2535 652
2536 652
2536 654
2537 654
2537 655
2538 655
2538 656
2542 656
2542 657
2548 657
2548 658
2550 658
2550 659
2552 659
2552 660
2559 660
2559 661
2561 661
2561 662
2563 662
2563 663
2571 663
2571 664
2586 664
2586 665
2592 665
2592 664
2594 664
2594 663
2595 663
2595 662
2596 662
2596 661
2605 661
2605 660
2606 660
2606 658
2607 658
2607 657
2608 657
2608 654
2609 654
2609 653
2610 653
2610 649
2612 649
2612 648
2618 648
2618 647
2620 647
2620 645
2621 645
2621 644
2622 644
2622 643
2625 643
2625 642
2630 642
2630 641
2632 641
2632 640
2633 640
2633 639
2634 639
2634 638
2636 638
2636 637
2642 637
2642 638
2643 638
2643 644
2644 644
2644 645
2645 645
2645 646
2646 646
2646 647
2648 647
2648 648
2653 648
2653 649
2662 649
2662 648
2665 648
2665 646
2666 646
2666 643
2667 643
2667 639
2668 639
2668 632
2669 632
2669 630
2670 630
2670 629
2679 629
2679 628
2680 628
2680 627
2681 627
2681 625
2682 625
2682 624
2681 624
2681 616
2682 616
2682 615
2683 615
2683 614
2688 614
2688 615
2690 615
2690 614
2691 614
2691 613
2692 613
2692 611
2693 611
2693 608
2694 608
2694 599
2695 599
2695 589
2696 589
2696 586
2697 586
2697 583
2696 583
2696 580
2695 580
2695 579
2696 579
2696 575
2697 575
2697 573
2698 573
2698 571
2699 571
2699 570
2701 570
2701 569
2705 569
2705 570
2708 570
2708 571
2710 571
2710 572
2711 572
2711 573
2712 573
2712 574
2713 574
2713 575
2716 575
2716 574
2719 574
2719 573
2720 573
2720 572
2722 572
2722 571
2727 571
2727 572
2733 572
2733 571
2741 571
2741 570
2742 570
2742 569
2744 569
2744 564
2745 564
2745 559
2746 559
2746 552
2747 552
2747 549
2748 549
2748 548
2753 548
2753 547
2758 547
2758 546
2759 546
2759 545
2760 545
2760 544
2762 544
2762 543
2763 543
2763 542
2766 542
2766 541
2768 541
2768 540
2769 540
2769 539
2770 539
2770 537
2771 537
2771 530
2772 530
2772 522
2773 522
2773 520
2774 520
2774 516
2775 516
2775 514
2776 514
2776 513
2777 513
2777 512
2778 512
2778 511
2779 511
2779 510
2780 510
2780 509
2782 509
2782 508
2783 508
2783 507
2785 507
2785 506
2786 506
2786 505
2788 505
2788 504
2790 504
2790 503
2797 503
2797 502
2803 502
2803 503
2804 503
2804 504
2806 504
2806 505
2807 505
2807 506
2808 506
2808 511
2809 511
2809 518
2810 518
2810 520
2811 520
2811 521
2812 521
2812 522
2813 522
2813 523
2815 523
2815 524
2817 524
2817 525
2820 525
2820 526
2824 526
2824 527
2825 527
2825 528
2827 528
2827 529
2828 529
2828 530
2833 530
2833 531
2838 531
2838 532
2839 532
2839 533
2842 533
2842 534
2845 534
2845 535
2846 535
2846 536
2848 536
2848 537
2849 537
2849 538
2852 538
2852 539
2858 539
2858 540
2862 540
2862 539
2868 539
2868 538
2875 538
2875 539
2880 539
2880 540
2888 540
2888 541
2894 541
2894 542
2902 542
2902 541
2911 541
2911 540
2913 540
2913 539
2915 539
2915 538
2917 538
2917 537
2920 537
2920 536
2921 536
2921 534
2922 534
2922 533
2923 533
2923 532
2924 532
2924 531
2925 531
2925 530
2926 530
2926 528
2927 528
2927 526
2928 526
2928 525
2930 525
2930 524
2933 524
2933 523
2935 523
2935 522
2936 522
2936 521
2937 521
2937 520
2938 520
2938 515
2939 515
2939 513
2940 513
2940 512
2941 512
2941 511
2944 511
2944 510
2946 510
2946 509
2948 509
2948 508
2950 508
2950 506
2951 506
2951 503
2952 503
2952 500
2953 500
2953 499
2954 499
2954 498
2957 498
2957 497
2958 497
2958 496
2961 496
2961 495
2962 495
2962 494
2963 494
2963 492
2964 492
2964 488
2965 488
2965 487
2966 487
2966 486
2967 486
2967 485
2969 485
2969 484
2971 484
2971 483
2974 483
2974 482
2975 482
2975 481
2977 481
2977 480
2978 480
2978 479
2979 479
2979 476
2980 476
2980 475
2981 475
2981 474
2983 474
2983 471
2984 471
2984 466
2985 466
2985 464
2984 464
2984 455
2985 455
2985 452
2986 452
2986 444
2987 444
2987 443
2988 443
2988 442
2989 442
2989 441
2990 441
2990 440
2991 440
2991 439
2993 439
2993 438
2994 438
2994 437
2995 437
2995 436
2997 436
2997 434
2998 434
2998 432
2999 432
2999 429
3000 429
3000 422
3001 422
3001 421
3002 421
3002 420
3003 420
3003 419
3004 419
3004 418
3005 418
3005 417
3006 417
3006 416
3007 416
3007 414
3008 414
3008 413
3009 413
3009 412
3010 412
3010 411
3011 411
3011 409
3012 409
3012 407
3013 407
3013 397
3014 397
3014 392
3015 392
3015 391
3016 391
3016 390
3019 390
3019 389
3021 389
3021 388
3023 388
3023 387
3024 387
3024 386
3025 386
3025 385
3026 385
3026 384
3027 384
3027 378
3028 378
3028 366
3029 366
3029 353
3030 353
3030 335
3031 335
3031 334
3032 334
3032 333
3035 333
3035 334
3038 334
3038 335
3047 335
3047 336
3050 336
3050 337
3060 337
3060 338
3063 338
3063 337
3064 337
3064 336
3067 336
3067 335
3068 335
3068 334
3069 334
3069 333
3076 333
3076 332
3077 332
3077 331
3078 331
3078 330
3079 330
3079 329
3088 329
3088 328
3089 328
3089 327
3090 327
3090 325
3091 325
3091 324
3092 324
3092 323
3093 323
3093 322
3099 322
3099 321
3100 321
3100 320
3102 320
3102 318
3103 318
3103 317
3108 317
3108 318
3111 318
3111 319
3119 319
3119 320
3121 320
3121 321
3144 321
3144 322
3158 322
3158 321
3160 321
3160 320
3171 320
3171 319
3172 319
3172 318
3180 318
3180 317
3184 317
3184 315
3185 315
3185 314
3186 314
3186 313
3187 313
3187 312
3188 312
3188 311
3189 311
3189 310
3190 310
3190 309
3191 309
3191 308
3194 308
3194 307
3196 307
3196 306
3199 306
3199 305
3208 305
3208 304
3209 304
3209 302
3210 302
3210 301
3211 301
3211 300
3212 300
3212 299
3219 299
3219 298
3220 298
3220 297
3221 297
3221 296
3222 296
3222 295
3223 295
3223 294
3231 294
3231 293
3232 293
3232 292
3233 292
3233 291
3237 291
3237 290
3243 290
3243 289
3245 289
3245 288
3246 288
3246 287
3250 287
3250 286
3256 286
3256 285
3257 285
3257 284
3258 284
3258 283
3259 283
3259 282
3260 282
3260 281
3262 281
3262 280
3267 280
3267 279
3269 279
3269 278
3270 278
3270 276
3271 276
3271 275
3272 275
3272 274
3274 274
3274 273
3276 273
3276 272
3278 272
3278 271
3279 271
3279 270
3281 270
3281 268
3282 268
3282 267
3283 267
3283 265
3284 265
3284 263
3285 263
3285 262
3286 262
3286 261
3287 261
3287 260
3288 260
3288 259
3290 259
3290 258
3300 258
3300 257
3301 257
3301 256
3303 256
3303 255
3304 255
3304 254
3305 254
3305 253
3306 253
3306 252
3307 252
3307 244
3308 244
3308 230
3309 230
3309 222
3310 222
3310 221
3316 221
3316 220
3318 220
3318 219
3321 219
3321 217
3322 217
3322 215
3323 215
3323 213
3324 213
3324 212
3325 212
3325 211
3326 211
3326 210
3327 210
3327 209
3328 209
3328 208
3329 208
3329 207
3330 207
3330 206
3331 206
3331 205
3332 205
3332 204
3333 204
3333 203
3334 203
3334 198
3335 198
3335 186
3336 186
3336 182
3337 182
3337 180
3336 180
3336 173
3337 173
3337 169
3338 169
3338 168
3339 168
3339 167
3343 167
3343 166
3351 166
3351 165
3354 165
3354 164
3355 164
3355 163
3356 163
3356 162
3358 162
3358 161
3359 161
3359 160
3360 160
3360 158
3361 158
3361 149
3362 149
3362 137
3363 137
3363 128
3373 128
3373 127
3374 127
3374 126
3375 126
3375 124
3376 124
3376 121
3375 121
3375 113
3376 113
3376 109
3377 109
3377 108
3378 108
3378 109
3377 109
3377 113
3376 113
3376 121
3377 121
3377 125
3376 125
3376 126
3375 126
3375 127
3374 127
3374 128
3373 128
3373 129
3364 129
3364 137
3363 137
3363 149
3362 149
3362 158
3361 158
3361 160
3360 160
3360 161
3359 161
3359 162
3358 162
3358 163
3356 163
3356 164
3355 164
3355 165
3354 165
3354 166
3351 166
3351 167
3343 167
3343 168
3339 168
3339 169
3338 169
3338 173
3337 173
3337 180
3338 180
3338 182
3337 182
3337 186
3336 186
3336 198
3335 198
3335 203
3334 203
3334 204
3333 204
3333 205
3332 205
3332 206
3331 206
3331 207
3330 207
3330 208
3329 208
3329 209
3328 209
3328 210
3327 210
3327 211
3326 211
3326 212
3325 212
3325 213
3324 213
3324 215
3323 215
3323 217
3322 217
3322 219
3321 219
3321 220
3318 220
3318 221
3316 221
3316 222
3310 222
3310 230
3309 230
3309 244
3308 244
3308 252
3307 252
3307 253
3306 253
3306 254
3305 254
3305 255
3304 255
3304 256
3303 256
3303 257
3301 257
3301 258
3300 258
3300 259
3290 259
3290 260
3288 260
3288 261
3287 261
3287 262
3286 262
3286 263
3285 263
3285 265
3284 265
3284 267
3283 267
3283 268
3282 268
3282 270
3281 270
3281 271
3279 271
3279 272
3278 272
3278 273
3276 273
3276 274
3274 274
3274 275
3272 275
3272 276
3271 276
3271 278
3270 278
3270 279
3269 279
3269 280
3267 280
3267 281
3262 281
3262 282
3260 282
3260 283
3259 283
3259 284
3258 284
3258 285
3257 285
3257 286
3256 286
3256 287
3250 287
3250 288
3246 288
3246 289
3245 289
3245 290
3243 290
3243 291
3237 291
3237 292
3233 292
3233 293
3232 293
3232 294
3231 294
3231 295
3223 295
3223 296
3222 296
3222 297
3221 297
3221 298
3220 298
3220 299
3219 299
3219 300
3212 300
3212 301
3211 301
3211 302
3210 302
3210 304
3209 304
3209 305
3208 305
3208 306
3199 306
3199 307
3196 307
3196 308
3194 308
3194 309
3191 309
3191 310
3190 310
3190 311
3189 311
3189 312
3188 312
3188 313
3187 313
3187 314
3186 314
3186 315
3185 315
3185 317
3184 317
3184 318
3180 318
3180 319
3172 319
3172 320
3171 320
3171 321
3160 321
3160 322
3158 322
3158 323
3144 323
3144 322
3121 322
3121 321
3119 321
3119 320
3111 320
3111 319
3108 319
3108 318
3103 318
3103 320
3102 320
3102 321
3100 321
3100 322
3099 322
3099 323
3093 323
3093 324
3092 324
3092 325
3091 325
3091 327
3090 327
3090 328
3089 328
3089 329
3088 329
3088 330
3079 330
3079 331
3078 331
3078 332
3077 332
3077 333
3076 333
3076 334
3069 334
3069 335
3068 335
3068 336
3067 336
3067 337
3064 337
3064 338
3063 338
3063 339
3060 339
3060 338
3050 338
3050 337
3047 337
3047 336
3038 336
3038 335
3035 335
3035 334
3032 334
3032 335
3031 335
3031 353
3030 353
3030 366
3029 366
3029 378
3028 378
3028 384
3027 384
3027 385
3026 385
3026 386
3025 386
3025 387
3024 387
3024 388
3023 388
3023 389
3021 389
3021 390
3019 390
3019 391
3016 391
3016 392
3015 392
3015 397
3014 397
3014 407
3013 407
3013 409
3012 409
3012 411
3011 411
3011 412
3010 412
3010 413
3009 413
3009 414
3008 414
3008 416
3007 416
3007 417
3006 417
3006 418
3005 418
3005 419
3004 419
3004 420
3003 420
3003 421
3002 421
3002 422
3001 422
3001 429
3000 429
3000 432
2999 432
2999 434
2998 434
2998 436
2997 436
2997 437
2995 437
2995 438
2994 438
2994 439
2993 439
2993 440
2991 440
2991 441
2990 441
2990 442
2989 442
2989 443
2988 443
2988 444
2987 444
2987 452
2986 452
2986 455
2985 455
2985 464
2986 464
2986 466
2985 466
2985 471
2984 471
2984 474
2983 474
2983 475
2981 475
2981 476
2980 476
2980 479
2979 479
2979 480
2978 480
2978 481
2977 481
2977 482
2975 482
2975 483
2974 483
2974 484
2971 484
2971 485
2969 485
2969 486
2967 486
2967 487
2966 487
2966 488
2965 488
2965 492
2964 492
2964 494
2963 494
2963 495
2962 495
2962 496
2961 496
2961 497
2958 497
2958 498
2957 498
2957 499
2954 499
2954 500
2953 500
2953 503
2952 503
2952 506
2951 506
2951 508
2950 508
2950 509
2948 509
2948 510
2946 510
2946 511
2944 511
2944 512
2941 512
2941 513
2940 513
2940 515
2939 515
2939 520
2938 520
2938 521
2937 521
2937 522
2936 522
2936 523
2935 523
2935 524
2933 524
2933 525
2930 525
2930 526
2928 526
2928 528
2927 528
2927 530
2926 530
2926 531
2925 531
2925 532
2924 532
2924 533
2923 533
2923 534
2922 534
2922 536
2921 536
2921 537
2920 537
2920 538
2917 538
2917 539
2915 539
2915 540
2913 540
2913 541
2911 541
2911 542
2902 542
2902 543
2894 543
2894 542
2888 542
2888 541
2880 541
2880 540
2875 540
2875 539
2868 539
2868 540
2862 540
2862 541
2858 541
2858 540
2852 540
2852 539
2849 539
2849 538
2848 538
2848 537
2846 537
2846 536
2845 536
2845 535
2842 535
2842 534
2839 534
2839 533
2838 533
2838 532
2833 532
2833 531
2828 531
2828 530
2827 530
2827 529
2825 529
2825 528
2824 528
2824 527
2820 527
2820 526
2817 526
2817 525
2815 525
2815 524
2813 524
2813 523
2812 523
2812 522
2811 522
2811 521
2810 521
2810 520
2809 520
2809 518
2808 518
2808 511
2807 511
2807 506
2806 506
2806 505
2804 505
2804 504
2803 504
2803 503
2797 503
2797 504
2790 504
2790 505
2788 505
2788 506
2786 506
2786 507
2785 507
2785 508
2783 508
2783 509
2782 509
2782 510
2780 510
2780 511
2779 511
2779 512
2778 512
2778 513
2777 513
2777 514
2776 514
2776 516
2775 516
2775 520
2774 520
2774 522
2773 522
2773 530
2772 530
2772 537
2771 537
2771 539
2770 539
2770 540
2769 540
2769 541
2768 541
2768 542
2766 542
2766 543
2763 543
2763 544
2762 544
2762 545
2760 545
2760 546
2759 546
2759 547
2758 547
2758 548
2753 548
2753 549
2748 549
2748 552
2747 552
2747 559
2746 559
2746 564
2745 564
2745 569
2744 569
2744 570
2742 570
2742 571
2741 571
2741 572
2733 572
2733 573
2727 573
2727 572
2722 572
2722 573
2720 573
2720 574
2719 574
2719 575
2716 575
2716 576
2713 576
2713 575
2711 575
2711 573
2710 573
2710 572
2708 572
2708 571
2705 571
2705 570
2701 570
2701 571
2699 571
2699 573
2698 573
2698 575
2697 575
2697 579
2696 579
2696 580
2697 580
2697 583
2698 583
2698 587
2697 587
2697 589
2696 589
2696 599
2695 599
2695 608
2694 608
2694 611
2693 611
2693 613
2692 613
2692 614
2691 614
2691 615
2690 615
2690 616
2688 616
2688 615
2683 615
2683 616
2682 616
2682 624
2683 624
2683 625
2682 625
2682 627
2681 627
2681 628
2680 628
2680 629
2679 629
2679 630
2670 630
2670 632
2669 632
2669 639
2668 639
2668 643
2667 643
2667 646
2666 646
2666 648
2665 648
2665 649
2662 649
2662 650
2653 650
2653 649
2648 649
2648 648
2646 648
2646 647
2645 647
2645 646
2644 646
2644 645
2643 645
2643 644
2642 644
2642 638
2636 638
2636 639
2634 639
2634 640
2633 640
2633 641
2632 641
2632 642
2630 642
2630 643
2625 643
2625 644
2622 644
2622 645
2621 645
2621 647
2620 647
2620 648
2618 648
2618 649
2612 649
2612 650
2611 650
2611 653
2610 653
2610 654
2609 654
2609 657
2608 657
2608 658
2607 658
2607 660
2606 660
2606 661
2605 661
2605 662
2596 662
2596 663
2595 663
2595 664
2594 664
2594 665
2592 665
2592 666
2586 666
2586 665
2571 665
2571 664
2563 664
2563 663
2561 663
2561 662
2559 662
2559 661
2552 661
2552 660
2550 660
2550 659
2548 659
2548 658
2542 658
2542 657
2538 657
2538 656
2537 656
2537 655
2536 655
2536 654
2535 654
2535 652
2534 652
2534 650
2533 650
2533 647
2534 647
2534 639
2535 639
2535 638
2534 638
2534 629
2533 629
2533 628
2532 628
2532 629
2525 629
2525 630
2524 630
2524 631
2510 631
2510 630
2509 630
2509 631
2506 631
2506 630
2501 630
2501 631
2486 631
2486 632
2484 632
2484 631
2479 631
2479 630
2472 630
2472 629
2466 629
2466 635
2465 635
2465 645
2464 645
2464 659
2463 659
2463 664
2464 664
2464 666
2463 666
2463 677
2462 677
2462 678
2460 678
2460 679
2458 679
2458 680
2457 680
2457 681
2454 681
2454 682
2450 682
2450 681
2444 681
2444 682
2436 682
2436 681
2429 681
2429 682
2427 682
2427 683
2426 683
2426 684
2425 684
2425 685
2424 685
2424 686
2423 686
2423 687
2422 687
2422 688
2421 688
2421 689
2420 689
2420 691
2419 691
2419 692
2418 692
