3307 907
3306 907
3306 908
3304 908
3304 909
3303 909
3303 910
3301 910
3301 911
3294 911
3294 910
3290 910
3290 909
3288 909
3288 908
3287 908
3287 907
3286 907
3286 906
3284 906
3284 905
3280 905
3280 904
3278 904
3278 903
3272 903
3272 904
3269 904
3269 905
3268 905
3268 906
3267 906
3267 907
3266 907
3266 908
3265 908
3265 909
3263 909
3263 910
3262 910
3262 911
3261 911
3261 912
3257 912
3257 913
3252 913
3252 914
3248 914
3248 915
3247 915
3247 916
3246 916
3246 919
3245 919
3245 920
3244 920
3244 921
3243 921
3243 923
3242 923
3242 925
3241 925
3241 926
3239 926
3239 927
3238 927
3238 928
3237 928
3237 929
3236 929
3236 932
3235 932
3235 934
3234 934
3234 940
3235 940
3235 961
3234 961
3234 967
3233 967
3233 972
3232 972
3232 975
3231 975
3231 977
3230 977
3230 978
3229 978
3229 981
3228 981
3228 984
3222 984
3222 988
3221 988
3221 990
3220 990
3220 993
3218 993
3218 994
3214 994
3214 995
3212 995
3212 996
3210 996
3210 997
3208 997
3208 998
3207 998
3207 999
3205 999
3205 1000
3203 1000
3203 1001
3202 1001
3202 1003
3200 1003
3200 1004
3199 1004
3199 1005
3198 1005
3198 1007
3196 1007
3196 1008
3190 1008
3190 1009
3188 1009
3188 1010
3187 1010
3187 1011
3186 1011
3186 1012
3185 1012
3185 1013
3184 1013
3184 1014
3175 1014
3175 1016
3174 1016
3174 1018
3172 1018
3172 1019
3156 1019
3156 1020
3147 1020
3147 1021
3142 1021
3142 1022
3139 1022
3139 1023
3136 1023
3136 1024
3124 1024
3124 1025
3112 1025
3112 1026
3106 1026
3106 1029
3105 1029
3105 1030
3104 1030
3104 1036
3103 1036
3103 1046
3102 1046
3102 1051
3101 1051
3101 1053
3100 1053
3100 1054
3098 1054
3098 1055
3094 1055
3094 1056
3091 1056
3091 1055
3088 1055
3088 1054
3085 1054
3085 1055
3075 1055
3075 1056
3073 1056
3073 1057
3066 1057
3066 1058
3065 1058
3065 1059
3064 1059
3064 1060
3063 1060
3063 1062
3062 1062
3062 1064
3061 1064
3061 1065
3060 1065
3060 1066
3059 1066
3059 1067
3056 1067
3056 1068
3055 1068
3055 1069
3054 1069
3054 1070
3053 1070
3053 1090
3054 1090
3054 1097
3052 1097
3052 1098
3051 1098
3051 1099
3044 1099
3044 1100
3043 1100
3043 1101
3030 1101
3030 1102
3025 1102
3025 1103
3022 1103
3022 1102
3017 1102
3017 1101
3015 1101
3015 1100
3012 1100
3012 1099
3009 1099
3009 1098
3007 1098
3007 1097
3006 1097
3006 1095
3005 1095
3005 1094
3003 1094
3003 1093
3002 1093
3002 1091
3001 1091
3001 1089
3000 1089
3000 1087
2999 1087
2999 1081
2998 1081
2998 1080
2997 1080
2997 1079
2993 1079
2993 1078
2985 1078
2985 1079
2984 1079
2984 1080
2983 1080
2983 1081
2978 1081
2978 1082
2976 1082
2976 1083
2975 1083
2975 1084
2974 1084
2974 1086
2972 1086
2972 1087
2963 1087
2963 1088
2962 1088
2962 1090
2961 1090
2961 1092
2960 1092
2960 1099
2961 1099
2961 1108
2962 1108
2962 1109
2961 1109
2961 1111
2959 1111
2959 1112
2956 1112
2956 1113
2954 1113
2954 1114
2953 1114
2953 1115
2951 1115
2951 1116
2945 1116
2945 1115
2944 1115
2944 1116
2941 1116
2941 1115
2933 1115
2933 1114
2928 1114
2928 1115
2927 1115
2927 1116
2925 1116
2925 1117
2918 1117
2918 1116
2915 1116
2915 1115
2914 1115
2914 1114
2911 1114
2911 1113
2910 1113
2910 1112
2904 1112
2904 1113
2899 1113
2899 1114
2898 1114
2898 1115
2897 1115
2897 1116
2896 1116
2896 1117
2895 1117
2895 1118
2891 1118
2891 1117
2873 1117
2873 1118
2871 1118
2871 1119
2869 1119
2869 1120
2867 1120
2867 1121
2866 1121
2866 1122
2864 1122
2864 1123
2863 1123
2863 1124
2862 1124
2862 1125
2860 1125
2860 1126
2859 1126
2859 1127
2858 1127
2858 1128
2840 1128
2840 1127
2838 1127
2838 1125
2832 1125
2832 1126
2829 1126
2829 1127
2820 1127
2820 1128
2817 1128
2817 1129
2812 1129
2812 1130
2806 1130
2806 1129
2803 1129
2803 1130
2798 1130
2798 1131
2797 1131
2797 1132
2795 1132
2795 1133
2793 1133
2793 1134
2788 1134
2788 1133
2782 1133
2782 1134
2780 1134
2780 1135
2776 1135
2776 1134
2770 1134
2770 1135
2767 1135
2767 1136
2765 1136
2765 1137
2763 1137
2763 1138
2761 1138
2761 1139
2760 1139
2760 1140
2753 1140
2753 1141
2751 1141
2751 1142
2748 1142
2748 1143
2741 1143
2741 1144
2739 1144
2739 1145
2738 1145
2738 1147
2728 1147
2728 1148
2727 1148
2727 1149
2726 1149
2726 1150
2725 1150
2725 1151
2722 1151
2722 1152
2716 1152
2716 1153
2714 1153
2714 1154
2713 1154
2713 1155
2712 1155
2712 1156
2707 1156
2707 1157
2701 1157
2701 1158
2695 1158
2695 1159
2693 1159
2693 1160
2690 1160
2690 1161
2687 1161
2687 1162
2685 1162
2685 1163
2681 1163
2681 1164
2680 1164
2680 1165
2679 1165
2679 1166
2678 1166
2678 1167
2676 1167
2676 1168
2675 1168
2675 1169
2670 1169
2670 1170
2666 1170
2666 1171
2665 1171
2665 1174
2664 1174
2664 1184
2663 1184
2663 1188
2661 1188
2661 1189
2660 1189
2660 1190
2657 1190
2657 1191
2655 1191
2655 1192
2635 1192
2635 1191
2624 1191
2624 1192
2623 1192
2623 1194
2620 1194
2620 1195
2618 1195
2618 1196
2617 1196
2617 1197
2615 1197
2615 1198
2609 1198
2609 1199
2603 1199
2603 1200
2600 1200
2600 1201
2598 1201
2598 1202
2596 1202
2596 1203
2593 1203
2593 1204
2592 1204
2592 1205
2590 1205
2590 1206
2585 1206
2585 1207
2584 1207
2584 1209
2580 1209
2580 1210
2579 1210
2579 1211
2577 1211
2577 1212
2575 1212
2575 1213
2571 1213
2571 1215
2570 1215
2570 1216
2568 1216
2568 1217
2567 1217
2567 1219
2566 1219
2566 1220
2564 1220
2564 1219
2559 1219
2559 1220
2551 1220
2551 1221
2548 1221
2548 1222
2545 1222
2545 1223
2533 1223
2533 1224
2532 1224
2532 1225
2531 1225
2531 1226
2530 1226
2530 1227
2520 1227
2520 1228
2519 1228
2519 1229
2518 1229
2518 1230
2516 1230
2516 1231
2515 1231
2515 1232
2514 1232
2514 1234
2511 1234
2511 1235
2510 1235
2510 1236
2509 1236
2509 1237
2508 1237
2508 1238
2507 1238
2507 1239
2506 1239
2506 1240
2502 1240
2502 1241
2501 1241
2501 1242
2500 1242
2500 1243
2499 1243
2499 1244
2498 1244
2498 1245
2497 1245
2497 1246
2496 1246
2496 1247
2489 1247
2489 1246
2488 1246
2488 1247
2476 1247
2476 1248
2473 1248
2473 1249
2471 1249
2471 1250
2469 1250
2469 1251
2456 1251
2456 1252
2452 1252
2452 1251
2432 1251
2432 1250
2426 1250
2426 1251
2424 1251
2424 1252
2423 1252
2423 1253
2422 1253
2422 1254
2421 1254
2421 1256
2420 1256
2420 1257
2405 1257
2405 1258
2404 1258
2404 1259
2403 1259
2403 1260
2402 1260
2402 1261
2400 1261
2400 1262
2399 1262
2399 1263
2398 1263
2398 1266
2397 1266
2397 1267
2388 1267
2388 1266
2385 1266
2385 1267
2372 1267
2372 1266
2371 1266
2371 1265
2364 1265
2364 1264
2352 1264
2352 1263
2348 1263
2348 1262
2345 1262
2345 1261
2343 1261
2343 1260
2341 1260
2341 1259
2340 1259
2340 1258
2339 1258
2339 1257
2338 1257
2338 1256
2337 1256
2337 1255
2308 1255
2308 1256
2304 1256
2304 1255
2298 1255
2298 1254
2296 1254
2296 1253
2280 1253
2280 1252
2274 1252
2274 1251
2263 1251
2263 1250
2261 1250
2261 1249
2260 1249
2260 1248
2259 1248
2259 1247
2258 1247
2258 1246
2257 1246
2257 1245
2254 1245
2254 1244
2253 1244
2253 1243
2243 1243
2243 1244
2240 1244
2240 1245
2238 1245
2238 1244
2235 1244
2235 1243
2234 1243
2234 1242
2226 1242
2226 1243
2222 1243
2222 1244
2221 1244
2221 1246
2217 1246
2217 1247
2216 1247
2216 1248
2215 1248
2215 1249
2214 1249
2214 1250
2213 1250
2213 1251
2212 1251
2212 1252
2209 1252
2209 1253
2202 1253
2202 1255
2194 1255
2194 1254
2188 1254
2188 1253
2186 1253
2186 1252
2183 1252
2183 1251
2173 1251
2173 1250
2170 1250
2170 1248
2169 1248
2169 1247
2168 1247
2168 1246
2166 1246
2166 1245
2163 1245
2163 1244
2161 1244
2161 1243
2158 1243
2158 1242
2156 1242
2156 1241
2154 1241
2154 1239
2153 1239
2153 1238
2152 1238
2152 1237
2151 1237
2151 1235
2150 1235
2150 1233
2149 1233
2149 1231
2148 1231
2148 1230
2146 1230
2146 1229
2145 1229
2145 1228
2144 1228
2144 1227
2139 1227
2139 1226
2138 1226
2138 1227
2137 1227
2137 1228
2136 1228
2136 1229
2134 1229
2134 1230
2133 1230
2133 1231
2132 1231
2132 1232
2126 1232
2126 1231
2124 1231
2124 1230
2104 1230
2104 1229
2102 1229
2102 1230
2101 1230
2101 1231
2100 1231
2100 1235
2099 1235
2099 1237
2086 1237
2086 1238
2084 1238
2084 1241
2074 1241
2074 1240
2072 1240
2072 1241
2062 1241
2062 1240
2059 1240
2059 1241
2047 1241
2047 1240
2032 1240
2032 1239
2029 1239
2029 1240
2025 1240
2025 1237
2024 1237
2024 1236
2019 1236
2019 1235
2016 1235
2016 1234
2007 1234
2007 1233
2003 1233
2003 1232
2001 1232
2001 1231
1999 1231
1999 1230
1998 1230
1998 1229
1997 1229
1997 1228
1996 1228
1996 1227
1995 1227
1995 1226
1994 1226
1994 1225
1993 1225
1993 1224
1992 1224
1992 1221
1991 1221
1991 1212
1990 1212
1990 1208
1989 1208
1989 1205
1988 1205
1988 1204
1987 1204
1987 1202
1986 1202
1986 1201
1984 1201
1984 1200
1983 1200
1983 1199
1982 1199
1982 1197
1981 1197
1981 1196
1980 1196
1980 1195
1978 1195
1978 1194
1977 1194
1977 1193
1974 1193
1974 1192
1967 1192
1967 1191
1966 1191
1966 1190
1951 1190
1951 1189
1949 1189
1949 1188
1940 1188
1940 1187
1922 1187
1922 1186
1915 1186
1915 1187
1913 1187
1913 1188
1911 1188
1911 1189
1908 1189
1908 1190
1904 1190
1904 1191
1900 1191
1900 1192
1895 1192
1895 1194
1893 1194
1893 1195
1891 1195
1891 1196
1888 1196
1888 1197
1886 1197
1886 1198
1883 1198
1883 1199
1882 1199
1882 1200
1879 1200
1879 1201
1877 1201
1877 1202
1875 1202
1875 1201
1872 1201
1872 1200
1870 1200
1870 1199
1867 1199
1867 1198
1866 1198
1866 1197
1865 1197
1865 1196
1863 1196
1863 1195
1861 1195
1861 1194
1860 1194
1860 1193
1859 1193
1859 1192
1858 1192
1858 1191
1855 1191
1855 1190
1852 1190
1852 1189
1846 1189
1846 1188
1843 1188
1843 1187
1842 1187
1842 1186
1838 1186
1838 1185
1836 1185
1836 1184
1833 1184
1833 1183
1827 1183
1827 1182
1824 1182
1824 1181
1822 1181
1822 1180
1821 1180
1821 1179
1818 1179
1818 1178
1817 1178
1817 1177
1815 1177
1815 1176
1814 1176
1814 1175
1812 1175
1812 1174
1811 1174
1811 1173
1796 1173
1796 1172
1784 1172
1784 1171
1783 1171
1783 1170
1781 1170
1781 1169
1780 1169
1780 1167
1779 1167
1779 1166
1778 1166
1778 1165
1777 1165
1777 1164
1776 1164
1776 1163
1775 1163
1775 1162
1774 1162
1774 1161
1773 1161
1773 1160
1772 1160
1772 1159
1771 1159
1771 1158
1770 1158
1770 1157
1769 1157
1769 1156
1768 1156
1768 1155
1766 1155
1766 1154
1764 1154
1764 1153
1762 1153
1762 1152
1757 1152
1757 1151
1755 1151
1755 1150
1753 1150
1753 1149
1750 1149
1750 1148
1746 1148
1746 1147
1742 1147
1742 1146
1739 1146
1739 1145
1737 1145
1737 1144
1716 1144
1716 1143
1715 1143
1715 1142
1714 1142
1714 1141
1713 1141
1713 1140
1712 1140
1712 1139
1711 1139
1711 1138
1710 1138
1710 1137
1709 1137
1709 1136
1708 1136
1708 1135
1707 1135
1707 1134
1706 1134
1706 1133
1704 1133
1704 1132
1703 1132
1703 1131
1702 1131
1702 1130
1701 1130
1701 1129
1700 1129
1700 1128
1698 1128
1698 1127
1697 1127
1697 1126
1695 1126
1695 1125
1694 1125
1694 1124
1692 1124
1692 1123
1691 1123
1691 1122
1690 1122
1690 1121
1688 1121
1688 1120
1687 1120
1687 1119
1686 1119
1686 1118
1685 1118
1685 1117
1684 1117
1684 1115
1683 1115
1683 1114
1682 1114
1682 1113
1681 1113
1681 1112
1680 1112
1680 1110
1679 1110
1679 1109
1678 1109
1678 1108
1677 1108
1677 1107
1666 1107
1666 1105
1665 1105
1665 1104
1664 1104
1664 1101
1663 1101
1663 1099
1662 1099
1662 1095
1661 1095
1661 1088
1660 1088
1660 1085
1659 1085
1659 1083
1658 1083
1658 1082
1656 1082
1656 1081
1655 1081
1655 1079
1654 1079
1654 1078
1653 1078
1653 1077
1648 1077
1648 1076
1638 1076
1638 1075
1629 1075
1629 1074
1626 1074
1626 1073
1606 1073
1606 1072
1604 1072
1604 1071
1603 1071
1603 1069
1602 1069
1602 1068
1601 1068
1601 1066
1600 1066
1600 1064
1599 1064
1599 1063
1598 1063
1598 1062
1596 1062
1596 1061
1594 1061
1594 1060
1587 1060
1587 1059
1580 1059
1580 1058
1573 1058
1573 1057
1568 1057
1568 1056
1564 1056
1564 1055
1563 1055
1563 1054
1559 1054
1559 1053
1557 1053
1557 1052
1551 1052
1551 1051
1550 1051
1550 1050
1548 1050
1548 1049
1546 1049
1546 1048
1545 1048
1545 1047
1544 1047
1544 1045
1543 1045
1543 1043
1542 1043
1542 1042
1541 1042
1541 1041
1540 1041
1540 1039
1539 1039
1539 1037
1538 1037
1538 1034
1537 1034
1537 1032
1536 1032
1536 1031
1535 1031
1535 1030
1534 1030
1534 1028
1533 1028
1533 1026
1532 1026
1532 1025
1531 1025
1531 1023
1530 1023
1530 1022
1529 1022
1529 1021
1528 1021
1528 1019
1527 1019
1527 1018
1526 1018
1526 1016
1525 1016
1525 1014
1524 1014
1524 1013
1523 1013
1523 1012
1522 1012
1522 1011
1521 1011
1521 1010
1520 1010
1520 1009
1516 1009
1516 1008
1508 1008
1508 1007
1496 1007
1496 1006
1494 1006
1494 1005
1493 1005
1493 1003
1492 1003
1492 1002
1491 1002
1491 1001
1490 1001
1490 1000
1489 1000
1489 999
1488 999
1488 998
1487 998
1487 995
1486 995
1486 990
1485 990
1485 988
1484 988
1484 986
1483 986
1483 984
1482 984
1482 981
1481 981
1481 979
1480 979
1480 977
1479 977
1479 976
1478 976
1478 975
1477 975
1477 974
1476 974
1476 973
1473 973
1473 972
1470 972
1470 971
1468 971
1468 970
1466 970
1466 969
1463 969
1463 968
1460 968
1460 967
1459 967
1459 966
1458 966
1458 964
1457 964
1457 963
1456 963
1456 962
1455 962
1455 961
1454 961
1454 960
1453 960
1453 959
1452 959
1452 958
1448 958
1448 957
1428 957
1428 958
1425 958
1425 957
1424 957
1424 958
1408 958
1408 957
1406 957
1406 956
1405 956
1405 954
1404 954
1404 953
1403 953
1403 952
1402 952
1402 949
1401 949
1401 948
1400 948
1400 947
1399 947
1399 946
1398 946
1398 944
1397 944
1397 943
1396 943
1396 942
1395 942
1395 941
1394 941
1394 940
1393 940
1393 931
1392 931
1392 930
1391 930
1391 929
1390 929
1390 928
1388 928
1388 927
1387 927
1387 926
1385 926
1385 925
1384 925
1384 924
1382 924
1382 922
1381 922
1381 920
1380 920
1380 915
1379 915
1379 913
1380 913
1380 907
1379 907
1379 904
1378 904
1378 902
1377 902
1377 901
1376 901
1376 900
1375 900
1375 899
1374 899
1374 898
1372 898
1372 897
1371 897
1371 896
1370 896
1370 895
1369 895
1369 894
1368 894
1368 893
1367 893
1367 891
1366 891
1366 888
1365 888
1365 887
1364 887
1364 886
1362 886
1362 885
1359 885
1359 884
1357 884
1357 883
1355 883
1355 882
1354 882
1354 881
1353 881
1353 880
1351 880
1351 879
1347 879
1347 878
1346 878
1346 877
1344 877
1344 876
1343 876
1343 875
1342 875
1342 874
1341 874
1341 873
1340 873
1340 871
1339 871
1339 867
1338 867
1338 864
1337 864
1337 863
1336 863
1336 860
1335 860
1335 859
1333 859
1333 858
1332 858
1332 857
1331 857
1331 856
1330 856
1330 855
1329 855
1329 854
1328 854
1328 853
1327 853
1327 851
1326 851
1326 847
1325 847
1325 844
1324 844
1324 843
1323 843
1323 842
1322 842
1322 841
1321 841
1321 840
1320 840
1320 839
1318 839
1318 837
1317 837
1317 833
1316 833
1316 831
1315 831
1315 828
1314 828
1314 826
1313 826
1313 824
1312 824
1312 823
1310 823
1310 822
1309 822
1309 821
1306 821
1306 820
1292 820
1292 819
1285 819
1285 818
1284 818
1284 817
1283 817
1283 815
1282 815
1282 814
1281 814
1281 813
1280 813
1280 803
1279 803
1279 799
1278 799
1278 798
1277 798
1277 797
1276 797
1276 796
1275 796
1275 795
1274 795
1274 794
1273 794
1273 792
1272 792
1272 791
1271 791
1271 790
1270 790
1270 789
1269 789
1269 786
1270 786
1270 781
1269 781
1269 780
1270 780
1270 767
1269 767
1269 766
1268 766
1268 764
1267 764
1267 763
1266 763
1266 762
1265 762
1265 760
1264 760
1264 759
1262 759
1262 758
1261 758
1261 756
1260 756
1260 755
1259 755
1259 753
1258 753
1258 752
1257 752
1257 751
1256 751
1256 750
1255 750
1255 749
1253 749
1253 748
1252 748
1252 747
1249 747
1249 746
1248 746
1248 745
1246 745
1246 744
1245 744
1245 743
1243 743
1243 742
1242 742
1242 741
1241 741
1241 740
1240 740
1240 739
1239 739
1239 737
1238 737
1238 736
1236 736
1236 735
1235 735
1235 734
1233 734
1233 733
1232 733
1232 732
1231 732
1231 731
1229 731
1229 729
1228 729
1228 728
1227 728
1227 726
1226 726
1226 725
1225 725
1225 716
1224 716
1224 714
1225 714
1225 705
1224 705
1224 703
1225 703
1225 699
1224 699
1224 696
1223 696
1223 693
1222 693
1222 691
1221 691
1221 688
1220 688
1220 685
1219 685
1219 683
1218 683
1218 679
1217 679
1217 677
1216 677
1216 676
1215 676
1215 675
1214 675
1214 674
1206 674
1206 673
1203 673
1203 672
1201 672
1201 671
1200 671
1200 670
1198 670
1198 669
1196 669
1196 668
1194 668
1194 667
1193 667
1193 666
1192 666
1192 665
1190 665
1190 664
1186 664
1186 663
1183 663
1183 662
1182 662
1182 661
1181 661
1181 660
1180 660
1180 658
1179 658
1179 657
1178 657
1178 640
1177 640
1177 638
1176 638
1176 637
1175 637
1175 636
1174 636
1174 635
1173 635
1173 633
1172 633
1172 628
1171 628
1171 623
1170 623
1170 620
1169 620
1169 619
1168 619
1168 618
1166 618
1166 617
1164 617
1164 616
1163 616
1163 615
1162 615
1162 614
1161 614
1161 611
1160 611
1160 586
1159 586
1159 585
1158 585
1158 584
1156 584
1156 583
1154 583
1154 582
1153 582
1153 581
1151 581
1151 580
1149 580
1149 579
1148 579
1148 578
1146 578
1146 577
1145 577
1145 576
1144 576
1144 575
1143 575
1143 574
1142 574
1142 572
1141 572
1141 569
1140 569
1140 559
1139 559
1139 556
1138 556
1138 555
1137 555
1137 554
1136 554
1136 553
1134 553
1134 552
1130 552
1130 551
1128 551
1128 550
1124 550
1124 549
1122 549
1122 548
1120 548
1120 547
1119 547
1119 546
1118 546
1118 545
1117 545
1117 543
1116 543
1116 542
1115 542
1115 534
1116 534
1116 525
1117 525
1117 501
1118 501
1118 482
1117 482
1117 478
1116 478
1116 477
1115 477
1115 476
1112 476
1112 475
1111 475
1111 474
1108 474
1108 473
1105 473
1105 471
1104 471
1104 469
1103 469
1103 467
1102 467
1102 466
1101 466
1101 465
1100 465
1100 463
1097 463
1097 462
1096 462
1096 461
1095 461
1095 459
1094 459
1094 458
1092 458
1092 457
1090 457
1090 456
1087 456
1087 453
1088 453
1088 452
1090 452
1090 451
1092 451
1092 450
1094 450
1094 448
1093 448
1093 446
1092 446
1092 445
1091 445
1091 444
1090 444
1090 441
1089 441
1089 440
1090 440
1090 438
1089 438
1089 440
1088 440
1088 441
1089 441
1089 444
1090 444
1090 445
1091 445
1091 446
1092 446
1092 448
1093 448
1093 449
1092 449
1092 450
1090 450
1090 451
1088 451
1088 452
1087 452
1087 453
1086 453
1086 456
1087 456
1087 457
1090 457
1090 458
1092 458
1092 459
1094 459
1094 461
1095 461
1095 462
1096 462
1096 463
1097 463
1097 464
1099 464
1099 465
1100 465
1100 466
1101 466
1101 467
1102 467
1102 469
1103 469
1103 471
1104 471
1104 474
1108 474
1108 475
1111 475
1111 476
1112 476
1112 477
1115 477
1115 478
1116 478
1116 482
1117 482
1117 501
1116 501
1116 525
1115 525
1115 534
1114 534
1114 542
1115 542
1115 543
1116 543
1116 545
1117 545
1117 546
1118 546
1118 547
1119 547
1119 548
1120 548
1120 549
1122 549
1122 550
1124 550
1124 551
1128 551
1128 552
1130 552
1130 553
1134 553
1134 554
1136 554
1136 555
1137 555
1137 556
1138 556
1138 559
1139 559
1139 569
1140 569
1140 572
1141 572
1141 574
1142 574
1142 575
1143 575
1143 576
1144 576
1144 577
1145 577
1145 578
1146 578
1146 579
1148 579
1148 580
1149 580
1149 581
1151 581
1151 582
1153 582
1153 584
1156 584
1156 585
1158 585
1158 586
1159 586
1159 611
1160 611
1160 614
1161 614
1161 615
1162 615
1162 616
1163 616
1163 617
1164 617
1164 618
1166 618
1166 619
1168 619
1168 620
1169 620
1169 623
1170 623
1170 628
1171 628
1171 633
1172 633
1172 635
1173 635
1173 636
1174 636
1174 637
1175 637
1175 638
1176 638
1176 640
1177 640
1177 657
1178 657
1178 658
1179 658
1179 660
1180 660
1180 661
1181 661
1181 662
1182 662
1182 663
1183 663
1183 664
1186 664
1186 665
1190 665
1190 666
1192 666
1192 667
1193 667
1193 668
1194 668
1194 669
1196 669
1196 670
1198 670
1198 672
1199 672
1199 673
1203 673
1203 674
1206 674
1206 675
1214 675
1214 676
1215 676
1215 677
1216 677
1216 679
1217 679
1217 683
1218 683
1218 685
1219 685
1219 688
1220 688
1220 691
1221 691
1221 693
1222 693
1222 696
1223 696
1223 699
1224 699
1224 703
1223 703
1223 705
1224 705
1224 714
1223 714
1223 716
1224 716
1224 725
1225 725
1225 726
1226 726
1226 728
1227 728
1227 729
1228 729
1228 731
1229 731
1229 732
1231 732
1231 733
1232 733
1232 734
1233 734
1233 735
1235 735
1235 736
1236 736
1236 737
1238 737
1238 739
1239 739
1239 740
1240 740
1240 741
1241 741
1241 742
1242 742
1242 743
1243 743
1243 744
1245 744
1245 745
1246 745
1246 746
1248 746
1248 747
1249 747
1249 748
1252 748
1252 749
1253 749
1253 750
1255 750
1255 751
1256 751
1256 752
1257 752
1257 753
1258 753
1258 755
1259 755
1259 756
1260 756
1260 758
1261 758
1261 759
1262 759
1262 760
1264 760
1264 762
1265 762
1265 763
1266 763
1266 764
1267 764
1267 766
1268 766
1268 767
1269 767
1269 780
1268 780
1268 781
1269 781
1269 786
1268 786
1268 789
1269 789
1269 790
1270 790
1270 791
1271 791
1271 792
1272 792
1272 794
1273 794
1273 795
1274 795
1274 796
1275 796
1275 797
1276 797
1276 798
1277 798
1277 799
1278 799
1278 803
1279 803
1279 813
1280 813
1280 814
1281 814
1281 815
1282 815
1282 817
1283 817
1283 818
1284 818
1284 819
1285 819
1285 820
1292 820
1292 821
1306 821
1306 822
1309 822
1309 823
1310 823
1310 824
1312 824
1312 826
1313 826
1313 828
1314 828
1314 831
1315 831
1315 833
1316 833
1316 837
1317 837
1317 839
1318 839
1318 840
1320 840
1320 841
1321 841
1321 842
1322 842
1322 843
1323 843
1323 844
1324 844
1324 847
1325 847
1325 851
1326 851
1326 853
1327 853
1327 854
1328 854
1328 855
1329 855
1329 856
1330 856
1330 857
1331 857
1331 858
1332 858
1332 859
1333 859
1333 860
1335 860
1335 863
1336 863
1336 864
1337 864
1337 867
1338 867
1338 871
1339 871
1339 873
1340 873
1340 874
1341 874
1341 875
1342 875
1342 876
1343 876
1343 877
1344 877
1344 878
1346 878
1346 879
1347 879
1347 880
1351 880
1351 881
1353 881
1353 883
1355 883
1355 884
1357 884
1357 885
1359 885
1359 886
1362 886
1362 887
1364 887
1364 888
1365 888
1365 891
1366 891
1366 893
1367 893
1367 894
1368 894
1368 895
1369 895
1369 896
1370 896
1370 897
1371 897
1371 898
1372 898
1372 899
1374 899
1374 901
1376 901
1376 902
1377 902
1377 904
1378 904
1378 907
1379 907
1379 913
1378 913
1378 915
1379 915
1379 920
1380 920
1380 922
1381 922
1381 924
1382 924
1382 925
1384 925
1384 926
1385 926
1385 927
1387 927
1387 928
1388 928
1388 929
1390 929
1390 930
1391 930
1391 931
1392 931
1392 940
1393 940
1393 941
1394 941
1394 942
1395 942
1395 943
1396 943
1396 944
1397 944
1397 946
1398 946
1398 947
1399 947
1399 948
1400 948
1400 949
1401 949
1401 952
1402 952
1402 953
1403 953
1403 954
1404 954
1404 956
1405 956
1405 957
1406 957
1406 958
1408 958
1408 959
1424 959
1424 958
1425 958
1425 959
1428 959
1428 958
1448 958
1448 959
1452 959
1452 960
1453 960
1453 961
1454 961
1454 962
1455 962
1455 963
1456 963
1456 964
1457 964
1457 966
1458 966
1458 967
1459 967
1459 968
1460 968
1460 969
1463 969
1463 970
1466 970
1466 971
1468 971
1468 972
1470 972
1470 973
1473 973
1473 974
1476 974
1476 975
1477 975
1477 976
1478 976
1478 977
1479 977
1479 979
1480 979
1480 981
1481 981
1481 984
1482 984
1482 986
1483 986
1483 988
1484 988
1484 990
1485 990
1485 995
1486 995
1486 998
1487 998
1487 999
1488 999
1488 1000
1489 1000
1489 1001
1490 1001
1490 1002
1491 1002
1491 1003
1492 1003
1492 1005
1493 1005
1493 1006
1494 1006
1494 1007
1496 1007
1496 1008
1508 1008
1508 1009
1516 1009
1516 1010
1520 1010
1520 1011
1521 1011
1521 1012
1522 1012
1522 1013
1523 1013
1523 1014
1524 1014
1524 1016
1525 1016
1525 1018
1526 1018
1526 1019
1527 1019
1527 1021
1528 1021
1528 1022
1529 1022
1529 1023
1530 1023
1530 1025
1531 1025
1531 1026
1532 1026
1532 1028
1533 1028
1533 1030
1534 1030
1534 1031
1535 1031
1535 1032
1536 1032
1536 1034
1537 1034
1537 1037
1538 1037
1538 1039
1539 1039
1539 1041
1540 1041
1540 1042
1541 1042
1541 1043
1542 1043
1542 1045
1543 1045
1543 1047
1544 1047
1544 1048
1545 1048
1545 1049
1546 1049
1546 1050
1548 1050
1548 1051
1550 1051
1550 1052
1551 1052
1551 1053
1557 1053
1557 1054
1559 1054
1559 1055
1563 1055
1563 1056
1564 1056
1564 1057
1568 1057
1568 1058
1573 1058
1573 1059
1580 1059
1580 1060
1587 1060
1587 1061
1594 1061
1594 1062
1596 1062
1596 1063
1598 1063
1598 1064
1599 1064
1599 1066
1600 1066
1600 1068
1601 1068
1601 1069
1602 1069
1602 1071
1603 1071
1603 1072
1604 1072
1604 1073
1606 1073
1606 1074
1626 1074
1626 1075
1629 1075
1629 1076
1638 1076
1638 1077
1648 1077
1648 1078
1653 1078
1653 1079
1654 1079
1654 1081
1655 1081
1655 1082
1656 1082
1656 1083
1658 1083
1658 1085
1659 1085
1659 1088
1660 1088
1660 1095
1661 1095
1661 1099
1662 1099
1662 1101
1663 1101
1663 1104
1664 1104
1664 1105
1665 1105
1665 1107
1666 1107
1666 1108
1677 1108
1677 1109
1678 1109
1678 1110
1679 1110
1679 1112
1680 1112
1680 1113
1681 1113
1681 1114
1682 1114
1682 1115
1683 1115
1683 1117
1684 1117
1684 1118
1685 1118
1685 1119
1686 1119
1686 1120
1687 1120
1687 1121
1688 1121
1688 1122
1690 1122
1690 1123
1691 1123
1691 1124
1692 1124
1692 1125
1694 1125
1694 1126
1695 1126
1695 1127
1697 1127
1697 1128
1698 1128
1698 1129
1700 1129
1700 1130
1701 1130
1701 1131
1702 1131
1702 1133
1704 1133
1704 1134
1706 1134
1706 1135
1707 1135
1707 1136
1708 1136
1708 1137
1709 1137
1709 1138
1710 1138
1710 1139
1711 1139
1711 1140
1712 1140
1712 1141
1713 1141
1713 1142
1714 1142
1714 1143
1715 1143
1715 1144
1716 1144
1716 1145
1737 1145
1737 1146
1739 1146
1739 1147
1742 1147
1742 1148
1746 1148
1746 1149
1750 1149
1750 1150
1753 1150
1753 1151
1755 1151
1755 1152
1757 1152
1757 1153
1762 1153
1762 1154
1764 1154
1764 1155
1766 1155
1766 1156
1768 1156
1768 1157
1769 1157
1769 1158
1770 1158
1770 1159
1771 1159
1771 1160
1772 1160
1772 1161
1773 1161
1773 1162
1774 1162
1774 1163
1775 1163
1775 1164
1776 1164
1776 1165
1777 1165
1777 1166
1778 1166
1778 1167
1779 1167
1779 1169
1780 1169
1780 1171
1783 1171
1783 1172
1784 1172
1784 1173
1796 1173
1796 1174
1811 1174
1811 1175
1812 1175
1812 1176
1814 1176
1814 1177
1815 1177
1815 1178
1817 1178
1817 1179
1818 1179
1818 1180
1821 1180
1821 1181
1822 1181
1822 1182
1824 1182
1824 1183
1827 1183
1827 1184
1833 1184
1833 1185
1836 1185
1836 1186
1838 1186
1838 1187
1842 1187
1842 1188
1843 1188
1843 1189
1846 1189
1846 1190
1852 1190
1852 1191
1855 1191
1855 1192
1858 1192
1858 1193
1859 1193
1859 1194
1860 1194
1860 1195
1861 1195
1861 1196
1863 1196
1863 1197
1865 1197
1865 1198
1866 1198
1866 1199
1867 1199
1867 1200
1870 1200
1870 1201
1872 1201
1872 1202
1875 1202
1875 1203
1877 1203
1877 1202
1879 1202
1879 1201
1882 1201
1882 1200
1883 1200
1883 1199
1886 1199
1886 1198
1888 1198
1888 1197
1891 1197
1891 1196
1893 1196
1893 1195
1895 1195
1895 1194
1896 1194
1896 1193
1900 1193
1900 1192
1904 1192
1904 1191
1908 1191
1908 1190
1911 1190
1911 1189
1913 1189
1913 1188
1915 1188
1915 1187
1922 1187
1922 1188
1940 1188
1940 1189
1949 1189
1949 1190
1951 1190
1951 1191
1966 1191
1966 1192
1967 1192
1967 1193
1974 1193
1974 1194
1977 1194
1977 1195
1978 1195
1978 1196
1980 1196
1980 1197
1981 1197
1981 1199
1982 1199
1982 1201
1984 1201
1984 1202
1986 1202
1986 1204
1987 1204
1987 1205
1988 1205
1988 1208
1989 1208
1989 1212
1990 1212
1990 1221
1991 1221
1991 1224
1992 1224
1992 1225
1993 1225
1993 1226
1994 1226
1994 1227
1995 1227
1995 1228
1996 1228
1996 1229
1997 1229
1997 1230
1998 1230
1998 1231
1999 1231
1999 1232
2001 1232
2001 1233
2003 1233
2003 1234
2007 1234
2007 1235
2016 1235
2016 1236
2019 1236
2019 1237
2024 1237
2024 1240
2025 1240
2025 1241
2029 1241
2029 1240
2032 1240
2032 1241
2047 1241
2047 1242
2059 1242
2059 1241
2062 1241
2062 1242
2072 1242
2072 1241
2074 1241
2074 1242
2085 1242
2085 1239
2086 1239
2086 1238
2100 1238
2100 1235
2101 1235
2101 1231
2102 1231
2102 1230
2104 1230
2104 1231
2124 1231
2124 1232
2126 1232
2126 1233
2133 1233
2133 1231
2134 1231
2134 1230
2137 1230
2137 1228
2138 1228
2138 1227
2139 1227
2139 1228
2144 1228
2144 1229
2145 1229
2145 1230
2146 1230
2146 1231
2148 1231
2148 1233
2149 1233
2149 1235
2150 1235
2150 1237
2151 1237
2151 1238
2152 1238
2152 1239
2153 1239
2153 1241
2154 1241
2154 1242
2156 1242
2156 1243
2158 1243
2158 1244
2161 1244
2161 1245
2163 1245
2163 1246
2166 1246
2166 1247
2168 1247
2168 1248
2169 1248
2169 1250
2170 1250
2170 1251
2173 1251
2173 1252
2183 1252
2183 1253
2186 1253
2186 1254
2188 1254
2188 1255
2194 1255
2194 1256
2203 1256
2203 1254
2209 1254
2209 1253
2213 1253
2213 1251
2214 1251
2214 1250
2215 1250
2215 1249
2216 1249
2216 1248
2217 1248
2217 1247
2221 1247
2221 1246
2222 1246
2222 1244
2226 1244
2226 1243
2234 1243
2234 1244
2235 1244
2235 1245
2238 1245
2238 1246
2240 1246
2240 1245
2243 1245
2243 1244
2253 1244
2253 1245
2254 1245
2254 1246
2257 1246
2257 1247
2258 1247
2258 1248
2259 1248
2259 1249
2260 1249
2260 1250
2261 1250
2261 1251
2263 1251
2263 1252
2274 1252
2274 1253
2280 1253
2280 1254
2296 1254
2296 1255
2298 1255
2298 1256
2304 1256
2304 1257
2308 1257
2308 1256
2337 1256
2337 1257
2338 1257
2338 1258
2339 1258
2339 1259
2340 1259
2340 1260
2341 1260
2341 1261
2343 1261
2343 1262
2345 1262
2345 1263
2348 1263
2348 1264
2352 1264
2352 1265
2364 1265
2364 1266
2371 1266
2371 1267
2372 1267
2372 1268
2385 1268
2385 1267
2388 1267
2388 1268
2397 1268
2397 1267
2398 1267
2398 1266
2399 1266
2399 1263
2400 1263
2400 1262
2402 1262
2402 1261
2403 1261
2403 1260
2404 1260
2404 1259
2405 1259
2405 1258
2420 1258
2420 1257
2421 1257
2421 1256
2422 1256
2422 1254
2423 1254
2423 1253
2424 1253
2424 1252
2426 1252
2426 1251
2432 1251
2432 1252
2452 1252
2452 1253
2456 1253
2456 1252
2469 1252
2469 1251
2471 1251
2471 1250
2473 1250
2473 1249
2476 1249
2476 1248
2488 1248
2488 1247
2489 1247
2489 1248
2496 1248
2496 1247
2497 1247
2497 1246
2498 1246
2498 1245
2499 1245
2499 1244
2500 1244
2500 1243
2501 1243
2501 1242
2502 1242
2502 1241
2506 1241
2506 1240
2507 1240
2507 1239
2508 1239
2508 1238
2509 1238
2509 1237
2510 1237
2510 1236
2511 1236
2511 1235
2514 1235
2514 1234
2515 1234
2515 1232
2516 1232
2516 1231
2518 1231
2518 1230
2519 1230
2519 1229
2520 1229
2520 1228
2530 1228
2530 1227
2531 1227
2531 1226
2532 1226
2532 1225
2533 1225
2533 1224
2545 1224
2545 1223
2548 1223
2548 1222
2551 1222
2551 1221
2559 1221
2559 1220
2564 1220
2564 1221
2566 1221
2566 1220
2567 1220
2567 1219
2568 1219
2568 1217
2570 1217
2570 1216
2571 1216
2571 1215
2572 1215
2572 1214
2575 1214
2575 1213
2577 1213
2577 1212
2579 1212
2579 1211
2580 1211
2580 1210
2584 1210
2584 1209
2585 1209
2585 1207
2590 1207
2590 1206
2592 1206
2592 1205
2593 1205
2593 1204
2596 1204
2596 1203
2598 1203
2598 1202
2600 1202
2600 1201
2603 1201
2603 1200
2609 1200
2609 1199
2615 1199
2615 1198
2617 1198
2617 1197
2618 1197
2618 1196
2620 1196
2620 1195
2623 1195
2623 1194
2624 1194
2624 1192
2635 1192
2635 1193
2655 1193
2655 1192
2657 1192
2657 1191
2660 1191
2660 1190
2661 1190
2661 1189
2664 1189
2664 1184
2665 1184
2665 1174
2666 1174
2666 1171
2670 1171
2670 1170
2675 1170
2675 1169
2676 1169
2676 1168
2678 1168
2678 1167
2679 1167
2679 1166
2680 1166
2680 1165
2681 1165
2681 1164
2685 1164
2685 1163
2687 1163
2687 1162
2690 1162
2690 1161
2693 1161
2693 1160
2695 1160
2695 1159
2701 1159
2701 1158
2707 1158
2707 1157
2712 1157
2712 1156
2713 1156
2713 1155
2714 1155
2714 1154
2716 1154
2716 1153
2722 1153
2722 1152
2725 1152
2725 1151
2726 1151
2726 1150
2727 1150
2727 1149
2728 1149
2728 1148
2738 1148
2738 1147
2739 1147
2739 1145
2741 1145
2741 1144
2748 1144
2748 1143
2751 1143
2751 1142
2753 1142
2753 1141
2760 1141
2760 1140
2761 1140
2761 1139
2763 1139
2763 1138
2765 1138
2765 1137
2767 1137
2767 1136
2770 1136
2770 1135
2776 1135
2776 1136
2780 1136
2780 1135
2782 1135
2782 1134
2788 1134
2788 1135
2793 1135
2793 1134
2795 1134
2795 1133
2797 1133
2797 1132
2798 1132
2798 1131
2803 1131
2803 1130
2806 1130
2806 1131
2812 1131
2812 1130
2817 1130
2817 1129
2820 1129
2820 1128
2829 1128
2829 1127
2832 1127
2832 1126
2837 1126
2837 1127
2838 1127
2838 1128
2840 1128
2840 1129
2859 1129
2859 1127
2860 1127
2860 1126
2862 1126
2862 1125
2863 1125
2863 1124
2864 1124
2864 1123
2866 1123
2866 1122
2867 1122
2867 1121
2869 1121
2869 1120
2871 1120
2871 1119
2873 1119
2873 1118
2891 1118
2891 1119
2895 1119
2895 1118
2896 1118
2896 1117
2897 1117
2897 1116
2898 1116
2898 1115
2899 1115
2899 1114
2904 1114
2904 1113
2910 1113
2910 1114
2911 1114
2911 1115
2914 1115
2914 1116
2915 1116
2915 1117
2918 1117
2918 1118
2925 1118
2925 1117
2927 1117
2927 1116
2928 1116
2928 1115
2933 1115
2933 1116
2941 1116
2941 1117
2944 1117
2944 1116
2945 1116
2945 1117
2951 1117
2951 1116
2953 1116
2953 1115
2954 1115
2954 1114
2956 1114
2956 1113
2959 1113
2959 1112
2961 1112
2961 1111
2962 1111
2962 1109
2963 1109
2963 1108
2962 1108
2962 1099
2961 1099
2961 1092
2962 1092
2962 1090
2963 1090
2963 1088
2972 1088
2972 1087
2974 1087
2974 1086
2975 1086
2975 1084
2976 1084
2976 1083
2978 1083
2978 1082
2983 1082
2983 1081
2984 1081
2984 1080
2985 1080
2985 1079
2993 1079
2993 1080
2997 1080
2997 1081
2998 1081
2998 1087
2999 1087
2999 1089
3000 1089
3000 1091
3001 1091
3001 1093
3002 1093
3002 1094
3003 1094
3003 1095
3005 1095
3005 1097
3006 1097
3006 1098
3007 1098
3007 1099
3009 1099
3009 1100
3012 1100
3012 1101
3015 1101
3015 1102
3017 1102
3017 1103
3022 1103
3022 1104
3025 1104
3025 1103
3030 1103
3030 1102
3043 1102
3043 1101
3044 1101
3044 1100
3051 1100
3051 1099
3052 1099
3052 1098
3054 1098
3054 1097
3055 1097
3055 1090
3054 1090
3054 1070
3055 1070
3055 1069
3056 1069
3056 1068
3059 1068
3059 1067
3060 1067
3060 1066
3061 1066
3061 1065
3062 1065
3062 1064
3063 1064
3063 1062
3064 1062
3064 1060
3065 1060
3065 1059
3066 1059
3066 1058
3073 1058
3073 1057
3075 1057
3075 1056
3085 1056
3085 1055
3088 1055
3088 1056
3091 1056
3091 1057
3094 1057
3094 1056
3098 1056
3098 1055
3100 1055
3100 1054
3101 1054
3101 1053
3102 1053
3102 1051
3103 1051
3103 1046
3104 1046
3104 1036
3105 1036
3105 1030
3106 1030
3106 1029
3107 1029
3107 1027
3112 1027
3112 1026
3124 1026
3124 1025
3136 1025
3136 1024
3139 1024
3139 1023
3142 1023
3142 1022
3147 1022
3147 1021
3156 1021
3156 1020
3172 1020
3172 1019
3174 1019
3174 1018
3175 1018
3175 1016
3176 1016
3176 1015
3184 1015
3184 1014
3185 1014
3185 1013
3186 1013
3186 1012
3187 1012
3187 1011
3188 1011
3188 1010
3190 1010
3190 1009
3196 1009
3196 1008
3198 1008
3198 1007
3199 1007
3199 1005
3200 1005
3200 1004
3202 1004
3202 1003
3203 1003
3203 1001
3205 1001
3205 1000
3207 1000
3207 999
3208 999
3208 998
3210 998
3210 997
3212 997
3212 996
3214 996
3214 995
3218 995
3218 994
3220 994
3220 993
3221 993
3221 990
3222 990
3222 989
3223 989
3223 985
3229 985
3229 981
3230 981
3230 978
3231 978
3231 977
3232 977
3232 975
3233 975
3233 972
3234 972
3234 967
3235 967
3235 961
3236 961
3236 940
3235 940
3235 934
3236 934
3236 932
3237 932
3237 929
3238 929
3238 928
3239 928
3239 927
3241 927
3241 926
3242 926
3242 925
3243 925
3243 923
3244 923
3244 921
3245 921
3245 920
3246 920
3246 919
3247 919
3247 916
3248 916
3248 915
3252 915
3252 914
3257 914
3257 913
3261 913
3261 912
3262 912
3262 911
3263 911
3263 910
3265 910
3265 909
3266 909
3266 908
3267 908
3267 907
3268 907
3268 906
3269 906
3269 905
3272 905
3272 904
3278 904
3278 905
3280 905
3280 906
3284 906
3284 907
3286 907
3286 908
3287 908
3287 909
3288 909
3288 910
3290 910
3290 911
3294 911
3294 912
3301 912
3301 911
3303 911
3303 910
3304 910
3304 909
3306 909
3306 908
3307 908
3307 907
3308 907
3308 906
3309 906
3309 899
3310 899
3310 869
3311 869
3311 858
3313 858
3313 857
3316 857
3316 856
3318 856
3318 855
3320 855
3320 854
3321 854
3321 853
3325 853
3325 852
3326 852
3326 851
3329 851
3329 849
3331 849
3331 848
3332 848
3332 844
3333 844
3333 841
3334 841
3334 835
3335 835
3335 834
3338 834
3338 833
3339 833
3339 832
3340 832
3340 831
3341 831
3341 830
3342 830
3342 829
3343 829
3343 828
3344 828
3344 827
3345 827
3345 825
3346 825
3346 812
3347 812
3347 809
3348 809
3348 807
3349 807
3349 806
3351 806
3351 805
3353 805
3353 804
3354 804
3354 803
3355 803
3355 802
3356 802
3356 801
3357 801
3357 800
3358 800
3358 799
3359 799
3359 797
3360 797
3360 795
3361 795
3361 794
3362 794
3362 793
3364 793
3364 792
3365 792
3365 790
3366 790
3366 789
3368 789
3368 788
3369 788
3369 786
3370 786
3370 771
3371 771
3371 769
3372 769
3372 768
3373 768
3373 767
3374 767
3374 766
3375 766
3375 765
3376 765
3376 764
3377 764
3377 763
3378 763
3378 762
3379 762
3379 761
3380 761
3380 760
3381 760
3381 759
3382 759
3382 757
3383 757
3383 756
3384 756
3384 742
3385 742
3385 725
3386 725
3386 696
3387 696
3387 695
3386 695
3386 692
3387 692
3387 678
3388 678
3388 664
3389 664
3389 662
3390 662
3390 661
3391 661
3391 660
3392 660
3392 659
3393 659
3393 658
3394 658
3394 657
3395 657
3395 656
3396 656
3396 654
3397 654
3397 653
3398 653
3398 647
3399 647
3399 640
3400 640
3400 619
3401 619
3401 606
3402 606
3402 600
3403 600
3403 598
3404 598
3404 597
3405 597
3405 596
3406 596
3406 595
3407 595
3407 591
3408 591
3408 588
3409 588
3409 582
3410 582
3410 575
3411 575
3411 567
3412 567
3412 564
3416 564
3416 563
3417 563
3417 562
3419 562
3419 563
3423 563
3423 562
3425 562
3425 561
3431 561
3431 560
3432 560
3432 559
3433 559
3433 558
3435 558
3435 557
3436 557
3436 556
3438 556
3438 555
3442 555
3442 554
3443 554
3443 553
3445 553
3445 552
3446 552
3446 550
3447 550
3447 549
3449 549
3449 540
3450 540
3450 538
3449 538
3449 540
3448 540
3448 548
3447 548
3447 549
3446 549
3446 550
3445 550
3445 552
3443 552
3443 553
3442 553
3442 554
3438 554
3438 555
3436 555
3436 556
3435 556
3435 557
3433 557
3433 558
3432 558
3432 559
3431 559
3431 560
3425 560
3425 561
3423 561
3423 562
3419 562
3419 561
3417 561
3417 562
3416 562
3416 563
3412 563
3412 564
3411 564
3411 567
3410 567
3410 575
3409 575
3409 582
3408 582
3408 588
3407 588
3407 591
3406 591
3406 595
3405 595
3405 596
3404 596
3404 597
3403 597
3403 598
3402 598
3402 600
3401 600
3401 606
3400 606
3400 619
3399 619
3399 640
3398 640
3398 647
3397 647
3397 653
3396 653
3396 654
3395 654
3395 656
3394 656
3394 657
3393 657
3393 658
3392 658
3392 659
3391 659
3391 660
3390 660
3390 661
3389 661
3389 662
3388 662
3388 664
3387 664
3387 678
3386 678
3386 691
3385 691
3385 695
3386 695
3386 696
3385 696
3385 725
3384 725
3384 742
3383 742
3383 756
3382 756
3382 757
3381 757
3381 759
3380 759
3380 760
3379 760
3379 761
3378 761
3378 762
3377 762
3377 763
3376 763
3376 764
3375 764
3375 765
3374 765
3374 766
3373 766
3373 767
3372 767
3372 768
3371 768
3371 769
3370 769
3370 771
3369 771
3369 786
3368 786
3368 788
3366 788
3366 789
3365 789
3365 790
3364 790
3364 792
3362 792
3362 793
3361 793
3361 794
3360 794
3360 795
3359 795
3359 797
3358 797
3358 799
3357 799
3357 800
3356 800
3356 801
3355 801
3355 802
3354 802
3354 803
3353 803
3353 804
3351 804
3351 805
3349 805
3349 806
3348 806
3348 807
3347 807
3347 808
3346 808
3346 812
3345 812
3345 825
3344 825
3344 827
3343 827
3343 828
3342 828
3342 829
3341 829
3341 830
3340 830
3340 831
3339 831
3339 832
3338 832
3338 833
3335 833
3335 834
3334 834
3334 835
3333 835
3333 841
3332 841
3332 844
3331 844
3331 848
3329 848
3329 849
3328 849
3328 850
3326 850
3326 851
3325 851
3325 852
3321 852
3321 853
3320 853
3320 854
3318 854
3318 855
3316 855
3316 856
3313 856
3313 857
3310 857
3310 869
3309 869
3309 899
3308 899
3308 906
3307 906
