3083 451
3081 451
3081 452
3077 452
3077 453
3075 453
3075 454
3071 454
3071 455
3065 455
3065 456
3058 456
3058 458
3056 458
3056 459
3043 459
3043 460
3038 460
3038 461
3022 461
3022 462
3021 462
3021 499
3019 499
3019 500
3014 500
3014 501
3012 501
3012 502
3011 502
3011 505
3010 505
3010 511
3008 511
3008 512
3005 512
3005 513
2999 513
2999 514
2998 514
2998 515
2987 515
2987 516
2985 516
2985 517
2984 517
2984 518
2982 518
2982 519
2976 519
2976 520
2975 520
2975 526
2974 526
2974 534
2973 534
2973 535
2971 535
2971 536
2964 536
2964 537
2963 537
2963 561
2962 561
2962 562
2959 562
2959 563
2955 563
2955 564
2949 564
2949 563
2944 563
2944 562
2940 562
2940 563
2939 563
2939 569
2940 569
2940 571
2941 571
2941 578
2940 578
2940 581
2939 581
2939 582
2938 582
2938 583
2936 583
2936 584
2931 584
2931 585
2930 585
2930 590
2929 590
2929 594
2928 594
2928 596
2927 596
2927 598
2926 598
2926 599
2920 599
2920 600
2916 600
2916 601
2914 601
2914 602
2912 602
2912 603
2907 603
2907 604
2905 604
2905 605
2904 605
2904 608
2903 608
2903 609
2901 609
2901 610
2896 610
2896 611
2895 611
2895 612
2894 612
2894 613
2893 613
2893 614
2892 614
2892 615
2891 615
2891 616
2890 616
2890 617
2889 617
2889 618
2886 618
2886 619
2885 619
2885 620
2884 620
2884 621
2883 621
2883 623
2882 623
2882 624
2881 624
2881 627
2880 627
2880 629
2879 629
2879 630
2878 630
2878 631
2870 631
2870 632
2869 632
2869 633
2868 633
2868 646
2869 646
2869 648
2870 648
2870 655
2869 655
2869 656
2868 656
2868 658
2867 658
2867 659
2865 659
2865 660
2864 660
2864 661
2863 661
2863 662
2861 662
2861 663
2860 663
2860 664
2859 664
2859 665
2858 665
2858 667
2857 667
2857 668
2856 668
2856 669
2854 669
2854 670
2851 670
2851 671
2850 671
2850 672
2849 672
2849 673
2848 673
2848 675
2847 675
2847 677
2846 677
2846 678
2845 678
2845 680
2844 680
2844 682
2842 682
2842 683
2837 683
2837 684
2836 684
2836 687
2831 687
2831 688
2828 688
2828 689
2822 689
2822 688
2820 688
2820 687
2819 687
2819 686
2816 686
2816 685
2815 685
2815 684
2814 684
2814 682
2813 682
2813 681
2812 681
2812 679
2811 679
2811 675
2810 675
2810 653
2809 653
2809 595
2808 595
2808 574
2807 574
2807 571
2806 571
2806 570
2805 570
2805 571
2800 571
2800 572
2797 572
2797 573
2792 573
2792 574
2791 574
2791 573
2788 573
2788 574
2783 574
2783 573
2781 573
2781 572
2778 572
2778 571
2777 571
2777 570
2775 570
2775 569
2774 569
2774 568
2771 568
2771 567
2769 567
2769 566
2766 566
2766 565
2765 565
2765 564
2761 564
2761 588
2762 588
2762 597
2761 597
2761 602
2762 602
2762 605
2763 605
2763 608
2762 608
2762 609
2760 609
2760 610
2759 610
2759 612
2758 612
2758 613
2751 613
2751 614
2750 614
2750 647
2751 647
2751 651
2750 651
2750 666
2751 666
2751 668
2752 668
2752 673
2751 673
2751 674
2748 674
2748 675
2747 675
2747 677
2746 677
2746 680
2745 680
2745 681
2744 681
2744 682
2742 682
2742 683
2740 683
2740 684
2738 684
2738 685
2737 685
2737 686
2736 686
2736 687
2733 687
2733 688
2730 688
2730 687
2727 687
2727 688
2722 688
2722 689
2717 689
2717 690
2715 690
2715 691
2699 691
2699 692
2688 692
2688 693
2687 693
2687 694
2684 694
2684 695
2682 695
2682 696
2681 696
2681 697
2680 697
2680 698
2679 698
2679 699
2678 699
2678 700
2675 700
2675 701
2671 701
2671 700
2670 700
2670 701
2665 701
2665 702
2664 702
2664 703
2663 703
2663 704
2662 704
2662 705
2661 705
2661 706
2657 706
2657 707
2652 707
2652 708
2650 708
2650 709
2643 709
2643 708
2640 708
2640 707
2638 707
2638 706
2637 706
2637 705
2636 705
2636 704
2635 704
2635 703
2633 703
2633 702
2631 702
2631 701
2628 701
2628 700
2626 700
2626 699
2622 699
2622 698
2620 698
2620 699
2617 699
2617 700
2613 700
2613 701
2608 701
2608 702
2604 702
2604 703
2599 703
2599 704
2594 704
2594 703
2591 703
2591 704
2584 704
2584 705
2577 705
2577 706
2575 706
2575 707
2571 707
2571 706
2563 706
2563 707
2562 707
2562 708
2561 708
2561 716
2560 716
2560 717
2561 717
2561 722
2562 722
2562 726
2563 726
2563 728
2562 728
2562 730
2561 730
2561 732
2559 732
2559 733
2557 733
2557 734
2549 734
2549 735
2547 735
2547 736
2546 736
2546 735
2544 735
2544 736
2540 736
2540 735
2530 735
2530 736
2526 736
2526 737
2523 737
2523 738
2520 738
2520 737
2516 737
2516 738
2509 738
2509 739
2508 739
2508 740
2506 740
2506 741
2504 741
2504 742
2501 742
2501 743
2500 743
2500 744
2498 744
2498 745
2496 745
2496 746
2492 746
2492 747
2491 747
2491 748
2490 748
2490 749
2488 749
2488 750
2483 750
2483 751
2469 751
2469 752
2464 752
2464 753
2460 753
2460 754
2458 754
2458 755
2457 755
2457 756
2455 756
2455 757
2453 757
2453 758
2451 758
2451 759
2441 759
2441 760
2439 760
2439 759
2434 759
2434 760
2432 760
2432 761
2428 761
2428 762
2423 762
2423 763
2422 763
2422 764
2421 764
2421 780
2416 780
2416 781
2415 781
2415 780
2400 780
2400 781
2399 781
2399 789
2400 789
2400 791
2401 791
2401 793
2402 793
2402 798
2403 798
2403 804
2402 804
2402 807
2401 807
2401 808
2386 808
2386 807
2381 807
2381 806
2378 806
2378 805
2376 805
2376 804
2375 804
2375 803
2374 803
2374 802
2372 802
2372 801
2371 801
2371 800
2370 800
2370 799
2369 799
2369 797
2368 797
2368 794
2367 794
2367 793
2366 793
2366 792
2364 792
2364 791
2363 791
2363 790
2362 790
2362 789
2360 789
2360 788
2358 788
2358 787
2356 787
2356 786
2345 786
2345 785
2342 785
2342 784
2337 784
2337 783
2334 783
2334 782
2333 782
2333 781
2332 781
2332 780
2294 780
2294 781
2292 781
2292 780
2283 780
2283 781
2277 781
2277 782
2275 782
2275 783
2273 783
2273 784
2272 784
2272 785
2270 785
2270 786
2268 786
2268 787
2263 787
2263 788
2262 788
2262 789
2261 789
2261 791
2260 791
2260 793
2259 793
2259 795
2260 795
2260 798
2261 798
2261 799
2260 799
2260 805
2259 805
2259 806
2258 806
2258 807
2257 807
2257 808
2256 808
2256 810
2255 810
2255 811
2254 811
2254 812
2250 812
2250 813
2249 813
2249 814
2244 814
2244 813
2242 813
2242 812
2241 812
2241 811
2239 811
2239 810
2236 810
2236 809
2234 809
2234 808
2224 808
2224 807
2218 807
2218 806
2216 806
2216 805
2215 805
2215 804
2214 804
2214 803
2213 803
2213 801
2212 801
2212 800
2211 800
2211 797
2210 797
2210 796
2209 796
2209 795
2208 795
2208 794
2207 794
2207 793
2206 793
2206 792
2205 792
2205 791
2203 791
2203 790
2201 790
2201 789
2198 789
2198 788
2197 788
2197 787
2196 787
2196 786
2194 786
2194 785
2192 785
2192 784
2191 784
2191 783
2189 783
2189 782
2187 782
2187 781
2186 781
2186 780
2185 780
2185 779
2184 779
2184 778
2183 778
2183 777
2182 777
2182 776
2181 776
2181 775
2180 775
2180 774
2179 774
2179 773
2178 773
2178 772
2176 772
2176 771
2175 771
2175 770
2174 770
2174 769
2173 769
2173 768
2172 768
2172 766
2171 766
2171 764
2170 764
2170 761
2169 761
2169 757
2168 757
2168 754
2167 754
2167 753
2166 753
2166 752
2165 752
2165 751
2164 751
2164 750
2161 750
2161 749
2160 749
2160 748
2147 748
2147 749
2138 749
2138 750
2126 750
2126 749
2113 749
2113 750
2103 750
2103 749
2081 749
2081 750
2058 750
2058 749
2056 749
2056 750
2051 750
2051 751
2047 751
2047 752
2035 752
2035 753
2032 753
2032 754
2028 754
2028 755
2024 755
2024 754
2021 754
2021 753
2011 753
2011 754
2001 754
2001 755
1988 755
1988 756
1983 756
1983 755
1978 755
1978 754
1973 754
1973 753
1971 753
1971 752
1970 752
1970 751
1969 751
1969 750
1968 750
1968 749
1967 749
1967 747
1966 747
1966 745
1965 745
1965 733
1964 733
1964 728
1963 728
1963 725
1962 725
1962 723
1961 723
1961 722
1960 722
1960 721
1959 721
1959 720
1956 720
1956 719
1955 719
1955 718
1952 718
1952 717
1948 717
1948 716
1934 716
1934 715
1931 715
1931 714
1929 714
1929 713
1928 713
1928 712
1927 712
1927 711
1926 711
1926 710
1925 710
1925 708
1924 708
1924 697
1923 697
1923 693
1922 693
1922 692
1921 692
1921 691
1916 691
1916 690
1912 690
1912 689
1910 689
1910 688
1903 688
1903 689
1897 689
1897 690
1887 690
1887 691
1881 691
1881 692
1868 692
1868 693
1861 693
1861 694
1855 694
1855 695
1852 695
1852 696
1829 696
1829 695
1804 695
1804 696
1794 696
1794 695
1788 695
1788 696
1787 696
1787 700
1788 700
1788 702
1789 702
1789 704
1790 704
1790 708
1789 708
1789 711
1788 711
1788 712
1787 712
1787 713
1786 713
1786 716
1785 716
1785 717
1783 717
1783 718
1780 718
1780 719
1776 719
1776 720
1773 720
1773 721
1770 721
1770 722
1761 722
1761 723
1744 723
1744 724
1741 724
1741 725
1739 725
1739 724
1727 724
1727 723
1726 723
1726 722
1725 722
1725 721
1724 721
1724 720
1723 720
1723 719
1722 719
1722 718
1721 718
1721 717
1719 717
1719 716
1714 716
1714 715
1713 715
1713 714
1711 714
1711 713
1708 713
1708 712
1705 712
1705 711
1702 711
1702 710
1701 710
1701 709
1700 709
1700 708
1699 708
1699 707
1698 707
1698 706
1697 706
1697 705
1696 705
1696 704
1690 704
1690 705
1684 705
1684 704
1680 704
1680 703
1678 703
1678 702
1676 702
1676 701
1674 701
1674 700
1673 700
1673 699
1672 699
1672 696
1671 696
1671 692
1670 692
1670 685
1669 685
1669 680
1668 680
1668 677
1667 677
1667 676
1666 676
1666 675
1665 675
1665 674
1664 674
1664 673
1661 673
1661 672
1659 672
1659 671
1657 671
1657 670
1655 670
1655 669
1653 669
1653 668
1650 668
1650 667
1649 667
1649 666
1642 666
1642 665
1641 665
1641 664
1635 664
1635 663
1632 663
1632 662
1630 662
1630 661
1628 661
1628 660
1627 660
1627 659
1623 659
1623 658
1608 658
1608 657
1600 657
1600 656
1589 656
1589 655
1586 655
1586 654
1585 654
1585 653
1584 653
1584 652
1582 652
1582 651
1580 651
1580 650
1578 650
1578 649
1575 649
1575 648
1561 648
1561 647
1558 647
1558 646
1557 646
1557 645
1555 645
1555 644
1554 644
1554 643
1552 643
1552 642
1550 642
1550 641
1548 641
1548 640
1544 640
1544 639
1543 639
1543 638
1542 638
1542 637
1541 637
1541 636
1540 636
1540 635
1539 635
1539 634
1537 634
1537 633
1536 633
1536 632
1533 632
1533 631
1531 631
1531 630
1529 630
1529 629
1528 629
1528 627
1527 627
1527 626
1526 626
1526 625
1525 625
1525 624
1524 624
1524 623
1521 623
1521 622
1519 622
1519 621
1518 621
1518 620
1516 620
1516 619
1515 619
1515 617
1514 617
1514 616
1513 616
1513 615
1512 615
1512 614
1510 614
1510 613
1507 613
1507 612
1506 612
1506 609
1505 609
1505 605
1504 605
1504 599
1503 599
1503 594
1502 594
1502 593
1501 593
1501 592
1499 592
1499 591
1496 591
1496 590
1492 590
1492 589
1491 589
1491 587
1490 587
1490 586
1489 586
1489 585
1486 585
1486 584
1482 584
1482 583
1480 583
1480 582
1479 582
1479 580
1478 580
1478 575
1477 575
1477 572
1476 572
1476 566
1475 566
1475 565
1474 565
1474 564
1473 564
1473 563
1468 563
1468 562
1460 562
1460 561
1451 561
1451 562
1448 562
1448 561
1445 561
1445 560
1443 560
1443 559
1441 559
1441 558
1438 558
1438 557
1434 557
1434 556
1431 556
1431 555
1430 555
1430 554
1429 554
1429 553
1425 553
1425 552
1423 552
1423 551
1419 551
1419 550
1417 550
1417 549
1416 549
1416 548
1415 548
1415 547
1411 547
1411 546
1408 546
1408 545
1404 545
1404 546
1397 546
1397 545
1394 545
1394 544
1388 544
1388 545
1374 545
1374 546
1358 546
1358 545
1348 545
1348 544
1343 544
1343 545
1342 545
1342 546
1340 546
1340 547
1339 547
1339 548
1337 548
1337 549
1333 549
1333 550
1312 550
1312 551
1299 551
1299 552
1291 552
1291 551
1285 551
1285 552
1277 552
1277 550
1276 550
1276 549
1275 549
1275 548
1274 548
1274 547
1273 547
1273 546
1272 546
1272 545
1271 545
1271 544
1270 544
1270 543
1269 543
1269 542
1267 542
1267 541
1266 541
1266 540
1265 540
1265 539
1264 539
1264 538
1263 538
1263 537
1261 537
1261 536
1260 536
1260 535
1255 535
1255 534
1251 534
1251 533
1248 533
1248 532
1246 532
1246 531
1244 531
1244 530
1243 530
1243 528
1242 528
1242 527
1241 527
1241 525
1240 525
1240 524
1239 524
1239 523
1238 523
1238 522
1233 522
1233 521
1227 521
1227 520
1225 520
1225 519
1221 519
1221 518
1220 518
1220 517
1219 517
1219 516
1218 516
1218 515
1217 515
1217 514
1216 514
1216 513
1215 513
1215 512
1214 512
1214 511
1213 511
1213 509
1212 509
1212 508
1211 508
1211 499
1210 499
1210 491
1209 491
1209 490
1208 490
1208 489
1204 489
1204 488
1201 488
1201 487
1199 487
1199 486
1198 486
1198 485
1196 485
1196 484
1194 484
1194 483
1191 483
1191 482
1189 482
1189 481
1188 481
1188 480
1187 480
1187 479
1184 479
1184 478
1182 478
1182 477
1181 477
1181 476
1178 476
1178 475
1175 475
1175 474
1172 474
1172 473
1171 473
1171 472
1170 472
1170 471
1168 471
1168 470
1166 470
1166 469
1164 469
1164 468
1163 468
1163 466
1162 466
1162 459
1161 459
1161 455
1160 455
1160 453
1159 453
1159 452
1158 452
1158 451
1156 451
1156 450
1154 450
1154 449
1152 449
1152 448
1151 448
1151 447
1150 447
1150 445
1149 445
1149 443
1148 443
1148 442
1147 442
1147 441
1146 441
1146 440
1144 440
1144 439
1143 439
1143 438
1142 438
1142 437
1141 437
1141 436
1139 436
1139 435
1138 435
1138 434
1137 434
1137 432
1136 432
1136 430
1135 430
1135 428
1134 428
1134 427
1133 427
1133 426
1132 426
1132 425
1131 425
1131 424
1130 424
1130 423
1129 423
1129 422
1128 422
1128 421
1127 421
1127 420
1126 420
1126 419
1125 419
1125 418
1124 418
1124 414
1123 414
1123 406
1122 406
1122 405
1121 405
1121 404
1119 404
1119 403
1117 403
1117 402
1115 402
1115 401
1114 401
1114 400
1112 400
1112 399
1111 399
1111 398
1110 398
1110 397
1108 397
1108 396
1105 396
1105 395
1103 395
1103 394
1102 394
1102 393
1101 393
1101 392
1100 392
1100 391
1099 391
1099 387
1098 387
1098 382
1097 382
1097 381
1095 381
1095 380
1094 380
1094 379
1093 379
1093 378
1092 378
1092 377
1090 377
1090 376
1088 376
1088 374
1087 374
1087 373
1086 373
1086 371
1085 371
1085 364
1084 364
1084 352
1083 352
1083 351
1082 351
1082 350
1081 350
1081 349
1080 349
1080 347
1079 347
1079 346
1078 346
1078 345
1077 345
1077 344
1076 344
1076 343
1075 343
1075 342
1074 342
1074 341
1073 341
1073 340
1072 340
1072 339
1071 339
1071 337
1070 337
1070 335
1069 335
1069 297
1068 297
1068 289
1067 289
1067 285
1066 285
1066 280
1067 280
1067 257
1066 257
1066 252
1065 252
1065 251
1064 251
1064 250
1063 250
1063 249
1060 249
1060 248
1057 248
1057 247
1055 247
1055 246
1051 246
1051 245
1048 245
1048 244
1046 244
1046 243
1045 243
1045 242
1043 242
1043 241
1041 241
1041 240
1039 240
1039 239
1036 239
1036 238
1034 238
1034 237
1032 237
1032 236
1031 236
1031 234
1030 234
1030 232
1029 232
1029 230
1028 230
1028 228
1027 228
1027 227
1025 227
1025 226
1024 226
1024 225
1023 225
1023 224
1022 224
1022 223
1021 223
1021 221
1020 221
1020 220
1019 220
1019 219
1018 219
1018 218
1017 218
1017 212
1016 212
1016 209
1015 209
1015 208
1014 208
1014 207
1013 207
1013 206
1011 206
1011 205
1010 205
1010 204
1009 204
1009 203
1008 203
1008 202
1007 202
1007 201
1006 201
1006 200
1004 200
1004 199
1003 199
1003 188
1002 188
1002 180
1003 180
1003 174
1002 174
1002 166
1001 166
1001 165
1000 165
1000 164
998 164
998 163
997 163
997 162
992 162
992 161
990 161
990 160
987 160
987 159
986 159
986 160
980 160
980 161
973 161
973 160
970 160
970 159
967 159
967 158
966 158
966 157
963 157
963 156
956 156
956 157
953 157
953 158
951 158
951 159
949 159
949 160
948 160
948 161
947 161
947 162
948 162
948 161
949 161
949 160
951 160
951 159
953 159
953 158
956 158
956 157
963 157
963 158
964 158
964 159
967 159
967 160
970 160
970 161
973 161
973 162
980 162
980 161
986 161
986 160
987 160
987 161
990 161
990 162
992 162
992 163
997 163
997 164
998 164
998 165
1000 165
1000 166
1001 166
1001 174
1002 174
1002 180
1001 180
1001 188
1002 188
1002 199
1003 199
1003 200
1004 200
1004 201
1006 201
1006 202
1007 202
1007 203
1008 203
1008 204
1009 204
1009 205
1010 205
1010 206
1011 206
1011 207
1013 207
1013 208
1014 208
1014 209
1015 209
1015 212
1016 212
1016 218
1017 218
1017 219
1018 219
1018 220
1019 220
1019 221
1020 221
1020 223
1021 223
1021 224
1022 224
1022 225
1023 225
1023 226
1024 226
1024 227
1025 227
1025 228
1027 228
1027 230
1028 230
1028 232
1029 232
1029 234
1030 234
1030 236
1031 236
1031 237
1032 237
1032 238
1034 238
1034 239
1036 239
1036 240
1039 240
1039 241
1041 241
1041 242
1043 242
1043 243
1045 243
1045 244
1046 244
1046 245
1048 245
1048 246
1051 246
1051 247
1055 247
1055 248
1057 248
1057 249
1060 249
1060 250
1063 250
1063 251
1064 251
1064 252
1065 252
1065 257
1066 257
1066 280
1065 280
1065 285
1066 285
1066 289
1067 289
1067 297
1068 297
1068 335
1069 335
1069 337
1070 337
1070 339
1071 339
1071 340
1072 340
1072 341
1073 341
1073 342
1074 342
1074 343
1075 343
1075 344
1076 344
1076 345
1077 345
1077 346
1078 346
1078 347
1079 347
1079 349
1080 349
1080 350
1081 350
1081 351
1082 351
1082 352
1083 352
1083 364
1084 364
1084 371
1085 371
1085 373
1086 373
1086 374
1087 374
1087 376
1088 376
1088 377
1090 377
1090 378
1092 378
1092 379
1093 379
1093 380
1094 380
1094 381
1095 381
1095 382
1097 382
1097 387
1098 387
1098 391
1099 391
1099 392
1100 392
1100 393
1101 393
1101 394
1102 394
1102 395
1103 395
1103 396
1105 396
1105 397
1108 397
1108 398
1110 398
1110 399
1111 399
1111 400
1112 400
1112 401
1114 401
1114 402
1115 402
1115 403
1117 403
1117 404
1119 404
1119 405
1121 405
1121 406
1122 406
1122 414
1123 414
1123 418
1124 418
1124 419
1125 419
1125 420
1126 420
1126 421
1127 421
1127 422
1128 422
1128 423
1129 423
1129 424
1130 424
1130 425
1131 425
1131 426
1132 426
1132 427
1133 427
1133 428
1134 428
1134 430
1135 430
1135 432
1136 432
1136 434
1137 434
1137 435
1138 435
1138 436
1139 436
1139 437
1141 437
1141 438
1142 438
1142 439
1143 439
1143 440
1144 440
1144 441
1146 441
1146 442
1147 442
1147 443
1148 443
1148 445
1149 445
1149 447
1150 447
1150 448
1151 448
1151 449
1152 449
1152 450
1154 450
1154 451
1156 451
1156 452
1158 452
1158 453
1159 453
1159 455
1160 455
1160 459
1161 459
1161 466
1162 466
1162 468
1163 468
1163 469
1164 469
1164 470
1166 470
1166 471
1168 471
1168 472
1170 472
1170 473
1171 473
1171 474
1172 474
1172 475
1175 475
1175 476
1178 476
1178 477
1181 477
1181 478
1182 478
1182 479
1184 479
1184 480
1187 480
1187 481
1188 481
1188 482
1189 482
1189 483
1191 483
1191 484
1194 484
1194 485
1196 485
1196 486
1198 486
1198 487
1199 487
1199 488
1201 488
1201 489
1204 489
1204 490
1208 490
1208 491
1209 491
1209 499
1210 499
1210 508
1211 508
1211 509
1212 509
1212 511
1213 511
1213 512
1214 512
1214 513
1215 513
1215 514
1216 514
1216 515
1217 515
1217 516
1218 516
1218 517
1219 517
1219 518
1220 518
1220 520
1225 520
1225 521
1227 521
1227 522
1233 522
1233 523
1238 523
1238 524
1239 524
1239 525
1240 525
1240 527
1241 527
1241 528
1242 528
1242 530
1243 530
1243 531
1244 531
1244 532
1246 532
1246 533
1248 533
1248 534
1251 534
1251 535
1255 535
1255 536
1260 536
1260 537
1261 537
1261 538
1263 538
1263 539
1264 539
1264 540
1265 540
1265 541
1266 541
1266 542
1267 542
1267 543
1269 543
1269 544
1270 544
1270 545
1271 545
1271 546
1272 546
1272 547
1273 547
1273 548
1274 548
1274 549
1275 549
1275 550
1276 550
1276 552
1277 552
1277 553
1285 553
1285 552
1291 552
1291 553
1299 553
1299 552
1312 552
1312 551
1333 551
1333 550
1337 550
1337 549
1339 549
1339 548
1340 548
1340 547
1342 547
1342 546
1343 546
1343 545
1348 545
1348 546
1358 546
1358 547
1374 547
1374 546
1388 546
1388 545
1394 545
1394 546
1397 546
1397 547
1404 547
1404 546
1408 546
1408 547
1411 547
1411 548
1415 548
1415 549
1416 549
1416 550
1417 550
1417 551
1419 551
1419 552
1423 552
1423 553
1425 553
1425 554
1429 554
1429 555
1430 555
1430 556
1431 556
1431 557
1434 557
1434 558
1438 558
1438 559
1441 559
1441 560
1443 560
1443 561
1445 561
1445 562
1448 562
1448 563
1451 563
1451 562
1460 562
1460 563
1468 563
1468 564
1473 564
1473 565
1474 565
1474 566
1475 566
1475 572
1476 572
1476 575
1477 575
1477 580
1478 580
1478 582
1479 582
1479 583
1480 583
1480 584
1482 584
1482 585
1486 585
1486 586
1489 586
1489 587
1490 587
1490 589
1491 589
1491 591
1496 591
1496 592
1499 592
1499 593
1501 593
1501 594
1502 594
1502 599
1503 599
1503 605
1504 605
1504 609
1505 609
1505 612
1506 612
1506 614
1510 614
1510 615
1512 615
1512 616
1513 616
1513 617
1514 617
1514 619
1515 619
1515 620
1516 620
1516 621
1518 621
1518 622
1519 622
1519 623
1521 623
1521 624
1524 624
1524 625
1525 625
1525 626
1526 626
1526 627
1527 627
1527 629
1528 629
1528 630
1529 630
1529 631
1531 631
1531 632
1533 632
1533 633
1536 633
1536 634
1537 634
1537 635
1539 635
1539 636
1540 636
1540 637
1541 637
1541 638
1542 638
1542 639
1543 639
1543 640
1544 640
1544 641
1548 641
1548 642
1550 642
1550 643
1552 643
1552 644
1554 644
1554 645
1555 645
1555 646
1557 646
1557 647
1558 647
1558 648
1561 648
1561 649
1575 649
1575 650
1578 650
1578 651
1580 651
1580 652
1582 652
1582 653
1584 653
1584 654
1585 654
1585 655
1586 655
1586 656
1589 656
1589 657
1600 657
1600 658
1608 658
1608 659
1623 659
1623 660
1627 660
1627 661
1628 661
1628 662
1630 662
1630 663
1632 663
1632 664
1635 664
1635 665
1641 665
1641 666
1642 666
1642 667
1649 667
1649 668
1650 668
1650 669
1653 669
1653 670
1655 670
1655 671
1657 671
1657 672
1659 672
1659 673
1661 673
1661 674
1664 674
1664 675
1665 675
1665 676
1666 676
1666 677
1667 677
1667 680
1668 680
1668 685
1669 685
1669 692
1670 692
1670 696
1671 696
1671 699
1672 699
1672 700
1673 700
1673 701
1674 701
1674 702
1676 702
1676 703
1678 703
1678 704
1680 704
1680 705
1684 705
1684 706
1690 706
1690 705
1696 705
1696 706
1697 706
1697 707
1698 707
1698 708
1699 708
1699 709
1700 709
1700 710
1701 710
1701 711
1702 711
1702 712
1705 712
1705 713
1708 713
1708 714
1711 714
1711 715
1713 715
1713 716
1714 716
1714 717
1719 717
1719 718
1721 718
1721 719
1722 719
1722 720
1723 720
1723 721
1724 721
1724 722
1725 722
1725 723
1726 723
1726 724
1727 724
1727 725
1739 725
1739 726
1741 726
1741 725
1744 725
1744 724
1761 724
1761 723
1770 723
1770 722
1773 722
1773 721
1776 721
1776 720
1780 720
1780 719
1783 719
1783 718
1785 718
1785 717
1786 717
1786 716
1787 716
1787 713
1788 713
1788 712
1789 712
1789 711
1790 711
1790 708
1791 708
1791 704
1790 704
1790 702
1789 702
1789 700
1788 700
1788 696
1794 696
1794 697
1804 697
1804 696
1829 696
1829 697
1852 697
1852 696
1855 696
1855 695
1861 695
1861 694
1868 694
1868 693
1881 693
1881 692
1887 692
1887 691
1897 691
1897 690
1903 690
1903 689
1910 689
1910 690
1912 690
1912 691
1916 691
1916 692
1921 692
1921 693
1922 693
1922 697
1923 697
1923 708
1924 708
1924 710
1925 710
1925 711
1926 711
1926 712
1927 712
1927 713
1928 713
1928 714
1929 714
1929 715
1931 715
1931 716
1934 716
1934 717
1948 717
1948 718
1952 718
1952 719
1955 719
1955 720
1956 720
1956 721
1959 721
1959 722
1960 722
1960 723
1961 723
1961 725
1962 725
1962 728
1963 728
1963 733
1964 733
1964 745
1965 745
1965 747
1966 747
1966 749
1967 749
1967 750
1968 750
1968 751
1969 751
1969 752
1970 752
1970 753
1971 753
1971 754
1973 754
1973 755
1978 755
1978 756
1983 756
1983 757
1988 757
1988 756
2001 756
2001 755
2011 755
2011 754
2021 754
2021 755
2024 755
2024 756
2028 756
2028 755
2032 755
2032 754
2035 754
2035 753
2047 753
2047 752
2051 752
2051 751
2056 751
2056 750
2058 750
2058 751
2081 751
2081 750
2103 750
2103 751
2113 751
2113 750
2126 750
2126 751
2138 751
2138 750
2147 750
2147 749
2160 749
2160 750
2161 750
2161 751
2164 751
2164 752
2165 752
2165 753
2166 753
2166 754
2167 754
2167 757
2168 757
2168 761
2169 761
2169 764
2170 764
2170 766
2171 766
2171 768
2172 768
2172 769
2173 769
2173 770
2174 770
2174 771
2175 771
2175 772
2176 772
2176 773
2178 773
2178 774
2179 774
2179 775
2180 775
2180 776
2181 776
2181 777
2182 777
2182 778
2183 778
2183 779
2184 779
2184 780
2185 780
2185 781
2186 781
2186 782
2187 782
2187 783
2189 783
2189 784
2191 784
2191 785
2192 785
2192 786
2194 786
2194 787
2196 787
2196 788
2197 788
2197 789
2198 789
2198 790
2201 790
2201 791
2203 791
2203 792
2205 792
2205 793
2206 793
2206 794
2207 794
2207 795
2208 795
2208 796
2209 796
2209 797
2210 797
2210 800
2211 800
2211 801
2212 801
2212 803
2213 803
2213 804
2214 804
2214 805
2215 805
2215 806
2216 806
2216 807
2218 807
2218 808
2224 808
2224 809
2234 809
2234 810
2236 810
2236 811
2239 811
2239 812
2241 812
2241 813
2242 813
2242 814
2244 814
2244 815
2249 815
2249 814
2250 814
2250 813
2255 813
2255 811
2256 811
2256 810
2257 810
2257 808
2258 808
2258 807
2260 807
2260 805
2261 805
2261 800
2262 800
2262 798
2261 798
2261 795
2260 795
2260 793
2261 793
2261 791
2262 791
2262 789
2263 789
2263 788
2268 788
2268 787
2270 787
2270 786
2272 786
2272 785
2273 785
2273 784
2275 784
2275 783
2277 783
2277 782
2283 782
2283 781
2292 781
2292 782
2294 782
2294 781
2332 781
2332 782
2333 782
2333 783
2334 783
2334 784
2337 784
2337 785
2342 785
2342 786
2345 786
2345 787
2356 787
2356 788
2358 788
2358 789
2360 789
2360 790
2362 790
2362 791
2363 791
2363 792
2364 792
2364 793
2366 793
2366 794
2367 794
2367 797
2368 797
2368 799
2369 799
2369 800
2370 800
2370 801
2371 801
2371 802
2372 802
2372 803
2374 803
2374 804
2375 804
2375 805
2376 805
2376 806
2378 806
2378 807
2381 807
2381 808
2386 808
2386 809
2401 809
2401 808
2402 808
2402 807
2403 807
2403 804
2404 804
2404 798
2403 798
2403 793
2402 793
2402 791
2401 791
2401 789
2400 789
2400 781
2415 781
2415 782
2416 782
2416 781
2421 781
2421 780
2422 780
2422 764
2423 764
2423 763
2428 763
2428 762
2432 762
2432 761
2434 761
2434 760
2439 760
2439 761
2441 761
2441 760
2451 760
2451 759
2453 759
2453 758
2455 758
2455 757
2457 757
2457 756
2458 756
2458 755
2460 755
2460 754
2464 754
2464 753
2469 753
2469 752
2483 752
2483 751
2488 751
2488 750
2490 750
2490 749
2491 749
2491 748
2492 748
2492 747
2496 747
2496 746
2498 746
2498 745
2500 745
2500 744
2501 744
2501 743
2504 743
2504 742
2506 742
2506 741
2508 741
2508 740
2509 740
2509 739
2516 739
2516 738
2520 738
2520 739
2523 739
2523 738
2526 738
2526 737
2530 737
2530 736
2540 736
2540 737
2539 737
2539 738
2540 738
2540 737
2544 737
2544 736
2546 736
2546 737
2547 737
2547 736
2549 736
2549 735
2557 735
2557 734
2559 734
2559 733
2561 733
2561 732
2562 732
2562 730
2563 730
2563 728
2564 728
2564 726
2563 726
2563 722
2562 722
2562 717
2561 717
2561 716
2562 716
2562 708
2563 708
2563 707
2571 707
2571 708
2575 708
2575 707
2577 707
2577 706
2584 706
2584 705
2591 705
2591 704
2594 704
2594 705
2599 705
2599 704
2604 704
2604 703
2608 703
2608 702
2613 702
2613 701
2617 701
2617 700
2620 700
2620 699
2622 699
2622 700
2626 700
2626 701
2628 701
2628 702
2631 702
2631 703
2633 703
2633 704
2635 704
2635 705
2636 705
2636 706
2637 706
2637 707
2638 707
2638 708
2640 708
2640 709
2643 709
2643 710
2650 710
2650 709
2652 709
2652 708
2657 708
2657 707
2661 707
2661 706
2662 706
2662 705
2663 705
2663 704
2664 704
2664 703
2665 703
2665 702
2670 702
2670 701
2671 701
2671 702
2675 702
2675 701
2678 701
2678 700
2679 700
2679 699
2680 699
2680 698
2681 698
2681 697
2682 697
2682 696
2684 696
2684 695
2687 695
2687 694
2688 694
2688 693
2699 693
2699 692
2715 692
2715 691
2717 691
2717 690
2722 690
2722 689
2727 689
2727 688
2730 688
2730 689
2733 689
2733 688
2736 688
2736 687
2737 687
2737 686
2738 686
2738 685
2740 685
2740 684
2742 684
2742 683
2744 683
2744 682
2745 682
2745 681
2746 681
2746 680
2747 680
2747 677
2748 677
2748 675
2751 675
2751 674
2752 674
2752 673
2753 673
2753 668
2752 668
2752 666
2751 666
2751 651
2752 651
2752 647
2751 647
2751 614
2758 614
2758 613
2759 613
2759 612
2760 612
2760 610
2762 610
2762 609
2763 609
2763 608
2764 608
2764 605
2763 605
2763 602
2762 602
2762 597
2763 597
2763 588
2762 588
2762 565
2765 565
2765 566
2766 566
2766 567
2769 567
2769 568
2771 568
2771 569
2774 569
2774 570
2775 570
2775 571
2777 571
2777 572
2778 572
2778 573
2781 573
2781 574
2783 574
2783 575
2788 575
2788 574
2791 574
2791 575
2792 575
2792 574
2797 574
2797 573
2800 573
2800 572
2805 572
2805 571
2806 571
2806 574
2807 574
2807 595
2808 595
2808 653
2809 653
2809 675
2810 675
2810 679
2811 679
2811 681
2812 681
2812 682
2813 682
2813 684
2814 684
2814 685
2815 685
2815 686
2816 686
2816 687
2819 687
2819 688
2820 688
2820 689
2822 689
2822 690
2828 690
2828 689
2831 689
2831 688
2837 688
2837 684
2842 684
2842 683
2844 683
2844 682
2845 682
2845 680
2846 680
2846 678
2847 678
2847 677
2848 677
2848 675
2849 675
2849 673
2850 673
2850 672
2851 672
2851 671
2854 671
2854 670
2856 670
2856 669
2857 669
2857 668
2858 668
2858 667
2859 667
2859 665
2860 665
2860 664
2861 664
2861 663
2863 663
2863 662
2864 662
2864 661
2865 661
2865 660
2867 660
2867 659
2868 659
2868 658
2869 658
2869 656
2870 656
2870 655
2871 655
2871 648
2870 648
2870 646
2869 646
2869 633
2870 633
2870 632
2878 632
2878 631
2879 631
2879 630
2880 630
2880 629
2881 629
2881 627
2882 627
2882 624
2883 624
2883 623
2884 623
2884 621
2885 621
2885 620
2886 620
2886 619
2889 619
2889 618
2890 618
2890 617
2891 617
2891 616
2892 616
2892 615
2893 615
2893 614
2894 614
2894 613
2895 613
2895 612
2896 612
2896 611
2901 611
2901 610
2903 610
2903 609
2904 609
2904 608
2905 608
2905 605
2907 605
2907 604
2912 604
2912 603
2914 603
2914 602
2916 602
2916 601
2920 601
2920 600
2926 600
2926 599
2927 599
2927 598
2928 598
2928 596
2929 596
2929 594
2930 594
2930 590
2931 590
2931 585
2936 585
2936 584
2938 584
2938 583
2939 583
2939 582
2940 582
2940 581
2941 581
2941 578
2942 578
2942 571
2941 571
2941 569
2940 569
2940 563
2944 563
2944 564
2949 564
2949 565
2955 565
2955 564
2959 564
2959 563
2962 563
2962 562
2963 562
2963 561
2964 561
2964 537
2971 537
2971 536
2973 536
2973 535
2974 535
2974 534
2975 534
2975 526
2976 526
2976 520
2982 520
2982 519
2984 519
2984 518
2985 518
2985 517
2987 517
2987 516
2998 516
2998 515
2999 515
2999 514
3005 514
3005 513
3008 513
3008 512
3010 512
3010 511
3011 511
3011 505
3012 505
3012 502
3014 502
3014 501
3019 501
3019 500
3021 500
3021 499
3022 499
3022 462
3038 462
3038 461
3043 461
3043 460
3056 460
3056 459
3058 459
3058 458
3059 458
3059 457
3065 457
3065 456
3071 456
3071 455
3075 455
3075 454
3077 454
3077 453
3081 453
3081 452
3083 452
3083 451
3085 451
3085 450
3087 450
3087 449
3089 449
3089 448
3090 448
3090 447
3091 447
3091 441
3092 441
3092 427
3093 427
3093 426
3095 426
3095 425
3101 425
3101 423
3102 423
3102 422
3103 422
3103 421
3105 421
3105 420
3111 420
3111 419
3113 419
3113 418
3114 418
3114 416
3115 416
3115 415
3116 415
3116 414
3117 414
3117 411
3118 411
3118 410
3121 410
3121 411
3128 411
3128 410
3136 410
3136 409
3137 409
3137 408
3138 408
3138 407
3139 407
3139 406
3140 406
3140 405
3141 405
3141 404
3142 404
3142 403
3143 403
3143 400
3144 400
3144 390
3146 390
3146 389
3147 389
3147 388
3148 388
3148 387
3149 387
3149 386
3151 386
3151 385
3152 385
3152 384
3159 384
3159 383
3170 383
3170 382
3171 382
3171 383
3172 383
3172 386
3173 386
3173 388
3174 388
3174 390
3175 390
3175 391
3176 391
3176 392
3177 392
3177 393
3178 393
3178 394
3180 394
3180 395
3187 395
3187 394
3196 394
3196 393
3205 393
3205 392
3207 392
3207 391
3208 391
3208 390
3210 390
3210 389
3211 389
3211 386
3212 386
3212 382
3213 382
3213 374
3212 374
3212 372
3213 372
3213 371
3217 371
3217 370
3218 370
3218 369
3219 369
3219 368
3220 368
3220 367
3221 367
3221 359
3220 359
3220 353
3221 353
3221 352
3228 352
3228 351
3229 351
3229 350
3231 350
3231 349
3232 349
3232 348
3234 348
3234 347
3238 347
3238 346
3239 346
3239 345
3241 345
3241 344
3243 344
3243 343
3244 343
3244 342
3246 342
3246 341
3252 341
3252 340
3254 340
3254 339
3255 339
3255 314
3257 314
3257 315
3260 315
3260 316
3261 316
3261 317
3274 317
3274 316
3275 316
3275 314
3276 314
3276 313
3277 313
3277 312
3278 312
3278 311
3280 311
3280 310
3281 310
3281 309
3282 309
3282 307
3284 307
3284 306
3287 306
3287 305
3291 305
3291 306
3295 306
3295 305
3296 305
3296 304
3298 304
3298 303
3300 303
3300 302
3301 302
3301 301
3302 301
3302 300
3307 300
3307 301
3309 301
3309 302
3318 302
3318 301
3321 301
3321 300
3325 300
3325 299
3331 299
3331 298
3338 298
3338 297
3343 297
3343 296
3345 296
3345 295
3346 295
3346 294
3348 294
3348 293
3349 293
3349 291
3350 291
3350 290
3351 290
3351 289
3352 289
3352 288
3354 288
3354 287
3355 287
3355 286
3358 286
3358 285
3360 285
3360 284
3361 284
3361 283
3368 283
3368 282
3371 282
3371 281
3372 281
3372 280
3373 280
3373 278
3374 278
3374 277
3380 277
3380 276
3381 276
3381 275
3383 275
3383 274
3384 274
3384 273
3385 273
3385 255
3386 255
3386 254
3393 254
3393 253
3394 253
3394 252
3395 252
3395 243
3394 243
3394 186
3393 186
3393 179
3397 179
3397 178
3399 178
3399 177
3400 177
3400 176
3402 176
3402 175
3403 175
3403 173
3404 173
3404 171
3405 171
3405 139
3406 139
3406 138
3420 138
3420 137
3432 137
3432 136
3433 136
3433 135
3434 135
3434 133
3435 133
3435 132
3440 132
3440 131
3444 131
3444 130
3446 130
3446 129
3448 129
3448 128
3449 128
3449 125
3465 125
3465 124
3467 124
3467 123
3475 123
3475 122
3476 122
3476 120
3477 120
3477 115
3478 115
3478 114
3482 114
3482 115
3483 115
3483 116
3485 116
3485 117
3491 117
3491 116
3497 116
3497 117
3498 117
3498 116
3500 116
3500 115
3509 115
3509 116
3512 116
3512 117
3514 117
3514 118
3515 118
3515 119
3516 119
3516 120
3517 120
3517 121
3518 121
3518 122
3520 122
3520 123
3521 123
3521 122
3536 122
3536 121
3537 121
3537 120
3546 120
3546 119
3549 119
3549 118
3550 118
3550 117
3551 117
3551 116
3552 116
3552 115
3555 115
3555 114
3559 114
3559 113
3561 113
3561 112
3562 112
3562 111
3563 111
3563 110
3568 110
3568 109
3569 109
3569 108
3570 108
3570 106
3571 106
3571 105
3572 105
3572 103
3573 103
3573 95
3574 95
3574 93
3575 93
3575 92
3578 92
3578 93
3583 93
3583 91
3584 91
3584 90
3585 90
3585 89
3586 89
3586 88
3587 88
3587 87
3588 87
3588 85
3589 85
3589 84
3590 84
3590 83
3591 83
3591 82
3593 82
3593 81
3591 81
3591 82
3590 82
3590 83
3589 83
3589 84
3588 84
3588 85
3587 85
3587 87
3586 87
3586 88
3585 88
3585 89
3584 89
3584 90
3583 90
3583 91
3582 91
3582 92
3578 92
3578 91
3575 91
3575 92
3574 92
3574 93
3573 93
3573 95
3572 95
3572 103
3571 103
3571 105
3570 105
3570 106
3569 106
3569 108
3568 108
3568 109
3563 109
3563 110
3562 110
3562 111
3561 111
3561 112
3559 112
3559 113
3555 113
3555 114
3552 114
3552 115
3551 115
3551 116
3550 116
3550 117
3549 117
3549 118
3546 118
3546 119
3537 119
3537 120
3536 120
3536 121
3521 121
3521 122
3520 122
3520 121
3518 121
3518 120
3517 120
3517 119
3516 119
3516 118
3515 118
3515 117
3514 117
3514 116
3512 116
3512 115
3509 115
3509 114
3500 114
3500 115
3498 115
3498 116
3497 116
3497 115
3491 115
3491 116
3485 116
3485 115
3483 115
3483 114
3482 114
3482 113
3478 113
3478 114
3477 114
3477 115
3476 115
3476 120
3475 120
3475 122
3467 122
3467 123
3465 123
3465 124
3449 124
3449 125
3448 125
3448 128
3446 128
3446 129
3444 129
3444 130
3440 130
3440 131
3435 131
3435 132
3434 132
3434 133
3433 133
3433 135
3432 135
3432 136
3420 136
3420 137
3406 137
3406 138
3405 138
3405 139
3404 139
3404 171
3403 171
3403 173
3402 173
3402 175
3400 175
3400 176
3399 176
3399 177
3397 177
3397 178
3392 178
3392 186
3393 186
3393 243
3394 243
3394 252
3393 252
3393 253
3386 253
3386 254
3385 254
3385 255
3384 255
3384 273
3383 273
3383 274
3381 274
3381 275
3380 275
3380 276
3374 276
3374 277
3373 277
3373 278
3372 278
3372 280
3371 280
3371 281
3368 281
3368 282
3361 282
3361 283
3360 283
3360 284
3358 284
3358 285
3355 285
3355 286
3354 286
3354 287
3352 287
3352 288
3351 288
3351 289
3350 289
3350 290
3349 290
3349 291
3348 291
3348 293
3346 293
3346 294
3345 294
3345 295
3343 295
3343 296
3338 296
3338 297
3331 297
3331 298
3325 298
3325 299
3321 299
3321 300
3318 300
3318 301
3309 301
3309 300
3307 300
3307 299
3302 299
3302 300
3301 300
3301 301
3300 301
3300 302
3298 302
3298 303
3296 303
3296 304
3295 304
3295 305
3291 305
3291 304
3287 304
3287 305
3284 305
3284 306
3282 306
3282 307
3281 307
3281 309
3280 309
3280 310
3278 310
3278 311
3277 311
3277 312
3276 312
3276 313
3275 313
3275 314
3274 314
3274 316
3261 316
3261 315
3260 315
3260 314
3257 314
3257 313
3254 313
3254 339
3252 339
3252 340
3246 340
3246 341
3244 341
3244 342
3243 342
3243 343
3241 343
3241 344
3239 344
3239 345
3238 345
3238 346
3234 346
3234 347
3232 347
3232 348
3231 348
3231 349
3229 349
3229 350
3228 350
3228 351
3221 351
3221 352
3220 352
3220 353
3219 353
3219 359
3220 359
3220 367
3219 367
3219 368
3218 368
3218 369
3217 369
3217 370
3213 370
3213 371
3212 371
3212 372
3211 372
3211 374
3212 374
3212 382
3211 382
3211 386
3210 386
3210 389
3208 389
3208 390
3207 390
3207 391
3205 391
3205 392
3196 392
3196 393
3187 393
3187 394
3180 394
3180 393
3178 393
3178 392
3177 392
3177 391
3176 391
3176 390
3175 390
3175 388
3174 388
3174 386
3173 386
3173 383
3172 383
3172 381
3170 381
3170 382
3159 382
3159 383
3152 383
3152 384
3151 384
3151 385
3149 385
3149 386
3148 386
3148 387
3147 387
3147 388
3146 388
3146 389
3144 389
3144 390
3143 390
3143 400
3142 400
3142 403
3141 403
3141 404
3140 404
3140 405
3139 405
3139 406
3138 406
3138 407
3137 407
3137 408
3136 408
3136 409
3128 409
3128 410
3121 410
3121 409
3118 409
3118 410
3117 410
3117 411
3116 411
3116 414
3115 414
3115 415
3114 415
3114 416
3113 416
3113 418
3111 418
3111 419
3105 419
3105 420
3103 420
3103 421
3102 421
3102 422
3101 422
3101 423
3100 423
3100 424
3095 424
3095 425
3093 425
3093 426
3092 426
3092 427
3091 427
3091 441
3090 441
3090 447
3089 447
3089 448
3087 448
3087 449
3085 449
3085 450
3083 450
