3678 234
3677 234
3677 236
3676 236
3676 238
3675 238
3675 239
3674 239
3674 240
3673 240
3673 241
3672 241
3672 242
3671 242
3671 243
3670 243
3670 244
3669 244
3669 245
3668 245
3668 246
3667 246
3667 247
3666 247
3666 275
3665 275
3665 276
3664 276
3664 277
3663 277
3663 279
3662 279
3662 280
3660 280
3660 281
3659 281
3659 282
3658 282
3658 283
3657 283
3657 284
3656 284
3656 285
3655 285
3655 287
3654 287
3654 291
3653 291
3653 293
3652 293
3652 294
3651 294
3651 295
3650 295
3650 296
3649 296
3649 297
3648 297
3648 299
3647 299
3647 300
3645 300
3645 301
3643 301
3643 302
3642 302
3642 303
3641 303
3641 304
3639 304
3639 305
3638 305
3638 306
3637 306
3637 307
3635 307
3635 308
3634 308
3634 309
3633 309
3633 310
3632 310
3632 311
3630 311
3630 312
3629 312
3629 313
3627 313
3627 314
3624 314
3624 315
3621 315
3621 316
3620 316
3620 317
3619 317
3619 318
3618 318
3618 320
3617 320
3617 322
3616 322
3616 326
3615 326
3615 328
3614 328
3614 331
3613 331
3613 332
3612 332
3612 333
3611 333
3611 334
3610 334
3610 335
3609 335
3609 336
3608 336
3608 337
3607 337
3607 338
3606 338
3606 339
3604 339
3604 340
3603 340
3603 341
3596 341
3596 340
3595 340
3595 339
3591 339
3591 340
3589 340
3589 341
3587 341
3587 342
3586 342
3586 343
3582 343
3582 344
3580 344
3580 345
3575 345
3575 347
3574 347
3574 349
3573 349
3573 351
3572 351
3572 357
3571 357
3571 360
3570 360
3570 362
3567 362
3567 363
3565 363
3565 364
3564 364
3564 365
3563 365
3563 366
3562 366
3562 367
3561 367
3561 368
3559 368
3559 369
3558 369
3558 370
3557 370
3557 371
3547 371
3547 372
3546 372
3546 373
3541 373
3541 374
3528 374
3528 375
3527 375
3527 376
3524 376
3524 377
3522 377
3522 378
3517 378
3517 379
3508 379
3508 378
3501 378
3501 379
3494 379
3494 378
3493 378
3493 377
3483 377
3483 378
3480 378
3480 379
3474 379
3474 380
3468 380
3468 381
3447 381
3447 380
3445 380
3445 379
3444 379
3444 378
3443 378
3443 377
3440 377
3440 376
3436 376
3436 375
3431 375
3431 374
3429 374
3429 373
3427 373
3427 372
3426 372
3426 370
3425 370
3425 358
3424 358
3424 357
3423 357
3423 356
3421 356
3421 357
3419 357
3419 358
3418 358
3418 359
3416 359
3416 360
3403 360
3403 361
3398 361
3398 362
3397 362
3397 364
3396 364
3396 370
3395 370
3395 371
3394 371
3394 372
3393 372
3393 373
3392 373
3392 374
3391 374
3391 375
3389 375
3389 376
3388 376
3388 377
3387 377
3387 378
3386 378
3386 379
3385 379
3385 381
3384 381
3384 382
3383 382
3383 384
3381 384
3381 385
3376 385
3376 386
3375 386
3375 388
3374 388
3374 392
3373 392
3373 396
3372 396
3372 398
3371 398
3371 400
3370 400
3370 402
3369 402
3369 403
3368 403
3368 404
3367 404
3367 405
3365 405
3365 406
3363 406
3363 407
3362 407
3362 409
3361 409
3361 410
3360 410
3360 411
3359 411
3359 413
3357 413
3357 414
3353 414
3353 415
3350 415
3350 416
3349 416
3349 417
3347 417
3347 418
3346 418
3346 419
3345 419
3345 420
3342 420
3342 421
3341 421
3341 422
3339 422
3339 423
3334 423
3334 424
3320 424
3320 423
3316 423
3316 422
3312 422
3312 421
3307 421
3307 420
3305 420
3305 419
3301 419
3301 418
3299 418
3299 417
3298 417
3298 416
3295 416
3295 415
3294 415
3294 414
3293 414
3293 413
3292 413
3292 412
3291 412
3291 411
3290 411
3290 410
3289 410
3289 407
3288 407
3288 404
3287 404
3287 402
3286 402
3286 401
3284 401
3284 400
3281 400
3281 401
3279 401
3279 402
3278 402
3278 403
3261 403
3261 402
3257 402
3257 401
3254 401
3254 402
3253 402
3253 403
3252 403
3252 409
3253 409
3253 425
3252 425
3252 431
3251 431
3251 432
3250 432
3250 433
3249 433
3249 434
3248 434
3248 435
3247 435
3247 436
3246 436
3246 437
3245 437
3245 438
3244 438
3244 439
3243 439
3243 440
3242 440
3242 441
3241 441
3241 443
3240 443
3240 447
3239 447
3239 448
3238 448
3238 449
3237 449
3237 450
3236 450
3236 451
3235 451
3235 452
3233 452
3233 453
3232 453
3232 454
3231 454
3231 456
3230 456
3230 463
3229 463
3229 467
3228 467
3228 468
3227 468
3227 469
3226 469
3226 471
3225 471
3225 472
3218 472
3218 473
3215 473
3215 472
3211 472
3211 471
3208 471
3208 472
3202 472
3202 473
3201 473
3201 484
3198 484
3198 485
3197 485
3197 486
3196 486
3196 487
3195 487
3195 488
3194 488
3194 489
3190 489
3190 490
3189 490
3189 491
3188 491
3188 494
3187 494
3187 497
3186 497
3186 498
3185 498
3185 499
3183 499
3183 500
3180 500
3180 501
3179 501
3179 502
3178 502
3178 504
3177 504
3177 507
3176 507
3176 508
3175 508
3175 510
3174 510
3174 511
3173 511
3173 512
3171 512
3171 513
3167 513
3167 514
3165 514
3165 515
3164 515
3164 516
3163 516
3163 519
3162 519
3162 522
3161 522
3161 523
3160 523
3160 524
3158 524
3158 525
3156 525
3156 526
3154 526
3154 527
3153 527
3153 528
3151 528
3151 529
3150 529
3150 530
3148 530
3148 531
3144 531
3144 532
3142 532
3142 533
3135 533
3135 532
3125 532
3125 533
3120 533
3120 534
3116 534
3116 535
3111 535
3111 536
3108 536
3108 537
3107 537
3107 536
3104 536
3104 535
3102 535
3102 534
3080 534
3080 535
3078 535
3078 536
3070 536
3070 537
3067 537
3067 538
3065 538
3065 539
3058 539
3058 540
3056 540
3056 541
3054 541
3054 540
3047 540
3047 539
3046 539
3046 540
3041 540
3041 541
3040 541
3040 542
3039 542
3039 543
3038 543
3038 545
3037 545
3037 546
3035 546
3035 547
3034 547
3034 549
3033 549
3033 550
3032 550
3032 551
3031 551
3031 552
3030 552
3030 553
3027 553
3027 554
3023 554
3023 555
3022 555
3022 556
3021 556
3021 557
3020 557
3020 558
3019 558
3019 560
3016 560
3016 561
3015 561
3015 562
3014 562
3014 563
3013 563
3013 564
3011 564
3011 565
3010 565
3010 566
3009 566
3009 567
3008 567
3008 569
3007 569
3007 570
3006 570
3006 572
3005 572
3005 574
3004 574
3004 575
3003 575
3003 576
3002 576
3002 577
3001 577
3001 579
3000 579
3000 581
2997 581
2997 582
2994 582
2994 583
2991 583
2991 584
2987 584
2987 585
2985 585
2985 586
2981 586
2981 587
2980 587
2980 588
2977 588
2977 589
2975 589
2975 590
2974 590
2974 591
2973 591
2973 592
2971 592
2971 593
2962 593
2962 594
2959 594
2959 595
2958 595
2958 596
2956 596
2956 597
2955 597
2955 598
2954 598
2954 599
2947 599
2947 600
2941 600
2941 601
2940 601
2940 602
2938 602
2938 603
2930 603
2930 604
2929 604
2929 605
2927 605
2927 604
2925 604
2925 603
2923 603
2923 602
2922 602
2922 601
2921 601
2921 600
2919 600
2919 599
2912 599
2912 598
2909 598
2909 597
2905 597
2905 596
2898 596
2898 595
2890 595
2890 596
2888 596
2888 595
2886 595
2886 594
2880 594
2880 593
2879 593
2879 592
2873 592
2873 591
2870 591
2870 590
2867 590
2867 589
2863 589
2863 590
2855 590
2855 589
2849 589
2849 588
2847 588
2847 587
2840 587
2840 588
2829 588
2829 587
2827 587
2827 586
2825 586
2825 585
2820 585
2820 584
2818 584
2818 585
2807 585
2807 586
2805 586
2805 587
2800 587
2800 588
2799 588
2799 589
2796 589
2796 590
2795 590
2795 591
2794 591
2794 592
2791 592
2791 593
2788 593
2788 594
2787 594
2787 595
2786 595
2786 596
2785 596
2785 597
2784 597
2784 598
2783 598
2783 599
2780 599
2780 600
2772 600
2772 601
2771 601
2771 602
2770 602
2770 604
2769 604
2769 605
2768 605
2768 606
2766 606
2766 607
2764 607
2764 608
2760 608
2760 607
2758 607
2758 606
2757 606
2757 604
2756 604
2756 603
2750 603
2750 604
2749 604
2749 605
2748 605
2748 606
2746 606
2746 607
2739 607
2739 608
2735 608
2735 609
2725 609
2725 610
2724 610
2724 621
2723 621
2723 627
2724 627
2724 629
2723 629
2723 632
2722 632
2722 634
2721 634
2721 635
2720 635
2720 636
2713 636
2713 635
2711 635
2711 634
2710 634
2710 633
2708 633
2708 632
2706 632
2706 631
2702 631
2702 632
2700 632
2700 633
2698 633
2698 634
2694 634
2694 635
2691 635
2691 636
2690 636
2690 637
2689 637
2689 638
2688 638
2688 639
2685 639
2685 640
2680 640
2680 641
2678 641
2678 642
2677 642
2677 644
2676 644
2676 646
2677 646
2677 654
2678 654
2678 658
2677 658
2677 660
2676 660
2676 661
2674 661
2674 662
2667 662
2667 663
2665 663
2665 664
2660 664
2660 665
2655 665
2655 666
2653 666
2653 667
2652 667
2652 668
2651 668
2651 669
2650 669
2650 670
2647 670
2647 671
2626 671
2626 672
2622 672
2622 673
2621 673
2621 675
2620 675
2620 677
2619 677
2619 678
2618 678
2618 679
2616 679
2616 680
2615 680
2615 681
2612 681
2612 682
2610 682
2610 683
2609 683
2609 684
2607 684
2607 685
2605 685
2605 686
2602 686
2602 687
2598 687
2598 688
2597 688
2597 689
2596 689
2596 690
2595 690
2595 691
2594 691
2594 692
2593 692
2593 693
2592 693
2592 694
2587 694
2587 693
2585 693
2585 692
2583 692
2583 691
2582 691
2582 690
2581 690
2581 689
2579 689
2579 688
2576 688
2576 687
2559 687
2559 688
2558 688
2558 689
2556 689
2556 690
2554 690
2554 691
2549 691
2549 692
2548 692
2548 693
2546 693
2546 694
2540 694
2540 695
2536 695
2536 696
2535 696
2535 697
2534 697
2534 699
2531 699
2531 700
2524 700
2524 701
2522 701
2522 702
2519 702
2519 703
2515 703
2515 704
2514 704
2514 705
2513 705
2513 706
2512 706
2512 707
2511 707
2511 708
2510 708
2510 709
2506 709
2506 710
2497 710
2497 711
2493 711
2493 712
2492 712
2492 713
2491 713
2491 715
2490 715
2490 716
2489 716
2489 718
2488 718
2488 720
2487 720
2487 721
2486 721
2486 722
2482 722
2482 723
2480 723
2480 724
2479 724
2479 725
2478 725
2478 728
2477 728
2477 729
2476 729
2476 730
2472 730
2472 731
2471 731
2471 732
2470 732
2470 733
2469 733
2469 735
2468 735
2468 736
2467 736
2467 737
2466 737
2466 738
2464 738
2464 739
2456 739
2456 738
2452 738
2452 737
2451 737
2451 736
2450 736
2450 734
2449 734
2449 733
2448 733
2448 722
2447 722
2447 721
2446 721
2446 720
2445 720
2445 719
2443 719
2443 718
2437 718
2437 720
2436 720
2436 725
2435 725
2435 728
2434 728
2434 730
2433 730
2433 731
2426 731
2426 730
2421 730
2421 729
2420 729
2420 728
2419 728
2419 727
2418 727
2418 725
2417 725
2417 723
2412 723
2412 722
2411 722
2411 721
2410 721
2410 720
2409 720
2409 719
2407 719
2407 718
2399 718
2399 717
2391 717
2391 716
2383 716
2383 715
2382 715
2382 716
2360 716
2360 715
2356 715
2356 714
2355 714
2355 713
2354 713
2354 712
2352 712
2352 711
2351 711
2351 710
2349 710
2349 709
2341 709
2341 708
2333 708
2333 706
2332 706
2332 703
2331 703
2331 701
2330 701
2330 699
2329 699
2329 696
2328 696
2328 683
2327 683
2327 678
2326 678
2326 676
2325 676
2325 675
2324 675
2324 674
2322 674
2322 673
2321 673
2321 672
2320 672
2320 671
2319 671
2319 669
2318 669
2318 668
2317 668
2317 665
2316 665
2316 663
2315 663
2315 662
2314 662
2314 661
2312 661
2312 660
2310 660
2310 659
2307 659
2307 660
2301 660
2301 661
2300 661
2300 662
2297 662
2297 663
2295 663
2295 664
2294 664
2294 665
2292 665
2292 666
2290 666
2290 667
2289 667
2289 668
2288 668
2288 669
2282 669
2282 670
2280 670
2280 671
2279 671
2279 672
2278 672
2278 673
2277 673
2277 674
2276 674
2276 675
2274 675
2274 676
2267 676
2267 677
2262 677
2262 678
2259 678
2259 679
2257 679
2257 678
2252 678
2252 679
2251 679
2251 680
2250 680
2250 681
2249 681
2249 688
2248 688
2248 690
2247 690
2247 691
2245 691
2245 692
2244 692
2244 693
2243 693
2243 694
2241 694
2241 695
2235 695
2235 696
2232 696
2232 697
2231 697
2231 698
2230 698
2230 699
2229 699
2229 700
2228 700
2228 702
2227 702
2227 704
2226 704
2226 705
2225 705
2225 706
2224 706
2224 707
2223 707
2223 708
2222 708
2222 709
2220 709
2220 710
2219 710
2219 712
2218 712
2218 713
2217 713
2217 714
2214 714
2214 715
2211 715
2211 716
2210 716
2210 723
2209 723
2209 725
2208 725
2208 727
2207 727
2207 728
2206 728
2206 729
2205 729
2205 730
2203 730
2203 731
2202 731
2202 732
2192 732
2192 733
2187 733
2187 734
2181 734
2181 733
2172 733
2172 734
2171 734
2171 744
2169 744
2169 745
2164 745
2164 746
2161 746
2161 747
2160 747
2160 748
2159 748
2159 749
2157 749
2157 750
2156 750
2156 751
2154 751
2154 752
2153 752
2153 753
2151 753
2151 754
2150 754
2150 755
2144 755
2144 756
2138 756
2138 757
2129 757
2129 756
2126 756
2126 755
2125 755
2125 754
2124 754
2124 753
2123 753
2123 752
2120 752
2120 751
2118 751
2118 750
2112 750
2112 749
2108 749
2108 748
2104 748
2104 747
2099 747
2099 748
2084 748
2084 747
2078 747
2078 748
2077 748
2077 749
2076 749
2076 750
2075 750
2075 751
2074 751
2074 758
2075 758
2075 761
2074 761
2074 763
2071 763
2071 764
2069 764
2069 765
2066 765
2066 766
2065 766
2065 765
2057 765
2057 766
2044 766
2044 765
2042 765
2042 766
2034 766
2034 765
2023 765
2023 764
2022 764
2022 763
2021 763
2021 762
2020 762
2020 760
2019 760
2019 759
2018 759
2018 758
2017 758
2017 756
2016 756
2016 754
2015 754
2015 751
2014 751
2014 747
2013 747
2013 745
2012 745
2012 730
2011 730
2011 729
2009 729
2009 728
2006 728
2006 727
2005 727
2005 726
2003 726
2003 725
2002 725
2002 723
2001 723
2001 721
2000 721
2000 716
1999 716
1999 708
1998 708
1998 707
1997 707
1997 706
1996 706
1996 705
1993 705
1993 704
1992 704
1992 703
1990 703
1990 702
1989 702
1989 701
1988 701
1988 700
1987 700
1987 699
1985 699
1985 698
1980 698
1980 697
1974 697
1974 696
1973 696
1973 697
1949 697
1949 696
1946 696
1946 695
1945 695
1945 694
1944 694
1944 690
1943 690
1943 689
1942 689
1942 688
1940 688
1940 687
1936 687
1936 686
1932 686
1932 685
1929 685
1929 684
1918 684
1918 683
1917 683
1917 682
1916 682
1916 681
1915 681
1915 679
1914 679
1914 677
1913 677
1913 675
1912 675
1912 671
1911 671
1911 670
1910 670
1910 669
1909 669
1909 668
1901 668
1901 667
1898 667
1898 666
1896 666
1896 665
1892 665
1892 664
1887 664
1887 665
1881 665
1881 666
1879 666
1879 667
1878 667
1878 669
1877 669
1877 674
1876 674
1876 681
1875 681
1875 685
1874 685
1874 687
1872 687
1872 688
1871 688
1871 689
1870 689
1870 690
1869 690
1869 691
1868 691
1868 692
1867 692
1867 693
1866 693
1866 694
1865 694
1865 695
1864 695
1864 697
1863 697
1863 698
1862 698
1862 699
1861 699
1861 700
1859 700
1859 701
1858 701
1858 702
1857 702
1857 703
1856 703
1856 704
1855 704
1855 705
1854 705
1854 707
1853 707
1853 710
1852 710
1852 715
1853 715
1853 718
1852 718
1852 719
1851 719
1851 722
1850 722
1850 723
1848 723
1848 724
1847 724
1847 725
1845 725
1845 726
1843 726
1843 727
1836 727
1836 726
1834 726
1834 725
1832 725
1832 724
1830 724
1830 723
1825 723
1825 722
1818 722
1818 721
1817 721
1817 720
1816 720
1816 719
1815 719
1815 717
1814 717
1814 715
1813 715
1813 707
1812 707
1812 697
1811 697
1811 693
1810 693
1810 692
1809 692
1809 691
1807 691
1807 690
1805 690
1805 689
1804 689
1804 688
1803 688
1803 687
1802 687
1802 686
1801 686
1801 685
1800 685
1800 684
1799 684
1799 683
1798 683
1798 682
1796 682
1796 681
1788 681
1788 682
1783 682
1783 683
1781 683
1781 684
1779 684
1779 685
1777 685
1777 686
1776 686
1776 687
1775 687
1775 688
1774 688
1774 689
1772 689
1772 690
1771 690
1771 692
1768 692
1768 693
1761 693
1761 694
1752 694
1752 695
1750 695
1750 696
1749 696
1749 697
1748 697
1748 698
1747 698
1747 699
1741 699
1741 700
1740 700
1740 701
1739 701
1739 702
1740 702
1740 707
1739 707
1739 709
1738 709
1738 710
1737 710
1737 711
1736 711
1736 712
1735 712
1735 713
1734 713
1734 714
1732 714
1732 715
1730 715
1730 716
1729 716
1729 717
1728 717
1728 718
1726 718
1726 719
1725 719
1725 720
1723 720
1723 721
1721 721
1721 722
1716 722
1716 723
1707 723
1707 724
1704 724
1704 725
1701 725
1701 726
1698 726
1698 727
1695 727
1695 728
1694 728
1694 729
1692 729
1692 730
1688 730
1688 729
1685 729
1685 728
1676 728
1676 727
1674 727
1674 726
1673 726
1673 725
1666 725
1666 724
1663 724
1663 723
1662 723
1662 722
1661 722
1661 721
1660 721
1660 718
1659 718
1659 716
1658 716
1658 715
1657 715
1657 712
1656 712
1656 698
1655 698
1655 684
1654 684
1654 680
1653 680
1653 679
1652 679
1652 678
1651 678
1651 677
1650 677
1650 676
1649 676
1649 674
1648 674
1648 673
1647 673
1647 672
1646 672
1646 671
1639 671
1639 672
1638 672
1638 681
1639 681
1639 684
1638 684
1638 686
1637 686
1637 687
1636 687
1636 688
1634 688
1634 689
1633 689
1633 691
1632 691
1632 692
1630 692
1630 693
1618 693
1618 692
1616 692
1616 691
1615 691
1615 690
1614 690
1614 688
1613 688
1613 685
1612 685
1612 676
1611 676
1611 675
1610 675
1610 674
1609 674
1609 672
1608 672
1608 671
1606 671
1606 670
1602 670
1602 671
1601 671
1601 677
1600 677
1600 679
1599 679
1599 680
1597 680
1597 681
1595 681
1595 682
1588 682
1588 683
1587 683
1587 698
1586 698
1586 699
1580 699
1580 700
1577 700
1577 701
1575 701
1575 702
1573 702
1573 703
1571 703
1571 704
1569 704
1569 705
1567 705
1567 706
1565 706
1565 707
1564 707
1564 708
1563 708
1563 709
1562 709
1562 710
1557 710
1557 709
1553 709
1553 708
1547 708
1547 707
1541 707
1541 706
1539 706
1539 705
1537 705
1537 704
1535 704
1535 703
1534 703
1534 702
1533 702
1533 701
1532 701
1532 699
1531 699
1531 691
1530 691
1530 690
1529 690
1529 689
1528 689
1528 688
1525 688
1525 687
1523 687
1523 686
1520 686
1520 685
1515 685
1515 701
1514 701
1514 702
1513 702
1513 703
1512 703
1512 704
1498 704
1498 703
1494 703
1494 702
1492 702
1492 701
1488 701
1488 700
1486 700
1486 699
1482 699
1482 698
1477 698
1477 697
1476 697
1476 696
1475 696
1475 695
1474 695
1474 694
1469 694
1469 693
1465 693
1465 692
1463 692
1463 691
1462 691
1462 689
1458 689
1458 688
1456 688
1456 686
1455 686
1455 684
1454 684
1454 683
1452 683
1452 682
1451 682
1451 681
1448 681
1448 680
1447 680
1447 679
1446 679
1446 676
1445 676
1445 673
1444 673
1444 671
1443 671
1443 670
1442 670
1442 669
1441 669
1441 668
1439 668
1439 667
1438 667
1438 665
1437 665
1437 663
1436 663
1436 660
1435 660
1435 659
1434 659
1434 658
1433 658
1433 657
1431 657
1431 656
1429 656
1429 655
1428 655
1428 654
1427 654
1427 653
1426 653
1426 652
1425 652
1425 651
1424 651
1424 650
1423 650
1423 647
1422 647
1422 640
1421 640
1421 618
1420 618
1420 597
1419 597
1419 593
1418 593
1418 592
1417 592
1417 590
1416 590
1416 588
1415 588
1415 587
1414 587
1414 586
1412 586
1412 585
1411 585
1411 584
1408 584
1408 583
1400 583
1400 584
1399 584
1399 585
1398 585
1398 586
1395 586
1395 587
1390 587
1390 588
1388 588
1388 589
1383 589
1383 590
1377 590
1377 591
1363 591
1363 592
1359 592
1359 593
1356 593
1356 594
1354 594
1354 595
1351 595
1351 596
1345 596
1345 597
1344 597
1344 598
1343 598
1343 611
1342 611
1342 613
1341 613
1341 614
1337 614
1337 615
1332 615
1332 616
1331 616
1331 617
1329 617
1329 618
1327 618
1327 619
1323 619
1323 620
1320 620
1320 621
1318 621
1318 622
1316 622
1316 623
1308 623
1308 624
1296 624
1296 623
1290 623
1290 622
1286 622
1286 621
1280 621
1280 620
1279 620
1279 619
1275 619
1275 618
1274 618
1274 616
1273 616
1273 615
1272 615
1272 614
1271 614
1271 613
1270 613
1270 606
1269 606
1269 604
1268 604
1268 602
1267 602
1267 601
1266 601
1266 600
1264 600
1264 599
1262 599
1262 598
1261 598
1261 597
1260 597
1260 596
1259 596
1259 595
1258 595
1258 586
1257 586
1257 584
1256 584
1256 583
1254 583
1254 582
1252 582
1252 581
1250 581
1250 580
1246 580
1246 579
1243 579
1243 578
1241 578
1241 577
1240 577
1240 576
1238 576
1238 575
1237 575
1237 574
1235 574
1235 573
1232 573
1232 572
1229 572
1229 571
1228 571
1228 570
1226 570
1226 569
1225 569
1225 568
1224 568
1224 567
1223 567
1223 566
1222 566
1222 565
1221 565
1221 564
1220 564
1220 563
1208 563
1208 562
1205 562
1205 561
1204 561
1204 560
1202 560
1202 559
1201 559
1201 558
1200 558
1200 557
1199 557
1199 553
1198 553
1198 527
1197 527
1197 519
1196 519
1196 518
1194 518
1194 517
1186 517
1186 516
1182 516
1182 515
1180 515
1180 514
1178 514
1178 513
1176 513
1176 512
1175 512
1175 511
1174 511
1174 510
1173 510
1173 509
1170 509
1170 508
1166 508
1166 509
1165 509
1165 512
1164 512
1164 514
1162 514
1162 515
1147 515
1147 516
1145 516
1145 524
1144 524
1144 527
1143 527
1143 528
1142 528
1142 530
1141 530
1141 531
1140 531
1140 532
1138 532
1138 533
1132 533
1132 534
1129 534
1129 533
1124 533
1124 532
1122 532
1122 531
1120 531
1120 530
1119 530
1119 529
1117 529
1117 528
1116 528
1116 525
1115 525
1115 512
1114 512
1114 511
1113 511
1113 510
1102 510
1102 509
1100 509
1100 508
1097 508
1097 507
1095 507
1095 506
1093 506
1093 505
1092 505
1092 502
1091 502
1091 497
1090 497
1090 495
1089 495
1089 494
1086 494
1086 493
1084 493
1084 492
1083 492
1083 491
1082 491
1082 490
1081 490
1081 489
1080 489
1080 486
1079 486
1079 475
1078 475
1078 474
1076 474
1076 473
1074 473
1074 472
1072 472
1072 471
1070 471
1070 470
1069 470
1069 469
1068 469
1068 467
1067 467
1067 459
1066 459
1066 457
1065 457
1065 456
1062 456
1062 455
1059 455
1059 454
1053 454
1053 453
1050 453
1050 452
1048 452
1048 451
1046 451
1046 450
1044 450
1044 449
1041 449
1041 448
1038 448
1038 447
1036 447
1036 446
1033 446
1033 445
1030 445
1030 444
1026 444
1026 443
1020 443
1020 442
1013 442
1013 441
1009 441
1009 440
1006 440
1006 439
1004 439
1004 438
1001 438
1001 437
998 437
998 436
997 436
997 434
996 434
996 432
995 432
995 424
994 424
994 422
995 422
995 414
994 414
994 413
987 413
987 414
984 414
984 415
981 415
981 416
978 416
978 417
976 417
976 416
972 416
972 415
969 415
969 414
966 414
966 413
963 413
963 412
961 412
961 411
960 411
960 410
959 410
959 409
958 409
958 408
957 408
957 407
955 407
955 406
949 406
949 407
946 407
946 408
936 408
936 409
935 409
935 410
933 410
933 411
932 411
932 412
931 412
931 413
930 413
930 414
929 414
929 416
928 416
928 417
927 417
927 418
926 418
926 419
924 419
924 420
910 420
910 421
906 421
906 422
905 422
905 423
904 423
904 433
901 433
901 434
890 434
890 433
886 433
886 432
884 432
884 431
883 431
883 430
877 430
877 429
873 429
873 428
871 428
871 427
867 427
867 426
830 426
830 425
827 425
827 424
823 424
823 425
804 425
804 426
798 426
798 425
795 425
795 424
791 424
791 423
790 423
790 421
789 421
789 420
788 420
788 419
787 419
787 418
785 418
785 417
783 417
783 416
781 416
781 415
780 415
780 414
779 414
779 410
778 410
778 400
777 400
777 393
776 393
776 392
775 392
775 391
769 391
769 390
768 390
768 389
767 389
767 388
766 388
766 382
765 382
765 381
764 381
764 380
760 380
760 379
757 379
757 378
754 378
754 377
753 377
753 376
748 376
748 375
745 375
745 374
743 374
743 373
742 373
742 372
738 372
738 371
731 371
731 370
723 370
723 369
721 369
721 368
720 368
720 366
719 366
719 360
718 360
718 354
719 354
719 351
718 351
718 348
717 348
717 347
716 347
716 346
712 346
712 345
709 345
709 344
708 344
708 343
707 343
707 337
706 337
706 327
705 327
705 323
704 323
704 322
696 322
696 321
695 321
695 319
694 319
694 315
693 315
693 314
692 314
692 313
689 313
689 312
685 312
685 311
682 311
682 310
681 310
681 309
679 309
679 310
675 310
675 311
665 311
665 310
657 310
657 311
656 311
656 312
655 312
655 313
653 313
653 314
652 314
652 315
651 315
651 316
650 316
650 318
649 318
649 319
648 319
648 321
647 321
647 322
646 322
646 323
645 323
645 324
642 324
642 325
635 325
635 326
629 326
629 325
624 325
624 324
622 324
622 323
608 323
608 324
604 324
604 323
603 323
603 322
601 322
601 321
600 321
600 320
599 320
599 319
598 319
598 318
594 318
594 319
598 319
598 320
599 320
599 321
600 321
600 322
601 322
601 323
603 323
603 324
604 324
604 325
608 325
608 324
622 324
622 325
624 325
624 326
629 326
629 327
635 327
635 326
642 326
642 325
645 325
645 324
646 324
646 323
647 323
647 322
648 322
648 321
649 321
649 319
650 319
650 318
651 318
651 316
652 316
652 315
653 315
653 314
655 314
655 313
656 313
656 312
657 312
657 311
665 311
665 312
675 312
675 311
679 311
679 310
681 310
681 311
682 311
682 312
685 312
685 313
689 313
689 314
692 314
692 315
693 315
693 319
694 319
694 321
695 321
695 322
696 322
696 323
704 323
704 327
705 327
705 337
706 337
706 343
707 343
707 344
708 344
708 345
709 345
709 346
712 346
712 347
716 347
716 348
717 348
717 351
718 351
718 354
717 354
717 360
718 360
718 366
719 366
719 368
720 368
720 369
721 369
721 370
723 370
723 371
731 371
731 372
738 372
738 373
742 373
742 374
743 374
743 375
745 375
745 376
748 376
748 377
753 377
753 378
754 378
754 379
757 379
757 380
760 380
760 381
764 381
764 382
765 382
765 388
766 388
766 389
767 389
767 390
768 390
768 391
769 391
769 392
775 392
775 393
776 393
776 400
777 400
777 410
778 410
778 414
779 414
779 415
780 415
780 416
781 416
781 417
783 417
783 418
785 418
785 419
787 419
787 420
788 420
788 421
789 421
789 423
790 423
790 424
791 424
791 425
795 425
795 426
798 426
798 427
804 427
804 426
823 426
823 425
827 425
827 426
830 426
830 427
867 427
867 428
871 428
871 429
873 429
873 430
877 430
877 431
883 431
883 432
884 432
884 433
886 433
886 434
890 434
890 435
901 435
901 434
904 434
904 433
905 433
905 423
906 423
906 422
910 422
910 421
924 421
924 420
926 420
926 419
927 419
927 418
928 418
928 417
929 417
929 416
930 416
930 414
931 414
931 413
932 413
932 412
933 412
933 411
935 411
935 410
936 410
936 409
946 409
946 408
949 408
949 407
955 407
955 408
957 408
957 409
958 409
958 410
959 410
959 411
960 411
960 412
961 412
961 413
963 413
963 414
966 414
966 415
969 415
969 416
972 416
972 417
976 417
976 418
978 418
978 417
981 417
981 416
984 416
984 415
987 415
987 414
994 414
994 422
993 422
993 424
994 424
994 432
995 432
995 434
996 434
996 436
997 436
997 437
998 437
998 438
1001 438
1001 439
1004 439
1004 440
1006 440
1006 441
1009 441
1009 442
1013 442
1013 443
1020 443
1020 444
1026 444
1026 445
1030 445
1030 446
1033 446
1033 447
1036 447
1036 448
1038 448
1038 449
1041 449
1041 450
1044 450
1044 451
1046 451
1046 452
1048 452
1048 453
1050 453
1050 454
1053 454
1053 455
1059 455
1059 456
1062 456
1062 457
1065 457
1065 459
1066 459
1066 467
1067 467
1067 469
1068 469
1068 470
1069 470
1069 471
1070 471
1070 472
1072 472
1072 473
1074 473
1074 474
1076 474
1076 475
1078 475
1078 486
1079 486
1079 489
1080 489
1080 490
1081 490
1081 491
1082 491
1082 492
1083 492
1083 493
1084 493
1084 494
1086 494
1086 495
1089 495
1089 497
1090 497
1090 502
1091 502
1091 505
1092 505
1092 506
1093 506
1093 507
1095 507
1095 508
1097 508
1097 509
1100 509
1100 510
1102 510
1102 511
1113 511
1113 512
1114 512
1114 525
1115 525
1115 528
1116 528
1116 529
1117 529
1117 530
1119 530
1119 531
1120 531
1120 532
1122 532
1122 533
1124 533
1124 534
1129 534
1129 535
1132 535
1132 534
1138 534
1138 533
1140 533
1140 532
1141 532
1141 531
1142 531
1142 530
1143 530
1143 528
1144 528
1144 527
1145 527
1145 524
1146 524
1146 517
1147 517
1147 516
1162 516
1162 515
1164 515
1164 514
1165 514
1165 512
1166 512
1166 509
1170 509
1170 510
1173 510
1173 511
1174 511
1174 512
1175 512
1175 513
1176 513
1176 514
1178 514
1178 515
1180 515
1180 516
1182 516
1182 517
1186 517
1186 518
1194 518
1194 519
1196 519
1196 527
1197 527
1197 553
1198 553
1198 557
1199 557
1199 558
1200 558
1200 559
1201 559
1201 560
1202 560
1202 561
1204 561
1204 562
1205 562
1205 563
1208 563
1208 564
1220 564
1220 565
1221 565
1221 566
1222 566
1222 567
1223 567
1223 568
1224 568
1224 569
1225 569
1225 570
1226 570
1226 571
1228 571
1228 572
1229 572
1229 573
1232 573
1232 574
1235 574
1235 575
1237 575
1237 576
1238 576
1238 577
1240 577
1240 578
1241 578
1241 579
1243 579
1243 580
1246 580
1246 581
1250 581
1250 582
1252 582
1252 583
1254 583
1254 584
1256 584
1256 586
1257 586
1257 595
1258 595
1258 596
1259 596
1259 597
1260 597
1260 598
1261 598
1261 599
1262 599
1262 600
1264 600
1264 601
1266 601
1266 602
1267 602
1267 604
1268 604
1268 606
1269 606
1269 613
1270 613
1270 614
1271 614
1271 615
1272 615
1272 616
1273 616
1273 618
1274 618
1274 619
1275 619
1275 620
1279 620
1279 621
1280 621
1280 622
1286 622
1286 623
1290 623
1290 624
1296 624
1296 625
1308 625
1308 624
1316 624
1316 623
1318 623
1318 622
1320 622
1320 621
1323 621
1323 620
1327 620
1327 619
1329 619
1329 618
1331 618
1331 617
1332 617
1332 616
1337 616
1337 615
1341 615
1341 614
1342 614
1342 613
1343 613
1343 611
1344 611
1344 598
1345 598
1345 597
1351 597
1351 596
1354 596
1354 595
1356 595
1356 594
1359 594
1359 593
1363 593
1363 592
1377 592
1377 591
1383 591
1383 590
1388 590
1388 589
1390 589
1390 588
1395 588
1395 587
1398 587
1398 586
1399 586
1399 585
1400 585
1400 584
1408 584
1408 585
1411 585
1411 586
1412 586
1412 587
1414 587
1414 588
1415 588
1415 590
1416 590
1416 592
1417 592
1417 593
1418 593
1418 597
1419 597
1419 618
1420 618
1420 640
1421 640
1421 647
1422 647
1422 650
1423 650
1423 651
1424 651
1424 652
1425 652
1425 653
1426 653
1426 654
1427 654
1427 655
1428 655
1428 656
1429 656
1429 657
1431 657
1431 658
1433 658
1433 659
1434 659
1434 660
1435 660
1435 663
1436 663
1436 665
1437 665
1437 667
1438 667
1438 668
1439 668
1439 669
1441 669
1441 670
1442 670
1442 671
1443 671
1443 673
1444 673
1444 676
1445 676
1445 679
1446 679
1446 680
1447 680
1447 682
1451 682
1451 683
1452 683
1452 684
1454 684
1454 686
1455 686
1455 688
1456 688
1456 689
1458 689
1458 690
1461 690
1461 691
1462 691
1462 692
1463 692
1463 693
1465 693
1465 694
1469 694
1469 695
1474 695
1474 696
1475 696
1475 697
1476 697
1476 698
1477 698
1477 699
1482 699
1482 700
1486 700
1486 701
1488 701
1488 702
1492 702
1492 703
1494 703
1494 704
1498 704
1498 705
1512 705
1512 704
1513 704
1513 703
1514 703
1514 702
1515 702
1515 701
1516 701
1516 686
1520 686
1520 687
1523 687
1523 688
1525 688
1525 689
1528 689
1528 690
1529 690
1529 691
1530 691
1530 699
1531 699
1531 701
1532 701
1532 702
1533 702
1533 703
1534 703
1534 704
1535 704
1535 705
1537 705
1537 706
1539 706
1539 707
1541 707
1541 708
1547 708
1547 709
1553 709
1553 710
1557 710
1557 711
1562 711
1562 710
1563 710
1563 709
1564 709
1564 708
1565 708
1565 707
1567 707
1567 706
1569 706
1569 705
1571 705
1571 704
1573 704
1573 703
1575 703
1575 702
1577 702
1577 701
1580 701
1580 700
1586 700
1586 699
1587 699
1587 698
1588 698
1588 683
1595 683
1595 682
1597 682
1597 681
1599 681
1599 680
1600 680
1600 679
1601 679
1601 677
1602 677
1602 671
1606 671
1606 672
1608 672
1608 674
1609 674
1609 675
1610 675
1610 676
1611 676
1611 685
1612 685
1612 688
1613 688
1613 690
1614 690
1614 691
1615 691
1615 692
1616 692
1616 693
1618 693
1618 694
1630 694
1630 693
1632 693
1632 692
1633 692
1633 691
1634 691
1634 689
1636 689
1636 688
1637 688
1637 687
1638 687
1638 686
1639 686
1639 684
1640 684
1640 681
1639 681
1639 672
1646 672
1646 673
1647 673
1647 674
1648 674
1648 676
1649 676
1649 677
1650 677
1650 678
1651 678
1651 679
1652 679
1652 680
1653 680
1653 684
1654 684
1654 698
1655 698
1655 712
1656 712
1656 715
1657 715
1657 716
1658 716
1658 718
1659 718
1659 721
1660 721
1660 722
1661 722
1661 723
1662 723
1662 724
1663 724
1663 725
1666 725
1666 726
1673 726
1673 727
1674 727
1674 728
1676 728
1676 729
1685 729
1685 730
1688 730
1688 731
1692 731
1692 730
1694 730
1694 729
1695 729
1695 728
1698 728
1698 727
1701 727
1701 726
1704 726
1704 725
1707 725
1707 724
1716 724
1716 723
1721 723
1721 722
1723 722
1723 721
1725 721
1725 720
1726 720
1726 719
1728 719
1728 718
1729 718
1729 717
1730 717
1730 716
1732 716
1732 715
1734 715
1734 714
1735 714
1735 713
1736 713
1736 712
1737 712
1737 711
1738 711
1738 710
1739 710
1739 709
1740 709
1740 707
1741 707
1741 702
1740 702
1740 701
1741 701
1741 700
1747 700
1747 699
1748 699
1748 698
1749 698
1749 697
1750 697
1750 696
1752 696
1752 695
1761 695
1761 694
1768 694
1768 693
1771 693
1771 692
1772 692
1772 690
1774 690
1774 689
1775 689
1775 688
1776 688
1776 687
1777 687
1777 686
1779 686
1779 685
1781 685
1781 684
1783 684
1783 683
1788 683
1788 682
1796 682
1796 683
1798 683
1798 684
1799 684
1799 685
1800 685
1800 686
1801 686
1801 687
1802 687
1802 688
1803 688
1803 689
1804 689
1804 690
1805 690
1805 691
1807 691
1807 692
1809 692
1809 693
1810 693
1810 697
1811 697
1811 707
1812 707
1812 715
1813 715
1813 717
1814 717
1814 719
1815 719
1815 720
1816 720
1816 721
1817 721
1817 722
1818 722
1818 723
1825 723
1825 724
1830 724
1830 725
1832 725
1832 726
1834 726
1834 727
1836 727
1836 728
1843 728
1843 727
1845 727
1845 726
1847 726
1847 725
1848 725
1848 724
1850 724
1850 723
1851 723
1851 722
1852 722
1852 719
1853 719
1853 718
1854 718
1854 715
1853 715
1853 710
1854 710
1854 707
1855 707
1855 705
1856 705
1856 704
1857 704
1857 703
1858 703
1858 702
1859 702
1859 701
1861 701
1861 700
1862 700
1862 699
1863 699
1863 698
1864 698
1864 697
1865 697
1865 695
1866 695
1866 694
1867 694
1867 693
1868 693
1868 692
1869 692
1869 691
1870 691
1870 690
1871 690
1871 689
1872 689
1872 688
1874 688
1874 687
1875 687
1875 685
1876 685
1876 681
1877 681
1877 674
1878 674
1878 669
1879 669
1879 667
1881 667
1881 666
1887 666
1887 665
1892 665
1892 666
1896 666
1896 667
1898 667
1898 668
1901 668
1901 669
1909 669
1909 670
1910 670
1910 671
1911 671
1911 675
1912 675
1912 677
1913 677
1913 679
1914 679
1914 681
1915 681
1915 682
1916 682
1916 683
1917 683
1917 684
1918 684
1918 685
1929 685
1929 686
1932 686
1932 687
1936 687
1936 688
1940 688
1940 689
1942 689
1942 690
1943 690
1943 694
1944 694
1944 695
1945 695
1945 696
1946 696
1946 697
1949 697
1949 698
1973 698
1973 697
1974 697
1974 698
1980 698
1980 699
1985 699
1985 700
1987 700
1987 701
1988 701
1988 702
1989 702
1989 703
1990 703
1990 704
1992 704
1992 705
1993 705
1993 706
1996 706
1996 707
1997 707
1997 708
1998 708
1998 716
1999 716
1999 721
2000 721
2000 723
2001 723
2001 725
2002 725
2002 726
2003 726
2003 727
2005 727
2005 728
2006 728
2006 729
2009 729
2009 730
2011 730
2011 745
2012 745
2012 747
2013 747
2013 751
2014 751
2014 754
2015 754
2015 756
2016 756
2016 758
2017 758
2017 759
2018 759
2018 760
2019 760
2019 762
2020 762
2020 763
2021 763
2021 764
2022 764
2022 765
2023 765
2023 766
2034 766
2034 767
2042 767
2042 766
2044 766
2044 767
2057 767
2057 766
2065 766
2065 767
2066 767
2066 766
2069 766
2069 765
2071 765
2071 764
2074 764
2074 763
2075 763
2075 761
2076 761
2076 758
2075 758
2075 751
2076 751
2076 750
2077 750
2077 749
2078 749
2078 748
2084 748
2084 749
2099 749
2099 748
2104 748
2104 749
2108 749
2108 750
2112 750
2112 751
2118 751
2118 752
2120 752
2120 753
2123 753
2123 754
2124 754
2124 755
2125 755
2125 756
2126 756
2126 757
2129 757
2129 758
2138 758
2138 757
2144 757
2144 756
2150 756
2150 755
2151 755
2151 754
2153 754
2153 753
2154 753
2154 752
2156 752
2156 751
2157 751
2157 750
2159 750
2159 749
2160 749
2160 748
2161 748
2161 747
2164 747
2164 746
2169 746
2169 745
2171 745
2171 744
2172 744
2172 734
2181 734
2181 735
2187 735
2187 734
2192 734
2192 733
2202 733
2202 732
2203 732
2203 731
2205 731
2205 730
2206 730
2206 729
2207 729
2207 728
2208 728
2208 727
2209 727
2209 725
2210 725
2210 723
2211 723
2211 716
2214 716
2214 715
2217 715
2217 714
2218 714
2218 713
2219 713
2219 712
2220 712
2220 710
2222 710
2222 709
2223 709
2223 708
2224 708
2224 707
2225 707
2225 706
2226 706
2226 705
2227 705
2227 704
2228 704
2228 702
2229 702
2229 700
2230 700
2230 699
2231 699
2231 698
2232 698
2232 697
2235 697
2235 696
2241 696
2241 695
2243 695
2243 694
2244 694
2244 693
2245 693
2245 692
2247 692
2247 691
2248 691
2248 690
2249 690
2249 688
2250 688
2250 681
2251 681
2251 680
2252 680
2252 679
2257 679
2257 680
2259 680
2259 679
2262 679
2262 678
2267 678
2267 677
2274 677
2274 676
2276 676
2276 675
2277 675
2277 674
2278 674
2278 673
2279 673
2279 672
2280 672
2280 671
2282 671
2282 670
2288 670
2288 669
2289 669
2289 668
2290 668
2290 667
2292 667
2292 666
2294 666
2294 665
2295 665
2295 664
2297 664
2297 663
2300 663
2300 662
2301 662
2301 661
2307 661
2307 660
2310 660
2310 661
2312 661
2312 662
2314 662
2314 663
2315 663
2315 665
2316 665
2316 668
2317 668
2317 669
2318 669
2318 671
2319 671
2319 672
2320 672
2320 673
2321 673
2321 674
2322 674
2322 675
2324 675
2324 676
2325 676
2325 678
2326 678
2326 683
2327 683
2327 696
2328 696
2328 699
2329 699
2329 701
2330 701
2330 703
2331 703
2331 706
2332 706
2332 709
2341 709
2341 710
2349 710
2349 711
2351 711
2351 712
2352 712
2352 713
2354 713
2354 714
2355 714
2355 715
2356 715
2356 716
2360 716
2360 717
2382 717
2382 716
2383 716
2383 717
2391 717
2391 718
2399 718
2399 719
2407 719
2407 720
2409 720
2409 721
2410 721
2410 722
2411 722
2411 723
2412 723
2412 724
2416 724
2416 725
2417 725
2417 727
2418 727
2418 728
2419 728
2419 729
2420 729
2420 730
2421 730
2421 731
2426 731
2426 732
2433 732
2433 731
2434 731
2434 730
2435 730
2435 728
2436 728
2436 725
2437 725
2437 720
2438 720
2438 719
2443 719
2443 720
2445 720
2445 721
2446 721
2446 722
2447 722
2447 733
2448 733
2448 734
2449 734
2449 736
2450 736
2450 737
2451 737
2451 738
2452 738
2452 739
2456 739
2456 740
2464 740
2464 739
2466 739
2466 738
2467 738
2467 737
2468 737
2468 736
2469 736
2469 735
2470 735
2470 733
2471 733
2471 732
2472 732
2472 731
2476 731
2476 730
2477 730
2477 729
2478 729
2478 728
2479 728
2479 725
2480 725
2480 724
2482 724
2482 723
2486 723
2486 722
2487 722
2487 721
2488 721
2488 720
2489 720
2489 718
2490 718
2490 716
2491 716
2491 715
2492 715
2492 713
2493 713
2493 712
2497 712
2497 711
2506 711
2506 710
2510 710
2510 709
2511 709
2511 708
2512 708
2512 707
2513 707
2513 706
2514 706
2514 705
2515 705
2515 704
2519 704
2519 703
2522 703
2522 702
2524 702
2524 701
2531 701
2531 700
2534 700
2534 699
2535 699
2535 697
2536 697
2536 696
2540 696
2540 695
2546 695
2546 694
2548 694
2548 693
2549 693
2549 692
2554 692
2554 691
2556 691
2556 690
2558 690
2558 689
2559 689
2559 688
2576 688
2576 689
2579 689
2579 690
2581 690
2581 691
2582 691
2582 692
2583 692
2583 693
2585 693
2585 694
2587 694
2587 695
2592 695
2592 694
2593 694
2593 693
2594 693
2594 692
2595 692
2595 691
2596 691
2596 690
2597 690
2597 689
2598 689
2598 688
2602 688
2602 687
2605 687
2605 686
2607 686
2607 685
2609 685
2609 684
2610 684
2610 683
2612 683
2612 682
2615 682
2615 681
2616 681
2616 680
2618 680
2618 679
2619 679
2619 678
2620 678
2620 677
2621 677
2621 675
2622 675
2622 673
2626 673
2626 672
2647 672
2647 671
2650 671
2650 670
2651 670
2651 669
2652 669
2652 668
2653 668
2653 667
2655 667
2655 666
2660 666
2660 665
2665 665
2665 664
2667 664
2667 663
2674 663
2674 662
2676 662
2676 661
2677 661
2677 660
2678 660
2678 658
2679 658
2679 654
2678 654
2678 646
2677 646
2677 644
2678 644
2678 642
2680 642
2680 641
2685 641
2685 640
2688 640
2688 639
2689 639
2689 638
2690 638
2690 637
2691 637
2691 636
2694 636
2694 635
2698 635
2698 634
2700 634
2700 633
2702 633
2702 632
2706 632
2706 633
2708 633
2708 634
2710 634
2710 635
2711 635
2711 636
2713 636
2713 637
2720 637
2720 636
2721 636
2721 635
2722 635
2722 634
2723 634
2723 632
2724 632
2724 629
2725 629
2725 627
2724 627
2724 621
2725 621
2725 610
2735 610
2735 609
2739 609
2739 608
2746 608
2746 607
2748 607
2748 606
2749 606
2749 605
2750 605
2750 604
2756 604
2756 606
2757 606
2757 607
2758 607
2758 608
2760 608
2760 609
2764 609
2764 608
2766 608
2766 607
2768 607
2768 606
2769 606
2769 605
2770 605
2770 604
2771 604
2771 602
2772 602
2772 601
2780 601
2780 600
2783 600
2783 599
2784 599
2784 598
2785 598
2785 597
2786 597
2786 596
2787 596
2787 595
2788 595
2788 594
2791 594
2791 593
2794 593
2794 592
2795 592
2795 591
2796 591
2796 590
2799 590
2799 589
2800 589
2800 588
2805 588
2805 587
2807 587
2807 586
2818 586
2818 585
2820 585
2820 586
2825 586
2825 587
2827 587
2827 588
2829 588
2829 589
2840 589
2840 588
2847 588
2847 589
2849 589
2849 590
2855 590
2855 591
2863 591
2863 590
2867 590
2867 591
2870 591
2870 592
2873 592
2873 593
2879 593
2879 594
2880 594
2880 595
2886 595
2886 596
2888 596
2888 597
2890 597
2890 596
2898 596
2898 597
2905 597
2905 598
2909 598
2909 599
2912 599
2912 600
2919 600
2919 601
2921 601
2921 602
2922 602
2922 603
2923 603
2923 604
2925 604
2925 605
2927 605
2927 606
2929 606
2929 605
2930 605
2930 604
2938 604
2938 603
2940 603
2940 602
2941 602
2941 601
2947 601
2947 600
2954 600
2954 599
2955 599
2955 598
2956 598
2956 597
2958 597
2958 596
2959 596
2959 595
2962 595
2962 594
2971 594
2971 593
2974 593
2974 591
2975 591
2975 590
2977 590
2977 589
2980 589
2980 588
2981 588
2981 587
2985 587
2985 586
2987 586
2987 585
2991 585
2991 584
2994 584
2994 583
2997 583
2997 582
3000 582
3000 581
3001 581
3001 579
3002 579
3002 577
3003 577
3003 576
3004 576
3004 575
3005 575
3005 574
3006 574
3006 572
3007 572
3007 570
3008 570
3008 569
3009 569
3009 567
3010 567
3010 566
3011 566
3011 565
3013 565
3013 564
3014 564
3014 563
3015 563
3015 562
3016 562
3016 561
3019 561
3019 560
3020 560
3020 558
3021 558
3021 557
3022 557
3022 556
3023 556
3023 555
3027 555
3027 554
3030 554
3030 553
3031 553
3031 552
3032 552
3032 551
3033 551
3033 550
3034 550
3034 549
3035 549
3035 547
3037 547
3037 546
3039 546
3039 543
3040 543
3040 542
3041 542
3041 541
3046 541
3046 540
3047 540
3047 541
3054 541
3054 542
3056 542
3056 541
3058 541
3058 540
3065 540
3065 539
3067 539
3067 538
3070 538
3070 537
3078 537
3078 536
3080 536
3080 535
3102 535
3102 536
3104 536
3104 537
3107 537
3107 538
3108 538
3108 537
3111 537
3111 536
3116 536
3116 535
3120 535
3120 534
3125 534
3125 533
3135 533
3135 534
3142 534
3142 533
3144 533
3144 532
3148 532
3148 531
3150 531
3150 530
3151 530
3151 529
3153 529
3153 528
3154 528
3154 527
3156 527
3156 526
3158 526
3158 525
3160 525
3160 524
3161 524
3161 523
3162 523
3162 522
3163 522
3163 519
3164 519
3164 516
3165 516
3165 515
3167 515
3167 514
3171 514
3171 513
3173 513
3173 512
3174 512
3174 511
3175 511
3175 510
3176 510
3176 508
3177 508
3177 507
3178 507
3178 504
3179 504
3179 502
3180 502
3180 501
3183 501
3183 500
3185 500
3185 499
3186 499
3186 498
3187 498
3187 497
3188 497
3188 494
3189 494
3189 491
3190 491
3190 490
3194 490
3194 489
3195 489
3195 488
3196 488
3196 487
3197 487
3197 486
3198 486
3198 485
3201 485
3201 484
3202 484
3202 473
3208 473
3208 472
3211 472
3211 473
3215 473
3215 474
3218 474
3218 473
3225 473
3225 472
3226 472
3226 471
3227 471
3227 469
3228 469
3228 468
3229 468
3229 467
3230 467
3230 463
3231 463
3231 456
3232 456
3232 454
3233 454
3233 453
3235 453
3235 452
3236 452
3236 451
3237 451
3237 450
3238 450
3238 449
3239 449
3239 448
3240 448
3240 447
3241 447
3241 443
3242 443
3242 441
3243 441
3243 440
3244 440
3244 439
3245 439
3245 438
3246 438
3246 437
3247 437
3247 436
3248 436
3248 435
3249 435
3249 434
3250 434
3250 433
3251 433
3251 432
3252 432
3252 431
3253 431
3253 425
3254 425
3254 409
3253 409
3253 403
3254 403
3254 402
3257 402
3257 403
3261 403
3261 404
3278 404
3278 403
3279 403
3279 402
3281 402
3281 401
3284 401
3284 402
3286 402
3286 404
3287 404
3287 407
3288 407
3288 410
3289 410
3289 411
3290 411
3290 412
3291 412
3291 413
3292 413
3292 414
3293 414
3293 415
3294 415
3294 416
3295 416
3295 417
3298 417
3298 418
3299 418
3299 419
3301 419
3301 420
3305 420
3305 421
3307 421
3307 422
3312 422
3312 423
3316 423
3316 424
3320 424
3320 425
3334 425
3334 424
3339 424
3339 423
3341 423
3341 422
3342 422
3342 421
3345 421
3345 420
3346 420
3346 419
3347 419
3347 418
3349 418
3349 417
3350 417
3350 416
3353 416
3353 415
3357 415
3357 414
3359 414
3359 413
3360 413
3360 411
3361 411
3361 410
3362 410
3362 409
3363 409
3363 407
3365 407
3365 406
3367 406
3367 405
3368 405
3368 404
3369 404
3369 403
3370 403
3370 402
3371 402
3371 400
3372 400
3372 398
3373 398
3373 396
3374 396
3374 392
3375 392
3375 388
3376 388
3376 386
3381 386
3381 385
3383 385
3383 384
3384 384
3384 382
3385 382
3385 381
3386 381
3386 379
3387 379
3387 378
3388 378
3388 377
3389 377
3389 376
3391 376
3391 375
3392 375
3392 374
3393 374
3393 373
3394 373
3394 372
3395 372
3395 371
3396 371
3396 370
3397 370
3397 364
3398 364
3398 362
3403 362
3403 361
3416 361
3416 360
3418 360
3418 359
3419 359
3419 358
3421 358
3421 357
3423 357
3423 358
3424 358
3424 370
3425 370
3425 372
3426 372
3426 373
3427 373
3427 374
3429 374
3429 375
3431 375
3431 376
3436 376
3436 377
3440 377
3440 378
3443 378
3443 379
3444 379
3444 380
3445 380
3445 381
3447 381
3447 382
3468 382
3468 381
3474 381
3474 380
3480 380
3480 379
3483 379
3483 378
3493 378
3493 379
3494 379
3494 380
3501 380
3501 379
3508 379
3508 380
3517 380
3517 379
3522 379
3522 378
3524 378
3524 377
3527 377
3527 376
3528 376
3528 375
3541 375
3541 374
3546 374
3546 373
3547 373
3547 372
3557 372
3557 371
3558 371
3558 370
3559 370
3559 369
3561 369
3561 368
3562 368
3562 367
3563 367
3563 366
3564 366
3564 365
3565 365
3565 364
3567 364
3567 363
3570 363
3570 362
3571 362
3571 360
3572 360
3572 357
3573 357
3573 351
3574 351
3574 349
3575 349
3575 347
3576 347
3576 346
3580 346
3580 345
3582 345
3582 344
3586 344
3586 343
3587 343
3587 342
3589 342
3589 341
3591 341
3591 340
3595 340
3595 341
3596 341
3596 342
3604 342
3604 340
3606 340
3606 339
3607 339
3607 338
3608 338
3608 337
3609 337
3609 336
3610 336
3610 335
3611 335
3611 334
3612 334
3612 333
3613 333
3613 332
3614 332
3614 331
3615 331
3615 328
3616 328
3616 326
3617 326
3617 322
3618 322
3618 320
3619 320
3619 318
3620 318
3620 317
3621 317
3621 316
3624 316
3624 315
3627 315
3627 314
3629 314
3629 313
3630 313
3630 312
3632 312
3632 311
3633 311
3633 310
3634 310
3634 309
3635 309
3635 308
3637 308
3637 307
3638 307
3638 306
3639 306
3639 305
3641 305
3641 304
3642 304
3642 303
3643 303
3643 302
3645 302
3645 301
3647 301
3647 300
3648 300
3648 299
3649 299
3649 297
3650 297
3650 296
3651 296
3651 295
3652 295
3652 294
3653 294
3653 293
3654 293
3654 291
3655 291
3655 287
3656 287
3656 285
3657 285
3657 284
3658 284
3658 283
3659 283
3659 282
3660 282
3660 281
3662 281
3662 280
3663 280
3663 279
3664 279
3664 277
3665 277
3665 276
3666 276
3666 275
3667 275
3667 247
3668 247
3668 246
3669 246
3669 245
3670 245
3670 244
3671 244
3671 243
3672 243
3672 242
3673 242
3673 241
3674 241
3674 240
3675 240
3675 239
3676 239
3676 238
3677 238
3677 236
3678 236
3678 234
3679 234
3679 217
3680 217
3680 215
3681 215
3681 214
3682 214
3682 213
3684 213
3684 212
3685 212
3685 211
3686 211
3686 210
3687 210
3687 209
3688 209
3688 208
3689 208
3689 206
3690 206
3690 204
3691 204
3691 155
3692 155
3692 152
3693 152
3693 151
3694 151
3694 150
3695 150
3695 149
3699 149
3699 148
3703 148
3703 147
3704 147
3704 145
3705 145
3705 144
3706 144
3706 143
3708 143
3708 142
3709 142
3709 141
3711 141
3711 140
3712 140
3712 139
3713 139
3713 138
3714 138
3714 137
3715 137
3715 136
3719 136
3719 135
3724 135
3724 133
3728 133
3728 134
3729 134
3729 135
3736 135
3736 134
3738 134
3738 133
3739 133
3739 132
3741 132
3741 131
3742 131
3742 130
3743 130
3743 127
3744 127
3744 126
3743 126
3743 121
3742 121
3742 116
3741 116
3741 121
3742 121
3742 126
3743 126
3743 127
3742 127
3742 130
3741 130
3741 131
3739 131
3739 132
3738 132
3738 133
3736 133
3736 134
3729 134
3729 133
3728 133
3728 132
3724 132
3724 133
3723 133
3723 134
3719 134
3719 135
3715 135
3715 136
3714 136
3714 137
3713 137
3713 138
3712 138
3712 139
3711 139
3711 140
3709 140
3709 141
3708 141
3708 142
3706 142
3706 143
3705 143
3705 144
3704 144
3704 145
3703 145
3703 147
3699 147
3699 148
3695 148
3695 149
3694 149
3694 150
3693 150
3693 151
3692 151
3692 152
3691 152
3691 155
3690 155
3690 204
3689 204
3689 206
3688 206
3688 208
3687 208
3687 209
3686 209
3686 210
3685 210
3685 211
3684 211
3684 212
3682 212
3682 213
3681 213
3681 214
3680 214
3680 215
3679 215
3679 217
3678 217
