3305 550
3300 550
3300 551
3297 551
3297 552
3294 552
3294 553
3289 553
3289 554
3288 554
3288 555
3287 555
3287 557
3286 557
3286 560
3285 560
3285 561
3284 561
3284 562
3278 562
3278 563
3277 563
3277 564
3276 564
3276 565
3275 565
3275 566
3274 566
3274 567
3273 567
3273 569
3271 569
3271 570
3267 570
3267 569
3260 569
3260 570
3256 570
3256 569
3252 569
3252 570
3250 570
3250 571
3247 571
3247 572
3244 572
3244 573
3241 573
3241 574
3239 574
3239 575
3236 575
3236 576
3223 576
3223 575
3221 575
3221 574
3220 574
3220 573
3217 573
3217 572
3214 572
3214 580
3213 580
3213 592
3212 592
3212 598
3211 598
3211 599
3210 599
3210 600
3207 600
3207 601
3205 601
3205 602
3202 602
3202 601
3193 601
3193 600
3189 600
3189 601
3187 601
3187 600
3184 600
3184 599
3182 599
3182 598
3181 598
3181 596
3180 596
3180 593
3179 593
3179 592
3178 592
3178 582
3179 582
3179 579
3178 579
3178 575
3179 575
3179 572
3178 572
3178 571
3177 571
3177 570
3172 570
3172 571
3170 571
3170 572
3169 572
3169 573
3167 573
3167 574
3166 574
3166 575
3164 575
3164 576
3159 576
3159 577
3157 577
3157 576
3146 576
3146 575
3131 575
3131 576
3129 576
3129 577
3123 577
3123 578
3120 578
3120 579
3119 579
3119 580
3118 580
3118 581
3116 581
3116 582
3113 582
3113 581
3108 581
3108 582
3107 582
3107 583
3105 583
3105 584
3103 584
3103 585
3102 585
3102 586
3101 586
3101 587
3099 587
3099 588
3084 588
3084 587
3080 587
3080 586
3078 586
3078 585
3076 585
3076 583
3075 583
3075 582
3074 582
3074 580
3073 580
3073 576
3072 576
3072 572
3071 572
3071 571
3070 571
3070 570
3069 570
3069 569
3068 569
3068 568
3067 568
3067 567
3064 567
3064 568
3062 568
3062 569
3058 569
3058 570
3052 570
3052 571
3051 571
3051 572
3050 572
3050 573
3048 573
3048 574
3046 574
3046 575
3040 575
3040 576
3039 576
3039 579
3038 579
3038 584
3037 584
3037 595
3036 595
3036 608
3035 608
3035 612
3034 612
3034 613
3033 613
3033 614
3032 614
3032 615
3031 615
3031 616
3029 616
3029 617
3023 617
3023 628
3022 628
3022 636
3021 636
3021 639
3020 639
3020 640
3019 640
3019 641
3016 641
3016 642
3013 642
3013 643
3012 643
3012 644
3011 644
3011 650
3010 650
3010 662
3009 662
3009 674
3008 674
3008 689
3007 689
3007 701
3006 701
3006 710
3005 710
3005 721
3004 721
3004 725
3003 725
3003 726
3002 726
3002 727
3001 727
3001 728
2999 728
2999 729
2994 729
2994 728
2990 728
2990 727
2986 727
2986 726
2985 726
2985 725
2983 725
2983 724
2981 724
2981 721
2978 721
2978 720
2974 720
2974 719
2963 719
2963 718
2962 718
2962 717
2956 717
2956 718
2955 718
2955 717
2950 717
2950 718
2947 718
2947 719
2946 719
2946 720
2939 720
2939 721
2936 721
2936 722
2932 722
2932 723
2929 723
2929 724
2927 724
2927 725
2925 725
2925 726
2924 726
2924 727
2923 727
2923 728
2922 728
2922 729
2905 729
2905 730
2894 730
2894 729
2891 729
2891 728
2877 728
2877 729
2875 729
2875 730
2862 730
2862 731
2858 731
2858 732
2854 732
2854 733
2839 733
2839 734
2835 734
2835 735
2833 735
2833 734
2828 734
2828 733
2826 733
2826 732
2825 732
2825 731
2818 731
2818 733
2817 733
2817 740
2816 740
2816 746
2815 746
2815 751
2814 751
2814 752
2802 752
2802 751
2799 751
2799 750
2798 750
2798 748
2797 748
2797 747
2796 747
2796 746
2795 746
2795 744
2794 744
2794 743
2793 743
2793 742
2791 742
2791 743
2787 743
2787 744
2784 744
2784 745
2780 745
2780 746
2776 746
2776 745
2768 745
2768 744
2766 744
2766 743
2763 743
2763 742
2761 742
2761 741
2760 741
2760 740
2759 740
2759 739
2758 739
2758 737
2757 737
2757 735
2756 735
2756 734
2755 734
2755 733
2754 733
2754 723
2753 723
2753 722
2752 722
2752 721
2751 721
2751 720
2747 720
2747 719
2745 719
2745 718
2741 718
2741 717
2737 717
2737 716
2736 716
2736 715
2734 715
2734 714
2731 714
2731 713
2726 713
2726 712
2725 712
2725 711
2723 711
2723 710
2720 710
2720 709
2715 709
2715 708
2714 708
2714 707
2712 707
2712 706
2711 706
2711 705
2710 705
2710 704
2709 704
2709 703
2708 703
2708 702
2706 702
2706 701
2700 701
2700 702
2699 702
2699 703
2698 703
2698 704
2697 704
2697 706
2696 706
2696 707
2695 707
2695 708
2694 708
2694 709
2693 709
2693 710
2688 710
2688 711
2687 711
2687 714
2686 714
2686 720
2685 720
2685 725
2684 725
2684 727
2683 727
2683 728
2682 728
2682 729
2681 729
2681 731
2678 731
2678 732
2673 732
2673 733
2672 733
2672 734
2671 734
2671 735
2670 735
2670 736
2669 736
2669 738
2667 738
2667 739
2659 739
2659 740
2658 740
2658 742
2651 742
2651 743
2640 743
2640 744
2638 744
2638 745
2637 745
2637 746
2636 746
2636 747
2634 747
2634 748
2632 748
2632 749
2629 749
2629 750
2627 750
2627 751
2624 751
2624 752
2623 752
2623 753
2621 753
2621 754
2605 754
2605 753
2602 753
2602 752
2598 752
2598 753
2597 753
2597 754
2591 754
2591 753
2590 753
2590 752
2589 752
2589 753
2587 753
2587 754
2586 754
2586 755
2585 755
2585 757
2584 757
2584 758
2583 758
2583 760
2582 760
2582 763
2581 763
2581 764
2580 764
2580 766
2579 766
2579 768
2578 768
2578 773
2577 773
2577 775
2576 775
2576 777
2575 777
2575 780
2574 780
2574 782
2573 782
2573 783
2572 783
2572 785
2571 785
2571 787
2569 787
2569 788
2568 788
2568 790
2567 790
2567 791
2566 791
2566 792
2564 792
2564 793
2563 793
2563 794
2562 794
2562 796
2561 796
2561 799
2560 799
2560 806
2559 806
2559 813
2558 813
2558 827
2557 827
2557 828
2556 828
2556 830
2555 830
2555 831
2554 831
2554 832
2553 832
2553 833
2552 833
2552 834
2551 834
2551 835
2550 835
2550 837
2548 837
2548 838
2542 838
2542 839
2540 839
2540 840
2539 840
2539 841
2535 841
2535 842
2534 842
2534 843
2533 843
2533 845
2532 845
2532 846
2530 846
2530 847
2529 847
2529 846
2521 846
2521 845
2517 845
2517 846
2514 846
2514 845
2505 845
2505 844
2502 844
2502 843
2498 843
2498 844
2496 844
2496 845
2495 845
2495 846
2494 846
2494 847
2493 847
2493 848
2492 848
2492 849
2491 849
2491 851
2490 851
2490 852
2489 852
2489 853
2487 853
2487 854
2477 854
2477 855
2476 855
2476 856
2474 856
2474 857
2472 857
2472 856
2465 856
2465 855
2462 855
2462 856
2461 856
2461 857
2459 857
2459 858
2454 858
2454 859
2449 859
2449 860
2448 860
2448 861
2447 861
2447 862
2444 862
2444 863
2438 863
2438 864
2436 864
2436 865
2435 865
2435 866
2434 866
2434 867
2423 867
2423 868
2421 868
2421 869
2415 869
2415 868
2408 868
2408 867
2401 867
2401 866
2395 866
2395 865
2387 865
2387 864
2382 864
2382 863
2374 863
2374 862
2369 862
2369 861
2367 861
2367 860
2365 860
2365 859
2361 859
2361 858
2358 858
2358 857
2356 857
2356 858
2347 858
2347 859
2341 859
2341 860
2337 860
2337 861
2332 861
2332 862
2329 862
2329 861
2321 861
2321 862
2315 862
2315 863
2312 863
2312 864
2307 864
2307 863
2305 863
2305 862
2263 862
2263 861
2250 861
2250 858
2251 858
2251 850
2250 850
2250 849
2249 849
2249 848
2248 848
2248 847
2244 847
2244 846
2238 846
2238 845
2235 845
2235 844
2234 844
2234 843
2233 843
2233 842
2231 842
2231 841
2229 841
2229 840
2228 840
2228 839
2226 839
2226 838
2224 838
2224 837
2223 837
2223 834
2222 834
2222 832
2221 832
2221 829
2220 829
2220 826
2219 826
2219 823
2218 823
2218 822
2217 822
2217 821
2216 821
2216 820
2215 820
2215 819
2212 819
2212 818
2211 818
2211 817
2210 817
2210 815
2209 815
2209 814
2208 814
2208 813
2207 813
2207 812
2206 812
2206 811
2205 811
2205 810
2204 810
2204 809
2203 809
2203 808
2202 808
2202 807
2201 807
2201 806
2200 806
2200 805
2199 805
2199 804
2198 804
2198 803
2197 803
2197 802
2196 802
2196 800
2195 800
2195 799
2194 799
2194 795
2193 795
2193 788
2192 788
2192 785
2191 785
2191 780
2190 780
2190 763
2189 763
2189 754
2188 754
2188 751
2187 751
2187 749
2186 749
2186 748
2185 748
2185 747
2184 747
2184 746
2182 746
2182 745
2180 745
2180 744
2179 744
2179 743
2178 743
2178 740
2177 740
2177 739
2176 739
2176 737
2175 737
2175 736
2174 736
2174 735
2173 735
2173 734
2172 734
2172 733
2164 733
2164 734
2162 734
2162 735
2161 735
2161 736
2160 736
2160 737
2159 737
2159 740
2158 740
2158 741
2156 741
2156 742
2154 742
2154 743
2150 743
2150 744
2148 744
2148 745
2146 745
2146 746
2145 746
2145 747
2143 747
2143 748
2141 748
2141 749
2140 749
2140 750
2139 750
2139 751
2137 751
2137 752
2122 752
2122 751
2119 751
2119 750
2112 750
2112 749
2108 749
2108 748
2104 748
2104 747
2103 747
2103 746
2101 746
2101 745
2098 745
2098 744
2092 744
2092 743
2091 743
2091 742
2090 742
2090 741
2088 741
2088 740
2085 740
2085 739
2084 739
2084 738
2083 738
2083 737
2082 737
2082 735
2081 735
2081 734
2080 734
2080 733
2079 733
2079 732
2077 732
2077 731
2075 731
2075 730
2073 730
2073 731
2070 731
2070 732
2069 732
2069 734
2068 734
2068 735
2057 735
2057 736
2053 736
2053 737
2052 737
2052 739
2053 739
2053 746
2052 746
2052 747
2050 747
2050 748
2049 748
2049 749
2048 749
2048 750
2046 750
2046 751
2045 751
2045 752
2044 752
2044 754
2043 754
2043 755
2041 755
2041 756
2040 756
2040 761
2039 761
2039 762
2036 762
2036 763
2030 763
2030 764
2027 764
2027 765
2026 765
2026 766
2025 766
2025 767
2024 767
2024 768
2023 768
2023 769
2022 769
2022 771
2021 771
2021 772
2016 772
2016 773
2011 773
2011 774
2008 774
2008 775
2007 775
2007 776
2006 776
2006 777
2004 777
2004 778
2003 778
2003 780
2002 780
2002 782
2001 782
2001 783
1983 783
1983 784
1981 784
1981 785
1974 785
1974 784
1973 784
1973 783
1972 783
1972 782
1971 782
1971 781
1970 781
1970 779
1969 779
1969 777
1968 777
1968 776
1967 776
1967 774
1966 774
1966 773
1965 773
1965 772
1964 772
1964 771
1963 771
1963 770
1962 770
1962 769
1961 769
1961 768
1960 768
1960 767
1959 767
1959 765
1958 765
1958 764
1955 764
1955 763
1954 763
1954 762
1953 762
1953 761
1950 761
1950 760
1944 760
1944 759
1941 759
1941 758
1940 758
1940 757
1939 757
1939 756
1938 756
1938 755
1937 755
1937 754
1935 754
1935 753
1930 753
1930 752
1928 752
1928 751
1925 751
1925 750
1924 750
1924 749
1923 749
1923 747
1922 747
1922 746
1921 746
1921 745
1920 745
1920 744
1919 744
1919 743
1915 743
1915 742
1905 742
1905 741
1898 741
1898 740
1888 740
1888 739
1883 739
1883 738
1877 738
1877 739
1875 739
1875 738
1874 738
1874 737
1869 737
1869 736
1865 736
1865 737
1855 737
1855 736
1854 736
1854 735
1853 735
1853 734
1850 734
1850 733
1847 733
1847 732
1839 732
1839 731
1837 731
1837 730
1832 730
1832 731
1802 731
1802 730
1800 730
1800 729
1798 729
1798 728
1796 728
1796 727
1794 727
1794 726
1793 726
1793 725
1792 725
1792 722
1794 722
1794 721
1795 721
1795 720
1796 720
1796 717
1795 717
1795 714
1794 714
1794 713
1793 713
1793 712
1788 712
1788 711
1787 711
1787 710
1786 710
1786 709
1785 709
1785 708
1784 708
1784 705
1783 705
1783 703
1782 703
1782 699
1781 699
1781 696
1780 696
1780 693
1779 693
1779 692
1778 692
1778 691
1777 691
1777 690
1776 690
1776 689
1774 689
1774 688
1773 688
1773 687
1772 687
1772 685
1771 685
1771 684
1770 684
1770 682
1769 682
1769 681
1768 681
1768 680
1767 680
1767 679
1766 679
1766 675
1765 675
1765 666
1764 666
1764 663
1763 663
1763 662
1762 662
1762 660
1761 660
1761 659
1760 659
1760 657
1759 657
1759 656
1755 656
1755 657
1753 657
1753 658
1752 658
1752 659
1751 659
1751 661
1750 661
1750 664
1742 664
1742 665
1741 665
1741 666
1740 666
1740 667
1738 667
1738 668
1736 668
1736 669
1730 669
1730 668
1727 668
1727 669
1721 669
1721 668
1718 668
1718 669
1715 669
1715 668
1708 668
1708 667
1706 667
1706 666
1703 666
1703 665
1696 665
1696 664
1695 664
1695 663
1694 663
1694 662
1693 662
1693 661
1691 661
1691 660
1680 660
1680 659
1673 659
1673 658
1672 658
1672 657
1671 657
1671 655
1670 655
1670 652
1669 652
1669 620
1668 620
1668 619
1665 619
1665 618
1660 618
1660 617
1656 617
1656 616
1654 616
1654 617
1648 617
1648 616
1631 616
1631 617
1628 617
1628 618
1624 618
1624 619
1622 619
1622 620
1621 620
1621 621
1619 621
1619 622
1618 622
1618 623
1616 623
1616 624
1597 624
1597 626
1596 626
1596 628
1592 628
1592 629
1583 629
1583 630
1579 630
1579 629
1577 629
1577 630
1576 630
1576 631
1575 631
1575 632
1574 632
1574 634
1573 634
1573 635
1571 635
1571 636
1569 636
1569 637
1559 637
1559 638
1554 638
1554 643
1553 643
1553 644
1552 644
1552 647
1551 647
1551 649
1550 649
1550 650
1549 650
1549 652
1547 652
1547 653
1544 653
1544 654
1542 654
1542 664
1541 664
1541 665
1540 665
1540 666
1539 666
1539 667
1538 667
1538 668
1537 668
1537 669
1536 669
1536 670
1532 670
1532 671
1525 671
1525 672
1523 672
1523 673
1520 673
1520 674
1511 674
1511 675
1509 675
1509 676
1499 676
1499 675
1493 675
1493 676
1491 676
1491 677
1490 677
1490 678
1489 678
1489 679
1488 679
1488 680
1485 680
1485 681
1478 681
1478 680
1474 680
1474 679
1472 679
1472 680
1470 680
1470 681
1468 681
1468 682
1467 682
1467 683
1466 683
1466 685
1465 685
1465 686
1463 686
1463 687
1459 687
1459 688
1457 688
1457 689
1455 689
1455 690
1453 690
1453 691
1443 691
1443 692
1428 692
1428 691
1421 691
1421 690
1418 690
1418 689
1411 689
1411 688
1402 688
1402 687
1397 687
1397 686
1396 686
1396 685
1395 685
1395 684
1391 684
1391 683
1387 683
1387 682
1386 682
1386 681
1385 681
1385 680
1384 680
1384 679
1382 679
1382 677
1381 677
1381 676
1380 676
1380 675
1379 675
1379 674
1378 674
1378 673
1377 673
1377 672
1375 672
1375 671
1371 671
1371 670
1369 670
1369 669
1368 669
1368 668
1363 668
1363 667
1360 667
1360 666
1356 666
1356 665
1353 665
1353 664
1350 664
1350 663
1348 663
1348 662
1347 662
1347 661
1346 661
1346 660
1345 660
1345 659
1344 659
1344 657
1343 657
1343 656
1342 656
1342 655
1341 655
1341 654
1340 654
1340 653
1336 653
1336 652
1328 652
1328 651
1327 651
1327 650
1326 650
1326 649
1324 649
1324 647
1323 647
1323 645
1322 645
1322 641
1321 641
1321 636
1320 636
1320 632
1319 632
1319 631
1318 631
1318 629
1317 629
1317 628
1315 628
1315 627
1314 627
1314 626
1313 626
1313 625
1312 625
1312 623
1311 623
1311 620
1310 620
1310 615
1309 615
1309 612
1308 612
1308 611
1309 611
1309 607
1308 607
1308 606
1307 606
1307 605
1303 605
1303 612
1302 612
1302 613
1301 613
1301 616
1300 616
1300 617
1296 617
1296 618
1273 618
1273 617
1269 617
1269 616
1268 616
1268 614
1267 614
1267 613
1266 613
1266 612
1265 612
1265 611
1263 611
1263 610
1259 610
1259 611
1257 611
1257 612
1255 612
1255 613
1253 613
1253 614
1252 614
1252 615
1251 615
1251 617
1245 617
1245 618
1243 618
1243 619
1242 619
1242 620
1241 620
1241 621
1240 621
1240 622
1234 622
1234 623
1224 623
1224 622
1223 622
1223 621
1222 621
1222 619
1221 619
1221 618
1220 618
1220 617
1219 617
1219 616
1218 616
1218 615
1217 615
1217 614
1213 614
1213 613
1211 613
1211 612
1210 612
1210 610
1209 610
1209 608
1208 608
1208 607
1207 607
1207 606
1204 606
1204 605
1195 605
1195 606
1186 606
1186 605
1183 605
1183 604
1179 604
1179 603
1177 603
1177 602
1175 602
1175 601
1174 601
1174 600
1173 600
1173 599
1172 599
1172 595
1171 595
1171 593
1170 593
1170 575
1169 575
1169 560
1168 560
1168 559
1166 559
1166 558
1163 558
1163 557
1162 557
1162 556
1161 556
1161 554
1160 554
1160 553
1159 553
1159 550
1158 550
1158 548
1157 548
1157 545
1156 545
1156 544
1155 544
1155 543
1154 543
1154 542
1148 542
1148 541
1139 541
1139 540
1137 540
1137 539
1136 539
1136 538
1135 538
1135 536
1134 536
1134 534
1133 534
1133 533
1128 533
1128 532
1126 532
1126 531
1125 531
1125 529
1124 529
1124 528
1119 528
1119 529
1117 529
1117 530
1116 530
1116 532
1115 532
1115 533
1114 533
1114 544
1113 544
1113 546
1112 546
1112 550
1110 550
1110 551
1109 551
1109 552
1108 552
1108 553
1105 553
1105 554
1104 554
1104 555
1102 555
1102 556
1100 556
1100 557
1099 557
1099 558
1096 558
1096 559
1093 559
1093 560
1092 560
1092 561
1091 561
1091 562
1090 562
1090 563
1084 563
1084 564
1076 564
1076 563
1062 563
1062 562
1060 562
1060 561
1059 561
1059 560
1058 560
1058 559
1057 559
1057 558
1056 558
1056 557
1055 557
1055 556
1054 556
1054 553
1053 553
1053 533
1052 533
1052 521
1051 521
1051 520
1049 520
1049 519
1045 519
1045 518
1044 518
1044 517
1041 517
1041 516
1036 516
1036 515
1033 515
1033 514
1029 514
1029 515
1024 515
1024 516
1020 516
1020 517
1019 517
1019 518
1018 518
1018 519
1015 519
1015 520
1009 520
1009 521
1008 521
1008 522
998 522
998 523
997 523
997 524
996 524
996 525
995 525
995 526
994 526
994 525
993 525
993 524
992 524
992 523
988 523
988 524
987 524
987 525
986 525
986 526
985 526
985 527
984 527
984 530
978 530
978 531
968 531
968 530
964 530
964 529
960 529
960 546
959 546
959 547
958 547
958 551
954 551
954 552
953 552
953 554
952 554
952 555
951 555
951 557
950 557
950 558
949 558
949 559
947 559
947 560
946 560
946 561
937 561
937 562
936 562
936 563
935 563
935 564
934 564
934 565
922 565
922 564
920 564
920 563
917 563
917 564
914 564
914 565
913 565
913 566
903 566
903 567
902 567
902 568
901 568
901 569
899 569
899 570
888 570
888 569
884 569
884 568
881 568
881 567
880 567
880 566
879 566
879 565
878 565
878 564
877 564
877 562
876 562
876 560
875 560
875 546
874 546
874 537
875 537
875 535
874 535
874 533
873 533
873 531
872 531
872 529
871 529
871 527
870 527
870 526
869 526
869 525
868 525
868 522
867 522
867 521
865 521
865 520
864 520
864 519
862 519
862 518
860 518
860 517
859 517
859 516
858 516
858 515
857 515
857 513
856 513
856 512
855 512
855 511
854 511
854 509
853 509
853 508
852 508
852 507
851 507
851 506
849 506
849 505
847 505
847 504
845 504
845 503
843 503
843 502
842 502
842 501
841 501
841 500
839 500
839 499
837 499
837 498
836 498
836 497
835 497
835 496
833 496
833 495
831 495
831 494
830 494
830 493
829 493
829 492
828 492
828 491
826 491
826 490
823 490
823 489
819 489
819 487
818 487
818 486
815 486
815 485
809 485
809 484
805 484
805 483
803 483
803 482
792 482
792 481
788 481
788 480
783 480
783 479
779 479
779 478
774 478
774 477
769 477
769 476
767 476
767 475
765 475
765 474
764 474
764 473
763 473
763 472
762 472
762 471
761 471
761 444
760 444
760 438
761 438
761 424
760 424
760 423
761 423
761 416
760 416
760 408
759 408
759 399
758 399
758 390
757 390
757 389
756 389
756 388
755 388
755 387
754 387
754 385
753 385
753 381
752 381
752 380
751 380
751 379
750 379
750 377
749 377
749 376
748 376
748 375
747 375
747 374
746 374
746 373
745 373
745 372
744 372
744 371
742 371
742 370
739 370
739 369
733 369
733 368
732 368
732 367
730 367
730 365
729 365
729 364
728 364
728 363
727 363
727 362
725 362
725 361
724 361
724 360
723 360
723 359
722 359
722 358
721 358
721 356
720 356
720 355
718 355
718 354
712 354
712 352
704 352
704 351
701 351
701 350
698 350
698 349
695 349
695 348
689 348
689 349
687 349
687 350
686 350
686 351
684 351
684 352
683 352
683 353
681 353
681 354
680 354
680 356
677 356
677 357
676 357
676 358
675 358
675 359
674 359
674 360
671 360
671 361
670 361
670 362
668 362
668 363
662 363
662 364
659 364
659 365
648 365
648 364
645 364
645 363
644 363
644 362
643 362
643 361
642 361
642 359
641 359
641 358
640 358
640 357
639 357
639 354
638 354
638 353
637 353
637 352
634 352
634 351
632 351
632 352
615 352
615 351
612 351
612 350
611 350
611 349
609 349
609 347
608 347
608 346
606 346
606 345
605 345
605 344
604 344
604 343
602 343
602 342
597 342
597 341
591 341
591 342
588 342
588 343
585 343
585 344
583 344
583 345
568 345
568 344
564 344
564 343
560 343
560 342
559 342
559 341
557 341
557 340
556 340
556 339
553 339
553 338
549 338
549 339
547 339
547 340
530 340
530 339
528 339
528 338
527 338
527 337
526 337
526 336
524 336
524 335
522 335
522 334
520 334
520 333
517 333
517 332
515 332
515 331
514 331
514 330
512 330
512 329
511 329
511 328
510 328
510 327
508 327
508 326
507 326
507 325
505 325
505 324
503 324
503 323
500 323
500 322
499 322
499 321
497 321
497 320
494 320
494 319
480 319
480 320
479 320
479 319
472 319
472 318
471 318
471 317
469 317
469 315
468 315
468 314
467 314
467 311
466 311
466 307
465 307
465 304
464 304
464 301
463 301
463 299
462 299
462 297
461 297
461 296
460 296
460 295
459 295
459 294
457 294
457 293
456 293
456 292
455 292
455 290
454 290
454 289
453 289
453 288
452 288
452 284
451 284
451 283
450 283
450 282
449 282
449 281
446 281
446 280
444 280
444 279
443 279
443 278
441 278
441 277
437 277
437 276
435 276
435 275
433 275
433 274
432 274
432 273
428 273
428 272
425 272
425 273
420 273
420 274
418 274
418 273
417 273
417 272
415 272
415 271
414 271
414 270
412 270
412 269
411 269
411 268
410 268
410 267
408 267
408 266
407 266
407 265
406 265
406 264
405 264
405 263
404 263
404 262
400 262
400 261
399 261
399 260
398 260
398 259
394 259
394 258
393 258
393 257
392 257
392 256
391 256
391 254
390 254
390 252
389 252
389 250
388 250
388 249
384 249
384 248
380 248
380 247
378 247
378 246
377 246
377 247
370 247
370 246
360 246
360 245
350 245
350 244
339 244
339 243
333 243
333 244
325 244
325 245
323 245
323 244
322 244
322 243
317 243
317 242
313 242
313 241
309 241
309 240
304 240
304 239
302 239
302 238
300 238
300 237
299 237
299 236
298 236
298 234
297 234
297 236
298 236
298 237
299 237
299 238
300 238
300 239
302 239
302 240
304 240
304 241
309 241
309 242
313 242
313 243
317 243
317 244
322 244
322 245
323 245
323 246
325 246
325 245
333 245
333 244
339 244
339 245
350 245
350 246
360 246
360 247
370 247
370 248
377 248
377 247
378 247
378 248
380 248
380 249
384 249
384 250
388 250
388 252
389 252
389 254
390 254
390 256
391 256
391 257
392 257
392 258
393 258
393 259
394 259
394 260
398 260
398 261
399 261
399 262
400 262
400 263
404 263
404 264
405 264
405 265
406 265
406 266
407 266
407 267
408 267
408 268
410 268
410 269
411 269
411 270
412 270
412 271
414 271
414 272
415 272
415 273
417 273
417 274
418 274
418 275
420 275
420 274
425 274
425 273
428 273
428 274
432 274
432 275
433 275
433 276
435 276
435 277
437 277
437 278
441 278
441 279
443 279
443 280
444 280
444 281
446 281
446 282
449 282
449 283
450 283
450 284
451 284
451 288
452 288
452 289
453 289
453 290
454 290
454 292
455 292
455 293
456 293
456 294
457 294
457 295
459 295
459 296
460 296
460 297
461 297
461 299
462 299
462 301
463 301
463 304
464 304
464 307
465 307
465 311
466 311
466 314
467 314
467 315
468 315
468 317
469 317
469 318
471 318
471 319
472 319
472 320
479 320
479 321
480 321
480 320
494 320
494 321
497 321
497 322
499 322
499 323
500 323
500 324
503 324
503 325
505 325
505 326
507 326
507 327
508 327
508 328
510 328
510 329
511 329
511 330
512 330
512 331
514 331
514 332
515 332
515 333
517 333
517 334
520 334
520 335
522 335
522 336
524 336
524 337
526 337
526 338
527 338
527 339
528 339
528 340
530 340
530 341
547 341
547 340
549 340
549 339
553 339
553 340
556 340
556 341
557 341
557 342
559 342
559 343
560 343
560 344
564 344
564 345
568 345
568 346
583 346
583 345
585 345
585 344
588 344
588 343
591 343
591 342
597 342
597 343
602 343
602 344
604 344
604 345
605 345
605 346
606 346
606 347
608 347
608 349
609 349
609 350
611 350
611 351
612 351
612 352
615 352
615 353
632 353
632 352
634 352
634 353
637 353
637 354
638 354
638 357
639 357
639 358
640 358
640 359
641 359
641 361
642 361
642 362
643 362
643 363
644 363
644 364
645 364
645 365
648 365
648 366
659 366
659 365
662 365
662 364
668 364
668 363
670 363
670 362
671 362
671 361
674 361
674 360
675 360
675 359
676 359
676 358
677 358
677 357
680 357
680 356
681 356
681 354
683 354
683 353
684 353
684 352
686 352
686 351
687 351
687 350
689 350
689 349
695 349
695 350
698 350
698 351
701 351
701 352
704 352
704 353
711 353
711 354
712 354
712 355
718 355
718 356
720 356
720 358
721 358
721 359
722 359
722 360
723 360
723 361
724 361
724 362
725 362
725 363
727 363
727 364
728 364
728 365
729 365
729 367
730 367
730 368
732 368
732 369
733 369
733 370
739 370
739 371
742 371
742 372
744 372
744 373
745 373
745 374
746 374
746 375
747 375
747 376
748 376
748 377
749 377
749 379
750 379
750 380
751 380
751 381
752 381
752 385
753 385
753 387
754 387
754 388
755 388
755 389
756 389
756 390
757 390
757 399
758 399
758 408
759 408
759 416
760 416
760 423
759 423
759 424
760 424
760 438
759 438
759 444
760 444
760 471
761 471
761 472
762 472
762 473
763 473
763 474
764 474
764 475
765 475
765 476
767 476
767 477
769 477
769 478
774 478
774 479
779 479
779 480
783 480
783 481
788 481
788 482
792 482
792 483
803 483
803 484
805 484
805 485
809 485
809 486
815 486
815 487
818 487
818 489
819 489
819 490
823 490
823 491
826 491
826 492
828 492
828 493
829 493
829 494
830 494
830 495
831 495
831 496
833 496
833 497
835 497
835 498
836 498
836 499
837 499
837 500
839 500
839 501
841 501
841 502
842 502
842 503
843 503
843 504
845 504
845 505
847 505
847 506
849 506
849 507
851 507
851 508
852 508
852 509
853 509
853 511
854 511
854 512
855 512
855 513
856 513
856 515
857 515
857 516
858 516
858 517
859 517
859 518
860 518
860 519
862 519
862 520
864 520
864 521
865 521
865 522
867 522
867 525
868 525
868 526
869 526
869 527
870 527
870 529
871 529
871 531
872 531
872 533
873 533
873 535
874 535
874 536
873 536
873 546
874 546
874 560
875 560
875 562
876 562
876 564
877 564
877 565
878 565
878 566
879 566
879 567
880 567
880 568
881 568
881 569
884 569
884 570
888 570
888 571
899 571
899 570
901 570
901 569
902 569
902 568
903 568
903 567
913 567
913 566
914 566
914 565
917 565
917 564
920 564
920 565
922 565
922 566
934 566
934 565
935 565
935 564
936 564
936 563
937 563
937 562
946 562
946 561
947 561
947 560
949 560
949 559
950 559
950 558
951 558
951 557
952 557
952 555
953 555
953 554
954 554
954 552
958 552
958 551
959 551
959 547
960 547
960 546
961 546
961 530
964 530
964 531
968 531
968 532
978 532
978 531
984 531
984 530
985 530
985 527
986 527
986 526
987 526
987 525
988 525
988 524
992 524
992 525
993 525
993 527
995 527
995 526
996 526
996 525
997 525
997 524
998 524
998 523
1008 523
1008 522
1009 522
1009 521
1015 521
1015 520
1018 520
1018 519
1019 519
1019 518
1020 518
1020 517
1024 517
1024 516
1029 516
1029 515
1033 515
1033 516
1036 516
1036 517
1041 517
1041 518
1044 518
1044 519
1045 519
1045 520
1049 520
1049 521
1051 521
1051 533
1052 533
1052 553
1053 553
1053 556
1054 556
1054 557
1055 557
1055 558
1056 558
1056 559
1057 559
1057 560
1058 560
1058 561
1059 561
1059 562
1060 562
1060 563
1062 563
1062 564
1076 564
1076 565
1084 565
1084 564
1090 564
1090 563
1091 563
1091 562
1092 562
1092 561
1093 561
1093 560
1096 560
1096 559
1099 559
1099 558
1100 558
1100 557
1102 557
1102 556
1104 556
1104 555
1105 555
1105 554
1108 554
1108 553
1109 553
1109 552
1110 552
1110 551
1112 551
1112 550
1113 550
1113 546
1114 546
1114 544
1115 544
1115 533
1116 533
1116 532
1117 532
1117 530
1119 530
1119 529
1124 529
1124 531
1125 531
1125 532
1126 532
1126 533
1128 533
1128 534
1133 534
1133 536
1134 536
1134 538
1135 538
1135 539
1136 539
1136 540
1137 540
1137 541
1139 541
1139 542
1148 542
1148 543
1154 543
1154 544
1155 544
1155 545
1156 545
1156 548
1157 548
1157 550
1158 550
1158 553
1159 553
1159 554
1160 554
1160 556
1161 556
1161 557
1162 557
1162 558
1163 558
1163 559
1166 559
1166 560
1168 560
1168 575
1169 575
1169 593
1170 593
1170 595
1171 595
1171 599
1172 599
1172 600
1173 600
1173 601
1174 601
1174 602
1175 602
1175 603
1177 603
1177 604
1179 604
1179 605
1183 605
1183 606
1186 606
1186 607
1195 607
1195 606
1204 606
1204 607
1207 607
1207 608
1208 608
1208 610
1209 610
1209 612
1210 612
1210 613
1211 613
1211 614
1213 614
1213 615
1217 615
1217 616
1218 616
1218 617
1219 617
1219 618
1220 618
1220 619
1221 619
1221 621
1222 621
1222 622
1223 622
1223 623
1224 623
1224 624
1234 624
1234 623
1240 623
1240 622
1241 622
1241 621
1242 621
1242 620
1243 620
1243 619
1245 619
1245 618
1251 618
1251 617
1252 617
1252 615
1253 615
1253 614
1255 614
1255 613
1257 613
1257 612
1259 612
1259 611
1263 611
1263 612
1265 612
1265 613
1266 613
1266 614
1267 614
1267 616
1268 616
1268 617
1269 617
1269 618
1273 618
1273 619
1296 619
1296 618
1300 618
1300 617
1301 617
1301 616
1302 616
1302 613
1303 613
1303 612
1304 612
1304 606
1307 606
1307 607
1308 607
1308 611
1307 611
1307 612
1308 612
1308 615
1309 615
1309 620
1310 620
1310 623
1311 623
1311 625
1312 625
1312 626
1313 626
1313 627
1314 627
1314 628
1315 628
1315 629
1317 629
1317 631
1318 631
1318 632
1319 632
1319 636
1320 636
1320 641
1321 641
1321 645
1322 645
1322 647
1323 647
1323 649
1324 649
1324 650
1326 650
1326 651
1327 651
1327 652
1328 652
1328 653
1336 653
1336 654
1340 654
1340 655
1341 655
1341 656
1342 656
1342 657
1343 657
1343 659
1344 659
1344 660
1345 660
1345 661
1346 661
1346 662
1347 662
1347 663
1348 663
1348 664
1350 664
1350 665
1353 665
1353 666
1356 666
1356 667
1360 667
1360 668
1363 668
1363 669
1368 669
1368 670
1369 670
1369 671
1371 671
1371 672
1375 672
1375 673
1377 673
1377 674
1378 674
1378 675
1379 675
1379 676
1380 676
1380 677
1381 677
1381 679
1382 679
1382 680
1384 680
1384 681
1385 681
1385 682
1386 682
1386 683
1387 683
1387 684
1391 684
1391 685
1395 685
1395 686
1396 686
1396 687
1397 687
1397 688
1402 688
1402 689
1411 689
1411 690
1418 690
1418 691
1421 691
1421 692
1428 692
1428 693
1443 693
1443 692
1453 692
1453 691
1455 691
1455 690
1457 690
1457 689
1459 689
1459 688
1463 688
1463 687
1465 687
1465 686
1466 686
1466 685
1467 685
1467 683
1468 683
1468 682
1470 682
1470 681
1472 681
1472 680
1474 680
1474 681
1478 681
1478 682
1485 682
1485 681
1488 681
1488 680
1489 680
1489 679
1490 679
1490 678
1491 678
1491 677
1493 677
1493 676
1499 676
1499 677
1509 677
1509 676
1511 676
1511 675
1520 675
1520 674
1523 674
1523 673
1525 673
1525 672
1532 672
1532 671
1536 671
1536 670
1537 670
1537 669
1538 669
1538 668
1539 668
1539 667
1540 667
1540 666
1541 666
1541 665
1542 665
1542 664
1543 664
1543 655
1544 655
1544 654
1547 654
1547 653
1549 653
1549 652
1550 652
1550 650
1551 650
1551 649
1552 649
1552 647
1553 647
1553 644
1554 644
1554 643
1555 643
1555 639
1559 639
1559 638
1569 638
1569 637
1571 637
1571 636
1573 636
1573 635
1574 635
1574 634
1575 634
1575 632
1576 632
1576 631
1577 631
1577 630
1579 630
1579 631
1583 631
1583 630
1592 630
1592 629
1596 629
1596 628
1597 628
1597 626
1598 626
1598 625
1616 625
1616 624
1618 624
1618 623
1619 623
1619 622
1621 622
1621 621
1622 621
1622 620
1624 620
1624 619
1628 619
1628 618
1631 618
1631 617
1648 617
1648 618
1654 618
1654 617
1656 617
1656 618
1660 618
1660 619
1665 619
1665 620
1668 620
1668 652
1669 652
1669 655
1670 655
1670 657
1671 657
1671 658
1672 658
1672 659
1673 659
1673 660
1680 660
1680 661
1691 661
1691 662
1693 662
1693 663
1694 663
1694 664
1695 664
1695 665
1696 665
1696 666
1703 666
1703 667
1706 667
1706 668
1708 668
1708 669
1715 669
1715 670
1718 670
1718 669
1721 669
1721 670
1727 670
1727 669
1730 669
1730 670
1736 670
1736 669
1738 669
1738 668
1740 668
1740 667
1741 667
1741 666
1742 666
1742 665
1750 665
1750 664
1751 664
1751 661
1752 661
1752 659
1753 659
1753 658
1755 658
1755 657
1759 657
1759 659
1760 659
1760 660
1761 660
1761 662
1762 662
1762 663
1763 663
1763 666
1764 666
1764 675
1765 675
1765 679
1766 679
1766 680
1767 680
1767 681
1768 681
1768 682
1769 682
1769 684
1770 684
1770 685
1771 685
1771 687
1772 687
1772 688
1773 688
1773 689
1774 689
1774 690
1776 690
1776 691
1777 691
1777 692
1778 692
1778 693
1779 693
1779 696
1780 696
1780 699
1781 699
1781 703
1782 703
1782 705
1783 705
1783 708
1784 708
1784 709
1785 709
1785 710
1786 710
1786 711
1787 711
1787 712
1788 712
1788 713
1793 713
1793 714
1794 714
1794 717
1795 717
1795 720
1794 720
1794 721
1791 721
1791 725
1792 725
1792 726
1793 726
1793 727
1794 727
1794 728
1796 728
1796 729
1798 729
1798 730
1800 730
1800 731
1802 731
1802 732
1832 732
1832 731
1837 731
1837 732
1839 732
1839 733
1847 733
1847 734
1850 734
1850 735
1853 735
1853 736
1854 736
1854 737
1855 737
1855 738
1865 738
1865 737
1869 737
1869 738
1874 738
1874 739
1875 739
1875 740
1877 740
1877 739
1883 739
1883 740
1888 740
1888 741
1898 741
1898 742
1905 742
1905 743
1915 743
1915 744
1919 744
1919 745
1920 745
1920 746
1921 746
1921 747
1922 747
1922 749
1923 749
1923 750
1924 750
1924 751
1925 751
1925 752
1928 752
1928 753
1930 753
1930 754
1935 754
1935 755
1937 755
1937 756
1938 756
1938 757
1939 757
1939 758
1940 758
1940 759
1941 759
1941 760
1944 760
1944 761
1950 761
1950 762
1953 762
1953 763
1954 763
1954 764
1955 764
1955 765
1958 765
1958 767
1959 767
1959 768
1960 768
1960 769
1961 769
1961 770
1962 770
1962 771
1963 771
1963 772
1964 772
1964 773
1965 773
1965 774
1966 774
1966 776
1967 776
1967 777
1968 777
1968 779
1969 779
1969 781
1970 781
1970 782
1971 782
1971 783
1972 783
1972 784
1973 784
1973 785
1974 785
1974 786
1981 786
1981 785
1983 785
1983 784
2001 784
2001 783
2003 783
2003 780
2004 780
2004 778
2006 778
2006 777
2007 777
2007 776
2008 776
2008 775
2011 775
2011 774
2016 774
2016 773
2022 773
2022 771
2023 771
2023 769
2024 769
2024 768
2025 768
2025 767
2026 767
2026 766
2027 766
2027 765
2030 765
2030 764
2036 764
2036 763
2039 763
2039 762
2040 762
2040 761
2041 761
2041 756
2043 756
2043 755
2044 755
2044 754
2045 754
2045 752
2046 752
2046 751
2048 751
2048 750
2049 750
2049 749
2050 749
2050 748
2052 748
2052 747
2053 747
2053 746
2054 746
2054 739
2053 739
2053 737
2057 737
2057 736
2069 736
2069 734
2070 734
2070 732
2073 732
2073 731
2075 731
2075 732
2077 732
2077 733
2079 733
2079 734
2080 734
2080 735
2081 735
2081 737
2082 737
2082 738
2083 738
2083 739
2084 739
2084 740
2085 740
2085 741
2088 741
2088 742
2090 742
2090 743
2091 743
2091 744
2092 744
2092 745
2098 745
2098 746
2101 746
2101 747
2103 747
2103 748
2104 748
2104 749
2108 749
2108 750
2112 750
2112 751
2119 751
2119 752
2122 752
2122 753
2137 753
2137 752
2139 752
2139 751
2140 751
2140 750
2141 750
2141 749
2143 749
2143 748
2145 748
2145 747
2146 747
2146 746
2148 746
2148 745
2150 745
2150 744
2154 744
2154 743
2156 743
2156 742
2158 742
2158 741
2159 741
2159 740
2160 740
2160 737
2161 737
2161 736
2162 736
2162 735
2164 735
2164 734
2172 734
2172 735
2173 735
2173 736
2174 736
2174 737
2175 737
2175 739
2176 739
2176 740
2177 740
2177 743
2178 743
2178 744
2179 744
2179 745
2180 745
2180 746
2182 746
2182 747
2184 747
2184 748
2185 748
2185 749
2186 749
2186 751
2187 751
2187 754
2188 754
2188 763
2189 763
2189 780
2190 780
2190 785
2191 785
2191 788
2192 788
2192 795
2193 795
2193 799
2194 799
2194 800
2195 800
2195 802
2196 802
2196 803
2197 803
2197 804
2198 804
2198 805
2199 805
2199 806
2200 806
2200 807
2201 807
2201 808
2202 808
2202 809
2203 809
2203 810
2204 810
2204 811
2205 811
2205 812
2206 812
2206 813
2207 813
2207 814
2208 814
2208 815
2209 815
2209 817
2210 817
2210 818
2211 818
2211 819
2212 819
2212 820
2215 820
2215 821
2216 821
2216 822
2217 822
2217 823
2218 823
2218 826
2219 826
2219 829
2220 829
2220 832
2221 832
2221 834
2222 834
2222 837
2223 837
2223 838
2224 838
2224 839
2226 839
2226 840
2228 840
2228 841
2229 841
2229 842
2231 842
2231 843
2233 843
2233 844
2234 844
2234 845
2235 845
2235 846
2238 846
2238 847
2244 847
2244 848
2248 848
2248 849
2249 849
2249 850
2250 850
2250 858
2249 858
2249 861
2250 861
2250 862
2263 862
2263 863
2305 863
2305 864
2307 864
2307 865
2312 865
2312 864
2315 864
2315 863
2321 863
2321 862
2329 862
2329 863
2332 863
2332 862
2337 862
2337 861
2341 861
2341 860
2347 860
2347 859
2356 859
2356 858
2358 858
2358 859
2361 859
2361 860
2365 860
2365 861
2367 861
2367 862
2369 862
2369 863
2374 863
2374 864
2382 864
2382 865
2387 865
2387 866
2395 866
2395 867
2401 867
2401 868
2408 868
2408 869
2415 869
2415 870
2421 870
2421 869
2423 869
2423 868
2434 868
2434 867
2435 867
2435 866
2436 866
2436 865
2438 865
2438 864
2444 864
2444 863
2447 863
2447 862
2448 862
2448 861
2449 861
2449 860
2454 860
2454 859
2459 859
2459 858
2461 858
2461 857
2462 857
2462 856
2465 856
2465 857
2472 857
2472 858
2474 858
2474 857
2476 857
2476 856
2477 856
2477 855
2487 855
2487 854
2489 854
2489 853
2490 853
2490 852
2491 852
2491 851
2492 851
2492 849
2493 849
2493 848
2494 848
2494 847
2495 847
2495 846
2496 846
2496 845
2498 845
2498 844
2502 844
2502 845
2505 845
2505 846
2514 846
2514 847
2517 847
2517 846
2521 846
2521 847
2529 847
2529 848
2530 848
2530 847
2532 847
2532 846
2533 846
2533 845
2534 845
2534 843
2535 843
2535 842
2539 842
2539 841
2540 841
2540 840
2542 840
2542 839
2548 839
2548 838
2550 838
2550 837
2551 837
2551 835
2552 835
2552 834
2553 834
2553 833
2554 833
2554 832
2555 832
2555 831
2556 831
2556 830
2557 830
2557 828
2558 828
2558 827
2559 827
2559 813
2560 813
2560 806
2561 806
2561 799
2562 799
2562 796
2563 796
2563 794
2564 794
2564 793
2566 793
2566 792
2567 792
2567 791
2568 791
2568 790
2569 790
2569 788
2571 788
2571 787
2572 787
2572 785
2573 785
2573 783
2574 783
2574 782
2575 782
2575 780
2576 780
2576 777
2577 777
2577 775
2578 775
2578 773
2579 773
2579 768
2580 768
2580 766
2581 766
2581 764
2582 764
2582 763
2583 763
2583 760
2584 760
2584 758
2585 758
2585 757
2586 757
2586 755
2587 755
2587 754
2589 754
2589 753
2590 753
2590 754
2591 754
2591 755
2597 755
2597 754
2598 754
2598 753
2602 753
2602 754
2605 754
2605 755
2621 755
2621 754
2623 754
2623 753
2624 753
2624 752
2627 752
2627 751
2629 751
2629 750
2632 750
2632 749
2634 749
2634 748
2636 748
2636 747
2637 747
2637 746
2638 746
2638 745
2640 745
2640 744
2651 744
2651 743
2659 743
2659 740
2667 740
2667 739
2669 739
2669 738
2670 738
2670 736
2671 736
2671 735
2672 735
2672 734
2673 734
2673 733
2678 733
2678 732
2681 732
2681 731
2682 731
2682 729
2683 729
2683 728
2684 728
2684 727
2685 727
2685 725
2686 725
2686 720
2687 720
2687 714
2688 714
2688 711
2693 711
2693 710
2694 710
2694 709
2695 709
2695 708
2696 708
2696 707
2697 707
2697 706
2698 706
2698 704
2699 704
2699 703
2700 703
2700 702
2706 702
2706 703
2708 703
2708 704
2709 704
2709 705
2710 705
2710 706
2711 706
2711 707
2712 707
2712 708
2714 708
2714 709
2715 709
2715 710
2720 710
2720 711
2723 711
2723 712
2725 712
2725 713
2726 713
2726 714
2731 714
2731 715
2734 715
2734 716
2736 716
2736 717
2737 717
2737 718
2741 718
2741 719
2745 719
2745 720
2747 720
2747 721
2751 721
2751 722
2752 722
2752 723
2753 723
2753 733
2754 733
2754 734
2755 734
2755 735
2756 735
2756 737
2757 737
2757 739
2758 739
2758 740
2759 740
2759 741
2760 741
2760 742
2761 742
2761 743
2763 743
2763 744
2766 744
2766 745
2768 745
2768 746
2776 746
2776 747
2780 747
2780 746
2784 746
2784 745
2787 745
2787 744
2791 744
2791 743
2793 743
2793 744
2794 744
2794 746
2795 746
2795 747
2796 747
2796 748
2797 748
2797 750
2798 750
2798 751
2799 751
2799 752
2802 752
2802 753
2814 753
2814 752
2815 752
2815 751
2816 751
2816 746
2817 746
2817 740
2818 740
2818 733
2819 733
2819 732
2825 732
2825 734
2828 734
2828 735
2833 735
2833 736
2835 736
2835 735
2839 735
2839 734
2854 734
2854 733
2858 733
2858 732
2862 732
2862 731
2875 731
2875 730
2877 730
2877 729
2891 729
2891 730
2894 730
2894 731
2905 731
2905 730
2922 730
2922 729
2923 729
2923 728
2924 728
2924 727
2925 727
2925 726
2927 726
2927 725
2929 725
2929 724
2932 724
2932 723
2936 723
2936 722
2939 722
2939 721
2946 721
2946 720
2947 720
2947 719
2950 719
2950 718
2955 718
2955 719
2956 719
2956 718
2962 718
2962 719
2963 719
2963 720
2974 720
2974 721
2978 721
2978 722
2980 722
2980 724
2981 724
2981 725
2983 725
2983 726
2985 726
2985 727
2986 727
2986 728
2990 728
2990 729
2994 729
2994 730
2999 730
2999 729
3001 729
3001 728
3002 728
3002 727
3003 727
3003 726
3004 726
3004 725
3005 725
3005 721
3006 721
3006 710
3007 710
3007 701
3008 701
3008 689
3009 689
3009 674
3010 674
3010 662
3011 662
3011 650
3012 650
3012 644
3013 644
3013 643
3016 643
3016 642
3019 642
3019 641
3020 641
3020 640
3021 640
3021 639
3022 639
3022 636
3023 636
3023 628
3024 628
3024 618
3029 618
3029 617
3031 617
3031 616
3032 616
3032 615
3033 615
3033 614
3034 614
3034 613
3035 613
3035 612
3036 612
3036 608
3037 608
3037 595
3038 595
3038 584
3039 584
3039 579
3040 579
3040 576
3046 576
3046 575
3048 575
3048 574
3050 574
3050 573
3051 573
3051 572
3052 572
3052 571
3058 571
3058 570
3062 570
3062 569
3064 569
3064 568
3067 568
3067 569
3068 569
3068 570
3069 570
3069 571
3070 571
3070 572
3071 572
3071 576
3072 576
3072 580
3073 580
3073 582
3074 582
3074 583
3075 583
3075 585
3076 585
3076 586
3078 586
3078 587
3080 587
3080 588
3084 588
3084 589
3099 589
3099 588
3101 588
3101 587
3102 587
3102 586
3103 586
3103 585
3105 585
3105 584
3107 584
3107 583
3108 583
3108 582
3113 582
3113 583
3116 583
3116 582
3118 582
3118 581
3119 581
3119 580
3120 580
3120 579
3123 579
3123 578
3129 578
3129 577
3131 577
3131 576
3146 576
3146 577
3157 577
3157 578
3159 578
3159 577
3164 577
3164 576
3166 576
3166 575
3167 575
3167 574
3169 574
3169 573
3170 573
3170 572
3172 572
3172 571
3177 571
3177 572
3178 572
3178 575
3177 575
3177 579
3178 579
3178 582
3177 582
3177 592
3178 592
3178 593
3179 593
3179 596
3180 596
3180 598
3181 598
3181 599
3182 599
3182 600
3184 600
3184 601
3187 601
3187 602
3189 602
3189 601
3193 601
3193 602
3202 602
3202 603
3205 603
3205 602
3207 602
3207 601
3210 601
3210 600
3211 600
3211 599
3212 599
3212 598
3213 598
3213 592
3214 592
3214 580
3215 580
3215 573
3217 573
3217 574
3220 574
3220 575
3221 575
3221 576
3223 576
3223 577
3236 577
3236 576
3239 576
3239 575
3241 575
3241 574
3244 574
3244 573
3247 573
3247 572
3250 572
3250 571
3252 571
3252 570
3256 570
3256 571
3260 571
3260 570
3267 570
3267 571
3271 571
3271 570
3273 570
3273 569
3274 569
3274 567
3275 567
3275 566
3276 566
3276 565
3277 565
3277 564
3278 564
3278 563
3284 563
3284 562
3285 562
3285 561
3286 561
3286 560
3287 560
3287 557
3288 557
3288 555
3289 555
3289 554
3294 554
3294 553
3297 553
3297 552
3300 552
3300 551
3305 551
3305 550
3307 550
3307 549
3308 549
3308 548
3309 548
3309 547
3310 547
3310 545
3311 545
3311 543
3312 543
3312 540
3313 540
3313 530
3314 530
3314 528
3316 528
3316 527
3319 527
3319 526
3320 526
3320 525
3322 525
3322 524
3323 524
3323 522
3324 522
3324 518
3325 518
3325 515
3326 515
3326 511
3327 511
3327 505
3328 505
3328 502
3327 502
3327 497
3330 497
3330 496
3331 496
3331 495
3332 495
3332 494
3334 494
3334 493
3336 493
3336 492
3337 492
3337 491
3338 491
3338 490
3340 490
3340 489
3341 489
3341 488
3343 488
3343 487
3345 487
3345 486
3346 486
3346 485
3347 485
3347 484
3348 484
3348 483
3349 483
3349 482
3350 482
3350 481
3351 481
3351 479
3352 479
3352 475
3353 475
3353 465
3354 465
3354 460
3355 460
3355 452
3356 452
3356 449
3359 449
3359 448
3360 448
3360 447
3361 447
3361 446
3363 446
3363 445
3364 445
3364 444
3365 444
3365 443
3366 443
3366 442
3367 442
3367 440
3368 440
3368 436
3369 436
3369 434
3370 434
3370 430
3371 430
3371 428
3372 428
3372 427
3373 427
3373 426
3376 426
3376 425
3377 425
3377 424
3378 424
3378 423
3379 423
3379 422
3380 422
3380 420
3381 420
3381 419
3382 419
3382 418
3386 418
3386 417
3388 417
3388 416
3390 416
3390 415
3391 415
3391 414
3392 414
3392 413
3398 413
3398 412
3400 412
3400 411
3405 411
3405 410
3406 410
3406 409
3409 409
3409 408
3411 408
3411 407
3413 407
3413 406
3415 406
3415 405
3416 405
3416 404
3417 404
3417 403
3422 403
3422 402
3424 402
3424 401
3426 401
3426 400
3428 400
3428 399
3431 399
3431 398
3448 398
3448 399
3449 399
3449 400
3451 400
3451 401
3453 401
3453 402
3458 402
3458 403
3463 403
3463 404
3466 404
3466 405
3470 405
3470 404
3473 404
3473 403
3474 403
3474 402
3475 402
3475 400
3476 400
3476 393
3477 393
3477 387
3478 387
3478 372
3479 372
3479 355
3480 355
3480 348
3481 348
3481 347
3483 347
3483 346
3484 346
3484 345
3485 345
3485 344
3486 344
3486 343
3488 343
3488 342
3490 342
3490 341
3491 341
3491 340
3492 340
3492 339
3493 339
3493 337
3494 337
3494 334
3495 334
3495 333
3509 333
3509 332
3516 332
3516 331
3517 331
3517 330
3518 330
3518 328
3521 328
3521 325
3522 325
3522 324
3524 324
3524 323
3529 323
3529 320
3530 320
3530 318
3536 318
3536 319
3545 319
3545 320
3551 320
3551 321
3556 321
3556 320
3562 320
3562 319
3563 319
3563 318
3564 318
3564 317
3565 317
3565 316
3566 316
3566 315
3567 315
3567 314
3569 314
3569 313
3573 313
3573 312
3574 312
3574 311
3578 311
3578 310
3581 310
3581 309
3583 309
3583 308
3581 308
3581 309
3578 309
3578 310
3574 310
3574 311
3573 311
3573 312
3569 312
3569 313
3567 313
3567 314
3566 314
3566 315
3565 315
3565 316
3564 316
3564 317
3563 317
3563 318
3562 318
3562 319
3556 319
3556 320
3551 320
3551 319
3545 319
3545 318
3536 318
3536 317
3530 317
3530 318
3529 318
3529 320
3528 320
3528 322
3524 322
3524 323
3522 323
3522 324
3521 324
3521 325
3520 325
3520 327
3518 327
3518 328
3517 328
3517 330
3516 330
3516 331
3509 331
3509 332
3495 332
3495 333
3494 333
3494 334
3493 334
3493 337
3492 337
3492 339
3491 339
3491 340
3490 340
3490 341
3488 341
3488 342
3486 342
3486 343
3485 343
3485 344
3484 344
3484 345
3483 345
3483 346
3480 346
3480 348
3479 348
3479 355
3478 355
3478 372
3477 372
3477 387
3476 387
3476 393
3475 393
3475 400
3474 400
3474 402
3473 402
3473 403
3470 403
3470 404
3466 404
3466 403
3463 403
3463 402
3458 402
3458 401
3453 401
3453 400
3451 400
3451 399
3449 399
3449 398
3448 398
3448 397
3431 397
3431 398
3428 398
3428 399
3426 399
3426 400
3424 400
3424 401
3422 401
3422 402
3417 402
3417 403
3416 403
3416 404
3415 404
3415 405
3413 405
3413 406
3411 406
3411 407
3409 407
3409 408
3406 408
3406 409
3405 409
3405 410
3400 410
3400 411
3398 411
3398 412
3392 412
3392 413
3391 413
3391 414
3390 414
3390 415
3388 415
3388 416
3386 416
3386 417
3382 417
3382 418
3381 418
3381 419
3380 419
3380 420
3379 420
3379 422
3378 422
3378 423
3377 423
3377 424
3376 424
3376 425
3373 425
3373 426
3372 426
3372 427
3370 427
3370 430
3369 430
3369 434
3368 434
3368 436
3367 436
3367 440
3366 440
3366 442
3365 442
3365 443
3364 443
3364 444
3363 444
3363 445
3360 445
3360 447
3359 447
3359 448
3355 448
3355 452
3354 452
3354 460
3353 460
3353 465
3352 465
3352 475
3351 475
3351 479
3350 479
3350 481
3349 481
3349 482
3348 482
3348 483
3347 483
3347 484
3346 484
3346 485
3345 485
3345 486
3343 486
3343 487
3341 487
3341 488
3340 488
3340 489
3337 489
3337 491
3336 491
3336 492
3334 492
3334 493
3332 493
3332 494
3331 494
3331 495
3330 495
3330 496
3326 496
3326 502
3327 502
3327 505
3326 505
3326 511
3325 511
3325 515
3324 515
3324 518
3323 518
3323 522
3322 522
3322 524
3320 524
3320 525
3319 525
3319 526
3316 526
3316 527
3314 527
3314 528
3313 528
3313 530
3312 530
3312 540
3311 540
3311 543
3310 543
3310 545
3309 545
3309 547
3308 547
3308 548
3307 548
3307 549
3305 549
