2638 915
2637 915
2637 924
2636 924
2636 925
2633 925
2633 926
2632 926
2632 928
2630 928
2630 927
2626 927
2626 926
2623 926
2623 925
2621 925
2621 926
2620 926
2620 927
2619 927
2619 928
2618 928
2618 929
2616 929
2616 930
2614 930
2614 931
2612 931
2612 932
2610 932
2610 933
2608 933
2608 934
2607 934
2607 941
2606 941
2606 946
2605 946
2605 947
2604 947
2604 948
2603 948
2603 949
2602 949
2602 950
2601 950
2601 951
2600 951
2600 952
2598 952
2598 953
2596 953
2596 954
2595 954
2595 956
2594 956
2594 957
2593 957
2593 959
2592 959
2592 962
2591 962
2591 963
2590 963
2590 965
2589 965
2589 966
2588 966
2588 967
2587 967
2587 969
2585 969
2585 970
2584 970
2584 971
2583 971
2583 972
2582 972
2582 973
2581 973
2581 974
2580 974
2580 976
2579 976
2579 979
2571 979
2571 980
2570 980
2570 981
2569 981
2569 982
2568 982
2568 983
2567 983
2567 984
2566 984
2566 985
2565 985
2565 986
2560 986
2560 987
2559 987
2559 988
2558 988
2558 989
2557 989
2557 991
2556 991
2556 993
2555 993
2555 995
2554 995
2554 999
2553 999
2553 1001
2552 1001
2552 1003
2542 1003
2542 1004
2541 1004
2541 1005
2540 1005
2540 1011
2539 1011
2539 1020
2538 1020
2538 1029
2537 1029
2537 1040
2536 1040
2536 1048
2535 1048
2535 1058
2534 1058
2534 1064
2533 1064
2533 1065
2532 1065
2532 1066
2531 1066
2531 1070
2528 1070
2528 1071
2527 1071
2527 1072
2525 1072
2525 1073
2524 1073
2524 1074
2523 1074
2523 1076
2522 1076
2522 1077
2521 1077
2521 1081
2520 1081
2520 1083
2518 1083
2518 1084
2510 1084
2510 1085
2509 1085
2509 1086
2508 1086
2508 1087
2503 1087
2503 1088
2500 1088
2500 1089
2499 1089
2499 1091
2498 1091
2498 1092
2497 1092
2497 1094
2496 1094
2496 1095
2495 1095
2495 1097
2487 1097
2487 1098
2485 1098
2485 1099
2484 1099
2484 1103
2485 1103
2485 1108
2484 1108
2484 1110
2483 1110
2483 1112
2482 1112
2482 1113
2481 1113
2481 1114
2479 1114
2479 1115
2472 1115
2472 1114
2467 1114
2467 1113
2462 1113
2462 1112
2458 1112
2458 1111
2439 1111
2439 1112
2438 1112
2438 1114
2437 1114
2437 1116
2436 1116
2436 1120
2435 1120
2435 1122
2434 1122
2434 1125
2433 1125
2433 1126
2432 1126
2432 1129
2431 1129
2431 1131
2430 1131
2430 1132
2429 1132
2429 1134
2427 1134
2427 1135
2426 1135
2426 1136
2425 1136
2425 1137
2424 1137
2424 1138
2423 1138
2423 1143
2422 1143
2422 1149
2421 1149
2421 1150
2420 1150
2420 1151
2415 1151
2415 1150
2410 1150
2410 1149
2394 1149
2394 1148
2390 1148
2390 1149
2389 1149
2389 1153
2388 1153
2388 1156
2381 1156
2381 1155
2379 1155
2379 1156
2376 1156
2376 1155
2372 1155
2372 1154
2369 1154
2369 1153
2363 1153
2363 1154
2359 1154
2359 1155
2356 1155
2356 1154
2355 1154
2355 1153
2354 1153
2354 1152
2335 1152
2335 1154
2334 1154
2334 1160
2333 1160
2333 1162
2332 1162
2332 1166
2331 1166
2331 1169
2330 1169
2330 1172
2329 1172
2329 1173
2327 1173
2327 1174
2325 1174
2325 1175
2318 1175
2318 1176
2316 1176
2316 1175
2310 1175
2310 1174
2302 1174
2302 1175
2301 1175
2301 1176
2300 1176
2300 1181
2301 1181
2301 1184
2300 1184
2300 1188
2299 1188
2299 1189
2298 1189
2298 1190
2296 1190
2296 1191
2295 1191
2295 1192
2294 1192
2294 1193
2293 1193
2293 1194
2292 1194
2292 1195
2291 1195
2291 1196
2290 1196
2290 1198
2289 1198
2289 1200
2287 1200
2287 1201
2274 1201
2274 1200
2271 1200
2271 1199
2267 1199
2267 1200
2263 1200
2263 1201
2262 1201
2262 1203
2261 1203
2261 1204
2260 1204
2260 1205
2259 1205
2259 1206
2257 1206
2257 1207
2254 1207
2254 1208
2252 1208
2252 1209
2251 1209
2251 1210
2250 1210
2250 1211
2249 1211
2249 1213
2248 1213
2248 1214
2247 1214
2247 1215
2237 1215
2237 1216
2225 1216
2225 1215
2224 1215
2224 1214
2222 1214
2222 1213
2221 1213
2221 1212
2220 1212
2220 1211
2219 1211
2219 1210
2218 1210
2218 1209
2217 1209
2217 1208
2214 1208
2214 1207
2209 1207
2209 1208
2206 1208
2206 1209
2205 1209
2205 1210
2204 1210
2204 1212
2202 1212
2202 1213
2201 1213
2201 1214
2199 1214
2199 1215
2198 1215
2198 1216
2189 1216
2189 1217
2185 1217
2185 1218
2175 1218
2175 1219
2172 1219
2172 1220
2171 1220
2171 1223
2170 1223
2170 1228
2168 1228
2168 1229
2160 1229
2160 1228
2154 1228
2154 1229
2152 1229
2152 1230
2150 1230
2150 1231
2149 1231
2149 1232
2148 1232
2148 1233
2147 1233
2147 1234
2146 1234
2146 1235
2144 1235
2144 1236
2142 1236
2142 1237
2141 1237
2141 1238
2140 1238
2140 1239
2138 1239
2138 1240
2137 1240
2137 1241
2135 1241
2135 1242
2129 1242
2129 1240
2128 1240
2128 1239
2127 1239
2127 1238
2123 1238
2123 1237
2119 1237
2119 1236
2117 1236
2117 1235
2115 1235
2115 1234
2113 1234
2113 1233
2112 1233
2112 1232
2110 1232
2110 1231
2108 1231
2108 1230
2101 1230
2101 1229
2097 1229
2097 1230
2094 1230
2094 1231
2093 1231
2093 1232
2092 1232
2092 1233
2091 1233
2091 1234
2090 1234
2090 1235
2088 1235
2088 1236
2087 1236
2087 1237
2077 1237
2077 1236
2072 1236
2072 1237
2069 1237
2069 1238
2068 1238
2068 1239
2067 1239
2067 1240
2066 1240
2066 1241
2065 1241
2065 1242
2064 1242
2064 1243
2063 1243
2063 1244
2062 1244
2062 1245
2061 1245
2061 1246
2050 1246
2050 1245
2045 1245
2045 1246
2042 1246
2042 1247
2037 1247
2037 1248
2036 1248
2036 1249
2034 1249
2034 1250
2033 1250
2033 1251
2032 1251
2032 1252
2031 1252
2031 1253
2029 1253
2029 1254
2019 1254
2019 1253
2017 1253
2017 1252
2016 1252
2016 1251
2015 1251
2015 1250
2013 1250
2013 1249
2012 1249
2012 1248
2011 1248
2011 1247
2009 1247
2009 1246
2006 1246
2006 1245
2004 1245
2004 1244
2002 1244
2002 1243
2001 1243
2001 1242
1999 1242
1999 1241
1996 1241
1996 1240
1992 1240
1992 1239
1982 1239
1982 1240
1978 1240
1978 1241
1976 1241
1976 1242
1972 1242
1972 1243
1968 1243
1968 1244
1964 1244
1964 1245
1959 1245
1959 1246
1958 1246
1958 1245
1954 1245
1954 1244
1953 1244
1953 1243
1951 1243
1951 1242
1944 1242
1944 1241
1941 1241
1941 1240
1937 1240
1937 1239
1933 1239
1933 1238
1931 1238
1931 1237
1930 1237
1930 1236
1928 1236
1928 1235
1926 1235
1926 1234
1921 1234
1921 1233
1916 1233
1916 1232
1911 1232
1911 1231
1902 1231
1902 1230
1901 1230
1901 1229
1900 1229
1900 1228
1898 1228
1898 1227
1879 1227
1879 1226
1877 1226
1877 1225
1869 1225
1869 1224
1866 1224
1866 1223
1855 1223
1855 1222
1845 1222
1845 1223
1820 1223
1820 1224
1816 1224
1816 1225
1809 1225
1809 1224
1807 1224
1807 1223
1805 1223
1805 1222
1803 1222
1803 1221
1802 1221
1802 1220
1800 1220
1800 1219
1799 1219
1799 1217
1798 1217
1798 1213
1797 1213
1797 1209
1796 1209
1796 1206
1795 1206
1795 1205
1792 1205
1792 1204
1790 1204
1790 1203
1789 1203
1789 1202
1787 1202
1787 1201
1786 1201
1786 1200
1785 1200
1785 1199
1783 1199
1783 1198
1781 1198
1781 1197
1777 1197
1777 1196
1776 1196
1776 1195
1774 1195
1774 1194
1772 1194
1772 1193
1764 1193
1764 1194
1762 1194
1762 1195
1761 1195
1761 1194
1751 1194
1751 1195
1749 1195
1749 1196
1745 1196
1745 1197
1744 1197
1744 1198
1743 1198
1743 1201
1742 1201
1742 1202
1741 1202
1741 1203
1740 1203
1740 1204
1739 1204
1739 1205
1725 1205
1725 1204
1720 1204
1720 1203
1719 1203
1719 1202
1718 1202
1718 1201
1717 1201
1717 1200
1716 1200
1716 1199
1714 1199
1714 1198
1713 1198
1713 1197
1711 1197
1711 1196
1708 1196
1708 1195
1707 1195
1707 1194
1705 1194
1705 1193
1704 1193
1704 1192
1703 1192
1703 1191
1702 1191
1702 1190
1701 1190
1701 1188
1700 1188
1700 1184
1699 1184
1699 1178
1700 1178
1700 1176
1699 1176
1699 1175
1698 1175
1698 1174
1695 1174
1695 1173
1689 1173
1689 1172
1680 1172
1680 1171
1673 1171
1673 1170
1669 1170
1669 1171
1667 1171
1667 1172
1665 1172
1665 1173
1656 1173
1656 1172
1654 1172
1654 1171
1649 1171
1649 1170
1647 1170
1647 1169
1646 1169
1646 1168
1645 1168
1645 1167
1644 1167
1644 1166
1643 1166
1643 1165
1642 1165
1642 1163
1641 1163
1641 1161
1640 1161
1640 1160
1639 1160
1639 1157
1638 1157
1638 1155
1637 1155
1637 1154
1636 1154
1636 1152
1635 1152
1635 1143
1634 1143
1634 1141
1633 1141
1633 1140
1628 1140
1628 1139
1623 1139
1623 1138
1620 1138
1620 1137
1619 1137
1619 1136
1618 1136
1618 1135
1617 1135
1617 1134
1616 1134
1616 1133
1615 1133
1615 1132
1614 1132
1614 1131
1613 1131
1613 1130
1612 1130
1612 1129
1611 1129
1611 1128
1610 1128
1610 1127
1608 1127
1608 1126
1607 1126
1607 1125
1605 1125
1605 1124
1604 1124
1604 1123
1603 1123
1603 1122
1602 1122
1602 1121
1601 1121
1601 1120
1599 1120
1599 1119
1597 1119
1597 1118
1595 1118
1595 1117
1593 1117
1593 1116
1592 1116
1592 1115
1591 1115
1591 1114
1590 1114
1590 1113
1589 1113
1589 1112
1588 1112
1588 1111
1587 1111
1587 1110
1586 1110
1586 1109
1585 1109
1585 1108
1583 1108
1583 1107
1582 1107
1582 1106
1580 1106
1580 1105
1579 1105
1579 1104
1578 1104
1578 1103
1576 1103
1576 1102
1554 1102
1554 1103
1552 1103
1552 1104
1546 1104
1546 1103
1540 1103
1540 1102
1537 1102
1537 1101
1534 1101
1534 1100
1531 1100
1531 1099
1528 1099
1528 1098
1524 1098
1524 1097
1523 1097
1523 1096
1520 1096
1520 1095
1519 1095
1519 1094
1518 1094
1518 1093
1514 1093
1514 1092
1513 1092
1513 1091
1512 1091
1512 1090
1511 1090
1511 1089
1510 1089
1510 1088
1509 1088
1509 1086
1508 1086
1508 1083
1507 1083
1507 1075
1506 1075
1506 1074
1505 1074
1505 1073
1504 1073
1504 1072
1501 1072
1501 1071
1498 1071
1498 1070
1494 1070
1494 1069
1493 1069
1493 1068
1492 1068
1492 1067
1491 1067
1491 1066
1490 1066
1490 1065
1489 1065
1489 1064
1488 1064
1488 1062
1487 1062
1487 1061
1485 1061
1485 1060
1483 1060
1483 1059
1482 1059
1482 1058
1481 1058
1481 1057
1480 1057
1480 1056
1479 1056
1479 1055
1478 1055
1478 1053
1477 1053
1477 1049
1476 1049
1476 1047
1475 1047
1475 1046
1474 1046
1474 1045
1473 1045
1473 1044
1472 1044
1472 1043
1470 1043
1470 1042
1469 1042
1469 1040
1468 1040
1468 1039
1467 1039
1467 1037
1466 1037
1466 1036
1465 1036
1465 1034
1464 1034
1464 1033
1463 1033
1463 1032
1461 1032
1461 1031
1459 1031
1459 1030
1457 1030
1457 1029
1455 1029
1455 1028
1452 1028
1452 1027
1451 1027
1451 1026
1446 1026
1446 1025
1445 1025
1445 1024
1444 1024
1444 1023
1443 1023
1443 1022
1442 1022
1442 1021
1441 1021
1441 1020
1440 1020
1440 1019
1437 1019
1437 1018
1434 1018
1434 1019
1433 1019
1433 1020
1432 1020
1432 1027
1431 1027
1431 1028
1430 1028
1430 1029
1428 1029
1428 1030
1426 1030
1426 1031
1425 1031
1425 1032
1419 1032
1419 1031
1412 1031
1412 1030
1408 1030
1408 1029
1407 1029
1407 1028
1406 1028
1406 1027
1405 1027
1405 1025
1404 1025
1404 1023
1403 1023
1403 1021
1402 1021
1402 1019
1401 1019
1401 1018
1400 1018
1400 1017
1398 1017
1398 1016
1396 1016
1396 1015
1395 1015
1395 1014
1394 1014
1394 1013
1393 1013
1393 1012
1392 1012
1392 1011
1391 1011
1391 1008
1390 1008
1390 982
1391 982
1391 970
1390 970
1390 969
1386 969
1386 968
1377 968
1377 967
1374 967
1374 966
1373 966
1373 964
1372 964
1372 963
1371 963
1371 961
1370 961
1370 959
1369 959
1369 954
1368 954
1368 952
1367 952
1367 951
1365 951
1365 950
1363 950
1363 948
1362 948
1362 947
1361 947
1361 945
1360 945
1360 944
1359 944
1359 941
1358 941
1358 926
1359 926
1359 921
1358 921
1358 919
1357 919
1357 918
1356 918
1356 917
1352 917
1352 916
1345 916
1345 915
1343 915
1343 916
1342 916
1342 915
1341 915
1341 914
1340 914
1340 913
1338 913
1338 912
1337 912
1337 911
1333 911
1333 910
1330 910
1330 909
1328 909
1328 908
1327 908
1327 904
1326 904
1326 902
1325 902
1325 900
1324 900
1324 894
1325 894
1325 891
1324 891
1324 890
1323 890
1323 889
1322 889
1322 888
1320 888
1320 887
1317 887
1317 888
1320 888
1320 889
1322 889
1322 890
1323 890
1323 891
1324 891
1324 894
1323 894
1323 900
1324 900
1324 902
1325 902
1325 904
1326 904
1326 909
1328 909
1328 910
1330 910
1330 911
1333 911
1333 912
1337 912
1337 913
1338 913
1338 914
1340 914
1340 915
1341 915
1341 916
1342 916
1342 917
1343 917
1343 916
1345 916
1345 917
1352 917
1352 918
1356 918
1356 919
1357 919
1357 921
1358 921
1358 926
1357 926
1357 941
1358 941
1358 944
1359 944
1359 945
1360 945
1360 947
1361 947
1361 948
1362 948
1362 950
1363 950
1363 951
1365 951
1365 952
1367 952
1367 954
1368 954
1368 959
1369 959
1369 961
1370 961
1370 963
1371 963
1371 964
1372 964
1372 966
1373 966
1373 967
1374 967
1374 968
1377 968
1377 969
1386 969
1386 970
1390 970
1390 982
1389 982
1389 1008
1390 1008
1390 1011
1391 1011
1391 1012
1392 1012
1392 1013
1393 1013
1393 1014
1394 1014
1394 1015
1395 1015
1395 1016
1396 1016
1396 1017
1398 1017
1398 1018
1400 1018
1400 1019
1401 1019
1401 1021
1402 1021
1402 1023
1403 1023
1403 1025
1404 1025
1404 1027
1405 1027
1405 1028
1406 1028
1406 1029
1407 1029
1407 1030
1408 1030
1408 1031
1412 1031
1412 1032
1419 1032
1419 1033
1425 1033
1425 1032
1426 1032
1426 1031
1428 1031
1428 1030
1430 1030
1430 1029
1431 1029
1431 1028
1432 1028
1432 1027
1433 1027
1433 1020
1434 1020
1434 1019
1437 1019
1437 1020
1440 1020
1440 1021
1441 1021
1441 1022
1442 1022
1442 1023
1443 1023
1443 1024
1444 1024
1444 1025
1445 1025
1445 1026
1446 1026
1446 1027
1451 1027
1451 1028
1452 1028
1452 1029
1455 1029
1455 1030
1457 1030
1457 1031
1459 1031
1459 1032
1461 1032
1461 1033
1463 1033
1463 1034
1464 1034
1464 1036
1465 1036
1465 1037
1466 1037
1466 1039
1467 1039
1467 1040
1468 1040
1468 1042
1469 1042
1469 1043
1470 1043
1470 1044
1472 1044
1472 1045
1473 1045
1473 1046
1474 1046
1474 1047
1475 1047
1475 1049
1476 1049
1476 1053
1477 1053
1477 1055
1478 1055
1478 1056
1479 1056
1479 1057
1480 1057
1480 1058
1481 1058
1481 1059
1482 1059
1482 1060
1483 1060
1483 1061
1485 1061
1485 1062
1487 1062
1487 1064
1488 1064
1488 1065
1489 1065
1489 1066
1490 1066
1490 1067
1491 1067
1491 1068
1492 1068
1492 1069
1493 1069
1493 1070
1494 1070
1494 1071
1498 1071
1498 1072
1501 1072
1501 1073
1504 1073
1504 1074
1505 1074
1505 1075
1506 1075
1506 1083
1507 1083
1507 1086
1508 1086
1508 1088
1509 1088
1509 1089
1510 1089
1510 1090
1511 1090
1511 1091
1512 1091
1512 1092
1513 1092
1513 1093
1514 1093
1514 1094
1518 1094
1518 1095
1519 1095
1519 1096
1520 1096
1520 1097
1523 1097
1523 1098
1524 1098
1524 1099
1528 1099
1528 1100
1531 1100
1531 1101
1534 1101
1534 1102
1537 1102
1537 1103
1540 1103
1540 1104
1546 1104
1546 1105
1552 1105
1552 1104
1554 1104
1554 1103
1576 1103
1576 1104
1578 1104
1578 1105
1579 1105
1579 1106
1580 1106
1580 1107
1582 1107
1582 1108
1583 1108
1583 1109
1585 1109
1585 1110
1586 1110
1586 1111
1587 1111
1587 1112
1588 1112
1588 1113
1589 1113
1589 1114
1590 1114
1590 1115
1591 1115
1591 1116
1592 1116
1592 1117
1593 1117
1593 1118
1595 1118
1595 1119
1597 1119
1597 1120
1599 1120
1599 1121
1601 1121
1601 1122
1602 1122
1602 1123
1603 1123
1603 1124
1604 1124
1604 1125
1605 1125
1605 1126
1607 1126
1607 1127
1608 1127
1608 1128
1610 1128
1610 1129
1611 1129
1611 1130
1612 1130
1612 1131
1613 1131
1613 1132
1614 1132
1614 1133
1615 1133
1615 1134
1616 1134
1616 1135
1617 1135
1617 1136
1618 1136
1618 1137
1619 1137
1619 1138
1620 1138
1620 1139
1623 1139
1623 1140
1628 1140
1628 1141
1633 1141
1633 1143
1634 1143
1634 1152
1635 1152
1635 1154
1636 1154
1636 1155
1637 1155
1637 1157
1638 1157
1638 1160
1639 1160
1639 1161
1640 1161
1640 1163
1641 1163
1641 1165
1642 1165
1642 1166
1643 1166
1643 1167
1644 1167
1644 1168
1645 1168
1645 1169
1646 1169
1646 1170
1647 1170
1647 1171
1649 1171
1649 1172
1654 1172
1654 1173
1656 1173
1656 1174
1665 1174
1665 1173
1667 1173
1667 1172
1669 1172
1669 1171
1673 1171
1673 1172
1680 1172
1680 1173
1689 1173
1689 1174
1695 1174
1695 1175
1698 1175
1698 1176
1699 1176
1699 1178
1698 1178
1698 1184
1699 1184
1699 1188
1700 1188
1700 1190
1701 1190
1701 1191
1702 1191
1702 1192
1703 1192
1703 1193
1704 1193
1704 1194
1705 1194
1705 1195
1707 1195
1707 1196
1708 1196
1708 1197
1711 1197
1711 1198
1713 1198
1713 1199
1714 1199
1714 1200
1716 1200
1716 1201
1717 1201
1717 1202
1718 1202
1718 1203
1719 1203
1719 1204
1720 1204
1720 1205
1725 1205
1725 1206
1739 1206
1739 1205
1740 1205
1740 1204
1741 1204
1741 1203
1742 1203
1742 1202
1743 1202
1743 1201
1744 1201
1744 1198
1745 1198
1745 1197
1749 1197
1749 1196
1751 1196
1751 1195
1761 1195
1761 1196
1762 1196
1762 1195
1764 1195
1764 1194
1772 1194
1772 1195
1774 1195
1774 1196
1776 1196
1776 1197
1777 1197
1777 1198
1781 1198
1781 1199
1783 1199
1783 1200
1785 1200
1785 1201
1786 1201
1786 1202
1787 1202
1787 1203
1789 1203
1789 1204
1790 1204
1790 1205
1792 1205
1792 1206
1795 1206
1795 1209
1796 1209
1796 1213
1797 1213
1797 1217
1798 1217
1798 1219
1799 1219
1799 1220
1800 1220
1800 1221
1802 1221
1802 1222
1803 1222
1803 1223
1805 1223
1805 1224
1807 1224
1807 1225
1809 1225
1809 1226
1816 1226
1816 1225
1820 1225
1820 1224
1845 1224
1845 1223
1855 1223
1855 1224
1866 1224
1866 1225
1869 1225
1869 1226
1877 1226
1877 1227
1879 1227
1879 1228
1898 1228
1898 1229
1900 1229
1900 1230
1901 1230
1901 1231
1902 1231
1902 1232
1911 1232
1911 1233
1916 1233
1916 1234
1921 1234
1921 1235
1926 1235
1926 1236
1928 1236
1928 1237
1930 1237
1930 1238
1931 1238
1931 1239
1933 1239
1933 1240
1937 1240
1937 1241
1941 1241
1941 1242
1944 1242
1944 1243
1951 1243
1951 1244
1953 1244
1953 1245
1954 1245
1954 1246
1958 1246
1958 1247
1959 1247
1959 1246
1964 1246
1964 1245
1968 1245
1968 1244
1972 1244
1972 1243
1976 1243
1976 1242
1978 1242
1978 1241
1982 1241
1982 1240
1992 1240
1992 1241
1996 1241
1996 1242
1999 1242
1999 1243
2001 1243
2001 1244
2002 1244
2002 1245
2004 1245
2004 1246
2006 1246
2006 1247
2009 1247
2009 1248
2011 1248
2011 1249
2012 1249
2012 1250
2013 1250
2013 1251
2015 1251
2015 1252
2016 1252
2016 1253
2017 1253
2017 1254
2019 1254
2019 1255
2029 1255
2029 1254
2031 1254
2031 1253
2032 1253
2032 1252
2033 1252
2033 1251
2034 1251
2034 1250
2036 1250
2036 1249
2037 1249
2037 1248
2042 1248
2042 1247
2045 1247
2045 1246
2050 1246
2050 1247
2061 1247
2061 1246
2062 1246
2062 1245
2063 1245
2063 1244
2064 1244
2064 1243
2065 1243
2065 1242
2066 1242
2066 1241
2067 1241
2067 1240
2068 1240
2068 1239
2069 1239
2069 1238
2072 1238
2072 1237
2077 1237
2077 1238
2087 1238
2087 1237
2088 1237
2088 1236
2090 1236
2090 1235
2091 1235
2091 1234
2092 1234
2092 1233
2093 1233
2093 1232
2094 1232
2094 1231
2097 1231
2097 1230
2101 1230
2101 1231
2108 1231
2108 1232
2110 1232
2110 1233
2112 1233
2112 1234
2113 1234
2113 1235
2115 1235
2115 1236
2117 1236
2117 1237
2119 1237
2119 1238
2123 1238
2123 1239
2127 1239
2127 1240
2128 1240
2128 1242
2129 1242
2129 1243
2135 1243
2135 1242
2137 1242
2137 1241
2138 1241
2138 1240
2140 1240
2140 1239
2141 1239
2141 1238
2142 1238
2142 1237
2144 1237
2144 1236
2146 1236
2146 1235
2147 1235
2147 1234
2148 1234
2148 1233
2149 1233
2149 1232
2150 1232
2150 1231
2152 1231
2152 1230
2154 1230
2154 1229
2160 1229
2160 1230
2168 1230
2168 1229
2170 1229
2170 1228
2171 1228
2171 1223
2172 1223
2172 1220
2175 1220
2175 1219
2185 1219
2185 1218
2189 1218
2189 1217
2198 1217
2198 1216
2199 1216
2199 1215
2201 1215
2201 1214
2202 1214
2202 1213
2204 1213
2204 1212
2205 1212
2205 1210
2206 1210
2206 1209
2209 1209
2209 1208
2214 1208
2214 1209
2217 1209
2217 1210
2218 1210
2218 1211
2219 1211
2219 1212
2220 1212
2220 1213
2221 1213
2221 1214
2222 1214
2222 1215
2224 1215
2224 1216
2225 1216
2225 1217
2237 1217
2237 1216
2247 1216
2247 1215
2248 1215
2248 1214
2249 1214
2249 1213
2250 1213
2250 1211
2251 1211
2251 1210
2252 1210
2252 1209
2254 1209
2254 1208
2257 1208
2257 1207
2259 1207
2259 1206
2260 1206
2260 1205
2261 1205
2261 1204
2262 1204
2262 1203
2263 1203
2263 1201
2267 1201
2267 1200
2271 1200
2271 1201
2274 1201
2274 1202
2287 1202
2287 1201
2289 1201
2289 1200
2290 1200
2290 1198
2291 1198
2291 1196
2292 1196
2292 1195
2293 1195
2293 1194
2294 1194
2294 1193
2295 1193
2295 1192
2296 1192
2296 1191
2298 1191
2298 1190
2299 1190
2299 1189
2300 1189
2300 1188
2301 1188
2301 1184
2302 1184
2302 1181
2301 1181
2301 1176
2302 1176
2302 1175
2310 1175
2310 1176
2316 1176
2316 1177
2318 1177
2318 1176
2325 1176
2325 1175
2327 1175
2327 1174
2329 1174
2329 1173
2330 1173
2330 1172
2331 1172
2331 1169
2332 1169
2332 1166
2333 1166
2333 1162
2334 1162
2334 1160
2335 1160
2335 1154
2336 1154
2336 1153
2354 1153
2354 1154
2355 1154
2355 1156
2359 1156
2359 1155
2363 1155
2363 1154
2369 1154
2369 1155
2372 1155
2372 1156
2376 1156
2376 1157
2379 1157
2379 1156
2381 1156
2381 1157
2388 1157
2388 1156
2389 1156
2389 1153
2390 1153
2390 1149
2394 1149
2394 1150
2410 1150
2410 1151
2415 1151
2415 1152
2420 1152
2420 1151
2421 1151
2421 1150
2422 1150
2422 1149
2423 1149
2423 1143
2424 1143
2424 1138
2425 1138
2425 1137
2426 1137
2426 1136
2427 1136
2427 1135
2429 1135
2429 1134
2430 1134
2430 1132
2431 1132
2431 1131
2432 1131
2432 1129
2433 1129
2433 1126
2434 1126
2434 1125
2435 1125
2435 1122
2436 1122
2436 1120
2437 1120
2437 1116
2438 1116
2438 1114
2439 1114
2439 1112
2458 1112
2458 1113
2462 1113
2462 1114
2467 1114
2467 1115
2472 1115
2472 1116
2479 1116
2479 1115
2481 1115
2481 1114
2482 1114
2482 1113
2483 1113
2483 1112
2484 1112
2484 1110
2485 1110
2485 1108
2486 1108
2486 1103
2485 1103
2485 1099
2487 1099
2487 1098
2495 1098
2495 1097
2496 1097
2496 1095
2497 1095
2497 1094
2498 1094
2498 1092
2499 1092
2499 1091
2500 1091
2500 1089
2503 1089
2503 1088
2508 1088
2508 1087
2509 1087
2509 1086
2510 1086
2510 1085
2518 1085
2518 1084
2520 1084
2520 1083
2521 1083
2521 1081
2522 1081
2522 1077
2523 1077
2523 1076
2524 1076
2524 1074
2525 1074
2525 1073
2527 1073
2527 1072
2528 1072
2528 1071
2531 1071
2531 1070
2532 1070
2532 1066
2533 1066
2533 1065
2534 1065
2534 1064
2535 1064
2535 1058
2536 1058
2536 1048
2537 1048
2537 1040
2538 1040
2538 1029
2539 1029
2539 1020
2540 1020
2540 1011
2541 1011
2541 1005
2542 1005
2542 1004
2553 1004
2553 1001
2554 1001
2554 999
2555 999
2555 995
2556 995
2556 993
2557 993
2557 991
2558 991
2558 989
2559 989
2559 988
2560 988
2560 987
2565 987
2565 986
2566 986
2566 985
2567 985
2567 984
2568 984
2568 983
2569 983
2569 982
2570 982
2570 981
2571 981
2571 980
2579 980
2579 979
2580 979
2580 976
2581 976
2581 974
2582 974
2582 973
2583 973
2583 972
2584 972
2584 971
2585 971
2585 970
2587 970
2587 969
2588 969
2588 967
2589 967
2589 966
2590 966
2590 965
2591 965
2591 963
2592 963
2592 962
2593 962
2593 959
2594 959
2594 957
2595 957
2595 956
2596 956
2596 954
2598 954
2598 953
2600 953
2600 952
2601 952
2601 951
2602 951
2602 950
2603 950
2603 949
2604 949
2604 948
2605 948
2605 947
2606 947
2606 946
2607 946
2607 941
2608 941
2608 934
2610 934
2610 933
2612 933
2612 932
2614 932
2614 931
2616 931
2616 930
2618 930
2618 929
2619 929
2619 928
2620 928
2620 927
2621 927
2621 926
2623 926
2623 927
2626 927
2626 928
2630 928
2630 929
2632 929
2632 928
2633 928
2633 926
2636 926
2636 925
2637 925
2637 924
2638 924
2638 915
2639 915
2639 913
2640 913
2640 909
2641 909
2641 894
2642 894
2642 890
2643 890
2643 888
2644 888
2644 886
2645 886
2645 884
2646 884
2646 883
2647 883
2647 880
2648 880
2648 877
2649 877
2649 872
2650 872
2650 863
2651 863
2651 853
2652 853
2652 841
2653 841
2653 836
2654 836
2654 835
2655 835
2655 834
2659 834
2659 833
2662 833
2662 832
2667 832
2667 826
2668 826
2668 822
2669 822
2669 819
2670 819
2670 818
2685 818
2685 817
2687 817
2687 816
2689 816
2689 815
2690 815
2690 814
2691 814
2691 802
2692 802
2692 800
2691 800
2691 802
2690 802
2690 814
2689 814
2689 815
2687 815
2687 816
2685 816
2685 817
2670 817
2670 818
2668 818
2668 822
2667 822
2667 826
2666 826
2666 831
2662 831
2662 832
2659 832
2659 833
2655 833
2655 834
2654 834
2654 835
2653 835
2653 836
2652 836
2652 841
2651 841
2651 853
2650 853
2650 863
2649 863
2649 872
2648 872
2648 877
2647 877
2647 880
2646 880
2646 883
2645 883
2645 884
2644 884
2644 886
2643 886
2643 888
2642 888
2642 890
2641 890
2641 894
2640 894
2640 909
2639 909
2639 913
2638 913
