2344 529
2342 529
2342 530
2341 530
2341 531
2339 531
2339 532
2338 532
2338 533
2337 533
2337 535
2336 535
2336 536
2335 536
2335 537
2333 537
2333 538
2330 538
2330 539
2327 539
2327 540
2325 540
2325 541
2324 541
2324 542
2323 542
2323 543
2320 543
2320 544
2314 544
2314 545
2310 545
2310 546
2308 546
2308 547
2302 547
2302 546
2293 546
2293 547
2290 547
2290 548
2283 548
2283 550
2264 550
2264 551
2255 551
2255 552
2254 552
2254 553
2253 553
2253 554
2252 554
2252 555
2251 555
2251 556
2250 556
2250 557
2247 557
2247 558
2244 558
2244 557
2239 557
2239 558
2236 558
2236 559
2234 559
2234 560
2220 560
2220 561
2217 561
2217 562
2215 562
2215 563
2212 563
2212 564
2206 564
2206 565
2204 565
2204 566
2203 566
2203 567
2201 567
2201 568
2189 568
2189 569
2179 569
2179 570
2177 570
2177 571
2166 571
2166 570
2160 570
2160 569
2140 569
2140 568
2137 568
2137 567
2136 567
2136 566
2135 566
2135 565
2134 565
2134 564
2133 564
2133 563
2132 563
2132 562
2131 562
2131 561
2129 561
2129 560
2124 560
2124 561
2123 561
2123 566
2122 566
2122 572
2123 572
2123 578
2124 578
2124 581
2123 581
2123 583
2122 583
2122 585
2121 585
2121 586
2119 586
2119 587
2117 587
2117 588
2111 588
2111 597
2110 597
2110 600
2109 600
2109 601
2105 601
2105 602
2101 602
2101 603
2100 603
2100 616
2099 616
2099 619
2098 619
2098 621
2097 621
2097 623
2096 623
2096 624
2094 624
2094 625
2086 625
2086 626
2084 626
2084 627
2083 627
2083 628
2082 628
2082 629
2081 629
2081 630
2080 630
2080 631
2079 631
2079 633
2078 633
2078 634
2077 634
2077 636
2076 636
2076 638
2074 638
2074 639
2070 639
2070 640
2068 640
2068 641
2065 641
2065 642
2064 642
2064 643
2063 643
2063 644
2062 644
2062 645
2057 645
2057 646
2044 646
2044 645
2041 645
2041 644
2039 644
2039 643
2036 643
2036 642
2033 642
2033 639
2026 639
2026 638
2024 638
2024 637
2023 637
2023 636
2022 636
2022 635
2021 635
2021 634
2020 634
2020 633
2015 633
2015 634
2006 634
2006 635
2001 635
2001 634
1997 634
1997 635
1994 635
1994 636
1992 636
1992 637
1991 637
1991 638
1989 638
1989 639
1976 639
1976 638
1968 638
1968 637
1949 637
1949 636
1946 636
1946 635
1945 635
1945 634
1943 634
1943 633
1942 633
1942 632
1941 632
1941 631
1940 631
1940 628
1939 628
1939 627
1938 627
1938 623
1937 623
1937 622
1936 622
1936 621
1932 621
1932 620
1930 620
1930 619
1929 619
1929 617
1928 617
1928 615
1927 615
1927 614
1926 614
1926 610
1925 610
1925 602
1924 602
1924 601
1923 601
1923 600
1922 600
1922 599
1921 599
1921 598
1920 598
1920 597
1919 597
1919 596
1918 596
1918 595
1916 595
1916 594
1913 594
1913 593
1912 593
1912 592
1911 592
1911 591
1910 591
1910 590
1909 590
1909 589
1908 589
1908 588
1907 588
1907 586
1906 586
1906 585
1905 585
1905 576
1904 576
1904 573
1903 573
1903 570
1902 570
1902 566
1901 566
1901 563
1900 563
1900 562
1899 562
1899 561
1898 561
1898 560
1897 560
1897 559
1896 559
1896 558
1894 558
1894 557
1893 557
1893 556
1891 556
1891 555
1890 555
1890 554
1889 554
1889 553
1888 553
1888 552
1887 552
1887 551
1886 551
1886 549
1885 549
1885 546
1884 546
1884 545
1883 545
1883 544
1882 544
1882 543
1881 543
1881 542
1874 542
1874 541
1869 541
1869 542
1858 542
1858 541
1847 541
1847 542
1845 542
1845 543
1844 543
1844 544
1842 544
1842 545
1841 545
1841 546
1840 546
1840 547
1825 547
1825 546
1816 546
1816 547
1810 547
1810 548
1804 548
1804 547
1802 547
1802 548
1796 548
1796 547
1790 547
1790 546
1787 546
1787 545
1781 545
1781 544
1772 544
1772 543
1769 543
1769 542
1755 542
1755 541
1745 541
1745 540
1741 540
1741 541
1735 541
1735 542
1730 542
1730 541
1726 541
1726 540
1724 540
1724 539
1721 539
1721 538
1716 538
1716 537
1710 537
1710 538
1707 538
1707 539
1706 539
1706 540
1704 540
1704 541
1702 541
1702 542
1686 542
1686 541
1683 541
1683 540
1680 540
1680 541
1679 541
1679 540
1673 540
1673 539
1670 539
1670 538
1666 538
1666 537
1663 537
1663 536
1661 536
1661 535
1657 535
1657 534
1653 534
1653 533
1651 533
1651 532
1650 532
1650 531
1649 531
1649 530
1647 530
1647 529
1645 529
1645 528
1644 528
1644 527
1640 527
1640 526
1638 526
1638 525
1637 525
1637 524
1635 524
1635 523
1632 523
1632 522
1630 522
1630 521
1629 521
1629 520
1627 520
1627 519
1626 519
1626 518
1625 518
1625 517
1620 517
1620 516
1618 516
1618 515
1615 515
1615 514
1603 514
1603 513
1588 513
1588 514
1578 514
1578 515
1574 515
1574 514
1572 514
1572 513
1570 513
1570 512
1564 512
1564 511
1560 511
1560 510
1554 510
1554 511
1553 511
1553 510
1542 510
1542 511
1539 511
1539 512
1538 512
1538 513
1537 513
1537 514
1536 514
1536 515
1535 515
1535 516
1534 516
1534 517
1533 517
1533 518
1532 518
1532 519
1531 519
1531 521
1530 521
1530 522
1528 522
1528 523
1522 523
1522 524
1515 524
1515 523
1511 523
1511 524
1509 524
1509 525
1508 525
1508 527
1507 527
1507 528
1506 528
1506 530
1504 530
1504 531
1500 531
1500 532
1499 532
1499 533
1497 533
1497 534
1496 534
1496 536
1495 536
1495 537
1494 537
1494 538
1493 538
1493 539
1483 539
1483 538
1469 538
1469 539
1467 539
1467 538
1463 538
1463 537
1460 537
1460 536
1457 536
1457 535
1455 535
1455 534
1451 534
1451 533
1449 533
1449 532
1448 532
1448 531
1447 531
1447 530
1446 530
1446 529
1445 529
1445 528
1444 528
1444 527
1442 527
1442 526
1439 526
1439 525
1436 525
1436 524
1428 524
1428 523
1425 523
1425 522
1416 522
1416 521
1414 521
1414 520
1413 520
1413 519
1412 519
1412 518
1411 518
1411 517
1410 517
1410 516
1409 516
1409 515
1407 515
1407 514
1404 514
1404 513
1402 513
1402 512
1401 512
1401 511
1399 511
1399 510
1397 510
1397 509
1388 509
1388 508
1379 508
1379 507
1372 507
1372 506
1370 506
1370 505
1368 505
1368 504
1366 504
1366 503
1365 503
1365 500
1364 500
1364 499
1363 499
1363 498
1361 498
1361 497
1356 497
1356 495
1355 495
1355 494
1354 494
1354 493
1353 493
1353 492
1352 492
1352 491
1351 491
1351 490
1350 490
1350 489
1349 489
1349 487
1348 487
1348 484
1347 484
1347 483
1346 483
1346 482
1345 482
1345 481
1344 481
1344 480
1343 480
1343 479
1341 479
1341 478
1339 478
1339 477
1335 477
1335 476
1333 476
1333 475
1332 475
1332 474
1331 474
1331 473
1330 473
1330 472
1329 472
1329 471
1327 471
1327 470
1326 470
1326 469
1323 469
1323 468
1322 468
1322 467
1321 467
1321 466
1319 466
1319 465
1318 465
1318 464
1317 464
1317 463
1316 463
1316 456
1315 456
1315 452
1314 452
1314 451
1312 451
1312 450
1310 450
1310 449
1309 449
1309 448
1308 448
1308 447
1307 447
1307 446
1306 446
1306 445
1305 445
1305 444
1304 444
1304 436
1303 436
1303 430
1304 430
1304 428
1303 428
1303 425
1302 425
1302 424
1301 424
1301 423
1299 423
1299 422
1294 422
1294 421
1291 421
1291 420
1289 420
1289 419
1287 419
1287 418
1285 418
1285 417
1284 417
1284 416
1283 416
1283 415
1282 415
1282 414
1281 414
1281 413
1280 413
1280 412
1279 412
1279 411
1278 411
1278 410
1276 410
1276 409
1274 409
1274 408
1273 408
1273 407
1272 407
1272 406
1271 406
1271 404
1270 404
1270 403
1266 403
1266 402
1264 402
1264 401
1262 401
1262 400
1260 400
1260 399
1257 399
1257 398
1255 398
1255 397
1252 397
1252 396
1249 396
1249 395
1247 395
1247 394
1245 394
1245 393
1244 393
1244 392
1240 392
1240 391
1239 391
1239 390
1237 390
1237 389
1233 389
1233 388
1232 388
1232 387
1231 387
1231 382
1229 382
1229 381
1222 381
1222 380
1218 380
1218 379
1214 379
1214 378
1213 378
1213 377
1211 377
1211 376
1210 376
1210 375
1208 375
1208 374
1205 374
1205 373
1199 373
1199 372
1194 372
1194 371
1189 371
1189 370
1184 370
1184 369
1180 369
1180 368
1176 368
1176 367
1174 367
1174 366
1170 366
1170 365
1168 365
1168 364
1167 364
1167 363
1164 363
1164 362
1160 362
1160 361
1157 361
1157 360
1156 360
1156 359
1155 359
1155 356
1154 356
1154 354
1153 354
1153 351
1152 351
1152 350
1151 350
1151 349
1150 349
1150 348
1147 348
1147 347
1142 347
1142 346
1141 346
1141 345
1139 345
1139 344
1138 344
1138 343
1137 343
1137 342
1134 342
1134 341
1132 341
1132 340
1131 340
1131 338
1130 338
1130 337
1129 337
1129 336
1128 336
1128 335
1127 335
1127 334
1125 334
1125 333
1118 333
1118 332
1117 332
1117 333
1100 333
1100 332
1087 332
1087 331
1083 331
1083 330
1079 330
1079 329
1058 329
1058 330
1056 330
1056 331
1046 331
1046 330
1044 330
1044 331
1030 331
1030 332
1025 332
1025 331
1015 331
1015 330
1007 330
1007 329
1005 329
1005 328
1002 328
1002 327
1000 327
1000 326
998 326
998 325
994 325
994 324
991 324
991 323
989 323
989 322
987 322
987 321
986 321
986 320
985 320
985 319
984 319
984 318
981 318
981 317
979 317
979 316
978 316
978 315
975 315
975 314
973 314
973 313
972 313
972 312
970 312
970 311
969 311
969 310
968 310
968 309
966 309
966 308
964 308
964 307
963 307
963 306
962 306
962 305
961 305
961 303
960 303
960 302
959 302
959 298
958 298
958 297
957 297
957 296
956 296
956 295
955 295
955 294
954 294
954 293
952 293
952 292
950 292
950 291
949 291
949 289
948 289
948 274
947 274
947 273
945 273
945 272
944 272
944 271
942 271
942 270
941 270
941 269
940 269
940 268
939 268
939 267
938 267
938 266
937 266
937 265
936 265
936 264
935 264
935 263
934 263
934 262
933 262
933 261
931 261
931 260
930 260
930 259
929 259
929 258
927 258
927 257
925 257
925 256
924 256
924 255
922 255
922 254
921 254
921 253
919 253
919 252
916 252
916 251
914 251
914 250
910 250
910 249
908 249
908 248
905 248
905 247
903 247
903 246
899 246
899 245
897 245
897 244
894 244
894 243
891 243
891 242
887 242
887 241
886 241
886 240
885 240
885 237
884 237
884 236
883 236
883 235
882 235
882 234
875 234
875 231
876 231
876 227
877 227
877 221
876 221
876 220
875 220
875 219
874 219
874 218
872 218
872 217
871 217
871 216
869 216
869 215
868 215
868 214
866 214
866 213
865 213
865 212
863 212
863 203
862 203
862 201
861 201
861 199
860 199
860 198
859 198
859 197
858 197
858 196
857 196
857 195
856 195
856 194
855 194
855 192
854 192
854 191
853 191
853 190
852 190
852 189
850 189
850 188
849 188
849 187
847 187
847 186
846 186
846 184
845 184
845 182
844 182
844 181
843 181
843 175
842 175
842 173
841 173
841 172
840 172
840 171
839 171
839 169
838 169
838 168
837 168
837 167
836 167
836 165
835 165
835 164
834 164
834 162
833 162
833 160
832 160
832 156
831 156
831 151
830 151
830 145
831 145
831 142
830 142
830 141
829 141
829 140
828 140
828 139
827 139
827 138
826 138
826 137
825 137
825 135
824 135
824 134
822 134
822 133
820 133
820 132
819 132
819 130
817 130
817 129
813 129
813 128
812 128
812 126
811 126
811 125
810 125
810 124
808 124
808 123
807 123
807 122
806 122
806 121
803 121
803 120
801 120
801 117
802 117
802 114
800 114
800 113
799 113
799 112
797 112
797 111
795 111
795 110
794 110
794 109
793 109
793 107
792 107
792 109
793 109
793 110
794 110
794 111
795 111
795 112
797 112
797 113
799 113
799 114
800 114
800 115
801 115
801 116
800 116
800 121
803 121
803 122
806 122
806 123
807 123
807 124
808 124
808 125
810 125
810 126
811 126
811 128
812 128
812 129
813 129
813 130
817 130
817 131
818 131
818 132
819 132
819 134
822 134
822 135
824 135
824 137
825 137
825 138
826 138
826 139
827 139
827 140
828 140
828 141
829 141
829 142
830 142
830 145
829 145
829 151
830 151
830 156
831 156
831 160
832 160
832 162
833 162
833 164
834 164
834 165
835 165
835 167
836 167
836 168
837 168
837 169
838 169
838 171
839 171
839 172
840 172
840 173
841 173
841 175
842 175
842 181
843 181
843 182
844 182
844 184
845 184
845 186
846 186
846 187
847 187
847 188
849 188
849 189
850 189
850 190
852 190
852 191
853 191
853 192
854 192
854 194
855 194
855 195
856 195
856 196
857 196
857 197
858 197
858 198
859 198
859 199
860 199
860 201
861 201
861 203
862 203
862 212
863 212
863 213
865 213
865 214
866 214
866 215
868 215
868 216
869 216
869 217
871 217
871 218
872 218
872 219
874 219
874 220
875 220
875 221
876 221
876 227
875 227
875 231
874 231
874 234
875 234
875 235
882 235
882 236
883 236
883 237
884 237
884 240
885 240
885 241
886 241
886 242
887 242
887 243
891 243
891 244
894 244
894 245
897 245
897 246
899 246
899 247
903 247
903 248
905 248
905 249
908 249
908 250
910 250
910 251
914 251
914 252
916 252
916 253
919 253
919 254
921 254
921 255
922 255
922 256
924 256
924 257
925 257
925 258
927 258
927 259
929 259
929 260
930 260
930 261
931 261
931 262
933 262
933 263
934 263
934 264
935 264
935 265
936 265
936 266
937 266
937 267
938 267
938 268
939 268
939 269
940 269
940 270
941 270
941 271
942 271
942 272
944 272
944 273
945 273
945 274
947 274
947 289
948 289
948 291
949 291
949 292
950 292
950 293
952 293
952 294
954 294
954 295
955 295
955 296
956 296
956 297
957 297
957 298
958 298
958 302
959 302
959 303
960 303
960 305
961 305
961 306
962 306
962 307
963 307
963 308
964 308
964 309
966 309
966 310
968 310
968 311
969 311
969 312
970 312
970 313
972 313
972 314
973 314
973 315
975 315
975 316
978 316
978 317
979 317
979 318
981 318
981 319
984 319
984 320
985 320
985 321
986 321
986 322
987 322
987 323
989 323
989 324
991 324
991 325
994 325
994 326
998 326
998 327
1000 327
1000 328
1002 328
1002 329
1005 329
1005 330
1007 330
1007 331
1015 331
1015 332
1025 332
1025 333
1030 333
1030 332
1044 332
1044 331
1046 331
1046 332
1056 332
1056 331
1058 331
1058 330
1079 330
1079 331
1083 331
1083 332
1087 332
1087 333
1100 333
1100 334
1117 334
1117 333
1118 333
1118 334
1125 334
1125 335
1127 335
1127 336
1128 336
1128 337
1129 337
1129 338
1130 338
1130 340
1131 340
1131 341
1132 341
1132 342
1134 342
1134 343
1137 343
1137 344
1138 344
1138 345
1139 345
1139 346
1141 346
1141 347
1142 347
1142 348
1147 348
1147 349
1150 349
1150 350
1151 350
1151 351
1152 351
1152 354
1153 354
1153 356
1154 356
1154 359
1155 359
1155 360
1156 360
1156 361
1157 361
1157 362
1160 362
1160 363
1164 363
1164 364
1167 364
1167 365
1168 365
1168 366
1170 366
1170 367
1174 367
1174 368
1176 368
1176 369
1180 369
1180 370
1184 370
1184 371
1189 371
1189 372
1194 372
1194 373
1199 373
1199 374
1205 374
1205 375
1208 375
1208 376
1210 376
1210 377
1211 377
1211 378
1213 378
1213 379
1214 379
1214 380
1218 380
1218 381
1222 381
1222 382
1229 382
1229 383
1230 383
1230 387
1231 387
1231 388
1232 388
1232 389
1233 389
1233 390
1237 390
1237 391
1239 391
1239 392
1240 392
1240 393
1244 393
1244 394
1245 394
1245 395
1247 395
1247 396
1249 396
1249 397
1252 397
1252 398
1255 398
1255 399
1257 399
1257 400
1260 400
1260 401
1262 401
1262 402
1264 402
1264 403
1266 403
1266 404
1270 404
1270 406
1271 406
1271 407
1272 407
1272 408
1273 408
1273 409
1274 409
1274 410
1276 410
1276 411
1278 411
1278 412
1279 412
1279 413
1280 413
1280 414
1281 414
1281 415
1282 415
1282 416
1283 416
1283 417
1284 417
1284 418
1285 418
1285 419
1287 419
1287 420
1289 420
1289 421
1291 421
1291 422
1294 422
1294 423
1299 423
1299 424
1301 424
1301 425
1302 425
1302 428
1303 428
1303 430
1302 430
1302 436
1303 436
1303 444
1304 444
1304 445
1305 445
1305 446
1306 446
1306 447
1307 447
1307 448
1308 448
1308 449
1309 449
1309 450
1310 450
1310 451
1312 451
1312 452
1314 452
1314 456
1315 456
1315 463
1316 463
1316 464
1317 464
1317 465
1318 465
1318 466
1319 466
1319 467
1321 467
1321 468
1322 468
1322 469
1323 469
1323 470
1326 470
1326 471
1327 471
1327 472
1329 472
1329 473
1330 473
1330 474
1331 474
1331 475
1332 475
1332 476
1333 476
1333 477
1335 477
1335 478
1339 478
1339 479
1341 479
1341 480
1343 480
1343 481
1344 481
1344 482
1345 482
1345 483
1346 483
1346 484
1347 484
1347 487
1348 487
1348 489
1349 489
1349 490
1350 490
1350 491
1351 491
1351 492
1352 492
1352 493
1353 493
1353 494
1354 494
1354 495
1355 495
1355 498
1361 498
1361 499
1363 499
1363 500
1364 500
1364 503
1365 503
1365 504
1366 504
1366 505
1368 505
1368 506
1370 506
1370 507
1372 507
1372 508
1379 508
1379 509
1388 509
1388 510
1397 510
1397 511
1399 511
1399 512
1401 512
1401 513
1402 513
1402 514
1404 514
1404 515
1407 515
1407 516
1409 516
1409 517
1410 517
1410 518
1411 518
1411 519
1412 519
1412 520
1413 520
1413 521
1414 521
1414 522
1416 522
1416 523
1425 523
1425 524
1428 524
1428 525
1436 525
1436 526
1439 526
1439 527
1442 527
1442 528
1444 528
1444 529
1445 529
1445 530
1446 530
1446 531
1447 531
1447 532
1448 532
1448 533
1449 533
1449 534
1451 534
1451 535
1455 535
1455 536
1457 536
1457 537
1460 537
1460 538
1463 538
1463 539
1467 539
1467 540
1469 540
1469 539
1483 539
1483 540
1493 540
1493 539
1494 539
1494 538
1495 538
1495 537
1496 537
1496 536
1497 536
1497 534
1499 534
1499 533
1500 533
1500 532
1504 532
1504 531
1506 531
1506 530
1507 530
1507 528
1508 528
1508 527
1509 527
1509 525
1511 525
1511 524
1515 524
1515 525
1522 525
1522 524
1528 524
1528 523
1530 523
1530 522
1531 522
1531 521
1532 521
1532 519
1533 519
1533 518
1534 518
1534 517
1535 517
1535 516
1536 516
1536 515
1537 515
1537 514
1538 514
1538 513
1539 513
1539 512
1542 512
1542 511
1553 511
1553 512
1554 512
1554 511
1560 511
1560 512
1564 512
1564 513
1570 513
1570 514
1572 514
1572 515
1574 515
1574 516
1578 516
1578 515
1588 515
1588 514
1603 514
1603 515
1615 515
1615 516
1618 516
1618 517
1620 517
1620 518
1625 518
1625 519
1626 519
1626 520
1627 520
1627 521
1629 521
1629 522
1630 522
1630 523
1632 523
1632 524
1635 524
1635 525
1637 525
1637 526
1638 526
1638 527
1640 527
1640 528
1644 528
1644 529
1645 529
1645 530
1647 530
1647 531
1649 531
1649 532
1650 532
1650 533
1651 533
1651 534
1653 534
1653 535
1657 535
1657 536
1661 536
1661 537
1663 537
1663 538
1666 538
1666 539
1670 539
1670 540
1673 540
1673 541
1679 541
1679 542
1680 542
1680 541
1683 541
1683 542
1686 542
1686 543
1702 543
1702 542
1704 542
1704 541
1706 541
1706 540
1707 540
1707 539
1710 539
1710 538
1716 538
1716 539
1721 539
1721 540
1724 540
1724 541
1726 541
1726 542
1730 542
1730 543
1735 543
1735 542
1741 542
1741 541
1745 541
1745 542
1755 542
1755 543
1769 543
1769 544
1772 544
1772 545
1781 545
1781 546
1787 546
1787 547
1790 547
1790 548
1796 548
1796 549
1802 549
1802 548
1804 548
1804 549
1810 549
1810 548
1816 548
1816 547
1825 547
1825 548
1840 548
1840 547
1841 547
1841 546
1842 546
1842 545
1844 545
1844 544
1845 544
1845 543
1847 543
1847 542
1858 542
1858 543
1869 543
1869 542
1874 542
1874 543
1881 543
1881 544
1882 544
1882 545
1883 545
1883 546
1884 546
1884 549
1885 549
1885 551
1886 551
1886 552
1887 552
1887 553
1888 553
1888 554
1889 554
1889 555
1890 555
1890 556
1891 556
1891 557
1893 557
1893 558
1894 558
1894 559
1896 559
1896 560
1897 560
1897 561
1898 561
1898 562
1899 562
1899 563
1900 563
1900 566
1901 566
1901 570
1902 570
1902 573
1903 573
1903 576
1904 576
1904 585
1905 585
1905 586
1906 586
1906 588
1907 588
1907 589
1908 589
1908 590
1909 590
1909 591
1910 591
1910 592
1911 592
1911 593
1912 593
1912 594
1913 594
1913 595
1916 595
1916 596
1918 596
1918 597
1919 597
1919 598
1920 598
1920 599
1921 599
1921 600
1922 600
1922 601
1923 601
1923 602
1924 602
1924 610
1925 610
1925 614
1926 614
1926 615
1927 615
1927 617
1928 617
1928 619
1929 619
1929 620
1930 620
1930 621
1932 621
1932 622
1936 622
1936 623
1937 623
1937 627
1938 627
1938 628
1939 628
1939 631
1940 631
1940 632
1941 632
1941 633
1942 633
1942 634
1943 634
1943 635
1945 635
1945 636
1946 636
1946 637
1949 637
1949 638
1968 638
1968 639
1976 639
1976 640
1989 640
1989 639
1991 639
1991 638
1992 638
1992 637
1994 637
1994 636
1997 636
1997 635
2001 635
2001 636
2006 636
2006 635
2015 635
2015 634
2020 634
2020 635
2021 635
2021 636
2022 636
2022 637
2023 637
2023 638
2024 638
2024 639
2026 639
2026 640
2032 640
2032 642
2033 642
2033 643
2036 643
2036 644
2039 644
2039 645
2041 645
2041 646
2044 646
2044 647
2057 647
2057 646
2062 646
2062 645
2063 645
2063 644
2064 644
2064 643
2065 643
2065 642
2068 642
2068 641
2070 641
2070 640
2074 640
2074 639
2076 639
2076 638
2077 638
2077 636
2078 636
2078 634
2079 634
2079 633
2080 633
2080 631
2081 631
2081 630
2082 630
2082 629
2083 629
2083 628
2084 628
2084 627
2086 627
2086 626
2094 626
2094 625
2096 625
2096 624
2097 624
2097 623
2098 623
2098 621
2099 621
2099 619
2100 619
2100 616
2101 616
2101 603
2105 603
2105 602
2109 602
2109 601
2110 601
2110 600
2111 600
2111 597
2112 597
2112 589
2117 589
2117 588
2119 588
2119 587
2121 587
2121 586
2122 586
2122 585
2123 585
2123 583
2124 583
2124 581
2125 581
2125 578
2124 578
2124 572
2123 572
2123 566
2124 566
2124 561
2129 561
2129 562
2131 562
2131 563
2132 563
2132 564
2133 564
2133 565
2134 565
2134 566
2135 566
2135 567
2136 567
2136 568
2137 568
2137 569
2140 569
2140 570
2160 570
2160 571
2166 571
2166 572
2177 572
2177 571
2179 571
2179 570
2189 570
2189 569
2201 569
2201 568
2203 568
2203 567
2204 567
2204 566
2206 566
2206 565
2212 565
2212 564
2215 564
2215 563
2217 563
2217 562
2220 562
2220 561
2234 561
2234 560
2236 560
2236 559
2239 559
2239 558
2244 558
2244 559
2247 559
2247 558
2250 558
2250 557
2251 557
2251 556
2252 556
2252 555
2253 555
2253 554
2254 554
2254 553
2255 553
2255 552
2264 552
2264 551
2283 551
2283 550
2284 550
2284 549
2290 549
2290 548
2293 548
2293 547
2302 547
2302 548
2308 548
2308 547
2310 547
2310 546
2314 546
2314 545
2320 545
2320 544
2323 544
2323 543
2324 543
2324 542
2325 542
2325 541
2327 541
2327 540
2330 540
2330 539
2333 539
2333 538
2335 538
2335 537
2336 537
2336 536
2337 536
2337 535
2338 535
2338 533
2339 533
2339 532
2341 532
2341 531
2342 531
2342 530
2344 530
2344 529
2347 529
2347 528
2348 528
2348 527
2349 527
2349 526
2350 526
2350 525
2351 525
2351 524
2355 524
2355 523
2358 523
2358 522
2359 522
2359 521
2361 521
2361 520
2364 520
2364 519
2372 519
2372 518
2375 518
2375 517
2380 517
2380 516
2383 516
2383 515
2385 515
2385 514
2388 514
2388 513
2390 513
2390 512
2393 512
2393 511
2394 511
2394 510
2399 510
2399 509
2409 509
2409 510
2414 510
2414 509
2417 509
2417 508
2419 508
2419 507
2420 507
2420 506
2421 506
2421 505
2422 505
2422 504
2424 504
2424 503
2426 503
2426 502
2428 502
2428 501
2432 501
2432 500
2433 500
2433 499
2434 499
2434 497
2436 497
2436 496
2442 496
2442 497
2443 497
2443 499
2444 499
2444 500
2445 500
2445 501
2446 501
2446 502
2447 502
2447 503
2448 503
2448 504
2449 504
2449 505
2451 505
2451 506
2452 506
2452 508
2453 508
2453 517
2454 517
2454 519
2455 519
2455 521
2456 521
2456 522
2457 522
2457 523
2458 523
2458 524
2462 524
2462 525
2472 525
2472 526
2481 526
2481 525
2483 525
2483 524
2491 524
2491 523
2492 523
2492 524
2495 524
2495 525
2497 525
2497 526
2499 526
2499 527
2500 527
2500 529
2501 529
2501 530
2502 530
2502 531
2503 531
2503 532
2504 532
2504 533
2506 533
2506 534
2509 534
2509 536
2510 536
2510 537
2511 537
2511 539
2512 539
2512 540
2513 540
2513 541
2514 541
2514 542
2516 542
2516 543
2519 543
2519 544
2523 544
2523 545
2524 545
2524 547
2525 547
2525 548
2527 548
2527 549
2529 549
2529 550
2540 550
2540 551
2552 551
2552 552
2551 552
2551 553
2552 553
2552 552
2560 552
2560 553
2565 553
2565 552
2571 552
2571 551
2577 551
2577 550
2581 550
2581 549
2592 549
2592 548
2595 548
2595 547
2596 547
2596 546
2598 546
2598 545
2605 545
2605 544
2607 544
2607 543
2608 543
2608 542
2609 542
2609 540
2611 540
2611 539
2613 539
2613 538
2616 538
2616 537
2619 537
2619 536
2620 536
2620 535
2621 535
2621 533
2622 533
2622 532
2623 532
2623 531
2625 531
2625 530
2630 530
2630 529
2631 529
2631 528
2632 528
2632 527
2633 527
2633 526
2634 526
2634 524
2635 524
2635 523
2637 523
2637 522
2641 522
2641 521
2643 521
2643 520
2644 520
2644 519
2645 519
2645 518
2646 518
2646 516
2647 516
2647 515
2650 515
2650 514
2654 514
2654 513
2656 513
2656 512
2657 512
2657 511
2666 511
2666 510
2668 510
2668 509
2669 509
2669 508
2671 508
2671 507
2680 507
2680 506
2687 506
2687 505
2691 505
2691 504
2693 504
2693 503
2695 503
2695 504
2699 504
2699 505
2712 505
2712 504
2714 504
2714 503
2716 503
2716 502
2718 502
2718 501
2720 501
2720 500
2722 500
2722 499
2727 499
2727 500
2730 500
2730 501
2731 501
2731 502
2734 502
2734 503
2741 503
2741 504
2747 504
2747 505
2756 505
2756 506
2758 506
2758 507
2761 507
2761 508
2763 508
2763 509
2765 509
2765 510
2768 510
2768 511
2771 511
2771 512
2775 512
2775 513
2779 513
2779 514
2782 514
2782 515
2794 515
2794 514
2796 514
2796 513
2797 513
2797 512
2798 512
2798 511
2799 511
2799 510
2800 510
2800 509
2801 509
2801 508
2802 508
2802 506
2804 506
2804 505
2808 505
2808 504
2810 504
2810 503
2812 503
2812 502
2813 502
2813 501
2814 501
2814 499
2815 499
2815 498
2816 498
2816 497
2817 497
2817 493
2816 493
2816 491
2815 491
2815 490
2814 490
2814 477
2815 477
2815 476
2816 476
2816 475
2823 475
2823 474
2824 474
2824 473
2825 473
2825 472
2826 472
2826 471
2827 471
2827 470
2828 470
2828 469
2829 469
2829 465
2830 465
2830 461
2831 461
2831 460
2835 460
2835 459
2837 459
2837 458
2838 458
2838 457
2839 457
2839 452
2840 452
2840 439
2841 439
2841 433
2840 433
2840 431
2853 431
2853 432
2859 432
2859 431
2861 431
2861 430
2872 430
2872 429
2874 429
2874 428
2875 428
2875 427
2877 427
2877 426
2884 426
2884 425
2886 425
2886 424
2887 424
2887 422
2888 422
2888 418
2889 418
2889 410
2890 410
2890 408
2895 408
2895 407
2897 407
2897 406
2899 406
2899 405
2900 405
2900 404
2905 404
2905 403
2908 403
2908 404
2921 404
2921 403
2923 403
2923 402
2932 402
2932 401
2935 401
2935 400
2936 400
2936 399
2939 399
2939 398
2945 398
2945 397
2946 397
2946 396
2947 396
2947 394
2948 394
2948 392
2949 392
2949 391
2950 391
2950 386
2949 386
2949 376
2950 376
2950 374
2951 374
2951 373
2956 373
2956 372
2958 372
2958 371
2959 371
2959 370
2960 370
2960 369
2961 369
2961 367
2962 367
2962 365
2963 365
2963 362
2962 362
2962 360
2961 360
2961 353
2962 353
2962 337
2963 337
2963 334
2964 334
2964 333
2967 333
2967 332
2969 332
2969 331
2971 331
2971 330
2972 330
2972 329
2973 329
2973 328
2974 328
2974 327
2975 327
2975 326
2976 326
2976 324
2975 324
2975 315
2976 315
2976 314
2977 314
2977 315
2983 315
2983 316
2984 316
2984 315
2991 315
2991 316
2996 316
2996 315
2997 315
2997 314
2998 314
2998 313
2999 313
2999 312
3000 312
3000 311
3001 311
3001 310
3006 310
3006 311
3009 311
3009 312
3013 312
3013 311
3016 311
3016 310
3020 310
3020 309
3021 309
3021 308
3022 308
3022 307
3023 307
3023 305
3024 305
3024 303
3025 303
3025 302
3026 302
3026 301
3028 301
3028 300
3031 300
3031 301
3037 301
3037 302
3042 302
3042 303
3049 303
3049 304
3051 304
3051 303
3053 303
3053 302
3056 302
3056 301
3058 301
3058 300
3060 300
3060 299
3073 299
3073 300
3075 300
3075 299
3077 299
3077 298
3087 298
3087 299
3093 299
3093 298
3101 298
3101 297
3102 297
3102 296
3103 296
3103 295
3104 295
3104 294
3106 294
3106 293
3107 293
3107 292
3109 292
3109 291
3112 291
3112 290
3113 290
3113 289
3114 289
3114 288
3115 288
3115 287
3117 287
3117 286
3119 286
3119 285
3120 285
3120 284
3122 284
3122 283
3126 283
3126 282
3128 282
3128 281
3129 281
3129 280
3130 280
3130 279
3132 279
3132 278
3133 278
3133 277
3134 277
3134 276
3137 276
3137 275
3139 275
3139 274
3140 274
3140 272
3141 272
3141 271
3142 271
3142 268
3144 268
3144 267
3145 267
3145 266
3148 266
3148 265
3151 265
3151 264
3152 264
3152 263
3153 263
3153 261
3155 261
3155 260
3160 260
3160 259
3162 259
3162 258
3163 258
3163 257
3164 257
3164 255
3165 255
3165 254
3167 254
3167 253
3170 253
3170 252
3174 252
3174 251
3178 251
3178 252
3183 252
3183 253
3185 253
3185 254
3196 254
3196 253
3197 253
3197 252
3198 252
3198 251
3199 251
3199 250
3200 250
3200 249
3201 249
3201 248
3202 248
3202 247
3203 247
3203 246
3205 246
3205 245
3206 245
3206 243
3207 243
3207 237
3210 237
3210 236
3211 236
3211 235
3213 235
3213 234
3219 234
3219 235
3221 235
3221 234
3232 234
3232 233
3233 233
3233 232
3235 232
3235 231
3236 231
3236 230
3237 230
3237 229
3238 229
3238 228
3240 228
3240 227
3241 227
3241 226
3242 226
3242 220
3244 220
3244 219
3246 219
3246 218
3247 218
3247 217
3248 217
3248 216
3249 216
3249 214
3250 214
3250 212
3251 212
3251 211
3253 211
3253 210
3257 210
3257 209
3258 209
3258 208
3259 208
3259 207
3260 207
3260 206
3261 206
3261 205
3262 205
3262 203
3263 203
3263 202
3264 202
3264 201
3265 201
3265 200
3270 200
3270 199
3272 199
3272 198
3273 198
3273 196
3274 196
3274 195
3275 195
3275 194
3276 194
3276 192
3277 192
3277 191
3278 191
3278 190
3279 190
3279 189
3280 189
3280 188
3282 188
3282 187
3284 187
3284 186
3286 186
3286 185
3287 185
3287 184
3288 184
3288 183
3289 183
3289 182
3290 182
3290 174
3294 174
3294 173
3296 173
3296 172
3297 172
3297 171
3298 171
3298 169
3299 169
3299 168
3300 168
3300 167
3301 167
3301 166
3302 166
3302 165
3303 165
3303 164
3304 164
3304 163
3305 163
3305 157
3304 157
3304 156
3303 156
3303 155
3302 155
3302 154
3301 154
3301 153
3300 153
3300 147
3312 147
3312 148
3317 148
3317 147
3321 147
3321 146
3322 146
3322 145
3323 145
3323 144
3324 144
3324 143
3325 143
3325 142
3327 142
3327 141
3330 141
3330 140
3332 140
3332 139
3333 139
3333 138
3335 138
3335 137
3336 137
3336 136
3337 136
3337 112
3338 112
3338 110
3340 110
3340 109
3344 109
3344 108
3346 108
3346 107
3347 107
3347 106
3348 106
3348 105
3349 105
3349 103
3350 103
3350 102
3351 102
3351 101
3352 101
3352 98
3353 98
3353 95
3354 95
3354 94
3356 94
3356 93
3359 93
3359 92
3360 92
3360 91
3361 91
3361 90
3362 90
3362 87
3364 87
3364 86
3366 86
3366 85
3367 85
3367 84
3368 84
3368 83
3374 83
3374 84
3379 84
3379 83
3380 83
3380 82
3381 82
3381 81
3383 81
3383 80
3384 80
3384 79
3385 79
3385 78
3387 78
3387 77
3390 77
3390 76
3395 76
3395 75
3396 75
3396 72
3397 72
3397 69
3398 69
3398 66
3399 66
3399 63
3406 63
3406 64
3418 64
3418 65
3422 65
3422 64
3428 64
3428 63
3429 63
3429 62
3430 62
3430 60
3429 60
3429 62
3428 62
3428 63
3422 63
3422 64
3418 64
3418 63
3406 63
3406 62
3399 62
3399 63
3398 63
3398 66
3397 66
3397 69
3396 69
3396 72
3395 72
3395 75
3390 75
3390 76
3387 76
3387 77
3385 77
3385 78
3384 78
3384 79
3383 79
3383 80
3381 80
3381 81
3380 81
3380 82
3379 82
3379 83
3374 83
3374 82
3368 82
3368 83
3367 83
3367 84
3366 84
3366 85
3364 85
3364 86
3362 86
3362 87
3361 87
3361 90
3360 90
3360 91
3359 91
3359 92
3356 92
3356 93
3354 93
3354 94
3352 94
3352 98
3351 98
3351 101
3350 101
3350 102
3349 102
3349 103
3348 103
3348 105
3347 105
3347 106
3346 106
3346 107
3344 107
3344 108
3340 108
3340 109
3338 109
3338 110
3337 110
3337 112
3336 112
3336 136
3335 136
3335 137
3333 137
3333 138
3332 138
3332 139
3330 139
3330 140
3327 140
3327 141
3325 141
3325 142
3324 142
3324 143
3323 143
3323 144
3322 144
3322 145
3321 145
3321 146
3317 146
3317 147
3312 147
3312 146
3300 146
3300 147
3299 147
3299 153
3300 153
3300 154
3301 154
3301 155
3302 155
3302 156
3303 156
3303 157
3304 157
3304 163
3303 163
3303 164
3302 164
3302 165
3301 165
3301 166
3300 166
3300 167
3299 167
3299 168
3298 168
3298 169
3297 169
3297 171
3296 171
3296 172
3294 172
3294 173
3290 173
3290 174
3289 174
3289 182
3288 182
3288 183
3287 183
3287 184
3286 184
3286 185
3284 185
3284 186
3282 186
3282 187
3280 187
3280 188
3279 188
3279 189
3278 189
3278 190
3277 190
3277 191
3276 191
3276 192
3275 192
3275 194
3274 194
3274 195
3273 195
3273 196
3272 196
3272 198
3270 198
3270 199
3265 199
3265 200
3264 200
3264 201
3263 201
3263 202
3262 202
3262 203
3261 203
3261 205
3260 205
3260 206
3259 206
3259 207
3258 207
3258 208
3257 208
3257 209
3253 209
3253 210
3251 210
3251 211
3250 211
3250 212
3249 212
3249 214
3248 214
3248 216
3247 216
3247 217
3246 217
3246 218
3244 218
3244 219
3241 219
3241 226
3240 226
3240 227
3238 227
3238 228
3237 228
3237 229
3236 229
3236 230
3235 230
3235 231
3233 231
3233 232
3232 232
3232 233
3221 233
3221 234
3219 234
3219 233
3213 233
3213 234
3211 234
3211 235
3210 235
3210 236
3207 236
3207 237
3206 237
3206 243
3205 243
3205 245
3203 245
3203 246
3202 246
3202 247
3201 247
3201 248
3200 248
3200 249
3199 249
3199 250
3198 250
3198 251
3197 251
3197 252
3196 252
3196 253
3185 253
3185 252
3183 252
3183 251
3178 251
3178 250
3174 250
3174 251
3170 251
3170 252
3167 252
3167 253
3165 253
3165 254
3164 254
3164 255
3163 255
3163 257
3162 257
3162 258
3160 258
3160 259
3155 259
3155 260
3153 260
3153 261
3152 261
3152 263
3151 263
3151 264
3148 264
3148 265
3145 265
3145 266
3144 266
3144 267
3142 267
3142 268
3141 268
3141 271
3140 271
3140 272
3139 272
3139 274
3137 274
3137 275
3134 275
3134 276
3133 276
3133 277
3132 277
3132 278
3130 278
3130 279
3129 279
3129 280
3128 280
3128 281
3126 281
3126 282
3122 282
3122 283
3119 283
3119 285
3117 285
3117 286
3115 286
3115 287
3114 287
3114 288
3113 288
3113 289
3112 289
3112 290
3109 290
3109 291
3107 291
3107 292
3106 292
3106 293
3104 293
3104 294
3103 294
3103 295
3102 295
3102 296
3101 296
3101 297
3093 297
3093 298
3087 298
3087 297
3077 297
3077 298
3075 298
3075 299
3073 299
3073 298
3060 298
3060 299
3058 299
3058 300
3056 300
3056 301
3053 301
3053 302
3051 302
3051 303
3049 303
3049 302
3042 302
3042 301
3037 301
3037 300
3031 300
3031 299
3028 299
3028 300
3026 300
3026 301
3025 301
3025 302
3024 302
3024 303
3023 303
3023 305
3022 305
3022 307
3021 307
3021 308
3020 308
3020 309
3016 309
3016 310
3013 310
3013 311
3009 311
3009 310
3006 310
3006 309
3001 309
3001 310
3000 310
3000 311
2999 311
2999 312
2998 312
2998 313
2997 313
2997 314
2996 314
2996 315
2991 315
2991 314
2984 314
2984 315
2983 315
2983 314
2977 314
2977 313
2975 313
2975 315
2974 315
2974 324
2975 324
2975 326
2974 326
2974 327
2973 327
2973 328
2972 328
2972 329
2971 329
2971 330
2969 330
2969 331
2967 331
2967 332
2963 332
2963 334
2962 334
2962 337
2961 337
2961 353
2960 353
2960 360
2961 360
2961 362
2962 362
2962 365
2961 365
2961 367
2960 367
2960 369
2959 369
2959 370
2958 370
2958 371
2956 371
2956 372
2951 372
2951 373
2950 373
2950 374
2949 374
2949 376
2948 376
2948 386
2949 386
2949 391
2948 391
2948 392
2947 392
2947 394
2946 394
2946 396
2945 396
2945 397
2939 397
2939 398
2936 398
2936 399
2935 399
2935 400
2932 400
2932 401
2923 401
2923 402
2921 402
2921 403
2908 403
2908 402
2905 402
2905 403
2900 403
2900 404
2899 404
2899 405
2897 405
2897 406
2895 406
2895 407
2890 407
2890 408
2889 408
2889 410
2888 410
2888 418
2887 418
2887 422
2886 422
2886 424
2884 424
2884 425
2877 425
2877 426
2875 426
2875 427
2874 427
2874 428
2872 428
2872 429
2861 429
2861 430
2859 430
2859 431
2853 431
2853 430
2840 430
2840 431
2839 431
2839 433
2840 433
2840 439
2839 439
2839 452
2838 452
2838 457
2837 457
2837 458
2835 458
2835 459
2831 459
2831 460
2829 460
2829 465
2828 465
2828 469
2827 469
2827 470
2826 470
2826 471
2825 471
2825 472
2824 472
2824 473
2823 473
2823 474
2816 474
2816 475
2815 475
2815 476
2814 476
2814 477
2813 477
2813 490
2814 490
2814 491
2815 491
2815 493
2816 493
2816 497
2815 497
2815 498
2814 498
2814 499
2813 499
2813 501
2812 501
2812 502
2810 502
2810 503
2808 503
2808 504
2804 504
2804 505
2802 505
2802 506
2801 506
2801 508
2800 508
2800 509
2799 509
2799 510
2798 510
2798 511
2797 511
2797 512
2796 512
2796 513
2794 513
2794 514
2782 514
2782 513
2779 513
2779 512
2775 512
2775 511
2771 511
2771 510
2768 510
2768 509
2765 509
2765 508
2763 508
2763 507
2761 507
2761 506
2758 506
2758 505
2756 505
2756 504
2747 504
2747 503
2741 503
2741 502
2734 502
2734 501
2731 501
2731 500
2730 500
2730 499
2727 499
2727 498
2722 498
2722 499
2720 499
2720 500
2718 500
2718 501
2716 501
2716 502
2714 502
2714 503
2712 503
2712 504
2699 504
2699 503
2695 503
2695 502
2693 502
2693 503
2691 503
2691 504
2687 504
2687 505
2680 505
2680 506
2671 506
2671 507
2669 507
2669 508
2668 508
2668 509
2666 509
2666 510
2657 510
2657 511
2656 511
2656 512
2654 512
2654 513
2650 513
2650 514
2647 514
2647 515
2646 515
2646 516
2645 516
2645 518
2644 518
2644 519
2643 519
2643 520
2641 520
2641 521
2637 521
2637 522
2635 522
2635 523
2634 523
2634 524
2633 524
2633 526
2632 526
2632 527
2631 527
2631 528
2630 528
2630 529
2625 529
2625 530
2623 530
2623 531
2622 531
2622 532
2621 532
2621 533
2620 533
2620 535
2619 535
2619 536
2616 536
2616 537
2613 537
2613 538
2611 538
2611 539
2609 539
2609 540
2608 540
2608 542
2607 542
2607 543
2605 543
2605 544
2598 544
2598 545
2596 545
2596 546
2595 546
2595 547
2592 547
2592 548
2581 548
2581 549
2577 549
2577 550
2571 550
2571 551
2565 551
2565 552
2560 552
2560 551
2552 551
2552 550
2540 550
2540 549
2529 549
2529 548
2527 548
2527 547
2525 547
2525 545
2524 545
2524 544
2523 544
2523 543
2519 543
2519 542
2516 542
2516 541
2514 541
2514 540
2513 540
2513 539
2512 539
2512 537
2511 537
2511 536
2510 536
2510 534
2509 534
2509 533
2506 533
2506 532
2504 532
2504 531
2503 531
2503 530
2502 530
2502 529
2501 529
2501 527
2500 527
2500 526
2499 526
2499 525
2497 525
2497 524
2495 524
2495 523
2492 523
2492 522
2491 522
2491 523
2483 523
2483 524
2481 524
2481 525
2472 525
2472 524
2462 524
2462 523
2458 523
2458 522
2457 522
2457 521
2456 521
2456 519
2455 519
2455 517
2454 517
2454 508
2453 508
2453 506
2452 506
2452 505
2451 505
2451 504
2449 504
2449 503
2448 503
2448 502
2447 502
2447 501
2446 501
2446 500
2445 500
2445 499
2444 499
2444 497
2443 497
2443 496
2442 496
2442 495
2436 495
2436 496
2434 496
2434 497
2433 497
2433 499
2432 499
2432 500
2428 500
2428 501
2426 501
2426 502
2424 502
2424 503
2422 503
2422 504
2421 504
2421 505
2420 505
2420 506
2419 506
2419 507
2417 507
2417 508
2414 508
2414 509
2409 509
2409 508
2399 508
2399 509
2394 509
2394 510
2393 510
2393 511
2390 511
2390 512
2388 512
2388 513
2385 513
2385 514
2383 514
2383 515
2380 515
2380 516
2375 516
2375 517
2372 517
2372 518
2364 518
2364 519
2361 519
2361 520
2359 520
2359 521
2358 521
2358 522
2355 522
2355 523
2351 523
2351 524
2350 524
2350 525
2349 525
2349 526
2348 526
2348 527
2347 527
2347 528
2344 528
