1781 913
1782 913
1782 922
1781 922
1781 924
1780 924
1780 926
1779 926
1779 927
1777 927
1777 928
1744 928
1744 929
1735 929
1735 930
1731 930
1731 931
1728 931
1728 932
1714 932
1714 933
1712 933
1712 934
1710 934
1710 935
1708 935
1708 936
1702 936
1702 937
1699 937
1699 938
1698 938
1698 939
1697 939
1697 941
1696 941
1696 944
1695 944
1695 945
1694 945
1694 946
1693 946
1693 947
1692 947
1692 948
1689 948
1689 949
1681 949
1681 948
1680 948
1680 947
1675 947
1675 946
1670 946
1670 945
1664 945
1664 944
1662 944
1662 943
1661 943
1661 937
1660 937
1660 932
1659 932
1659 928
1658 928
1658 925
1657 925
1657 924
1656 924
1656 923
1655 923
1655 922
1654 922
1654 921
1653 921
1653 920
1652 920
1652 919
1650 919
1650 918
1647 918
1647 917
1644 917
1644 916
1643 916
1643 915
1641 915
1641 914
1640 914
1640 913
1639 913
1639 912
1638 912
1638 911
1637 911
1637 910
1629 910
1629 909
1627 909
1627 908
1626 908
1626 907
1624 907
1624 906
1623 906
1623 905
1620 905
1620 904
1615 904
1615 903
1611 903
1611 904
1608 904
1608 905
1599 905
1599 906
1580 906
1580 907
1573 907
1573 908
1568 908
1568 909
1567 909
1567 910
1564 910
1564 911
1563 911
1563 912
1562 912
1562 913
1561 913
1561 914
1559 914
1559 915
1557 915
1557 916
1556 916
1556 917
1554 917
1554 918
1552 918
1552 919
1550 919
1550 920
1547 920
1547 921
1545 921
1545 922
1544 922
1544 923
1543 923
1543 924
1542 924
1542 925
1541 925
1541 926
1536 926
1536 927
1510 927
1510 926
1508 926
1508 925
1497 925
1497 924
1495 924
1495 923
1493 923
1493 922
1492 922
1492 921
1489 921
1489 920
1487 920
1487 919
1485 919
1485 918
1483 918
1483 917
1477 917
1477 916
1473 916
1473 917
1468 917
1468 918
1466 918
1466 919
1465 919
1465 920
1464 920
1464 921
1463 921
1463 922
1462 922
1462 923
1461 923
1461 924
1459 924
1459 925
1458 925
1458 926
1456 926
1456 927
1453 927
1453 928
1451 928
1451 929
1444 929
1444 930
1441 930
1441 929
1439 929
1439 927
1438 927
1438 926
1437 926
1437 925
1424 925
1424 926
1420 926
1420 927
1417 927
1417 928
1408 928
1408 929
1397 929
1397 930
1393 930
1393 931
1391 931
1391 932
1390 932
1390 935
1389 935
1389 936
1388 936
1388 937
1387 937
1387 938
1386 938
1386 939
1385 939
1385 940
1375 940
1375 941
1372 941
1372 942
1370 942
1370 943
1366 943
1366 944
1364 944
1364 943
1362 943
1362 942
1360 942
1360 941
1359 941
1359 940
1357 940
1357 939
1356 939
1356 938
1354 938
1354 937
1353 937
1353 936
1351 936
1351 935
1350 935
1350 934
1348 934
1348 933
1347 933
1347 932
1345 932
1345 931
1344 931
1344 930
1342 930
1342 929
1339 929
1339 928
1337 928
1337 927
1330 927
1330 926
1323 926
1323 925
1321 925
1321 924
1319 924
1319 923
1316 923
1316 922
1314 922
1314 921
1312 921
1312 920
1310 920
1310 919
1309 919
1309 918
1308 918
1308 917
1306 917
1306 916
1305 916
1305 915
1303 915
1303 914
1302 914
1302 913
1299 913
1299 912
1298 912
1298 911
1294 911
1294 910
1291 910
1291 909
1274 909
1274 910
1269 910
1269 909
1259 909
1259 908
1253 908
1253 907
1251 907
1251 906
1249 906
1249 905
1248 905
1248 904
1247 904
1247 903
1246 903
1246 902
1245 902
1245 899
1244 899
1244 897
1243 897
1243 895
1242 895
1242 893
1241 893
1241 892
1239 892
1239 891
1231 891
1231 892
1229 892
1229 893
1226 893
1226 894
1222 894
1222 895
1219 895
1219 894
1215 894
1215 893
1213 893
1213 892
1211 892
1211 891
1209 891
1209 890
1208 890
1208 889
1205 889
1205 888
1202 888
1202 887
1198 887
1198 886
1192 886
1192 885
1191 885
1191 884
1189 884
1189 883
1187 883
1187 882
1185 882
1185 881
1183 881
1183 880
1182 880
1182 879
1180 879
1180 878
1179 878
1179 877
1178 877
1178 876
1177 876
1177 875
1175 875
1175 874
1172 874
1172 873
1163 873
1163 872
1159 872
1159 871
1157 871
1157 870
1156 870
1156 869
1155 869
1155 868
1154 868
1154 867
1153 867
1153 866
1152 866
1152 865
1151 865
1151 864
1150 864
1150 862
1149 862
1149 860
1148 860
1148 859
1147 859
1147 858
1145 858
1145 857
1143 857
1143 856
1139 856
1139 855
1136 855
1136 854
1133 854
1133 853
1132 853
1132 852
1131 852
1131 850
1130 850
1130 849
1129 849
1129 848
1127 848
1127 847
1126 847
1126 846
1124 846
1124 845
1120 845
1120 844
1119 844
1119 843
1117 843
1117 842
1115 842
1115 841
1114 841
1114 840
1112 840
1112 839
1111 839
1111 838
1109 838
1109 837
1108 837
1108 836
1107 836
1107 835
1105 835
1105 834
1104 834
1104 833
1100 833
1100 832
1098 832
1098 831
1087 831
1087 830
1086 830
1086 829
1085 829
1085 827
1084 827
1084 826
1083 826
1083 825
1082 825
1082 824
1079 824
1079 823
1069 823
1069 822
1067 822
1067 821
1066 821
1066 820
1065 820
1065 819
1064 819
1064 818
1063 818
1063 817
1062 817
1062 816
1061 816
1061 815
1060 815
1060 814
1059 814
1059 813
1058 813
1058 812
1055 812
1055 811
1054 811
1054 810
1053 810
1053 808
1052 808
1052 806
1051 806
1051 805
1050 805
1050 803
1049 803
1049 802
1048 802
1048 800
1047 800
1047 790
1046 790
1046 775
1045 775
1045 773
1044 773
1044 771
1043 771
1043 770
1038 770
1038 769
1033 769
1033 770
1028 770
1028 771
1022 771
1022 772
1020 772
1020 773
1018 773
1018 772
1012 772
1012 771
1009 771
1009 769
1008 769
1008 768
1007 768
1007 767
1006 767
1006 766
1005 766
1005 765
1004 765
1004 764
1003 764
1003 762
1002 762
1002 760
1001 760
1001 759
1000 759
1000 757
999 757
999 755
998 755
998 754
997 754
997 753
996 753
996 752
995 752
995 750
994 750
994 748
993 748
993 747
992 747
992 746
991 746
991 745
986 745
986 744
980 744
980 743
969 743
969 742
967 742
967 741
966 741
966 740
964 740
964 739
963 739
963 738
962 738
962 737
961 737
961 736
959 736
959 735
958 735
958 734
957 734
957 733
956 733
956 731
955 731
955 730
952 730
952 729
950 729
950 728
947 728
947 727
945 727
945 726
944 726
944 724
943 724
943 722
942 722
942 716
941 716
941 714
940 714
940 712
939 712
939 711
938 711
938 710
937 710
937 709
936 709
936 708
934 708
934 707
932 707
932 706
931 706
931 705
930 705
930 704
929 704
929 703
927 703
927 702
925 702
925 701
922 701
922 700
920 700
920 699
917 699
917 698
915 698
915 697
913 697
913 696
909 696
909 695
905 695
905 694
896 694
896 693
889 693
889 692
884 692
884 691
882 691
882 690
881 690
881 689
880 689
880 688
879 688
879 687
878 687
878 683
877 683
877 672
876 672
876 666
875 666
875 662
874 662
874 660
873 660
873 659
872 659
872 658
871 658
871 657
869 657
869 656
867 656
867 655
864 655
864 654
863 654
863 653
862 653
862 652
860 652
860 651
858 651
858 650
857 650
857 649
856 649
856 648
853 648
853 647
849 647
849 646
846 646
846 645
842 645
842 644
841 644
841 643
840 643
840 640
839 640
839 639
838 639
838 636
837 636
837 635
836 635
836 634
835 634
835 633
833 633
833 632
831 632
831 631
830 631
830 630
829 630
829 628
828 628
828 627
827 627
827 624
826 624
826 622
825 622
825 621
824 621
824 620
822 620
822 619
819 619
819 618
811 618
811 617
807 617
807 616
804 616
804 615
803 615
803 614
802 614
802 613
800 613
800 612
798 612
798 611
793 611
793 610
788 610
788 609
786 609
786 608
785 608
785 606
784 606
784 605
783 605
783 604
782 604
782 603
781 603
781 602
780 602
780 601
778 601
778 600
776 600
776 599
775 599
775 598
771 598
771 597
763 597
763 595
752 595
752 594
748 594
748 595
752 595
752 596
762 596
762 597
763 597
763 598
771 598
771 599
775 599
775 600
776 600
776 601
778 601
778 602
780 602
780 603
781 603
781 604
782 604
782 605
783 605
783 606
784 606
784 608
785 608
785 609
786 609
786 610
788 610
788 611
793 611
793 612
798 612
798 613
800 613
800 614
802 614
802 615
803 615
803 616
804 616
804 617
807 617
807 618
811 618
811 619
819 619
819 620
822 620
822 621
824 621
824 622
825 622
825 624
826 624
826 627
827 627
827 628
828 628
828 630
829 630
829 631
830 631
830 632
831 632
831 633
833 633
833 634
835 634
835 635
836 635
836 636
837 636
837 639
838 639
838 640
839 640
839 643
840 643
840 644
841 644
841 645
842 645
842 646
846 646
846 647
849 647
849 648
853 648
853 649
856 649
856 650
857 650
857 651
858 651
858 652
860 652
860 653
862 653
862 654
863 654
863 655
864 655
864 656
867 656
867 657
869 657
869 658
871 658
871 659
872 659
872 660
873 660
873 662
874 662
874 666
875 666
875 672
876 672
876 683
877 683
877 687
878 687
878 688
879 688
879 689
880 689
880 690
881 690
881 691
882 691
882 692
884 692
884 693
889 693
889 694
896 694
896 695
905 695
905 696
909 696
909 697
913 697
913 698
915 698
915 699
917 699
917 700
920 700
920 701
922 701
922 702
925 702
925 703
927 703
927 704
929 704
929 705
930 705
930 706
931 706
931 707
932 707
932 708
934 708
934 709
936 709
936 710
937 710
937 711
938 711
938 712
939 712
939 714
940 714
940 716
941 716
941 722
942 722
942 724
943 724
943 726
944 726
944 727
945 727
945 728
947 728
947 729
950 729
950 730
952 730
952 731
955 731
955 733
956 733
956 734
957 734
957 735
958 735
958 736
959 736
959 737
961 737
961 738
962 738
962 739
963 739
963 740
964 740
964 741
966 741
966 742
967 742
967 743
969 743
969 744
980 744
980 745
986 745
986 746
991 746
991 747
992 747
992 748
993 748
993 750
994 750
994 752
995 752
995 753
996 753
996 754
997 754
997 755
998 755
998 757
999 757
999 759
1000 759
1000 760
1001 760
1001 762
1002 762
1002 764
1003 764
1003 765
1004 765
1004 766
1005 766
1005 767
1006 767
1006 768
1007 768
1007 769
1008 769
1008 772
1012 772
1012 773
1018 773
1018 774
1020 774
1020 773
1022 773
1022 772
1028 772
1028 771
1033 771
1033 770
1038 770
1038 771
1043 771
1043 773
1044 773
1044 775
1045 775
1045 790
1046 790
1046 800
1047 800
1047 802
1048 802
1048 803
1049 803
1049 805
1050 805
1050 806
1051 806
1051 808
1052 808
1052 810
1053 810
1053 811
1054 811
1054 812
1055 812
1055 813
1058 813
1058 814
1059 814
1059 815
1060 815
1060 816
1061 816
1061 817
1062 817
1062 818
1063 818
1063 819
1064 819
1064 820
1065 820
1065 821
1066 821
1066 822
1067 822
1067 823
1069 823
1069 824
1079 824
1079 825
1082 825
1082 826
1083 826
1083 827
1084 827
1084 829
1085 829
1085 830
1086 830
1086 831
1087 831
1087 832
1098 832
1098 833
1100 833
1100 834
1104 834
1104 835
1105 835
1105 836
1107 836
1107 837
1108 837
1108 838
1109 838
1109 839
1111 839
1111 840
1112 840
1112 841
1114 841
1114 842
1115 842
1115 843
1117 843
1117 844
1119 844
1119 845
1120 845
1120 846
1124 846
1124 847
1126 847
1126 848
1127 848
1127 849
1129 849
1129 850
1130 850
1130 852
1131 852
1131 853
1132 853
1132 854
1133 854
1133 855
1136 855
1136 856
1139 856
1139 857
1143 857
1143 858
1145 858
1145 859
1147 859
1147 860
1148 860
1148 862
1149 862
1149 864
1150 864
1150 865
1151 865
1151 866
1152 866
1152 867
1153 867
1153 868
1154 868
1154 869
1155 869
1155 870
1156 870
1156 871
1157 871
1157 872
1159 872
1159 873
1163 873
1163 874
1172 874
1172 875
1175 875
1175 876
1177 876
1177 877
1178 877
1178 878
1179 878
1179 879
1180 879
1180 880
1182 880
1182 881
1183 881
1183 882
1185 882
1185 883
1187 883
1187 884
1189 884
1189 885
1191 885
1191 886
1192 886
1192 887
1198 887
1198 888
1202 888
1202 889
1205 889
1205 890
1208 890
1208 891
1209 891
1209 892
1211 892
1211 893
1213 893
1213 894
1215 894
1215 895
1219 895
1219 896
1222 896
1222 895
1226 895
1226 894
1229 894
1229 893
1231 893
1231 892
1239 892
1239 893
1241 893
1241 895
1242 895
1242 897
1243 897
1243 899
1244 899
1244 902
1245 902
1245 903
1246 903
1246 904
1247 904
1247 905
1248 905
1248 906
1249 906
1249 907
1251 907
1251 908
1253 908
1253 909
1259 909
1259 910
1269 910
1269 911
1274 911
1274 910
1291 910
1291 911
1294 911
1294 912
1298 912
1298 913
1299 913
1299 914
1302 914
1302 915
1303 915
1303 916
1305 916
1305 917
1306 917
1306 918
1308 918
1308 919
1309 919
1309 920
1310 920
1310 921
1312 921
1312 922
1314 922
1314 923
1316 923
1316 924
1319 924
1319 925
1321 925
1321 926
1323 926
1323 927
1330 927
1330 928
1337 928
1337 929
1339 929
1339 930
1342 930
1342 931
1344 931
1344 932
1345 932
1345 933
1347 933
1347 934
1348 934
1348 935
1350 935
1350 936
1351 936
1351 937
1353 937
1353 938
1354 938
1354 939
1356 939
1356 940
1357 940
1357 941
1359 941
1359 942
1360 942
1360 943
1362 943
1362 944
1364 944
1364 945
1366 945
1366 944
1370 944
1370 943
1372 943
1372 942
1375 942
1375 941
1385 941
1385 940
1386 940
1386 939
1387 939
1387 938
1388 938
1388 937
1389 937
1389 936
1390 936
1390 935
1391 935
1391 932
1393 932
1393 931
1397 931
1397 930
1408 930
1408 929
1417 929
1417 928
1420 928
1420 927
1424 927
1424 926
1437 926
1437 927
1438 927
1438 929
1439 929
1439 930
1441 930
1441 931
1444 931
1444 930
1451 930
1451 929
1453 929
1453 928
1456 928
1456 927
1458 927
1458 926
1459 926
1459 925
1461 925
1461 924
1462 924
1462 923
1463 923
1463 922
1464 922
1464 921
1465 921
1465 920
1466 920
1466 919
1468 919
1468 918
1473 918
1473 917
1477 917
1477 918
1483 918
1483 919
1485 919
1485 920
1487 920
1487 921
1489 921
1489 922
1492 922
1492 923
1493 923
1493 924
1495 924
1495 925
1497 925
1497 926
1508 926
1508 927
1510 927
1510 928
1536 928
1536 927
1541 927
1541 926
1542 926
1542 925
1543 925
1543 924
1544 924
1544 923
1545 923
1545 922
1547 922
1547 921
1550 921
1550 920
1552 920
1552 919
1554 919
1554 918
1556 918
1556 917
1557 917
1557 916
1559 916
1559 915
1561 915
1561 914
1562 914
1562 913
1563 913
1563 912
1564 912
1564 911
1567 911
1567 910
1568 910
1568 909
1573 909
1573 908
1580 908
1580 907
1599 907
1599 906
1608 906
1608 905
1611 905
1611 904
1615 904
1615 905
1620 905
1620 906
1623 906
1623 907
1624 907
1624 908
1626 908
1626 909
1627 909
1627 910
1629 910
1629 911
1637 911
1637 912
1638 912
1638 913
1639 913
1639 914
1640 914
1640 915
1641 915
1641 916
1643 916
1643 917
1644 917
1644 918
1647 918
1647 919
1650 919
1650 920
1652 920
1652 921
1653 921
1653 922
1654 922
1654 923
1655 923
1655 924
1656 924
1656 925
1657 925
1657 928
1658 928
1658 932
1659 932
1659 937
1660 937
1660 943
1661 943
1661 944
1662 944
1662 945
1664 945
1664 946
1670 946
1670 947
1675 947
1675 948
1680 948
1680 949
1681 949
1681 950
1689 950
1689 949
1692 949
1692 948
1693 948
1693 947
1694 947
1694 946
1695 946
1695 945
1696 945
1696 944
1697 944
1697 941
1698 941
1698 939
1699 939
1699 938
1702 938
1702 937
1708 937
1708 936
1710 936
1710 935
1712 935
1712 934
1714 934
1714 933
1728 933
1728 932
1731 932
1731 931
1735 931
1735 930
1744 930
1744 929
1777 929
1777 928
1779 928
1779 927
1780 927
1780 926
1781 926
1781 924
1782 924
1782 922
1783 922
1783 913
1782 913
1782 897
1783 897
1783 896
1790 896
1790 895
1796 895
1796 894
1799 894
1799 893
1800 893
1800 892
1801 892
1801 891
1802 891
1802 888
1803 888
1803 885
1804 885
1804 884
1820 884
1820 883
1837 883
1837 882
1840 882
1840 881
1876 881
1876 882
1884 882
1884 883
1885 883
1885 882
1891 882
1891 881
1893 881
1893 880
1894 880
1894 879
1895 879
1895 878
1896 878
1896 876
1897 876
1897 848
1898 848
1898 837
1900 837
1900 836
1906 836
1906 835
1908 835
1908 834
1909 834
1909 833
1910 833
1910 832
1911 832
1911 826
1910 826
1910 825
1909 825
1909 822
1910 822
1910 820
1911 820
1911 819
1912 819
1912 818
1913 818
1913 817
1914 817
1914 816
1915 816
1915 815
1916 815
1916 813
1917 813
1917 811
1918 811
1918 808
1919 808
1919 803
1918 803
1918 783
1917 783
1917 778
1918 778
1918 776
1919 776
1919 775
1920 775
1920 774
1923 774
1923 773
1925 773
1925 772
1926 772
1926 771
1930 771
1930 770
1933 770
1933 769
1935 769
1935 768
1936 768
1936 767
1938 767
1938 766
1939 766
1939 765
1940 765
1940 764
1941 764
1941 763
1943 763
1943 762
1953 762
1953 761
1954 761
1954 760
1955 760
1955 759
1956 759
1956 756
1957 756
1957 753
1965 753
1965 752
1975 752
1975 751
1977 751
1977 750
1978 750
1978 744
1979 744
1979 741
1980 741
1980 739
1982 739
1982 738
1986 738
1986 737
1989 737
1989 736
1990 736
1990 732
1991 732
1991 726
1992 726
1992 725
1996 725
1996 724
1998 724
1998 723
1999 723
1999 721
2001 721
2001 720
2003 720
2003 719
2006 719
2006 718
2009 718
2009 717
2023 717
2023 716
2024 716
2024 715
2025 715
2025 707
2024 707
2024 703
2025 703
2025 702
2026 702
2026 701
2027 701
2027 700
2029 700
2029 699
2034 699
2034 698
2036 698
2036 697
2037 697
2037 689
2040 689
2040 688
2041 688
2041 687
2071 687
2071 686
2074 686
2074 685
2075 685
2075 684
2076 684
2076 683
2079 683
2079 682
2080 682
2080 681
2081 681
2081 680
2082 680
2082 679
2083 679
2083 676
2084 676
2084 674
2085 674
2085 667
2086 667
2086 665
2087 665
2087 664
2088 664
2088 663
2090 663
2090 662
2092 662
2092 661
2093 661
2093 658
2094 658
2094 657
2095 657
2095 654
2096 654
2096 652
2097 652
2097 648
2098 648
2098 647
2104 647
2104 646
2105 646
2105 645
2106 645
2106 644
2108 644
2108 643
2109 643
2109 637
2110 637
2110 635
2120 635
2120 634
2127 634
2127 633
2132 633
2132 632
2135 632
2135 631
2137 631
2137 630
2139 630
2139 629
2143 629
2143 628
2144 628
2144 618
2145 618
2145 609
2146 609
2146 574
2154 574
2154 573
2157 573
2157 572
2158 572
2158 571
2159 571
2159 570
2160 570
2160 568
2161 568
2161 566
2162 566
2162 564
2163 564
2163 563
2164 563
2164 562
2165 562
2165 561
2166 561
2166 560
2167 560
2167 559
2171 559
2171 558
2180 558
2180 557
2184 557
2184 556
2185 556
2185 555
2187 555
2187 554
2188 554
2188 553
2189 553
2189 552
2191 552
2191 551
2193 551
2193 550
2195 550
2195 549
2196 549
2196 547
2197 547
2197 546
2198 546
2198 545
2197 545
2197 546
2196 546
2196 547
2195 547
2195 549
2193 549
2193 550
2191 550
2191 551
2189 551
2189 552
2188 552
2188 553
2187 553
2187 554
2185 554
2185 555
2184 555
2184 556
2180 556
2180 557
2171 557
2171 558
2167 558
2167 559
2166 559
2166 560
2165 560
2165 561
2164 561
2164 562
2163 562
2163 563
2162 563
2162 564
2161 564
2161 566
2160 566
2160 568
2159 568
2159 570
2158 570
2158 571
2157 571
2157 572
2154 572
2154 573
2146 573
2146 574
2145 574
2145 609
2144 609
2144 618
2143 618
2143 628
2139 628
2139 629
2137 629
2137 630
2135 630
2135 631
2132 631
2132 632
2127 632
2127 633
2120 633
2120 634
2110 634
2110 635
2109 635
2109 637
2108 637
2108 643
2106 643
2106 644
2105 644
2105 645
2104 645
2104 646
2098 646
2098 647
2097 647
2097 648
2096 648
2096 652
2095 652
2095 654
2094 654
2094 657
2093 657
2093 658
2092 658
2092 661
2090 661
2090 662
2088 662
2088 663
2087 663
2087 664
2086 664
2086 665
2085 665
2085 667
2084 667
2084 674
2083 674
2083 676
2082 676
2082 679
2081 679
2081 680
2080 680
2080 681
2079 681
2079 682
2076 682
2076 683
2075 683
2075 684
2074 684
2074 685
2071 685
2071 686
2041 686
2041 687
2040 687
2040 688
2037 688
2037 689
2036 689
2036 697
2034 697
2034 698
2029 698
2029 699
2027 699
2027 700
2026 700
2026 701
2025 701
2025 702
2024 702
2024 703
2023 703
2023 707
2024 707
2024 715
2023 715
2023 716
2009 716
2009 717
2006 717
2006 718
2003 718
2003 719
2001 719
2001 720
1999 720
1999 721
1998 721
1998 723
1996 723
1996 724
1992 724
1992 725
1991 725
1991 726
1990 726
1990 732
1989 732
1989 736
1986 736
1986 737
1982 737
1982 738
1980 738
1980 739
1979 739
1979 741
1978 741
1978 744
1977 744
1977 750
1975 750
1975 751
1965 751
1965 752
1957 752
1957 753
1956 753
1956 756
1955 756
1955 759
1954 759
1954 760
1953 760
1953 761
1943 761
1943 762
1941 762
1941 763
1940 763
1940 764
1939 764
1939 765
1938 765
1938 766
1936 766
1936 767
1935 767
1935 768
1933 768
1933 769
1930 769
1930 770
1926 770
1926 771
1925 771
1925 772
1923 772
1923 773
1920 773
1920 774
1919 774
1919 775
1918 775
1918 776
1917 776
1917 778
1916 778
1916 783
1917 783
1917 803
1918 803
1918 808
1917 808
1917 811
1916 811
1916 813
1915 813
1915 815
1914 815
1914 816
1913 816
1913 817
1912 817
1912 818
1911 818
1911 819
1910 819
1910 820
1909 820
1909 822
1908 822
1908 825
1909 825
1909 826
1910 826
1910 832
1909 832
1909 833
1908 833
1908 834
1906 834
1906 835
1900 835
1900 836
1898 836
1898 837
1897 837
1897 848
1896 848
1896 876
1895 876
1895 878
1894 878
1894 879
1893 879
1893 880
1891 880
1891 881
1885 881
1885 882
1884 882
1884 881
1876 881
1876 880
1840 880
1840 881
1837 881
1837 882
1820 882
1820 883
1804 883
1804 884
1803 884
1803 885
1802 885
1802 888
1801 888
1801 891
1800 891
1800 892
1799 892
1799 893
1796 893
1796 894
1790 894
1790 895
1783 895
1783 896
1782 896
1782 897
1781 897
