2944 804
2938 804
2938 805
2937 805
2937 810
2936 810
2936 820
2935 820
2935 823
2934 823
2934 825
2929 825
2929 826
2924 826
2924 827
2921 827
2921 829
2913 829
2913 830
2912 830
2912 831
2903 831
2903 832
2901 832
2901 833
2900 833
2900 834
2891 834
2891 835
2890 835
2890 837
2889 837
2889 838
2888 838
2888 839
2881 839
2881 840
2879 840
2879 839
2867 839
2867 840
2866 840
2866 844
2865 844
2865 845
2864 845
2864 852
2863 852
2863 860
2862 860
2862 874
2863 874
2863 908
2862 908
2862 913
2861 913
2861 916
2860 916
2860 919
2859 919
2859 920
2858 920
2858 923
2857 923
2857 926
2856 926
2856 928
2855 928
2855 932
2854 932
2854 934
2853 934
2853 935
2852 935
2852 937
2851 937
2851 940
2850 940
2850 945
2849 945
2849 946
2850 946
2850 949
2849 949
2849 957
2850 957
2850 961
2849 961
2849 962
2848 962
2848 964
2847 964
2847 966
2846 966
2846 967
2845 967
2845 968
2844 968
2844 969
2843 969
2843 971
2842 971
2842 972
2840 972
2840 973
2839 973
2839 974
2837 974
2837 975
2836 975
2836 976
2835 976
2835 977
2833 977
2833 979
2832 979
2832 980
2831 980
2831 981
2829 981
2829 982
2828 982
2828 983
2822 983
2822 984
2819 984
2819 985
2813 985
2813 986
2806 986
2806 985
2797 985
2797 984
2791 984
2791 985
2790 985
2790 986
2789 986
2789 987
2786 987
2786 988
2785 988
2785 989
2782 989
2782 990
2781 990
2781 991
2780 991
2780 992
2779 992
2779 993
2778 993
2778 994
2763 994
2763 999
2762 999
2762 1000
2760 1000
2760 1001
2758 1001
2758 1002
2757 1002
2757 1003
2755 1003
2755 1004
2754 1004
2754 1005
2753 1005
2753 1006
2752 1006
2752 1007
2750 1007
2750 1008
2744 1008
2744 1009
2741 1009
2741 1010
2739 1010
2739 1011
2738 1011
2738 1012
2737 1012
2737 1013
2735 1013
2735 1014
2731 1014
2731 1015
2725 1015
2725 1016
2723 1016
2723 1018
2716 1018
2716 1019
2714 1019
2714 1020
2713 1020
2713 1021
2711 1021
2711 1023
2710 1023
2710 1024
2705 1024
2705 1025
2703 1025
2703 1026
2702 1026
2702 1027
2701 1027
2701 1028
2699 1028
2699 1029
2694 1029
2694 1030
2682 1030
2682 1029
2679 1029
2679 1028
2678 1028
2678 1027
2677 1027
2677 1026
2675 1026
2675 1025
2674 1025
2674 1024
2673 1024
2673 1021
2672 1021
2672 1019
2671 1019
2671 1017
2667 1017
2667 1016
2662 1016
2662 1015
2661 1015
2661 1014
2658 1014
2658 1013
2642 1013
2642 1012
2640 1012
2640 1011
2633 1011
2633 1010
2630 1010
2630 1011
2616 1011
2616 1012
2614 1012
2614 1013
2611 1013
2611 1014
2603 1014
2603 1015
2596 1015
2596 1014
2590 1014
2590 1013
2586 1013
2586 1012
2584 1012
2584 1011
2580 1011
2580 1010
2572 1010
2572 1011
2571 1011
2571 1012
2564 1012
2564 1013
2562 1013
2562 1014
2558 1014
2558 1015
2556 1015
2556 1014
2551 1014
2551 1015
2547 1015
2547 1016
2539 1016
2539 1015
2531 1015
2531 1019
2530 1019
2530 1021
2529 1021
2529 1026
2528 1026
2528 1044
2527 1044
2527 1052
2526 1052
2526 1053
2525 1053
2525 1056
2524 1056
2524 1058
2523 1058
2523 1060
2522 1060
2522 1061
2521 1061
2521 1062
2520 1062
2520 1065
2519 1065
2519 1066
2518 1066
2518 1067
2517 1067
2517 1069
2516 1069
2516 1070
2515 1070
2515 1071
2514 1071
2514 1072
2512 1072
2512 1073
2511 1073
2511 1074
2510 1074
2510 1075
2508 1075
2508 1076
2507 1076
2507 1077
2505 1077
2505 1078
2504 1078
2504 1079
2503 1079
2503 1082
2502 1082
2502 1083
2501 1083
2501 1084
2500 1084
2500 1085
2492 1085
2492 1086
2483 1086
2483 1087
2481 1087
2481 1089
2478 1089
2478 1090
2476 1090
2476 1089
2473 1089
2473 1088
2471 1088
2471 1087
2470 1087
2470 1086
2469 1086
2469 1085
2468 1085
2468 1084
2467 1084
2467 1082
2466 1082
2466 1081
2465 1081
2465 1080
2463 1080
2463 1079
2461 1079
2461 1078
2451 1078
2451 1079
2450 1079
2450 1078
2445 1078
2445 1077
2443 1077
2443 1076
2442 1076
2442 1075
2441 1075
2441 1074
2439 1074
2439 1073
2434 1073
2434 1072
2425 1072
2425 1073
2424 1073
2424 1074
2421 1074
2421 1075
2420 1075
2420 1077
2419 1077
2419 1080
2418 1080
2418 1081
2417 1081
2417 1082
2416 1082
2416 1083
2415 1083
2415 1084
2411 1084
2411 1085
2407 1085
2407 1086
2403 1086
2403 1087
2399 1087
2399 1088
2394 1088
2394 1087
2392 1087
2392 1085
2391 1085
2391 1084
2380 1084
2380 1085
2379 1085
2379 1086
2375 1086
2375 1087
2374 1087
2374 1086
2368 1086
2368 1085
2361 1085
2361 1086
2360 1086
2360 1087
2357 1087
2357 1089
2356 1089
2356 1090
2354 1090
2354 1091
2353 1091
2353 1093
2351 1093
2351 1094
2346 1094
2346 1096
2345 1096
2345 1097
2343 1097
2343 1098
2342 1098
2342 1099
2341 1099
2341 1100
2340 1100
2340 1101
2339 1101
2339 1102
2338 1102
2338 1103
2337 1103
2337 1105
2336 1105
2336 1106
2328 1106
2328 1107
2327 1107
2327 1106
2326 1106
2326 1107
2321 1107
2321 1108
2320 1108
2320 1110
2309 1110
2309 1111
2306 1111
2306 1112
2305 1112
2305 1113
2304 1113
2304 1114
2303 1114
2303 1115
2302 1115
2302 1116
2300 1116
2300 1117
2298 1117
2298 1118
2296 1118
2296 1119
2294 1119
2294 1120
2287 1120
2287 1119
2286 1119
2286 1118
2285 1118
2285 1117
2284 1117
2284 1110
2283 1110
2283 1107
2282 1107
2282 1101
2281 1101
2281 1096
2280 1096
2280 1093
2279 1093
2279 1086
2278 1086
2278 1084
2277 1084
2277 1083
2276 1083
2276 1081
2275 1081
2275 1080
2274 1080
2274 1079
2272 1079
2272 1078
2271 1078
2271 1077
2270 1077
2270 1076
2269 1076
2269 1075
2268 1075
2268 1074
2267 1074
2267 1073
2266 1073
2266 1072
2265 1072
2265 1071
2264 1071
2264 1069
2263 1069
2263 1068
2262 1068
2262 1067
2260 1067
2260 1066
2259 1066
2259 1065
2258 1065
2258 1064
2257 1064
2257 1062
2256 1062
2256 1060
2255 1060
2255 1059
2254 1059
2254 1054
2253 1054
2253 1053
2252 1053
2252 1051
2251 1051
2251 1050
2250 1050
2250 1049
2249 1049
2249 1048
2244 1048
2244 1047
2242 1047
2242 1046
2241 1046
2241 1045
2240 1045
2240 1044
2239 1044
2239 1043
2238 1043
2238 1041
2237 1041
2237 1040
2234 1040
2234 1039
2232 1039
2232 1038
2229 1038
2229 1037
2225 1037
2225 1036
2223 1036
2223 1037
2216 1037
2216 1044
2217 1044
2217 1048
2216 1048
2216 1051
2215 1051
2215 1055
2214 1055
2214 1056
2213 1056
2213 1057
2212 1057
2212 1058
2211 1058
2211 1059
2209 1059
2209 1060
2208 1060
2208 1063
2207 1063
2207 1064
2201 1064
2201 1066
2200 1066
2200 1067
2199 1067
2199 1068
2198 1068
2198 1070
2197 1070
2197 1072
2196 1072
2196 1073
2195 1073
2195 1074
2194 1074
2194 1075
2193 1075
2193 1078
2192 1078
2192 1079
2191 1079
2191 1080
2190 1080
2190 1081
2188 1081
2188 1082
2186 1082
2186 1083
2184 1083
2184 1084
2182 1084
2182 1085
2181 1085
2181 1086
2172 1086
2172 1087
2166 1087
2166 1088
2165 1088
2165 1089
2163 1089
2163 1090
2162 1090
2162 1091
2161 1091
2161 1092
2160 1092
2160 1093
2159 1093
2159 1094
2156 1094
2156 1095
2155 1095
2155 1096
2145 1096
2145 1095
2144 1095
2144 1094
2142 1094
2142 1093
2141 1093
2141 1091
2140 1091
2140 1090
2138 1090
2138 1089
2132 1089
2132 1088
2131 1088
2131 1087
2130 1087
2130 1086
2129 1086
2129 1085
2128 1085
2128 1083
2126 1083
2126 1082
2125 1082
2125 1081
2124 1081
2124 1080
2123 1080
2123 1078
2122 1078
2122 1076
2121 1076
2121 1074
2119 1074
2119 1073
2118 1073
2118 1072
2117 1072
2117 1070
2116 1070
2116 1069
2115 1069
2115 1068
2111 1068
2111 1067
2105 1067
2105 1066
2102 1066
2102 1065
2095 1065
2095 1064
2093 1064
2093 1063
2092 1063
2092 1061
2091 1061
2091 1060
2090 1060
2090 1059
2089 1059
2089 1057
2088 1057
2088 1056
2087 1056
2087 1054
2086 1054
2086 1053
2085 1053
2085 1052
2083 1052
2083 1051
2082 1051
2082 1050
2081 1050
2081 1049
2080 1049
2080 1048
2078 1048
2078 1047
2076 1047
2076 1046
2073 1046
2073 1045
2069 1045
2069 1044
2065 1044
2065 1043
2061 1043
2061 1042
2060 1042
2060 1041
2059 1041
2059 1040
2058 1040
2058 1039
2057 1039
2057 1038
2056 1038
2056 1037
2050 1037
2050 1036
2046 1036
2046 1035
2041 1035
2041 1034
2036 1034
2036 1033
2029 1033
2029 1032
2009 1032
2009 1033
2002 1033
2002 1034
1996 1034
1996 1035
1970 1035
1970 1036
1959 1036
1959 1037
1954 1037
1954 1038
1952 1038
1952 1039
1942 1039
1942 1040
1938 1040
1938 1041
1934 1041
1934 1042
1931 1042
1931 1043
1926 1043
1926 1044
1921 1044
1921 1043
1914 1043
1914 1042
1912 1042
1912 1041
1911 1041
1911 1040
1910 1040
1910 1039
1909 1039
1909 1038
1908 1038
1908 1037
1907 1037
1907 1035
1906 1035
1906 1034
1905 1034
1905 1033
1902 1033
1902 1034
1896 1034
1896 1033
1894 1033
1894 1032
1892 1032
1892 1031
1891 1031
1891 1029
1890 1029
1890 1026
1889 1026
1889 1024
1888 1024
1888 1021
1887 1021
1887 1020
1886 1020
1886 1019
1885 1019
1885 1018
1884 1018
1884 1017
1883 1017
1883 1016
1881 1016
1881 1015
1872 1015
1872 1014
1871 1014
1871 1013
1870 1013
1870 1012
1868 1012
1868 1011
1864 1011
1864 1010
1856 1010
1856 1009
1853 1009
1853 1010
1852 1010
1852 1009
1851 1009
1851 1008
1848 1008
1848 1007
1847 1007
1847 1006
1846 1006
1846 1004
1845 1004
1845 1003
1844 1003
1844 1002
1843 1002
1843 1001
1841 1001
1841 1000
1830 1000
1830 999
1822 999
1822 998
1818 998
1818 997
1816 997
1816 996
1808 996
1808 997
1805 997
1805 998
1803 998
1803 999
1801 999
1801 1000
1800 1000
1800 1001
1799 1001
1799 1002
1798 1002
1798 1003
1795 1003
1795 1004
1794 1004
1794 1005
1791 1005
1791 1006
1789 1006
1789 1007
1785 1007
1785 1008
1776 1008
1776 1009
1770 1009
1770 1008
1764 1008
1764 1007
1763 1007
1763 1006
1761 1006
1761 1005
1760 1005
1760 1004
1759 1004
1759 1003
1758 1003
1758 1001
1757 1001
1757 999
1756 999
1756 998
1755 998
1755 996
1754 996
1754 995
1753 995
1753 992
1752 992
1752 989
1751 989
1751 988
1750 988
1750 986
1749 986
1749 984
1748 984
1748 983
1747 983
1747 976
1746 976
1746 964
1745 964
1745 953
1744 953
1744 946
1743 946
1743 940
1742 940
1742 939
1741 939
1741 938
1733 938
1733 937
1732 937
1732 936
1731 936
1731 935
1730 935
1730 934
1728 934
1728 933
1727 933
1727 932
1725 932
1725 931
1723 931
1723 930
1721 930
1721 929
1720 929
1720 928
1717 928
1717 927
1715 927
1715 926
1712 926
1712 925
1711 925
1711 924
1709 924
1709 923
1706 923
1706 922
1704 922
1704 921
1703 921
1703 920
1702 920
1702 919
1701 919
1701 918
1699 918
1699 917
1697 917
1697 916
1695 916
1695 915
1686 915
1686 914
1685 914
1685 913
1684 913
1684 912
1683 912
1683 911
1682 911
1682 910
1681 910
1681 909
1680 909
1680 907
1679 907
1679 903
1676 903
1676 902
1670 902
1670 901
1669 901
1669 899
1668 899
1668 896
1663 896
1663 895
1632 895
1632 894
1627 894
1627 895
1614 895
1614 894
1613 894
1613 893
1612 893
1612 892
1602 892
1602 891
1598 891
1598 890
1588 890
1588 889
1586 889
1586 890
1585 890
1585 891
1584 891
1584 892
1581 892
1581 893
1579 893
1579 894
1578 894
1578 895
1576 895
1576 896
1572 896
1572 897
1571 897
1571 898
1569 898
1569 899
1566 899
1566 900
1564 900
1564 901
1562 901
1562 902
1560 902
1560 903
1558 903
1558 904
1557 904
1557 905
1555 905
1555 906
1550 906
1550 907
1547 907
1547 908
1545 908
1545 909
1544 909
1544 910
1542 910
1542 911
1541 911
1541 912
1540 912
1540 913
1539 913
1539 914
1538 914
1538 915
1537 915
1537 916
1535 916
1535 917
1534 917
1534 918
1533 918
1533 919
1532 919
1532 920
1531 920
1531 921
1530 921
1530 922
1529 922
1529 923
1528 923
1528 924
1527 924
1527 925
1526 925
1526 926
1525 926
1525 927
1522 927
1522 928
1518 928
1518 929
1516 929
1516 930
1514 930
1514 931
1510 931
1510 932
1489 932
1489 931
1486 931
1486 930
1484 930
1484 929
1482 929
1482 928
1480 928
1480 927
1478 927
1478 926
1476 926
1476 925
1475 925
1475 924
1474 924
1474 923
1472 923
1472 922
1471 922
1471 921
1464 921
1464 922
1462 922
1462 921
1453 921
1453 920
1452 920
1452 919
1451 919
1451 918
1449 918
1449 917
1448 917
1448 916
1447 916
1447 915
1446 915
1446 913
1445 913
1445 912
1444 912
1444 897
1443 897
1443 893
1442 893
1442 892
1440 892
1440 891
1438 891
1438 890
1437 890
1437 889
1436 889
1436 888
1435 888
1435 886
1434 886
1434 884
1433 884
1433 881
1432 881
1432 878
1431 878
1431 877
1430 877
1430 875
1429 875
1429 874
1428 874
1428 873
1424 873
1424 872
1422 872
1422 871
1421 871
1421 870
1420 870
1420 869
1419 869
1419 867
1418 867
1418 866
1416 866
1416 865
1412 865
1412 866
1410 866
1410 865
1406 865
1406 864
1398 864
1398 863
1397 863
1397 864
1387 864
1387 863
1370 863
1370 864
1364 864
1364 863
1361 863
1361 862
1354 862
1354 863
1349 863
1349 862
1348 862
1348 861
1347 861
1347 860
1345 860
1345 859
1344 859
1344 858
1343 858
1343 857
1342 857
1342 856
1341 856
1341 855
1339 855
1339 854
1338 854
1338 853
1337 853
1337 852
1336 852
1336 851
1334 851
1334 850
1333 850
1333 849
1332 849
1332 847
1331 847
1331 843
1330 843
1330 830
1331 830
1331 817
1330 817
1330 813
1329 813
1329 799
1330 799
1330 789
1329 789
1329 781
1328 781
1328 779
1325 779
1325 778
1322 778
1322 777
1321 777
1321 776
1320 776
1320 775
1319 775
1319 774
1318 774
1318 770
1317 770
1317 767
1312 767
1312 768
1304 768
1304 769
1302 769
1302 770
1293 770
1293 769
1289 769
1289 768
1287 768
1287 767
1286 767
1286 766
1285 766
1285 765
1284 765
1284 764
1283 764
1283 763
1282 763
1282 762
1281 762
1281 761
1280 761
1280 760
1279 760
1279 759
1277 759
1277 758
1274 758
1274 757
1273 757
1273 756
1272 756
1272 754
1271 754
1271 750
1270 750
1270 746
1269 746
1269 737
1268 737
1268 736
1267 736
1267 735
1266 735
1266 734
1259 734
1259 733
1257 733
1257 732
1256 732
1256 731
1254 731
1254 730
1251 730
1251 731
1245 731
1245 730
1242 730
1242 729
1240 729
1240 730
1236 730
1236 729
1235 729
1235 728
1234 728
1234 727
1233 727
1233 726
1231 726
1231 725
1230 725
1230 724
1229 724
1229 723
1228 723
1228 722
1227 722
1227 721
1226 721
1226 720
1225 720
1225 719
1224 719
1224 718
1223 718
1223 717
1222 717
1222 716
1221 716
1221 715
1220 715
1220 714
1219 714
1219 712
1218 712
1218 711
1217 711
1217 709
1216 709
1216 708
1215 708
1215 707
1214 707
1214 706
1213 706
1213 705
1212 705
1212 700
1215 700
1215 699
1216 699
1216 698
1218 698
1218 693
1217 693
1217 692
1215 692
1215 691
1211 691
1211 692
1202 692
1202 691
1191 691
1191 692
1190 692
1190 693
1188 693
1188 694
1185 694
1185 695
1180 695
1180 701
1179 701
1179 703
1178 703
1178 705
1177 705
1177 706
1176 706
1176 707
1175 707
1175 708
1174 708
1174 709
1173 709
1173 711
1172 711
1172 712
1170 712
1170 713
1169 713
1169 714
1168 714
1168 715
1167 715
1167 716
1166 716
1166 718
1165 718
1165 719
1151 719
1151 718
1149 718
1149 719
1147 719
1147 720
1143 720
1143 719
1141 719
1141 718
1139 718
1139 717
1138 717
1138 716
1137 716
1137 715
1129 715
1129 714
1128 714
1128 713
1127 713
1127 712
1125 712
1125 711
1117 711
1117 710
1116 710
1116 709
1115 709
1115 708
1114 708
1114 707
1113 707
1113 706
1112 706
1112 701
1111 701
1111 700
1107 700
1107 699
1104 699
1104 698
1102 698
1102 697
1101 697
1101 696
1091 696
1091 695
1090 695
1090 694
1083 694
1083 693
1082 693
1082 692
1079 692
1079 691
1078 691
1078 690
1077 690
1077 688
1076 688
1076 672
1075 672
1075 669
1074 669
1074 666
1073 666
1073 651
1074 651
1074 642
1075 642
1075 632
1074 632
1074 629
1073 629
1073 627
1071 627
1071 626
1069 626
1069 625
1068 625
1068 624
1067 624
1067 623
1066 623
1066 621
1065 621
1065 620
1064 620
1064 619
1063 619
1063 618
1062 618
1062 617
1058 617
1058 616
1052 616
1052 615
1039 615
1039 614
1031 614
1031 613
1027 613
1027 612
1015 612
1015 613
1012 613
1012 612
1009 612
1009 611
1006 611
1006 610
1005 610
1005 608
1004 608
1004 607
1003 607
1003 605
1002 605
1002 585
1001 585
1001 570
1002 570
1002 568
1001 568
1001 560
1002 560
1002 550
1001 550
1001 546
1000 546
1000 544
998 544
998 543
997 543
997 542
995 542
995 541
994 541
994 540
993 540
993 538
991 538
991 537
990 537
990 535
989 535
989 520
988 520
988 508
987 508
987 507
985 507
985 506
983 506
983 505
981 505
981 504
979 504
979 503
978 503
978 502
977 502
977 501
975 501
975 500
971 500
971 499
968 499
968 498
967 498
967 497
966 497
966 496
965 496
965 491
964 491
964 489
963 489
963 488
961 488
961 487
956 487
956 486
953 486
953 485
951 485
951 484
946 484
946 483
945 483
945 482
942 482
942 481
939 481
939 477
935 477
935 476
932 476
932 475
931 475
931 473
930 473
930 471
929 471
929 468
928 468
928 465
927 465
927 456
928 456
928 465
929 465
929 468
930 468
930 471
931 471
931 473
932 473
932 475
935 475
935 476
939 476
939 477
940 477
940 480
942 480
942 481
945 481
945 482
946 482
946 483
951 483
951 484
953 484
953 485
956 485
956 486
961 486
961 487
963 487
963 488
964 488
964 489
965 489
965 491
966 491
966 496
967 496
967 497
968 497
968 498
971 498
971 499
975 499
975 500
977 500
977 501
978 501
978 502
979 502
979 503
981 503
981 504
983 504
983 505
985 505
985 506
987 506
987 507
988 507
988 508
989 508
989 520
990 520
990 535
991 535
991 537
993 537
993 538
994 538
994 540
995 540
995 541
997 541
997 542
998 542
998 543
1000 543
1000 544
1001 544
1001 546
1002 546
1002 550
1003 550
1003 560
1002 560
1002 568
1003 568
1003 570
1002 570
1002 585
1003 585
1003 605
1004 605
1004 607
1005 607
1005 608
1006 608
1006 610
1009 610
1009 611
1012 611
1012 612
1015 612
1015 611
1027 611
1027 612
1031 612
1031 613
1039 613
1039 614
1052 614
1052 615
1058 615
1058 616
1062 616
1062 617
1063 617
1063 618
1064 618
1064 619
1065 619
1065 620
1066 620
1066 621
1067 621
1067 623
1068 623
1068 624
1069 624
1069 625
1071 625
1071 626
1073 626
1073 627
1074 627
1074 629
1075 629
1075 632
1076 632
1076 642
1075 642
1075 651
1074 651
1074 666
1075 666
1075 669
1076 669
1076 672
1077 672
1077 688
1078 688
1078 690
1079 690
1079 691
1082 691
1082 692
1083 692
1083 693
1090 693
1090 694
1091 694
1091 695
1101 695
1101 696
1102 696
1102 697
1104 697
1104 698
1107 698
1107 699
1111 699
1111 700
1112 700
1112 701
1113 701
1113 706
1114 706
1114 707
1115 707
1115 708
1116 708
1116 709
1117 709
1117 710
1125 710
1125 711
1127 711
1127 712
1128 712
1128 713
1129 713
1129 714
1137 714
1137 715
1138 715
1138 716
1139 716
1139 717
1141 717
1141 718
1143 718
1143 719
1147 719
1147 718
1149 718
1149 717
1151 717
1151 718
1165 718
1165 716
1166 716
1166 715
1167 715
1167 714
1168 714
1168 713
1169 713
1169 712
1170 712
1170 711
1172 711
1172 709
1173 709
1173 708
1174 708
1174 707
1175 707
1175 706
1176 706
1176 705
1177 705
1177 703
1178 703
1178 701
1179 701
1179 694
1185 694
1185 693
1188 693
1188 692
1190 692
1190 691
1191 691
1191 690
1202 690
1202 691
1211 691
1211 690
1215 690
1215 691
1217 691
1217 692
1218 692
1218 693
1219 693
1219 698
1218 698
1218 699
1216 699
1216 700
1215 700
1215 701
1213 701
1213 705
1214 705
1214 706
1215 706
1215 707
1216 707
1216 708
1217 708
1217 709
1218 709
1218 711
1219 711
1219 712
1220 712
1220 714
1221 714
1221 715
1222 715
1222 716
1223 716
1223 717
1224 717
1224 718
1225 718
1225 719
1226 719
1226 720
1227 720
1227 721
1228 721
1228 722
1229 722
1229 723
1230 723
1230 724
1231 724
1231 725
1233 725
1233 726
1234 726
1234 727
1235 727
1235 728
1236 728
1236 729
1240 729
1240 728
1242 728
1242 729
1245 729
1245 730
1251 730
1251 729
1254 729
1254 730
1256 730
1256 731
1257 731
1257 732
1259 732
1259 733
1266 733
1266 734
1267 734
1267 735
1268 735
1268 736
1269 736
1269 737
1270 737
1270 746
1271 746
1271 750
1272 750
1272 754
1273 754
1273 756
1274 756
1274 757
1277 757
1277 758
1279 758
1279 759
1280 759
1280 760
1281 760
1281 761
1282 761
1282 762
1283 762
1283 763
1284 763
1284 764
1285 764
1285 765
1286 765
1286 766
1287 766
1287 767
1289 767
1289 768
1293 768
1293 769
1302 769
1302 768
1304 768
1304 767
1312 767
1312 766
1318 766
1318 770
1319 770
1319 774
1320 774
1320 775
1321 775
1321 776
1322 776
1322 777
1325 777
1325 778
1328 778
1328 779
1329 779
1329 781
1330 781
1330 789
1331 789
1331 799
1330 799
1330 813
1331 813
1331 817
1332 817
1332 830
1331 830
1331 843
1332 843
1332 847
1333 847
1333 849
1334 849
1334 850
1336 850
1336 851
1337 851
1337 852
1338 852
1338 853
1339 853
1339 854
1341 854
1341 855
1342 855
1342 856
1343 856
1343 857
1344 857
1344 858
1345 858
1345 859
1347 859
1347 860
1348 860
1348 861
1349 861
1349 862
1354 862
1354 861
1361 861
1361 862
1364 862
1364 863
1370 863
1370 862
1387 862
1387 863
1397 863
1397 862
1398 862
1398 863
1406 863
1406 864
1410 864
1410 865
1412 865
1412 864
1416 864
1416 865
1418 865
1418 866
1419 866
1419 867
1420 867
1420 869
1421 869
1421 870
1422 870
1422 871
1424 871
1424 872
1428 872
1428 873
1429 873
1429 874
1430 874
1430 875
1431 875
1431 877
1432 877
1432 878
1433 878
1433 881
1434 881
1434 884
1435 884
1435 886
1436 886
1436 888
1437 888
1437 889
1438 889
1438 890
1440 890
1440 891
1442 891
1442 892
1443 892
1443 893
1444 893
1444 897
1445 897
1445 912
1446 912
1446 913
1447 913
1447 915
1448 915
1448 916
1449 916
1449 917
1451 917
1451 918
1452 918
1452 919
1453 919
1453 920
1462 920
1462 921
1464 921
1464 920
1471 920
1471 921
1472 921
1472 922
1474 922
1474 923
1475 923
1475 924
1476 924
1476 925
1478 925
1478 926
1480 926
1480 927
1482 927
1482 928
1484 928
1484 929
1486 929
1486 930
1489 930
1489 931
1510 931
1510 930
1514 930
1514 929
1516 929
1516 928
1518 928
1518 927
1522 927
1522 926
1525 926
1525 925
1526 925
1526 924
1527 924
1527 923
1528 923
1528 922
1529 922
1529 921
1530 921
1530 920
1531 920
1531 919
1532 919
1532 918
1533 918
1533 917
1534 917
1534 916
1535 916
1535 915
1537 915
1537 914
1538 914
1538 913
1539 913
1539 912
1540 912
1540 911
1541 911
1541 910
1542 910
1542 909
1544 909
1544 908
1545 908
1545 907
1547 907
1547 906
1550 906
1550 905
1555 905
1555 904
1557 904
1557 903
1558 903
1558 902
1560 902
1560 901
1562 901
1562 900
1564 900
1564 899
1566 899
1566 898
1569 898
1569 897
1571 897
1571 896
1572 896
1572 895
1576 895
1576 894
1578 894
1578 893
1579 893
1579 892
1581 892
1581 891
1584 891
1584 890
1585 890
1585 889
1586 889
1586 888
1588 888
1588 889
1598 889
1598 890
1602 890
1602 891
1612 891
1612 892
1613 892
1613 893
1614 893
1614 894
1627 894
1627 893
1632 893
1632 894
1663 894
1663 895
1668 895
1668 896
1669 896
1669 899
1670 899
1670 901
1676 901
1676 902
1679 902
1679 903
1680 903
1680 907
1681 907
1681 909
1682 909
1682 910
1683 910
1683 911
1684 911
1684 912
1685 912
1685 913
1686 913
1686 914
1695 914
1695 915
1697 915
1697 916
1699 916
1699 917
1701 917
1701 918
1702 918
1702 919
1703 919
1703 920
1704 920
1704 921
1706 921
1706 922
1709 922
1709 923
1711 923
1711 924
1712 924
1712 925
1715 925
1715 926
1717 926
1717 927
1720 927
1720 928
1721 928
1721 929
1723 929
1723 930
1725 930
1725 931
1727 931
1727 932
1728 932
1728 933
1730 933
1730 934
1731 934
1731 935
1732 935
1732 936
1733 936
1733 937
1741 937
1741 938
1742 938
1742 939
1743 939
1743 940
1744 940
1744 946
1745 946
1745 953
1746 953
1746 964
1747 964
1747 976
1748 976
1748 983
1749 983
1749 984
1750 984
1750 986
1751 986
1751 988
1752 988
1752 989
1753 989
1753 992
1754 992
1754 995
1755 995
1755 996
1756 996
1756 998
1757 998
1757 999
1758 999
1758 1001
1759 1001
1759 1003
1760 1003
1760 1004
1761 1004
1761 1005
1763 1005
1763 1006
1764 1006
1764 1007
1770 1007
1770 1008
1776 1008
1776 1007
1785 1007
1785 1006
1789 1006
1789 1005
1791 1005
1791 1004
1794 1004
1794 1003
1795 1003
1795 1002
1798 1002
1798 1001
1799 1001
1799 1000
1800 1000
1800 999
1801 999
1801 998
1803 998
1803 997
1805 997
1805 996
1808 996
1808 995
1816 995
1816 996
1818 996
1818 997
1822 997
1822 998
1830 998
1830 999
1841 999
1841 1000
1843 1000
1843 1001
1844 1001
1844 1002
1845 1002
1845 1003
1846 1003
1846 1004
1847 1004
1847 1006
1848 1006
1848 1007
1851 1007
1851 1008
1852 1008
1852 1009
1853 1009
1853 1008
1856 1008
1856 1009
1864 1009
1864 1010
1868 1010
1868 1011
1870 1011
1870 1012
1871 1012
1871 1013
1872 1013
1872 1014
1881 1014
1881 1015
1883 1015
1883 1016
1884 1016
1884 1017
1885 1017
1885 1018
1886 1018
1886 1019
1887 1019
1887 1020
1888 1020
1888 1021
1889 1021
1889 1024
1890 1024
1890 1026
1891 1026
1891 1029
1892 1029
1892 1031
1894 1031
1894 1032
1896 1032
1896 1033
1902 1033
1902 1032
1905 1032
1905 1033
1906 1033
1906 1034
1907 1034
1907 1035
1908 1035
1908 1037
1909 1037
1909 1038
1910 1038
1910 1039
1911 1039
1911 1040
1912 1040
1912 1041
1914 1041
1914 1042
1921 1042
1921 1043
1926 1043
1926 1042
1931 1042
1931 1041
1934 1041
1934 1040
1938 1040
1938 1039
1942 1039
1942 1038
1952 1038
1952 1037
1954 1037
1954 1036
1959 1036
1959 1035
1970 1035
1970 1034
1996 1034
1996 1033
2002 1033
2002 1032
2009 1032
2009 1031
2029 1031
2029 1032
2036 1032
2036 1033
2041 1033
2041 1034
2046 1034
2046 1035
2050 1035
2050 1036
2056 1036
2056 1037
2057 1037
2057 1038
2058 1038
2058 1039
2059 1039
2059 1040
2060 1040
2060 1041
2061 1041
2061 1042
2065 1042
2065 1043
2069 1043
2069 1044
2073 1044
2073 1045
2076 1045
2076 1046
2078 1046
2078 1047
2080 1047
2080 1048
2081 1048
2081 1049
2082 1049
2082 1050
2083 1050
2083 1051
2085 1051
2085 1052
2086 1052
2086 1053
2087 1053
2087 1054
2088 1054
2088 1056
2089 1056
2089 1057
2090 1057
2090 1059
2091 1059
2091 1060
2092 1060
2092 1061
2093 1061
2093 1063
2095 1063
2095 1064
2102 1064
2102 1065
2105 1065
2105 1066
2111 1066
2111 1067
2115 1067
2115 1068
2116 1068
2116 1069
2117 1069
2117 1070
2118 1070
2118 1072
2119 1072
2119 1073
2121 1073
2121 1074
2122 1074
2122 1076
2123 1076
2123 1078
2124 1078
2124 1080
2125 1080
2125 1081
2126 1081
2126 1082
2128 1082
2128 1083
2129 1083
2129 1085
2130 1085
2130 1086
2131 1086
2131 1087
2132 1087
2132 1088
2138 1088
2138 1089
2140 1089
2140 1090
2141 1090
2141 1091
2142 1091
2142 1093
2144 1093
2144 1094
2145 1094
2145 1095
2155 1095
2155 1094
2156 1094
2156 1093
2159 1093
2159 1092
2160 1092
2160 1091
2161 1091
2161 1090
2162 1090
2162 1089
2163 1089
2163 1088
2165 1088
2165 1087
2166 1087
2166 1086
2172 1086
2172 1085
2181 1085
2181 1084
2182 1084
2182 1083
2184 1083
2184 1082
2186 1082
2186 1081
2188 1081
2188 1080
2190 1080
2190 1079
2191 1079
2191 1078
2192 1078
2192 1075
2193 1075
2193 1074
2194 1074
2194 1073
2195 1073
2195 1072
2196 1072
2196 1070
2197 1070
2197 1068
2198 1068
2198 1067
2199 1067
2199 1066
2200 1066
2200 1063
2207 1063
2207 1060
2208 1060
2208 1059
2209 1059
2209 1058
2211 1058
2211 1057
2212 1057
2212 1056
2213 1056
2213 1055
2214 1055
2214 1051
2215 1051
2215 1048
2216 1048
2216 1044
2215 1044
2215 1037
2216 1037
2216 1036
2223 1036
2223 1035
2225 1035
2225 1036
2229 1036
2229 1037
2232 1037
2232 1038
2234 1038
2234 1039
2237 1039
2237 1040
2238 1040
2238 1041
2239 1041
2239 1043
2240 1043
2240 1044
2241 1044
2241 1045
2242 1045
2242 1046
2244 1046
2244 1047
2249 1047
2249 1048
2250 1048
2250 1049
2251 1049
2251 1050
2252 1050
2252 1051
2253 1051
2253 1053
2254 1053
2254 1054
2255 1054
2255 1059
2256 1059
2256 1060
2257 1060
2257 1062
2258 1062
2258 1064
2259 1064
2259 1065
2260 1065
2260 1066
2262 1066
2262 1067
2263 1067
2263 1068
2264 1068
2264 1069
2265 1069
2265 1071
2266 1071
2266 1072
2267 1072
2267 1073
2268 1073
2268 1074
2269 1074
2269 1075
2270 1075
2270 1076
2271 1076
2271 1077
2272 1077
2272 1078
2274 1078
2274 1079
2275 1079
2275 1080
2276 1080
2276 1081
2277 1081
2277 1083
2278 1083
2278 1084
2279 1084
2279 1086
2280 1086
2280 1093
2281 1093
2281 1096
2282 1096
2282 1101
2283 1101
2283 1107
2284 1107
2284 1110
2285 1110
2285 1117
2286 1117
2286 1118
2287 1118
2287 1119
2294 1119
2294 1118
2296 1118
2296 1117
2298 1117
2298 1116
2300 1116
2300 1115
2302 1115
2302 1114
2303 1114
2303 1113
2304 1113
2304 1112
2305 1112
2305 1111
2306 1111
2306 1110
2309 1110
2309 1109
2319 1109
2319 1108
2320 1108
2320 1107
2321 1107
2321 1106
2326 1106
2326 1105
2327 1105
2327 1106
2328 1106
2328 1105
2336 1105
2336 1103
2337 1103
2337 1102
2338 1102
2338 1101
2339 1101
2339 1100
2340 1100
2340 1099
2341 1099
2341 1098
2342 1098
2342 1096
2343 1096
2343 1095
2344 1095
2344 1094
2346 1094
2346 1093
2351 1093
2351 1091
2353 1091
2353 1090
2354 1090
2354 1089
2356 1089
2356 1086
2360 1086
2360 1085
2361 1085
2361 1084
2368 1084
2368 1085
2374 1085
2374 1086
2375 1086
2375 1085
2379 1085
2379 1084
2380 1084
2380 1083
2391 1083
2391 1084
2392 1084
2392 1085
2393 1085
2393 1086
2394 1086
2394 1087
2399 1087
2399 1086
2403 1086
2403 1085
2407 1085
2407 1084
2411 1084
2411 1083
2415 1083
2415 1082
2416 1082
2416 1081
2417 1081
2417 1080
2418 1080
2418 1077
2419 1077
2419 1074
2421 1074
2421 1073
2424 1073
2424 1072
2425 1072
2425 1071
2434 1071
2434 1072
2439 1072
2439 1073
2441 1073
2441 1074
2442 1074
2442 1075
2443 1075
2443 1076
2445 1076
2445 1077
2450 1077
2450 1078
2451 1078
2451 1077
2461 1077
2461 1078
2463 1078
2463 1079
2465 1079
2465 1080
2466 1080
2466 1081
2467 1081
2467 1082
2468 1082
2468 1084
2469 1084
2469 1085
2470 1085
2470 1086
2471 1086
2471 1087
2473 1087
2473 1088
2476 1088
2476 1089
2478 1089
2478 1088
2480 1088
2480 1087
2481 1087
2481 1086
2483 1086
2483 1085
2492 1085
2492 1084
2500 1084
2500 1083
2501 1083
2501 1082
2502 1082
2502 1079
2503 1079
2503 1078
2504 1078
2504 1077
2505 1077
2505 1076
2507 1076
2507 1075
2508 1075
2508 1074
2510 1074
2510 1073
2511 1073
2511 1072
2512 1072
2512 1071
2514 1071
2514 1070
2515 1070
2515 1069
2516 1069
2516 1067
2517 1067
2517 1066
2518 1066
2518 1065
2519 1065
2519 1062
2520 1062
2520 1061
2521 1061
2521 1060
2522 1060
2522 1058
2523 1058
2523 1056
2524 1056
2524 1053
2525 1053
2525 1052
2526 1052
2526 1044
2527 1044
2527 1026
2528 1026
2528 1021
2529 1021
2529 1019
2530 1019
2530 1015
2531 1015
2531 1014
2539 1014
2539 1015
2547 1015
2547 1014
2551 1014
2551 1013
2556 1013
2556 1014
2558 1014
2558 1013
2562 1013
2562 1012
2564 1012
2564 1011
2571 1011
2571 1010
2572 1010
2572 1009
2580 1009
2580 1010
2584 1010
2584 1011
2586 1011
2586 1012
2590 1012
2590 1013
2596 1013
2596 1014
2603 1014
2603 1013
2611 1013
2611 1012
2614 1012
2614 1011
2616 1011
2616 1010
2630 1010
2630 1009
2633 1009
2633 1010
2640 1010
2640 1011
2642 1011
2642 1012
2658 1012
2658 1013
2661 1013
2661 1014
2662 1014
2662 1015
2667 1015
2667 1016
2671 1016
2671 1017
2672 1017
2672 1019
2673 1019
2673 1021
2674 1021
2674 1024
2675 1024
2675 1025
2677 1025
2677 1026
2678 1026
2678 1027
2679 1027
2679 1028
2682 1028
2682 1029
2694 1029
2694 1028
2699 1028
2699 1027
2701 1027
2701 1026
2702 1026
2702 1025
2703 1025
2703 1024
2705 1024
2705 1023
2710 1023
2710 1021
2711 1021
2711 1020
2713 1020
2713 1019
2714 1019
2714 1018
2716 1018
2716 1017
2722 1017
2722 1016
2723 1016
2723 1015
2725 1015
2725 1014
2731 1014
2731 1013
2735 1013
2735 1012
2737 1012
2737 1011
2738 1011
2738 1010
2739 1010
2739 1009
2741 1009
2741 1008
2744 1008
2744 1007
2750 1007
2750 1006
2752 1006
2752 1004
2754 1004
2754 1002
2757 1002
2757 1001
2758 1001
2758 1000
2760 1000
2760 999
2762 999
2762 993
2778 993
2778 992
2779 992
2779 991
2780 991
2780 990
2781 990
2781 989
2782 989
2782 988
2785 988
2785 987
2786 987
2786 986
2789 986
2789 985
2790 985
2790 984
2791 984
2791 983
2797 983
2797 984
2806 984
2806 985
2813 985
2813 984
2819 984
2819 983
2822 983
2822 982
2828 982
2828 981
2829 981
2829 980
2831 980
2831 979
2832 979
2832 977
2833 977
2833 976
2835 976
2835 975
2836 975
2836 974
2837 974
2837 973
2839 973
2839 972
2840 972
2840 971
2842 971
2842 969
2843 969
2843 968
2844 968
2844 967
2845 967
2845 966
2846 966
2846 964
2847 964
2847 962
2848 962
2848 961
2849 961
2849 957
2848 957
2848 949
2849 949
2849 946
2848 946
2848 945
2849 945
2849 940
2850 940
2850 937
2851 937
2851 935
2852 935
2852 934
2853 934
2853 932
2854 932
2854 928
2855 928
2855 926
2856 926
2856 923
2857 923
2857 920
2858 920
2858 919
2859 919
2859 916
2860 916
2860 913
2861 913
2861 908
2862 908
2862 874
2861 874
2861 860
2862 860
2862 852
2863 852
2863 845
2864 845
2864 844
2865 844
2865 840
2866 840
2866 839
2867 839
2867 838
2879 838
2879 839
2881 839
2881 838
2888 838
2888 837
2889 837
2889 835
2890 835
2890 834
2891 834
2891 833
2900 833
2900 832
2901 832
2901 831
2903 831
2903 830
2912 830
2912 829
2913 829
2913 828
2920 828
2920 827
2921 827
2921 826
2924 826
2924 825
2929 825
2929 824
2933 824
2933 823
2934 823
2934 820
2935 820
2935 810
2936 810
2936 805
2937 805
2937 804
2938 804
2938 803
2944 803
2944 802
2946 802
2946 801
2947 801
2947 800
2955 800
2955 801
2957 801
2957 802
2958 802
2958 803
2963 803
2963 804
2964 804
2964 805
2965 805
2965 809
2966 809
2966 811
2967 811
2967 813
2968 813
2968 814
2969 814
2969 815
2970 815
2970 816
2973 816
2973 817
2975 817
2975 818
2977 818
2977 819
2979 819
2979 820
2981 820
2981 821
2986 821
2986 822
2987 822
2987 823
2993 823
2993 824
2994 824
2994 825
2995 825
2995 826
2996 826
2996 827
2997 827
2997 832
2998 832
2998 834
2999 834
2999 835
3000 835
3000 836
3001 836
3001 837
3002 837
3002 838
3003 838
3003 839
3004 839
3004 840
3005 840
3005 841
3007 841
3007 842
3009 842
3009 843
3011 843
3011 844
3019 844
3019 843
3026 843
3026 842
3028 842
3028 841
3029 841
3029 840
3031 840
3031 839
3032 839
3032 838
3034 838
3034 837
3035 837
3035 836
3036 836
3036 835
3037 835
3037 833
3038 833
3038 831
3039 831
3039 830
3040 830
3040 829
3041 829
3041 827
3042 827
3042 822
3043 822
3043 816
3044 816
3044 809
3045 809
3045 780
3046 780
3046 772
3047 772
3047 771
3049 771
3049 772
3054 772
3054 771
3057 771
3057 770
3058 770
3058 769
3059 769
3059 768
3061 768
3061 767
3064 767
3064 768
3069 768
3069 767
3070 767
3070 765
3071 765
3071 745
3072 745
3072 744
3080 744
3080 743
3082 743
3082 742
3086 742
3086 741
3089 741
3089 740
3092 740
3092 739
3093 739
3093 738
3095 738
3095 737
3108 737
3108 738
3110 738
3110 737
3113 737
3113 736
3114 736
3114 735
3123 735
3123 736
3124 736
3124 735
3134 735
3134 736
3135 736
3135 738
3139 738
3139 728
3140 728
3140 707
3141 707
3141 692
3142 692
3142 690
3143 690
3143 686
3144 686
3144 684
3145 684
3145 683
3146 683
3146 682
3147 682
3147 681
3148 681
3148 680
3149 680
3149 679
3150 679
3150 678
3151 678
3151 677
3153 677
3153 676
3154 676
3154 674
3155 674
3155 673
3156 673
3156 672
3159 672
3159 671
3164 671
3164 670
3168 670
3168 669
3169 669
3169 668
3171 668
3171 665
3173 665
3173 664
3176 664
3176 665
3177 665
3177 666
3183 666
3183 665
3184 665
3184 664
3186 664
3186 663
3187 663
3187 661
3188 661
3188 660
3190 660
3190 659
3191 659
3191 658
3194 658
3194 654
3195 654
3195 652
3196 652
3196 651
3197 651
3197 649
3198 649
3198 648
3199 648
3199 647
3200 647
3200 646
3201 646
3201 644
3202 644
3202 641
3203 641
3203 635
3204 635
3204 634
3205 634
3205 633
3206 633
3206 632
3208 632
3208 631
3210 631
3210 630
3211 630
3211 629
3213 629
3213 628
3214 628
3214 627
3215 627
3215 626
3216 626
3216 625
3217 625
3217 624
3218 624
3218 605
3219 605
3219 568
3220 568
3220 557
3221 557
3221 554
3222 554
3222 552
3227 552
3227 553
3229 553
3229 554
3230 554
3230 553
3231 553
3231 551
3232 551
3232 549
3233 549
3233 548
3234 548
3234 547
3235 547
3235 546
3236 546
3236 543
3237 543
3237 541
3238 541
3238 536
3239 536
3239 510
3240 510
3240 505
3246 505
3246 506
3247 506
3247 507
3248 507
3248 508
3249 508
3249 509
3251 509
3251 510
3253 510
3253 511
3254 511
3254 512
3259 512
3259 513
3260 513
3260 514
3263 514
3263 515
3275 515
3275 514
3276 514
3276 513
3291 513
3291 514
3297 514
3297 513
3303 513
3303 514
3304 514
3304 515
3305 515
3305 516
3306 516
3306 526
3307 526
3307 529
3306 529
3306 533
3307 533
3307 535
3308 535
3308 536
3309 536
3309 537
3310 537
3310 538
3311 538
3311 539
3314 539
3314 540
3317 540
3317 539
3324 539
3324 538
3329 538
3329 537
3330 537
3330 536
3331 536
3331 535
3333 535
3333 534
3334 534
3334 533
3335 533
3335 531
3336 531
3336 530
3338 530
3338 528
3339 528
3339 527
3340 527
3340 526
3341 526
3341 525
3342 525
3342 523
3343 523
3343 521
3344 521
3344 519
3345 519
3345 508
3346 508
3346 492
3347 492
3347 491
3346 491
3346 480
3347 480
3347 456
3348 456
3348 443
3349 443
3349 440
3350 440
3350 439
3352 439
3352 438
3353 438
3353 437
3354 437
3354 436
3355 436
3355 435
3357 435
3357 434
3358 434
3358 433
3359 433
3359 431
3360 431
3360 430
3361 430
3361 428
3362 428
3362 427
3365 427
3365 426
3366 426
3366 425
3371 425
3371 424
3376 424
3376 423
3380 423
3380 422
3381 422
3381 423
3385 423
3385 424
3390 424
3390 423
3391 423
3391 422
3392 422
3392 421
3393 421
3393 419
3394 419
3394 417
3395 417
3395 409
3396 409
3396 390
3397 390
3397 387
3398 387
3398 386
3399 386
3399 385
3400 385
3400 384
3401 384
3401 383
3402 383
3402 382
3404 382
3404 380
3405 380
3405 368
3406 368
3406 357
3407 357
3407 341
3408 341
3408 338
3411 338
3411 337
3413 337
3413 336
3414 336
3414 335
3415 335
3415 334
3416 334
3416 333
3418 333
3418 331
3419 331
3419 324
3420 324
3420 319
3419 319
3419 313
3420 313
3420 290
3421 290
3421 255
3422 255
3422 215
3423 215
3423 185
3424 185
3424 171
3425 171
3425 170
3429 170
3429 169
3433 169
3433 168
3434 168
3434 167
3435 167
3435 166
3438 166
3438 165
3439 165
3439 164
3440 164
3440 163
3441 163
3441 162
3442 162
3442 161
3443 161
3443 160
3444 160
3444 154
3443 154
3443 148
3444 148
3444 146
3445 146
3445 144
3446 144
3446 143
3447 143
3447 140
3448 140
3448 139
3449 139
3449 138
3450 138
3450 136
3451 136
3451 135
3452 135
3452 134
3453 134
3453 133
3457 133
3457 132
3460 132
3460 131
3461 131
3461 129
3462 129
3462 127
3463 127
3463 125
3464 125
3464 123
3465 123
3465 122
3472 122
3472 121
3473 121
3473 120
3474 120
3474 119
3475 119
3475 118
3476 118
3476 117
3477 117
3477 116
3483 116
3483 115
3484 115
3484 113
3485 113
3485 112
3486 112
3486 111
3489 111
3489 110
3503 110
3503 111
3489 111
3489 112
3486 112
3486 113
3485 113
3485 115
3484 115
3484 116
3483 116
3483 117
3477 117
3477 118
3476 118
3476 119
3475 119
3475 120
3474 120
3474 121
3473 121
3473 122
3472 122
3472 123
3465 123
3465 125
3464 125
3464 127
3463 127
3463 129
3462 129
3462 131
3461 131
3461 132
3460 132
3460 133
3457 133
3457 134
3453 134
3453 135
3452 135
3452 136
3451 136
3451 138
3450 138
3450 139
3449 139
3449 140
3448 140
3448 143
3447 143
3447 144
3446 144
3446 146
3445 146
3445 148
3444 148
3444 154
3445 154
3445 160
3444 160
3444 161
3443 161
3443 162
3442 162
3442 163
3441 163
3441 164
3440 164
3440 165
3439 165
3439 166
3438 166
3438 167
3435 167
3435 168
3434 168
3434 169
3433 169
3433 170
3429 170
3429 171
3425 171
3425 185
3424 185
3424 215
3423 215
3423 255
3422 255
3422 290
3421 290
3421 313
3420 313
3420 319
3421 319
3421 324
3420 324
3420 331
3419 331
3419 333
3418 333
3418 334
3416 334
3416 335
3415 335
3415 336
3414 336
3414 337
3413 337
3413 338
3411 338
3411 339
3409 339
3409 341
3408 341
3408 357
3407 357
3407 368
3406 368
3406 380
3405 380
3405 383
3402 383
3402 384
3401 384
3401 385
3400 385
3400 386
3399 386
3399 387
3398 387
3398 390
3397 390
3397 409
3396 409
3396 417
3395 417
3395 419
3394 419
3394 421
3393 421
3393 422
3392 422
3392 423
3391 423
3391 425
3385 425
3385 424
3381 424
3381 423
3380 423
3380 424
3376 424
3376 425
3371 425
3371 426
3366 426
3366 427
3365 427
3365 428
3362 428
3362 430
3361 430
3361 431
3360 431
3360 433
3359 433
3359 434
3358 434
3358 435
3357 435
3357 436
3355 436
3355 437
3354 437
3354 438
3353 438
3353 439
3352 439
3352 440
3350 440
3350 443
3349 443
3349 456
3348 456
3348 480
3347 480
3347 491
3348 491
3348 492
3347 492
3347 508
3346 508
3346 520
3345 520
3345 521
3344 521
3344 523
3343 523
3343 525
3342 525
3342 526
3341 526
3341 527
3340 527
3340 528
3339 528
3339 530
3338 530
3338 531
3336 531
3336 533
3335 533
3335 534
3334 534
3334 535
3333 535
3333 536
3331 536
3331 537
3330 537
3330 538
3329 538
3329 539
3324 539
3324 540
3317 540
3317 541
3314 541
3314 540
3311 540
3311 539
3310 539
3310 538
3309 538
3309 537
3308 537
3308 536
3307 536
3307 535
3306 535
3306 533
3305 533
3305 529
3306 529
3306 526
3305 526
3305 516
3304 516
3304 515
3303 515
3303 514
3297 514
3297 515
3291 515
3291 514
3276 514
3276 515
3275 515
3275 516
3263 516
3263 515
3260 515
3260 514
3259 514
3259 513
3254 513
3254 512
3253 512
3253 511
3251 511
3251 510
3249 510
3249 509
3248 509
3248 508
3247 508
3247 507
3246 507
3246 506
3241 506
3241 510
3240 510
3240 536
3239 536
3239 541
3238 541
3238 543
3237 543
3237 546
3236 546
3236 547
3235 547
3235 548
3234 548
3234 549
3233 549
3233 551
3232 551
3232 553
3231 553
3231 554
3230 554
3230 555
3229 555
3229 554
3227 554
3227 553
3223 553
3223 554
3222 554
3222 557
3221 557
3221 568
3220 568
3220 605
3219 605
3219 624
3218 624
3218 625
3217 625
3217 626
3216 626
3216 627
3215 627
3215 628
3214 628
3214 629
3213 629
3213 630
3211 630
3211 631
3210 631
3210 632
3208 632
3208 633
3206 633
3206 634
3205 634
3205 635
3204 635
3204 641
3203 641
3203 644
3202 644
3202 646
3201 646
3201 647
3200 647
3200 648
3199 648
3199 649
3198 649
3198 651
3197 651
3197 652
3196 652
3196 654
3195 654
3195 658
3194 658
3194 659
3191 659
3191 660
3190 660
3190 661
3188 661
3188 663
3187 663
3187 664
3186 664
3186 665
3184 665
3184 666
3183 666
3183 667
3177 667
3177 666
3176 666
3176 665
3173 665
3173 666
3172 666
3172 668
3171 668
3171 669
3169 669
3169 670
3168 670
3168 671
3164 671
3164 672
3159 672
3159 673
3156 673
3156 674
3155 674
3155 676
3154 676
3154 677
3153 677
3153 678
3151 678
3151 679
3150 679
3150 680
3149 680
3149 681
3148 681
3148 682
3147 682
3147 683
3146 683
3146 684
3145 684
3145 686
3144 686
3144 691
3143 691
3143 692
3142 692
3142 707
3141 707
3141 728
3140 728
3140 738
3139 738
3139 739
3135 739
3135 738
3134 738
3134 736
3124 736
3124 737
3123 737
3123 736
3114 736
3114 737
3113 737
3113 738
3110 738
3110 739
3108 739
3108 738
3095 738
3095 739
3093 739
3093 740
3092 740
3092 741
3089 741
3089 742
3086 742
3086 743
3082 743
3082 744
3080 744
3080 745
3072 745
3072 765
3071 765
3071 767
3070 767
3070 768
3069 768
3069 769
3064 769
3064 768
3061 768
3061 769
3059 769
3059 770
3058 770
3058 771
3057 771
3057 772
3054 772
3054 773
3049 773
3049 772
3047 772
3047 780
3046 780
3046 809
3045 809
3045 816
3044 816
3044 822
3043 822
3043 827
3042 827
3042 829
3041 829
3041 830
3040 830
3040 831
3039 831
3039 833
3038 833
3038 835
3037 835
3037 836
3036 836
3036 837
3035 837
3035 838
3034 838
3034 839
3032 839
3032 840
3031 840
3031 841
3029 841
3029 842
3028 842
3028 843
3026 843
3026 844
3019 844
3019 845
3011 845
3011 844
3009 844
3009 843
3007 843
3007 842
3005 842
3005 841
3004 841
3004 840
3003 840
3003 839
3002 839
3002 838
3001 838
3001 837
3000 837
3000 836
2999 836
2999 835
2998 835
2998 834
2997 834
2997 832
2996 832
2996 827
2995 827
2995 826
2994 826
2994 825
2993 825
2993 824
2987 824
2987 823
2986 823
2986 822
2981 822
2981 821
2979 821
2979 820
2977 820
2977 819
2975 819
2975 818
2973 818
2973 817
2970 817
2970 816
2969 816
2969 815
2968 815
2968 814
2967 814
2967 813
2966 813
2966 811
2965 811
2965 809
2964 809
2964 805
2963 805
2963 804
2958 804
2958 803
2957 803
2957 802
2955 802
2955 801
2947 801
2947 802
2946 802
2946 803
2944 803
