1867 533
1859 533
1859 532
1840 532
1840 533
1837 533
1837 534
1835 534
1835 535
1834 535
1834 536
1833 536
1833 537
1832 537
1832 538
1831 538
1831 539
1830 539
1830 540
1829 540
1829 541
1828 541
1828 542
1826 542
1826 543
1824 543
1824 544
1823 544
1823 545
1821 545
1821 546
1816 546
1816 547
1814 547
1814 548
1811 548
1811 549
1810 549
1810 550
1809 550
1809 552
1808 552
1808 553
1806 553
1806 554
1805 554
1805 555
1803 555
1803 556
1801 556
1801 557
1800 557
1800 558
1799 558
1799 559
1798 559
1798 561
1797 561
1797 562
1796 562
1796 563
1795 563
1795 564
1794 564
1794 566
1793 566
1793 567
1791 567
1791 568
1789 568
1789 570
1788 570
1788 571
1787 571
1787 572
1785 572
1785 573
1783 573
1783 574
1777 574
1777 575
1776 575
1776 576
1768 576
1768 577
1766 577
1766 578
1753 578
1753 579
1749 579
1749 580
1745 580
1745 581
1743 581
1743 582
1742 582
1742 583
1740 583
1740 585
1739 585
1739 586
1737 586
1737 587
1736 587
1736 588
1735 588
1735 589
1734 589
1734 590
1733 590
1733 591
1732 591
1732 592
1731 592
1731 593
1729 593
1729 594
1727 594
1727 595
1726 595
1726 596
1725 596
1725 597
1721 597
1721 598
1717 598
1717 599
1714 599
1714 600
1710 600
1710 601
1709 601
1709 602
1708 602
1708 603
1706 603
1706 604
1705 604
1705 605
1704 605
1704 606
1703 606
1703 607
1702 607
1702 609
1701 609
1701 610
1700 610
1700 612
1699 612
1699 613
1698 613
1698 615
1697 615
1697 617
1696 617
1696 618
1695 618
1695 619
1694 619
1694 620
1692 620
1692 621
1687 621
1687 622
1676 622
1676 623
1675 623
1675 624
1674 624
1674 625
1673 625
1673 627
1672 627
1672 630
1671 630
1671 632
1670 632
1670 633
1669 633
1669 634
1668 634
1668 635
1665 635
1665 636
1663 636
1663 637
1659 637
1659 638
1657 638
1657 639
1652 639
1652 640
1649 640
1649 641
1645 641
1645 642
1642 642
1642 643
1641 643
1641 644
1640 644
1640 645
1639 645
1639 646
1638 646
1638 647
1637 647
1637 653
1636 653
1636 655
1637 655
1637 661
1638 661
1638 667
1637 667
1637 677
1636 677
1636 680
1635 680
1635 681
1634 681
1634 682
1633 682
1633 684
1632 684
1632 685
1630 685
1630 686
1629 686
1629 687
1626 687
1626 688
1624 688
1624 689
1621 689
1621 690
1617 690
1617 691
1615 691
1615 692
1614 692
1614 693
1613 693
1613 695
1612 695
1612 698
1611 698
1611 699
1610 699
1610 700
1609 700
1609 702
1608 702
1608 703
1607 703
1607 705
1606 705
1606 706
1604 706
1604 707
1603 707
1603 708
1602 708
1602 709
1600 709
1600 711
1599 711
1599 712
1598 712
1598 713
1596 713
1596 714
1595 714
1595 715
1594 715
1594 716
1592 716
1592 717
1591 717
1591 718
1590 718
1590 719
1588 719
1588 720
1587 720
1587 721
1586 721
1586 722
1585 722
1585 723
1584 723
1584 724
1583 724
1583 726
1582 726
1582 727
1581 727
1581 729
1580 729
1580 730
1579 730
1579 731
1578 731
1578 732
1577 732
1577 733
1576 733
1576 734
1574 734
1574 735
1573 735
1573 736
1571 736
1571 737
1565 737
1565 738
1561 738
1561 739
1558 739
1558 740
1557 740
1557 742
1556 742
1556 744
1555 744
1555 746
1554 746
1554 747
1553 747
1553 748
1551 748
1551 749
1549 749
1549 750
1548 750
1548 751
1544 751
1544 752
1542 752
1542 753
1540 753
1540 754
1538 754
1538 755
1537 755
1537 756
1535 756
1535 757
1534 757
1534 758
1533 758
1533 760
1532 760
1532 763
1531 763
1531 764
1530 764
1530 765
1529 765
1529 768
1528 768
1528 769
1527 769
1527 771
1526 771
1526 772
1524 772
1524 773
1519 773
1519 774
1518 774
1518 775
1515 775
1515 776
1506 776
1506 777
1504 777
1504 778
1502 778
1502 779
1501 779
1501 780
1500 780
1500 781
1499 781
1499 782
1498 782
1498 784
1497 784
1497 785
1496 785
1496 786
1495 786
1495 787
1494 787
1494 788
1493 788
1493 789
1492 789
1492 790
1491 790
1491 791
1490 791
1490 792
1487 792
1487 793
1486 793
1486 794
1475 794
1475 795
1455 795
1455 796
1451 796
1451 797
1445 797
1445 798
1437 798
1437 799
1435 799
1435 800
1432 800
1432 801
1431 801
1431 802
1430 802
1430 803
1429 803
1429 804
1426 804
1426 805
1425 805
1425 808
1424 808
1424 810
1423 810
1423 811
1422 811
1422 812
1420 812
1420 814
1419 814
1419 816
1418 816
1418 817
1417 817
1417 818
1416 818
1416 819
1413 819
1413 820
1411 820
1411 821
1408 821
1408 822
1389 822
1389 823
1388 823
1388 824
1384 824
1384 825
1381 825
1381 826
1379 826
1379 827
1377 827
1377 828
1363 828
1363 827
1361 827
1361 826
1360 826
1360 825
1359 825
1359 824
1358 824
1358 823
1357 823
1357 822
1356 822
1356 821
1355 821
1355 820
1354 820
1354 819
1353 819
1353 818
1352 818
1352 817
1349 817
1349 816
1347 816
1347 815
1346 815
1346 814
1330 814
1330 813
1325 813
1325 812
1322 812
1322 811
1319 811
1319 810
1317 810
1317 809
1312 809
1312 808
1309 808
1309 807
1307 807
1307 806
1298 806
1298 807
1266 807
1266 806
1265 806
1265 805
1263 805
1263 804
1262 804
1262 803
1261 803
1261 802
1260 802
1260 801
1259 801
1259 800
1258 800
1258 799
1257 799
1257 798
1256 798
1256 797
1254 797
1254 796
1251 796
1251 795
1243 795
1243 796
1242 796
1242 797
1240 797
1240 798
1234 798
1234 797
1230 797
1230 796
1225 796
1225 795
1204 795
1204 794
1203 794
1203 793
1200 793
1200 792
1199 792
1199 791
1197 791
1197 790
1196 790
1196 789
1195 789
1195 788
1194 788
1194 787
1193 787
1193 786
1192 786
1192 785
1191 785
1191 784
1190 784
1190 783
1189 783
1189 782
1188 782
1188 781
1187 781
1187 779
1186 779
1186 777
1185 777
1185 776
1184 776
1184 774
1183 774
1183 772
1182 772
1182 770
1181 770
1181 769
1180 769
1180 768
1177 768
1177 767
1173 767
1173 766
1166 766
1166 765
1162 765
1162 764
1161 764
1161 763
1160 763
1160 762
1159 762
1159 761
1158 761
1158 759
1157 759
1157 758
1156 758
1156 756
1155 756
1155 755
1154 755
1154 754
1153 754
1153 753
1152 753
1152 752
1151 752
1151 751
1150 751
1150 750
1146 750
1146 749
1144 749
1144 748
1143 748
1143 747
1142 747
1142 746
1141 746
1141 745
1140 745
1140 744
1138 744
1138 743
1136 743
1136 742
1133 742
1133 741
1131 741
1131 740
1130 740
1130 739
1129 739
1129 738
1128 738
1128 737
1127 737
1127 735
1126 735
1126 734
1125 734
1125 733
1124 733
1124 732
1123 732
1123 731
1122 731
1122 730
1121 730
1121 729
1120 729
1120 728
1119 728
1119 727
1118 727
1118 726
1116 726
1116 725
1114 725
1114 724
1109 724
1109 723
1108 723
1108 722
1106 722
1106 721
1096 721
1096 720
1090 720
1090 719
1088 719
1088 718
1087 718
1087 717
1086 717
1086 716
1085 716
1085 708
1084 708
1084 706
1083 706
1083 705
1082 705
1082 704
1081 704
1081 703
1080 703
1080 702
1079 702
1079 701
1077 701
1077 700
1075 700
1075 699
1074 699
1074 698
1073 698
1073 697
1072 697
1072 695
1071 695
1071 687
1070 687
1070 681
1071 681
1071 676
1070 676
1070 672
1069 672
1069 670
1068 670
1068 666
1067 666
1067 663
1066 663
1066 662
1065 662
1065 660
1064 660
1064 659
1063 659
1063 657
1062 657
1062 655
1061 655
1061 652
1060 652
1060 649
1059 649
1059 644
1058 644
1058 639
1057 639
1057 637
1056 637
1056 636
1055 636
1055 635
1053 635
1053 634
1052 634
1052 633
1050 633
1050 632
1049 632
1049 631
1047 631
1047 630
1046 630
1046 629
1044 629
1044 628
1040 628
1040 627
1037 627
1037 626
1036 626
1036 625
1035 625
1035 616
1034 616
1034 603
1033 603
1033 589
1032 589
1032 579
1031 579
1031 558
1030 558
1030 546
1029 546
1029 527
1027 527
1027 526
1026 526
1026 524
1025 524
1025 523
1023 523
1023 522
1021 522
1021 521
1020 521
1020 520
1019 520
1019 519
1018 519
1018 517
1017 517
1017 511
1016 511
1016 484
1015 484
1015 468
1016 468
1016 466
1015 466
1015 457
1014 457
1014 412
1013 412
1013 395
1012 395
1012 353
1011 353
1011 339
1010 339
1010 320
1009 320
1009 308
1008 308
1008 300
1007 300
1007 287
1006 287
1006 282
1005 282
1005 279
1004 279
1004 277
1003 277
1003 276
1000 276
1000 277
997 277
997 278
987 278
987 277
986 277
986 275
985 275
985 265
984 265
984 254
983 254
983 250
982 250
982 241
981 241
981 227
980 227
980 223
981 223
981 220
980 220
980 216
979 216
979 215
978 215
978 214
977 214
977 213
975 213
975 212
970 212
970 213
951 213
951 214
938 214
938 215
936 215
936 214
921 214
921 213
919 213
919 212
921 212
921 213
936 213
936 214
938 214
938 213
951 213
951 212
970 212
970 211
975 211
975 212
977 212
977 213
978 213
978 214
979 214
979 215
980 215
980 216
981 216
981 220
982 220
982 223
981 223
981 227
982 227
982 241
983 241
983 250
984 250
984 254
985 254
985 265
986 265
986 275
987 275
987 277
997 277
997 276
1000 276
1000 275
1003 275
1003 276
1004 276
1004 277
1005 277
1005 279
1006 279
1006 282
1007 282
1007 287
1008 287
1008 300
1009 300
1009 308
1010 308
1010 320
1011 320
1011 339
1012 339
1012 353
1013 353
1013 395
1014 395
1014 412
1015 412
1015 457
1016 457
1016 466
1017 466
1017 468
1016 468
1016 484
1017 484
1017 511
1018 511
1018 517
1019 517
1019 519
1020 519
1020 520
1021 520
1021 521
1023 521
1023 522
1025 522
1025 523
1026 523
1026 524
1027 524
1027 526
1029 526
1029 527
1030 527
1030 546
1031 546
1031 558
1032 558
1032 579
1033 579
1033 589
1034 589
1034 603
1035 603
1035 616
1036 616
1036 625
1037 625
1037 626
1040 626
1040 627
1044 627
1044 628
1046 628
1046 629
1047 629
1047 630
1049 630
1049 631
1050 631
1050 632
1052 632
1052 633
1053 633
1053 634
1055 634
1055 635
1056 635
1056 636
1057 636
1057 637
1058 637
1058 639
1059 639
1059 644
1060 644
1060 649
1061 649
1061 652
1062 652
1062 655
1063 655
1063 657
1064 657
1064 659
1065 659
1065 660
1066 660
1066 662
1067 662
1067 663
1068 663
1068 666
1069 666
1069 670
1070 670
1070 672
1071 672
1071 676
1072 676
1072 681
1071 681
1071 687
1072 687
1072 695
1073 695
1073 697
1074 697
1074 698
1075 698
1075 699
1077 699
1077 700
1079 700
1079 701
1080 701
1080 702
1081 702
1081 703
1082 703
1082 704
1083 704
1083 705
1084 705
1084 706
1085 706
1085 708
1086 708
1086 716
1087 716
1087 717
1088 717
1088 718
1090 718
1090 719
1096 719
1096 720
1106 720
1106 721
1108 721
1108 722
1109 722
1109 723
1114 723
1114 724
1116 724
1116 725
1118 725
1118 726
1119 726
1119 727
1120 727
1120 728
1121 728
1121 729
1122 729
1122 730
1123 730
1123 731
1124 731
1124 732
1125 732
1125 733
1126 733
1126 734
1127 734
1127 735
1128 735
1128 737
1129 737
1129 738
1130 738
1130 739
1131 739
1131 740
1133 740
1133 741
1136 741
1136 742
1138 742
1138 743
1140 743
1140 744
1141 744
1141 745
1142 745
1142 746
1143 746
1143 747
1144 747
1144 748
1146 748
1146 749
1150 749
1150 750
1151 750
1151 751
1152 751
1152 752
1153 752
1153 753
1154 753
1154 754
1155 754
1155 755
1156 755
1156 756
1157 756
1157 758
1158 758
1158 759
1159 759
1159 761
1160 761
1160 762
1161 762
1161 763
1162 763
1162 764
1166 764
1166 765
1173 765
1173 766
1177 766
1177 767
1180 767
1180 768
1181 768
1181 769
1182 769
1182 770
1183 770
1183 772
1184 772
1184 774
1185 774
1185 776
1186 776
1186 777
1187 777
1187 779
1188 779
1188 781
1189 781
1189 782
1190 782
1190 783
1191 783
1191 784
1192 784
1192 785
1193 785
1193 786
1194 786
1194 787
1195 787
1195 788
1196 788
1196 789
1197 789
1197 790
1199 790
1199 791
1200 791
1200 792
1203 792
1203 793
1204 793
1204 794
1225 794
1225 795
1230 795
1230 796
1234 796
1234 797
1240 797
1240 796
1242 796
1242 795
1243 795
1243 794
1251 794
1251 795
1254 795
1254 796
1256 796
1256 797
1257 797
1257 798
1258 798
1258 799
1259 799
1259 800
1260 800
1260 801
1261 801
1261 802
1262 802
1262 803
1263 803
1263 804
1265 804
1265 805
1266 805
1266 806
1298 806
1298 805
1307 805
1307 806
1309 806
1309 807
1312 807
1312 808
1317 808
1317 809
1319 809
1319 810
1322 810
1322 811
1325 811
1325 812
1330 812
1330 813
1346 813
1346 814
1347 814
1347 815
1349 815
1349 816
1352 816
1352 817
1353 817
1353 818
1354 818
1354 819
1355 819
1355 820
1356 820
1356 821
1357 821
1357 822
1358 822
1358 823
1359 823
1359 824
1360 824
1360 825
1361 825
1361 826
1363 826
1363 827
1377 827
1377 826
1379 826
1379 825
1381 825
1381 824
1384 824
1384 823
1388 823
1388 822
1389 822
1389 821
1408 821
1408 820
1411 820
1411 819
1413 819
1413 818
1416 818
1416 817
1417 817
1417 816
1418 816
1418 814
1419 814
1419 812
1420 812
1420 811
1422 811
1422 810
1423 810
1423 808
1424 808
1424 805
1425 805
1425 804
1426 804
1426 803
1429 803
1429 802
1430 802
1430 801
1431 801
1431 800
1432 800
1432 799
1435 799
1435 798
1437 798
1437 797
1445 797
1445 796
1451 796
1451 795
1455 795
1455 794
1475 794
1475 793
1486 793
1486 792
1487 792
1487 791
1490 791
1490 790
1491 790
1491 789
1492 789
1492 788
1493 788
1493 787
1494 787
1494 786
1495 786
1495 785
1496 785
1496 784
1497 784
1497 782
1498 782
1498 781
1499 781
1499 780
1500 780
1500 779
1501 779
1501 778
1502 778
1502 777
1504 777
1504 776
1506 776
1506 775
1515 775
1515 774
1518 774
1518 773
1519 773
1519 772
1524 772
1524 771
1526 771
1526 769
1527 769
1527 768
1528 768
1528 765
1529 765
1529 764
1530 764
1530 763
1531 763
1531 760
1532 760
1532 758
1533 758
1533 757
1534 757
1534 756
1535 756
1535 755
1537 755
1537 754
1538 754
1538 753
1540 753
1540 752
1542 752
1542 751
1544 751
1544 750
1548 750
1548 749
1549 749
1549 748
1551 748
1551 747
1553 747
1553 746
1554 746
1554 744
1555 744
1555 742
1556 742
1556 740
1557 740
1557 739
1558 739
1558 738
1561 738
1561 737
1565 737
1565 736
1571 736
1571 735
1573 735
1573 734
1574 734
1574 733
1576 733
1576 732
1577 732
1577 731
1578 731
1578 730
1579 730
1579 729
1580 729
1580 727
1581 727
1581 726
1582 726
1582 724
1583 724
1583 723
1584 723
1584 722
1585 722
1585 721
1586 721
1586 720
1587 720
1587 719
1588 719
1588 718
1590 718
1590 717
1591 717
1591 716
1592 716
1592 715
1594 715
1594 714
1595 714
1595 713
1596 713
1596 712
1598 712
1598 711
1599 711
1599 709
1600 709
1600 708
1602 708
1602 707
1603 707
1603 706
1604 706
1604 705
1606 705
1606 703
1607 703
1607 702
1608 702
1608 700
1609 700
1609 699
1610 699
1610 698
1611 698
1611 695
1612 695
1612 693
1613 693
1613 692
1614 692
1614 691
1615 691
1615 690
1617 690
1617 689
1621 689
1621 688
1624 688
1624 687
1626 687
1626 686
1629 686
1629 685
1630 685
1630 684
1632 684
1632 682
1633 682
1633 681
1634 681
1634 680
1635 680
1635 677
1636 677
1636 667
1637 667
1637 661
1636 661
1636 655
1635 655
1635 653
1636 653
1636 647
1637 647
1637 646
1638 646
1638 645
1639 645
1639 644
1640 644
1640 643
1641 643
1641 642
1642 642
1642 641
1645 641
1645 640
1649 640
1649 639
1652 639
1652 638
1657 638
1657 637
1659 637
1659 636
1663 636
1663 635
1665 635
1665 634
1668 634
1668 633
1669 633
1669 632
1670 632
1670 630
1671 630
1671 627
1672 627
1672 625
1673 625
1673 624
1674 624
1674 623
1675 623
1675 622
1676 622
1676 621
1687 621
1687 620
1692 620
1692 619
1694 619
1694 618
1695 618
1695 617
1696 617
1696 615
1697 615
1697 613
1698 613
1698 612
1699 612
1699 610
1700 610
1700 609
1701 609
1701 607
1702 607
1702 606
1703 606
1703 605
1704 605
1704 604
1705 604
1705 603
1706 603
1706 602
1708 602
1708 601
1709 601
1709 600
1710 600
1710 599
1714 599
1714 598
1717 598
1717 597
1721 597
1721 596
1725 596
1725 595
1726 595
1726 594
1727 594
1727 593
1729 593
1729 592
1731 592
1731 591
1732 591
1732 590
1733 590
1733 589
1734 589
1734 588
1735 588
1735 587
1736 587
1736 586
1737 586
1737 585
1739 585
1739 583
1740 583
1740 582
1742 582
1742 581
1743 581
1743 580
1745 580
1745 579
1749 579
1749 578
1753 578
1753 577
1766 577
1766 576
1768 576
1768 575
1776 575
1776 574
1777 574
1777 573
1783 573
1783 572
1785 572
1785 571
1787 571
1787 570
1788 570
1788 568
1789 568
1789 567
1791 567
1791 566
1793 566
1793 564
1794 564
1794 563
1795 563
1795 562
1796 562
1796 561
1797 561
1797 559
1798 559
1798 558
1799 558
1799 557
1800 557
1800 556
1801 556
1801 555
1803 555
1803 554
1805 554
1805 553
1806 553
1806 552
1808 552
1808 550
1809 550
1809 549
1810 549
1810 548
1811 548
1811 547
1814 547
1814 546
1816 546
1816 545
1821 545
1821 544
1823 544
1823 543
1824 543
1824 542
1826 542
1826 541
1828 541
1828 540
1829 540
1829 539
1830 539
1830 538
1831 538
1831 537
1832 537
1832 536
1833 536
1833 535
1834 535
1834 534
1835 534
1835 533
1837 533
1837 532
1840 532
1840 531
1859 531
1859 532
1867 532
1867 531
1868 531
1868 530
1869 530
1869 529
1870 529
1870 528
1871 528
1871 526
1872 526
1872 525
1875 525
1875 524
1877 524
1877 523
1880 523
1880 522
1885 522
1885 521
1886 521
1886 520
1888 520
1888 519
1889 519
1889 518
1890 518
1890 505
1891 505
1891 503
1892 503
1892 500
1893 500
1893 497
1894 497
1894 496
1895 496
1895 495
1897 495
1897 494
1898 494
1898 491
1899 491
1899 490
1900 490
1900 489
1901 489
1901 488
1902 488
1902 487
1903 487
1903 486
1904 486
1904 485
1905 485
1905 484
1906 484
1906 483
1907 483
1907 481
1908 481
1908 479
1909 479
1909 478
1910 478
1910 476
1911 476
1911 475
1912 475
1912 474
1913 474
1913 473
1914 473
1914 472
1915 472
1915 471
1916 471
1916 470
1917 470
1917 469
1919 469
1919 468
1921 468
1921 467
1923 467
1923 466
1925 466
1925 465
1926 465
1926 457
1927 457
1927 451
1928 451
1928 441
1929 441
1929 436
1930 436
1930 428
1931 428
1931 424
1932 424
1932 423
1933 423
1933 422
1934 422
1934 421
1936 421
1936 420
1948 420
1948 421
1964 421
1964 422
1971 422
1971 421
1974 421
1974 420
1977 420
1977 418
1978 418
1978 412
1979 412
1979 409
1978 409
1978 398
1979 398
1979 393
1980 393
1980 388
1981 388
1981 386
1982 386
1982 385
1983 385
1983 384
1984 384
1984 383
1985 383
1985 382
1986 382
1986 381
1991 381
1991 380
1999 380
1999 379
2000 379
2000 378
2001 378
2001 376
2002 376
2002 374
2003 374
2003 371
2004 371
2004 365
2005 365
2005 356
2006 356
2006 347
2007 347
2007 340
2008 340
2008 321
2009 321
2009 319
2010 319
2010 318
2014 318
2014 317
2016 317
2016 316
2020 316
2020 315
2022 315
2022 314
2024 314
2024 313
2025 313
2025 312
2026 312
2026 311
2027 311
2027 310
2028 310
2028 309
2030 309
2030 308
2036 308
2036 307
2038 307
2038 306
2039 306
2039 304
2040 304
2040 303
2041 303
2041 301
2042 301
2042 297
2043 297
2043 290
2044 290
2044 263
2043 263
2043 259
2042 259
2042 244
2043 244
2043 238
2044 238
2044 230
2045 230
2045 229
2047 229
2047 228
2054 228
2054 227
2056 227
2056 226
2059 226
2059 225
2060 225
2060 224
2062 224
2062 223
2063 223
2063 222
2064 222
2064 220
2065 220
2065 219
2066 219
2066 218
2067 218
2067 213
2068 213
2068 211
2069 211
2069 206
2070 206
2070 194
2072 194
2072 193
2073 193
2073 191
2074 191
2074 190
2076 190
2076 189
2077 189
2077 188
2080 188
2080 187
2084 187
2084 186
2093 186
2093 187
2100 187
2100 186
2121 186
2121 185
2124 185
2124 184
2127 184
2127 183
2129 183
2129 184
2130 184
2130 185
2132 185
2132 186
2136 186
2136 187
2138 187
2138 188
2139 188
2139 189
2140 189
2140 190
2139 190
2139 189
2138 189
2138 188
2136 188
2136 187
2132 187
2132 186
2130 186
2130 185
2129 185
2129 184
2127 184
2127 185
2124 185
2124 186
2121 186
2121 187
2100 187
2100 188
2093 188
2093 187
2084 187
2084 188
2080 188
2080 189
2077 189
2077 190
2076 190
2076 191
2074 191
2074 193
2073 193
2073 194
2072 194
2072 195
2071 195
2071 206
2070 206
2070 211
2069 211
2069 213
2068 213
2068 218
2067 218
2067 219
2066 219
2066 220
2065 220
2065 222
2064 222
2064 223
2063 223
2063 224
2062 224
2062 225
2060 225
2060 226
2059 226
2059 227
2056 227
2056 228
2054 228
2054 229
2047 229
2047 230
2045 230
2045 238
2044 238
2044 244
2043 244
2043 259
2044 259
2044 263
2045 263
2045 290
2044 290
2044 297
2043 297
2043 301
2042 301
2042 303
2041 303
2041 304
2040 304
2040 306
2039 306
2039 307
2038 307
2038 308
2036 308
2036 309
2030 309
2030 310
2028 310
2028 311
2027 311
2027 312
2026 312
2026 313
2025 313
2025 314
2024 314
2024 315
2022 315
2022 316
2020 316
2020 317
2016 317
2016 318
2014 318
2014 319
2010 319
2010 321
2009 321
2009 340
2008 340
2008 347
2007 347
2007 356
2006 356
2006 365
2005 365
2005 371
2004 371
2004 374
2003 374
2003 376
2002 376
2002 378
2001 378
2001 379
2000 379
2000 380
1999 380
1999 381
1991 381
1991 382
1986 382
1986 383
1985 383
1985 384
1984 384
1984 385
1983 385
1983 386
1982 386
1982 388
1981 388
1981 393
1980 393
1980 398
1979 398
1979 409
1980 409
1980 412
1979 412
1979 418
1978 418
1978 420
1977 420
1977 421
1974 421
1974 422
1971 422
1971 423
1964 423
1964 422
1948 422
1948 421
1936 421
1936 422
1934 422
1934 423
1933 423
1933 424
1932 424
1932 428
1931 428
1931 436
1930 436
1930 441
1929 441
1929 451
1928 451
1928 457
1927 457
1927 465
1926 465
1926 466
1925 466
1925 467
1923 467
1923 468
1921 468
1921 469
1919 469
1919 470
1917 470
1917 471
1916 471
1916 472
1915 472
1915 473
1914 473
1914 474
1913 474
1913 475
1912 475
1912 476
1911 476
1911 478
1910 478
1910 479
1909 479
1909 481
1908 481
1908 483
1907 483
1907 484
1906 484
1906 485
1905 485
1905 486
1904 486
1904 487
1903 487
1903 488
1902 488
1902 489
1901 489
1901 490
1900 490
1900 491
1899 491
1899 494
1898 494
1898 495
1897 495
1897 496
1895 496
1895 497
1894 497
1894 500
1893 500
1893 503
1892 503
1892 505
1891 505
1891 518
1890 518
1890 519
1889 519
1889 520
1888 520
1888 521
1886 521
1886 522
1885 522
1885 523
1880 523
1880 524
1877 524
1877 525
1875 525
1875 526
1872 526
1872 528
1871 528
1871 529
1870 529
1870 530
1869 530
1869 531
1868 531
1868 532
1867 532
