2867 512
2866 512
2866 513
2864 513
2864 514
2863 514
2863 515
2862 515
2862 520
2861 520
2861 527
2860 527
2860 529
2859 529
2859 530
2851 530
2851 531
2847 531
2847 532
2841 532
2841 531
2838 531
2838 532
2837 532
2837 533
2836 533
2836 534
2835 534
2835 535
2827 535
2827 536
2825 536
2825 537
2824 537
2824 538
2822 538
2822 539
2820 539
2820 540
2815 540
2815 539
2812 539
2812 540
2810 540
2810 539
2805 539
2805 538
2803 538
2803 537
2802 537
2802 536
2798 536
2798 535
2793 535
2793 536
2791 536
2791 539
2792 539
2792 546
2791 546
2791 548
2790 548
2790 549
2786 549
2786 550
2779 550
2779 551
2772 551
2772 550
2769 550
2769 549
2757 549
2757 550
2756 550
2756 574
2755 574
2755 576
2754 576
2754 577
2753 577
2753 578
2751 578
2751 579
2750 579
2750 580
2749 580
2749 581
2748 581
2748 582
2747 582
2747 583
2744 583
2744 584
2742 584
2742 585
2741 585
2741 586
2738 586
2738 587
2735 587
2735 589
2734 589
2734 592
2733 592
2733 594
2732 594
2732 595
2731 595
2731 596
2730 596
2730 597
2728 597
2728 598
2727 598
2727 599
2726 599
2726 600
2725 600
2725 601
2724 601
2724 602
2722 602
2722 603
2721 603
2721 604
2720 604
2720 605
2719 605
2719 606
2717 606
2717 609
2716 609
2716 611
2715 611
2715 612
2714 612
2714 613
2712 613
2712 614
2711 614
2711 615
2710 615
2710 617
2709 617
2709 618
2708 618
2708 619
2707 619
2707 620
2699 620
2699 621
2698 621
2698 622
2697 622
2697 623
2696 623
2696 624
2695 624
2695 625
2686 625
2686 626
2684 626
2684 627
2681 627
2681 628
2676 628
2676 627
2673 627
2673 628
2672 628
2672 627
2664 627
2664 635
2665 635
2665 636
2664 636
2664 639
2663 639
2663 641
2661 641
2661 642
2654 642
2654 643
2653 643
2653 644
2652 644
2652 647
2651 647
2651 650
2650 650
2650 651
2649 651
2649 652
2646 652
2646 653
2642 653
2642 654
2640 654
2640 655
2639 655
2639 656
2638 656
2638 657
2637 657
2637 658
2636 658
2636 659
2630 659
2630 660
2623 660
2623 659
2619 659
2619 658
2616 658
2616 657
2611 657
2611 658
2609 658
2609 659
2608 659
2608 660
2606 660
2606 661
2603 661
2603 662
2602 662
2602 663
2596 663
2596 666
2595 666
2595 670
2594 670
2594 672
2593 672
2593 673
2592 673
2592 677
2583 677
2583 679
2584 679
2584 684
2585 684
2585 692
2584 692
2584 695
2583 695
2583 697
2582 697
2582 698
2581 698
2581 699
2579 699
2579 700
2577 700
2577 701
2576 701
2576 702
2575 702
2575 705
2574 705
2574 707
2573 707
2573 708
2572 708
2572 709
2571 709
2571 711
2570 711
2570 712
2569 712
2569 713
2567 713
2567 714
2565 714
2565 715
2555 715
2555 714
2553 714
2553 713
2548 713
2548 714
2544 714
2544 713
2541 713
2541 712
2539 712
2539 711
2538 711
2538 710
2532 710
2532 709
2530 709
2530 708
2528 708
2528 707
2526 707
2526 706
2525 706
2525 705
2523 705
2523 704
2520 704
2520 705
2517 705
2517 706
2514 706
2514 707
2506 707
2506 708
2494 708
2494 709
2492 709
2492 710
2490 710
2490 711
2489 711
2489 712
2488 712
2488 713
2487 713
2487 714
2486 714
2486 715
2485 715
2485 716
2477 716
2477 717
2474 717
2474 718
2473 718
2473 719
2472 719
2472 720
2468 720
2468 721
2462 721
2462 722
2458 722
2458 723
2457 723
2457 722
2453 722
2453 723
2451 723
2451 724
2450 724
2450 725
2449 725
2449 726
2435 726
2435 727
2433 727
2433 728
2428 728
2428 729
2423 729
2423 730
2420 730
2420 731
2413 731
2413 732
2412 732
2412 733
2406 733
2406 732
2396 732
2396 731
2393 731
2393 730
2387 730
2387 731
2384 731
2384 730
2381 730
2381 729
2380 729
2380 728
2378 728
2378 727
2377 727
2377 726
2376 726
2376 725
2375 725
2375 724
2374 724
2374 723
2373 723
2373 722
2372 722
2372 720
2371 720
2371 718
2370 718
2370 716
2369 716
2369 715
2368 715
2368 714
2367 714
2367 713
2365 713
2365 712
2363 712
2363 711
2361 711
2361 710
2360 710
2360 709
2359 709
2359 708
2358 708
2358 706
2357 706
2357 705
2356 705
2356 704
2355 704
2355 703
2350 703
2350 705
2349 705
2349 706
2348 706
2348 707
2347 707
2347 708
2346 708
2346 709
2345 709
2345 710
2344 710
2344 711
2343 711
2343 712
2342 712
2342 713
2340 713
2340 714
2335 714
2335 715
2332 715
2332 716
2331 716
2331 717
2328 717
2328 718
2324 718
2324 719
2322 719
2322 721
2321 721
2321 722
2319 722
2319 723
2315 723
2315 724
2299 724
2299 725
2298 725
2298 726
2296 726
2296 727
2291 727
2291 728
2285 728
2285 729
2279 729
2279 730
2274 730
2274 731
2271 731
2271 732
2267 732
2267 733
2266 733
2266 734
2265 734
2265 735
2264 735
2264 737
2263 737
2263 738
2262 738
2262 739
2258 739
2258 740
2251 740
2251 741
2244 741
2244 740
2243 740
2243 739
2242 739
2242 738
2241 738
2241 737
2240 737
2240 736
2238 736
2238 735
2237 735
2237 733
2236 733
2236 729
2235 729
2235 730
2230 730
2230 731
2219 731
2219 732
2211 732
2211 731
2210 731
2210 732
2207 732
2207 733
2195 733
2195 734
2193 734
2193 733
2186 733
2186 732
2182 732
2182 731
2181 731
2181 730
2179 730
2179 729
2177 729
2177 728
2174 728
2174 727
2171 727
2171 726
2169 726
2169 725
2168 725
2168 724
2167 724
2167 723
2166 723
2166 721
2165 721
2165 720
2164 720
2164 717
2163 717
2163 711
2162 711
2162 710
2160 710
2160 709
2159 709
2159 708
2156 708
2156 709
2154 709
2154 710
2153 710
2153 711
2145 711
2145 712
2144 712
2144 718
2145 718
2145 719
2146 719
2146 721
2147 721
2147 723
2146 723
2146 725
2145 725
2145 728
2144 728
2144 729
2143 729
2143 730
2142 730
2142 731
2141 731
2141 732
2140 732
2140 733
2136 733
2136 735
2135 735
2135 736
2134 736
2134 737
2133 737
2133 738
2131 738
2131 739
2130 739
2130 740
2123 740
2123 741
2119 741
2119 742
2115 742
2115 743
2106 743
2106 744
2099 744
2099 745
2083 745
2083 744
2078 744
2078 743
2074 743
2074 742
2071 742
2071 741
2068 741
2068 740
2066 740
2066 739
2064 739
2064 738
2061 738
2061 737
2055 737
2055 736
2054 736
2054 735
2053 735
2053 734
2052 734
2052 733
2051 733
2051 731
2050 731
2050 723
2049 723
2049 714
2048 714
2048 713
2047 713
2047 711
2046 711
2046 710
2045 710
2045 709
2039 709
2039 708
2037 708
2037 707
2033 707
2033 706
2032 706
2032 705
2030 705
2030 704
2029 704
2029 703
2028 703
2028 701
2027 701
2027 700
2026 700
2026 699
2025 699
2025 698
2024 698
2024 697
2023 697
2023 695
2019 695
2019 693
2018 693
2018 692
2017 692
2017 689
2016 689
2016 686
2015 686
2015 684
2014 684
2014 681
2013 681
2013 675
2012 675
2012 670
2008 670
2008 669
2003 669
2003 668
2001 668
2001 667
1999 667
1999 666
1998 666
1998 665
1997 665
1997 664
1995 664
1995 663
1993 663
1993 662
1990 662
1990 661
1983 661
1983 660
1974 660
1974 661
1964 661
1964 660
1962 660
1962 659
1960 659
1960 658
1955 658
1955 657
1942 657
1942 656
1939 656
1939 655
1938 655
1938 654
1936 654
1936 653
1935 653
1935 652
1932 652
1932 651
1930 651
1930 650
1928 650
1928 649
1926 649
1926 648
1924 648
1924 647
1923 647
1923 646
1922 646
1922 645
1921 645
1921 644
1920 644
1920 642
1919 642
1919 640
1918 640
1918 636
1917 636
1917 635
1916 635
1916 634
1915 634
1915 633
1914 633
1914 632
1913 632
1913 631
1912 631
1912 630
1911 630
1911 629
1908 629
1908 628
1905 628
1905 629
1903 629
1903 630
1901 630
1901 631
1899 631
1899 632
1897 632
1897 633
1896 633
1896 634
1893 634
1893 635
1890 635
1890 636
1888 636
1888 637
1887 637
1887 638
1885 638
1885 639
1884 639
1884 640
1872 640
1872 641
1864 641
1864 642
1860 642
1860 643
1856 643
1856 644
1847 644
1847 643
1834 643
1834 642
1830 642
1830 641
1829 641
1829 640
1827 640
1827 639
1825 639
1825 638
1824 638
1824 637
1819 637
1819 636
1816 636
1816 635
1811 635
1811 634
1807 634
1807 633
1800 633
1800 632
1797 632
1797 631
1795 631
1795 630
1794 630
1794 629
1793 629
1793 628
1791 628
1791 627
1789 627
1789 626
1787 626
1787 625
1784 625
1784 624
1783 624
1783 623
1781 623
1781 622
1778 622
1778 621
1775 621
1775 620
1772 620
1772 619
1770 619
1770 618
1769 618
1769 617
1768 617
1768 616
1767 616
1767 615
1766 615
1766 614
1765 614
1765 612
1764 612
1764 610
1763 610
1763 603
1762 603
1762 599
1759 599
1759 598
1757 598
1757 597
1754 597
1754 596
1752 596
1752 595
1750 595
1750 594
1749 594
1749 593
1748 593
1748 592
1746 592
1746 591
1744 591
1744 590
1741 590
1741 589
1739 589
1739 588
1738 588
1738 587
1737 587
1737 586
1736 586
1736 585
1735 585
1735 584
1734 584
1734 582
1733 582
1733 580
1732 580
1732 579
1731 579
1731 578
1729 578
1729 577
1728 577
1728 576
1727 576
1727 575
1726 575
1726 574
1724 574
1724 573
1723 573
1723 572
1722 572
1722 571
1721 571
1721 569
1720 569
1720 566
1719 566
1719 561
1718 561
1718 551
1717 551
1717 550
1716 550
1716 548
1715 548
1715 547
1713 547
1713 546
1712 546
1712 545
1711 545
1711 544
1710 544
1710 543
1709 543
1709 542
1708 542
1708 541
1707 541
1707 539
1706 539
1706 538
1704 538
1704 537
1703 537
1703 536
1702 536
1702 535
1700 535
1700 534
1699 534
1699 533
1698 533
1698 532
1697 532
1697 531
1696 531
1696 529
1695 529
1695 528
1694 528
1694 527
1693 527
1693 526
1691 526
1691 525
1689 525
1689 524
1687 524
1687 523
1686 523
1686 522
1685 522
1685 521
1684 521
1684 519
1683 519
1683 517
1682 517
1682 515
1681 515
1681 511
1680 511
1680 507
1679 507
1679 506
1678 506
1678 505
1676 505
1676 504
1667 504
1667 503
1662 503
1662 502
1659 502
1659 501
1652 501
1652 500
1651 500
1651 499
1649 499
1649 498
1644 498
1644 497
1643 497
1643 496
1640 496
1640 495
1639 495
1639 494
1638 494
1638 493
1637 493
1637 492
1636 492
1636 491
1635 491
1635 489
1633 489
1633 488
1630 488
1630 487
1628 487
1628 486
1625 486
1625 485
1618 485
1618 484
1617 484
1617 483
1616 483
1616 482
1615 482
1615 481
1614 481
1614 480
1613 480
1613 479
1612 479
1612 478
1611 478
1611 477
1610 477
1610 475
1609 475
1609 473
1607 473
1607 472
1606 472
1606 471
1605 471
1605 470
1603 470
1603 469
1602 469
1602 468
1601 468
1601 467
1600 467
1600 466
1599 466
1599 464
1598 464
1598 463
1597 463
1597 462
1595 462
1595 461
1594 461
1594 460
1592 460
1592 459
1588 459
1588 458
1585 458
1585 457
1583 457
1583 456
1582 456
1582 455
1579 455
1579 454
1578 454
1578 453
1577 453
1577 451
1576 451
1576 450
1575 450
1575 449
1574 449
1574 444
1573 444
1573 441
1563 441
1563 440
1559 440
1559 439
1556 439
1556 438
1555 438
1555 437
1554 437
1554 436
1553 436
1553 435
1552 435
1552 433
1551 433
1551 431
1550 431
1550 425
1549 425
1549 421
1550 421
1550 419
1549 419
1549 414
1548 414
1548 413
1546 413
1546 412
1544 412
1544 411
1542 411
1542 410
1541 410
1541 409
1540 409
1540 408
1539 408
1539 406
1538 406
1538 403
1537 403
1537 389
1536 389
1536 382
1537 382
1537 380
1536 380
1536 364
1535 364
1535 362
1536 362
1536 357
1535 357
1535 351
1536 351
1536 349
1535 349
1535 343
1533 343
1533 342
1531 342
1531 343
1529 343
1529 344
1527 344
1527 345
1526 345
1526 346
1525 346
1525 347
1524 347
1524 348
1523 348
1523 349
1522 349
1522 350
1521 350
1521 351
1520 351
1520 352
1519 352
1519 353
1518 353
1518 354
1517 354
1517 355
1515 355
1515 356
1514 356
1514 357
1512 357
1512 358
1500 358
1500 359
1488 359
1488 358
1485 358
1485 357
1483 357
1483 356
1482 356
1482 355
1481 355
1481 354
1480 354
1480 353
1477 353
1477 352
1473 352
1473 351
1472 351
1472 350
1471 350
1471 349
1470 349
1470 348
1469 348
1469 347
1468 347
1468 346
1467 346
1467 344
1466 344
1466 342
1465 342
1465 339
1464 339
1464 338
1463 338
1463 337
1461 337
1461 336
1459 336
1459 335
1458 335
1458 334
1457 334
1457 333
1456 333
1456 331
1455 331
1455 330
1453 330
1453 329
1452 329
1452 328
1450 328
1450 327
1448 327
1448 326
1447 326
1447 325
1446 325
1446 324
1445 324
1445 323
1444 323
1444 322
1440 322
1440 321
1439 321
1439 320
1436 320
1436 319
1434 319
1434 318
1431 318
1431 317
1430 317
1430 316
1421 316
1421 315
1419 315
1419 314
1418 314
1418 313
1417 313
1417 312
1414 312
1414 310
1413 310
1413 308
1412 308
1412 307
1411 307
1411 306
1409 306
1409 305
1408 305
1408 304
1405 304
1405 303
1404 303
1404 304
1400 304
1400 303
1391 303
1391 302
1387 302
1387 301
1386 301
1386 300
1385 300
1385 299
1384 299
1384 296
1385 296
1385 299
1386 299
1386 300
1387 300
1387 301
1391 301
1391 302
1400 302
1400 303
1404 303
1404 302
1405 302
1405 303
1408 303
1408 304
1409 304
1409 305
1411 305
1411 306
1412 306
1412 307
1413 307
1413 308
1414 308
1414 310
1415 310
1415 311
1417 311
1417 312
1418 312
1418 313
1419 313
1419 314
1421 314
1421 315
1430 315
1430 316
1431 316
1431 317
1434 317
1434 318
1436 318
1436 319
1439 319
1439 320
1440 320
1440 321
1444 321
1444 322
1445 322
1445 323
1446 323
1446 324
1447 324
1447 325
1448 325
1448 326
1450 326
1450 327
1452 327
1452 328
1453 328
1453 329
1455 329
1455 330
1456 330
1456 331
1457 331
1457 333
1458 333
1458 334
1459 334
1459 335
1461 335
1461 336
1463 336
1463 337
1464 337
1464 338
1465 338
1465 339
1466 339
1466 342
1467 342
1467 344
1468 344
1468 346
1469 346
1469 347
1470 347
1470 348
1471 348
1471 349
1472 349
1472 350
1473 350
1473 351
1477 351
1477 352
1480 352
1480 353
1481 353
1481 354
1482 354
1482 355
1483 355
1483 356
1485 356
1485 357
1488 357
1488 358
1500 358
1500 357
1512 357
1512 356
1514 356
1514 355
1515 355
1515 354
1517 354
1517 353
1518 353
1518 352
1519 352
1519 351
1520 351
1520 350
1521 350
1521 349
1522 349
1522 348
1523 348
1523 347
1524 347
1524 346
1525 346
1525 345
1526 345
1526 344
1527 344
1527 343
1529 343
1529 342
1531 342
1531 341
1533 341
1533 342
1535 342
1535 343
1536 343
1536 349
1537 349
1537 351
1536 351
1536 357
1537 357
1537 362
1536 362
1536 364
1537 364
1537 380
1538 380
1538 382
1537 382
1537 389
1538 389
1538 403
1539 403
1539 406
1540 406
1540 408
1541 408
1541 409
1542 409
1542 410
1544 410
1544 411
1546 411
1546 412
1548 412
1548 413
1549 413
1549 414
1550 414
1550 419
1551 419
1551 421
1550 421
1550 425
1551 425
1551 431
1552 431
1552 433
1553 433
1553 435
1554 435
1554 436
1555 436
1555 437
1556 437
1556 438
1559 438
1559 439
1563 439
1563 440
1573 440
1573 441
1574 441
1574 444
1575 444
1575 449
1576 449
1576 450
1577 450
1577 451
1578 451
1578 453
1579 453
1579 454
1582 454
1582 455
1583 455
1583 456
1585 456
1585 457
1588 457
1588 458
1592 458
1592 459
1594 459
1594 460
1595 460
1595 461
1597 461
1597 462
1598 462
1598 463
1599 463
1599 464
1600 464
1600 466
1601 466
1601 467
1602 467
1602 468
1603 468
1603 469
1605 469
1605 470
1606 470
1606 471
1607 471
1607 472
1609 472
1609 473
1610 473
1610 475
1611 475
1611 477
1612 477
1612 478
1613 478
1613 479
1614 479
1614 480
1615 480
1615 481
1616 481
1616 482
1617 482
1617 483
1618 483
1618 484
1625 484
1625 485
1628 485
1628 486
1630 486
1630 487
1633 487
1633 488
1635 488
1635 489
1636 489
1636 491
1637 491
1637 492
1638 492
1638 493
1639 493
1639 494
1640 494
1640 495
1643 495
1643 496
1644 496
1644 497
1649 497
1649 498
1651 498
1651 499
1652 499
1652 500
1659 500
1659 501
1662 501
1662 502
1667 502
1667 503
1676 503
1676 504
1678 504
1678 505
1679 505
1679 506
1680 506
1680 507
1681 507
1681 511
1682 511
1682 515
1683 515
1683 517
1684 517
1684 519
1685 519
1685 521
1686 521
1686 522
1687 522
1687 523
1689 523
1689 524
1691 524
1691 525
1693 525
1693 526
1694 526
1694 527
1695 527
1695 528
1696 528
1696 529
1697 529
1697 531
1698 531
1698 532
1699 532
1699 533
1700 533
1700 534
1702 534
1702 535
1703 535
1703 536
1704 536
1704 537
1706 537
1706 538
1707 538
1707 539
1708 539
1708 541
1709 541
1709 542
1710 542
1710 543
1711 543
1711 544
1712 544
1712 545
1713 545
1713 546
1715 546
1715 547
1716 547
1716 548
1717 548
1717 550
1718 550
1718 551
1719 551
1719 561
1720 561
1720 566
1721 566
1721 569
1722 569
1722 571
1723 571
1723 572
1724 572
1724 573
1726 573
1726 574
1727 574
1727 575
1728 575
1728 576
1729 576
1729 577
1731 577
1731 578
1732 578
1732 579
1733 579
1733 580
1734 580
1734 582
1735 582
1735 584
1736 584
1736 585
1737 585
1737 586
1738 586
1738 587
1739 587
1739 588
1741 588
1741 589
1744 589
1744 590
1746 590
1746 591
1748 591
1748 592
1749 592
1749 593
1750 593
1750 594
1752 594
1752 595
1754 595
1754 596
1757 596
1757 597
1759 597
1759 598
1762 598
1762 599
1763 599
1763 603
1764 603
1764 610
1765 610
1765 612
1766 612
1766 614
1767 614
1767 615
1768 615
1768 616
1769 616
1769 617
1770 617
1770 618
1772 618
1772 619
1775 619
1775 620
1778 620
1778 621
1781 621
1781 622
1783 622
1783 623
1784 623
1784 624
1787 624
1787 625
1789 625
1789 626
1791 626
1791 627
1793 627
1793 628
1794 628
1794 629
1795 629
1795 630
1797 630
1797 631
1800 631
1800 632
1807 632
1807 633
1811 633
1811 634
1816 634
1816 635
1819 635
1819 636
1824 636
1824 637
1825 637
1825 638
1827 638
1827 639
1829 639
1829 640
1830 640
1830 641
1834 641
1834 642
1847 642
1847 643
1856 643
1856 642
1860 642
1860 641
1864 641
1864 640
1872 640
1872 639
1884 639
1884 638
1885 638
1885 637
1887 637
1887 636
1888 636
1888 635
1890 635
1890 634
1893 634
1893 633
1896 633
1896 632
1897 632
1897 631
1899 631
1899 630
1901 630
1901 629
1903 629
1903 628
1905 628
1905 627
1908 627
1908 628
1911 628
1911 629
1912 629
1912 630
1913 630
1913 631
1914 631
1914 632
1915 632
1915 633
1916 633
1916 634
1917 634
1917 635
1918 635
1918 636
1919 636
1919 640
1920 640
1920 642
1921 642
1921 644
1922 644
1922 645
1923 645
1923 646
1924 646
1924 647
1926 647
1926 648
1928 648
1928 649
1930 649
1930 650
1932 650
1932 651
1935 651
1935 652
1936 652
1936 653
1938 653
1938 654
1939 654
1939 655
1942 655
1942 656
1955 656
1955 657
1960 657
1960 658
1962 658
1962 659
1964 659
1964 660
1974 660
1974 659
1983 659
1983 660
1990 660
1990 661
1993 661
1993 662
1995 662
1995 663
1997 663
1997 664
1998 664
1998 665
1999 665
1999 666
2001 666
2001 667
2003 667
2003 668
2008 668
2008 669
2012 669
2012 670
2013 670
2013 675
2014 675
2014 681
2015 681
2015 684
2016 684
2016 686
2017 686
2017 689
2018 689
2018 692
2019 692
2019 693
2020 693
2020 694
2023 694
2023 695
2024 695
2024 697
2025 697
2025 698
2026 698
2026 699
2027 699
2027 700
2028 700
2028 701
2029 701
2029 703
2030 703
2030 704
2032 704
2032 705
2033 705
2033 706
2037 706
2037 707
2039 707
2039 708
2045 708
2045 709
2046 709
2046 710
2047 710
2047 711
2048 711
2048 713
2049 713
2049 714
2050 714
2050 723
2051 723
2051 731
2052 731
2052 733
2053 733
2053 734
2054 734
2054 735
2055 735
2055 736
2061 736
2061 737
2064 737
2064 738
2066 738
2066 739
2068 739
2068 740
2071 740
2071 741
2074 741
2074 742
2078 742
2078 743
2083 743
2083 744
2099 744
2099 743
2106 743
2106 742
2115 742
2115 741
2119 741
2119 740
2123 740
2123 739
2130 739
2130 738
2131 738
2131 737
2133 737
2133 736
2134 736
2134 735
2135 735
2135 733
2136 733
2136 732
2140 732
2140 731
2141 731
2141 730
2142 730
2142 729
2143 729
2143 728
2144 728
2144 725
2145 725
2145 723
2146 723
2146 721
2145 721
2145 719
2144 719
2144 718
2143 718
2143 712
2144 712
2144 711
2145 711
2145 710
2153 710
2153 709
2154 709
2154 708
2156 708
2156 707
2159 707
2159 708
2160 708
2160 709
2162 709
2162 710
2163 710
2163 711
2164 711
2164 717
2165 717
2165 720
2166 720
2166 721
2167 721
2167 723
2168 723
2168 724
2169 724
2169 725
2171 725
2171 726
2174 726
2174 727
2177 727
2177 728
2179 728
2179 729
2181 729
2181 730
2182 730
2182 731
2186 731
2186 732
2193 732
2193 733
2195 733
2195 732
2207 732
2207 731
2210 731
2210 730
2211 730
2211 731
2219 731
2219 730
2230 730
2230 729
2235 729
2235 728
2236 728
2236 729
2237 729
2237 733
2238 733
2238 735
2240 735
2240 736
2241 736
2241 737
2242 737
2242 738
2243 738
2243 739
2244 739
2244 740
2251 740
2251 739
2258 739
2258 738
2262 738
2262 737
2263 737
2263 735
2264 735
2264 734
2265 734
2265 733
2266 733
2266 732
2267 732
2267 731
2271 731
2271 730
2274 730
2274 729
2279 729
2279 728
2285 728
2285 727
2291 727
2291 726
2296 726
2296 725
2298 725
2298 724
2299 724
2299 723
2315 723
2315 722
2319 722
2319 721
2321 721
2321 719
2322 719
2322 718
2324 718
2324 717
2328 717
2328 716
2331 716
2331 715
2332 715
2332 714
2335 714
2335 713
2340 713
2340 712
2342 712
2342 711
2343 711
2343 710
2344 710
2344 709
2345 709
2345 708
2346 708
2346 707
2347 707
2347 706
2348 706
2348 705
2349 705
2349 703
2350 703
2350 702
2355 702
2355 703
2356 703
2356 704
2357 704
2357 705
2358 705
2358 706
2359 706
2359 708
2360 708
2360 709
2361 709
2361 710
2363 710
2363 711
2365 711
2365 712
2367 712
2367 713
2368 713
2368 714
2369 714
2369 715
2370 715
2370 716
2371 716
2371 718
2372 718
2372 720
2373 720
2373 722
2374 722
2374 723
2375 723
2375 724
2376 724
2376 725
2377 725
2377 726
2378 726
2378 727
2380 727
2380 728
2381 728
2381 729
2384 729
2384 730
2387 730
2387 729
2393 729
2393 730
2396 730
2396 731
2406 731
2406 732
2412 732
2412 731
2413 731
2413 730
2420 730
2420 729
2423 729
2423 728
2428 728
2428 727
2433 727
2433 726
2435 726
2435 725
2449 725
2449 724
2450 724
2450 723
2451 723
2451 722
2453 722
2453 721
2457 721
2457 722
2458 722
2458 721
2462 721
2462 720
2468 720
2468 719
2472 719
2472 718
2473 718
2473 717
2474 717
2474 716
2477 716
2477 715
2485 715
2485 714
2486 714
2486 713
2487 713
2487 712
2488 712
2488 711
2489 711
2489 710
2490 710
2490 709
2492 709
2492 708
2494 708
2494 707
2506 707
2506 706
2514 706
2514 705
2517 705
2517 704
2520 704
2520 703
2523 703
2523 704
2525 704
2525 705
2526 705
2526 706
2528 706
2528 707
2530 707
2530 708
2532 708
2532 709
2538 709
2538 710
2539 710
2539 711
2541 711
2541 712
2544 712
2544 713
2548 713
2548 712
2553 712
2553 713
2555 713
2555 714
2565 714
2565 713
2567 713
2567 712
2569 712
2569 711
2570 711
2570 709
2571 709
2571 708
2572 708
2572 707
2573 707
2573 705
2574 705
2574 702
2575 702
2575 701
2576 701
2576 700
2577 700
2577 699
2579 699
2579 698
2581 698
2581 697
2582 697
2582 695
2583 695
2583 692
2584 692
2584 684
2583 684
2583 679
2582 679
2582 677
2583 677
2583 676
2591 676
2591 673
2592 673
2592 672
2593 672
2593 670
2594 670
2594 666
2595 666
2595 663
2596 663
2596 662
2602 662
2602 661
2603 661
2603 660
2606 660
2606 659
2608 659
2608 658
2609 658
2609 657
2611 657
2611 656
2616 656
2616 657
2619 657
2619 658
2623 658
2623 659
2630 659
2630 658
2636 658
2636 657
2637 657
2637 656
2638 656
2638 655
2639 655
2639 654
2640 654
2640 653
2642 653
2642 652
2646 652
2646 651
2649 651
2649 650
2650 650
2650 647
2651 647
2651 644
2652 644
2652 643
2653 643
2653 642
2654 642
2654 641
2661 641
2661 640
2662 640
2662 639
2663 639
2663 636
2664 636
2664 635
2663 635
2663 626
2672 626
2672 627
2673 627
2673 626
2676 626
2676 627
2681 627
2681 626
2684 626
2684 625
2686 625
2686 624
2695 624
2695 623
2696 623
2696 622
2697 622
2697 621
2698 621
2698 620
2699 620
2699 619
2707 619
2707 618
2708 618
2708 617
2709 617
2709 615
2710 615
2710 614
2711 614
2711 613
2712 613
2712 612
2714 612
2714 611
2715 611
2715 609
2716 609
2716 606
2717 606
2717 605
2719 605
2719 604
2720 604
2720 603
2721 603
2721 602
2722 602
2722 601
2724 601
2724 600
2725 600
2725 599
2726 599
2726 598
2727 598
2727 597
2728 597
2728 596
2730 596
2730 595
2731 595
2731 594
2732 594
2732 592
2733 592
2733 589
2734 589
2734 587
2735 587
2735 586
2738 586
2738 585
2741 585
2741 584
2742 584
2742 583
2744 583
2744 582
2747 582
2747 581
2748 581
2748 580
2749 580
2749 579
2750 579
2750 578
2751 578
2751 577
2753 577
2753 576
2754 576
2754 574
2755 574
2755 550
2756 550
2756 549
2757 549
2757 548
2769 548
2769 549
2772 549
2772 550
2779 550
2779 549
2786 549
2786 548
2790 548
2790 546
2791 546
2791 539
2790 539
2790 535
2793 535
2793 534
2798 534
2798 535
2802 535
2802 536
2803 536
2803 537
2805 537
2805 538
2810 538
2810 539
2812 539
2812 538
2815 538
2815 539
2820 539
2820 538
2822 538
2822 537
2824 537
2824 536
2825 536
2825 535
2827 535
2827 534
2835 534
2835 533
2836 533
2836 532
2837 532
2837 531
2838 531
2838 530
2841 530
2841 531
2847 531
2847 530
2851 530
2851 529
2859 529
2859 527
2860 527
2860 520
2861 520
2861 515
2862 515
2862 514
2863 514
2863 513
2864 513
2864 512
2866 512
2866 511
2867 511
2867 510
2869 510
2869 509
2870 509
2870 508
2871 508
2871 506
2872 506
2872 496
2873 496
2873 495
2875 495
2875 494
2876 494
2876 493
2877 493
2877 492
2879 492
2879 491
2880 491
2880 490
2881 490
2881 489
2882 489
2882 488
2883 488
2883 476
2884 476
2884 474
2883 474
2883 473
2884 473
2884 471
2885 471
2885 470
2887 470
2887 469
2888 469
2888 468
2890 468
2890 467
2891 467
2891 466
2892 466
2892 465
2893 465
2893 464
2894 464
2894 462
2895 462
2895 457
2896 457
2896 456
2897 456
2897 455
2898 455
2898 454
2899 454
2899 453
2902 453
2902 452
2904 452
2904 451
2905 451
2905 450
2906 450
2906 432
2907 432
2907 430
2908 430
2908 429
2909 429
2909 428
2915 428
2915 427
2917 427
2917 426
2923 426
2923 425
2925 425
2925 424
2928 424
2928 423
2932 423
2932 422
2935 422
2935 421
2938 421
2938 420
2943 420
2943 421
2960 421
2960 420
2961 420
2961 393
2962 393
2962 392
2963 392
2963 391
2971 391
2971 389
2972 389
2972 386
2973 386
2973 384
2974 384
2974 381
2975 381
2975 378
2976 378
2976 377
2981 377
2981 376
2983 376
2983 375
2984 375
2984 374
2986 374
2986 373
2987 373
2987 372
2988 372
2988 371
2989 371
2989 370
2990 370
2990 369
2991 369
2991 368
2992 368
2992 367
2993 367
2993 366
2994 366
2994 365
2995 365
2995 364
2996 364
2996 362
2997 362
2997 361
2998 361
2998 360
2999 360
2999 351
3003 351
3003 350
3005 350
3005 349
3006 349
3006 348
3008 348
3008 347
3010 347
3010 346
3011 346
3011 337
3012 337
3012 336
3014 336
3014 335
3015 335
3015 334
3016 334
3016 333
3018 333
3018 332
3021 332
3021 331
3025 331
3025 330
3028 330
3028 329
3029 329
3029 327
3031 327
3031 326
3034 326
3034 325
3035 325
3035 324
3036 324
3036 323
3037 323
3037 322
3038 322
3038 321
3039 321
3039 319
3040 319
3040 318
3043 318
3043 319
3040 319
3040 321
3039 321
3039 322
3038 322
3038 323
3037 323
3037 324
3036 324
3036 325
3035 325
3035 326
3034 326
3034 327
3031 327
3031 328
3030 328
3030 329
3029 329
3029 330
3028 330
3028 331
3025 331
3025 332
3021 332
3021 333
3018 333
3018 334
3016 334
3016 335
3015 335
3015 336
3014 336
3014 337
3012 337
3012 347
3010 347
3010 348
3008 348
3008 349
3006 349
3006 350
3005 350
3005 351
3003 351
3003 352
3000 352
3000 360
2999 360
2999 361
2998 361
2998 362
2997 362
2997 364
2996 364
2996 365
2995 365
2995 366
2994 366
2994 367
2993 367
2993 368
2992 368
2992 369
2991 369
2991 370
2990 370
2990 371
2989 371
2989 372
2988 372
2988 373
2987 373
2987 374
2986 374
2986 375
2984 375
2984 376
2983 376
2983 377
2981 377
2981 378
2976 378
2976 381
2975 381
2975 384
2974 384
2974 386
2973 386
2973 389
2972 389
2972 391
2971 391
2971 392
2963 392
2963 393
2962 393
2962 420
2961 420
2961 421
2960 421
2960 422
2943 422
2943 421
2938 421
2938 422
2935 422
2935 423
2932 423
2932 424
2928 424
2928 425
2925 425
2925 426
2923 426
2923 427
2917 427
2917 428
2915 428
2915 429
2909 429
2909 430
2908 430
2908 432
2907 432
2907 450
2906 450
2906 451
2905 451
2905 452
2904 452
2904 453
2902 453
2902 454
2899 454
2899 455
2898 455
2898 456
2897 456
2897 457
2896 457
2896 462
2895 462
2895 464
2894 464
2894 465
2893 465
2893 466
2892 466
2892 467
2891 467
2891 468
2890 468
2890 469
2888 469
2888 470
2887 470
2887 471
2885 471
2885 473
2884 473
2884 474
2885 474
2885 476
2884 476
2884 488
2883 488
2883 489
2882 489
2882 490
2881 490
2881 491
2880 491
2880 492
2879 492
2879 493
2877 493
2877 494
2876 494
2876 495
2875 495
2875 496
2873 496
2873 506
2872 506
2872 508
2871 508
2871 509
2870 509
2870 510
2869 510
2869 511
2867 511
