2898 899
2893 899
2893 901
2892 901
2892 902
2891 902
2891 903
2890 903
2890 904
2886 904
2886 905
2885 905
2885 904
2873 904
2873 905
2862 905
2862 906
2860 906
2860 907
2858 907
2858 911
2855 911
2855 912
2851 912
2851 913
2850 913
2850 915
2849 915
2849 916
2848 916
2848 917
2847 917
2847 918
2844 918
2844 919
2843 919
2843 920
2841 920
2841 921
2839 921
2839 922
2838 922
2838 923
2837 923
2837 924
2834 924
2834 926
2833 926
2833 927
2831 927
2831 928
2827 928
2827 929
2823 929
2823 931
2821 931
2821 932
2820 932
2820 933
2819 933
2819 934
2818 934
2818 935
2813 935
2813 936
2811 936
2811 937
2810 937
2810 939
2809 939
2809 940
2808 940
2808 941
2807 941
2807 943
2806 943
2806 948
2805 948
2805 951
2804 951
2804 953
2805 953
2805 959
2804 959
2804 961
2803 961
2803 966
2802 966
2802 973
2801 973
2801 974
2800 974
2800 975
2796 975
2796 977
2793 977
2793 978
2792 978
2792 981
2791 981
2791 982
2790 982
2790 985
2789 985
2789 995
2786 995
2786 996
2785 996
2785 999
2784 999
2784 1000
2783 1000
2783 1001
2782 1001
2782 1002
2780 1002
2780 1003
2779 1003
2779 1004
2778 1004
2778 1005
2777 1005
2777 1007
2776 1007
2776 1008
2775 1008
2775 1012
2774 1012
2774 1019
2773 1019
2773 1021
2772 1021
2772 1025
2770 1025
2770 1028
2771 1028
2771 1031
2770 1031
2770 1035
2769 1035
2769 1037
2768 1037
2768 1038
2767 1038
2767 1039
2766 1039
2766 1041
2765 1041
2765 1042
2764 1042
2764 1044
2763 1044
2763 1046
2762 1046
2762 1047
2761 1047
2761 1048
2757 1048
2757 1049
2741 1049
2741 1050
2739 1050
2739 1051
2738 1051
2738 1052
2737 1052
2737 1053
2736 1053
2736 1054
2735 1054
2735 1055
2734 1055
2734 1056
2733 1056
2733 1057
2728 1057
2728 1058
2724 1058
2724 1059
2723 1059
2723 1060
2722 1060
2722 1061
2719 1061
2719 1060
2717 1060
2717 1061
2713 1061
2713 1062
2711 1062
2711 1063
2710 1063
2710 1064
2707 1064
2707 1065
2706 1065
2706 1066
2705 1066
2705 1067
2695 1067
2695 1066
2693 1066
2693 1065
2691 1065
2691 1064
2686 1064
2686 1063
2679 1063
2679 1064
2678 1064
2678 1065
2676 1065
2676 1066
2675 1066
2675 1067
2674 1067
2674 1068
2673 1068
2673 1069
2672 1069
2672 1070
2671 1070
2671 1071
2668 1071
2668 1070
2659 1070
2659 1071
2654 1071
2654 1072
2653 1072
2653 1073
2652 1073
2652 1074
2651 1074
2651 1075
2650 1075
2650 1077
2648 1077
2648 1078
2641 1078
2641 1077
2636 1077
2636 1078
2635 1078
2635 1079
2633 1079
2633 1080
2625 1080
2625 1079
2624 1079
2624 1080
2623 1080
2623 1081
2622 1081
2622 1083
2615 1083
2615 1082
2603 1082
2603 1083
2602 1083
2602 1084
2601 1084
2601 1085
2600 1085
2600 1089
2595 1089
2595 1088
2590 1088
2590 1087
2585 1087
2585 1088
2583 1088
2583 1087
2576 1087
2576 1086
2572 1086
2572 1085
2568 1085
2568 1084
2564 1084
2564 1083
2561 1083
2561 1082
2544 1082
2544 1083
2543 1083
2543 1085
2542 1085
2542 1087
2541 1087
2541 1088
2540 1088
2540 1089
2539 1089
2539 1091
2538 1091
2538 1092
2537 1092
2537 1093
2531 1093
2531 1094
2529 1094
2529 1095
2528 1095
2528 1096
2527 1096
2527 1097
2526 1097
2526 1099
2515 1099
2515 1098
2514 1098
2514 1099
2511 1099
2511 1098
2499 1098
2499 1096
2498 1096
2498 1095
2495 1095
2495 1096
2494 1096
2494 1097
2493 1097
2493 1098
2488 1098
2488 1099
2485 1099
2485 1100
2483 1100
2483 1101
2481 1101
2481 1102
2480 1102
2480 1103
2479 1103
2479 1104
2478 1104
2478 1105
2477 1105
2477 1106
2476 1106
2476 1108
2475 1108
2475 1110
2474 1110
2474 1111
2473 1111
2473 1112
2472 1112
2472 1115
2471 1115
2471 1118
2470 1118
2470 1120
2469 1120
2469 1122
2468 1122
2468 1123
2467 1123
2467 1124
2465 1124
2465 1125
2464 1125
2464 1127
2463 1127
2463 1128
2462 1128
2462 1129
2461 1129
2461 1130
2460 1130
2460 1131
2459 1131
2459 1132
2458 1132
2458 1135
2456 1135
2456 1136
2455 1136
2455 1137
2454 1137
2454 1138
2452 1138
2452 1139
2451 1139
2451 1140
2450 1140
2450 1141
2447 1141
2447 1142
2446 1142
2446 1143
2445 1143
2445 1144
2443 1144
2443 1145
2442 1145
2442 1146
2441 1146
2441 1147
2440 1147
2440 1149
2439 1149
2439 1150
2437 1150
2437 1151
2435 1151
2435 1152
2434 1152
2434 1153
2433 1153
2433 1155
2432 1155
2432 1156
2431 1156
2431 1157
2428 1157
2428 1159
2420 1159
2420 1158
2401 1158
2401 1159
2400 1159
2400 1160
2399 1160
2399 1161
2398 1161
2398 1163
2397 1163
2397 1164
2396 1164
2396 1165
2395 1165
2395 1166
2394 1166
2394 1167
2389 1167
2389 1168
2387 1168
2387 1167
2386 1167
2386 1166
2379 1166
2379 1167
2377 1167
2377 1168
2372 1168
2372 1169
2370 1169
2370 1170
2369 1170
2369 1171
2367 1171
2367 1172
2366 1172
2366 1173
2355 1173
2355 1172
2354 1172
2354 1173
2349 1173
2349 1172
2344 1172
2344 1171
2341 1171
2341 1170
2339 1170
2339 1169
2335 1169
2335 1168
2325 1168
2325 1167
2322 1167
2322 1166
2320 1166
2320 1165
2316 1165
2316 1166
2311 1166
2311 1165
2307 1165
2307 1164
2306 1164
2306 1163
2304 1163
2304 1162
2303 1162
2303 1161
2302 1161
2302 1160
2301 1160
2301 1158
2300 1158
2300 1157
2299 1157
2299 1156
2291 1156
2291 1159
2290 1159
2290 1161
2289 1161
2289 1162
2287 1162
2287 1163
2285 1163
2285 1164
2284 1164
2284 1165
2283 1165
2283 1166
2282 1166
2282 1167
2281 1167
2281 1168
2278 1168
2278 1169
2271 1169
2271 1170
2270 1170
2270 1171
2269 1171
2269 1172
2268 1172
2268 1173
2267 1173
2267 1174
2263 1174
2263 1173
2249 1173
2249 1174
2247 1174
2247 1175
2246 1175
2246 1176
2245 1176
2245 1177
2244 1177
2244 1178
2243 1178
2243 1179
2242 1179
2242 1180
2235 1180
2235 1179
2229 1179
2229 1178
2222 1178
2222 1179
2221 1179
2221 1180
2197 1180
2197 1181
2196 1181
2196 1182
2195 1182
2195 1184
2194 1184
2194 1186
2193 1186
2193 1188
2192 1188
2192 1189
2191 1189
2191 1191
2190 1191
2190 1193
2189 1193
2189 1197
2188 1197
2188 1202
2187 1202
2187 1204
2186 1204
2186 1209
2185 1209
2185 1211
2184 1211
2184 1213
2183 1213
2183 1215
2182 1215
2182 1216
2181 1216
2181 1217
2180 1217
2180 1218
2179 1218
2179 1219
2178 1219
2178 1220
2172 1220
2172 1219
2170 1219
2170 1218
2167 1218
2167 1217
2165 1217
2165 1216
2160 1216
2160 1215
2158 1215
2158 1214
2154 1214
2154 1213
2153 1213
2153 1212
2152 1212
2152 1211
2150 1211
2150 1210
2148 1210
2148 1209
2145 1209
2145 1208
2136 1208
2136 1207
2132 1207
2132 1206
2130 1206
2130 1205
2126 1205
2126 1204
2118 1204
2118 1203
2113 1203
2113 1204
2109 1204
2109 1205
2099 1205
2099 1204
2093 1204
2093 1203
2085 1203
2085 1204
2083 1204
2083 1205
2081 1205
2081 1206
2072 1206
2072 1207
2066 1207
2066 1208
2062 1208
2062 1207
2058 1207
2058 1208
2054 1208
2054 1209
2050 1209
2050 1208
2044 1208
2044 1209
2041 1209
2041 1210
2039 1210
2039 1211
2036 1211
2036 1212
2035 1212
2035 1213
2034 1213
2034 1214
2033 1214
2033 1215
2031 1215
2031 1216
2029 1216
2029 1217
2021 1217
2021 1216
2014 1216
2014 1217
2010 1217
2010 1218
1997 1218
1997 1217
1985 1217
1985 1216
1982 1216
1982 1217
1976 1217
1976 1218
1965 1218
1965 1219
1957 1219
1957 1218
1955 1218
1955 1217
1952 1217
1952 1216
1950 1216
1950 1215
1941 1215
1941 1214
1938 1214
1938 1213
1937 1213
1937 1212
1933 1212
1933 1211
1931 1211
1931 1210
1930 1210
1930 1209
1929 1209
1929 1208
1927 1208
1927 1207
1926 1207
1926 1201
1922 1201
1922 1200
1908 1200
1908 1201
1905 1201
1905 1202
1901 1202
1901 1201
1897 1201
1897 1200
1889 1200
1889 1201
1885 1201
1885 1202
1882 1202
1882 1203
1872 1203
1872 1204
1871 1204
1871 1203
1864 1203
1864 1204
1862 1204
1862 1205
1861 1205
1861 1206
1855 1206
1855 1207
1849 1207
1849 1206
1848 1206
1848 1205
1847 1205
1847 1204
1840 1204
1840 1203
1823 1203
1823 1202
1800 1202
1800 1203
1796 1203
1796 1202
1768 1202
1768 1201
1761 1201
1761 1202
1757 1202
1757 1201
1752 1201
1752 1200
1750 1200
1750 1199
1746 1199
1746 1200
1742 1200
1742 1201
1741 1201
1741 1202
1737 1202
1737 1203
1735 1203
1735 1204
1734 1204
1734 1205
1733 1205
1733 1206
1728 1206
1728 1207
1720 1207
1720 1208
1713 1208
1713 1209
1712 1209
1712 1210
1710 1210
1710 1211
1709 1211
1709 1212
1708 1212
1708 1213
1707 1213
1707 1214
1701 1214
1701 1215
1698 1215
1698 1216
1696 1216
1696 1217
1693 1217
1693 1218
1683 1218
1683 1217
1680 1217
1680 1216
1671 1216
1671 1215
1668 1215
1668 1216
1665 1216
1665 1217
1661 1217
1661 1218
1656 1218
1656 1219
1644 1219
1644 1218
1641 1218
1641 1217
1639 1217
1639 1216
1636 1216
1636 1215
1633 1215
1633 1214
1630 1214
1630 1213
1627 1213
1627 1212
1626 1212
1626 1211
1625 1211
1625 1210
1624 1210
1624 1209
1623 1209
1623 1207
1622 1207
1622 1206
1620 1206
1620 1205
1615 1205
1615 1204
1605 1204
1605 1203
1603 1203
1603 1202
1602 1202
1602 1201
1595 1201
1595 1202
1589 1202
1589 1203
1577 1203
1577 1202
1568 1202
1568 1201
1566 1201
1566 1200
1563 1200
1563 1199
1559 1199
1559 1198
1557 1198
1557 1197
1555 1197
1555 1196
1553 1196
1553 1195
1552 1195
1552 1194
1550 1194
1550 1193
1549 1193
1549 1192
1547 1192
1547 1191
1544 1191
1544 1190
1542 1190
1542 1189
1539 1189
1539 1188
1536 1188
1536 1187
1535 1187
1535 1186
1532 1186
1532 1185
1528 1185
1528 1184
1526 1184
1526 1183
1524 1183
1524 1182
1522 1182
1522 1181
1519 1181
1519 1180
1517 1180
1517 1179
1515 1179
1515 1178
1513 1178
1513 1177
1511 1177
1511 1176
1497 1176
1497 1175
1492 1175
1492 1176
1490 1176
1490 1177
1486 1177
1486 1178
1485 1178
1485 1179
1482 1179
1482 1180
1480 1180
1480 1181
1472 1181
1472 1182
1467 1182
1467 1183
1466 1183
1466 1182
1458 1182
1458 1181
1451 1181
1451 1180
1450 1180
1450 1179
1449 1179
1449 1178
1447 1178
1447 1173
1446 1173
1446 1171
1445 1171
1445 1170
1444 1170
1444 1169
1442 1169
1442 1168
1432 1168
1432 1167
1430 1167
1430 1166
1427 1166
1427 1165
1426 1165
1426 1164
1424 1164
1424 1163
1423 1163
1423 1164
1415 1164
1415 1163
1410 1163
1410 1162
1409 1162
1409 1161
1407 1161
1407 1160
1406 1160
1406 1159
1405 1159
1405 1158
1404 1158
1404 1157
1403 1157
1403 1156
1400 1156
1400 1155
1399 1155
1399 1154
1397 1154
1397 1153
1396 1153
1396 1152
1395 1152
1395 1151
1393 1151
1393 1150
1392 1150
1392 1149
1391 1149
1391 1148
1390 1148
1390 1147
1389 1147
1389 1146
1387 1146
1387 1145
1386 1145
1386 1144
1383 1144
1383 1143
1382 1143
1382 1142
1380 1142
1380 1141
1379 1141
1379 1139
1378 1139
1378 1138
1377 1138
1377 1139
1374 1139
1374 1138
1373 1138
1373 1136
1372 1136
1372 1135
1371 1135
1371 1136
1364 1136
1364 1137
1359 1137
1359 1136
1356 1136
1356 1132
1355 1132
1355 1131
1353 1131
1353 1130
1352 1130
1352 1128
1351 1128
1351 1126
1350 1126
1350 1125
1349 1125
1349 1124
1348 1124
1348 1123
1347 1123
1347 1122
1345 1122
1345 1121
1343 1121
1343 1120
1342 1120
1342 1119
1340 1119
1340 1118
1337 1118
1337 1117
1336 1117
1336 1116
1334 1116
1334 1115
1333 1115
1333 1114
1332 1114
1332 1112
1331 1112
1331 1111
1330 1111
1330 1109
1329 1109
1329 1108
1328 1108
1328 1105
1327 1105
1327 1102
1326 1102
1326 1091
1327 1091
1327 1085
1326 1085
1326 1079
1325 1079
1325 1077
1324 1077
1324 1076
1322 1076
1322 1075
1320 1075
1320 1074
1318 1074
1318 1073
1312 1073
1312 1072
1307 1072
1307 1071
1294 1071
1294 1070
1292 1070
1292 1069
1281 1069
1281 1070
1277 1070
1277 1069
1276 1069
1276 1068
1273 1068
1273 1067
1271 1067
1271 1066
1267 1066
1267 1065
1266 1065
1266 1064
1264 1064
1264 1063
1258 1063
1258 1062
1252 1062
1252 1061
1249 1061
1249 1060
1241 1060
1241 1059
1236 1059
1236 1058
1232 1058
1232 1057
1230 1057
1230 1056
1229 1056
1229 1055
1228 1055
1228 1052
1227 1052
1227 1050
1226 1050
1226 1049
1225 1049
1225 1048
1224 1048
1224 1046
1223 1046
1223 1044
1222 1044
1222 1043
1221 1043
1221 1042
1220 1042
1220 1041
1219 1041
1219 1039
1218 1039
1218 1037
1217 1037
1217 1036
1216 1036
1216 1033
1214 1033
1214 1032
1213 1032
1213 1031
1212 1031
1212 1029
1211 1029
1211 1027
1207 1027
1207 1026
1205 1026
1205 1025
1203 1025
1203 1024
1202 1024
1202 1023
1200 1023
1200 1022
1198 1022
1198 1021
1193 1021
1193 1020
1186 1020
1186 1019
1185 1019
1185 1018
1177 1018
1177 1017
1176 1017
1176 1016
1175 1016
1175 1013
1174 1013
1174 1012
1173 1012
1173 1011
1172 1011
1172 1006
1171 1006
1171 1005
1168 1005
1168 1004
1167 1004
1167 1003
1164 1003
1164 1001
1163 1001
1163 999
1162 999
1162 996
1161 996
1161 995
1160 995
1160 993
1159 993
1159 987
1158 987
1158 983
1157 983
1157 982
1156 982
1156 981
1153 981
1153 978
1152 978
1152 976
1151 976
1151 975
1150 975
1150 974
1148 974
1148 963
1147 963
1147 956
1146 956
1146 955
1145 955
1145 954
1142 954
1142 953
1141 953
1141 952
1140 952
1140 950
1139 950
1139 949
1138 949
1138 947
1137 947
1137 946
1134 946
1134 945
1128 945
1128 944
1127 944
1127 943
1126 943
1126 942
1125 942
1125 941
1124 941
1124 940
1120 940
1120 941
1117 941
1117 940
1116 940
1116 939
1115 939
1115 938
1114 938
1114 937
1113 937
1113 936
1110 936
1110 935
1107 935
1107 934
1102 934
1102 933
1101 933
1101 932
1100 932
1100 931
1098 931
1098 930
1096 930
1096 929
1091 929
1091 928
1090 928
1090 926
1089 926
1089 925
1088 925
1088 924
1087 924
1087 922
1086 922
1086 921
1080 921
1080 920
1079 920
1079 919
1078 919
1078 917
1077 917
1077 916
1076 916
1076 914
1075 914
1075 913
1074 913
1074 912
1073 912
1073 911
1072 911
1072 910
1071 910
1071 909
1068 909
1068 908
1067 908
1067 907
1066 907
1066 904
1064 904
1064 903
1063 903
1063 902
1062 902
1062 901
1059 901
1059 900
1058 900
1058 899
1057 899
1057 898
1055 898
1055 897
1054 897
1054 896
1053 896
1053 895
1052 895
1052 894
1051 894
1051 893
1050 893
1050 892
1049 892
1049 891
1048 891
1048 890
1047 890
1047 888
1046 888
1046 887
1044 887
1044 886
1042 886
1042 885
1041 885
1041 884
1040 884
1040 883
1039 883
1039 882
1038 882
1038 880
1037 880
1037 877
1036 877
1036 876
1035 876
1035 874
1034 874
1034 872
1033 872
1033 871
1031 871
1031 869
1030 869
1030 868
1029 868
1029 867
1027 867
1027 863
1026 863
1026 862
1025 862
1025 861
1024 861
1024 859
1023 859
1023 855
1022 855
1022 854
1021 854
1021 853
1019 853
1019 848
1018 848
1018 846
1017 846
1017 845
1016 845
1016 844
1014 844
1014 843
1013 843
1013 841
1012 841
1012 840
1010 840
1010 839
1006 839
1006 838
1004 838
1004 837
1002 837
1002 836
1001 836
1001 834
1000 834
1000 833
999 833
999 832
998 832
998 831
997 831
997 830
994 830
994 829
992 829
992 828
989 828
989 827
985 827
985 826
983 826
983 825
982 825
982 824
981 824
981 823
979 823
979 822
978 822
978 821
976 821
976 817
975 817
975 806
976 806
976 805
975 805
975 797
974 797
974 796
973 796
973 794
972 794
972 793
970 793
970 792
969 792
969 791
968 791
968 789
967 789
967 788
966 788
966 787
965 787
965 786
964 786
964 785
963 785
963 784
962 784
962 783
961 783
961 782
960 782
960 781
959 781
959 780
958 780
958 779
957 779
957 778
956 778
956 777
955 777
955 774
954 774
954 770
953 770
953 769
952 769
952 767
951 767
951 766
950 766
950 765
948 765
948 764
947 764
947 763
946 763
946 762
945 762
945 761
942 761
942 760
940 760
940 759
938 759
938 758
937 758
937 756
936 756
936 755
934 755
934 753
933 753
933 751
932 751
932 748
931 748
931 745
930 745
930 744
929 744
929 743
928 743
928 742
926 742
926 741
925 741
925 739
924 739
924 737
923 737
923 736
922 736
922 733
921 733
921 722
920 722
920 721
919 721
919 720
918 720
918 719
911 719
911 718
908 718
908 717
905 717
905 716
904 716
904 715
903 715
903 712
902 712
902 711
901 711
901 709
900 709
900 701
899 701
899 697
898 697
898 696
897 696
897 695
896 695
896 694
895 694
895 693
894 693
894 692
893 692
893 691
892 691
892 689
891 689
891 688
890 688
890 686
889 686
889 683
888 683
888 682
887 682
887 681
886 681
886 678
884 678
884 677
883 677
883 676
882 676
882 675
881 675
881 673
880 673
880 672
879 672
879 656
878 656
878 655
877 655
877 654
876 654
876 653
875 653
875 652
874 652
874 651
873 651
873 650
872 650
872 648
871 648
871 646
870 646
870 644
869 644
869 628
868 628
868 627
867 627
867 626
866 626
866 625
864 625
864 624
863 624
863 623
862 623
862 620
861 620
861 619
860 619
860 615
859 615
859 607
858 607
858 606
855 606
855 605
854 605
854 604
853 604
853 603
852 603
852 602
851 602
851 601
849 601
849 600
847 600
847 599
844 599
844 598
843 598
843 597
842 597
842 596
841 596
841 595
840 595
840 594
839 594
839 591
838 591
838 589
837 589
837 580
838 580
838 566
837 566
837 565
836 565
836 564
833 564
833 563
832 563
832 562
830 562
830 561
828 561
828 560
827 560
827 559
826 559
826 558
825 558
825 557
822 557
822 556
821 556
821 553
820 553
820 552
819 552
819 551
818 551
818 549
817 549
817 543
818 543
818 541
817 541
817 537
816 537
816 536
815 536
815 535
814 535
814 534
813 534
813 533
812 533
812 532
811 532
811 531
810 531
810 530
809 530
809 529
808 529
808 528
805 528
805 529
808 529
808 530
809 530
809 531
810 531
810 532
811 532
811 533
812 533
812 534
813 534
813 535
814 535
814 536
815 536
815 537
816 537
816 541
817 541
817 543
816 543
816 549
817 549
817 551
818 551
818 552
819 552
819 553
820 553
820 557
822 557
822 558
825 558
825 559
826 559
826 560
827 560
827 561
828 561
828 562
830 562
830 563
832 563
832 565
836 565
836 566
837 566
837 580
836 580
836 589
837 589
837 591
838 591
838 594
839 594
839 595
840 595
840 596
841 596
841 597
842 597
842 598
843 598
843 599
844 599
844 600
847 600
847 601
849 601
849 602
851 602
851 603
852 603
852 604
853 604
853 605
854 605
854 606
855 606
855 607
858 607
858 615
859 615
859 619
860 619
860 620
861 620
861 623
862 623
862 624
863 624
863 625
864 625
864 626
866 626
866 627
867 627
867 628
868 628
868 644
869 644
869 646
870 646
870 648
871 648
871 650
872 650
872 651
873 651
873 652
874 652
874 653
875 653
875 654
876 654
876 655
877 655
877 656
878 656
878 672
879 672
879 673
880 673
880 675
881 675
881 676
882 676
882 677
883 677
883 678
884 678
884 679
885 679
885 681
886 681
886 682
887 682
887 683
888 683
888 686
889 686
889 688
890 688
890 689
891 689
891 691
892 691
892 692
893 692
893 693
894 693
894 694
895 694
895 695
896 695
896 696
897 696
897 697
898 697
898 701
899 701
899 709
900 709
900 711
901 711
901 712
902 712
902 715
903 715
903 716
904 716
904 717
905 717
905 718
908 718
908 719
911 719
911 720
918 720
918 721
919 721
919 722
920 722
920 733
921 733
921 736
922 736
922 737
923 737
923 739
924 739
924 741
925 741
925 742
926 742
926 743
928 743
928 744
929 744
929 745
930 745
930 748
931 748
931 751
932 751
932 753
933 753
933 755
934 755
934 756
936 756
936 758
937 758
937 759
938 759
938 760
940 760
940 761
942 761
942 762
945 762
945 763
946 763
946 764
947 764
947 765
948 765
948 766
950 766
950 767
951 767
951 769
952 769
952 770
953 770
953 774
954 774
954 777
955 777
955 778
956 778
956 779
957 779
957 780
958 780
958 781
959 781
959 782
960 782
960 783
961 783
961 784
962 784
962 785
963 785
963 786
964 786
964 787
965 787
965 788
966 788
966 789
967 789
967 791
968 791
968 792
969 792
969 793
970 793
970 794
972 794
972 796
973 796
973 797
974 797
974 805
975 805
975 806
974 806
974 817
975 817
975 821
976 821
976 822
978 822
978 823
979 823
979 824
981 824
981 825
982 825
982 826
983 826
983 827
985 827
985 828
989 828
989 829
992 829
992 830
994 830
994 831
997 831
997 832
998 832
998 833
999 833
999 834
1000 834
1000 836
1001 836
1001 837
1002 837
1002 838
1004 838
1004 839
1006 839
1006 840
1010 840
1010 841
1012 841
1012 843
1013 843
1013 844
1014 844
1014 845
1016 845
1016 846
1017 846
1017 848
1018 848
1018 853
1019 853
1019 854
1021 854
1021 855
1022 855
1022 859
1023 859
1023 861
1024 861
1024 862
1025 862
1025 863
1026 863
1026 867
1027 867
1027 868
1029 868
1029 869
1030 869
1030 871
1031 871
1031 872
1033 872
1033 874
1034 874
1034 876
1035 876
1035 877
1036 877
1036 880
1037 880
1037 882
1038 882
1038 883
1039 883
1039 884
1040 884
1040 885
1041 885
1041 886
1042 886
1042 887
1044 887
1044 888
1046 888
1046 890
1047 890
1047 891
1048 891
1048 892
1049 892
1049 893
1050 893
1050 894
1051 894
1051 895
1052 895
1052 896
1053 896
1053 897
1054 897
1054 898
1055 898
1055 899
1057 899
1057 900
1058 900
1058 901
1059 901
1059 902
1062 902
1062 903
1063 903
1063 904
1064 904
1064 905
1065 905
1065 907
1066 907
1066 909
1068 909
1068 910
1071 910
1071 911
1072 911
1072 912
1073 912
1073 913
1074 913
1074 914
1075 914
1075 916
1076 916
1076 917
1077 917
1077 919
1078 919
1078 920
1079 920
1079 921
1080 921
1080 922
1086 922
1086 924
1087 924
1087 925
1088 925
1088 926
1089 926
1089 928
1090 928
1090 929
1091 929
1091 930
1096 930
1096 931
1098 931
1098 932
1100 932
1100 933
1101 933
1101 935
1107 935
1107 936
1110 936
1110 937
1113 937
1113 938
1114 938
1114 939
1115 939
1115 940
1116 940
1116 941
1117 941
1117 942
1120 942
1120 941
1124 941
1124 942
1125 942
1125 943
1126 943
1126 944
1127 944
1127 945
1128 945
1128 946
1134 946
1134 947
1137 947
1137 949
1138 949
1138 950
1139 950
1139 952
1140 952
1140 953
1141 953
1141 954
1142 954
1142 955
1145 955
1145 956
1146 956
1146 963
1147 963
1147 974
1148 974
1148 975
1150 975
1150 976
1151 976
1151 978
1152 978
1152 981
1153 981
1153 982
1156 982
1156 983
1157 983
1157 987
1158 987
1158 993
1159 993
1159 995
1160 995
1160 996
1161 996
1161 999
1162 999
1162 1001
1163 1001
1163 1003
1164 1003
1164 1004
1167 1004
1167 1005
1168 1005
1168 1006
1171 1006
1171 1011
1172 1011
1172 1012
1173 1012
1173 1013
1174 1013
1174 1016
1175 1016
1175 1017
1176 1017
1176 1018
1177 1018
1177 1019
1185 1019
1185 1020
1186 1020
1186 1021
1193 1021
1193 1022
1198 1022
1198 1023
1200 1023
1200 1024
1202 1024
1202 1025
1203 1025
1203 1026
1205 1026
1205 1027
1207 1027
1207 1028
1210 1028
1210 1029
1211 1029
1211 1031
1212 1031
1212 1032
1213 1032
1213 1033
1214 1033
1214 1034
1215 1034
1215 1036
1216 1036
1216 1037
1217 1037
1217 1039
1218 1039
1218 1041
1219 1041
1219 1042
1220 1042
1220 1043
1221 1043
1221 1044
1222 1044
1222 1046
1223 1046
1223 1048
1224 1048
1224 1049
1225 1049
1225 1050
1226 1050
1226 1052
1227 1052
1227 1055
1228 1055
1228 1056
1229 1056
1229 1057
1230 1057
1230 1058
1232 1058
1232 1059
1236 1059
1236 1060
1241 1060
1241 1061
1249 1061
1249 1062
1252 1062
1252 1063
1258 1063
1258 1064
1264 1064
1264 1065
1266 1065
1266 1066
1267 1066
1267 1067
1271 1067
1271 1068
1273 1068
1273 1069
1276 1069
1276 1070
1277 1070
1277 1071
1281 1071
1281 1070
1292 1070
1292 1071
1294 1071
1294 1072
1307 1072
1307 1073
1312 1073
1312 1074
1318 1074
1318 1075
1320 1075
1320 1076
1322 1076
1322 1077
1324 1077
1324 1079
1325 1079
1325 1085
1326 1085
1326 1091
1325 1091
1325 1102
1326 1102
1326 1105
1327 1105
1327 1108
1328 1108
1328 1109
1329 1109
1329 1111
1330 1111
1330 1112
1331 1112
1331 1114
1332 1114
1332 1115
1333 1115
1333 1116
1334 1116
1334 1117
1336 1117
1336 1118
1337 1118
1337 1119
1340 1119
1340 1120
1342 1120
1342 1121
1343 1121
1343 1122
1345 1122
1345 1123
1347 1123
1347 1124
1348 1124
1348 1125
1349 1125
1349 1126
1350 1126
1350 1128
1351 1128
1351 1130
1352 1130
1352 1131
1353 1131
1353 1132
1355 1132
1355 1137
1359 1137
1359 1138
1364 1138
1364 1137
1371 1137
1371 1136
1372 1136
1372 1138
1373 1138
1373 1139
1374 1139
1374 1140
1377 1140
1377 1139
1378 1139
1378 1141
1379 1141
1379 1142
1380 1142
1380 1143
1382 1143
1382 1144
1383 1144
1383 1145
1386 1145
1386 1146
1387 1146
1387 1147
1389 1147
1389 1148
1390 1148
1390 1149
1391 1149
1391 1150
1392 1150
1392 1151
1393 1151
1393 1152
1395 1152
1395 1153
1396 1153
1396 1154
1397 1154
1397 1155
1399 1155
1399 1156
1400 1156
1400 1157
1403 1157
1403 1158
1404 1158
1404 1159
1405 1159
1405 1160
1406 1160
1406 1161
1407 1161
1407 1162
1409 1162
1409 1163
1410 1163
1410 1164
1415 1164
1415 1165
1423 1165
1423 1164
1424 1164
1424 1165
1426 1165
1426 1166
1427 1166
1427 1167
1430 1167
1430 1168
1432 1168
1432 1169
1442 1169
1442 1170
1444 1170
1444 1171
1445 1171
1445 1173
1446 1173
1446 1178
1447 1178
1447 1179
1449 1179
1449 1180
1450 1180
1450 1181
1451 1181
1451 1182
1458 1182
1458 1183
1466 1183
1466 1184
1467 1184
1467 1183
1472 1183
1472 1182
1480 1182
1480 1181
1482 1181
1482 1180
1485 1180
1485 1179
1486 1179
1486 1178
1490 1178
1490 1177
1492 1177
1492 1176
1497 1176
1497 1177
1511 1177
1511 1178
1513 1178
1513 1179
1515 1179
1515 1180
1517 1180
1517 1181
1519 1181
1519 1182
1522 1182
1522 1183
1524 1183
1524 1184
1526 1184
1526 1185
1528 1185
1528 1186
1532 1186
1532 1187
1535 1187
1535 1188
1536 1188
1536 1189
1539 1189
1539 1190
1542 1190
1542 1191
1544 1191
1544 1192
1547 1192
1547 1193
1549 1193
1549 1194
1550 1194
1550 1195
1552 1195
1552 1196
1553 1196
1553 1197
1555 1197
1555 1198
1557 1198
1557 1199
1559 1199
1559 1200
1563 1200
1563 1201
1566 1201
1566 1202
1568 1202
1568 1203
1577 1203
1577 1204
1589 1204
1589 1203
1595 1203
1595 1202
1602 1202
1602 1203
1603 1203
1603 1204
1605 1204
1605 1205
1615 1205
1615 1206
1620 1206
1620 1207
1622 1207
1622 1209
1623 1209
1623 1210
1624 1210
1624 1211
1625 1211
1625 1212
1626 1212
1626 1213
1627 1213
1627 1214
1630 1214
1630 1215
1633 1215
1633 1216
1636 1216
1636 1217
1639 1217
1639 1218
1641 1218
1641 1219
1644 1219
1644 1220
1656 1220
1656 1219
1661 1219
1661 1218
1665 1218
1665 1217
1668 1217
1668 1216
1671 1216
1671 1217
1680 1217
1680 1218
1683 1218
1683 1219
1693 1219
1693 1218
1696 1218
1696 1217
1698 1217
1698 1216
1701 1216
1701 1215
1707 1215
1707 1214
1708 1214
1708 1213
1709 1213
1709 1212
1710 1212
1710 1211
1712 1211
1712 1210
1713 1210
1713 1209
1720 1209
1720 1208
1728 1208
1728 1207
1733 1207
1733 1206
1734 1206
1734 1205
1735 1205
1735 1204
1737 1204
1737 1203
1741 1203
1741 1202
1742 1202
1742 1201
1746 1201
1746 1200
1750 1200
1750 1201
1752 1201
1752 1202
1757 1202
1757 1203
1761 1203
1761 1202
1768 1202
1768 1203
1796 1203
1796 1204
1800 1204
1800 1203
1823 1203
1823 1204
1840 1204
1840 1205
1847 1205
1847 1206
1848 1206
1848 1208
1855 1208
1855 1207
1861 1207
1861 1206
1862 1206
1862 1205
1864 1205
1864 1204
1871 1204
1871 1205
1872 1205
1872 1204
1882 1204
1882 1203
1885 1203
1885 1202
1889 1202
1889 1201
1897 1201
1897 1202
1901 1202
1901 1203
1905 1203
1905 1202
1908 1202
1908 1201
1922 1201
1922 1202
1925 1202
1925 1207
1926 1207
1926 1208
1927 1208
1927 1209
1929 1209
1929 1210
1930 1210
1930 1211
1931 1211
1931 1212
1933 1212
1933 1213
1937 1213
1937 1214
1938 1214
1938 1215
1941 1215
1941 1216
1950 1216
1950 1217
1952 1217
1952 1218
1955 1218
1955 1219
1957 1219
1957 1220
1965 1220
1965 1219
1976 1219
1976 1218
1982 1218
1982 1217
1985 1217
1985 1218
1997 1218
1997 1219
2010 1219
2010 1218
2014 1218
2014 1217
2021 1217
2021 1218
2029 1218
2029 1217
2031 1217
2031 1216
2033 1216
2033 1215
2034 1215
2034 1214
2035 1214
2035 1213
2036 1213
2036 1212
2039 1212
2039 1211
2041 1211
2041 1210
2044 1210
2044 1209
2050 1209
2050 1210
2054 1210
2054 1209
2058 1209
2058 1208
2062 1208
2062 1209
2066 1209
2066 1208
2072 1208
2072 1207
2081 1207
2081 1206
2083 1206
2083 1205
2085 1205
2085 1204
2093 1204
2093 1205
2099 1205
2099 1206
2109 1206
2109 1205
2113 1205
2113 1204
2118 1204
2118 1205
2126 1205
2126 1206
2130 1206
2130 1207
2132 1207
2132 1208
2136 1208
2136 1209
2145 1209
2145 1210
2148 1210
2148 1211
2150 1211
2150 1212
2152 1212
2152 1213
2153 1213
2153 1214
2154 1214
2154 1215
2158 1215
2158 1216
2160 1216
2160 1217
2165 1217
2165 1218
2167 1218
2167 1219
2170 1219
2170 1220
2172 1220
2172 1221
2178 1221
2178 1220
2179 1220
2179 1219
2180 1219
2180 1218
2181 1218
2181 1217
2182 1217
2182 1216
2183 1216
2183 1215
2184 1215
2184 1213
2185 1213
2185 1211
2186 1211
2186 1209
2187 1209
2187 1204
2188 1204
2188 1202
2189 1202
2189 1197
2190 1197
2190 1193
2191 1193
2191 1191
2192 1191
2192 1189
2193 1189
2193 1188
2194 1188
2194 1186
2195 1186
2195 1184
2196 1184
2196 1182
2197 1182
2197 1181
2222 1181
2222 1179
2229 1179
2229 1180
2235 1180
2235 1181
2242 1181
2242 1180
2243 1180
2243 1179
2244 1179
2244 1178
2245 1178
2245 1177
2246 1177
2246 1176
2247 1176
2247 1175
2249 1175
2249 1174
2263 1174
2263 1175
2267 1175
2267 1174
2268 1174
2268 1173
2269 1173
2269 1172
2270 1172
2270 1171
2271 1171
2271 1170
2278 1170
2278 1169
2281 1169
2281 1168
2282 1168
2282 1167
2283 1167
2283 1166
2284 1166
2284 1165
2285 1165
2285 1164
2287 1164
2287 1163
2289 1163
2289 1162
2290 1162
2290 1161
2291 1161
2291 1159
2292 1159
2292 1157
2299 1157
2299 1158
2300 1158
2300 1160
2301 1160
2301 1161
2302 1161
2302 1162
2303 1162
2303 1163
2304 1163
2304 1164
2306 1164
2306 1165
2307 1165
2307 1166
2311 1166
2311 1167
2316 1167
2316 1166
2320 1166
2320 1167
2322 1167
2322 1168
2325 1168
2325 1169
2335 1169
2335 1170
2339 1170
2339 1171
2341 1171
2341 1172
2344 1172
2344 1173
2349 1173
2349 1174
2354 1174
2354 1173
2355 1173
2355 1174
2367 1174
2367 1172
2369 1172
2369 1171
2370 1171
2370 1170
2372 1170
2372 1169
2377 1169
2377 1168
2379 1168
2379 1167
2386 1167
2386 1168
2387 1168
2387 1169
2389 1169
2389 1168
2394 1168
2394 1167
2395 1167
2395 1166
2396 1166
2396 1165
2397 1165
2397 1164
2398 1164
2398 1163
2399 1163
2399 1161
2400 1161
2400 1160
2401 1160
2401 1159
2420 1159
2420 1160
2428 1160
2428 1159
2429 1159
2429 1158
2431 1158
2431 1157
2432 1157
2432 1156
2433 1156
2433 1155
2434 1155
2434 1153
2435 1153
2435 1152
2437 1152
2437 1151
2439 1151
2439 1150
2440 1150
2440 1149
2441 1149
2441 1147
2442 1147
2442 1146
2443 1146
2443 1145
2445 1145
2445 1144
2446 1144
2446 1143
2447 1143
2447 1142
2450 1142
2450 1141
2451 1141
2451 1140
2452 1140
2452 1139
2454 1139
2454 1138
2455 1138
2455 1137
2456 1137
2456 1136
2458 1136
2458 1135
2459 1135
2459 1132
2460 1132
2460 1131
2461 1131
2461 1130
2462 1130
2462 1129
2463 1129
2463 1128
2464 1128
2464 1127
2465 1127
2465 1125
2467 1125
2467 1124
2468 1124
2468 1123
2469 1123
2469 1122
2470 1122
2470 1120
2471 1120
2471 1118
2472 1118
2472 1115
2473 1115
2473 1112
2474 1112
2474 1111
2475 1111
2475 1110
2476 1110
2476 1108
2477 1108
2477 1106
2478 1106
2478 1105
2479 1105
2479 1104
2480 1104
2480 1103
2481 1103
2481 1102
2483 1102
2483 1101
2485 1101
2485 1100
2488 1100
2488 1099
2493 1099
2493 1098
2494 1098
2494 1097
2495 1097
2495 1096
2498 1096
2498 1098
2499 1098
2499 1099
2511 1099
2511 1100
2514 1100
2514 1099
2515 1099
2515 1100
2527 1100
2527 1097
2528 1097
2528 1096
2529 1096
2529 1095
2531 1095
2531 1094
2537 1094
2537 1093
2538 1093
2538 1092
2540 1092
2540 1089
2541 1089
2541 1088
2543 1088
2543 1085
2544 1085
2544 1083
2561 1083
2561 1084
2564 1084
2564 1085
2568 1085
2568 1086
2572 1086
2572 1087
2576 1087
2576 1088
2583 1088
2583 1089
2585 1089
2585 1088
2590 1088
2590 1089
2595 1089
2595 1090
2601 1090
2601 1085
2602 1085
2602 1084
2603 1084
2603 1083
2615 1083
2615 1084
2622 1084
2622 1083
2623 1083
2623 1081
2624 1081
2624 1080
2625 1080
2625 1081
2633 1081
2633 1080
2635 1080
2635 1079
2636 1079
2636 1078
2641 1078
2641 1079
2648 1079
2648 1078
2650 1078
2650 1077
2651 1077
2651 1075
2652 1075
2652 1074
2653 1074
2653 1073
2654 1073
2654 1072
2659 1072
2659 1071
2668 1071
2668 1072
2671 1072
2671 1071
2672 1071
2672 1070
2673 1070
2673 1069
2674 1069
2674 1068
2675 1068
2675 1067
2676 1067
2676 1066
2679 1066
2679 1064
2686 1064
2686 1065
2691 1065
2691 1066
2693 1066
2693 1067
2695 1067
2695 1068
2705 1068
2705 1067
2707 1067
2707 1065
2710 1065
2710 1064
2711 1064
2711 1063
2713 1063
2713 1062
2717 1062
2717 1061
2719 1061
2719 1062
2722 1062
2722 1061
2723 1061
2723 1060
2724 1060
2724 1059
2728 1059
2728 1058
2733 1058
2733 1057
2734 1057
2734 1056
2735 1056
2735 1055
2736 1055
2736 1054
2737 1054
2737 1053
2738 1053
2738 1052
2739 1052
2739 1051
2741 1051
2741 1050
2757 1050
2757 1049
2761 1049
2761 1048
2762 1048
2762 1047
2763 1047
2763 1046
2764 1046
2764 1044
2765 1044
2765 1042
2766 1042
2766 1041
2767 1041
2767 1039
2768 1039
2768 1038
2770 1038
2770 1035
2771 1035
2771 1031
2772 1031
2772 1028
2771 1028
2771 1026
2772 1026
2772 1025
2773 1025
2773 1021
2774 1021
2774 1019
2775 1019
2775 1012
2776 1012
2776 1008
2777 1008
2777 1007
2778 1007
2778 1005
2779 1005
2779 1004
2780 1004
2780 1003
2782 1003
2782 1002
2783 1002
2783 1001
2784 1001
2784 1000
2785 1000
2785 999
2786 999
2786 996
2789 996
2789 995
2790 995
2790 985
2791 985
2791 983
2792 983
2792 981
2793 981
2793 978
2796 978
2796 977
2797 977
2797 976
2800 976
2800 975
2801 975
2801 974
2802 974
2802 973
2803 973
2803 966
2804 966
2804 961
2805 961
2805 959
2806 959
2806 953
2805 953
2805 951
2806 951
2806 948
2807 948
2807 943
2808 943
2808 941
2809 941
2809 940
2810 940
2810 939
2811 939
2811 937
2813 937
2813 936
2818 936
2818 935
2819 935
2819 934
2820 934
2820 933
2821 933
2821 932
2823 932
2823 931
2824 931
2824 930
2827 930
2827 929
2831 929
2831 928
2833 928
2833 927
2834 927
2834 926
2835 926
2835 925
2837 925
2837 924
2838 924
2838 923
2839 923
2839 922
2841 922
2841 921
2843 921
2843 920
2845 920
2845 919
2847 919
2847 918
2848 918
2848 917
2849 917
2849 916
2850 916
2850 915
2851 915
2851 913
2855 913
2855 912
2859 912
2859 908
2860 908
2860 907
2862 907
2862 906
2873 906
2873 905
2885 905
2885 906
2886 906
2886 905
2890 905
2890 904
2891 904
2891 903
2892 903
2892 902
2893 902
2893 901
2894 901
2894 900
2898 900
2898 899
2903 899
2903 898
2904 898
2904 896
2905 896
2905 895
2907 895
2907 894
2910 894
2910 893
2914 893
2914 892
2916 892
2916 891
2917 891
2917 890
2919 890
2919 889
2926 889
2926 888
2928 888
2928 887
2929 887
2929 886
2930 886
2930 884
2931 884
2931 883
2932 883
2932 882
2933 882
2933 881
2935 881
2935 880
2936 880
2936 879
2937 879
2937 878
2938 878
2938 877
2941 877
2941 876
2943 876
2943 875
2949 875
2949 874
2952 874
2952 873
2955 873
2955 874
2965 874
2965 873
2968 873
2968 872
2969 872
2969 871
2970 871
2970 870
2971 870
2971 869
2975 869
2975 868
2978 868
2978 867
2975 867
2975 868
2971 868
2971 869
2970 869
2970 870
2969 870
2969 871
2968 871
2968 872
2965 872
2965 873
2955 873
2955 872
2952 872
2952 873
2949 873
2949 874
2943 874
2943 875
2941 875
2941 876
2938 876
2938 877
2937 877
2937 878
2936 878
2936 879
2935 879
2935 880
2933 880
2933 881
2932 881
2932 882
2931 882
2931 883
2930 883
2930 884
2929 884
2929 886
2928 886
2928 887
2926 887
2926 888
2919 888
2919 889
2917 889
2917 890
2916 890
2916 891
2914 891
2914 892
2910 892
2910 893
2907 893
2907 894
2905 894
2905 895
2904 895
2904 896
2903 896
2903 898
2898 898
