2569 1111
2533 1111
2533 1110
2523 1110
2523 1111
2511 1111
2511 1112
2507 1112
2507 1113
2506 1113
2506 1114
2505 1114
2505 1115
2502 1115
2502 1116
2500 1116
2500 1117
2499 1117
2499 1127
2498 1127
2498 1129
2497 1129
2497 1130
2496 1130
2496 1131
2495 1131
2495 1132
2478 1132
2478 1133
2472 1133
2472 1134
2461 1134
2461 1133
2460 1133
2460 1132
2458 1132
2458 1131
2456 1131
2456 1130
2454 1130
2454 1129
2452 1129
2452 1128
2451 1128
2451 1127
2450 1127
2450 1126
2449 1126
2449 1125
2447 1125
2447 1124
2434 1124
2434 1123
2428 1123
2428 1122
2425 1122
2425 1123
2420 1123
2420 1124
2419 1124
2419 1125
2418 1125
2418 1126
2417 1126
2417 1127
2416 1127
2416 1128
2415 1128
2415 1129
2413 1129
2413 1130
2412 1130
2412 1139
2411 1139
2411 1142
2410 1142
2410 1143
2409 1143
2409 1144
2408 1144
2408 1145
2407 1145
2407 1146
2405 1146
2405 1147
2403 1147
2403 1148
2402 1148
2402 1149
2401 1149
2401 1150
2400 1150
2400 1151
2399 1151
2399 1152
2398 1152
2398 1153
2397 1153
2397 1154
2396 1154
2396 1158
2395 1158
2395 1164
2394 1164
2394 1165
2392 1165
2392 1166
2391 1166
2391 1167
2389 1167
2389 1168
2387 1168
2387 1169
2386 1169
2386 1170
2383 1170
2383 1171
2376 1171
2376 1172
2375 1172
2375 1173
2373 1173
2373 1174
2370 1174
2370 1175
2361 1175
2361 1174
2357 1174
2357 1173
2353 1173
2353 1172
2349 1172
2349 1171
2343 1171
2343 1170
2333 1170
2333 1169
2330 1169
2330 1168
2328 1168
2328 1167
2327 1167
2327 1166
2325 1166
2325 1165
2323 1165
2323 1164
2322 1164
2322 1163
2321 1163
2321 1162
2320 1162
2320 1160
2319 1160
2319 1158
2318 1158
2318 1156
2317 1156
2317 1155
2316 1155
2316 1154
2315 1154
2315 1153
2313 1153
2313 1152
2312 1152
2312 1151
2307 1151
2307 1150
2304 1150
2304 1149
2302 1149
2302 1148
2301 1148
2301 1147
2300 1147
2300 1146
2299 1146
2299 1145
2298 1145
2298 1142
2297 1142
2297 1138
2296 1138
2296 1131
2295 1131
2295 1127
2294 1127
2294 1125
2293 1125
2293 1121
2292 1121
2292 1120
2291 1120
2291 1118
2290 1118
2290 1117
2289 1117
2289 1116
2288 1116
2288 1115
2287 1115
2287 1114
2286 1114
2286 1112
2285 1112
2285 1111
2284 1111
2284 1109
2283 1109
2283 1098
2282 1098
2282 1095
2281 1095
2281 1094
2279 1094
2279 1093
2278 1093
2278 1092
2276 1092
2276 1091
2273 1091
2273 1090
2270 1090
2270 1089
2267 1089
2267 1088
2264 1088
2264 1087
2260 1087
2260 1088
2259 1088
2259 1089
2260 1089
2260 1096
2259 1096
2259 1102
2258 1102
2258 1103
2257 1103
2257 1108
2256 1108
2256 1109
2255 1109
2255 1110
2254 1110
2254 1111
2253 1111
2253 1112
2251 1112
2251 1113
2249 1113
2249 1114
2233 1114
2233 1115
2214 1115
2214 1114
2212 1114
2212 1113
2209 1113
2209 1112
2206 1112
2206 1111
2204 1111
2204 1110
2200 1110
2200 1109
2195 1109
2195 1108
2189 1108
2189 1107
2187 1107
2187 1106
2185 1106
2185 1105
2181 1105
2181 1104
2177 1104
2177 1105
2173 1105
2173 1106
2157 1106
2157 1105
2154 1105
2154 1104
2153 1104
2153 1103
2150 1103
2150 1102
2143 1102
2143 1101
2137 1101
2137 1102
2116 1102
2116 1101
2113 1101
2113 1100
2112 1100
2112 1099
2110 1099
2110 1098
2103 1098
2103 1097
2097 1097
2097 1098
2093 1098
2093 1099
2091 1099
2091 1100
2089 1100
2089 1101
2088 1101
2088 1102
2087 1102
2087 1103
2080 1103
2080 1104
2072 1104
2072 1105
2068 1105
2068 1106
2066 1106
2066 1107
2065 1107
2065 1108
2064 1108
2064 1109
2063 1109
2063 1110
2062 1110
2062 1111
2061 1111
2061 1120
2062 1120
2062 1123
2061 1123
2061 1124
2060 1124
2060 1125
2059 1125
2059 1126
2057 1126
2057 1127
2053 1127
2053 1128
2052 1128
2052 1129
2051 1129
2051 1130
2050 1130
2050 1132
2049 1132
2049 1143
2050 1143
2050 1147
2051 1147
2051 1154
2050 1154
2050 1155
2049 1155
2049 1157
2048 1157
2048 1160
2047 1160
2047 1161
2046 1161
2046 1162
2045 1162
2045 1163
2043 1163
2043 1164
2041 1164
2041 1165
2027 1165
2027 1164
2026 1164
2026 1163
2025 1163
2025 1162
2023 1162
2023 1161
2021 1161
2021 1160
2019 1160
2019 1159
2016 1159
2016 1158
2013 1158
2013 1159
2008 1159
2008 1158
2006 1158
2006 1159
1996 1159
1996 1158
1992 1158
1992 1157
1985 1157
1985 1156
1983 1156
1983 1155
1982 1155
1982 1154
1981 1154
1981 1153
1980 1153
1980 1150
1979 1150
1979 1147
1978 1147
1978 1137
1977 1137
1977 1131
1976 1131
1976 1129
1975 1129
1975 1127
1970 1127
1970 1128
1959 1128
1959 1127
1957 1127
1957 1126
1956 1126
1956 1125
1955 1125
1955 1124
1954 1124
1954 1123
1953 1123
1953 1122
1952 1122
1952 1121
1951 1121
1951 1120
1950 1120
1950 1119
1949 1119
1949 1118
1948 1118
1948 1116
1947 1116
1947 1114
1946 1114
1946 1113
1945 1113
1945 1111
1944 1111
1944 1110
1943 1110
1943 1109
1942 1109
1942 1108
1941 1108
1941 1106
1940 1106
1940 1105
1939 1105
1939 1104
1938 1104
1938 1103
1937 1103
1937 1102
1936 1102
1936 1101
1935 1101
1935 1100
1933 1100
1933 1099
1932 1099
1932 1098
1917 1098
1917 1099
1912 1099
1912 1100
1908 1100
1908 1101
1904 1101
1904 1102
1900 1102
1900 1103
1896 1103
1896 1104
1895 1104
1895 1105
1892 1105
1892 1106
1889 1106
1889 1107
1880 1107
1880 1106
1875 1106
1875 1105
1874 1105
1874 1104
1869 1104
1869 1103
1867 1103
1867 1102
1865 1102
1865 1101
1863 1101
1863 1100
1862 1100
1862 1099
1860 1099
1860 1098
1859 1098
1859 1097
1857 1097
1857 1096
1854 1096
1854 1095
1853 1095
1853 1094
1849 1094
1849 1093
1840 1093
1840 1092
1838 1092
1838 1091
1837 1091
1837 1090
1836 1090
1836 1089
1835 1089
1835 1088
1834 1088
1834 1086
1833 1086
1833 1078
1832 1078
1832 1076
1831 1076
1831 1075
1827 1075
1827 1074
1823 1074
1823 1073
1817 1073
1817 1072
1814 1072
1814 1073
1808 1073
1808 1074
1799 1074
1799 1075
1788 1075
1788 1076
1763 1076
1763 1077
1758 1077
1758 1078
1754 1078
1754 1079
1747 1079
1747 1080
1740 1080
1740 1079
1736 1079
1736 1078
1734 1078
1734 1077
1733 1077
1733 1076
1732 1076
1732 1073
1731 1073
1731 1072
1732 1072
1732 1065
1731 1065
1731 1059
1730 1059
1730 1058
1728 1058
1728 1057
1727 1057
1727 1056
1725 1056
1725 1055
1723 1055
1723 1054
1714 1054
1714 1053
1712 1053
1712 1052
1706 1052
1706 1051
1704 1051
1704 1050
1702 1050
1702 1049
1698 1049
1698 1048
1688 1048
1688 1049
1687 1049
1687 1050
1686 1050
1686 1051
1684 1051
1684 1052
1683 1052
1683 1053
1682 1053
1682 1054
1680 1054
1680 1055
1673 1055
1673 1056
1669 1056
1669 1057
1666 1057
1666 1058
1656 1058
1656 1059
1654 1059
1654 1060
1650 1060
1650 1061
1647 1061
1647 1062
1646 1062
1646 1063
1645 1063
1645 1064
1644 1064
1644 1066
1643 1066
1643 1067
1642 1067
1642 1069
1641 1069
1641 1070
1640 1070
1640 1071
1636 1071
1636 1072
1633 1072
1633 1073
1617 1073
1617 1072
1614 1072
1614 1073
1607 1073
1607 1074
1604 1074
1604 1075
1594 1075
1594 1074
1590 1074
1590 1073
1583 1073
1583 1072
1581 1072
1581 1071
1578 1071
1578 1070
1575 1070
1575 1069
1573 1069
1573 1068
1569 1068
1569 1067
1568 1067
1568 1066
1565 1066
1565 1065
1561 1065
1561 1066
1558 1066
1558 1067
1557 1067
1557 1068
1555 1068
1555 1069
1553 1069
1553 1070
1552 1070
1552 1071
1549 1071
1549 1072
1542 1072
1542 1071
1541 1071
1541 1070
1540 1070
1540 1069
1539 1069
1539 1068
1538 1068
1538 1064
1537 1064
1537 1058
1538 1058
1538 1054
1539 1054
1539 1040
1538 1040
1538 1025
1537 1025
1537 1020
1536 1020
1536 1019
1535 1019
1535 1014
1534 1014
1534 1012
1533 1012
1533 1011
1532 1011
1532 1010
1531 1010
1531 1009
1525 1009
1525 1008
1522 1008
1522 1007
1503 1007
1503 1008
1501 1008
1501 1009
1499 1009
1499 1010
1497 1010
1497 1011
1495 1011
1495 1012
1494 1012
1494 1013
1491 1013
1491 1014
1484 1014
1484 1013
1478 1013
1478 1014
1475 1014
1475 1015
1472 1015
1472 1016
1469 1016
1469 1017
1458 1017
1458 1018
1454 1018
1454 1017
1452 1017
1452 1016
1449 1016
1449 1015
1439 1015
1439 1014
1436 1014
1436 1013
1430 1013
1430 1012
1429 1012
1429 1011
1428 1011
1428 1010
1426 1010
1426 1009
1424 1009
1424 1007
1423 1007
1423 1005
1422 1005
1422 1004
1420 1004
1420 1003
1419 1003
1419 1002
1415 1002
1415 1001
1410 1001
1410 1000
1407 1000
1407 999
1406 999
1406 998
1405 998
1405 996
1404 996
1404 995
1403 995
1403 994
1402 994
1402 993
1400 993
1400 992
1398 992
1398 991
1396 991
1396 990
1395 990
1395 989
1393 989
1393 988
1392 988
1392 987
1391 987
1391 986
1390 986
1390 981
1389 981
1389 979
1388 979
1388 978
1387 978
1387 977
1386 977
1386 976
1385 976
1385 975
1382 975
1382 974
1379 974
1379 973
1377 973
1377 972
1376 972
1376 970
1375 970
1375 960
1376 960
1376 956
1375 956
1375 953
1374 953
1374 952
1373 952
1373 951
1372 951
1372 950
1370 950
1370 949
1356 949
1356 950
1354 950
1354 949
1351 949
1351 946
1350 946
1350 930
1349 930
1349 925
1348 925
1348 924
1331 924
1331 925
1325 925
1325 924
1323 924
1323 923
1321 923
1321 922
1320 922
1320 921
1319 921
1319 920
1318 920
1318 917
1317 917
1317 915
1316 915
1316 910
1315 910
1315 907
1314 907
1314 903
1313 903
1313 899
1312 899
1312 894
1311 894
1311 892
1309 892
1309 891
1306 891
1306 890
1303 890
1303 889
1302 889
1302 888
1300 888
1300 887
1299 887
1299 886
1279 886
1279 887
1273 887
1273 886
1267 886
1267 885
1264 885
1264 884
1263 884
1263 883
1262 883
1262 882
1261 882
1261 880
1260 880
1260 879
1258 879
1258 878
1257 878
1257 877
1256 877
1256 876
1254 876
1254 875
1253 875
1253 874
1252 874
1252 873
1250 873
1250 872
1248 872
1248 871
1246 871
1246 870
1245 870
1245 869
1243 869
1243 868
1242 868
1242 867
1241 867
1241 866
1240 866
1240 865
1239 865
1239 864
1235 864
1235 863
1232 863
1232 864
1225 864
1225 865
1222 865
1222 866
1215 866
1215 867
1208 867
1208 866
1206 866
1206 865
1193 865
1193 864
1178 864
1178 863
1173 863
1173 862
1172 862
1172 861
1171 861
1171 860
1162 860
1162 858
1161 858
1161 857
1160 857
1160 856
1158 856
1158 855
1155 855
1155 836
1154 836
1154 835
1153 835
1153 834
1152 834
1152 833
1151 833
1151 832
1150 832
1150 831
1149 831
1149 830
1148 830
1148 827
1147 827
1147 824
1146 824
1146 822
1145 822
1145 821
1144 821
1144 820
1143 820
1143 819
1140 819
1140 820
1135 820
1135 821
1133 821
1133 822
1131 822
1131 821
1128 821
1128 820
1126 820
1126 819
1125 819
1125 818
1124 818
1124 816
1123 816
1123 815
1122 815
1122 813
1121 813
1121 812
1120 812
1120 811
1119 811
1119 809
1118 809
1118 807
1117 807
1117 801
1116 801
1116 789
1115 789
1115 787
1114 787
1114 786
1113 786
1113 785
1112 785
1112 783
1111 783
1111 782
1109 782
1109 781
1099 781
1099 782
1091 782
1091 781
1084 781
1084 782
1082 782
1082 783
1076 783
1076 784
1065 784
1065 783
1058 783
1058 782
1055 782
1055 781
1051 781
1051 780
1050 780
1050 779
1048 779
1048 778
1046 778
1046 777
1044 777
1044 776
1043 776
1043 775
1040 775
1040 774
1038 774
1038 773
1027 773
1027 774
1011 774
1011 773
1007 773
1007 772
1004 772
1004 771
1002 771
1002 770
1000 770
1000 769
998 769
998 768
996 768
996 767
992 767
992 766
987 766
987 765
983 765
983 764
979 764
979 763
977 763
977 762
975 762
975 761
974 761
974 760
972 760
972 759
967 759
967 758
966 758
966 757
965 757
965 756
964 756
964 755
963 755
963 754
961 754
961 753
960 753
960 752
953 752
953 753
949 753
949 754
948 754
948 753
940 753
940 752
938 752
938 751
936 751
936 750
934 750
934 749
931 749
931 748
930 748
930 747
927 747
927 746
917 746
917 747
913 747
913 748
898 748
898 747
895 747
895 746
890 746
890 745
885 745
885 744
880 744
880 743
877 743
877 742
874 742
874 741
872 741
872 740
869 740
869 739
868 739
868 738
866 738
866 737
859 737
859 736
840 736
840 735
834 735
834 734
832 734
832 733
830 733
830 732
829 732
829 731
826 731
826 730
820 730
820 731
815 731
815 732
813 732
813 733
812 733
812 734
811 734
811 735
810 735
810 737
809 737
809 739
808 739
808 743
807 743
807 748
806 748
806 749
805 749
805 750
798 750
798 751
797 751
797 750
785 750
785 749
783 749
783 748
781 748
781 747
779 747
779 746
777 746
777 745
776 745
776 744
775 744
775 743
774 743
774 742
773 742
773 740
772 740
772 739
771 739
771 738
770 738
770 737
769 737
769 736
767 736
767 735
764 735
764 734
757 734
757 735
755 735
755 736
749 736
749 735
748 735
748 733
747 733
747 732
744 732
744 731
743 731
743 730
742 730
742 729
741 729
741 728
740 728
740 727
739 727
739 726
737 726
737 725
736 725
736 724
735 724
735 723
734 723
734 718
733 718
733 717
732 717
732 716
729 716
729 715
727 715
727 714
726 714
726 713
724 713
724 712
722 712
722 711
721 711
721 710
720 710
720 709
718 709
718 708
717 708
717 707
716 707
716 706
715 706
715 704
714 704
714 703
713 703
713 702
712 702
712 701
711 701
711 700
709 700
709 699
708 699
708 698
704 698
704 697
698 697
698 698
693 698
693 697
692 697
692 696
691 696
691 694
690 694
690 685
689 685
689 676
688 676
688 672
687 672
687 668
686 668
686 667
685 667
685 666
683 666
683 665
676 665
676 664
669 664
669 663
664 663
664 662
663 662
663 661
662 661
662 662
646 662
646 663
645 663
645 664
636 664
636 665
624 665
624 664
613 664
613 665
612 665
612 664
594 664
594 663
588 663
588 662
584 662
584 661
583 661
583 660
581 660
581 659
580 659
580 658
578 658
578 657
576 657
576 656
575 656
575 655
565 655
565 656
559 656
559 657
556 657
556 656
553 656
553 655
547 655
547 654
546 654
546 653
545 653
545 650
544 650
544 649
543 649
543 648
542 648
542 647
541 647
541 646
540 646
540 645
539 645
539 644
538 644
538 643
536 643
536 642
528 642
528 643
525 643
525 644
519 644
519 643
518 643
518 641
517 641
517 638
516 638
516 636
515 636
515 633
513 633
513 632
511 632
511 631
503 631
503 630
502 630
502 629
501 629
501 628
500 628
500 627
498 627
498 626
497 626
497 625
496 625
496 624
490 624
490 625
483 625
483 624
482 624
482 623
481 623
481 622
480 622
480 621
479 621
479 620
475 620
475 621
470 621
470 622
466 622
466 623
457 623
457 622
454 622
454 621
453 621
453 619
451 619
451 618
450 618
450 615
449 615
449 614
448 614
448 610
447 610
447 606
446 606
446 597
445 597
445 584
446 584
446 559
445 559
445 536
444 536
444 533
443 533
443 532
442 532
442 528
441 528
441 527
440 527
440 525
439 525
439 523
438 523
438 518
437 518
437 508
436 508
436 503
435 503
435 493
434 493
434 489
433 489
433 488
432 488
432 487
420 487
420 488
417 488
417 489
416 489
416 490
415 490
415 491
412 491
412 492
402 492
402 491
399 491
399 492
396 492
396 493
394 493
394 494
391 494
391 495
385 495
385 494
374 494
374 495
369 495
369 496
363 496
363 495
361 495
361 494
350 494
350 495
348 495
348 496
346 496
346 497
345 497
345 498
344 498
344 499
343 499
343 500
341 500
341 501
328 501
328 500
327 500
327 499
321 499
321 498
318 498
318 497
317 497
317 496
314 496
314 495
313 495
313 494
312 494
312 493
311 493
311 492
310 492
310 491
309 491
309 490
308 490
308 489
307 489
307 487
306 487
306 484
305 484
305 483
304 483
304 481
303 481
303 480
302 480
302 478
301 478
301 477
300 477
300 475
299 475
299 474
298 474
298 471
297 471
297 468
296 468
296 466
295 466
295 463
294 463
294 460
293 460
293 459
284 459
284 458
279 458
279 457
276 457
276 456
275 456
275 455
274 455
274 446
275 446
275 442
274 442
274 441
271 441
271 440
269 440
269 439
268 439
268 438
264 438
264 437
262 437
262 436
261 436
261 435
260 435
260 432
259 432
259 431
258 431
258 430
257 430
257 429
256 429
256 428
254 428
254 427
253 427
253 426
252 426
252 425
251 425
251 424
250 424
250 423
249 423
249 421
248 421
248 419
247 419
247 417
246 417
246 415
245 415
245 404
244 404
244 401
243 401
243 400
241 400
241 399
240 399
240 398
239 398
239 397
238 397
238 396
236 396
236 395
235 395
235 394
234 394
234 393
233 393
233 382
232 382
232 379
231 379
231 378
230 378
230 377
229 377
229 376
220 376
220 377
218 377
218 380
217 380
217 389
216 389
216 390
215 390
215 391
212 391
212 392
201 392
201 393
196 393
196 392
189 392
189 391
188 391
188 392
173 392
173 391
170 391
170 390
169 390
169 389
168 389
168 388
167 388
167 386
166 386
166 383
165 383
165 380
164 380
164 378
165 378
165 380
166 380
166 383
167 383
167 386
168 386
168 388
169 388
169 389
170 389
170 390
173 390
173 391
188 391
188 390
189 390
189 391
196 391
196 392
201 392
201 391
212 391
212 390
215 390
215 389
216 389
216 380
217 380
217 377
218 377
218 376
220 376
220 375
229 375
229 376
230 376
230 377
231 377
231 378
232 378
232 379
233 379
233 382
234 382
234 393
235 393
235 394
236 394
236 395
238 395
238 396
239 396
239 397
240 397
240 398
241 398
241 399
243 399
243 400
244 400
244 401
245 401
245 404
246 404
246 415
247 415
247 417
248 417
248 419
249 419
249 421
250 421
250 423
251 423
251 424
252 424
252 425
253 425
253 426
254 426
254 427
256 427
256 428
257 428
257 429
258 429
258 430
259 430
259 431
260 431
260 432
261 432
261 435
262 435
262 436
264 436
264 437
268 437
268 438
269 438
269 439
271 439
271 440
274 440
274 441
275 441
275 442
276 442
276 446
275 446
275 455
276 455
276 456
279 456
279 457
284 457
284 458
293 458
293 459
294 459
294 460
295 460
295 463
296 463
296 466
297 466
297 468
298 468
298 471
299 471
299 474
300 474
300 475
301 475
301 477
302 477
302 478
303 478
303 480
304 480
304 481
305 481
305 483
306 483
306 484
307 484
307 487
308 487
308 489
309 489
309 490
310 490
310 491
311 491
311 492
312 492
312 493
313 493
313 494
314 494
314 495
317 495
317 496
318 496
318 497
321 497
321 498
327 498
327 499
328 499
328 500
341 500
341 499
343 499
343 498
344 498
344 497
345 497
345 496
346 496
346 495
348 495
348 494
350 494
350 493
361 493
361 494
363 494
363 495
369 495
369 494
374 494
374 493
385 493
385 494
391 494
391 493
394 493
394 492
396 492
396 491
399 491
399 490
402 490
402 491
412 491
412 490
415 490
415 489
416 489
416 488
417 488
417 487
420 487
420 486
432 486
432 487
433 487
433 488
434 488
434 489
435 489
435 493
436 493
436 503
437 503
437 508
438 508
438 518
439 518
439 523
440 523
440 525
441 525
441 527
442 527
442 528
443 528
443 532
444 532
444 533
445 533
445 536
446 536
446 559
447 559
447 584
446 584
446 597
447 597
447 606
448 606
448 610
449 610
449 614
450 614
450 615
451 615
451 618
453 618
453 619
454 619
454 621
457 621
457 622
466 622
466 621
470 621
470 620
475 620
475 619
479 619
479 620
480 620
480 621
481 621
481 622
482 622
482 623
483 623
483 624
490 624
490 623
496 623
496 624
497 624
497 625
498 625
498 626
500 626
500 627
501 627
501 628
502 628
502 629
503 629
503 630
511 630
511 631
513 631
513 632
515 632
515 633
516 633
516 636
517 636
517 638
518 638
518 641
519 641
519 643
525 643
525 642
528 642
528 641
536 641
536 642
538 642
538 643
539 643
539 644
540 644
540 645
541 645
541 646
542 646
542 647
543 647
543 648
544 648
544 649
545 649
545 650
546 650
546 653
547 653
547 654
553 654
553 655
556 655
556 656
559 656
559 655
565 655
565 654
575 654
575 655
576 655
576 656
578 656
578 657
580 657
580 658
581 658
581 659
583 659
583 660
584 660
584 661
588 661
588 662
594 662
594 663
612 663
612 664
613 664
613 663
624 663
624 664
636 664
636 663
645 663
645 662
646 662
646 661
662 661
662 660
663 660
663 661
664 661
664 662
669 662
669 663
676 663
676 664
683 664
683 665
685 665
685 666
686 666
686 667
687 667
687 668
688 668
688 672
689 672
689 676
690 676
690 685
691 685
691 694
692 694
692 696
693 696
693 697
698 697
698 696
704 696
704 697
708 697
708 698
709 698
709 699
711 699
711 700
712 700
712 701
713 701
713 702
714 702
714 703
715 703
715 704
716 704
716 706
717 706
717 707
718 707
718 708
720 708
720 709
721 709
721 710
722 710
722 711
724 711
724 712
726 712
726 713
727 713
727 714
729 714
729 715
732 715
732 716
733 716
733 717
734 717
734 718
735 718
735 723
736 723
736 724
737 724
737 725
739 725
739 726
740 726
740 727
741 727
741 728
742 728
742 729
743 729
743 730
744 730
744 731
747 731
747 732
748 732
748 733
749 733
749 735
755 735
755 734
757 734
757 733
764 733
764 734
767 734
767 735
769 735
769 736
770 736
770 737
771 737
771 738
772 738
772 739
773 739
773 740
774 740
774 742
775 742
775 743
776 743
776 744
777 744
777 745
779 745
779 746
781 746
781 747
783 747
783 748
785 748
785 749
797 749
797 750
798 750
798 749
805 749
805 748
806 748
806 743
807 743
807 739
808 739
808 737
809 737
809 735
810 735
810 734
811 734
811 733
812 733
812 732
813 732
813 731
815 731
815 730
820 730
820 729
826 729
826 730
829 730
829 731
830 731
830 732
832 732
832 733
834 733
834 734
840 734
840 735
859 735
859 736
866 736
866 737
868 737
868 738
869 738
869 739
872 739
872 740
874 740
874 741
877 741
877 742
880 742
880 743
885 743
885 744
890 744
890 745
895 745
895 746
898 746
898 747
913 747
913 746
917 746
917 745
927 745
927 746
930 746
930 747
931 747
931 748
934 748
934 749
936 749
936 750
938 750
938 751
940 751
940 752
948 752
948 753
949 753
949 752
953 752
953 751
960 751
960 752
961 752
961 753
963 753
963 754
964 754
964 755
965 755
965 756
966 756
966 757
967 757
967 758
972 758
972 759
974 759
974 760
975 760
975 761
977 761
977 762
979 762
979 763
983 763
983 764
987 764
987 765
992 765
992 766
996 766
996 767
998 767
998 768
1000 768
1000 769
1002 769
1002 770
1004 770
1004 771
1007 771
1007 772
1011 772
1011 773
1027 773
1027 772
1038 772
1038 773
1040 773
1040 774
1043 774
1043 775
1044 775
1044 776
1046 776
1046 777
1048 777
1048 778
1050 778
1050 779
1051 779
1051 780
1055 780
1055 781
1058 781
1058 782
1065 782
1065 783
1076 783
1076 782
1082 782
1082 781
1084 781
1084 780
1091 780
1091 781
1099 781
1099 780
1109 780
1109 781
1111 781
1111 782
1112 782
1112 783
1113 783
1113 785
1114 785
1114 786
1115 786
1115 787
1116 787
1116 789
1117 789
1117 801
1118 801
1118 807
1119 807
1119 809
1120 809
1120 811
1121 811
1121 812
1122 812
1122 813
1123 813
1123 815
1124 815
1124 816
1125 816
1125 818
1126 818
1126 819
1128 819
1128 820
1131 820
1131 821
1133 821
1133 820
1135 820
1135 819
1140 819
1140 818
1143 818
1143 819
1144 819
1144 820
1145 820
1145 821
1146 821
1146 822
1147 822
1147 824
1148 824
1148 827
1149 827
1149 830
1150 830
1150 831
1151 831
1151 832
1152 832
1152 833
1153 833
1153 834
1154 834
1154 835
1155 835
1155 836
1156 836
1156 854
1158 854
1158 855
1160 855
1160 856
1161 856
1161 857
1162 857
1162 858
1163 858
1163 859
1171 859
1171 860
1172 860
1172 861
1173 861
1173 862
1178 862
1178 863
1193 863
1193 864
1206 864
1206 865
1208 865
1208 866
1215 866
1215 865
1222 865
1222 864
1225 864
1225 863
1232 863
1232 862
1235 862
1235 863
1239 863
1239 864
1240 864
1240 865
1241 865
1241 866
1242 866
1242 867
1243 867
1243 868
1245 868
1245 869
1246 869
1246 870
1248 870
1248 871
1250 871
1250 872
1252 872
1252 873
1253 873
1253 874
1254 874
1254 875
1256 875
1256 876
1257 876
1257 877
1258 877
1258 878
1260 878
1260 879
1261 879
1261 880
1262 880
1262 882
1263 882
1263 883
1264 883
1264 884
1267 884
1267 885
1273 885
1273 886
1279 886
1279 885
1299 885
1299 886
1300 886
1300 887
1302 887
1302 888
1303 888
1303 889
1306 889
1306 890
1309 890
1309 891
1311 891
1311 892
1312 892
1312 894
1313 894
1313 899
1314 899
1314 903
1315 903
1315 907
1316 907
1316 910
1317 910
1317 915
1318 915
1318 917
1319 917
1319 920
1320 920
1320 921
1321 921
1321 922
1323 922
1323 923
1325 923
1325 924
1331 924
1331 923
1348 923
1348 924
1349 924
1349 925
1350 925
1350 930
1351 930
1351 946
1352 946
1352 948
1354 948
1354 949
1356 949
1356 948
1370 948
1370 949
1372 949
1372 950
1373 950
1373 951
1374 951
1374 952
1375 952
1375 953
1376 953
1376 956
1377 956
1377 960
1376 960
1376 970
1377 970
1377 972
1379 972
1379 973
1382 973
1382 974
1385 974
1385 975
1386 975
1386 976
1387 976
1387 977
1388 977
1388 978
1389 978
1389 979
1390 979
1390 981
1391 981
1391 986
1392 986
1392 987
1393 987
1393 988
1395 988
1395 989
1396 989
1396 990
1398 990
1398 991
1400 991
1400 992
1402 992
1402 993
1403 993
1403 994
1404 994
1404 995
1405 995
1405 996
1406 996
1406 998
1407 998
1407 999
1410 999
1410 1000
1415 1000
1415 1001
1419 1001
1419 1002
1420 1002
1420 1003
1422 1003
1422 1004
1423 1004
1423 1005
1424 1005
1424 1007
1425 1007
1425 1008
1426 1008
1426 1009
1428 1009
1428 1010
1429 1010
1429 1011
1430 1011
1430 1012
1436 1012
1436 1013
1439 1013
1439 1014
1449 1014
1449 1015
1452 1015
1452 1016
1454 1016
1454 1017
1458 1017
1458 1016
1469 1016
1469 1015
1472 1015
1472 1014
1475 1014
1475 1013
1478 1013
1478 1012
1484 1012
1484 1013
1491 1013
1491 1012
1494 1012
1494 1011
1495 1011
1495 1010
1497 1010
1497 1009
1499 1009
1499 1008
1501 1008
1501 1007
1503 1007
1503 1006
1522 1006
1522 1007
1525 1007
1525 1008
1531 1008
1531 1009
1532 1009
1532 1010
1533 1010
1533 1011
1534 1011
1534 1012
1535 1012
1535 1014
1536 1014
1536 1019
1537 1019
1537 1020
1538 1020
1538 1025
1539 1025
1539 1040
1540 1040
1540 1054
1539 1054
1539 1058
1538 1058
1538 1064
1539 1064
1539 1068
1540 1068
1540 1069
1541 1069
1541 1070
1542 1070
1542 1071
1549 1071
1549 1070
1552 1070
1552 1069
1553 1069
1553 1068
1555 1068
1555 1067
1557 1067
1557 1066
1558 1066
1558 1065
1561 1065
1561 1064
1565 1064
1565 1065
1568 1065
1568 1066
1569 1066
1569 1067
1573 1067
1573 1068
1575 1068
1575 1069
1578 1069
1578 1070
1581 1070
1581 1071
1583 1071
1583 1072
1590 1072
1590 1073
1594 1073
1594 1074
1604 1074
1604 1073
1607 1073
1607 1072
1614 1072
1614 1071
1617 1071
1617 1072
1633 1072
1633 1071
1636 1071
1636 1070
1640 1070
1640 1069
1641 1069
1641 1067
1642 1067
1642 1066
1643 1066
1643 1064
1644 1064
1644 1063
1645 1063
1645 1062
1646 1062
1646 1061
1647 1061
1647 1060
1650 1060
1650 1059
1654 1059
1654 1058
1656 1058
1656 1057
1666 1057
1666 1056
1669 1056
1669 1055
1673 1055
1673 1054
1680 1054
1680 1053
1682 1053
1682 1052
1683 1052
1683 1051
1684 1051
1684 1050
1686 1050
1686 1049
1687 1049
1687 1048
1688 1048
1688 1047
1698 1047
1698 1048
1702 1048
1702 1049
1704 1049
1704 1050
1706 1050
1706 1051
1712 1051
1712 1052
1714 1052
1714 1053
1723 1053
1723 1054
1725 1054
1725 1055
1727 1055
1727 1056
1728 1056
1728 1057
1730 1057
1730 1058
1731 1058
1731 1059
1732 1059
1732 1065
1733 1065
1733 1072
1732 1072
1732 1073
1733 1073
1733 1076
1734 1076
1734 1077
1736 1077
1736 1078
1740 1078
1740 1079
1747 1079
1747 1078
1754 1078
1754 1077
1758 1077
1758 1076
1763 1076
1763 1075
1788 1075
1788 1074
1799 1074
1799 1073
1808 1073
1808 1072
1814 1072
1814 1071
1817 1071
1817 1072
1823 1072
1823 1073
1827 1073
1827 1074
1831 1074
1831 1075
1832 1075
1832 1076
1833 1076
1833 1078
1834 1078
1834 1086
1835 1086
1835 1088
1836 1088
1836 1089
1837 1089
1837 1090
1838 1090
1838 1091
1840 1091
1840 1092
1849 1092
1849 1093
1853 1093
1853 1094
1854 1094
1854 1095
1857 1095
1857 1096
1859 1096
1859 1097
1860 1097
1860 1098
1862 1098
1862 1099
1863 1099
1863 1100
1865 1100
1865 1101
1867 1101
1867 1102
1869 1102
1869 1103
1874 1103
1874 1104
1875 1104
1875 1105
1880 1105
1880 1106
1889 1106
1889 1105
1892 1105
1892 1104
1895 1104
1895 1103
1896 1103
1896 1102
1900 1102
1900 1101
1904 1101
1904 1100
1908 1100
1908 1099
1912 1099
1912 1098
1917 1098
1917 1097
1932 1097
1932 1098
1933 1098
1933 1099
1935 1099
1935 1100
1936 1100
1936 1101
1937 1101
1937 1102
1938 1102
1938 1103
1939 1103
1939 1104
1940 1104
1940 1105
1941 1105
1941 1106
1942 1106
1942 1108
1943 1108
1943 1109
1944 1109
1944 1110
1945 1110
1945 1111
1946 1111
1946 1113
1947 1113
1947 1114
1948 1114
1948 1116
1949 1116
1949 1118
1950 1118
1950 1119
1951 1119
1951 1120
1952 1120
1952 1121
1953 1121
1953 1122
1954 1122
1954 1123
1955 1123
1955 1124
1956 1124
1956 1125
1957 1125
1957 1126
1959 1126
1959 1127
1970 1127
1970 1126
1975 1126
1975 1127
1976 1127
1976 1129
1977 1129
1977 1131
1978 1131
1978 1137
1979 1137
1979 1147
1980 1147
1980 1150
1981 1150
1981 1153
1982 1153
1982 1154
1983 1154
1983 1155
1985 1155
1985 1156
1992 1156
1992 1157
1996 1157
1996 1158
2006 1158
2006 1157
2008 1157
2008 1158
2013 1158
2013 1157
2016 1157
2016 1158
2019 1158
2019 1159
2021 1159
2021 1160
2023 1160
2023 1161
2025 1161
2025 1162
2026 1162
2026 1163
2027 1163
2027 1164
2041 1164
2041 1163
2043 1163
2043 1162
2045 1162
2045 1161
2046 1161
2046 1160
2047 1160
2047 1157
2048 1157
2048 1155
2049 1155
2049 1154
2050 1154
2050 1147
2049 1147
2049 1143
2048 1143
2048 1132
2049 1132
2049 1130
2050 1130
2050 1129
2051 1129
2051 1128
2052 1128
2052 1127
2053 1127
2053 1126
2057 1126
2057 1125
2059 1125
2059 1124
2060 1124
2060 1122
2061 1122
2061 1120
2060 1120
2060 1111
2061 1111
2061 1110
2062 1110
2062 1109
2063 1109
2063 1108
2064 1108
2064 1107
2065 1107
2065 1106
2066 1106
2066 1105
2068 1105
2068 1104
2072 1104
2072 1103
2080 1103
2080 1102
2087 1102
2087 1101
2088 1101
2088 1100
2089 1100
2089 1099
2091 1099
2091 1098
2093 1098
2093 1097
2097 1097
2097 1096
2103 1096
2103 1097
2110 1097
2110 1098
2112 1098
2112 1099
2113 1099
2113 1100
2116 1100
2116 1101
2137 1101
2137 1100
2143 1100
2143 1101
2150 1101
2150 1102
2153 1102
2153 1103
2154 1103
2154 1104
2157 1104
2157 1105
2173 1105
2173 1104
2177 1104
2177 1103
2181 1103
2181 1104
2185 1104
2185 1105
2187 1105
2187 1106
2189 1106
2189 1107
2195 1107
2195 1108
2200 1108
2200 1109
2204 1109
2204 1110
2206 1110
2206 1111
2209 1111
2209 1112
2212 1112
2212 1113
2214 1113
2214 1114
2233 1114
2233 1113
2249 1113
2249 1112
2251 1112
2251 1111
2253 1111
2253 1110
2254 1110
2254 1109
2255 1109
2255 1108
2256 1108
2256 1103
2257 1103
2257 1102
2258 1102
2258 1096
2259 1096
2259 1089
2258 1089
2258 1087
2260 1087
2260 1086
2264 1086
2264 1087
2267 1087
2267 1088
2270 1088
2270 1089
2273 1089
2273 1090
2276 1090
2276 1091
2278 1091
2278 1092
2279 1092
2279 1093
2281 1093
2281 1094
2282 1094
2282 1095
2283 1095
2283 1098
2284 1098
2284 1109
2285 1109
2285 1111
2286 1111
2286 1112
2287 1112
2287 1114
2288 1114
2288 1115
2289 1115
2289 1116
2290 1116
2290 1117
2291 1117
2291 1118
2292 1118
2292 1120
2293 1120
2293 1121
2294 1121
2294 1125
2295 1125
2295 1127
2296 1127
2296 1131
2297 1131
2297 1138
2298 1138
2298 1142
2299 1142
2299 1145
2300 1145
2300 1146
2301 1146
2301 1147
2302 1147
2302 1148
2304 1148
2304 1149
2307 1149
2307 1150
2312 1150
2312 1151
2313 1151
2313 1152
2315 1152
2315 1153
2316 1153
2316 1154
2317 1154
2317 1155
2318 1155
2318 1156
2319 1156
2319 1158
2320 1158
2320 1160
2321 1160
2321 1162
2322 1162
2322 1163
2323 1163
2323 1164
2325 1164
2325 1165
2327 1165
2327 1166
2328 1166
2328 1167
2330 1167
2330 1168
2333 1168
2333 1169
2343 1169
2343 1170
2349 1170
2349 1171
2353 1171
2353 1172
2357 1172
2357 1173
2361 1173
2361 1174
2370 1174
2370 1173
2373 1173
2373 1172
2375 1172
2375 1171
2376 1171
2376 1170
2383 1170
2383 1169
2386 1169
2386 1168
2387 1168
2387 1167
2389 1167
2389 1166
2391 1166
2391 1165
2392 1165
2392 1164
2394 1164
2394 1158
2395 1158
2395 1154
2396 1154
2396 1153
2397 1153
2397 1152
2398 1152
2398 1151
2399 1151
2399 1150
2400 1150
2400 1149
2401 1149
2401 1148
2402 1148
2402 1147
2403 1147
2403 1146
2405 1146
2405 1145
2407 1145
2407 1144
2408 1144
2408 1143
2409 1143
2409 1142
2410 1142
2410 1139
2411 1139
2411 1130
2412 1130
2412 1129
2413 1129
2413 1128
2415 1128
2415 1127
2416 1127
2416 1126
2417 1126
2417 1125
2418 1125
2418 1124
2419 1124
2419 1123
2420 1123
2420 1122
2425 1122
2425 1121
2428 1121
2428 1122
2434 1122
2434 1123
2447 1123
2447 1124
2449 1124
2449 1125
2450 1125
2450 1126
2451 1126
2451 1127
2452 1127
2452 1128
2454 1128
2454 1129
2456 1129
2456 1130
2458 1130
2458 1131
2460 1131
2460 1132
2461 1132
2461 1133
2472 1133
2472 1132
2478 1132
2478 1131
2495 1131
2495 1130
2496 1130
2496 1129
2497 1129
2497 1127
2498 1127
2498 1117
2499 1117
2499 1116
2500 1116
2500 1115
2502 1115
2502 1114
2505 1114
2505 1113
2506 1113
2506 1112
2507 1112
2507 1111
2511 1111
2511 1110
2523 1110
2523 1109
2533 1109
2533 1110
2569 1110
2569 1109
2578 1109
2578 1108
2579 1108
2579 1107
2580 1107
2580 1105
2581 1105
2581 1102
2582 1102
2582 1078
2583 1078
2583 1073
2584 1073
2584 1072
2585 1072
2585 1071
2598 1071
2598 1072
2605 1072
2605 1071
2612 1071
2612 1072
2619 1072
2619 1071
2637 1071
2637 1070
2655 1070
2655 1071
2666 1071
2666 1070
2675 1070
2675 1071
2677 1071
2677 1072
2681 1072
2681 1073
2683 1073
2683 1074
2684 1074
2684 1075
2685 1075
2685 1076
2686 1076
2686 1078
2687 1078
2687 1079
2688 1079
2688 1080
2689 1080
2689 1081
2692 1081
2692 1082
2694 1082
2694 1083
2697 1083
2697 1084
2701 1084
2701 1085
2714 1085
2714 1086
2716 1086
2716 1085
2719 1085
2719 1084
2724 1084
2724 1083
2725 1083
2725 1082
2726 1082
2726 1081
2729 1081
2729 1080
2732 1080
2732 1079
2733 1079
2733 1078
2735 1078
2735 1077
2737 1077
2737 1076
2740 1076
2740 1075
2742 1075
2742 1074
2743 1074
2743 1073
2744 1073
2744 1071
2745 1071
2745 1069
2746 1069
2746 1068
2747 1068
2747 1067
2749 1067
2749 1066
2750 1066
2750 1065
2752 1065
2752 1064
2753 1064
2753 1063
2755 1063
2755 1062
2757 1062
2757 1061
2761 1061
2761 1060
2763 1060
2763 1059
2764 1059
2764 1058
2765 1058
2765 1057
2766 1057
2766 1055
2767 1055
2767 1051
2768 1051
2768 1026
2767 1026
2767 1020
2766 1020
2766 1015
2767 1015
2767 1010
2768 1010
2768 1006
2769 1006
2769 1005
2773 1005
2773 1004
2797 1004
2797 1003
2801 1003
2801 1002
2814 1002
2814 1003
2819 1003
2819 1002
2821 1002
2821 1001
2825 1001
2825 1000
2826 1000
2826 999
2828 999
2828 998
2832 998
2832 997
2833 997
2833 996
2835 996
2835 995
2838 995
2838 994
2841 994
2841 993
2842 993
2842 992
2843 992
2843 991
2853 991
2853 992
2872 992
2872 991
2875 991
2875 992
2884 992
2884 990
2885 990
2885 988
2886 988
2886 984
2887 984
2887 980
2888 980
2888 978
2889 978
2889 977
2891 977
2891 976
2894 976
2894 975
2897 975
2897 974
2921 974
2921 973
2927 973
2927 972
2931 972
2931 971
2935 971
2935 970
2939 970
2939 969
2941 969
2941 968
2945 968
2945 967
2946 967
2946 966
2947 966
2947 964
2948 964
2948 957
2949 957
2949 949
2950 949
2950 948
2951 948
2951 947
2953 947
2953 946
2955 946
2955 945
2960 945
2960 946
2963 946
2963 945
2968 945
2968 944
2969 944
2969 943
2972 943
2972 942
2973 942
2973 941
2975 941
2975 940
2985 940
2985 939
2989 939
2989 940
2997 940
2997 941
3013 941
3013 942
3025 942
3025 943
3026 943
3026 944
3027 944
3027 945
3029 945
3029 946
3031 946
3031 947
3032 947
3032 948
3033 948
3033 949
3035 949
3035 950
3036 950
3036 951
3037 951
3037 952
3038 952
3038 953
3039 953
3039 954
3040 954
3040 955
3041 955
3041 956
3044 956
3044 957
3046 957
3046 958
3068 958
3068 957
3073 957
3073 956
3075 956
3075 955
3077 955
3077 954
3078 954
3078 953
3080 953
3080 952
3081 952
3081 951
3082 951
3082 950
3083 950
3083 949
3088 949
3088 948
3092 948
3092 947
3093 947
3093 946
3095 946
3095 945
3098 945
3098 944
3100 944
3100 943
3101 943
3101 942
3102 942
3102 941
3103 941
3103 939
3104 939
3104 938
3105 938
3105 937
3106 937
3106 936
3107 936
3107 935
3108 935
3108 934
3109 934
3109 933
3110 933
3110 932
3112 932
3112 931
3113 931
3113 930
3114 930
3114 929
3116 929
3116 928
3119 928
3119 927
3121 927
3121 925
3122 925
3122 924
3123 924
3123 923
3124 923
3124 922
3126 922
3126 921
3127 921
3127 920
3128 920
3128 919
3129 919
3129 918
3130 918
3130 917
3131 917
3131 916
3132 916
3132 915
3133 915
3133 914
3135 914
3135 913
3139 913
3139 912
3140 912
3140 911
3141 911
3141 910
3142 910
3142 909
3143 909
3143 908
3145 908
3145 907
3146 907
3146 906
3147 906
3147 905
3149 905
3149 904
3152 904
3152 903
3153 903
3153 901
3154 901
3154 898
3155 898
3155 897
3156 897
3156 895
3157 895
3157 894
3158 894
3158 893
3159 893
3159 888
3160 888
3160 886
3161 886
3161 884
3162 884
3162 882
3163 882
3163 881
3164 881
3164 880
3165 880
3165 878
3166 878
3166 877
3168 877
3168 875
3169 875
3169 872
3170 872
3170 871
3171 871
3171 870
3173 870
3173 869
3174 869
3174 867
3175 867
3175 865
3176 865
3176 856
3177 856
3177 841
3178 841
3178 819
3179 819
3179 814
3180 814
3180 802
3181 802
3181 783
3182 783
3182 777
3183 777
3183 776
3184 776
3184 775
3185 775
3185 774
3195 774
3195 775
3199 775
3199 776
3200 776
3200 777
3203 777
3203 778
3206 778
3206 779
3208 779
3208 780
3218 780
3218 779
3219 779
3219 778
3220 778
3220 777
3221 777
3221 775
3222 775
3222 773
3223 773
3223 771
3224 771
3224 769
3225 769
3225 768
3226 768
3226 767
3227 767
3227 766
3230 766
3230 764
3231 764
3231 763
3233 763
3233 762
3240 762
3240 761
3242 761
3242 760
3247 760
3247 759
3250 759
3250 758
3251 758
3251 757
3252 757
3252 756
3253 756
3253 755
3254 755
3254 754
3255 754
3255 753
3256 753
3256 752
3258 752
3258 751
3261 751
3261 750
3265 750
3265 749
3277 749
3277 748
3279 748
3279 747
3282 747
3282 746
3296 746
3296 747
3298 747
3298 748
3312 748
3312 747
3315 747
3315 745
3316 745
3316 741
3317 741
3317 740
3318 740
3318 738
3319 738
3319 734
3320 734
3320 732
3321 732
3321 731
3330 731
3330 732
3334 732
3334 731
3338 731
3338 730
3339 730
3339 728
3340 728
3340 727
3341 727
3341 726
3343 726
3343 725
3344 725
3344 724
3345 724
3345 723
3347 723
3347 722
3348 722
3348 723
3347 723
3347 724
3345 724
3345 725
3344 725
3344 726
3343 726
3343 727
3341 727
3341 728
3340 728
3340 730
3339 730
3339 731
3338 731
3338 732
3334 732
3334 733
3330 733
3330 732
3321 732
3321 734
3320 734
3320 738
3319 738
3319 740
3318 740
3318 741
3317 741
3317 745
3316 745
3316 747
3315 747
3315 748
3312 748
3312 749
3298 749
3298 748
3296 748
3296 747
3282 747
3282 748
3279 748
3279 749
3277 749
3277 750
3265 750
3265 751
3261 751
3261 752
3258 752
3258 753
3256 753
3256 754
3255 754
3255 755
3254 755
3254 756
3253 756
3253 757
3252 757
3252 758
3251 758
3251 759
3250 759
3250 760
3247 760
3247 761
3242 761
3242 762
3240 762
3240 763
3233 763
3233 764
3231 764
3231 766
3230 766
3230 767
3227 767
3227 768
3226 768
3226 769
3225 769
3225 771
3224 771
3224 773
3223 773
3223 775
3222 775
3222 777
3221 777
3221 778
3220 778
3220 779
3219 779
3219 780
3218 780
3218 781
3208 781
3208 780
3206 780
3206 779
3203 779
3203 778
3200 778
3200 777
3199 777
3199 776
3195 776
3195 775
3185 775
3185 776
3184 776
3184 777
3183 777
3183 783
3182 783
3182 802
3181 802
3181 814
3180 814
3180 819
3179 819
3179 841
3178 841
3178 856
3177 856
3177 865
3176 865
3176 867
3175 867
3175 869
3174 869
3174 870
3173 870
3173 871
3171 871
3171 872
3170 872
3170 875
3169 875
3169 877
3168 877
3168 878
3166 878
3166 880
3165 880
3165 881
3164 881
3164 882
3163 882
3163 884
3162 884
3162 886
3161 886
3161 888
3160 888
3160 893
3159 893
3159 894
3158 894
3158 895
3157 895
3157 897
3156 897
3156 898
3155 898
3155 901
3154 901
3154 903
3153 903
3153 904
3152 904
3152 905
3149 905
3149 906
3147 906
3147 907
3146 907
3146 908
3145 908
3145 909
3143 909
3143 910
3142 910
3142 911
3141 911
3141 912
3140 912
3140 913
3139 913
3139 914
3135 914
3135 915
3133 915
3133 916
3132 916
3132 917
3131 917
3131 918
3130 918
3130 919
3129 919
3129 920
3128 920
3128 921
3127 921
3127 922
3126 922
3126 923
3124 923
3124 924
3123 924
3123 925
3122 925
3122 927
3121 927
3121 928
3119 928
3119 929
3116 929
3116 930
3114 930
3114 931
3113 931
3113 932
3112 932
3112 933
3110 933
3110 934
3109 934
3109 935
3108 935
3108 936
3107 936
3107 937
3106 937
3106 938
3105 938
3105 939
3104 939
3104 941
3103 941
3103 942
3102 942
3102 943
3101 943
3101 944
3100 944
3100 945
3098 945
3098 946
3095 946
3095 947
3093 947
3093 948
3092 948
3092 949
3088 949
3088 950
3083 950
3083 951
3082 951
3082 952
3081 952
3081 953
3080 953
3080 954
3078 954
3078 955
3077 955
3077 956
3075 956
3075 957
3073 957
3073 958
3068 958
3068 959
3046 959
3046 958
3044 958
3044 957
3041 957
3041 956
3040 956
3040 955
3039 955
3039 954
3038 954
3038 953
3037 953
3037 952
3036 952
3036 951
3035 951
3035 950
3033 950
3033 949
3032 949
3032 948
3031 948
3031 947
3029 947
3029 946
3027 946
3027 945
3026 945
3026 944
3025 944
3025 943
3013 943
3013 942
2997 942
2997 941
2989 941
2989 940
2985 940
2985 941
2975 941
2975 942
2973 942
2973 943
2972 943
2972 944
2969 944
2969 945
2968 945
2968 946
2963 946
2963 947
2960 947
2960 946
2955 946
2955 947
2953 947
2953 948
2951 948
2951 949
2950 949
2950 957
2949 957
2949 964
2948 964
2948 966
2947 966
2947 967
2946 967
2946 968
2945 968
2945 969
2941 969
2941 970
2939 970
2939 971
2935 971
2935 972
2931 972
2931 973
2927 973
2927 974
2921 974
2921 975
2897 975
2897 976
2894 976
2894 977
2891 977
2891 978
2889 978
2889 980
2888 980
2888 984
2887 984
2887 988
2886 988
2886 990
2885 990
2885 992
2884 992
2884 993
2875 993
2875 992
2872 992
2872 993
2853 993
2853 992
2843 992
2843 993
2842 993
2842 994
2841 994
2841 995
2838 995
2838 996
2835 996
2835 997
2833 997
2833 998
2832 998
2832 999
2828 999
2828 1000
2826 1000
2826 1001
2825 1001
2825 1002
2821 1002
2821 1003
2819 1003
2819 1004
2814 1004
2814 1003
2801 1003
2801 1004
2797 1004
2797 1005
2773 1005
2773 1006
2769 1006
2769 1010
2768 1010
2768 1015
2767 1015
2767 1020
2768 1020
2768 1026
2769 1026
2769 1051
2768 1051
2768 1055
2767 1055
2767 1057
2766 1057
2766 1058
2765 1058
2765 1059
2764 1059
2764 1060
2763 1060
2763 1061
2761 1061
2761 1062
2757 1062
2757 1063
2755 1063
2755 1064
2753 1064
2753 1065
2752 1065
2752 1066
2750 1066
2750 1067
2749 1067
2749 1068
2747 1068
2747 1069
2746 1069
2746 1071
2745 1071
2745 1073
2744 1073
2744 1074
2743 1074
2743 1075
2742 1075
2742 1076
2740 1076
2740 1077
2737 1077
2737 1078
2735 1078
2735 1079
2733 1079
2733 1080
2732 1080
2732 1081
2729 1081
2729 1082
2726 1082
2726 1083
2725 1083
2725 1084
2724 1084
2724 1085
2719 1085
2719 1086
2716 1086
2716 1087
2714 1087
2714 1086
2701 1086
2701 1085
2697 1085
2697 1084
2694 1084
2694 1083
2692 1083
2692 1082
2689 1082
2689 1081
2688 1081
2688 1080
2687 1080
2687 1079
2686 1079
2686 1078
2685 1078
2685 1076
2684 1076
2684 1075
2683 1075
2683 1074
2681 1074
2681 1073
2677 1073
2677 1072
2675 1072
2675 1071
2666 1071
2666 1072
2655 1072
2655 1071
2637 1071
2637 1072
2619 1072
2619 1073
2612 1073
2612 1072
2605 1072
2605 1073
2598 1073
2598 1072
2585 1072
2585 1073
2584 1073
2584 1078
2583 1078
2583 1102
2582 1102
2582 1105
2581 1105
2581 1107
2580 1107
2580 1108
2579 1108
2579 1109
2578 1109
2578 1110
2569 1110
