2342 879
2344 879
2344 880
2350 880
2350 879
2352 879
2352 878
2359 878
2359 877
2362 877
2362 876
2364 876
2364 875
2366 875
2366 874
2367 874
2367 873
2368 873
2368 872
2371 872
2371 871
2373 871
2373 870
2374 870
2374 869
2377 869
2377 868
2379 868
2379 867
2385 867
2385 866
2389 866
2389 865
2390 865
2390 864
2395 864
2395 863
2397 863
2397 862
2399 862
2399 861
2400 861
2400 860
2408 860
2408 859
2410 859
2410 858
2411 858
2411 857
2413 857
2413 856
2415 856
2415 855
2417 855
2417 854
2420 854
2420 853
2421 853
2421 852
2425 852
2425 851
2428 851
2428 850
2430 850
2430 849
2431 849
2431 845
2432 845
2432 841
2433 841
2433 823
2434 823
2434 822
2435 822
2435 821
2438 821
2438 820
2451 820
2451 821
2454 821
2454 822
2456 822
2456 824
2457 824
2457 825
2458 825
2458 826
2459 826
2459 827
2460 827
2460 828
2462 828
2462 829
2464 829
2464 830
2467 830
2467 831
2468 831
2468 832
2469 832
2469 834
2470 834
2470 838
2471 838
2471 840
2472 840
2472 841
2473 841
2473 842
2474 842
2474 843
2476 843
2476 844
2487 844
2487 843
2494 843
2494 842
2497 842
2497 841
2500 841
2500 840
2507 840
2507 839
2516 839
2516 838
2518 838
2518 837
2525 837
2525 836
2533 836
2533 835
2535 835
2535 834
2537 834
2537 833
2540 833
2540 832
2543 832
2543 831
2551 831
2551 832
2554 832
2554 833
2555 833
2555 834
2557 834
2557 835
2559 835
2559 836
2561 836
2561 837
2568 837
2568 836
2571 836
2571 837
2574 837
2574 836
2580 836
2580 835
2584 835
2584 834
2612 834
2612 833
2621 833
2621 832
2627 832
2627 831
2629 831
2629 830
2630 830
2630 827
2631 827
2631 821
2630 821
2630 817
2631 817
2631 816
2634 816
2634 815
2638 815
2638 814
2640 814
2640 813
2642 813
2642 812
2644 812
2644 811
2646 811
2646 810
2649 810
2649 809
2651 809
2651 808
2653 808
2653 807
2658 807
2658 806
2661 806
2661 805
2663 805
2663 804
2664 804
2664 803
2665 803
2665 801
2664 801
2664 793
2665 793
2665 792
2671 792
2671 791
2673 791
2673 790
2675 790
2675 789
2678 789
2678 788
2684 788
2684 787
2686 787
2686 786
2694 786
2694 787
2697 787
2697 788
2702 788
2702 789
2716 789
2716 788
2723 788
2723 787
2726 787
2726 786
2729 786
2729 785
2732 785
2732 784
2734 784
2734 783
2735 783
2735 782
2736 782
2736 781
2737 781
2737 780
2739 780
2739 779
2741 779
2741 778
2743 778
2743 777
2749 777
2749 776
2753 776
2753 775
2756 775
2756 776
2763 776
2763 775
2766 775
2766 774
2768 774
2768 773
2770 773
2770 772
2772 772
2772 771
2777 771
2777 770
2781 770
2781 769
2783 769
2783 768
2784 768
2784 767
2786 767
2786 766
2787 766
2787 765
2788 765
2788 764
2789 764
2789 763
2791 763
2791 762
2797 762
2797 761
2799 761
2799 760
2804 760
2804 759
2808 759
2808 758
2814 758
2814 757
2816 757
2816 756
2817 756
2817 755
2819 755
2819 754
2821 754
2821 753
2822 753
2822 752
2823 752
2823 751
2824 751
2824 750
2826 750
2826 749
2827 749
2827 748
2828 748
2828 747
2829 747
2829 746
2830 746
2830 738
2831 738
2831 736
2832 736
2832 734
2833 734
2833 732
2834 732
2834 729
2835 729
2835 727
2836 727
2836 724
2837 724
2837 717
2838 717
2838 710
2837 710
2837 694
2836 694
2836 679
2837 679
2837 677
2838 677
2838 675
2845 675
2845 674
2848 674
2848 673
2849 673
2849 672
2850 672
2850 671
2851 671
2851 670
2852 670
2852 669
2853 669
2853 668
2854 668
2854 661
2859 661
2859 660
2860 660
2860 659
2861 659
2861 658
2863 658
2863 657
2864 657
2864 656
2865 656
2865 643
2871 643
2871 642
2873 642
2873 641
2874 641
2874 640
2875 640
2875 639
2883 639
2883 638
2885 638
2885 637
2886 637
2886 636
2889 636
2889 635
2900 635
2900 636
2902 636
2902 637
2904 637
2904 638
2905 638
2905 639
2916 639
2916 640
2921 640
2921 641
2927 641
2927 640
2933 640
2933 641
2940 641
2940 642
2942 642
2942 643
2957 643
2957 644
2958 644
2958 645
2959 645
2959 646
2960 646
2960 647
2961 647
2961 648
2962 648
2962 649
2978 649
2978 648
2979 648
2979 646
2983 646
2983 645
2985 645
2985 644
2986 644
2986 642
2987 642
2987 641
2988 641
2988 638
2989 638
2989 637
2993 637
2993 638
2994 638
2994 641
2995 641
2995 642
2996 642
2996 644
2997 644
2997 645
2998 645
2998 646
2999 646
2999 647
3017 647
3017 646
3023 646
3023 645
3025 645
3025 644
3026 644
3026 643
3034 643
3034 642
3036 642
3036 641
3038 641
3038 640
3039 640
3039 639
3040 639
3040 637
3041 637
3041 635
3042 635
3042 634
3041 634
3041 628
3040 628
3040 626
3046 626
3046 625
3048 625
3048 624
3061 624
3061 623
3066 623
3066 622
3070 622
3070 621
3071 621
3071 620
3072 620
3072 619
3074 619
3074 618
3076 618
3076 617
3078 617
3078 616
3080 616
3080 615
3085 615
3085 614
3089 614
3089 613
3097 613
3097 612
3100 612
3100 611
3103 611
3103 610
3105 610
3105 609
3107 609
3107 608
3109 608
3109 607
3110 607
3110 606
3111 606
3111 605
3112 605
3112 604
3113 604
3113 600
3114 600
3114 597
3115 597
3115 595
3116 595
3116 593
3117 593
3117 591
3118 591
3118 590
3119 590
3119 589
3121 589
3121 588
3123 588
3123 587
3124 587
3124 586
3126 586
3126 585
3128 585
3128 584
3129 584
3129 583
3131 583
3131 582
3133 582
3133 581
3135 581
3135 580
3136 580
3136 579
3139 579
3139 578
3142 578
3142 577
3144 577
3144 576
3146 576
3146 575
3148 575
3148 574
3157 574
3157 575
3163 575
3163 574
3164 574
3164 572
3165 572
3165 553
3164 553
3164 550
3165 550
3165 544
3164 544
3164 538
3165 538
3165 534
3166 534
3166 533
3173 533
3173 532
3178 532
3178 531
3184 531
3184 530
3185 530
3185 528
3186 528
3186 524
3187 524
3187 511
3186 511
3186 506
3187 506
3187 505
3198 505
3198 504
3203 504
3203 506
3204 506
3204 508
3205 508
3205 511
3206 511
3206 513
3207 513
3207 515
3208 515
3208 516
3209 516
3209 517
3210 517
3210 519
3211 519
3211 521
3212 521
3212 524
3213 524
3213 528
3214 528
3214 529
3215 529
3215 531
3216 531
3216 532
3218 532
3218 533
3219 533
3219 534
3230 534
3230 533
3233 533
3233 532
3234 532
3234 531
3235 531
3235 530
3239 530
3239 529
3246 529
3246 528
3248 528
3248 527
3250 527
3250 526
3252 526
3252 525
3253 525
3253 519
3252 519
3252 516
3251 516
3251 513
3253 513
3253 512
3257 512
3257 511
3262 511
3262 510
3270 510
3270 509
3286 509
3286 508
3290 508
3290 507
3291 507
3291 506
3292 506
3292 504
3293 504
3293 502
3294 502
3294 501
3295 501
3295 500
3299 500
3299 501
3304 501
3304 500
3306 500
3306 499
3307 499
3307 498
3308 498
3308 497
3309 497
3309 496
3311 496
3311 495
3312 495
3312 493
3313 493
3313 483
3314 483
3314 481
3313 481
3313 471
3314 471
3314 467
3317 467
3317 468
3319 468
3319 467
3322 467
3322 466
3323 466
3323 464
3324 464
3324 462
3325 462
3325 460
3326 460
3326 459
3327 459
3327 458
3328 458
3328 457
3329 457
3329 456
3330 456
3330 455
3331 455
3331 453
3332 453
3332 452
3333 452
3333 451
3334 451
3334 450
3335 450
3335 448
3336 448
3336 416
3335 416
3335 411
3336 411
3336 406
3340 406
3340 405
3341 405
3341 404
3342 404
3342 403
3343 403
3343 402
3344 402
3344 401
3345 401
3345 400
3346 400
3346 397
3347 397
3347 384
3348 384
3348 381
3347 381
3347 365
3346 365
3346 360
3351 360
3351 359
3353 359
3353 358
3354 358
3354 357
3355 357
3355 356
3356 356
3356 355
3357 355
3357 353
3358 353
3358 344
3359 344
3359 343
3363 343
3363 342
3364 342
3364 341
3365 341
3365 340
3366 340
3366 339
3367 339
3367 338
3368 338
3368 336
3369 336
3369 332
3370 332
3370 321
3369 321
3369 299
3368 299
3368 297
3369 297
3369 295
3373 295
3373 294
3375 294
3375 293
3378 293
3378 292
3383 292
3383 293
3384 293
3384 292
3386 292
3386 291
3387 291
3387 290
3388 290
3388 289
3389 289
3389 288
3391 288
3391 287
3397 287
3397 286
3398 286
3398 285
3400 285
3400 284
3402 284
3402 283
3409 283
3409 282
3414 282
3414 285
3427 285
3427 284
3428 284
3428 283
3429 283
3429 280
3430 280
3430 268
3432 268
3432 267
3437 267
3437 266
3439 266
3439 265
3440 265
3440 264
3441 264
3441 263
3442 263
3442 262
3444 262
3444 261
3449 261
3449 260
3450 260
3450 259
3452 259
3452 258
3454 258
3454 257
3457 257
3457 256
3458 256
3458 255
3460 255
3460 254
3461 254
3461 253
3462 253
3462 252
3463 252
3463 251
3465 251
3465 250
3469 250
3469 249
3470 249
3470 248
3469 248
3469 249
3465 249
3465 250
3463 250
3463 251
3462 251
3462 252
3461 252
3461 253
3460 253
3460 254
3458 254
3458 255
3457 255
3457 256
3454 256
3454 257
3452 257
3452 258
3450 258
3450 259
3449 259
3449 260
3444 260
3444 261
3442 261
3442 262
3441 262
3441 263
3440 263
3440 264
3439 264
3439 265
3437 265
3437 266
3432 266
3432 267
3430 267
3430 268
3429 268
3429 280
3428 280
3428 283
3427 283
3427 284
3415 284
3415 282
3414 282
3414 281
3409 281
3409 282
3402 282
3402 283
3400 283
3400 284
3398 284
3398 285
3397 285
3397 286
3391 286
3391 287
3389 287
3389 288
3388 288
3388 289
3387 289
3387 290
3386 290
3386 291
3384 291
3384 292
3383 292
3383 291
3378 291
3378 292
3375 292
3375 293
3373 293
3373 294
3369 294
3369 295
3368 295
3368 297
3367 297
3367 299
3368 299
3368 321
3369 321
3369 332
3368 332
3368 336
3367 336
3367 338
3366 338
3366 339
3365 339
3365 340
3364 340
3364 341
3363 341
3363 342
3359 342
3359 343
3358 343
3358 344
3357 344
3357 353
3356 353
3356 355
3355 355
3355 356
3354 356
3354 357
3353 357
3353 358
3351 358
3351 359
3345 359
3345 365
3346 365
3346 381
3347 381
3347 384
3346 384
3346 397
3345 397
3345 400
3344 400
3344 401
3343 401
3343 402
3342 402
3342 403
3341 403
3341 404
3340 404
3340 405
3335 405
3335 411
3334 411
3334 416
3335 416
3335 448
3334 448
3334 450
3333 450
3333 451
3332 451
3332 452
3331 452
3331 453
3330 453
3330 455
3329 455
3329 456
3328 456
3328 457
3327 457
3327 458
3326 458
3326 459
3325 459
3325 460
3324 460
3324 462
3323 462
3323 464
3322 464
3322 466
3319 466
3319 467
3317 467
3317 466
3314 466
3314 467
3313 467
3313 471
3312 471
3312 481
3313 481
3313 483
3312 483
3312 493
3311 493
3311 495
3309 495
3309 496
3308 496
3308 497
3307 497
3307 498
3306 498
3306 499
3304 499
3304 500
3299 500
3299 499
3295 499
3295 500
3294 500
3294 501
3293 501
3293 502
3292 502
3292 504
3291 504
3291 506
3290 506
3290 507
3286 507
3286 508
3270 508
3270 509
3262 509
3262 510
3257 510
3257 511
3253 511
3253 512
3251 512
3251 513
3250 513
3250 516
3251 516
3251 519
3252 519
3252 525
3250 525
3250 526
3248 526
3248 527
3246 527
3246 528
3239 528
3239 529
3235 529
3235 530
3234 530
3234 531
3233 531
3233 532
3230 532
3230 533
3219 533
3219 532
3218 532
3218 531
3216 531
3216 529
3215 529
3215 528
3214 528
3214 524
3213 524
3213 521
3212 521
3212 519
3211 519
3211 517
3210 517
3210 516
3209 516
3209 515
3208 515
3208 513
3207 513
3207 511
3206 511
3206 508
3205 508
3205 506
3204 506
3204 504
3203 504
3203 503
3198 503
3198 504
3187 504
3187 505
3186 505
3186 506
3185 506
3185 511
3186 511
3186 524
3185 524
3185 528
3184 528
3184 530
3178 530
3178 531
3173 531
3173 532
3166 532
3166 533
3165 533
3165 534
3164 534
3164 538
3163 538
3163 544
3164 544
3164 550
3163 550
3163 553
3164 553
3164 572
3163 572
3163 574
3157 574
3157 573
3148 573
3148 574
3146 574
3146 575
3144 575
3144 576
3142 576
3142 577
3139 577
3139 578
3136 578
3136 579
3135 579
3135 580
3133 580
3133 581
3131 581
3131 582
3129 582
3129 583
3128 583
3128 584
3126 584
3126 585
3124 585
3124 586
3123 586
3123 587
3121 587
3121 588
3119 588
3119 589
3118 589
3118 590
3117 590
3117 591
3116 591
3116 593
3115 593
3115 595
3114 595
3114 597
3113 597
3113 600
3112 600
3112 603
3111 603
3111 605
3110 605
3110 606
3109 606
3109 607
3107 607
3107 608
3105 608
3105 609
3103 609
3103 610
3100 610
3100 611
3097 611
3097 612
3089 612
3089 613
3085 613
3085 614
3080 614
3080 615
3078 615
3078 616
3076 616
3076 617
3074 617
3074 618
3072 618
3072 619
3071 619
3071 620
3070 620
3070 621
3066 621
3066 622
3061 622
3061 623
3048 623
3048 624
3046 624
3046 625
3040 625
3040 626
3039 626
3039 628
3040 628
3040 634
3041 634
3041 635
3040 635
3040 637
3039 637
3039 639
3038 639
3038 640
3036 640
3036 641
3034 641
3034 642
3026 642
3026 643
3025 643
3025 644
3023 644
3023 645
3017 645
3017 646
2999 646
2999 645
2998 645
2998 644
2997 644
2997 642
2996 642
2996 641
2995 641
2995 638
2994 638
2994 637
2993 637
2993 636
2988 636
2988 638
2987 638
2987 641
2986 641
2986 642
2985 642
2985 644
2983 644
2983 645
2979 645
2979 646
2978 646
2978 648
2962 648
2962 647
2961 647
2961 646
2960 646
2960 645
2959 645
2959 644
2958 644
2958 643
2957 643
2957 642
2942 642
2942 641
2940 641
2940 640
2933 640
2933 639
2927 639
2927 640
2921 640
2921 639
2916 639
2916 638
2905 638
2905 637
2904 637
2904 636
2902 636
2902 635
2900 635
2900 634
2889 634
2889 635
2886 635
2886 636
2885 636
2885 637
2883 637
2883 638
2875 638
2875 639
2874 639
2874 640
2873 640
2873 641
2871 641
2871 642
2865 642
2865 643
2864 643
2864 656
2863 656
2863 657
2861 657
2861 658
2860 658
2860 659
2859 659
2859 660
2853 660
2853 668
2852 668
2852 669
2851 669
2851 670
2850 670
2850 671
2849 671
2849 672
2848 672
2848 673
2845 673
2845 674
2838 674
2838 675
2837 675
2837 677
2836 677
2836 679
2835 679
2835 694
2836 694
2836 710
2837 710
2837 717
2836 717
2836 724
2835 724
2835 727
2834 727
2834 729
2833 729
2833 732
2832 732
2832 734
2831 734
2831 736
2830 736
2830 738
2829 738
2829 746
2828 746
2828 747
2827 747
2827 748
2826 748
2826 749
2824 749
2824 750
2823 750
2823 751
2822 751
2822 752
2821 752
2821 753
2819 753
2819 754
2817 754
2817 755
2816 755
2816 756
2814 756
2814 757
2808 757
2808 758
2804 758
2804 759
2799 759
2799 760
2797 760
2797 761
2791 761
2791 762
2789 762
2789 763
2788 763
2788 764
2787 764
2787 765
2786 765
2786 766
2784 766
2784 767
2783 767
2783 768
2781 768
2781 769
2777 769
2777 770
2772 770
2772 771
2770 771
2770 772
2768 772
2768 773
2766 773
2766 774
2763 774
2763 775
2756 775
2756 774
2753 774
2753 775
2749 775
2749 776
2743 776
2743 777
2741 777
2741 778
2739 778
2739 779
2737 779
2737 780
2736 780
2736 781
2735 781
2735 782
2734 782
2734 783
2732 783
2732 784
2729 784
2729 785
2726 785
2726 786
2723 786
2723 787
2716 787
2716 788
2702 788
2702 787
2697 787
2697 786
2694 786
2694 785
2686 785
2686 786
2684 786
2684 787
2678 787
2678 788
2675 788
2675 789
2673 789
2673 790
2671 790
2671 791
2665 791
2665 792
2664 792
2664 793
2663 793
2663 801
2664 801
2664 803
2663 803
2663 804
2661 804
2661 805
2658 805
2658 806
2653 806
2653 807
2651 807
2651 808
2649 808
2649 809
2646 809
2646 810
2644 810
2644 811
2642 811
2642 812
2640 812
2640 813
2638 813
2638 814
2634 814
2634 815
2631 815
2631 816
2630 816
2630 817
2629 817
2629 821
2630 821
2630 827
2629 827
2629 830
2627 830
2627 831
2621 831
2621 832
2612 832
2612 833
2584 833
2584 834
2580 834
2580 835
2574 835
2574 836
2571 836
2571 835
2568 835
2568 836
2561 836
2561 835
2559 835
2559 834
2557 834
2557 833
2555 833
2555 832
2554 832
2554 831
2551 831
2551 830
2543 830
2543 831
2540 831
2540 832
2537 832
2537 833
2535 833
2535 834
2533 834
2533 835
2525 835
2525 836
2518 836
2518 837
2516 837
2516 838
2507 838
2507 839
2500 839
2500 840
2497 840
2497 841
2494 841
2494 842
2487 842
2487 843
2476 843
2476 842
2474 842
2474 841
2473 841
2473 840
2472 840
2472 838
2471 838
2471 834
2470 834
2470 832
2469 832
2469 831
2468 831
2468 830
2467 830
2467 829
2464 829
2464 828
2462 828
2462 827
2460 827
2460 826
2459 826
2459 825
2458 825
2458 824
2457 824
2457 822
2456 822
2456 821
2454 821
2454 820
2451 820
2451 819
2438 819
2438 820
2435 820
2435 821
2434 821
2434 822
2433 822
2433 823
2432 823
2432 841
2431 841
2431 845
2430 845
2430 849
2428 849
2428 850
2425 850
2425 851
2421 851
2421 852
2420 852
2420 853
2417 853
2417 854
2415 854
2415 855
2413 855
2413 856
2411 856
2411 857
2410 857
2410 858
2408 858
2408 859
2400 859
2400 860
2399 860
2399 861
2397 861
2397 862
2395 862
2395 863
2390 863
2390 864
2389 864
2389 865
2385 865
2385 866
2379 866
2379 867
2377 867
2377 868
2374 868
2374 869
2373 869
2373 870
2371 870
2371 871
2368 871
2368 872
2367 872
2367 873
2366 873
2366 874
2364 874
2364 875
2362 875
2362 876
2359 876
2359 877
2352 877
2352 878
2350 878
2350 879
2344 879
2344 878
2342 878
2342 877
2339 877
2339 876
2338 876
2338 875
2332 875
2332 874
2331 874
2331 875
2320 875
2320 874
2318 874
2318 873
2314 873
2314 872
2311 872
2311 871
2309 871
2309 870
2306 870
2306 869
2304 869
2304 868
2301 868
2301 867
2299 867
2299 866
2297 866
2297 865
2291 865
2291 864
2289 864
2289 863
2288 863
2288 861
2287 861
2287 860
2286 860
2286 859
2284 859
2284 858
2281 858
2281 859
2279 859
2279 860
2277 860
2277 861
2273 861
2273 862
2271 862
2271 863
2268 863
2268 864
2267 864
2267 865
2266 865
2266 866
2263 866
2263 867
2259 867
2259 866
2246 866
2246 865
2243 865
2243 864
2241 864
2241 863
2239 863
2239 862
2238 862
2238 861
2237 861
2237 860
2235 860
2235 859
2231 859
2231 858
2229 858
2229 857
2228 857
2228 856
2227 856
2227 855
2226 855
2226 853
2225 853
2225 852
2224 852
2224 851
2223 851
2223 850
2221 850
2221 849
2218 849
2218 848
2217 848
2217 847
2216 847
2216 846
2215 846
2215 845
2214 845
2214 844
2213 844
2213 843
2212 843
2212 842
2211 842
2211 839
2210 839
2210 838
2209 838
2209 837
2208 837
2208 836
2207 836
2207 835
2206 835
2206 834
2204 834
2204 833
2203 833
2203 832
2202 832
2202 831
2200 831
2200 830
2199 830
2199 829
2198 829
2198 828
2196 828
2196 827
2193 827
2193 826
2192 826
2192 825
2191 825
2191 824
2190 824
2190 823
2189 823
2189 822
2188 822
2188 820
2187 820
2187 818
2186 818
2186 811
2185 811
2185 810
2184 810
2184 809
2180 809
2180 808
2178 808
2178 807
2176 807
2176 806
2166 806
2166 807
2164 807
2164 808
2162 808
2162 809
2159 809
2159 810
2154 810
2154 811
2151 811
2151 812
2149 812
2149 813
2139 813
2139 812
2131 812
2131 813
2128 813
2128 814
2126 814
2126 815
2125 815
2125 817
2124 817
2124 822
2125 822
2125 826
2126 826
2126 829
2127 829
2127 831
2128 831
2128 842
2127 842
2127 844
2123 844
2123 845
2118 845
2118 846
2117 846
2117 851
2118 851
2118 855
2119 855
2119 856
2118 856
2118 858
2116 858
2116 859
2114 859
2114 860
2109 860
2109 861
2108 861
2108 863
2109 863
2109 869
2108 869
2108 871
2107 871
2107 872
2106 872
2106 873
2105 873
2105 874
2104 874
2104 875
2103 875
2103 876
2102 876
2102 877
2101 877
2101 878
2099 878
2099 879
2098 879
2098 880
2097 880
2097 881
2095 881
2095 882
2094 882
2094 883
2093 883
2093 884
2091 884
2091 885
2083 885
2083 886
2080 886
2080 887
2077 887
2077 888
2070 888
2070 887
2069 887
2069 886
2068 886
2068 885
2065 885
2065 884
2061 884
2061 885
2056 885
2056 886
2046 886
2046 887
2045 887
2045 888
2042 888
2042 889
2020 889
2020 890
2012 890
2012 889
2008 889
2008 888
2003 888
2003 887
1994 887
1994 886
1991 886
1991 885
1988 885
1988 884
1987 884
1987 883
1986 883
1986 882
1985 882
1985 881
1984 881
1984 880
1983 880
1983 879
1982 879
1982 878
1980 878
1980 877
1978 877
1978 876
1976 876
1976 875
1964 875
1964 874
1961 874
1961 873
1960 873
1960 872
1959 872
1959 869
1958 869
1958 864
1957 864
1957 862
1956 862
1956 861
1955 861
1955 860
1951 860
1951 859
1943 859
1943 858
1939 858
1939 857
1931 857
1931 856
1929 856
1929 855
1924 855
1924 854
1919 854
1919 853
1916 853
1916 852
1915 852
1915 851
1914 851
1914 850
1913 850
1913 849
1908 849
1908 848
1905 848
1905 847
1904 847
1904 846
1901 846
1901 845
1899 845
1899 844
1896 844
1896 843
1895 843
1895 839
1894 839
1894 838
1893 838
1893 837
1892 837
1892 836
1891 836
1891 835
1890 835
1890 834
1889 834
1889 833
1888 833
1888 832
1887 832
1887 831
1886 831
1886 829
1885 829
1885 828
1884 828
1884 826
1883 826
1883 821
1882 821
1882 817
1881 817
1881 815
1880 815
1880 807
1879 807
1879 801
1878 801
1878 795
1877 795
1877 794
1876 794
1876 793
1874 793
1874 792
1872 792
1872 791
1871 791
1871 790
1859 790
1859 791
1856 791
1856 792
1854 792
1854 793
1849 793
1849 794
1847 794
1847 795
1846 795
1846 796
1845 796
1845 797
1843 797
1843 798
1832 798
1832 799
1822 799
1822 798
1815 798
1815 799
1814 799
1814 800
1813 800
1813 801
1812 801
1812 802
1811 802
1811 803
1810 803
1810 804
1809 804
1809 805
1807 805
1807 806
1801 806
1801 807
1799 807
1799 808
1798 808
1798 809
1797 809
1797 810
1796 810
1796 811
1791 811
1791 812
1785 812
1785 813
1778 813
1778 814
1775 814
1775 815
1771 815
1771 816
1767 816
1767 817
1765 817
1765 818
1761 818
1761 819
1752 819
1752 820
1750 820
1750 819
1748 819
1748 818
1747 818
1747 817
1746 817
1746 816
1745 816
1745 815
1737 815
1737 814
1736 814
1736 813
1734 813
1734 812
1733 812
1733 811
1727 811
1727 810
1725 810
1725 809
1723 809
1723 808
1721 808
1721 807
1720 807
1720 806
1719 806
1719 805
1718 805
1718 804
1713 804
1713 805
1705 805
1705 806
1703 806
1703 807
1701 807
1701 808
1699 808
1699 809
1693 809
1693 810
1692 810
1692 811
1690 811
1690 812
1677 812
1677 813
1674 813
1674 814
1672 814
1672 813
1669 813
1669 812
1668 812
1668 811
1666 811
1666 810
1665 810
1665 809
1663 809
1663 808
1662 808
1662 807
1661 807
1661 806
1660 806
1660 804
1659 804
1659 802
1658 802
1658 795
1657 795
1657 793
1656 793
1656 792
1654 792
1654 791
1652 791
1652 790
1651 790
1651 789
1648 789
1648 788
1647 788
1647 787
1645 787
1645 786
1642 786
1642 785
1640 785
1640 784
1638 784
1638 783
1637 783
1637 782
1636 782
1636 781
1635 781
1635 780
1634 780
1634 772
1633 772
1633 767
1632 767
1632 765
1631 765
1631 764
1630 764
1630 763
1629 763
1629 762
1628 762
1628 761
1627 761
1627 760
1626 760
1626 759
1625 759
1625 758
1624 758
1624 757
1623 757
1623 755
1622 755
1622 753
1621 753
1621 743
1620 743
1620 742
1619 742
1619 741
1618 741
1618 740
1616 740
1616 739
1614 739
1614 738
1611 738
1611 737
1610 737
1610 736
1609 736
1609 733
1608 733
1608 732
1607 732
1607 731
1606 731
1606 730
1605 730
1605 729
1603 729
1603 728
1600 728
1600 727
1599 727
1599 726
1598 726
1598 725
1597 725
1597 723
1596 723
1596 720
1595 720
1595 718
1594 718
1594 715
1593 715
1593 714
1590 714
1590 713
1588 713
1588 712
1586 712
1586 711
1584 711
1584 710
1583 710
1583 709
1562 709
1562 710
1561 710
1561 711
1560 711
1560 712
1557 712
1557 713
1551 713
1551 714
1550 714
1550 713
1541 713
1541 714
1533 714
1533 715
1532 715
1532 714
1530 714
1530 713
1524 713
1524 712
1520 712
1520 711
1501 711
1501 710
1482 710
1482 711
1479 711
1479 712
1476 712
1476 713
1468 713
1468 714
1464 714
1464 715
1456 715
1456 714
1450 714
1450 713
1448 713
1448 712
1440 712
1440 711
1436 711
1436 710
1435 710
1435 709
1433 709
1433 708
1431 708
1431 707
1429 707
1429 706
1426 706
1426 705
1424 705
1424 704
1423 704
1423 703
1421 703
1421 702
1420 702
1420 701
1418 701
1418 700
1416 700
1416 699
1414 699
1414 698
1412 698
1412 697
1410 697
1410 696
1406 696
1406 695
1404 695
1404 694
1400 694
1400 693
1399 693
1399 692
1398 692
1398 691
1397 691
1397 690
1396 690
1396 689
1395 689
1395 685
1394 685
1394 684
1392 684
1392 683
1388 683
1388 682
1387 682
1387 681
1386 681
1386 680
1384 680
1384 679
1383 679
1383 678
1382 678
1382 677
1381 677
1381 676
1378 676
1378 675
1376 675
1376 674
1374 674
1374 673
1373 673
1373 672
1372 672
1372 671
1371 671
1371 670
1370 670
1370 667
1369 667
1369 666
1368 666
1368 665
1364 665
1364 664
1362 664
1362 663
1361 663
1361 662
1359 662
1359 661
1358 661
1358 653
1357 653
1357 649
1356 649
1356 648
1354 648
1354 647
1351 647
1351 646
1349 646
1349 645
1347 645
1347 644
1346 644
1346 642
1345 642
1345 637
1344 637
1344 636
1343 636
1343 635
1341 635
1341 634
1338 634
1338 633
1336 633
1336 632
1335 632
1335 631
1334 631
1334 630
1333 630
1333 629
1329 629
1329 628
1325 628
1325 627
1324 627
1324 626
1323 626
1323 625
1322 625
1322 624
1321 624
1321 623
1320 623
1320 622
1319 622
1319 621
1316 621
1316 620
1311 620
1311 619
1307 619
1307 618
1302 618
1302 617
1300 617
1300 616
1299 616
1299 615
1298 615
1298 614
1297 614
1297 611
1296 611
1296 602
1295 602
1295 600
1294 600
1294 599
1290 599
1290 598
1288 598
1288 597
1286 597
1286 596
1282 596
1282 595
1277 595
1277 594
1275 594
1275 593
1274 593
1274 592
1273 592
1273 591
1272 591
1272 590
1271 590
1271 589
1270 589
1270 587
1269 587
1269 577
1268 577
1268 575
1267 575
1267 573
1266 573
1266 572
1265 572
1265 570
1264 570
1264 568
1263 568
1263 567
1262 567
1262 566
1261 566
1261 565
1260 565
1260 564
1256 564
1256 563
1239 563
1239 564
1237 564
1237 565
1234 565
1234 566
1231 566
1231 567
1222 567
1222 566
1208 566
1208 565
1206 565
1206 564
1203 564
1203 563
1201 563
1201 562
1196 562
1196 563
1194 563
1194 562
1193 562
1193 561
1189 561
1189 560
1187 560
1187 559
1179 559
1179 560
1175 560
1175 559
1169 559
1169 558
1167 558
1167 557
1164 557
1164 556
1162 556
1162 555
1157 555
1157 554
1156 554
1156 553
1155 553
1155 552
1154 552
1154 551
1153 551
1153 549
1152 549
1152 545
1151 545
1151 544
1149 544
1149 543
1144 543
1144 542
1142 542
1142 541
1141 541
1141 538
1140 538
1140 536
1139 536
1139 535
1137 535
1137 534
1123 534
1123 533
1120 533
1120 532
1115 532
1115 531
1096 531
1096 530
1093 530
1093 529
1090 529
1090 528
1089 528
1089 527
1086 527
1086 526
1084 526
1084 525
1082 525
1082 524
1080 524
1080 523
1078 523
1078 522
1076 522
1076 521
1074 521
1074 520
1072 520
1072 519
1071 519
1071 518
1070 518
1070 516
1069 516
1069 512
1068 512
1068 511
1067 511
1067 510
1065 510
1065 509
1064 509
1064 508
1062 508
1062 507
1061 507
1061 505
1060 505
1060 504
1059 504
1059 503
1058 503
1058 502
1057 502
1057 501
1055 501
1055 500
1054 500
1054 499
1051 499
1051 498
1050 498
1050 497
1048 497
1048 496
1047 496
1047 495
1046 495
1046 493
1045 493
1045 485
1044 485
1044 482
1043 482
1043 481
1042 481
1042 480
1041 480
1041 479
1039 479
1039 478
1037 478
1037 477
1035 477
1035 476
1034 476
1034 475
1033 475
1033 473
1032 473
1032 459
1031 459
1031 458
1030 458
1030 457
1029 457
1029 456
1028 456
1028 455
1024 455
1024 454
1023 454
1023 453
1022 453
1022 452
1021 452
1021 450
1020 450
1020 442
1019 442
1019 441
1018 441
1018 440
1017 440
1017 439
1016 439
1016 440
1008 440
1008 441
999 441
999 440
990 440
990 439
988 439
988 438
987 438
987 437
986 437
986 436
985 436
985 434
984 434
984 433
982 433
982 434
979 434
979 435
976 435
976 436
975 436
975 437
974 437
974 438
972 438
972 439
969 439
969 440
960 440
960 441
958 441
958 442
957 442
957 441
950 441
950 442
948 442
948 441
942 441
942 440
938 440
938 439
937 439
937 438
936 438
936 437
935 437
935 436
933 436
933 435
931 435
931 434
929 434
929 433
928 433
928 432
927 432
927 431
926 431
926 430
925 430
925 429
924 429
924 428
921 428
921 427
919 427
919 426
917 426
917 425
916 425
916 424
915 424
915 423
914 423
914 422
913 422
913 421
912 421
912 420
911 420
911 419
909 419
909 418
907 418
907 417
906 417
906 416
904 416
904 415
903 415
903 414
902 414
902 411
901 411
901 406
900 406
900 404
899 404
899 403
898 403
898 402
897 402
897 401
895 401
895 400
894 400
894 399
893 399
893 398
892 398
892 397
890 397
890 396
889 396
889 391
888 391
888 388
887 388
887 387
886 387
886 386
885 386
885 385
884 385
884 386
881 386
881 387
880 387
880 388
879 388
879 389
878 389
878 390
876 390
876 391
874 391
874 392
873 392
873 393
866 393
866 392
864 392
864 391
863 391
863 390
862 390
862 389
860 389
860 388
858 388
858 387
857 387
857 385
856 385
856 382
855 382
855 381
854 381
854 380
853 380
853 379
849 379
849 378
848 378
848 377
846 377
846 376
845 376
845 375
844 375
844 373
843 373
843 368
842 368
842 354
841 354
841 322
840 322
840 307
839 307
839 283
838 283
838 281
837 281
837 280
836 280
836 279
835 279
835 278
834 278
834 277
832 277
832 276
831 276
831 275
829 275
829 274
828 274
828 273
827 273
827 270
826 270
826 264
825 264
825 263
824 263
824 262
823 262
823 261
819 261
819 260
818 260
818 259
817 259
817 258
815 258
815 257
813 257
813 256
812 256
812 255
808 255
808 254
807 254
807 253
806 253
806 252
804 252
804 251
803 251
803 250
802 250
802 246
801 246
801 235
800 235
800 214
799 214
799 202
798 202
798 176
797 176
797 175
796 175
796 174
794 174
794 173
791 173
791 172
786 172
786 173
782 173
782 174
761 174
761 173
758 173
758 172
755 172
755 171
754 171
754 170
753 170
753 167
752 167
752 166
751 166
751 159
750 159
750 156
749 156
749 155
748 155
748 154
745 154
745 153
743 153
743 152
742 152
742 151
741 151
741 150
740 150
740 148
739 148
739 146
738 146
738 135
737 135
737 134
736 134
736 133
735 133
735 132
730 132
730 131
726 131
726 132
725 132
725 133
724 133
724 132
714 132
714 133
712 133
712 134
710 134
710 135
704 135
704 136
702 136
702 135
699 135
699 134
696 134
696 133
694 133
694 131
693 131
693 133
694 133
694 134
696 134
696 135
699 135
699 136
702 136
702 137
704 137
704 136
710 136
710 135
712 135
712 134
714 134
714 133
724 133
724 134
726 134
726 132
730 132
730 133
735 133
735 134
736 134
736 135
737 135
737 146
738 146
738 148
739 148
739 150
740 150
740 151
741 151
741 152
742 152
742 153
743 153
743 154
745 154
745 155
748 155
748 156
749 156
749 159
750 159
750 166
751 166
751 167
752 167
752 170
753 170
753 171
754 171
754 172
755 172
755 173
758 173
758 174
761 174
761 175
782 175
782 174
786 174
786 173
791 173
791 174
794 174
794 175
796 175
796 176
797 176
797 202
798 202
798 214
799 214
799 235
800 235
800 246
801 246
801 250
802 250
802 251
803 251
803 252
804 252
804 253
806 253
806 254
807 254
807 255
808 255
808 256
812 256
812 257
813 257
813 258
815 258
815 259
817 259
817 260
818 260
818 261
819 261
819 262
823 262
823 263
824 263
824 264
825 264
825 270
826 270
826 273
827 273
827 274
828 274
828 275
829 275
829 276
831 276
831 277
832 277
832 278
834 278
834 279
835 279
835 280
836 280
836 281
837 281
837 283
838 283
838 307
839 307
839 322
840 322
840 354
841 354
841 368
842 368
842 373
843 373
843 375
844 375
844 376
845 376
845 377
846 377
846 378
848 378
848 379
849 379
849 380
853 380
853 381
854 381
854 382
855 382
855 385
856 385
856 387
857 387
857 388
858 388
858 389
860 389
860 390
862 390
862 391
863 391
863 392
864 392
864 393
866 393
866 394
873 394
873 393
874 393
874 392
876 392
876 391
878 391
878 390
879 390
879 389
880 389
880 388
881 388
881 387
884 387
884 386
885 386
885 387
886 387
886 388
887 388
887 391
888 391
888 396
889 396
889 397
890 397
890 398
892 398
892 399
893 399
893 400
894 400
894 401
895 401
895 402
897 402
897 403
898 403
898 404
899 404
899 406
900 406
900 411
901 411
901 414
902 414
902 415
903 415
903 416
904 416
904 417
906 417
906 418
907 418
907 419
909 419
909 420
911 420
911 421
912 421
912 422
913 422
913 423
914 423
914 424
915 424
915 425
916 425
916 426
917 426
917 427
919 427
919 428
921 428
921 429
924 429
924 430
925 430
925 431
926 431
926 432
927 432
927 433
928 433
928 434
929 434
929 435
931 435
931 436
933 436
933 437
935 437
935 438
936 438
936 439
937 439
937 440
938 440
938 441
942 441
942 442
948 442
948 443
950 443
950 442
957 442
957 443
958 443
958 442
960 442
960 441
969 441
969 440
972 440
972 439
974 439
974 438
975 438
975 437
976 437
976 436
979 436
979 435
982 435
982 434
984 434
984 436
985 436
985 437
986 437
986 438
987 438
987 439
988 439
988 440
990 440
990 441
999 441
999 442
1008 442
1008 441
1016 441
1016 440
1017 440
1017 441
1018 441
1018 442
1019 442
1019 450
1020 450
1020 452
1021 452
1021 453
1022 453
1022 454
1023 454
1023 455
1024 455
1024 456
1028 456
1028 457
1029 457
1029 458
1030 458
1030 459
1031 459
1031 473
1032 473
1032 475
1033 475
1033 476
1034 476
1034 477
1035 477
1035 478
1037 478
1037 479
1039 479
1039 480
1041 480
1041 481
1042 481
1042 482
1043 482
1043 485
1044 485
1044 493
1045 493
1045 495
1046 495
1046 496
1047 496
1047 497
1048 497
1048 498
1050 498
1050 499
1051 499
1051 500
1054 500
1054 501
1055 501
1055 502
1057 502
1057 503
1058 503
1058 504
1059 504
1059 505
1060 505
1060 507
1061 507
1061 508
1062 508
1062 509
1064 509
1064 510
1065 510
1065 511
1067 511
1067 512
1068 512
1068 516
1069 516
1069 518
1070 518
1070 519
1071 519
1071 520
1072 520
1072 521
1074 521
1074 522
1076 522
1076 523
1078 523
1078 524
1080 524
1080 525
1082 525
1082 526
1084 526
1084 527
1086 527
1086 528
1089 528
1089 529
1090 529
1090 530
1093 530
1093 531
1096 531
1096 532
1115 532
1115 533
1120 533
1120 534
1123 534
1123 535
1137 535
1137 536
1139 536
1139 538
1140 538
1140 541
1141 541
1141 542
1142 542
1142 543
1144 543
1144 544
1149 544
1149 545
1151 545
1151 549
1152 549
1152 551
1153 551
1153 552
1154 552
1154 553
1155 553
1155 554
1156 554
1156 555
1157 555
1157 556
1162 556
1162 557
1164 557
1164 558
1167 558
1167 559
1169 559
1169 560
1175 560
1175 561
1179 561
1179 560
1187 560
1187 561
1189 561
1189 562
1193 562
1193 563
1194 563
1194 564
1196 564
1196 563
1201 563
1201 564
1203 564
1203 565
1206 565
1206 566
1208 566
1208 567
1222 567
1222 568
1231 568
1231 567
1234 567
1234 566
1237 566
1237 565
1239 565
1239 564
1256 564
1256 565
1260 565
1260 566
1261 566
1261 567
1262 567
1262 568
1263 568
1263 570
1264 570
1264 572
1265 572
1265 573
1266 573
1266 575
1267 575
1267 577
1268 577
1268 587
1269 587
1269 589
1270 589
1270 590
1271 590
1271 591
1272 591
1272 592
1273 592
1273 593
1274 593
1274 594
1275 594
1275 595
1277 595
1277 596
1282 596
1282 597
1286 597
1286 598
1288 598
1288 599
1290 599
1290 600
1294 600
1294 602
1295 602
1295 611
1296 611
1296 614
1297 614
1297 615
1298 615
1298 616
1299 616
1299 617
1300 617
1300 618
1302 618
1302 619
1307 619
1307 620
1311 620
1311 621
1316 621
1316 622
1319 622
1319 623
1320 623
1320 624
1321 624
1321 625
1322 625
1322 626
1323 626
1323 627
1324 627
1324 628
1325 628
1325 629
1329 629
1329 630
1333 630
1333 631
1334 631
1334 632
1335 632
1335 633
1336 633
1336 634
1338 634
1338 635
1341 635
1341 636
1343 636
1343 637
1344 637
1344 642
1345 642
1345 644
1346 644
1346 645
1347 645
1347 646
1349 646
1349 647
1351 647
1351 648
1354 648
1354 649
1356 649
1356 653
1357 653
1357 661
1358 661
1358 662
1359 662
1359 663
1361 663
1361 664
1362 664
1362 665
1364 665
1364 666
1368 666
1368 667
1369 667
1369 670
1370 670
1370 671
1371 671
1371 672
1372 672
1372 673
1373 673
1373 674
1374 674
1374 675
1376 675
1376 676
1378 676
1378 677
1381 677
1381 678
1382 678
1382 679
1383 679
1383 680
1384 680
1384 681
1386 681
1386 682
1387 682
1387 683
1388 683
1388 684
1392 684
1392 685
1394 685
1394 689
1395 689
1395 690
1396 690
1396 691
1397 691
1397 692
1398 692
1398 693
1399 693
1399 694
1400 694
1400 695
1404 695
1404 696
1406 696
1406 697
1410 697
1410 698
1412 698
1412 699
1414 699
1414 700
1416 700
1416 701
1418 701
1418 702
1420 702
1420 703
1421 703
1421 704
1423 704
1423 705
1424 705
1424 706
1426 706
1426 707
1429 707
1429 708
1431 708
1431 709
1433 709
1433 710
1435 710
1435 711
1436 711
1436 712
1440 712
1440 713
1448 713
1448 714
1450 714
1450 715
1456 715
1456 716
1464 716
1464 715
1468 715
1468 714
1476 714
1476 713
1479 713
1479 712
1482 712
1482 711
1501 711
1501 712
1520 712
1520 713
1524 713
1524 714
1530 714
1530 715
1532 715
1532 716
1533 716
1533 715
1541 715
1541 714
1550 714
1550 715
1551 715
1551 714
1557 714
1557 713
1560 713
1560 712
1561 712
1561 711
1562 711
1562 710
1583 710
1583 711
1584 711
1584 712
1586 712
1586 713
1588 713
1588 714
1590 714
1590 715
1593 715
1593 718
1594 718
1594 720
1595 720
1595 723
1596 723
1596 725
1597 725
1597 726
1598 726
1598 727
1599 727
1599 728
1600 728
1600 729
1603 729
1603 730
1605 730
1605 731
1606 731
1606 732
1607 732
1607 733
1608 733
1608 736
1609 736
1609 737
1610 737
1610 738
1611 738
1611 739
1614 739
1614 740
1616 740
1616 741
1618 741
1618 742
1619 742
1619 743
1620 743
1620 753
1621 753
1621 755
1622 755
1622 757
1623 757
1623 758
1624 758
1624 759
1625 759
1625 760
1626 760
1626 761
1627 761
1627 762
1628 762
1628 763
1629 763
1629 764
1630 764
1630 765
1631 765
1631 767
1632 767
1632 772
1633 772
1633 780
1634 780
1634 781
1635 781
1635 782
1636 782
1636 783
1637 783
1637 784
1638 784
1638 785
1640 785
1640 786
1642 786
1642 787
1645 787
1645 788
1647 788
1647 789
1648 789
1648 790
1651 790
1651 791
1652 791
1652 792
1654 792
1654 793
1656 793
1656 795
1657 795
1657 802
1658 802
1658 804
1659 804
1659 806
1660 806
1660 807
1661 807
1661 808
1662 808
1662 809
1663 809
1663 810
1665 810
1665 811
1666 811
1666 812
1668 812
1668 813
1669 813
1669 814
1672 814
1672 815
1674 815
1674 814
1677 814
1677 813
1690 813
1690 812
1692 812
1692 811
1693 811
1693 810
1699 810
1699 809
1701 809
1701 808
1703 808
1703 807
1705 807
1705 806
1713 806
1713 805
1718 805
1718 806
1719 806
1719 807
1720 807
1720 808
1721 808
1721 809
1723 809
1723 810
1725 810
1725 811
1727 811
1727 812
1733 812
1733 813
1734 813
1734 814
1736 814
1736 815
1737 815
1737 816
1745 816
1745 817
1746 817
1746 818
1747 818
1747 819
1748 819
1748 820
1750 820
1750 821
1752 821
1752 820
1761 820
1761 819
1765 819
1765 818
1767 818
1767 817
1771 817
1771 816
1775 816
1775 815
1778 815
1778 814
1785 814
1785 813
1791 813
1791 812
1796 812
1796 811
1797 811
1797 810
1798 810
1798 809
1799 809
1799 808
1801 808
1801 807
1807 807
1807 806
1809 806
1809 805
1810 805
1810 804
1811 804
1811 803
1812 803
1812 802
1813 802
1813 801
1814 801
1814 800
1815 800
1815 799
1822 799
1822 800
1832 800
1832 799
1843 799
1843 798
1845 798
1845 797
1846 797
1846 796
1847 796
1847 795
1849 795
1849 794
1854 794
1854 793
1856 793
1856 792
1859 792
1859 791
1871 791
1871 792
1872 792
1872 793
1874 793
1874 794
1876 794
1876 795
1877 795
1877 801
1878 801
1878 807
1879 807
1879 815
1880 815
1880 817
1881 817
1881 821
1882 821
1882 826
1883 826
1883 828
1884 828
1884 829
1885 829
1885 831
1886 831
1886 832
1887 832
1887 833
1888 833
1888 834
1889 834
1889 835
1890 835
1890 836
1891 836
1891 837
1892 837
1892 838
1893 838
1893 839
1894 839
1894 843
1895 843
1895 844
1896 844
1896 845
1899 845
1899 846
1901 846
1901 847
1904 847
1904 848
1905 848
1905 849
1908 849
1908 850
1913 850
1913 851
1914 851
1914 852
1915 852
1915 853
1916 853
1916 854
1919 854
1919 855
1924 855
1924 856
1929 856
1929 857
1931 857
1931 858
1939 858
1939 859
1943 859
1943 860
1951 860
1951 861
1955 861
1955 862
1956 862
1956 864
1957 864
1957 869
1958 869
1958 872
1959 872
1959 873
1960 873
1960 874
1961 874
1961 875
1964 875
1964 876
1976 876
1976 877
1978 877
1978 878
1980 878
1980 879
1982 879
1982 880
1983 880
1983 881
1984 881
1984 882
1985 882
1985 883
1986 883
1986 884
1987 884
1987 885
1988 885
1988 886
1991 886
1991 887
1994 887
1994 888
2003 888
2003 889
2008 889
2008 890
2012 890
2012 891
2020 891
2020 890
2042 890
2042 889
2045 889
2045 888
2046 888
2046 887
2056 887
2056 886
2061 886
2061 885
2065 885
2065 886
2068 886
2068 887
2069 887
2069 888
2070 888
2070 889
2077 889
2077 888
2080 888
2080 887
2083 887
2083 886
2091 886
2091 885
2093 885
2093 884
2094 884
2094 883
2095 883
2095 882
2097 882
2097 881
2098 881
2098 880
2099 880
2099 879
2101 879
2101 878
2102 878
2102 877
2103 877
2103 876
2104 876
2104 875
2105 875
2105 874
2106 874
2106 873
2107 873
2107 872
2108 872
2108 871
2109 871
2109 869
2110 869
2110 863
2109 863
2109 861
2114 861
2114 860
2116 860
2116 859
2118 859
2118 858
2119 858
2119 856
2120 856
2120 855
2119 855
2119 851
2118 851
2118 846
2123 846
2123 845
2127 845
2127 844
2128 844
2128 842
2129 842
2129 831
2128 831
2128 829
2127 829
2127 826
2126 826
2126 822
2125 822
2125 817
2126 817
2126 815
2128 815
2128 814
2131 814
2131 813
2139 813
2139 814
2149 814
2149 813
2151 813
2151 812
2154 812
2154 811
2159 811
2159 810
2162 810
2162 809
2164 809
2164 808
2166 808
2166 807
2176 807
2176 808
2178 808
2178 809
2180 809
2180 810
2184 810
2184 811
2185 811
2185 818
2186 818
2186 820
2187 820
2187 822
2188 822
2188 823
2189 823
2189 824
2190 824
2190 825
2191 825
2191 826
2192 826
2192 827
2193 827
2193 828
2196 828
2196 829
2198 829
2198 830
2199 830
2199 831
2200 831
2200 832
2202 832
2202 833
2203 833
2203 834
2204 834
2204 835
2206 835
2206 836
2207 836
2207 837
2208 837
2208 838
2209 838
2209 839
2210 839
2210 842
2211 842
2211 843
2212 843
2212 844
2213 844
2213 845
2214 845
2214 846
2215 846
2215 847
2216 847
2216 848
2217 848
2217 849
2218 849
2218 850
2221 850
2221 851
2223 851
2223 852
2224 852
2224 853
2225 853
2225 855
2226 855
2226 856
2227 856
2227 857
2228 857
2228 858
2229 858
2229 859
2231 859
2231 860
2235 860
2235 861
2237 861
2237 862
2238 862
2238 863
2239 863
2239 864
2241 864
2241 865
2243 865
2243 866
2246 866
2246 867
2259 867
2259 868
2263 868
2263 867
2266 867
2266 866
2267 866
2267 865
2268 865
2268 864
2271 864
2271 863
2273 863
2273 862
2277 862
2277 861
2279 861
2279 860
2281 860
2281 859
2284 859
2284 860
2286 860
2286 861
2287 861
2287 863
2288 863
2288 864
2289 864
2289 865
2291 865
2291 866
2297 866
2297 867
2299 867
2299 868
2301 868
2301 869
2304 869
2304 870
2306 870
2306 871
2309 871
2309 872
2311 872
2311 873
2314 873
2314 874
2318 874
2318 875
2320 875
2320 876
2331 876
2331 875
2332 875
2332 876
2338 876
2338 877
2339 877
2339 878
2342 878
