2298 413
2299 413
2299 424
2300 424
2300 426
2301 426
2301 433
2300 433
2300 436
2299 436
2299 440
2298 440
2298 442
2297 442
2297 445
2294 445
2294 446
2291 446
2291 447
2290 447
2290 448
2288 448
2288 449
2285 449
2285 450
2283 450
2283 451
2280 451
2280 452
2279 452
2279 453
2277 453
2277 454
2275 454
2275 455
2267 455
2267 456
2264 456
2264 455
2257 455
2257 454
2253 454
2253 453
2246 453
2246 452
2241 452
2241 451
2236 451
2236 452
2232 452
2232 453
2229 453
2229 454
2228 454
2228 455
2227 455
2227 456
2226 456
2226 457
2224 457
2224 458
2222 458
2222 459
2210 459
2210 460
2208 460
2208 461
2206 461
2206 462
2204 462
2204 463
2200 463
2200 464
2196 464
2196 465
2195 465
2195 466
2194 466
2194 467
2192 467
2192 468
2189 468
2189 469
2188 469
2188 470
2187 470
2187 471
2186 471
2186 473
2187 473
2187 479
2186 479
2186 480
2181 480
2181 481
2178 481
2178 482
2177 482
2177 483
2176 483
2176 484
2175 484
2175 488
2174 488
2174 489
2173 489
2173 498
2172 498
2172 501
2170 501
2170 502
2169 502
2169 503
2164 503
2164 504
2163 504
2163 505
2162 505
2162 514
2161 514
2161 524
2160 524
2160 525
2159 525
2159 527
2157 527
2157 528
2155 528
2155 529
2153 529
2153 530
2137 530
2137 529
2125 529
2125 530
2122 530
2122 531
2115 531
2115 532
2109 532
2109 531
2102 531
2102 530
2097 530
2097 529
2093 529
2093 528
2091 528
2091 527
2090 527
2090 526
2089 526
2089 525
2088 525
2088 524
2087 524
2087 522
2086 522
2086 520
2085 520
2085 519
2084 519
2084 518
2078 518
2078 519
2066 519
2066 516
2065 516
2065 511
2064 511
2064 510
2063 510
2063 509
2061 509
2061 508
2057 508
2057 509
2056 509
2056 510
2055 510
2055 521
2054 521
2054 522
2053 522
2053 525
2052 525
2052 526
2051 526
2051 527
2049 527
2049 528
2048 528
2048 529
2047 529
2047 530
2046 530
2046 536
2045 536
2045 541
2044 541
2044 584
2043 584
2043 585
2042 585
2042 586
2040 586
2040 587
2039 587
2039 588
2035 588
2035 589
2029 589
2029 590
2023 590
2023 591
2020 591
2020 592
2002 592
2002 591
2000 591
2000 590
1999 590
1999 589
1998 589
1998 588
1996 588
1996 587
1993 587
1993 586
1992 586
1992 585
1990 585
1990 584
1989 584
1989 583
1987 583
1987 581
1986 581
1986 580
1984 580
1984 579
1983 579
1983 578
1981 578
1981 577
1980 577
1980 576
1977 576
1977 575
1974 575
1974 574
1973 574
1973 573
1972 573
1972 572
1969 572
1969 571
1967 571
1967 570
1964 570
1964 569
1961 569
1961 568
1958 568
1958 567
1957 567
1957 566
1956 566
1956 565
1955 565
1955 564
1954 564
1954 563
1953 563
1953 562
1952 562
1952 561
1951 561
1951 560
1950 560
1950 559
1949 559
1949 558
1947 558
1947 557
1946 557
1946 556
1942 556
1942 555
1932 555
1932 556
1931 556
1931 557
1930 557
1930 561
1928 561
1928 562
1926 562
1926 563
1924 563
1924 564
1920 564
1920 565
1919 565
1919 572
1918 572
1918 596
1917 596
1917 598
1915 598
1915 599
1913 599
1913 600
1910 600
1910 601
1908 601
1908 602
1907 602
1907 603
1906 603
1906 607
1905 607
1905 621
1906 621
1906 637
1905 637
1905 638
1906 638
1906 640
1905 640
1905 645
1904 645
1904 651
1902 651
1902 652
1901 652
1901 653
1898 653
1898 654
1896 654
1896 655
1895 655
1895 656
1894 656
1894 657
1892 657
1892 658
1890 658
1890 659
1888 659
1888 660
1884 660
1884 661
1881 661
1881 662
1877 662
1877 663
1876 663
1876 664
1873 664
1873 665
1868 665
1868 666
1866 666
1866 667
1864 667
1864 668
1861 668
1861 669
1858 669
1858 670
1852 670
1852 671
1839 671
1839 672
1837 672
1837 673
1835 673
1835 674
1833 674
1833 675
1822 675
1822 676
1819 676
1819 677
1793 677
1793 678
1791 678
1791 679
1789 679
1789 680
1788 680
1788 681
1785 681
1785 680
1768 680
1768 681
1752 681
1752 680
1751 680
1751 677
1750 677
1750 676
1749 676
1749 673
1748 673
1748 672
1746 672
1746 671
1735 671
1735 669
1734 669
1734 668
1733 668
1733 666
1732 666
1732 665
1731 665
1731 664
1729 664
1729 663
1728 663
1728 662
1727 662
1727 661
1726 661
1726 660
1725 660
1725 658
1724 658
1724 657
1723 657
1723 656
1722 656
1722 651
1721 651
1721 648
1720 648
1720 647
1719 647
1719 643
1718 643
1718 619
1717 619
1717 618
1716 618
1716 617
1715 617
1715 616
1704 616
1704 615
1702 615
1702 614
1701 614
1701 613
1700 613
1700 612
1699 612
1699 610
1698 610
1698 608
1697 608
1697 605
1696 605
1696 575
1695 575
1695 570
1694 570
1694 569
1693 569
1693 568
1692 568
1692 566
1691 566
1691 565
1690 565
1690 564
1689 564
1689 563
1688 563
1688 561
1687 561
1687 560
1686 560
1686 558
1685 558
1685 548
1684 548
1684 547
1683 547
1683 546
1680 546
1680 545
1677 545
1677 544
1672 544
1672 543
1669 543
1669 542
1668 542
1668 539
1667 539
1667 538
1666 538
1666 537
1665 537
1665 530
1664 530
1664 523
1663 523
1663 514
1662 514
1662 513
1661 513
1661 512
1645 512
1645 511
1643 511
1643 510
1639 510
1639 509
1637 509
1637 508
1629 508
1629 507
1624 507
1624 506
1620 506
1620 505
1617 505
1617 504
1614 504
1614 503
1609 503
1609 502
1608 502
1608 503
1606 503
1606 504
1605 504
1605 506
1604 506
1604 510
1603 510
1603 516
1604 516
1604 520
1605 520
1605 523
1604 523
1604 525
1602 525
1602 526
1596 526
1596 527
1595 527
1595 528
1594 528
1594 529
1593 529
1593 530
1592 530
1592 536
1591 536
1591 540
1590 540
1590 541
1588 541
1588 542
1587 542
1587 543
1576 543
1576 542
1573 542
1573 541
1571 541
1571 540
1570 540
1570 539
1569 539
1569 538
1568 538
1568 537
1567 537
1567 536
1566 536
1566 535
1565 535
1565 534
1564 534
1564 533
1563 533
1563 532
1562 532
1562 530
1561 530
1561 529
1560 529
1560 522
1559 522
1559 520
1558 520
1558 517
1557 517
1557 515
1556 515
1556 512
1555 512
1555 511
1553 511
1553 510
1541 510
1541 509
1537 509
1537 508
1535 508
1535 507
1531 507
1531 508
1529 508
1529 509
1528 509
1528 511
1527 511
1527 525
1526 525
1526 541
1525 541
1525 543
1524 543
1524 545
1522 545
1522 546
1520 546
1520 547
1519 547
1519 548
1518 548
1518 549
1517 549
1517 559
1516 559
1516 562
1515 562
1515 564
1513 564
1513 565
1511 565
1511 566
1508 566
1508 567
1507 567
1507 568
1505 568
1505 569
1504 569
1504 570
1495 570
1495 569
1493 569
1493 568
1491 568
1491 567
1484 567
1484 568
1477 568
1477 569
1476 569
1476 570
1475 570
1475 571
1474 571
1474 572
1473 572
1473 573
1471 573
1471 574
1470 574
1470 575
1469 575
1469 577
1468 577
1468 578
1467 578
1467 584
1466 584
1466 590
1465 590
1465 592
1464 592
1464 593
1463 593
1463 594
1461 594
1461 595
1459 595
1459 596
1458 596
1458 597
1454 597
1454 598
1451 598
1451 599
1440 599
1440 600
1432 600
1432 601
1427 601
1427 602
1424 602
1424 603
1422 603
1422 604
1420 604
1420 605
1416 605
1416 606
1414 606
1414 607
1411 607
1411 608
1406 608
1406 609
1400 609
1400 610
1398 610
1398 611
1395 611
1395 612
1393 612
1393 613
1390 613
1390 614
1384 614
1384 615
1371 615
1371 614
1367 614
1367 613
1365 613
1365 612
1363 612
1363 611
1360 611
1360 610
1356 610
1356 609
1355 609
1355 608
1353 608
1353 607
1351 607
1351 606
1349 606
1349 605
1348 605
1348 601
1347 601
1347 597
1346 597
1346 596
1345 596
1345 595
1344 595
1344 594
1343 594
1343 593
1338 593
1338 592
1335 592
1335 591
1334 591
1334 590
1333 590
1333 589
1332 589
1332 582
1333 582
1333 580
1334 580
1334 571
1333 571
1333 566
1332 566
1332 551
1333 551
1333 549
1332 549
1332 536
1331 536
1331 527
1330 527
1330 514
1329 514
1329 510
1328 510
1328 505
1327 505
1327 502
1326 502
1326 500
1325 500
1325 499
1324 499
1324 498
1323 498
1323 497
1322 497
1322 496
1320 496
1320 495
1307 495
1307 494
1297 494
1297 493
1295 493
1295 492
1294 492
1294 491
1293 491
1293 490
1292 490
1292 489
1285 489
1285 488
1280 488
1280 487
1279 487
1279 486
1278 486
1278 485
1277 485
1277 484
1276 484
1276 483
1275 483
1275 481
1274 481
1274 480
1273 480
1273 479
1272 479
1272 478
1271 478
1271 477
1269 477
1269 476
1267 476
1267 475
1266 475
1266 474
1265 474
1265 472
1264 472
1264 469
1263 469
1263 467
1262 467
1262 466
1261 466
1261 464
1260 464
1260 463
1258 463
1258 462
1256 462
1256 461
1254 461
1254 460
1253 460
1253 459
1252 459
1252 458
1251 458
1251 456
1250 456
1250 452
1249 452
1249 450
1248 450
1248 447
1247 447
1247 446
1246 446
1246 444
1245 444
1245 433
1244 433
1244 431
1243 431
1243 429
1242 429
1242 427
1241 427
1241 425
1240 425
1240 423
1239 423
1239 422
1238 422
1238 419
1237 419
1237 414
1236 414
1236 411
1235 411
1235 409
1234 409
1234 406
1233 406
1233 404
1232 404
1232 402
1231 402
1231 401
1230 401
1230 400
1229 400
1229 399
1228 399
1228 398
1226 398
1226 397
1224 397
1224 396
1223 396
1223 395
1222 395
1222 394
1221 394
1221 393
1220 393
1220 391
1219 391
1219 388
1218 388
1218 386
1217 386
1217 383
1216 383
1216 380
1217 380
1217 367
1216 367
1216 350
1215 350
1215 337
1214 337
1214 317
1213 317
1213 309
1212 309
1212 306
1211 306
1211 301
1210 301
1210 299
1209 299
1209 296
1208 296
1208 293
1207 293
1207 291
1206 291
1206 287
1205 287
1205 284
1204 284
1204 274
1203 274
1203 273
1202 273
1202 272
1200 272
1200 271
1196 271
1196 272
1194 272
1194 273
1193 273
1193 274
1192 274
1192 275
1191 275
1191 279
1190 279
1190 280
1189 280
1189 283
1188 283
1188 286
1187 286
1187 289
1186 289
1186 292
1185 292
1185 294
1184 294
1184 296
1183 296
1183 297
1181 297
1181 298
1175 298
1175 297
1171 297
1171 296
1166 296
1166 295
1164 295
1164 296
1163 296
1163 297
1162 297
1162 306
1158 306
1158 307
1152 307
1152 308
1150 308
1150 309
1149 309
1149 311
1148 311
1148 314
1147 314
1147 322
1146 322
1146 324
1145 324
1145 325
1144 325
1144 326
1143 326
1143 327
1142 327
1142 328
1138 328
1138 329
1134 329
1134 330
1127 330
1127 331
1122 331
1122 332
1118 332
1118 333
1117 333
1117 334
1116 334
1116 336
1115 336
1115 337
1114 337
1114 339
1113 339
1113 340
1111 340
1111 341
1110 341
1110 342
1109 342
1109 343
1108 343
1108 344
1107 344
1107 345
1106 345
1106 349
1105 349
1105 353
1104 353
1104 357
1103 357
1103 360
1102 360
1102 364
1101 364
1101 366
1100 366
1100 367
1099 367
1099 369
1098 369
1098 370
1097 370
1097 371
1096 371
1096 372
1095 372
1095 373
1094 373
1094 374
1093 374
1093 375
1091 375
1091 376
1088 376
1088 377
1072 377
1072 378
1070 378
1070 379
1069 379
1069 384
1068 384
1068 385
1067 385
1067 387
1066 387
1066 388
1064 388
1064 389
1063 389
1063 390
1060 390
1060 391
1059 391
1059 392
1058 392
1058 396
1057 396
1057 402
1056 402
1056 404
1055 404
1055 405
1054 405
1054 406
1045 406
1045 407
1039 407
1039 408
1035 408
1035 409
1034 409
1034 411
1033 411
1033 413
1034 413
1034 422
1033 422
1033 424
1032 424
1032 425
1031 425
1031 426
1029 426
1029 427
1027 427
1027 428
1022 428
1022 429
1017 429
1017 430
1013 430
1013 429
1009 429
1009 428
1007 428
1007 427
1005 427
1005 426
1004 426
1004 424
1003 424
1003 414
1002 414
1002 413
1001 413
1001 412
999 412
999 411
994 411
994 410
993 410
993 409
992 409
992 406
991 406
991 405
990 405
990 404
989 404
989 403
988 403
988 402
986 402
986 401
984 401
984 400
979 400
979 399
968 399
968 398
966 398
966 396
965 396
965 395
964 395
964 393
963 393
963 386
964 386
964 379
963 379
963 377
962 377
962 376
961 376
961 375
960 375
960 374
959 374
959 373
958 373
958 371
957 371
957 369
956 369
956 335
955 335
955 323
954 323
954 295
953 295
953 289
954 289
954 261
953 261
953 243
952 243
952 229
951 229
951 228
950 228
950 226
949 226
949 225
948 225
948 224
947 224
947 223
944 223
944 222
939 222
939 221
937 221
937 222
933 222
933 223
929 223
929 224
928 224
928 225
926 225
926 229
925 229
925 230
924 230
924 241
923 241
923 245
922 245
922 246
921 246
921 247
920 247
920 248
909 248
909 247
903 247
903 248
899 248
899 249
897 249
897 250
896 250
896 251
895 251
895 252
894 252
894 254
893 254
893 255
892 255
892 263
891 263
891 265
887 265
887 266
884 266
884 267
883 267
883 268
882 268
882 270
881 270
881 271
880 271
880 280
879 280
879 281
878 281
878 282
877 282
877 283
876 283
876 284
875 284
875 285
874 285
874 286
873 286
873 287
872 287
872 288
871 288
871 289
870 289
870 290
869 290
869 292
868 292
868 298
867 298
867 301
866 301
866 302
865 302
865 303
859 303
859 304
855 304
855 305
853 305
853 306
851 306
851 307
850 307
850 308
848 308
848 309
847 309
847 310
845 310
845 311
844 311
844 312
842 312
842 313
840 313
840 314
837 314
837 315
836 315
836 316
835 316
835 317
832 317
832 318
830 318
830 319
806 319
806 318
804 318
804 317
803 317
803 316
802 316
802 315
801 315
801 314
800 314
800 313
799 313
799 312
798 312
798 311
797 311
797 310
796 310
796 309
794 309
794 308
793 308
793 307
792 307
792 306
790 306
790 305
781 305
781 304
779 304
779 303
778 303
778 302
777 302
777 301
776 301
776 299
775 299
775 295
774 295
774 293
775 293
775 282
774 282
774 279
773 279
773 273
772 273
772 271
771 271
771 270
770 270
770 269
769 269
769 268
767 268
767 267
765 267
765 266
763 266
763 265
762 265
762 264
761 264
761 263
758 263
758 262
756 262
756 260
755 260
755 258
754 258
754 256
753 256
753 255
752 255
752 254
750 254
750 253
749 253
749 252
746 252
746 251
745 251
745 249
744 249
744 245
743 245
743 243
742 243
742 242
741 242
741 241
740 241
740 240
738 240
738 239
736 239
736 238
733 238
733 237
729 237
729 236
726 236
726 235
723 235
723 234
711 234
711 233
708 233
708 232
707 232
707 231
706 231
706 230
705 230
705 229
704 229
704 228
703 228
703 227
702 227
702 226
701 226
701 225
700 225
700 224
699 224
699 223
698 223
698 222
697 222
697 221
696 221
696 220
695 220
695 219
694 219
694 218
693 218
693 216
692 216
692 214
691 214
691 213
690 213
690 212
688 212
688 211
687 211
687 210
686 210
686 209
685 209
685 208
683 208
683 207
681 207
681 206
680 206
680 205
678 205
678 204
677 204
677 203
673 203
673 202
672 202
672 201
669 201
669 200
667 200
667 199
665 199
665 198
664 198
664 197
662 197
662 196
661 196
661 195
660 195
660 193
659 193
659 191
658 191
658 189
657 189
657 187
656 187
656 186
655 186
655 184
654 184
654 183
653 183
653 182
652 182
652 181
651 181
651 180
650 180
650 179
648 179
648 178
647 178
647 177
646 177
646 176
644 176
644 175
643 175
643 174
642 174
642 159
641 159
641 157
640 157
640 156
639 156
639 155
638 155
638 154
635 154
635 153
634 153
634 152
633 152
633 150
632 150
632 148
631 148
631 146
630 146
630 144
629 144
629 143
626 143
626 144
623 144
623 145
621 145
621 146
619 146
619 147
616 147
616 148
614 148
614 149
612 149
612 150
600 150
600 149
595 149
595 148
593 148
593 147
591 147
591 146
589 146
589 145
588 145
588 144
587 144
587 143
586 143
586 141
585 141
585 140
584 140
584 139
583 139
583 138
582 138
582 137
581 137
581 136
580 136
580 135
577 135
577 134
573 134
573 133
572 133
572 132
571 132
571 130
570 130
570 129
569 129
569 126
568 126
568 115
567 115
567 104
566 104
566 102
565 102
565 101
564 101
564 100
562 100
562 99
561 99
561 97
560 97
560 96
559 96
559 94
558 94
558 71
557 71
557 69
556 69
556 68
555 68
555 67
554 67
554 66
552 66
552 65
549 65
549 64
546 64
546 63
544 63
544 62
543 62
543 61
540 61
540 60
539 60
539 59
538 59
538 58
537 58
537 57
536 57
536 54
535 54
535 53
534 53
534 52
533 52
533 51
532 51
532 50
531 50
531 49
529 49
529 48
528 48
528 47
526 47
526 46
524 46
524 45
521 45
521 44
518 44
518 43
516 43
516 42
514 42
514 41
513 41
513 40
511 40
511 39
509 39
509 38
508 38
508 37
507 37
507 36
505 36
505 35
503 35
503 34
502 34
502 33
499 33
499 32
498 32
498 31
496 31
496 30
494 30
494 29
491 29
491 28
488 28
488 27
483 27
483 26
481 26
481 25
478 25
478 24
476 24
476 23
475 23
475 22
473 22
473 21
471 21
471 20
470 20
470 19
469 19
469 18
466 18
466 17
464 17
464 16
460 16
460 15
454 15
454 14
453 14
453 12
452 12
452 11
451 11
451 10
450 10
450 9
437 9
437 10
434 10
434 11
432 11
432 12
428 12
428 13
423 13
423 14
421 14
421 15
420 15
420 16
419 16
419 17
418 17
418 18
417 18
417 20
418 20
418 24
419 24
419 25
420 25
420 31
419 31
419 32
418 32
418 33
417 33
417 34
416 34
416 35
413 35
413 36
410 36
410 37
400 37
400 36
398 36
398 35
395 35
395 34
394 34
394 30
393 30
393 25
392 25
392 30
393 30
393 34
394 34
394 35
395 35
395 36
398 36
398 37
400 37
400 38
410 38
410 37
413 37
413 36
416 36
416 35
417 35
417 34
418 34
418 33
419 33
419 32
420 32
420 31
421 31
421 25
420 25
420 24
419 24
419 20
418 20
418 18
419 18
419 17
420 17
420 16
421 16
421 15
423 15
423 14
428 14
428 13
432 13
432 12
434 12
434 11
437 11
437 10
450 10
450 11
451 11
451 12
452 12
452 14
453 14
453 15
454 15
454 16
460 16
460 17
464 17
464 18
466 18
466 19
469 19
469 20
470 20
470 21
471 21
471 22
473 22
473 23
475 23
475 24
476 24
476 25
478 25
478 26
481 26
481 27
483 27
483 28
488 28
488 29
491 29
491 30
494 30
494 31
496 31
496 32
498 32
498 33
499 33
499 34
502 34
502 35
503 35
503 36
505 36
505 37
507 37
507 38
508 38
508 39
509 39
509 40
511 40
511 41
513 41
513 42
514 42
514 43
516 43
516 44
518 44
518 45
521 45
521 46
524 46
524 47
526 47
526 48
528 48
528 49
529 49
529 50
531 50
531 51
532 51
532 52
533 52
533 53
534 53
534 54
535 54
535 57
536 57
536 58
537 58
537 59
538 59
538 60
539 60
539 61
540 61
540 62
543 62
543 63
544 63
544 64
546 64
546 65
549 65
549 66
552 66
552 67
554 67
554 68
555 68
555 69
556 69
556 71
557 71
557 94
558 94
558 96
559 96
559 97
560 97
560 99
561 99
561 100
562 100
562 101
564 101
564 102
565 102
565 104
566 104
566 115
567 115
567 126
568 126
568 129
569 129
569 130
570 130
570 132
571 132
571 133
572 133
572 134
573 134
573 135
577 135
577 136
580 136
580 137
581 137
581 138
582 138
582 139
583 139
583 140
584 140
584 141
585 141
585 143
586 143
586 144
587 144
587 145
588 145
588 146
589 146
589 147
591 147
591 148
593 148
593 149
595 149
595 150
600 150
600 151
612 151
612 150
614 150
614 149
616 149
616 148
619 148
619 147
621 147
621 146
623 146
623 145
626 145
626 144
629 144
629 146
630 146
630 148
631 148
631 150
632 150
632 152
633 152
633 153
634 153
634 154
635 154
635 155
638 155
638 156
639 156
639 157
640 157
640 159
641 159
641 174
642 174
642 175
643 175
643 176
644 176
644 177
646 177
646 178
647 178
647 179
648 179
648 180
650 180
650 181
651 181
651 182
652 182
652 183
653 183
653 184
654 184
654 186
655 186
655 187
656 187
656 189
657 189
657 191
658 191
658 193
659 193
659 195
660 195
660 196
661 196
661 197
662 197
662 198
664 198
664 199
665 199
665 200
667 200
667 201
669 201
669 202
672 202
672 203
673 203
673 204
677 204
677 205
678 205
678 206
680 206
680 207
681 207
681 208
683 208
683 209
685 209
685 210
686 210
686 211
687 211
687 212
688 212
688 213
690 213
690 214
691 214
691 216
692 216
692 218
693 218
693 219
694 219
694 220
695 220
695 221
696 221
696 222
697 222
697 223
698 223
698 224
699 224
699 225
700 225
700 226
701 226
701 227
702 227
702 228
703 228
703 229
704 229
704 230
705 230
705 231
706 231
706 232
707 232
707 233
708 233
708 234
711 234
711 235
723 235
723 236
726 236
726 237
729 237
729 238
733 238
733 239
736 239
736 240
738 240
738 241
740 241
740 242
741 242
741 243
742 243
742 245
743 245
743 249
744 249
744 251
745 251
745 252
746 252
746 253
749 253
749 254
750 254
750 255
752 255
752 256
753 256
753 258
754 258
754 260
755 260
755 262
756 262
756 263
758 263
758 264
761 264
761 265
762 265
762 266
763 266
763 267
765 267
765 268
767 268
767 269
769 269
769 270
770 270
770 271
771 271
771 273
772 273
772 279
773 279
773 282
774 282
774 293
773 293
773 295
774 295
774 299
775 299
775 301
776 301
776 302
777 302
777 303
778 303
778 304
779 304
779 305
781 305
781 306
790 306
790 307
792 307
792 308
793 308
793 309
794 309
794 310
796 310
796 311
797 311
797 312
798 312
798 313
799 313
799 314
800 314
800 315
801 315
801 316
802 316
802 317
803 317
803 318
804 318
804 319
806 319
806 320
830 320
830 319
832 319
832 318
835 318
835 317
836 317
836 316
837 316
837 315
840 315
840 314
842 314
842 313
844 313
844 312
845 312
845 311
847 311
847 310
848 310
848 309
850 309
850 308
851 308
851 307
853 307
853 306
855 306
855 305
859 305
859 304
865 304
865 303
866 303
866 302
867 302
867 301
868 301
868 298
869 298
869 292
870 292
870 290
871 290
871 289
872 289
872 288
873 288
873 287
874 287
874 286
875 286
875 285
876 285
876 284
877 284
877 283
878 283
878 282
879 282
879 281
880 281
880 280
881 280
881 271
882 271
882 270
883 270
883 268
884 268
884 267
887 267
887 266
891 266
891 265
892 265
892 263
893 263
893 255
894 255
894 254
895 254
895 252
896 252
896 251
897 251
897 250
899 250
899 249
903 249
903 248
909 248
909 249
920 249
920 248
921 248
921 247
922 247
922 246
923 246
923 245
924 245
924 241
925 241
925 230
927 230
927 226
928 226
928 225
929 225
929 224
933 224
933 223
937 223
937 222
939 222
939 223
944 223
944 224
947 224
947 225
948 225
948 226
949 226
949 228
950 228
950 229
951 229
951 243
952 243
952 261
953 261
953 289
952 289
952 295
953 295
953 323
954 323
954 335
955 335
955 369
956 369
956 371
957 371
957 373
958 373
958 374
959 374
959 375
960 375
960 376
961 376
961 377
962 377
962 379
963 379
963 386
962 386
962 393
963 393
963 395
964 395
964 396
965 396
965 398
966 398
966 399
968 399
968 400
979 400
979 401
984 401
984 402
986 402
986 403
988 403
988 404
989 404
989 405
990 405
990 406
991 406
991 409
992 409
992 410
993 410
993 411
994 411
994 412
999 412
999 413
1001 413
1001 414
1002 414
1002 424
1003 424
1003 426
1004 426
1004 427
1005 427
1005 428
1007 428
1007 429
1009 429
1009 430
1013 430
1013 431
1017 431
1017 430
1022 430
1022 429
1027 429
1027 428
1029 428
1029 427
1031 427
1031 426
1032 426
1032 425
1033 425
1033 424
1034 424
1034 422
1035 422
1035 413
1034 413
1034 411
1035 411
1035 409
1039 409
1039 408
1045 408
1045 407
1054 407
1054 406
1055 406
1055 405
1056 405
1056 404
1057 404
1057 402
1058 402
1058 396
1059 396
1059 392
1060 392
1060 391
1063 391
1063 390
1064 390
1064 389
1066 389
1066 388
1067 388
1067 387
1068 387
1068 385
1069 385
1069 384
1070 384
1070 379
1072 379
1072 378
1088 378
1088 377
1091 377
1091 376
1093 376
1093 375
1094 375
1094 374
1095 374
1095 373
1096 373
1096 372
1097 372
1097 371
1098 371
1098 370
1099 370
1099 369
1100 369
1100 367
1101 367
1101 366
1102 366
1102 364
1103 364
1103 360
1104 360
1104 357
1105 357
1105 353
1106 353
1106 349
1107 349
1107 345
1108 345
1108 344
1109 344
1109 343
1110 343
1110 342
1111 342
1111 341
1113 341
1113 340
1114 340
1114 339
1115 339
1115 337
1116 337
1116 336
1117 336
1117 334
1118 334
1118 333
1122 333
1122 332
1127 332
1127 331
1134 331
1134 330
1138 330
1138 329
1142 329
1142 328
1143 328
1143 327
1144 327
1144 326
1145 326
1145 325
1146 325
1146 324
1147 324
1147 322
1148 322
1148 314
1149 314
1149 311
1150 311
1150 309
1152 309
1152 308
1158 308
1158 307
1162 307
1162 306
1163 306
1163 297
1164 297
1164 296
1166 296
1166 297
1171 297
1171 298
1175 298
1175 299
1181 299
1181 298
1183 298
1183 297
1184 297
1184 296
1185 296
1185 294
1186 294
1186 292
1187 292
1187 289
1188 289
1188 286
1189 286
1189 283
1190 283
1190 280
1192 280
1192 275
1193 275
1193 274
1194 274
1194 273
1196 273
1196 272
1200 272
1200 273
1202 273
1202 274
1203 274
1203 284
1204 284
1204 287
1205 287
1205 291
1206 291
1206 293
1207 293
1207 296
1208 296
1208 299
1209 299
1209 301
1210 301
1210 306
1211 306
1211 309
1212 309
1212 317
1213 317
1213 337
1214 337
1214 350
1215 350
1215 367
1216 367
1216 380
1215 380
1215 383
1216 383
1216 386
1217 386
1217 388
1218 388
1218 391
1219 391
1219 393
1220 393
1220 394
1221 394
1221 395
1222 395
1222 396
1223 396
1223 397
1224 397
1224 398
1226 398
1226 399
1228 399
1228 400
1229 400
1229 401
1230 401
1230 402
1231 402
1231 404
1232 404
1232 406
1233 406
1233 409
1234 409
1234 411
1235 411
1235 414
1236 414
1236 419
1237 419
1237 422
1238 422
1238 423
1239 423
1239 425
1240 425
1240 427
1241 427
1241 429
1242 429
1242 431
1243 431
1243 433
1244 433
1244 444
1245 444
1245 446
1246 446
1246 447
1247 447
1247 450
1248 450
1248 452
1249 452
1249 456
1250 456
1250 458
1251 458
1251 459
1252 459
1252 460
1253 460
1253 461
1254 461
1254 462
1256 462
1256 463
1258 463
1258 464
1260 464
1260 466
1261 466
1261 467
1262 467
1262 469
1263 469
1263 472
1264 472
1264 474
1265 474
1265 475
1266 475
1266 476
1267 476
1267 477
1269 477
1269 478
1271 478
1271 479
1272 479
1272 480
1273 480
1273 481
1274 481
1274 483
1275 483
1275 484
1276 484
1276 485
1277 485
1277 486
1278 486
1278 487
1279 487
1279 488
1280 488
1280 489
1285 489
1285 490
1292 490
1292 491
1293 491
1293 492
1294 492
1294 493
1295 493
1295 494
1297 494
1297 495
1307 495
1307 496
1320 496
1320 497
1322 497
1322 498
1323 498
1323 499
1324 499
1324 500
1325 500
1325 502
1326 502
1326 505
1327 505
1327 510
1328 510
1328 514
1329 514
1329 527
1330 527
1330 536
1331 536
1331 549
1332 549
1332 551
1331 551
1331 566
1332 566
1332 571
1333 571
1333 580
1332 580
1332 582
1331 582
1331 589
1332 589
1332 590
1333 590
1333 591
1334 591
1334 592
1335 592
1335 593
1338 593
1338 594
1343 594
1343 595
1344 595
1344 596
1345 596
1345 597
1346 597
1346 601
1347 601
1347 605
1348 605
1348 606
1349 606
1349 607
1351 607
1351 608
1353 608
1353 609
1355 609
1355 610
1356 610
1356 611
1360 611
1360 612
1363 612
1363 613
1365 613
1365 614
1367 614
1367 615
1371 615
1371 616
1384 616
1384 615
1390 615
1390 614
1393 614
1393 613
1395 613
1395 612
1398 612
1398 611
1400 611
1400 610
1406 610
1406 609
1411 609
1411 608
1414 608
1414 607
1416 607
1416 606
1420 606
1420 605
1422 605
1422 604
1424 604
1424 603
1427 603
1427 602
1432 602
1432 601
1440 601
1440 600
1451 600
1451 599
1454 599
1454 598
1458 598
1458 597
1459 597
1459 596
1461 596
1461 595
1463 595
1463 594
1464 594
1464 593
1465 593
1465 592
1466 592
1466 590
1467 590
1467 584
1468 584
1468 578
1469 578
1469 577
1470 577
1470 575
1471 575
1471 574
1473 574
1473 573
1474 573
1474 572
1475 572
1475 571
1476 571
1476 570
1477 570
1477 569
1484 569
1484 568
1491 568
1491 569
1493 569
1493 570
1495 570
1495 571
1504 571
1504 570
1505 570
1505 569
1507 569
1507 568
1508 568
1508 567
1511 567
1511 566
1513 566
1513 565
1515 565
1515 564
1516 564
1516 562
1517 562
1517 559
1518 559
1518 549
1519 549
1519 548
1520 548
1520 547
1522 547
1522 546
1524 546
1524 545
1525 545
1525 543
1526 543
1526 541
1527 541
1527 525
1528 525
1528 511
1529 511
1529 509
1531 509
1531 508
1535 508
1535 509
1537 509
1537 510
1541 510
1541 511
1553 511
1553 512
1555 512
1555 515
1556 515
1556 517
1557 517
1557 520
1558 520
1558 522
1559 522
1559 529
1560 529
1560 530
1561 530
1561 532
1562 532
1562 533
1563 533
1563 534
1564 534
1564 535
1565 535
1565 536
1566 536
1566 537
1567 537
1567 538
1568 538
1568 539
1569 539
1569 540
1570 540
1570 541
1571 541
1571 542
1573 542
1573 543
1576 543
1576 544
1587 544
1587 543
1588 543
1588 542
1590 542
1590 541
1591 541
1591 540
1592 540
1592 536
1593 536
1593 530
1594 530
1594 529
1595 529
1595 528
1596 528
1596 527
1602 527
1602 526
1604 526
1604 525
1605 525
1605 524
1606 524
1606 520
1605 520
1605 516
1604 516
1604 510
1605 510
1605 506
1606 506
1606 504
1608 504
1608 503
1609 503
1609 504
1614 504
1614 505
1617 505
1617 506
1620 506
1620 507
1624 507
1624 508
1629 508
1629 509
1637 509
1637 510
1639 510
1639 511
1643 511
1643 512
1645 512
1645 513
1661 513
1661 514
1662 514
1662 523
1663 523
1663 530
1664 530
1664 537
1665 537
1665 538
1666 538
1666 539
1667 539
1667 542
1668 542
1668 543
1669 543
1669 544
1672 544
1672 545
1677 545
1677 546
1680 546
1680 547
1683 547
1683 548
1684 548
1684 558
1685 558
1685 560
1686 560
1686 561
1687 561
1687 563
1688 563
1688 564
1689 564
1689 565
1690 565
1690 566
1691 566
1691 568
1692 568
1692 569
1693 569
1693 570
1694 570
1694 575
1695 575
1695 605
1696 605
1696 608
1697 608
1697 610
1698 610
1698 612
1699 612
1699 613
1700 613
1700 614
1701 614
1701 615
1702 615
1702 616
1704 616
1704 617
1715 617
1715 618
1716 618
1716 619
1717 619
1717 643
1718 643
1718 647
1719 647
1719 648
1720 648
1720 651
1721 651
1721 656
1722 656
1722 657
1723 657
1723 658
1724 658
1724 660
1725 660
1725 661
1726 661
1726 662
1727 662
1727 663
1728 663
1728 664
1729 664
1729 665
1731 665
1731 666
1732 666
1732 668
1733 668
1733 669
1734 669
1734 671
1735 671
1735 672
1746 672
1746 673
1748 673
1748 676
1749 676
1749 677
1750 677
1750 680
1751 680
1751 681
1752 681
1752 682
1768 682
1768 681
1785 681
1785 682
1788 682
1788 681
1789 681
1789 680
1791 680
1791 679
1793 679
1793 678
1819 678
1819 677
1822 677
1822 676
1833 676
1833 675
1835 675
1835 674
1837 674
1837 673
1839 673
1839 672
1852 672
1852 671
1858 671
1858 670
1861 670
1861 669
1864 669
1864 668
1866 668
1866 667
1868 667
1868 666
1873 666
1873 665
1876 665
1876 664
1877 664
1877 663
1881 663
1881 662
1884 662
1884 661
1888 661
1888 660
1890 660
1890 659
1892 659
1892 658
1894 658
1894 657
1895 657
1895 656
1896 656
1896 655
1898 655
1898 654
1901 654
1901 653
1902 653
1902 652
1904 652
1904 651
1905 651
1905 645
1906 645
1906 640
1907 640
1907 638
1906 638
1906 637
1907 637
1907 621
1906 621
1906 607
1907 607
1907 603
1908 603
1908 602
1910 602
1910 601
1913 601
1913 600
1915 600
1915 599
1917 599
1917 598
1918 598
1918 596
1919 596
1919 572
1920 572
1920 565
1924 565
1924 564
1926 564
1926 563
1928 563
1928 562
1930 562
1930 561
1931 561
1931 557
1932 557
1932 556
1942 556
1942 557
1946 557
1946 558
1947 558
1947 559
1949 559
1949 560
1950 560
1950 561
1951 561
1951 562
1952 562
1952 563
1953 563
1953 564
1954 564
1954 565
1955 565
1955 566
1956 566
1956 567
1957 567
1957 568
1958 568
1958 569
1961 569
1961 570
1964 570
1964 571
1967 571
1967 572
1969 572
1969 573
1972 573
1972 574
1973 574
1973 575
1974 575
1974 576
1977 576
1977 577
1980 577
1980 578
1981 578
1981 579
1983 579
1983 580
1984 580
1984 581
1986 581
1986 583
1987 583
1987 584
1989 584
1989 585
1990 585
1990 586
1992 586
1992 587
1993 587
1993 588
1996 588
1996 589
1998 589
1998 590
1999 590
1999 591
2000 591
2000 592
2002 592
2002 593
2020 593
2020 592
2023 592
2023 591
2029 591
2029 590
2035 590
2035 589
2039 589
2039 588
2040 588
2040 587
2042 587
2042 586
2043 586
2043 585
2045 585
2045 541
2046 541
2046 536
2047 536
2047 530
2048 530
2048 529
2049 529
2049 528
2051 528
2051 527
2052 527
2052 526
2053 526
2053 525
2054 525
2054 522
2055 522
2055 521
2056 521
2056 510
2057 510
2057 509
2061 509
2061 510
2063 510
2063 511
2064 511
2064 516
2065 516
2065 519
2066 519
2066 520
2078 520
2078 519
2084 519
2084 520
2085 520
2085 522
2086 522
2086 524
2087 524
2087 525
2088 525
2088 526
2089 526
2089 527
2090 527
2090 528
2091 528
2091 529
2093 529
2093 530
2097 530
2097 531
2102 531
2102 532
2109 532
2109 533
2115 533
2115 532
2122 532
2122 531
2125 531
2125 530
2137 530
2137 531
2153 531
2153 530
2155 530
2155 529
2157 529
2157 528
2159 528
2159 527
2160 527
2160 525
2161 525
2161 524
2162 524
2162 514
2163 514
2163 505
2164 505
2164 504
2169 504
2169 503
2170 503
2170 502
2172 502
2172 501
2173 501
2173 498
2174 498
2174 489
2175 489
2175 488
2176 488
2176 484
2177 484
2177 483
2178 483
2178 482
2181 482
2181 481
2186 481
2186 480
2187 480
2187 479
2188 479
2188 473
2187 473
2187 471
2188 471
2188 470
2189 470
2189 469
2192 469
2192 468
2194 468
2194 467
2195 467
2195 466
2196 466
2196 465
2200 465
2200 464
2204 464
2204 463
2206 463
2206 462
2208 462
2208 461
2210 461
2210 460
2222 460
2222 459
2224 459
2224 458
2226 458
2226 457
2227 457
2227 456
2228 456
2228 455
2229 455
2229 454
2232 454
2232 453
2236 453
2236 452
2241 452
2241 453
2246 453
2246 454
2253 454
2253 455
2257 455
2257 456
2264 456
2264 457
2267 457
2267 456
2275 456
2275 455
2277 455
2277 454
2279 454
2279 453
2280 453
2280 452
2283 452
2283 451
2285 451
2285 450
2288 450
2288 449
2290 449
2290 448
2291 448
2291 447
2294 447
2294 446
2297 446
2297 445
2298 445
2298 442
2299 442
2299 440
2300 440
2300 436
2301 436
2301 433
2302 433
2302 426
2301 426
2301 424
2300 424
2300 413
2299 413
2299 401
2300 401
2300 399
2301 399
2301 395
2302 395
2302 392
2303 392
2303 391
2306 391
2306 390
2308 390
2308 389
2317 389
2317 388
2326 388
2326 387
2334 387
2334 386
2336 386
2336 385
2337 385
2337 384
2339 384
2339 383
2340 383
2340 382
2341 382
2341 380
2342 380
2342 379
2343 379
2343 376
2344 376
2344 372
2345 372
2345 367
2344 367
2344 364
2343 364
2343 355
2344 355
2344 351
2345 351
2345 350
2346 350
2346 349
2349 349
2349 348
2351 348
2351 347
2356 347
2356 346
2359 346
2359 345
2361 345
2361 344
2362 344
2362 343
2366 343
2366 342
2371 342
2371 343
2373 343
2373 344
2374 344
2374 345
2376 345
2376 346
2389 346
2389 345
2400 345
2400 346
2406 346
2406 347
2413 347
2413 348
2419 348
2419 349
2427 349
2427 348
2434 348
2434 347
2452 347
2452 348
2455 348
2455 349
2456 349
2456 350
2458 350
2458 351
2459 351
2459 352
2460 352
2460 354
2461 354
2461 355
2462 355
2462 356
2463 356
2463 357
2464 357
2464 358
2465 358
2465 359
2466 359
2466 360
2467 360
2467 361
2468 361
2468 362
2469 362
2469 363
2470 363
2470 364
2471 364
2471 365
2473 365
2473 366
2479 366
2479 365
2480 365
2480 366
2484 366
2484 367
2487 367
2487 368
2488 368
2488 369
2490 369
2490 370
2491 370
2491 371
2492 371
2492 372
2493 372
2493 373
2495 373
2495 374
2496 374
2496 375
2497 375
2497 376
2498 376
2498 377
2500 377
2500 378
2501 378
2501 379
2502 379
2502 380
2503 380
2503 381
2504 381
2504 382
2505 382
2505 383
2507 383
2507 384
2508 384
2508 385
2511 385
2511 386
2513 386
2513 387
2522 387
2522 386
2526 386
2526 385
2527 385
2527 384
2533 384
2533 383
2548 383
2548 384
2552 384
2552 385
2569 385
2569 384
2576 384
2576 383
2579 383
2579 382
2580 382
2580 381
2581 381
2581 379
2582 379
2582 376
2583 376
2583 375
2584 375
2584 374
2587 374
2587 373
2589 373
2589 372
2590 372
2590 371
2591 371
2591 369
2592 369
2592 366
2593 366
2593 363
2594 363
2594 362
2595 362
2595 361
2596 361
2596 360
2597 360
2597 359
2599 359
2599 358
2600 358
2600 357
2602 357
2602 356
2603 356
2603 354
2604 354
2604 331
2603 331
2603 323
2602 323
2602 313
2603 313
2603 312
2604 312
2604 311
2606 311
2606 310
2614 310
2614 309
2615 309
2615 306
2616 306
2616 299
2615 299
2615 293
2616 293
2616 289
2617 289
2617 288
2618 288
2618 287
2619 287
2619 286
2622 286
2622 285
2624 285
2624 284
2625 284
2625 283
2626 283
2626 282
2628 282
2628 281
2630 281
2630 280
2632 280
2632 279
2634 279
2634 278
2635 278
2635 277
2636 277
2636 276
2637 276
2637 274
2638 274
2638 273
2640 273
2640 272
2644 272
2644 271
2659 271
2659 272
2663 272
2663 271
2664 271
2664 270
2672 270
2672 269
2675 269
2675 268
2678 268
2678 267
2680 267
2680 266
2684 266
2684 265
2686 265
2686 264
2688 264
2688 263
2689 263
2689 262
2690 262
2690 261
2692 261
2692 260
2693 260
2693 259
2694 259
2694 258
2696 258
2696 257
2697 257
2697 256
2698 256
2698 255
2699 255
2699 254
2700 254
2700 253
2701 253
2701 252
2702 252
2702 250
2703 250
2703 249
2704 249
2704 248
2706 248
2706 247
2708 247
2708 246
2710 246
2710 245
2712 245
2712 244
2725 244
2725 243
2728 243
2728 242
2731 242
2731 241
2732 241
2732 240
2734 240
2734 239
2735 239
2735 238
2737 238
2737 237
2738 237
2738 236
2749 236
2749 237
2752 237
2752 236
2754 236
2754 235
2755 235
2755 234
2757 234
2757 233
2758 233
2758 232
2759 232
2759 231
2760 231
2760 230
2761 230
2761 229
2762 229
2762 227
2763 227
2763 226
2764 226
2764 225
2765 225
2765 224
2766 224
2766 222
2767 222
2767 221
2768 221
2768 220
2769 220
2769 219
2770 219
2770 218
2772 218
2772 217
2774 217
2774 216
2776 216
2776 215
2777 215
2777 214
2778 214
2778 213
2780 213
2780 212
2783 212
2783 211
2785 211
2785 210
2788 210
2788 209
2792 209
2792 208
2795 208
2795 207
2799 207
2799 206
2815 206
2815 207
2828 207
2828 208
2831 208
2831 209
2834 209
2834 210
2835 210
2835 211
2837 211
2837 212
2839 212
2839 213
2840 213
2840 214
2841 214
2841 216
2842 216
2842 217
2843 217
2843 218
2844 218
2844 219
2845 219
2845 221
2846 221
2846 222
2847 222
2847 225
2848 225
2848 231
2849 231
2849 234
2850 234
2850 235
2851 235
2851 236
2852 236
2852 237
2853 237
2853 238
2854 238
2854 239
2856 239
2856 240
2857 240
2857 241
2859 241
2859 242
2862 242
2862 243
2868 243
2868 244
2877 244
2877 245
2880 245
2880 246
2881 246
2881 247
2882 247
2882 248
2883 248
2883 249
2885 249
2885 250
2886 250
2886 251
2888 251
2888 252
2894 252
2894 251
2896 251
2896 250
2897 250
2897 249
2898 249
2898 248
2899 248
2899 247
2900 247
2900 246
2901 246
2901 245
2903 245
2903 244
2905 244
2905 243
2906 243
2906 242
2907 242
2907 241
2908 241
2908 240
2909 240
2909 239
2910 239
2910 238
2911 238
2911 236
2912 236
2912 233
2914 233
2914 232
2918 232
2918 231
2919 231
2919 230
2920 230
2920 229
2921 229
2921 228
2922 228
2922 227
2923 227
2923 226
2924 226
2924 225
2925 225
2925 221
2926 221
2926 220
2925 220
2925 210
2926 210
2926 204
2927 204
2927 202
2928 202
2928 201
2930 201
2930 200
2932 200
2932 199
2934 199
2934 198
2937 198
2937 197
2938 197
2938 196
2940 196
2940 195
2942 195
2942 194
2943 194
2943 193
2947 193
2947 192
2948 192
2948 187
2949 187
2949 160
2954 160
2954 159
2957 159
2957 158
2958 158
2958 156
2959 156
2959 154
2960 154
2960 144
2961 144
2961 142
2965 142
2965 141
2970 141
2970 140
2975 140
2975 139
2976 139
2976 138
2977 138
2977 137
2978 137
2978 136
2979 136
2979 134
2980 134
2980 133
2982 133
2982 132
2989 132
2989 133
2995 133
2995 134
2996 134
2996 135
3000 135
3000 136
3003 136
3003 135
3006 135
3006 134
3007 134
3007 133
3008 133
3008 132
3009 132
3009 131
3010 131
3010 128
3011 128
3011 125
3014 125
3014 124
3017 124
3017 123
3026 123
3026 122
3036 122
3036 121
3046 121
3046 120
3048 120
3048 119
3050 119
3050 118
3052 118
3052 117
3053 117
3053 116
3054 116
3054 114
3055 114
3055 112
3056 112
3056 108
3057 108
3057 101
3059 101
3059 100
3062 100
3062 99
3064 99
3064 98
3065 98
3065 97
3066 97
3066 96
3067 96
3067 95
3068 95
3068 94
3069 94
3069 93
3070 93
3070 92
3072 92
3072 91
3074 91
3074 90
3076 90
3076 89
3079 89
3079 88
3086 88
3086 89
3087 89
3087 90
3095 90
3095 89
3100 89
3100 88
3108 88
3108 89
3110 89
3110 90
3111 90
3111 91
3112 91
3112 92
3113 92
3113 93
3114 93
3114 94
3115 94
3115 95
3116 95
3116 96
3117 96
3117 97
3118 97
3118 102
3119 102
3119 106
3120 106
3120 107
3121 107
3121 106
3120 106
3120 102
3119 102
3119 97
3118 97
3118 96
3117 96
3117 95
3116 95
3116 94
3115 94
3115 93
3114 93
3114 92
3113 92
3113 91
3112 91
3112 90
3111 90
3111 89
3110 89
3110 88
3108 88
3108 87
3100 87
3100 88
3095 88
3095 89
3087 89
3087 88
3086 88
3086 87
3079 87
3079 88
3076 88
3076 89
3074 89
3074 90
3072 90
3072 91
3070 91
3070 92
3069 92
3069 93
3068 93
3068 94
3067 94
3067 95
3066 95
3066 96
3065 96
3065 97
3064 97
3064 98
3062 98
3062 99
3059 99
3059 100
3057 100
3057 101
3056 101
3056 108
3055 108
3055 112
3054 112
3054 114
3053 114
3053 116
3052 116
3052 117
3050 117
3050 118
3048 118
3048 119
3046 119
3046 120
3036 120
3036 121
3026 121
3026 122
3017 122
3017 123
3014 123
3014 124
3011 124
3011 125
3010 125
3010 128
3009 128
3009 131
3008 131
3008 132
3007 132
3007 133
3006 133
3006 134
3003 134
3003 135
3000 135
3000 134
2996 134
2996 133
2995 133
2995 132
2989 132
2989 131
2982 131
2982 132
2980 132
2980 133
2979 133
2979 134
2978 134
2978 136
2977 136
2977 137
2976 137
2976 138
2975 138
2975 139
2970 139
2970 140
2965 140
2965 141
2961 141
2961 142
2960 142
2960 144
2959 144
2959 154
2958 154
2958 156
2957 156
2957 158
2954 158
2954 159
2949 159
2949 160
2948 160
2948 187
2947 187
2947 192
2943 192
2943 193
2942 193
2942 194
2940 194
2940 195
2938 195
2938 196
2937 196
2937 197
2934 197
2934 198
2932 198
2932 199
2930 199
2930 200
2928 200
2928 201
2927 201
2927 202
2926 202
2926 204
2925 204
2925 210
2924 210
2924 220
2925 220
2925 221
2924 221
2924 225
2923 225
2923 226
2922 226
2922 227
2921 227
2921 228
2920 228
2920 229
2919 229
2919 230
2918 230
2918 231
2914 231
2914 232
2912 232
2912 233
2911 233
2911 236
2910 236
2910 238
2909 238
2909 239
2908 239
2908 240
2907 240
2907 241
2906 241
2906 242
2905 242
2905 243
2903 243
2903 244
2901 244
2901 245
2900 245
2900 246
2899 246
2899 247
2898 247
2898 248
2897 248
2897 249
2896 249
2896 250
2894 250
2894 251
2888 251
2888 250
2886 250
2886 249
2885 249
2885 248
2883 248
2883 247
2882 247
2882 246
2881 246
2881 245
2880 245
2880 244
2877 244
2877 243
2868 243
2868 242
2862 242
2862 241
2859 241
2859 240
2857 240
2857 239
2856 239
2856 238
2854 238
2854 237
2853 237
2853 236
2852 236
2852 235
2851 235
2851 234
2850 234
2850 231
2849 231
2849 225
2848 225
2848 222
2847 222
2847 221
2846 221
2846 219
2845 219
2845 218
2844 218
2844 217
2843 217
2843 216
2842 216
2842 214
2841 214
2841 213
2840 213
2840 212
2839 212
2839 211
2837 211
2837 210
2835 210
2835 209
2834 209
2834 208
2831 208
2831 207
2828 207
2828 206
2815 206
2815 205
2799 205
2799 206
2795 206
2795 207
2792 207
2792 208
2788 208
2788 209
2785 209
2785 210
2783 210
2783 211
2780 211
2780 212
2778 212
2778 213
2777 213
2777 214
2776 214
2776 215
2774 215
2774 216
2772 216
2772 217
2770 217
2770 218
2769 218
2769 219
2768 219
2768 220
2767 220
2767 221
2766 221
2766 222
2765 222
2765 224
2764 224
2764 225
2763 225
2763 226
2762 226
2762 227
2761 227
2761 229
2760 229
2760 230
2759 230
2759 231
2758 231
2758 232
2757 232
2757 233
2755 233
2755 234
2754 234
2754 235
2752 235
2752 236
2749 236
2749 235
2738 235
2738 236
2737 236
2737 237
2735 237
2735 238
2734 238
2734 239
2732 239
2732 240
2731 240
2731 241
2728 241
2728 242
2725 242
2725 243
2712 243
2712 244
2710 244
2710 245
2708 245
2708 246
2706 246
2706 247
2704 247
2704 248
2703 248
2703 249
2702 249
2702 250
2701 250
2701 252
2700 252
2700 253
2699 253
2699 254
2698 254
2698 255
2697 255
2697 256
2696 256
2696 257
2694 257
2694 258
2693 258
2693 259
2692 259
2692 260
2690 260
2690 261
2689 261
2689 262
2688 262
2688 263
2686 263
2686 264
2684 264
2684 265
2680 265
2680 266
2678 266
2678 267
2675 267
2675 268
2672 268
2672 269
2664 269
2664 270
2663 270
2663 271
2659 271
2659 270
2644 270
2644 271
2640 271
2640 272
2638 272
2638 273
2637 273
2637 274
2636 274
2636 276
2635 276
2635 277
2634 277
2634 278
2632 278
2632 279
2630 279
2630 280
2628 280
2628 281
2626 281
2626 282
2625 282
2625 283
2624 283
2624 284
2622 284
2622 285
2619 285
2619 286
2618 286
2618 287
2617 287
2617 288
2616 288
2616 289
2615 289
2615 293
2614 293
2614 299
2615 299
2615 306
2614 306
2614 309
2606 309
2606 310
2604 310
2604 311
2603 311
2603 312
2602 312
2602 313
2601 313
2601 323
2602 323
2602 331
2603 331
2603 354
2602 354
2602 356
2600 356
2600 357
2599 357
2599 358
2597 358
2597 359
2596 359
2596 360
2595 360
2595 361
2594 361
2594 362
2593 362
2593 363
2592 363
2592 366
2591 366
2591 369
2590 369
2590 371
2589 371
2589 372
2587 372
2587 373
2584 373
2584 374
2583 374
2583 375
2582 375
2582 376
2581 376
2581 379
2580 379
2580 381
2579 381
2579 382
2576 382
2576 383
2569 383
2569 384
2552 384
2552 383
2548 383
2548 382
2533 382
2533 383
2527 383
2527 384
2526 384
2526 385
2522 385
2522 386
2513 386
2513 385
2511 385
2511 384
2508 384
2508 383
2507 383
2507 382
2505 382
2505 381
2504 381
2504 380
2503 380
2503 379
2502 379
2502 378
2501 378
2501 377
2500 377
2500 376
2498 376
2498 375
2497 375
2497 374
2496 374
2496 373
2495 373
2495 372
2493 372
2493 371
2492 371
2492 370
2491 370
2491 369
2490 369
2490 368
2488 368
2488 367
2487 367
2487 366
2484 366
2484 365
2480 365
2480 364
2479 364
2479 365
2473 365
2473 364
2471 364
2471 363
2470 363
2470 362
2469 362
2469 361
2468 361
2468 360
2467 360
2467 359
2466 359
2466 358
2465 358
2465 357
2464 357
2464 356
2463 356
2463 355
2462 355
2462 354
2461 354
2461 352
2460 352
2460 351
2459 351
2459 350
2458 350
2458 349
2456 349
2456 348
2455 348
2455 347
2452 347
2452 346
2434 346
2434 347
2427 347
2427 348
2419 348
2419 347
2413 347
2413 346
2406 346
2406 345
2400 345
2400 344
2389 344
2389 345
2376 345
2376 344
2374 344
2374 343
2373 343
2373 342
2371 342
2371 341
2366 341
2366 342
2362 342
2362 343
2361 343
2361 344
2359 344
2359 345
2356 345
2356 346
2351 346
2351 347
2349 347
2349 348
2346 348
2346 349
2345 349
2345 350
2344 350
2344 351
2343 351
2343 355
2342 355
2342 364
2343 364
2343 367
2344 367
2344 372
2343 372
2343 376
2342 376
2342 379
2341 379
2341 380
2340 380
2340 382
2339 382
2339 383
2337 383
2337 384
2336 384
2336 385
2334 385
2334 386
2326 386
2326 387
2317 387
2317 388
2308 388
2308 389
2306 389
2306 390
2303 390
2303 391
2302 391
2302 392
2301 392
2301 395
2300 395
2300 399
2299 399
2299 401
2298 401
