2215 927
2216 927
2216 928
2219 928
2219 929
2221 929
2221 930
2224 930
2224 931
2225 931
2225 932
2226 932
2226 933
2228 933
2228 934
2229 934
2229 935
2230 935
2230 936
2231 936
2231 937
2232 937
2232 938
2233 938
2233 939
2234 939
2234 940
2235 940
2235 941
2237 941
2237 942
2247 942
2247 943
2252 943
2252 944
2260 944
2260 945
2265 945
2265 946
2268 946
2268 947
2270 947
2270 948
2275 948
2275 949
2277 949
2277 948
2281 948
2281 947
2286 947
2286 946
2290 946
2290 945
2311 945
2311 946
2314 946
2314 947
2317 947
2317 948
2318 948
2318 949
2319 949
2319 950
2320 950
2320 951
2321 951
2321 953
2322 953
2322 954
2323 954
2323 955
2324 955
2324 956
2325 956
2325 957
2326 957
2326 958
2327 958
2327 959
2329 959
2329 960
2331 960
2331 961
2335 961
2335 962
2338 962
2338 963
2340 963
2340 964
2344 964
2344 965
2345 965
2345 966
2346 966
2346 967
2347 967
2347 968
2348 968
2348 969
2349 969
2349 971
2350 971
2350 972
2351 972
2351 973
2352 973
2352 974
2354 974
2354 975
2355 975
2355 976
2356 976
2356 977
2358 977
2358 978
2359 978
2359 979
2362 979
2362 980
2364 980
2364 981
2365 981
2365 982
2367 982
2367 983
2371 983
2371 984
2385 984
2385 985
2395 985
2395 986
2397 986
2397 985
2399 985
2399 984
2400 984
2400 983
2402 983
2402 982
2404 982
2404 981
2406 981
2406 980
2407 980
2407 979
2410 979
2410 978
2412 978
2412 977
2435 977
2435 978
2441 978
2441 979
2459 979
2459 980
2460 980
2460 979
2463 979
2463 978
2465 978
2465 977
2467 977
2467 976
2469 976
2469 975
2471 975
2471 974
2475 974
2475 973
2478 973
2478 972
2487 972
2487 971
2488 971
2488 970
2498 970
2498 969
2499 969
2499 968
2500 968
2500 967
2501 967
2501 966
2502 966
2502 965
2504 965
2504 964
2506 964
2506 963
2512 963
2512 962
2513 962
2513 961
2514 961
2514 959
2515 959
2515 958
2517 958
2517 957
2518 957
2518 956
2519 956
2519 955
2522 955
2522 954
2524 954
2524 953
2525 953
2525 952
2527 952
2527 951
2528 951
2528 950
2530 950
2530 949
2531 949
2531 948
2532 948
2532 946
2533 946
2533 945
2534 945
2534 944
2535 944
2535 943
2536 943
2536 942
2537 942
2537 940
2538 940
2538 939
2539 939
2539 938
2540 938
2540 937
2541 937
2541 936
2542 936
2542 935
2543 935
2543 934
2544 934
2544 932
2546 932
2546 931
2547 931
2547 930
2549 930
2549 929
2550 929
2550 927
2551 927
2551 926
2552 926
2552 925
2555 925
2555 924
2556 924
2556 921
2557 921
2557 920
2558 920
2558 919
2559 919
2559 917
2560 917
2560 916
2561 916
2561 915
2562 915
2562 913
2563 913
2563 909
2564 909
2564 908
2565 908
2565 906
2566 906
2566 905
2567 905
2567 903
2568 903
2568 902
2569 902
2569 901
2570 901
2570 897
2571 897
2571 896
2572 896
2572 895
2573 895
2573 894
2574 894
2574 893
2575 893
2575 892
2576 892
2576 891
2577 891
2577 889
2578 889
2578 888
2580 888
2580 887
2581 887
2581 885
2582 885
2582 882
2583 882
2583 881
2584 881
2584 880
2586 880
2586 879
2587 879
2587 878
2588 878
2588 877
2589 877
2589 876
2590 876
2590 875
2591 875
2591 874
2592 874
2592 873
2593 873
2593 872
2594 872
2594 871
2595 871
2595 869
2596 869
2596 866
2597 866
2597 863
2598 863
2598 862
2599 862
2599 858
2600 858
2600 856
2601 856
2601 854
2602 854
2602 852
2610 852
2610 851
2617 851
2617 852
2624 852
2624 853
2626 853
2626 854
2628 854
2628 855
2629 855
2629 856
2631 856
2631 857
2634 857
2634 858
2635 858
2635 859
2638 859
2638 860
2640 860
2640 861
2641 861
2641 862
2647 862
2647 863
2655 863
2655 864
2656 864
2656 865
2658 865
2658 866
2660 866
2660 867
2673 867
2673 866
2678 866
2678 865
2684 865
2684 864
2694 864
2694 865
2700 865
2700 864
2703 864
2703 863
2706 863
2706 862
2707 862
2707 861
2717 861
2717 862
2732 862
2732 861
2739 861
2739 860
2744 860
2744 859
2746 859
2746 858
2748 858
2748 857
2754 857
2754 856
2756 856
2756 855
2765 855
2765 854
2766 854
2766 853
2768 853
2768 852
2769 852
2769 851
2782 851
2782 849
2783 849
2783 846
2784 846
2784 845
2803 845
2803 844
2804 844
2804 843
2805 843
2805 841
2806 841
2806 840
2807 840
2807 839
2808 839
2808 838
2814 838
2814 837
2816 837
2816 836
2817 836
2817 835
2818 835
2818 834
2821 834
2821 833
2822 833
2822 832
2825 832
2825 831
2828 831
2828 830
2830 830
2830 829
2831 829
2831 830
2839 830
2839 829
2840 829
2840 828
2842 828
2842 827
2850 827
2850 826
2852 826
2852 825
2857 825
2857 826
2861 826
2861 827
2864 827
2864 828
2866 828
2866 829
2876 829
2876 828
2878 828
2878 827
2888 827
2888 828
2889 828
2889 829
2890 829
2890 831
2891 831
2891 832
2892 832
2892 833
2893 833
2893 834
2894 834
2894 835
2895 835
2895 836
2896 836
2896 837
2898 837
2898 838
2902 838
2902 839
2907 839
2907 840
2911 840
2911 841
2913 841
2913 842
2923 842
2923 841
2934 841
2934 840
2944 840
2944 839
2946 839
2946 838
2947 838
2947 837
2948 837
2948 836
2949 836
2949 834
2950 834
2950 833
2952 833
2952 832
2954 832
2954 831
2957 831
2957 830
2958 830
2958 829
2960 829
2960 828
2961 828
2961 827
2963 827
2963 826
2968 826
2968 825
2970 825
2970 824
2971 824
2971 823
2972 823
2972 821
2973 821
2973 820
2974 820
2974 819
2975 819
2975 818
2976 818
2976 817
2977 817
2977 816
2978 816
2978 815
2979 815
2979 814
2980 814
2980 805
2981 805
2981 804
2983 804
2983 803
2985 803
2985 802
2986 802
2986 800
2987 800
2987 799
2988 799
2988 798
2989 798
2989 797
2990 797
2990 796
2991 796
2991 795
2994 795
2994 794
2996 794
2996 793
2997 793
2997 792
2998 792
2998 791
3004 791
3004 790
3007 790
3007 789
3008 789
3008 788
3009 788
3009 787
3010 787
3010 786
3011 786
3011 785
3014 785
3014 784
3020 784
3020 783
3021 783
3021 784
3040 784
3040 783
3041 783
3041 782
3054 782
3054 781
3055 781
3055 780
3063 780
3063 781
3077 781
3077 782
3086 782
3086 783
3088 783
3088 784
3096 784
3096 785
3104 785
3104 786
3109 786
3109 787
3110 787
3110 788
3111 788
3111 789
3112 789
3112 790
3113 790
3113 791
3114 791
3114 792
3115 792
3115 793
3116 793
3116 794
3117 794
3117 795
3118 795
3118 796
3119 796
3119 798
3120 798
3120 799
3121 799
3121 800
3122 800
3122 801
3124 801
3124 802
3132 802
3132 803
3140 803
3140 804
3152 804
3152 805
3155 805
3155 806
3160 806
3160 805
3161 805
3161 804
3162 804
3162 803
3163 803
3163 802
3165 802
3165 801
3166 801
3166 800
3167 800
3167 798
3168 798
3168 795
3167 795
3167 791
3166 791
3166 788
3168 788
3168 789
3171 789
3171 790
3176 790
3176 791
3178 791
3178 792
3180 792
3180 793
3182 793
3182 794
3183 794
3183 795
3184 795
3184 796
3188 796
3188 795
3195 795
3195 788
3196 788
3196 779
3197 779
3197 773
3198 773
3198 772
3199 772
3199 771
3201 771
3201 770
3203 770
3203 769
3204 769
3204 768
3206 768
3206 767
3207 767
3207 766
3209 766
3209 765
3210 765
3210 764
3217 764
3217 763
3220 763
3220 764
3225 764
3225 763
3229 763
3229 762
3230 762
3230 761
3231 761
3231 760
3232 760
3232 758
3233 758
3233 748
3234 748
3234 742
3235 742
3235 736
3236 736
3236 732
3237 732
3237 730
3238 730
3238 729
3239 729
3239 728
3240 728
3240 727
3241 727
3241 726
3243 726
3243 725
3244 725
3244 724
3245 724
3245 723
3246 723
3246 721
3247 721
3247 720
3248 720
3248 716
3249 716
3249 710
3250 710
3250 709
3251 709
3251 708
3253 708
3253 707
3255 707
3255 706
3256 706
3256 705
3257 705
3257 704
3258 704
3258 703
3260 703
3260 702
3261 702
3261 701
3262 701
3262 699
3263 699
3263 682
3264 682
3264 672
3265 672
3265 657
3266 657
3266 653
3267 653
3267 643
3268 643
3268 641
3269 641
3269 640
3270 640
3270 639
3273 639
3273 638
3275 638
3275 637
3277 637
3277 636
3278 636
3278 635
3284 635
3284 634
3287 634
3287 633
3291 633
3291 632
3293 632
3293 631
3297 631
3297 630
3300 630
3300 629
3301 629
3301 628
3302 628
3302 626
3303 626
3303 625
3304 625
3304 622
3305 622
3305 609
3306 609
3306 608
3308 608
3308 607
3309 607
3309 606
3310 606
3310 605
3311 605
3311 604
3314 604
3314 603
3316 603
3316 602
3317 602
3317 599
3318 599
3318 595
3319 595
3319 590
3320 590
3320 580
3321 580
3321 577
3323 577
3323 576
3328 576
3328 575
3330 575
3330 574
3331 574
3331 573
3332 573
3332 569
3333 569
3333 568
3334 568
3334 567
3336 567
3336 566
3337 566
3337 565
3339 565
3339 564
3342 564
3342 563
3343 563
3343 562
3344 562
3344 560
3345 560
3345 558
3346 558
3346 557
3353 557
3353 556
3369 556
3369 555
3370 555
3370 554
3371 554
3371 553
3381 553
3381 552
3389 552
3389 553
3391 553
3391 552
3394 552
3394 551
3406 551
3406 550
3409 550
3409 549
3416 549
3416 550
3419 550
3419 551
3422 551
3422 552
3433 552
3433 553
3454 553
3454 552
3457 552
3457 551
3471 551
3471 550
3477 550
3477 549
3480 549
3480 548
3486 548
3486 547
3491 547
3491 546
3496 546
3496 547
3501 547
3501 549
3508 549
3508 550
3509 550
3509 552
3510 552
3510 553
3519 553
3519 552
3520 552
3520 551
3521 551
3521 550
3522 550
3522 549
3523 549
3523 547
3524 547
3524 546
3527 546
3527 545
3542 545
3542 546
3548 546
3548 547
3550 547
3550 548
3552 548
3552 549
3554 549
3554 550
3556 550
3556 551
3559 551
3559 552
3565 552
3565 553
3583 553
3583 552
3585 552
3585 550
3586 550
3586 548
3590 548
3590 547
3591 547
3591 546
3592 546
3592 545
3594 545
3594 544
3597 544
3597 543
3600 543
3600 542
3604 542
3604 541
3607 541
3607 540
3608 540
3608 538
3609 538
3609 534
3610 534
3610 531
3609 531
3609 530
3610 530
3610 523
3611 523
3611 519
3612 519
3612 516
3611 516
3611 514
3612 514
3612 504
3613 504
3613 498
3614 498
3614 492
3615 492
3615 490
3616 490
3616 489
3617 489
3617 488
3619 488
3619 487
3620 487
3620 486
3621 486
3621 485
3623 485
3623 484
3625 484
3625 483
3628 483
3628 482
3631 482
3631 481
3633 481
3633 480
3635 480
3635 479
3636 479
3636 478
3637 478
3637 477
3638 477
3638 476
3639 476
3639 475
3640 475
3640 474
3641 474
3641 473
3642 473
3642 472
3643 472
3643 471
3644 471
3644 470
3646 470
3646 469
3647 469
3647 468
3649 468
3649 467
3650 467
3650 466
3651 466
3651 465
3653 465
3653 464
3659 464
3659 463
3664 463
3664 462
3666 462
3666 461
3668 461
3668 460
3669 460
3669 459
3671 459
3671 458
3673 458
3673 457
3675 457
3675 456
3680 456
3680 452
3681 452
3681 449
3682 449
3682 448
3684 448
3684 447
3686 447
3686 446
3691 446
3691 445
3692 445
3692 444
3693 444
3693 443
3694 443
3694 442
3698 442
3698 441
3708 441
3708 442
3711 442
3711 441
3712 441
3712 440
3711 440
3711 441
3708 441
3708 440
3698 440
3698 441
3694 441
3694 442
3693 442
3693 443
3692 443
3692 444
3691 444
3691 445
3686 445
3686 446
3684 446
3684 447
3682 447
3682 448
3681 448
3681 449
3680 449
3680 452
3679 452
3679 455
3675 455
3675 456
3673 456
3673 457
3671 457
3671 458
3669 458
3669 459
3668 459
3668 460
3666 460
3666 461
3664 461
3664 462
3659 462
3659 463
3653 463
3653 464
3651 464
3651 465
3650 465
3650 466
3649 466
3649 467
3647 467
3647 468
3646 468
3646 469
3644 469
3644 470
3643 470
3643 471
3642 471
3642 472
3641 472
3641 473
3640 473
3640 474
3639 474
3639 475
3638 475
3638 476
3637 476
3637 477
3636 477
3636 478
3635 478
3635 479
3633 479
3633 480
3631 480
3631 481
3628 481
3628 482
3625 482
3625 483
3623 483
3623 484
3621 484
3621 485
3620 485
3620 486
3619 486
3619 487
3617 487
3617 488
3616 488
3616 489
3615 489
3615 490
3614 490
3614 492
3613 492
3613 498
3612 498
3612 504
3611 504
3611 514
3610 514
3610 516
3611 516
3611 519
3610 519
3610 523
3609 523
3609 530
3608 530
3608 531
3609 531
3609 534
3608 534
3608 538
3607 538
3607 540
3604 540
3604 541
3600 541
3600 542
3597 542
3597 543
3594 543
3594 544
3592 544
3592 545
3591 545
3591 546
3590 546
3590 547
3586 547
3586 548
3585 548
3585 550
3584 550
3584 551
3583 551
3583 552
3565 552
3565 551
3559 551
3559 550
3556 550
3556 549
3554 549
3554 548
3552 548
3552 547
3550 547
3550 546
3548 546
3548 545
3542 545
3542 544
3527 544
3527 545
3524 545
3524 546
3522 546
3522 549
3521 549
3521 550
3520 550
3520 551
3519 551
3519 552
3510 552
3510 550
3509 550
3509 549
3508 549
3508 548
3502 548
3502 547
3501 547
3501 546
3496 546
3496 545
3491 545
3491 546
3486 546
3486 547
3480 547
3480 548
3477 548
3477 549
3471 549
3471 550
3457 550
3457 551
3454 551
3454 552
3433 552
3433 551
3422 551
3422 550
3419 550
3419 549
3416 549
3416 548
3409 548
3409 549
3406 549
3406 550
3394 550
3394 551
3391 551
3391 552
3389 552
3389 551
3381 551
3381 552
3371 552
3371 553
3370 553
3370 554
3369 554
3369 555
3353 555
3353 556
3346 556
3346 557
3345 557
3345 558
3344 558
3344 560
3343 560
3343 562
3342 562
3342 563
3339 563
3339 564
3337 564
3337 565
3336 565
3336 566
3334 566
3334 567
3333 567
3333 568
3332 568
3332 569
3331 569
3331 573
3330 573
3330 574
3328 574
3328 575
3323 575
3323 576
3321 576
3321 577
3320 577
3320 580
3319 580
3319 590
3318 590
3318 595
3317 595
3317 599
3316 599
3316 602
3314 602
3314 603
3311 603
3311 604
3310 604
3310 605
3309 605
3309 606
3308 606
3308 607
3306 607
3306 608
3305 608
3305 609
3304 609
3304 622
3303 622
3303 625
3302 625
3302 626
3301 626
3301 628
3300 628
3300 629
3297 629
3297 630
3293 630
3293 631
3291 631
3291 632
3287 632
3287 633
3284 633
3284 634
3278 634
3278 635
3277 635
3277 636
3275 636
3275 637
3273 637
3273 638
3270 638
3270 639
3269 639
3269 640
3268 640
3268 641
3267 641
3267 643
3266 643
3266 653
3265 653
3265 657
3264 657
3264 672
3263 672
3263 682
3262 682
3262 699
3261 699
3261 701
3260 701
3260 702
3258 702
3258 703
3257 703
3257 704
3256 704
3256 705
3255 705
3255 706
3253 706
3253 707
3251 707
3251 708
3250 708
3250 709
3249 709
3249 710
3248 710
3248 716
3247 716
3247 720
3246 720
3246 721
3245 721
3245 723
3244 723
3244 724
3243 724
3243 725
3241 725
3241 726
3240 726
3240 727
3239 727
3239 728
3238 728
3238 729
3237 729
3237 730
3236 730
3236 732
3235 732
3235 736
3234 736
3234 742
3233 742
3233 748
3232 748
3232 758
3231 758
3231 760
3230 760
3230 761
3229 761
3229 762
3225 762
3225 763
3220 763
3220 762
3217 762
3217 763
3210 763
3210 764
3209 764
3209 765
3207 765
3207 766
3206 766
3206 767
3204 767
3204 768
3203 768
3203 769
3201 769
3201 770
3199 770
3199 771
3198 771
3198 772
3197 772
3197 773
3196 773
3196 779
3195 779
3195 788
3194 788
3194 794
3188 794
3188 795
3184 795
3184 794
3183 794
3183 793
3182 793
3182 792
3180 792
3180 791
3178 791
3178 790
3176 790
3176 789
3171 789
3171 788
3168 788
3168 787
3165 787
3165 791
3166 791
3166 795
3167 795
3167 798
3166 798
3166 800
3165 800
3165 801
3163 801
3163 802
3162 802
3162 803
3161 803
3161 804
3160 804
3160 805
3155 805
3155 804
3152 804
3152 803
3140 803
3140 802
3132 802
3132 801
3124 801
3124 800
3122 800
3122 799
3121 799
3121 798
3120 798
3120 796
3119 796
3119 795
3118 795
3118 794
3117 794
3117 793
3116 793
3116 792
3115 792
3115 791
3114 791
3114 790
3113 790
3113 789
3112 789
3112 788
3111 788
3111 787
3110 787
3110 786
3109 786
3109 785
3104 785
3104 784
3096 784
3096 783
3088 783
3088 782
3086 782
3086 781
3077 781
3077 780
3063 780
3063 779
3055 779
3055 780
3054 780
3054 781
3041 781
3041 782
3040 782
3040 783
3021 783
3021 782
3020 782
3020 783
3014 783
3014 784
3011 784
3011 785
3010 785
3010 786
3009 786
3009 787
3008 787
3008 788
3007 788
3007 789
3004 789
3004 790
2998 790
2998 791
2997 791
2997 792
2996 792
2996 793
2994 793
2994 794
2991 794
2991 795
2990 795
2990 796
2989 796
2989 797
2988 797
2988 798
2987 798
2987 799
2986 799
2986 800
2985 800
2985 802
2983 802
2983 803
2981 803
2981 804
2980 804
2980 805
2979 805
2979 814
2978 814
2978 815
2977 815
2977 816
2976 816
2976 817
2975 817
2975 818
2974 818
2974 819
2973 819
2973 820
2972 820
2972 821
2971 821
2971 823
2970 823
2970 824
2968 824
2968 825
2963 825
2963 826
2961 826
2961 827
2960 827
2960 828
2958 828
2958 829
2957 829
2957 830
2954 830
2954 831
2952 831
2952 832
2950 832
2950 833
2949 833
2949 834
2948 834
2948 836
2947 836
2947 837
2946 837
2946 838
2944 838
2944 839
2934 839
2934 840
2923 840
2923 841
2913 841
2913 840
2911 840
2911 839
2907 839
2907 838
2902 838
2902 837
2898 837
2898 836
2896 836
2896 835
2895 835
2895 834
2894 834
2894 833
2893 833
2893 832
2892 832
2892 831
2891 831
2891 829
2890 829
2890 828
2889 828
2889 827
2888 827
2888 826
2878 826
2878 827
2876 827
2876 828
2866 828
2866 827
2864 827
2864 826
2861 826
2861 825
2857 825
2857 824
2852 824
2852 825
2850 825
2850 826
2842 826
2842 827
2840 827
2840 828
2839 828
2839 829
2831 829
2831 828
2830 828
2830 829
2828 829
2828 830
2825 830
2825 831
2822 831
2822 832
2821 832
2821 833
2818 833
2818 834
2817 834
2817 835
2816 835
2816 836
2814 836
2814 837
2808 837
2808 838
2807 838
2807 839
2806 839
2806 840
2805 840
2805 841
2804 841
2804 843
2803 843
2803 844
2784 844
2784 845
2783 845
2783 846
2782 846
2782 849
2781 849
2781 850
2769 850
2769 851
2768 851
2768 852
2766 852
2766 853
2765 853
2765 854
2756 854
2756 855
2754 855
2754 856
2748 856
2748 857
2746 857
2746 858
2744 858
2744 859
2739 859
2739 860
2732 860
2732 861
2717 861
2717 860
2707 860
2707 861
2706 861
2706 862
2703 862
2703 863
2700 863
2700 864
2694 864
2694 863
2684 863
2684 864
2678 864
2678 865
2673 865
2673 866
2660 866
2660 865
2658 865
2658 864
2656 864
2656 863
2655 863
2655 862
2647 862
2647 861
2641 861
2641 860
2640 860
2640 859
2638 859
2638 858
2635 858
2635 857
2634 857
2634 856
2631 856
2631 855
2629 855
2629 854
2628 854
2628 853
2626 853
2626 852
2624 852
2624 851
2617 851
2617 850
2610 850
2610 851
2602 851
2602 852
2601 852
2601 854
2600 854
2600 856
2599 856
2599 858
2598 858
2598 862
2597 862
2597 863
2596 863
2596 866
2595 866
2595 869
2594 869
2594 871
2593 871
2593 872
2592 872
2592 873
2591 873
2591 874
2590 874
2590 875
2589 875
2589 876
2588 876
2588 877
2587 877
2587 878
2586 878
2586 879
2584 879
2584 880
2583 880
2583 881
2582 881
2582 882
2581 882
2581 885
2580 885
2580 887
2578 887
2578 888
2577 888
2577 889
2576 889
2576 891
2575 891
2575 892
2574 892
2574 893
2573 893
2573 894
2572 894
2572 895
2571 895
2571 896
2570 896
2570 897
2569 897
2569 901
2568 901
2568 902
2567 902
2567 903
2566 903
2566 905
2565 905
2565 906
2564 906
2564 908
2563 908
2563 909
2562 909
2562 913
2561 913
2561 915
2560 915
2560 916
2559 916
2559 917
2558 917
2558 919
2557 919
2557 920
2556 920
2556 921
2555 921
2555 924
2552 924
2552 925
2551 925
2551 926
2550 926
2550 927
2549 927
2549 929
2547 929
2547 930
2546 930
2546 931
2544 931
2544 932
2543 932
2543 934
2542 934
2542 935
2541 935
2541 936
2540 936
2540 937
2539 937
2539 938
2538 938
2538 939
2537 939
2537 940
2536 940
2536 942
2535 942
2535 943
2534 943
2534 944
2533 944
2533 945
2532 945
2532 946
2531 946
2531 948
2530 948
2530 949
2528 949
2528 950
2527 950
2527 951
2525 951
2525 952
2524 952
2524 953
2522 953
2522 954
2519 954
2519 955
2518 955
2518 956
2517 956
2517 957
2515 957
2515 958
2514 958
2514 959
2513 959
2513 961
2512 961
2512 962
2506 962
2506 963
2504 963
2504 964
2502 964
2502 965
2501 965
2501 966
2500 966
2500 967
2499 967
2499 968
2498 968
2498 969
2488 969
2488 970
2487 970
2487 971
2478 971
2478 972
2475 972
2475 973
2471 973
2471 974
2469 974
2469 975
2467 975
2467 976
2465 976
2465 977
2463 977
2463 978
2460 978
2460 979
2459 979
2459 978
2441 978
2441 977
2435 977
2435 976
2412 976
2412 977
2410 977
2410 978
2407 978
2407 979
2406 979
2406 980
2404 980
2404 981
2402 981
2402 982
2400 982
2400 983
2399 983
2399 984
2397 984
2397 985
2395 985
2395 984
2385 984
2385 983
2371 983
2371 982
2367 982
2367 981
2365 981
2365 980
2364 980
2364 979
2362 979
2362 978
2359 978
2359 977
2358 977
2358 976
2356 976
2356 975
2355 975
2355 974
2354 974
2354 973
2352 973
2352 972
2351 972
2351 971
2350 971
2350 969
2349 969
2349 968
2348 968
2348 967
2347 967
2347 966
2346 966
2346 965
2345 965
2345 964
2344 964
2344 963
2340 963
2340 962
2338 962
2338 961
2335 961
2335 960
2331 960
2331 959
2329 959
2329 958
2327 958
2327 957
2326 957
2326 956
2325 956
2325 955
2324 955
2324 954
2323 954
2323 953
2322 953
2322 951
2321 951
2321 950
2320 950
2320 949
2319 949
2319 948
2318 948
2318 947
2317 947
2317 946
2314 946
2314 945
2311 945
2311 944
2290 944
2290 945
2286 945
2286 946
2281 946
2281 947
2277 947
2277 948
2275 948
2275 947
2270 947
2270 946
2268 946
2268 945
2265 945
2265 944
2260 944
2260 943
2252 943
2252 942
2247 942
2247 941
2237 941
2237 940
2235 940
2235 939
2234 939
2234 938
2233 938
2233 937
2232 937
2232 936
2231 936
2231 935
2230 935
2230 934
2229 934
2229 933
2228 933
2228 932
2226 932
2226 931
2225 931
2225 930
2224 930
2224 929
2221 929
2221 928
2219 928
2219 927
2216 927
2216 926
2215 926
2215 925
2214 925
2214 924
2213 924
2213 923
2212 923
2212 922
2211 922
2211 921
2210 921
2210 920
2201 920
2201 919
2186 919
2186 920
2184 920
2184 919
2175 919
2175 920
2172 920
2172 921
2171 921
2171 931
2170 931
2170 932
2168 932
2168 933
2167 933
2167 934
2164 934
2164 935
2163 935
2163 938
2162 938
2162 939
2161 939
2161 940
2159 940
2159 941
2150 941
2150 940
2148 940
2148 941
2147 941
2147 942
2146 942
2146 943
2145 943
2145 944
2144 944
2144 945
2143 945
2143 946
2142 946
2142 948
2141 948
2141 949
2140 949
2140 950
2139 950
2139 953
2137 953
2137 954
2134 954
2134 955
2133 955
2133 956
2132 956
2132 957
2130 957
2130 958
2128 958
2128 959
2127 959
2127 960
2126 960
2126 961
2124 961
2124 962
2123 962
2123 963
2121 963
2121 964
2120 964
2120 965
2117 965
2117 966
2114 966
2114 967
2113 967
2113 968
2111 968
2111 969
2106 969
2106 968
2104 968
2104 969
2103 969
2103 974
2102 974
2102 977
2101 977
2101 978
2100 978
2100 979
2099 979
2099 980
2097 980
2097 981
2090 981
2090 982
2087 982
2087 983
2085 983
2085 984
2077 984
2077 985
2065 985
2065 984
2064 984
2064 985
2054 985
2054 986
2047 986
2047 985
2034 985
2034 984
2028 984
2028 985
2021 985
2021 984
2009 984
2009 983
2004 983
2004 982
2003 982
2003 981
2001 981
2001 980
2000 980
2000 979
1999 979
1999 978
1990 978
1990 977
1985 977
1985 978
1983 978
1983 977
1968 977
1968 978
1965 978
1965 979
1961 979
1961 980
1955 980
1955 981
1941 981
1941 977
1940 977
1940 975
1939 975
1939 974
1910 974
1910 973
1905 973
1905 972
1902 972
1902 971
1901 971
1901 970
1900 970
1900 969
1899 969
1899 967
1898 967
1898 966
1897 966
1897 965
1896 965
1896 963
1895 963
1895 961
1894 961
1894 959
1893 959
1893 956
1892 956
1892 954
1891 954
1891 953
1890 953
1890 951
1889 951
1889 950
1888 950
1888 948
1887 948
1887 947
1886 947
1886 946
1875 946
1875 945
1861 945
1861 946
1846 946
1846 945
1840 945
1840 944
1827 944
1827 945
1821 945
1821 946
1816 946
1816 947
1808 947
1808 946
1805 946
1805 945
1803 945
1803 944
1802 944
1802 943
1800 943
1800 942
1799 942
1799 941
1796 941
1796 940
1789 940
1789 939
1783 939
1783 938
1780 938
1780 937
1779 937
1779 936
1778 936
1778 935
1777 935
1777 934
1775 934
1775 933
1774 933
1774 932
1771 932
1771 931
1768 931
1768 930
1765 930
1765 929
1763 929
1763 928
1762 928
1762 927
1761 927
1761 926
1760 926
1760 925
1755 925
1755 924
1744 924
1744 925
1741 925
1741 926
1738 926
1738 927
1735 927
1735 928
1731 928
1731 929
1722 929
1722 928
1721 928
1721 927
1720 927
1720 926
1719 926
1719 925
1718 925
1718 924
1716 924
1716 923
1713 923
1713 922
1703 922
1703 921
1699 921
1699 920
1693 920
1693 919
1690 919
1690 918
1688 918
1688 917
1685 917
1685 916
1684 916
1684 915
1683 915
1683 914
1681 914
1681 913
1679 913
1679 912
1678 912
1678 911
1677 911
1677 910
1676 910
1676 909
1675 909
1675 908
1674 908
1674 906
1673 906
1673 904
1672 904
1672 895
1671 895
1671 892
1670 892
1670 891
1669 891
1669 890
1667 890
1667 889
1666 889
1666 888
1662 888
1662 887
1655 887
1655 886
1653 886
1653 889
1652 889
1652 902
1651 902
1651 904
1649 904
1649 905
1648 905
1648 906
1647 906
1647 907
1646 907
1646 908
1644 908
1644 909
1643 909
1643 910
1637 910
1637 911
1635 911
1635 918
1634 918
1634 919
1632 919
1632 920
1631 920
1631 921
1629 921
1629 922
1625 922
1625 923
1622 923
1622 924
1618 924
1618 925
1617 925
1617 926
1616 926
1616 932
1617 932
1617 934
1618 934
1618 936
1619 936
1619 948
1609 948
1609 949
1608 949
1608 950
1607 950
1607 954
1606 954
1606 956
1605 956
1605 957
1603 957
1603 958
1601 958
1601 959
1598 959
1598 960
1589 960
1589 959
1583 959
1583 958
1580 958
1580 959
1576 959
1576 958
1562 958
1562 957
1561 957
1561 956
1560 956
1560 955
1559 955
1559 954
1558 954
1558 953
1556 953
1556 952
1555 952
1555 951
1554 951
1554 950
1550 950
1550 949
1543 949
1543 950
1540 950
1540 949
1539 949
1539 948
1537 948
1537 947
1536 947
1536 946
1534 946
1534 945
1530 945
1530 944
1528 944
1528 943
1526 943
1526 942
1525 942
1525 941
1524 941
1524 940
1523 940
1523 939
1522 939
1522 938
1521 938
1521 937
1520 937
1520 936
1519 936
1519 934
1518 934
1518 933
1517 933
1517 932
1515 932
1515 931
1514 931
1514 930
1508 930
1508 931
1501 931
1501 930
1494 930
1494 931
1484 931
1484 930
1483 930
1483 931
1481 931
1481 930
1477 930
1477 931
1472 931
1472 932
1470 932
1470 933
1468 933
1468 934
1464 934
1464 935
1462 935
1462 936
1461 936
1461 937
1459 937
1459 938
1456 938
1456 939
1450 939
1450 940
1447 940
1447 941
1446 941
1446 942
1445 942
1445 943
1437 943
1437 944
1434 944
1434 945
1413 945
1413 944
1412 944
1412 943
1411 943
1411 942
1409 942
1409 941
1408 941
1408 937
1407 937
1407 936
1406 936
1406 935
1404 935
1404 934
1402 934
1402 933
1401 933
1401 932
1399 932
1399 931
1397 931
1397 930
1396 930
1396 928
1395 928
1395 926
1394 926
1394 920
1393 920
1393 918
1392 918
1392 917
1391 917
1391 916
1389 916
1389 915
1388 915
1388 914
1387 914
1387 913
1386 913
1386 912
1385 912
1385 911
1384 911
1384 909
1383 909
1383 907
1382 907
1382 898
1381 898
1381 888
1380 888
1380 887
1379 887
1379 886
1378 886
1378 885
1377 885
1377 884
1376 884
1376 883
1375 883
1375 882
1374 882
1374 881
1373 881
1373 880
1372 880
1372 877
1371 877
1371 866
1370 866
1370 864
1369 864
1369 863
1368 863
1368 862
1367 862
1367 861
1366 861
1366 860
1365 860
1365 859
1363 859
1363 858
1362 858
1362 856
1361 856
1361 855
1360 855
1360 853
1359 853
1359 829
1358 829
1358 816
1357 816
1357 814
1356 814
1356 813
1355 813
1355 812
1352 812
1352 813
1351 813
1351 814
1350 814
1350 815
1349 815
1349 816
1347 816
1347 817
1346 817
1346 818
1345 818
1345 819
1344 819
1344 821
1343 821
1343 822
1341 822
1341 823
1333 823
1333 824
1332 824
1332 825
1331 825
1331 826
1330 826
1330 827
1328 827
1328 828
1324 828
1324 829
1317 829
1317 828
1315 828
1315 827
1307 827
1307 828
1299 828
1299 827
1296 827
1296 826
1295 826
1295 827
1291 827
1291 828
1288 828
1288 829
1286 829
1286 830
1284 830
1284 831
1281 831
1281 832
1280 832
1280 833
1278 833
1278 834
1276 834
1276 835
1275 835
1275 836
1273 836
1273 837
1271 837
1271 838
1266 838
1266 839
1265 839
1265 840
1263 840
1263 841
1262 841
1262 842
1260 842
1260 843
1259 843
1259 844
1258 844
1258 845
1257 845
1257 846
1256 846
1256 847
1255 847
1255 848
1254 848
1254 850
1252 850
1252 851
1251 851
1251 852
1249 852
1249 853
1248 853
1248 854
1246 854
1246 855
1241 855
1241 856
1238 856
1238 857
1236 857
1236 858
1230 858
1230 859
1219 859
1219 860
1216 860
1216 861
1215 861
1215 862
1213 862
1213 863
1208 863
1208 864
1197 864
1197 865
1193 865
1193 864
1190 864
1190 863
1188 863
1188 862
1187 862
1187 861
1186 861
1186 860
1185 860
1185 857
1184 857
1184 856
1183 856
1183 855
1182 855
1182 854
1181 854
1181 853
1177 853
1177 852
1176 852
1176 851
1175 851
1175 850
1174 850
1174 848
1173 848
1173 847
1169 847
1169 846
1164 846
1164 845
1161 845
1161 844
1157 844
1157 843
1154 843
1154 842
1152 842
1152 841
1150 841
1150 840
1148 840
1148 839
1147 839
1147 838
1146 838
1146 837
1145 837
1145 835
1144 835
1144 834
1143 834
1143 833
1142 833
1142 832
1141 832
1141 831
1140 831
1140 830
1139 830
1139 829
1138 829
1138 827
1137 827
1137 824
1136 824
1136 823
1135 823
1135 822
1134 822
1134 820
1133 820
1133 819
1132 819
1132 817
1131 817
1131 814
1130 814
1130 812
1129 812
1129 811
1128 811
1128 809
1127 809
1127 808
1126 808
1126 807
1125 807
1125 806
1123 806
1123 805
1121 805
1121 804
1119 804
1119 803
1118 803
1118 802
1117 802
1117 801
1116 801
1116 799
1115 799
1115 793
1114 793
1114 792
1113 792
1113 791
1110 791
1110 790
1108 790
1108 789
1107 789
1107 788
1105 788
1105 787
1104 787
1104 786
1103 786
1103 781
1102 781
1102 763
1103 763
1103 757
1102 757
1102 756
1095 756
1095 757
1087 757
1087 758
1086 758
1086 761
1087 761
1087 766
1088 766
1088 768
1089 768
1089 775
1088 775
1088 776
1087 776
1087 777
1086 777
1086 778
1081 778
1081 779
1065 779
1065 778
1062 778
1062 777
1061 777
1061 776
1060 776
1060 775
1058 775
1058 774
1057 774
1057 773
1056 773
1056 771
1055 771
1055 766
1054 766
1054 749
1055 749
1055 736
1054 736
1054 734
1053 734
1053 733
1051 733
1051 732
1050 732
1050 731
1047 731
1047 730
1046 730
1046 729
1045 729
1045 728
1044 728
1044 727
1043 727
1043 726
1037 726
1037 727
1036 727
1036 735
1037 735
1037 736
1036 736
1036 743
1037 743
1037 750
1038 750
1038 753
1039 753
1039 756
1040 756
1040 761
1041 761
1041 767
1040 767
1040 769
1038 769
1038 770
1035 770
1035 771
1034 771
1034 772
1033 772
1033 773
1032 773
1032 774
1031 774
1031 775
1030 775
1030 776
1028 776
1028 777
1026 777
1026 778
1011 778
1011 779
1007 779
1007 778
1002 778
1002 777
1001 777
1001 776
999 776
999 774
998 774
998 773
997 773
997 770
996 770
996 767
995 767
995 765
994 765
994 764
993 764
993 763
991 763
991 762
988 762
988 761
987 761
987 760
986 760
986 758
985 758
985 754
984 754
984 746
983 746
983 745
982 745
982 744
981 744
981 743
980 743
980 742
978 742
978 741
977 741
977 740
976 740
976 739
975 739
975 738
974 738
974 736
973 736
973 734
972 734
972 732
971 732
971 730
970 730
970 729
969 729
969 728
968 728
968 727
966 727
966 726
965 726
965 725
964 725
964 724
963 724
963 723
962 723
962 722
961 722
961 721
959 721
959 720
958 720
958 719
956 719
956 718
954 718
954 716
953 716
953 714
952 714
952 712
951 712
951 708
950 708
950 707
949 707
949 706
947 706
947 705
945 705
945 704
944 704
944 703
943 703
943 702
942 702
942 700
941 700
941 697
940 697
940 691
939 691
939 689
938 689
938 688
937 688
937 687
935 687
935 686
934 686
934 685
932 685
932 684
931 684
931 682
930 682
930 681
929 681
929 677
928 677
928 627
927 627
927 625
926 625
926 624
924 624
924 623
921 623
921 622
919 622
919 621
915 621
915 620
911 620
911 619
909 619
909 618
908 618
908 617
907 617
907 616
906 616
906 615
905 615
905 612
904 612
904 611
903 611
903 610
902 610
902 609
899 609
899 608
888 608
888 607
882 607
882 606
868 606
868 605
866 605
866 604
862 604
862 603
860 603
860 602
856 602
856 601
853 601
853 600
849 600
849 598
848 598
848 597
847 597
847 595
846 595
846 592
845 592
845 590
844 590
844 589
836 589
836 588
830 588
830 587
827 587
827 586
825 586
825 585
824 585
824 584
822 584
822 583
820 583
820 582
809 582
809 581
790 581
790 582
779 582
779 583
775 583
775 582
764 582
764 581
760 581
760 580
757 580
757 579
756 579
756 577
755 577
755 576
754 576
754 574
753 574
753 571
752 571
752 565
751 565
751 564
750 564
750 561
751 561
751 557
750 557
750 549
749 549
749 540
750 540
750 533
749 533
749 532
748 532
748 531
745 531
745 530
743 530
743 529
742 529
742 528
741 528
741 527
740 527
740 526
739 526
739 525
735 525
735 524
731 524
731 523
730 523
730 522
728 522
728 521
727 521
727 520
725 520
725 519
722 519
722 518
720 518
720 517
719 517
719 516
718 516
718 515
717 515
717 514
716 514
716 513
715 513
715 504
714 504
714 503
711 503
711 502
709 502
709 501
707 501
707 500
706 500
706 499
705 499
705 497
704 497
704 496
703 496
703 494
702 494
702 493
699 493
699 492
697 492
697 491
696 491
696 490
694 490
694 489
693 489
693 487
692 487
692 484
691 484
691 482
692 482
692 478
691 478
691 475
690 475
690 474
689 474
689 473
688 473
688 472
685 472
685 471
683 471
683 470
682 470
682 469
681 469
681 468
680 468
680 463
679 463
679 462
677 462
677 461
675 461
675 460
672 460
672 459
671 459
671 458
670 458
670 456
669 456
669 454
668 454
668 452
663 452
663 451
661 451
661 450
660 450
660 449
659 449
659 448
658 448
658 446
657 446
657 442
656 442
656 440
655 440
655 439
653 439
653 438
650 438
650 437
648 437
648 436
647 436
647 435
646 435
646 434
645 434
645 430
644 430
644 428
643 428
643 427
641 427
641 426
638 426
638 425
636 425
636 424
635 424
635 423
634 423
634 420
633 420
633 417
632 417
632 415
626 415
626 414
624 414
624 413
623 413
623 412
622 412
622 411
620 411
620 410
617 410
617 409
615 409
615 408
613 408
613 407
611 407
611 405
610 405
610 404
595 404
595 405
586 405
586 404
579 404
579 403
577 403
577 402
570 402
570 401
566 401
566 400
565 400
565 399
564 399
564 398
563 398
563 383
562 383
562 398
563 398
563 399
564 399
564 400
565 400
565 401
566 401
566 402
570 402
570 403
577 403
577 404
579 404
579 405
586 405
586 406
595 406
595 405
610 405
610 407
611 407
611 408
613 408
613 409
615 409
615 410
617 410
617 411
620 411
620 412
622 412
622 413
623 413
623 414
624 414
624 415
626 415
626 416
631 416
631 417
632 417
632 420
633 420
633 423
634 423
634 424
635 424
635 425
636 425
636 426
638 426
638 427
641 427
641 428
643 428
643 430
644 430
644 434
645 434
645 435
646 435
646 436
647 436
647 437
648 437
648 438
650 438
650 439
653 439
653 440
655 440
655 442
656 442
656 446
657 446
657 448
658 448
658 449
659 449
659 450
660 450
660 451
661 451
661 452
663 452
663 453
667 453
667 454
668 454
668 456
669 456
669 458
670 458
670 459
671 459
671 460
672 460
672 461
675 461
675 462
677 462
677 463
679 463
679 468
680 468
680 469
681 469
681 470
682 470
682 471
683 471
683 472
685 472
685 473
688 473
688 474
689 474
689 475
690 475
690 478
691 478
691 482
690 482
690 484
691 484
691 487
692 487
692 489
693 489
693 490
694 490
694 491
696 491
696 492
697 492
697 493
699 493
699 494
702 494
702 496
703 496
703 497
704 497
704 499
705 499
705 500
706 500
706 501
707 501
707 502
709 502
709 503
711 503
711 504
714 504
714 513
715 513
715 514
716 514
716 515
717 515
717 516
718 516
718 517
719 517
719 518
720 518
720 519
722 519
722 520
725 520
725 521
727 521
727 522
728 522
728 523
730 523
730 524
731 524
731 525
735 525
735 526
739 526
739 527
740 527
740 528
741 528
741 529
742 529
742 530
743 530
743 531
745 531
745 532
748 532
748 533
749 533
749 540
748 540
748 549
749 549
749 558
750 558
750 561
749 561
749 564
750 564
750 565
751 565
751 571
752 571
752 574
753 574
753 576
754 576
754 577
755 577
755 579
756 579
756 580
757 580
757 581
760 581
760 582
764 582
764 583
775 583
775 584
779 584
779 583
790 583
790 582
809 582
809 583
820 583
820 584
822 584
822 585
824 585
824 586
825 586
825 587
827 587
827 588
830 588
830 589
836 589
836 590
844 590
844 592
845 592
845 595
846 595
846 597
847 597
847 598
848 598
848 600
849 600
849 601
853 601
853 602
856 602
856 603
860 603
860 604
862 604
862 605
866 605
866 606
868 606
868 607
882 607
882 608
888 608
888 609
899 609
899 610
902 610
902 611
903 611
903 612
904 612
904 615
905 615
905 616
906 616
906 617
907 617
907 618
908 618
908 619
909 619
909 620
911 620
911 621
915 621
915 622
919 622
919 623
921 623
921 624
924 624
924 625
926 625
926 627
927 627
927 677
928 677
928 681
929 681
929 682
930 682
930 684
931 684
931 685
932 685
932 686
934 686
934 687
935 687
935 688
937 688
937 689
938 689
938 691
939 691
939 697
940 697
940 700
941 700
941 702
942 702
942 703
943 703
943 704
944 704
944 705
945 705
945 706
947 706
947 707
949 707
949 708
950 708
950 712
951 712
951 714
952 714
952 716
953 716
953 718
954 718
954 719
956 719
956 720
958 720
958 721
959 721
959 722
961 722
961 723
962 723
962 724
963 724
963 725
964 725
964 726
965 726
965 727
966 727
966 728
968 728
968 729
969 729
969 730
970 730
970 732
971 732
971 734
972 734
972 736
973 736
973 738
974 738
974 739
975 739
975 740
976 740
976 741
977 741
977 742
978 742
978 743
980 743
980 744
981 744
981 745
982 745
982 746
983 746
983 754
984 754
984 758
985 758
985 760
986 760
986 761
987 761
987 762
988 762
988 763
991 763
991 764
993 764
993 765
994 765
994 767
995 767
995 770
996 770
996 773
997 773
997 774
998 774
998 776
999 776
999 777
1001 777
1001 778
1002 778
1002 779
1007 779
1007 780
1011 780
1011 779
1026 779
1026 778
1028 778
1028 777
1030 777
1030 776
1031 776
1031 775
1032 775
1032 774
1033 774
1033 773
1034 773
1034 772
1035 772
1035 771
1038 771
1038 770
1040 770
1040 769
1041 769
1041 767
1042 767
1042 761
1041 761
1041 756
1040 756
1040 753
1039 753
1039 750
1038 750
1038 743
1037 743
1037 736
1038 736
1038 735
1037 735
1037 727
1043 727
1043 728
1044 728
1044 729
1045 729
1045 730
1046 730
1046 731
1047 731
1047 732
1050 732
1050 733
1051 733
1051 734
1053 734
1053 736
1054 736
1054 749
1053 749
1053 766
1054 766
1054 771
1055 771
1055 773
1056 773
1056 774
1057 774
1057 775
1058 775
1058 776
1060 776
1060 777
1061 777
1061 778
1062 778
1062 779
1065 779
1065 780
1081 780
1081 779
1086 779
1086 778
1087 778
1087 777
1088 777
1088 776
1089 776
1089 775
1090 775
1090 768
1089 768
1089 766
1088 766
1088 761
1087 761
1087 758
1095 758
1095 757
1102 757
1102 763
1101 763
1101 781
1102 781
1102 786
1103 786
1103 787
1104 787
1104 788
1105 788
1105 789
1107 789
1107 790
1108 790
1108 791
1110 791
1110 792
1113 792
1113 793
1114 793
1114 799
1115 799
1115 801
1116 801
1116 802
1117 802
1117 803
1118 803
1118 804
1119 804
1119 805
1121 805
1121 806
1123 806
1123 807
1125 807
1125 808
1126 808
1126 809
1127 809
1127 811
1128 811
1128 812
1129 812
1129 814
1130 814
1130 817
1131 817
1131 819
1132 819
1132 820
1133 820
1133 822
1134 822
1134 823
1135 823
1135 824
1136 824
1136 827
1137 827
1137 829
1138 829
1138 830
1139 830
1139 831
1140 831
1140 832
1141 832
1141 833
1142 833
1142 834
1143 834
1143 835
1144 835
1144 837
1145 837
1145 838
1146 838
1146 839
1147 839
1147 840
1148 840
1148 841
1150 841
1150 842
1152 842
1152 843
1154 843
1154 844
1157 844
1157 845
1161 845
1161 846
1164 846
1164 847
1169 847
1169 848
1173 848
1173 850
1174 850
1174 851
1175 851
1175 852
1176 852
1176 853
1177 853
1177 854
1181 854
1181 855
1182 855
1182 856
1183 856
1183 857
1184 857
1184 860
1185 860
1185 861
1186 861
1186 862
1187 862
1187 863
1188 863
1188 864
1190 864
1190 865
1193 865
1193 866
1197 866
1197 865
1208 865
1208 864
1213 864
1213 863
1215 863
1215 862
1216 862
1216 861
1219 861
1219 860
1230 860
1230 859
1236 859
1236 858
1238 858
1238 857
1241 857
1241 856
1246 856
1246 855
1248 855
1248 854
1249 854
1249 853
1251 853
1251 852
1252 852
1252 851
1254 851
1254 850
1255 850
1255 848
1256 848
1256 847
1257 847
1257 846
1258 846
1258 845
1259 845
1259 844
1260 844
1260 843
1262 843
1262 842
1263 842
1263 841
1265 841
1265 840
1266 840
1266 839
1271 839
1271 838
1273 838
1273 837
1275 837
1275 836
1276 836
1276 835
1278 835
1278 834
1280 834
1280 833
1281 833
1281 832
1284 832
1284 831
1286 831
1286 830
1288 830
1288 829
1291 829
1291 828
1295 828
1295 827
1296 827
1296 828
1299 828
1299 829
1307 829
1307 828
1315 828
1315 829
1317 829
1317 830
1324 830
1324 829
1328 829
1328 828
1330 828
1330 827
1331 827
1331 826
1332 826
1332 825
1333 825
1333 824
1341 824
1341 823
1343 823
1343 822
1344 822
1344 821
1345 821
1345 819
1346 819
1346 818
1347 818
1347 817
1349 817
1349 816
1350 816
1350 815
1351 815
1351 814
1352 814
1352 813
1355 813
1355 814
1356 814
1356 816
1357 816
1357 829
1358 829
1358 853
1359 853
1359 855
1360 855
1360 856
1361 856
1361 858
1362 858
1362 859
1363 859
1363 860
1365 860
1365 861
1366 861
1366 862
1367 862
1367 863
1368 863
1368 864
1369 864
1369 866
1370 866
1370 877
1371 877
1371 880
1372 880
1372 881
1373 881
1373 882
1374 882
1374 883
1375 883
1375 884
1376 884
1376 885
1377 885
1377 886
1378 886
1378 887
1379 887
1379 888
1380 888
1380 898
1381 898
1381 907
1382 907
1382 909
1383 909
1383 911
1384 911
1384 912
1385 912
1385 913
1386 913
1386 914
1387 914
1387 915
1388 915
1388 916
1389 916
1389 917
1391 917
1391 918
1392 918
1392 920
1393 920
1393 926
1394 926
1394 928
1395 928
1395 930
1396 930
1396 931
1397 931
1397 932
1399 932
1399 933
1401 933
1401 934
1402 934
1402 935
1404 935
1404 936
1406 936
1406 937
1407 937
1407 941
1408 941
1408 942
1409 942
1409 943
1411 943
1411 944
1412 944
1412 945
1413 945
1413 946
1434 946
1434 945
1437 945
1437 944
1445 944
1445 943
1446 943
1446 942
1447 942
1447 941
1450 941
1450 940
1456 940
1456 939
1459 939
1459 938
1461 938
1461 937
1462 937
1462 936
1464 936
1464 935
1468 935
1468 934
1470 934
1470 933
1472 933
1472 932
1477 932
1477 931
1481 931
1481 932
1483 932
1483 931
1484 931
1484 932
1494 932
1494 931
1501 931
1501 932
1508 932
1508 931
1514 931
1514 932
1515 932
1515 933
1517 933
1517 934
1518 934
1518 936
1519 936
1519 937
1520 937
1520 938
1521 938
1521 939
1522 939
1522 940
1523 940
1523 941
1524 941
1524 942
1525 942
1525 943
1526 943
1526 944
1528 944
1528 945
1530 945
1530 946
1534 946
1534 947
1536 947
1536 948
1537 948
1537 949
1539 949
1539 950
1540 950
1540 951
1543 951
1543 950
1550 950
1550 951
1554 951
1554 952
1555 952
1555 953
1556 953
1556 954
1558 954
1558 955
1559 955
1559 956
1560 956
1560 957
1561 957
1561 958
1562 958
1562 959
1576 959
1576 960
1580 960
1580 959
1583 959
1583 960
1589 960
1589 961
1598 961
1598 960
1601 960
1601 959
1603 959
1603 958
1605 958
1605 957
1606 957
1606 956
1607 956
1607 954
1608 954
1608 950
1609 950
1609 949
1619 949
1619 948
1620 948
1620 936
1619 936
1619 934
1618 934
1618 932
1617 932
1617 926
1618 926
1618 925
1622 925
1622 924
1625 924
1625 923
1629 923
1629 922
1631 922
1631 921
1632 921
1632 920
1634 920
1634 919
1635 919
1635 918
1636 918
1636 912
1637 912
1637 911
1643 911
1643 910
1644 910
1644 909
1646 909
1646 908
1647 908
1647 907
1648 907
1648 906
1649 906
1649 905
1651 905
1651 904
1652 904
1652 902
1653 902
1653 889
1654 889
1654 887
1655 887
1655 888
1662 888
1662 889
1666 889
1666 890
1667 890
1667 891
1669 891
1669 892
1670 892
1670 895
1671 895
1671 904
1672 904
1672 906
1673 906
1673 908
1674 908
1674 909
1675 909
1675 910
1676 910
1676 911
1677 911
1677 912
1678 912
1678 913
1679 913
1679 914
1681 914
1681 915
1683 915
1683 916
1684 916
1684 917
1685 917
1685 918
1688 918
1688 919
1690 919
1690 920
1693 920
1693 921
1699 921
1699 922
1703 922
1703 923
1713 923
1713 924
1716 924
1716 925
1718 925
1718 926
1719 926
1719 927
1720 927
1720 928
1721 928
1721 929
1722 929
1722 930
1731 930
1731 929
1735 929
1735 928
1738 928
1738 927
1741 927
1741 926
1744 926
1744 925
1755 925
1755 926
1760 926
1760 927
1761 927
1761 928
1762 928
1762 929
1763 929
1763 930
1765 930
1765 931
1768 931
1768 932
1771 932
1771 933
1774 933
1774 934
1775 934
1775 935
1777 935
1777 936
1778 936
1778 937
1779 937
1779 938
1780 938
1780 939
1783 939
1783 940
1789 940
1789 941
1796 941
1796 942
1799 942
1799 943
1800 943
1800 944
1802 944
1802 945
1803 945
1803 946
1805 946
1805 947
1808 947
1808 948
1816 948
1816 947
1821 947
1821 946
1827 946
1827 945
1840 945
1840 946
1846 946
1846 947
1861 947
1861 946
1875 946
1875 947
1886 947
1886 948
1887 948
1887 950
1888 950
1888 951
1889 951
1889 953
1890 953
1890 954
1891 954
1891 956
1892 956
1892 959
1893 959
1893 961
1894 961
1894 963
1895 963
1895 965
1896 965
1896 966
1897 966
1897 967
1898 967
1898 969
1899 969
1899 970
1900 970
1900 971
1901 971
1901 972
1902 972
1902 973
1905 973
1905 974
1910 974
1910 975
1939 975
1939 977
1940 977
1940 981
1941 981
1941 982
1955 982
1955 981
1961 981
1961 980
1965 980
1965 979
1968 979
1968 978
1983 978
1983 979
1985 979
1985 978
1990 978
1990 979
1999 979
1999 980
2000 980
2000 981
2001 981
2001 982
2003 982
2003 983
2004 983
2004 984
2009 984
2009 985
2021 985
2021 986
2028 986
2028 985
2034 985
2034 986
2047 986
2047 987
2054 987
2054 986
2064 986
2064 985
2065 985
2065 986
2077 986
2077 985
2085 985
2085 984
2087 984
2087 983
2090 983
2090 982
2097 982
2097 981
2099 981
2099 980
2100 980
2100 979
2101 979
2101 978
2102 978
2102 977
2103 977
2103 974
2104 974
2104 969
2106 969
2106 970
2111 970
2111 969
2113 969
2113 968
2114 968
2114 967
2117 967
2117 966
2120 966
2120 965
2121 965
2121 964
2123 964
2123 963
2124 963
2124 962
2126 962
2126 961
2127 961
2127 960
2128 960
2128 959
2130 959
2130 958
2132 958
2132 957
2133 957
2133 956
2134 956
2134 955
2137 955
2137 954
2139 954
2139 953
2140 953
2140 950
2141 950
2141 949
2142 949
2142 948
2143 948
2143 946
2144 946
2144 945
2145 945
2145 944
2146 944
2146 943
2147 943
2147 942
2148 942
2148 941
2150 941
2150 942
2159 942
2159 941
2161 941
2161 940
2162 940
2162 939
2163 939
2163 938
2164 938
2164 935
2167 935
2167 934
2168 934
2168 933
2170 933
2170 932
2171 932
2171 931
2172 931
2172 921
2175 921
2175 920
2184 920
2184 921
2186 921
2186 920
2201 920
2201 921
2210 921
2210 922
2211 922
2211 923
2212 923
2212 924
2213 924
2213 925
2214 925
2214 926
2215 926
