2610 1063
2608 1063
2608 1064
2605 1064
2605 1065
2603 1065
2603 1066
2601 1066
2601 1067
2596 1067
2596 1068
2593 1068
2593 1069
2590 1069
2590 1070
2588 1070
2588 1071
2587 1071
2587 1073
2586 1073
2586 1076
2585 1076
2585 1077
2584 1077
2584 1078
2583 1078
2583 1079
2582 1079
2582 1080
2581 1080
2581 1081
2580 1081
2580 1082
2578 1082
2578 1083
2577 1083
2577 1085
2576 1085
2576 1086
2575 1086
2575 1087
2574 1087
2574 1088
2573 1088
2573 1089
2572 1089
2572 1091
2569 1091
2569 1092
2565 1092
2565 1093
2563 1093
2563 1094
2562 1094
2562 1095
2561 1095
2561 1097
2560 1097
2560 1098
2559 1098
2559 1099
2558 1099
2558 1100
2557 1100
2557 1099
2551 1099
2551 1100
2550 1100
2550 1101
2549 1101
2549 1105
2550 1105
2550 1107
2551 1107
2551 1108
2552 1108
2552 1109
2553 1109
2553 1111
2554 1111
2554 1114
2555 1114
2555 1118
2554 1118
2554 1120
2553 1120
2553 1121
2552 1121
2552 1122
2551 1122
2551 1125
2550 1125
2550 1126
2548 1126
2548 1127
2544 1127
2544 1128
2541 1128
2541 1129
2539 1129
2539 1130
2538 1130
2538 1131
2537 1131
2537 1132
2536 1132
2536 1133
2529 1133
2529 1134
2528 1134
2528 1135
2527 1135
2527 1136
2526 1136
2526 1137
2525 1137
2525 1138
2524 1138
2524 1139
2522 1139
2522 1140
2520 1140
2520 1141
2519 1141
2519 1142
2518 1142
2518 1143
2517 1143
2517 1145
2516 1145
2516 1148
2514 1148
2514 1149
2513 1149
2513 1150
2510 1150
2510 1151
2508 1151
2508 1152
2507 1152
2507 1153
2505 1153
2505 1154
2504 1154
2504 1155
2503 1155
2503 1157
2502 1157
2502 1158
2487 1158
2487 1159
2483 1159
2483 1160
2481 1160
2481 1159
2480 1159
2480 1158
2478 1158
2478 1157
2474 1157
2474 1156
2469 1156
2469 1157
2467 1157
2467 1158
2464 1158
2464 1159
2461 1159
2461 1158
2459 1158
2459 1159
2453 1159
2453 1160
2451 1160
2451 1161
2448 1161
2448 1162
2438 1162
2438 1163
2432 1163
2432 1164
2430 1164
2430 1165
2429 1165
2429 1166
2428 1166
2428 1167
2427 1167
2427 1172
2426 1172
2426 1180
2427 1180
2427 1184
2426 1184
2426 1188
2425 1188
2425 1191
2424 1191
2424 1192
2423 1192
2423 1193
2422 1193
2422 1195
2421 1195
2421 1196
2420 1196
2420 1197
2413 1197
2413 1196
2409 1196
2409 1195
2407 1195
2407 1193
2406 1193
2406 1191
2405 1191
2405 1190
2402 1190
2402 1191
2395 1191
2395 1192
2393 1192
2393 1193
2387 1193
2387 1194
2380 1194
2380 1195
2379 1195
2379 1196
2378 1196
2378 1198
2377 1198
2377 1200
2376 1200
2376 1202
2375 1202
2375 1203
2374 1203
2374 1204
2373 1204
2373 1205
2372 1205
2372 1206
2371 1206
2371 1207
2370 1207
2370 1208
2369 1208
2369 1209
2368 1209
2368 1210
2367 1210
2367 1211
2366 1211
2366 1212
2365 1212
2365 1213
2352 1213
2352 1214
2347 1214
2347 1215
2343 1215
2343 1216
2342 1216
2342 1217
2339 1217
2339 1218
2337 1218
2337 1219
2336 1219
2336 1220
2334 1220
2334 1221
2333 1221
2333 1222
2332 1222
2332 1223
2331 1223
2331 1224
2329 1224
2329 1225
2324 1225
2324 1226
2320 1226
2320 1227
2319 1227
2319 1228
2318 1228
2318 1229
2317 1229
2317 1230
2316 1230
2316 1231
2312 1231
2312 1232
2306 1232
2306 1233
2287 1233
2287 1232
2286 1232
2286 1231
2283 1231
2283 1232
2279 1232
2279 1233
2277 1233
2277 1234
2276 1234
2276 1236
2275 1236
2275 1237
2274 1237
2274 1238
2270 1238
2270 1239
2268 1239
2268 1240
2266 1240
2266 1241
2263 1241
2263 1242
2258 1242
2258 1243
2257 1243
2257 1244
2256 1244
2256 1245
2254 1245
2254 1246
2253 1246
2253 1247
2252 1247
2252 1248
2251 1248
2251 1251
2250 1251
2250 1252
2249 1252
2249 1253
2246 1253
2246 1254
2244 1254
2244 1255
2242 1255
2242 1256
2241 1256
2241 1257
2240 1257
2240 1258
2238 1258
2238 1259
2237 1259
2237 1260
2234 1260
2234 1261
2232 1261
2232 1262
2231 1262
2231 1261
2218 1261
2218 1262
2211 1262
2211 1261
2202 1261
2202 1262
2183 1262
2183 1261
2176 1261
2176 1262
2158 1262
2158 1263
2155 1263
2155 1264
2148 1264
2148 1265
2145 1265
2145 1264
2137 1264
2137 1265
2133 1265
2133 1264
2128 1264
2128 1263
2125 1263
2125 1261
2124 1261
2124 1257
2123 1257
2123 1256
2122 1256
2122 1255
2121 1255
2121 1254
2120 1254
2120 1253
2119 1253
2119 1252
2118 1252
2118 1251
2113 1251
2113 1250
2110 1250
2110 1249
2108 1249
2108 1248
2105 1248
2105 1249
2096 1249
2096 1250
2094 1250
2094 1249
2091 1249
2091 1248
2081 1248
2081 1249
2072 1249
2072 1250
2069 1250
2069 1251
2064 1251
2064 1252
2062 1252
2062 1253
2053 1253
2053 1254
2046 1254
2046 1253
2044 1253
2044 1252
2021 1252
2021 1253
2012 1253
2012 1254
2005 1254
2005 1253
2000 1253
2000 1252
1999 1252
1999 1251
1998 1251
1998 1250
1992 1250
1992 1251
1990 1251
1990 1250
1987 1250
1987 1249
1985 1249
1985 1248
1983 1248
1983 1247
1982 1247
1982 1246
1981 1246
1981 1245
1980 1245
1980 1244
1979 1244
1979 1243
1976 1243
1976 1242
1975 1242
1975 1241
1973 1241
1973 1240
1969 1240
1969 1238
1967 1238
1967 1237
1966 1237
1966 1235
1965 1235
1965 1234
1964 1234
1964 1233
1963 1233
1963 1231
1962 1231
1962 1230
1961 1230
1961 1229
1960 1229
1960 1228
1959 1228
1959 1227
1957 1227
1957 1226
1956 1226
1956 1225
1953 1225
1953 1224
1946 1224
1946 1225
1942 1225
1942 1226
1940 1226
1940 1227
1937 1227
1937 1228
1919 1228
1919 1229
1908 1229
1908 1230
1907 1230
1907 1231
1906 1231
1906 1234
1905 1234
1905 1256
1904 1256
1904 1257
1903 1257
1903 1258
1902 1258
1902 1259
1899 1259
1899 1260
1897 1260
1897 1261
1895 1261
1895 1262
1894 1262
1894 1263
1892 1263
1892 1264
1890 1264
1890 1265
1879 1265
1879 1266
1866 1266
1866 1265
1863 1265
1863 1264
1861 1264
1861 1262
1860 1262
1860 1261
1859 1261
1859 1260
1857 1260
1857 1259
1855 1259
1855 1258
1852 1258
1852 1257
1848 1257
1848 1258
1845 1258
1845 1259
1839 1259
1839 1260
1837 1260
1837 1261
1834 1261
1834 1262
1833 1262
1833 1263
1832 1263
1832 1264
1830 1264
1830 1265
1827 1265
1827 1266
1821 1266
1821 1267
1816 1267
1816 1268
1814 1268
1814 1269
1812 1269
1812 1270
1808 1270
1808 1269
1807 1269
1807 1268
1805 1268
1805 1267
1804 1267
1804 1266
1802 1266
1802 1265
1799 1265
1799 1264
1796 1264
1796 1263
1789 1263
1789 1262
1787 1262
1787 1261
1786 1261
1786 1259
1785 1259
1785 1258
1784 1258
1784 1257
1783 1257
1783 1256
1782 1256
1782 1255
1778 1255
1778 1254
1772 1254
1772 1253
1767 1253
1767 1250
1766 1250
1766 1248
1765 1248
1765 1246
1764 1246
1764 1245
1762 1245
1762 1244
1760 1244
1760 1243
1759 1243
1759 1242
1758 1242
1758 1241
1757 1241
1757 1240
1755 1240
1755 1239
1741 1239
1741 1238
1740 1238
1740 1237
1739 1237
1739 1236
1738 1236
1738 1234
1737 1234
1737 1233
1736 1233
1736 1232
1734 1232
1734 1231
1725 1231
1725 1230
1724 1230
1724 1229
1723 1229
1723 1228
1722 1228
1722 1225
1721 1225
1721 1224
1720 1224
1720 1198
1721 1198
1721 1191
1720 1191
1720 1181
1719 1181
1719 1174
1718 1174
1718 1173
1717 1173
1717 1172
1716 1172
1716 1171
1709 1171
1709 1172
1695 1172
1695 1173
1693 1173
1693 1174
1692 1174
1692 1175
1691 1175
1691 1177
1690 1177
1690 1181
1689 1181
1689 1185
1688 1185
1688 1190
1687 1190
1687 1192
1686 1192
1686 1193
1685 1193
1685 1194
1680 1194
1680 1193
1679 1193
1679 1192
1676 1192
1676 1191
1674 1191
1674 1190
1673 1190
1673 1189
1672 1189
1672 1186
1671 1186
1671 1181
1670 1181
1670 1178
1669 1178
1669 1173
1668 1173
1668 1172
1666 1172
1666 1171
1661 1171
1661 1170
1659 1170
1659 1169
1658 1169
1658 1168
1657 1168
1657 1167
1656 1167
1656 1166
1651 1166
1651 1165
1638 1165
1638 1164
1636 1164
1636 1163
1614 1163
1614 1162
1612 1162
1612 1161
1610 1161
1610 1160
1606 1160
1606 1159
1605 1159
1605 1158
1600 1158
1600 1157
1598 1157
1598 1156
1597 1156
1597 1155
1596 1155
1596 1146
1595 1146
1595 1117
1594 1117
1594 1114
1593 1114
1593 1113
1592 1113
1592 1112
1590 1112
1590 1111
1589 1111
1589 1110
1588 1110
1588 1109
1587 1109
1587 1108
1586 1108
1586 1107
1585 1107
1585 1103
1584 1103
1584 1080
1583 1080
1583 1079
1580 1079
1580 1080
1575 1080
1575 1081
1570 1081
1570 1082
1564 1082
1564 1083
1557 1083
1557 1084
1556 1084
1556 1085
1554 1085
1554 1086
1553 1086
1553 1087
1551 1087
1551 1088
1549 1088
1549 1089
1546 1089
1546 1090
1544 1090
1544 1091
1542 1091
1542 1092
1539 1092
1539 1093
1536 1093
1536 1092
1529 1092
1529 1091
1518 1091
1518 1090
1515 1090
1515 1089
1513 1089
1513 1088
1512 1088
1512 1086
1511 1086
1511 1085
1510 1085
1510 1084
1504 1084
1504 1083
1503 1083
1503 1082
1502 1082
1502 1081
1501 1081
1501 1080
1500 1080
1500 1079
1499 1079
1499 1077
1498 1077
1498 1076
1490 1076
1490 1075
1489 1075
1489 1074
1488 1074
1488 1073
1487 1073
1487 1072
1486 1072
1486 1071
1485 1071
1485 1070
1482 1070
1482 1069
1478 1069
1478 1068
1477 1068
1477 1066
1476 1066
1476 1065
1475 1065
1475 1061
1474 1061
1474 1058
1473 1058
1473 1056
1472 1056
1472 1055
1466 1055
1466 1054
1465 1054
1465 1053
1464 1053
1464 1052
1463 1052
1463 1051
1462 1051
1462 1050
1456 1050
1456 1049
1454 1049
1454 1048
1453 1048
1453 1047
1452 1047
1452 1046
1451 1046
1451 1045
1450 1045
1450 1029
1449 1029
1449 1023
1448 1023
1448 1018
1447 1018
1447 1017
1446 1017
1446 1016
1442 1016
1442 1018
1441 1018
1441 1022
1440 1022
1440 1024
1439 1024
1439 1025
1438 1025
1438 1026
1436 1026
1436 1027
1430 1027
1430 1028
1429 1028
1429 1029
1428 1029
1428 1030
1427 1030
1427 1036
1428 1036
1428 1042
1427 1042
1427 1044
1426 1044
1426 1046
1425 1046
1425 1048
1424 1048
1424 1050
1423 1050
1423 1051
1422 1051
1422 1052
1420 1052
1420 1053
1410 1053
1410 1052
1407 1052
1407 1051
1406 1051
1406 1050
1405 1050
1405 1048
1404 1048
1404 1016
1403 1016
1403 1014
1404 1014
1404 1013
1403 1013
1403 1012
1400 1012
1400 1013
1383 1013
1383 1014
1381 1014
1381 1015
1379 1015
1379 1016
1376 1016
1376 1017
1374 1017
1374 1018
1370 1018
1370 1019
1368 1019
1368 1020
1359 1020
1359 1019
1355 1019
1355 1018
1353 1018
1353 1017
1352 1017
1352 1016
1351 1016
1351 1015
1350 1015
1350 1011
1349 1011
1349 1008
1348 1008
1348 1006
1347 1006
1347 1005
1343 1005
1343 1006
1342 1006
1342 1007
1341 1007
1341 1008
1339 1008
1339 1009
1337 1009
1337 1010
1335 1010
1335 1011
1333 1011
1333 1012
1332 1012
1332 1013
1320 1013
1320 1012
1317 1012
1317 1011
1314 1011
1314 1010
1312 1010
1312 1009
1311 1009
1311 1007
1310 1007
1310 1000
1311 1000
1311 978
1312 978
1312 961
1311 961
1311 957
1312 957
1312 939
1311 939
1311 934
1310 934
1310 921
1309 921
1309 920
1306 920
1306 919
1304 919
1304 918
1303 918
1303 917
1302 917
1302 916
1301 916
1301 910
1300 910
1300 890
1299 890
1299 866
1298 866
1298 859
1299 859
1299 846
1300 846
1300 823
1299 823
1299 822
1298 822
1298 821
1297 821
1297 820
1296 820
1296 819
1293 819
1293 818
1291 818
1291 817
1288 817
1288 816
1286 816
1286 817
1282 817
1282 818
1280 818
1280 819
1278 819
1278 820
1276 820
1276 819
1274 819
1274 820
1265 820
1265 819
1259 819
1259 818
1258 818
1258 817
1257 817
1257 816
1256 816
1256 814
1255 814
1255 813
1254 813
1254 812
1249 812
1249 811
1247 811
1247 810
1245 810
1245 809
1244 809
1244 808
1243 808
1243 803
1242 803
1242 808
1243 808
1243 809
1244 809
1244 810
1245 810
1245 811
1247 811
1247 812
1249 812
1249 813
1254 813
1254 814
1255 814
1255 817
1257 817
1257 818
1258 818
1258 819
1259 819
1259 820
1265 820
1265 821
1274 821
1274 820
1276 820
1276 821
1278 821
1278 820
1280 820
1280 819
1282 819
1282 818
1286 818
1286 817
1288 817
1288 818
1291 818
1291 819
1293 819
1293 820
1296 820
1296 821
1297 821
1297 822
1298 822
1298 823
1299 823
1299 846
1298 846
1298 859
1297 859
1297 866
1298 866
1298 890
1299 890
1299 910
1300 910
1300 916
1301 916
1301 917
1302 917
1302 918
1303 918
1303 919
1304 919
1304 920
1306 920
1306 921
1309 921
1309 934
1310 934
1310 939
1311 939
1311 957
1310 957
1310 961
1311 961
1311 978
1310 978
1310 1000
1309 1000
1309 1007
1310 1007
1310 1009
1311 1009
1311 1010
1312 1010
1312 1011
1314 1011
1314 1012
1317 1012
1317 1013
1320 1013
1320 1014
1332 1014
1332 1013
1333 1013
1333 1012
1335 1012
1335 1011
1337 1011
1337 1010
1339 1010
1339 1009
1341 1009
1341 1008
1342 1008
1342 1007
1343 1007
1343 1006
1347 1006
1347 1008
1348 1008
1348 1011
1349 1011
1349 1015
1350 1015
1350 1016
1351 1016
1351 1017
1352 1017
1352 1018
1353 1018
1353 1019
1355 1019
1355 1020
1359 1020
1359 1021
1368 1021
1368 1020
1370 1020
1370 1019
1374 1019
1374 1018
1376 1018
1376 1017
1379 1017
1379 1016
1381 1016
1381 1015
1383 1015
1383 1014
1400 1014
1400 1013
1403 1013
1403 1014
1402 1014
1402 1016
1403 1016
1403 1048
1404 1048
1404 1050
1405 1050
1405 1051
1406 1051
1406 1052
1407 1052
1407 1053
1410 1053
1410 1054
1420 1054
1420 1053
1422 1053
1422 1052
1423 1052
1423 1051
1424 1051
1424 1050
1425 1050
1425 1048
1426 1048
1426 1046
1427 1046
1427 1044
1428 1044
1428 1042
1429 1042
1429 1036
1428 1036
1428 1030
1429 1030
1429 1029
1430 1029
1430 1028
1436 1028
1436 1027
1438 1027
1438 1026
1439 1026
1439 1025
1440 1025
1440 1024
1441 1024
1441 1022
1442 1022
1442 1018
1443 1018
1443 1017
1446 1017
1446 1018
1447 1018
1447 1023
1448 1023
1448 1029
1449 1029
1449 1045
1450 1045
1450 1046
1451 1046
1451 1047
1452 1047
1452 1048
1453 1048
1453 1049
1454 1049
1454 1050
1456 1050
1456 1051
1462 1051
1462 1052
1463 1052
1463 1053
1464 1053
1464 1054
1465 1054
1465 1055
1466 1055
1466 1056
1472 1056
1472 1058
1473 1058
1473 1061
1474 1061
1474 1065
1475 1065
1475 1066
1476 1066
1476 1068
1477 1068
1477 1069
1478 1069
1478 1070
1482 1070
1482 1071
1485 1071
1485 1072
1486 1072
1486 1073
1487 1073
1487 1074
1488 1074
1488 1075
1489 1075
1489 1076
1490 1076
1490 1077
1498 1077
1498 1079
1499 1079
1499 1080
1500 1080
1500 1081
1501 1081
1501 1082
1502 1082
1502 1083
1503 1083
1503 1084
1504 1084
1504 1085
1510 1085
1510 1086
1511 1086
1511 1088
1512 1088
1512 1089
1513 1089
1513 1090
1515 1090
1515 1091
1518 1091
1518 1092
1529 1092
1529 1093
1536 1093
1536 1094
1539 1094
1539 1093
1542 1093
1542 1092
1544 1092
1544 1091
1546 1091
1546 1090
1549 1090
1549 1089
1551 1089
1551 1088
1553 1088
1553 1087
1554 1087
1554 1086
1556 1086
1556 1085
1557 1085
1557 1084
1564 1084
1564 1083
1570 1083
1570 1082
1575 1082
1575 1081
1580 1081
1580 1080
1583 1080
1583 1103
1584 1103
1584 1107
1585 1107
1585 1108
1586 1108
1586 1109
1587 1109
1587 1110
1588 1110
1588 1111
1589 1111
1589 1112
1590 1112
1590 1113
1592 1113
1592 1114
1593 1114
1593 1117
1594 1117
1594 1146
1595 1146
1595 1155
1596 1155
1596 1156
1597 1156
1597 1157
1598 1157
1598 1158
1600 1158
1600 1159
1605 1159
1605 1160
1606 1160
1606 1161
1610 1161
1610 1162
1612 1162
1612 1163
1614 1163
1614 1164
1636 1164
1636 1165
1638 1165
1638 1166
1651 1166
1651 1167
1656 1167
1656 1168
1657 1168
1657 1169
1658 1169
1658 1170
1659 1170
1659 1171
1661 1171
1661 1172
1666 1172
1666 1173
1668 1173
1668 1178
1669 1178
1669 1181
1670 1181
1670 1186
1671 1186
1671 1189
1672 1189
1672 1190
1673 1190
1673 1191
1674 1191
1674 1192
1676 1192
1676 1193
1679 1193
1679 1194
1680 1194
1680 1195
1685 1195
1685 1194
1686 1194
1686 1193
1687 1193
1687 1192
1688 1192
1688 1190
1689 1190
1689 1185
1690 1185
1690 1181
1691 1181
1691 1177
1692 1177
1692 1175
1693 1175
1693 1174
1695 1174
1695 1173
1709 1173
1709 1172
1716 1172
1716 1173
1717 1173
1717 1174
1718 1174
1718 1181
1719 1181
1719 1191
1720 1191
1720 1198
1719 1198
1719 1224
1720 1224
1720 1225
1721 1225
1721 1228
1722 1228
1722 1229
1723 1229
1723 1230
1724 1230
1724 1231
1725 1231
1725 1232
1734 1232
1734 1233
1736 1233
1736 1234
1737 1234
1737 1236
1738 1236
1738 1237
1739 1237
1739 1238
1740 1238
1740 1239
1741 1239
1741 1240
1755 1240
1755 1241
1757 1241
1757 1242
1758 1242
1758 1243
1759 1243
1759 1244
1760 1244
1760 1245
1762 1245
1762 1246
1764 1246
1764 1248
1765 1248
1765 1250
1766 1250
1766 1254
1772 1254
1772 1255
1778 1255
1778 1256
1782 1256
1782 1257
1783 1257
1783 1258
1784 1258
1784 1259
1785 1259
1785 1261
1786 1261
1786 1262
1787 1262
1787 1263
1789 1263
1789 1264
1796 1264
1796 1265
1799 1265
1799 1266
1802 1266
1802 1267
1804 1267
1804 1268
1805 1268
1805 1269
1807 1269
1807 1270
1808 1270
1808 1271
1812 1271
1812 1270
1814 1270
1814 1269
1816 1269
1816 1268
1821 1268
1821 1267
1827 1267
1827 1266
1830 1266
1830 1265
1832 1265
1832 1264
1833 1264
1833 1263
1834 1263
1834 1262
1837 1262
1837 1261
1839 1261
1839 1260
1845 1260
1845 1259
1848 1259
1848 1258
1852 1258
1852 1259
1855 1259
1855 1260
1857 1260
1857 1261
1859 1261
1859 1262
1860 1262
1860 1264
1861 1264
1861 1265
1863 1265
1863 1266
1866 1266
1866 1267
1879 1267
1879 1266
1890 1266
1890 1265
1892 1265
1892 1264
1894 1264
1894 1263
1895 1263
1895 1262
1897 1262
1897 1261
1899 1261
1899 1260
1902 1260
1902 1259
1903 1259
1903 1258
1904 1258
1904 1257
1905 1257
1905 1256
1906 1256
1906 1234
1907 1234
1907 1231
1908 1231
1908 1230
1919 1230
1919 1229
1937 1229
1937 1228
1940 1228
1940 1227
1942 1227
1942 1226
1946 1226
1946 1225
1953 1225
1953 1226
1956 1226
1956 1227
1957 1227
1957 1228
1959 1228
1959 1229
1960 1229
1960 1230
1961 1230
1961 1231
1962 1231
1962 1233
1963 1233
1963 1234
1964 1234
1964 1235
1965 1235
1965 1237
1966 1237
1966 1238
1967 1238
1967 1239
1968 1239
1968 1240
1969 1240
1969 1241
1973 1241
1973 1242
1975 1242
1975 1243
1976 1243
1976 1244
1979 1244
1979 1245
1980 1245
1980 1246
1981 1246
1981 1247
1982 1247
1982 1248
1983 1248
1983 1249
1985 1249
1985 1250
1987 1250
1987 1251
1990 1251
1990 1252
1992 1252
1992 1251
1997 1251
1997 1252
1999 1252
1999 1253
2000 1253
2000 1254
2005 1254
2005 1255
2012 1255
2012 1254
2021 1254
2021 1253
2044 1253
2044 1254
2046 1254
2046 1255
2053 1255
2053 1254
2062 1254
2062 1253
2064 1253
2064 1252
2069 1252
2069 1251
2072 1251
2072 1250
2081 1250
2081 1249
2091 1249
2091 1250
2094 1250
2094 1251
2096 1251
2096 1250
2105 1250
2105 1249
2108 1249
2108 1250
2110 1250
2110 1251
2113 1251
2113 1252
2118 1252
2118 1253
2119 1253
2119 1254
2120 1254
2120 1255
2121 1255
2121 1256
2122 1256
2122 1257
2123 1257
2123 1261
2124 1261
2124 1263
2125 1263
2125 1264
2128 1264
2128 1265
2131 1265
2131 1266
2137 1266
2137 1265
2145 1265
2145 1266
2148 1266
2148 1265
2155 1265
2155 1264
2158 1264
2158 1263
2176 1263
2176 1262
2183 1262
2183 1263
2202 1263
2202 1262
2211 1262
2211 1263
2218 1263
2218 1262
2231 1262
2231 1263
2232 1263
2232 1262
2234 1262
2234 1261
2237 1261
2237 1260
2238 1260
2238 1259
2240 1259
2240 1258
2241 1258
2241 1257
2242 1257
2242 1256
2244 1256
2244 1255
2246 1255
2246 1254
2249 1254
2249 1253
2250 1253
2250 1252
2251 1252
2251 1251
2252 1251
2252 1248
2253 1248
2253 1247
2254 1247
2254 1246
2256 1246
2256 1245
2257 1245
2257 1244
2258 1244
2258 1243
2263 1243
2263 1242
2266 1242
2266 1241
2268 1241
2268 1240
2270 1240
2270 1239
2274 1239
2274 1238
2275 1238
2275 1237
2276 1237
2276 1236
2277 1236
2277 1234
2279 1234
2279 1233
2283 1233
2283 1232
2286 1232
2286 1234
2306 1234
2306 1233
2312 1233
2312 1232
2316 1232
2316 1231
2317 1231
2317 1230
2318 1230
2318 1229
2319 1229
2319 1228
2320 1228
2320 1227
2324 1227
2324 1226
2329 1226
2329 1225
2331 1225
2331 1224
2332 1224
2332 1223
2333 1223
2333 1222
2334 1222
2334 1221
2336 1221
2336 1220
2337 1220
2337 1219
2339 1219
2339 1218
2342 1218
2342 1217
2343 1217
2343 1216
2347 1216
2347 1215
2352 1215
2352 1214
2365 1214
2365 1213
2366 1213
2366 1212
2367 1212
2367 1211
2368 1211
2368 1210
2369 1210
2369 1209
2370 1209
2370 1208
2371 1208
2371 1207
2372 1207
2372 1206
2373 1206
2373 1205
2374 1205
2374 1204
2375 1204
2375 1203
2376 1203
2376 1202
2377 1202
2377 1200
2378 1200
2378 1198
2379 1198
2379 1196
2380 1196
2380 1195
2387 1195
2387 1194
2393 1194
2393 1193
2395 1193
2395 1192
2402 1192
2402 1191
2405 1191
2405 1193
2406 1193
2406 1195
2407 1195
2407 1196
2409 1196
2409 1197
2413 1197
2413 1198
2420 1198
2420 1197
2421 1197
2421 1196
2422 1196
2422 1195
2423 1195
2423 1193
2424 1193
2424 1192
2425 1192
2425 1191
2426 1191
2426 1188
2427 1188
2427 1184
2428 1184
2428 1180
2427 1180
2427 1172
2428 1172
2428 1167
2429 1167
2429 1166
2430 1166
2430 1165
2432 1165
2432 1164
2438 1164
2438 1163
2448 1163
2448 1162
2451 1162
2451 1161
2453 1161
2453 1160
2459 1160
2459 1159
2461 1159
2461 1160
2464 1160
2464 1159
2467 1159
2467 1158
2469 1158
2469 1157
2474 1157
2474 1158
2478 1158
2478 1159
2480 1159
2480 1160
2481 1160
2481 1161
2483 1161
2483 1160
2487 1160
2487 1159
2503 1159
2503 1157
2504 1157
2504 1155
2505 1155
2505 1154
2507 1154
2507 1153
2508 1153
2508 1152
2510 1152
2510 1151
2513 1151
2513 1150
2514 1150
2514 1149
2516 1149
2516 1148
2517 1148
2517 1145
2518 1145
2518 1143
2519 1143
2519 1142
2520 1142
2520 1141
2522 1141
2522 1140
2524 1140
2524 1139
2525 1139
2525 1138
2526 1138
2526 1137
2527 1137
2527 1136
2528 1136
2528 1135
2529 1135
2529 1134
2536 1134
2536 1133
2537 1133
2537 1132
2538 1132
2538 1131
2539 1131
2539 1130
2541 1130
2541 1129
2544 1129
2544 1128
2548 1128
2548 1127
2550 1127
2550 1126
2551 1126
2551 1125
2552 1125
2552 1122
2553 1122
2553 1121
2554 1121
2554 1120
2555 1120
2555 1118
2556 1118
2556 1114
2555 1114
2555 1111
2554 1111
2554 1109
2553 1109
2553 1108
2552 1108
2552 1107
2551 1107
2551 1105
2550 1105
2550 1101
2551 1101
2551 1100
2557 1100
2557 1101
2558 1101
2558 1100
2559 1100
2559 1099
2560 1099
2560 1098
2561 1098
2561 1097
2562 1097
2562 1095
2563 1095
2563 1094
2565 1094
2565 1093
2569 1093
2569 1092
2572 1092
2572 1091
2573 1091
2573 1089
2574 1089
2574 1088
2575 1088
2575 1087
2576 1087
2576 1086
2577 1086
2577 1085
2578 1085
2578 1083
2580 1083
2580 1082
2581 1082
2581 1081
2582 1081
2582 1080
2583 1080
2583 1079
2584 1079
2584 1078
2585 1078
2585 1077
2586 1077
2586 1076
2587 1076
2587 1073
2588 1073
2588 1071
2590 1071
2590 1070
2593 1070
2593 1069
2596 1069
2596 1068
2601 1068
2601 1067
2603 1067
2603 1066
2605 1066
2605 1065
2608 1065
2608 1064
2610 1064
2610 1063
2611 1063
2611 1062
2612 1062
2612 1061
2614 1061
2614 1060
2615 1060
2615 1058
2616 1058
2616 1057
2618 1057
2618 1056
2619 1056
2619 1055
2620 1055
2620 1054
2621 1054
2621 1053
2622 1053
2622 1051
2623 1051
2623 1050
2624 1050
2624 1049
2625 1049
2625 1048
2626 1048
2626 1047
2627 1047
2627 1046
2628 1046
2628 1045
2629 1045
2629 1043
2630 1043
2630 1041
2631 1041
2631 1040
2632 1040
2632 1036
2633 1036
2633 1016
2634 1016
2634 1005
2635 1005
2635 1004
2636 1004
2636 1000
2637 1000
2637 997
2638 997
2638 995
2639 995
2639 994
2640 994
2640 993
2641 993
2641 992
2642 992
2642 990
2643 990
2643 988
2644 988
2644 986
2645 986
2645 983
2646 983
2646 982
2647 982
2647 980
2648 980
2648 979
2649 979
2649 978
2651 978
2651 977
2652 977
2652 976
2653 976
2653 975
2655 975
2655 974
2656 974
2656 973
2657 973
2657 972
2658 972
2658 971
2659 971
2659 970
2660 970
2660 969
2661 969
2661 968
2664 968
2664 967
2666 967
2666 966
2669 966
2669 965
2671 965
2671 964
2672 964
2672 963
2675 963
2675 962
2676 962
2676 961
2677 961
2677 960
2678 960
2678 959
2679 959
2679 958
2680 958
2680 956
2682 956
2682 955
2683 955
2683 954
2684 954
2684 952
2685 952
2685 951
2686 951
2686 950
2687 950
2687 948
2688 948
2688 947
2689 947
2689 946
2690 946
2690 945
2691 945
2691 944
2692 944
2692 943
2693 943
2693 942
2694 942
2694 941
2696 941
2696 940
2697 940
2697 938
2698 938
2698 937
2699 937
2699 936
2701 936
2701 935
2702 935
2702 934
2703 934
2703 932
2704 932
2704 930
2705 930
2705 928
2706 928
2706 927
2707 927
2707 926
2708 926
2708 925
2709 925
2709 924
2710 924
2710 922
2712 922
2712 921
2713 921
2713 920
2714 920
2714 919
2715 919
2715 918
2716 918
2716 916
2717 916
2717 915
2718 915
2718 914
2720 914
2720 913
2723 913
2723 914
2724 914
2724 915
2726 915
2726 917
2727 917
2727 918
2728 918
2728 919
2729 919
2729 920
2730 920
2730 921
2731 921
2731 922
2733 922
2733 923
2735 923
2735 924
2737 924
2737 925
2751 925
2751 924
2756 924
2756 923
2762 923
2762 922
2763 922
2763 921
2764 921
2764 920
2765 920
2765 918
2766 918
2766 917
2767 917
2767 915
2768 915
2768 913
2770 913
2770 912
2771 912
2771 910
2779 910
2779 909
2781 909
2781 908
2782 908
2782 907
2783 907
2783 906
2784 906
2784 905
2788 905
2788 904
2790 904
2790 903
2791 903
2791 902
2793 902
2793 901
2796 901
2796 902
2802 902
2802 901
2806 901
2806 900
2807 900
2807 899
2809 899
2809 898
2811 898
2811 897
2812 897
2812 896
2813 896
2813 895
2814 895
2814 894
2815 894
2815 891
2816 891
2816 889
2817 889
2817 863
2816 863
2816 860
2817 860
2817 852
2818 852
2818 851
2817 851
2817 837
2818 837
2818 832
2819 832
2819 828
2821 828
2821 829
2836 829
2836 830
2837 830
2837 832
2848 832
2848 831
2849 831
2849 830
2851 830
2851 829
2856 829
2856 828
2860 828
2860 827
2861 827
2861 826
2862 826
2862 823
2863 823
2863 819
2864 819
2864 817
2866 817
2866 815
2867 815
2867 811
2868 811
2868 810
2869 810
2869 809
2870 809
2870 808
2871 808
2871 805
2872 805
2872 803
2873 803
2873 802
2872 802
2872 803
2871 803
2871 805
2870 805
2870 808
2869 808
2869 809
2868 809
2868 810
2867 810
2867 811
2866 811
2866 815
2865 815
2865 816
2864 816
2864 817
2863 817
2863 819
2862 819
2862 823
2861 823
2861 826
2860 826
2860 827
2856 827
2856 828
2851 828
2851 829
2849 829
2849 830
2848 830
2848 831
2838 831
2838 830
2837 830
2837 829
2836 829
2836 828
2821 828
2821 827
2819 827
2819 828
2818 828
2818 832
2817 832
2817 837
2816 837
2816 851
2817 851
2817 852
2816 852
2816 860
2815 860
2815 863
2816 863
2816 889
2815 889
2815 891
2814 891
2814 894
2813 894
2813 895
2812 895
2812 896
2811 896
2811 897
2809 897
2809 898
2807 898
2807 899
2806 899
2806 900
2802 900
2802 901
2796 901
2796 900
2793 900
2793 901
2791 901
2791 902
2790 902
2790 903
2788 903
2788 904
2784 904
2784 905
2783 905
2783 906
2782 906
2782 907
2781 907
2781 908
2779 908
2779 909
2771 909
2771 910
2770 910
2770 912
2768 912
2768 913
2767 913
2767 915
2766 915
2766 917
2765 917
2765 918
2764 918
2764 920
2763 920
2763 921
2762 921
2762 922
2756 922
2756 923
2751 923
2751 924
2737 924
2737 923
2735 923
2735 922
2733 922
2733 921
2731 921
2731 920
2730 920
2730 919
2729 919
2729 918
2728 918
2728 917
2727 917
2727 915
2726 915
2726 914
2724 914
2724 913
2723 913
2723 912
2720 912
2720 913
2718 913
2718 914
2717 914
2717 915
2716 915
2716 916
2715 916
2715 918
2714 918
2714 919
2713 919
2713 920
2712 920
2712 921
2710 921
2710 922
2709 922
2709 924
2708 924
2708 925
2707 925
2707 926
2706 926
2706 927
2705 927
2705 928
2704 928
2704 930
2703 930
2703 932
2702 932
2702 934
2701 934
2701 935
2699 935
2699 936
2698 936
2698 937
2697 937
2697 938
2696 938
2696 940
2694 940
2694 941
2693 941
2693 942
2692 942
2692 943
2691 943
2691 944
2690 944
2690 945
2689 945
2689 946
2688 946
2688 947
2687 947
2687 948
2686 948
2686 950
2685 950
2685 951
2684 951
2684 952
2683 952
2683 954
2682 954
2682 955
2680 955
2680 956
2679 956
2679 958
2678 958
2678 959
2677 959
2677 960
2676 960
2676 961
2675 961
2675 962
2672 962
2672 963
2671 963
2671 964
2669 964
2669 965
2666 965
2666 966
2664 966
2664 967
2661 967
2661 968
2660 968
2660 969
2659 969
2659 970
2658 970
2658 971
2657 971
2657 972
2656 972
2656 973
2655 973
2655 974
2653 974
2653 975
2652 975
2652 976
2651 976
2651 977
2649 977
2649 978
2648 978
2648 979
2647 979
2647 980
2646 980
2646 982
2645 982
2645 983
2644 983
2644 986
2643 986
2643 988
2642 988
2642 990
2641 990
2641 992
2640 992
2640 993
2639 993
2639 994
2638 994
2638 995
2637 995
2637 997
2636 997
2636 1000
2635 1000
2635 1004
2634 1004
2634 1005
2633 1005
2633 1016
2632 1016
2632 1036
2631 1036
2631 1040
2630 1040
2630 1041
2629 1041
2629 1043
2628 1043
2628 1045
2627 1045
2627 1046
2626 1046
2626 1047
2625 1047
2625 1048
2624 1048
2624 1049
2623 1049
2623 1050
2622 1050
2622 1051
2621 1051
2621 1053
2620 1053
2620 1054
2619 1054
2619 1055
2618 1055
2618 1056
2616 1056
2616 1057
2615 1057
2615 1058
2614 1058
2614 1060
2612 1060
2612 1061
2611 1061
2611 1062
2610 1062
