3183 337
3182 337
3182 343
3181 343
3181 345
3180 345
3180 346
3179 346
3179 347
3177 347
3177 348
3175 348
3175 349
3171 349
3171 393
3172 393
3172 448
3173 448
3173 464
3172 464
3172 470
3171 470
3171 471
3170 471
3170 472
3169 472
3169 473
3168 473
3168 474
3166 474
3166 475
3163 475
3163 476
3162 476
3162 477
3161 477
3161 478
3160 478
3160 479
3159 479
3159 480
3157 480
3157 481
3153 481
3153 482
3143 482
3143 483
3141 483
3141 484
3138 484
3138 492
3137 492
3137 495
3136 495
3136 497
3135 497
3135 498
3134 498
3134 500
3133 500
3133 501
3132 501
3132 502
3130 502
3130 503
3126 503
3126 511
3127 511
3127 519
3126 519
3126 527
3127 527
3127 536
3126 536
3126 541
3125 541
3125 543
3124 543
3124 545
3123 545
3123 546
3122 546
3122 547
3120 547
3120 548
3119 548
3119 549
3118 549
3118 550
3116 550
3116 552
3115 552
3115 553
3114 553
3114 555
3113 555
3113 557
3112 557
3112 559
3111 559
3111 560
3110 560
3110 561
3109 561
3109 562
3108 562
3108 564
3107 564
3107 565
3106 565
3106 568
3105 568
3105 570
3104 570
3104 571
3103 571
3103 572
3102 572
3102 573
3101 573
3101 574
3100 574
3100 575
3099 575
3099 577
3098 577
3098 578
3097 578
3097 579
3094 579
3094 580
3093 580
3093 581
3092 581
3092 582
3091 582
3091 583
3090 583
3090 584
3088 584
3088 585
3086 585
3086 586
3083 586
3083 587
3080 587
3080 588
3079 588
3079 589
3077 589
3077 590
3075 590
3075 591
3072 591
3072 592
3069 592
3069 593
3065 593
3065 594
3063 594
3063 595
3039 595
3039 594
3035 594
3035 593
3033 593
3033 592
3031 592
3031 591
3028 591
3028 590
3023 590
3023 589
3021 589
3021 588
3009 588
3009 589
3007 589
3007 590
3005 590
3005 591
2996 591
2996 590
2995 590
2995 588
2994 588
2994 586
2981 586
2981 585
2979 585
2979 584
2976 584
2976 583
2974 583
2974 582
2972 582
2972 581
2967 581
2967 580
2962 580
2962 581
2956 581
2956 580
2953 580
2953 579
2952 579
2952 578
2951 578
2951 577
2950 577
2950 576
2948 576
2948 575
2947 575
2947 574
2946 574
2946 573
2945 573
2945 572
2944 572
2944 570
2943 570
2943 569
2942 569
2942 568
2941 568
2941 567
2940 567
2940 566
2939 566
2939 565
2938 565
2938 564
2937 564
2937 563
2935 563
2935 562
2928 562
2928 561
2921 561
2921 562
2919 562
2919 561
2917 561
2917 560
2916 560
2916 559
2915 559
2915 557
2914 557
2914 555
2913 555
2913 553
2912 553
2912 551
2911 551
2911 548
2910 548
2910 543
2909 543
2909 532
2908 532
2908 523
2907 523
2907 522
2906 522
2906 519
2905 519
2905 517
2903 517
2903 516
2899 516
2899 515
2892 515
2892 516
2887 516
2887 519
2886 519
2886 520
2879 520
2879 521
2877 521
2877 522
2874 522
2874 523
2871 523
2871 524
2860 524
2860 523
2852 523
2852 522
2847 522
2847 521
2844 521
2844 520
2842 520
2842 519
2840 519
2840 518
2839 518
2839 517
2838 517
2838 516
2837 516
2837 515
2836 515
2836 514
2835 514
2835 512
2834 512
2834 511
2833 511
2833 510
2831 510
2831 509
2829 509
2829 508
2823 508
2823 509
2819 509
2819 517
2820 517
2820 557
2819 557
2819 564
2818 564
2818 568
2817 568
2817 570
2816 570
2816 572
2815 572
2815 573
2814 573
2814 574
2813 574
2813 575
2812 575
2812 576
2811 576
2811 577
2810 577
2810 579
2809 579
2809 581
2808 581
2808 583
2807 583
2807 586
2806 586
2806 587
2804 587
2804 588
2801 588
2801 589
2799 589
2799 590
2797 590
2797 591
2794 591
2794 592
2792 592
2792 593
2790 593
2790 594
2789 594
2789 595
2788 595
2788 596
2786 596
2786 597
2785 597
2785 598
2783 598
2783 599
2772 599
2772 600
2771 600
2771 601
2765 601
2765 602
2764 602
2764 601
2753 601
2753 602
2752 602
2752 603
2751 603
2751 604
2749 604
2749 605
2739 605
2739 606
2738 606
2738 607
2737 607
2737 608
2736 608
2736 609
2734 609
2734 610
2729 610
2729 611
2727 611
2727 612
2723 612
2723 613
2722 613
2722 614
2721 614
2721 615
2720 615
2720 616
2719 616
2719 617
2718 617
2718 618
2716 618
2716 619
2714 619
2714 620
2704 620
2704 619
2702 619
2702 618
2701 618
2701 617
2700 617
2700 616
2697 616
2697 615
2692 615
2692 614
2687 614
2687 615
2684 615
2684 616
2682 616
2682 617
2681 617
2681 618
2680 618
2680 619
2678 619
2678 620
2677 620
2677 621
2676 621
2676 622
2668 622
2668 623
2666 623
2666 624
2659 624
2659 623
2658 623
2658 622
2652 622
2652 621
2645 621
2645 622
2642 622
2642 623
2638 623
2638 624
2633 624
2633 625
2632 625
2632 626
2628 626
2628 627
2611 627
2611 628
2608 628
2608 629
2607 629
2607 630
2606 630
2606 631
2600 631
2600 655
2599 655
2599 659
2598 659
2598 662
2597 662
2597 664
2596 664
2596 668
2595 668
2595 669
2594 669
2594 670
2593 670
2593 671
2592 671
2592 672
2589 672
2589 673
2554 673
2554 672
2534 672
2534 673
2530 673
2530 674
2521 674
2521 675
2514 675
2514 674
2507 674
2507 675
2500 675
2500 676
2498 676
2498 677
2497 677
2497 678
2496 678
2496 729
2495 729
2495 733
2494 733
2494 734
2493 734
2493 736
2492 736
2492 737
2491 737
2491 738
2485 738
2485 740
2484 740
2484 747
2483 747
2483 750
2482 750
2482 752
2481 752
2481 753
2480 753
2480 754
2472 754
2472 753
2461 753
2461 752
2459 752
2459 751
2451 751
2451 750
2447 750
2447 749
2441 749
2441 748
2438 748
2438 747
2434 747
2434 746
2433 746
2433 745
2432 745
2432 744
2427 744
2427 743
2423 743
2423 742
2413 742
2413 741
2410 741
2410 740
2409 740
2409 739
2407 739
2407 738
2405 738
2405 737
2387 737
2387 736
2384 736
2384 735
2383 735
2383 734
2382 734
2382 733
2381 733
2381 731
2380 731
2380 729
2379 729
2379 728
2378 728
2378 726
2377 726
2377 725
2360 725
2360 726
2343 726
2343 725
2339 725
2339 724
2338 724
2338 723
2336 723
2336 722
2335 722
2335 721
2333 721
2333 720
2328 720
2328 719
2325 719
2325 718
2322 718
2322 717
2319 717
2319 716
2317 716
2317 715
2315 715
2315 714
2314 714
2314 713
2313 713
2313 712
2312 712
2312 710
2311 710
2311 708
2310 708
2310 704
2309 704
2309 702
2308 702
2308 700
2307 700
2307 692
2306 692
2306 691
2304 691
2304 690
2295 690
2295 702
2296 702
2296 709
2297 709
2297 714
2298 714
2298 717
2296 717
2296 718
2283 718
2283 719
2281 719
2281 720
2279 720
2279 721
2269 721
2269 722
2268 722
2268 721
2267 721
2267 720
2261 720
2261 721
2260 721
2260 722
2258 722
2258 723
2256 723
2256 724
2255 724
2255 725
2254 725
2254 726
2253 726
2253 727
2251 727
2251 729
2250 729
2250 731
2249 731
2249 732
2247 732
2247 733
2246 733
2246 735
2245 735
2245 737
2244 737
2244 739
2243 739
2243 740
2242 740
2242 741
2239 741
2239 743
2238 743
2238 745
2237 745
2237 749
2236 749
2236 750
2234 750
2234 751
2231 751
2231 752
2228 752
2228 753
2226 753
2226 755
2225 755
2225 756
2224 756
2224 757
2221 757
2221 758
2217 758
2217 759
2212 759
2212 760
2208 760
2208 761
2197 761
2197 762
2191 762
2191 763
2189 763
2189 764
2188 764
2188 765
2186 765
2186 766
2181 766
2181 767
2174 767
2174 768
2172 768
2172 769
2170 769
2170 770
2169 770
2169 771
2168 771
2168 774
2167 774
2167 775
2166 775
2166 776
2164 776
2164 777
2160 777
2160 778
2151 778
2151 779
2145 779
2145 780
2143 780
2143 781
2142 781
2142 782
2141 782
2141 784
2140 784
2140 785
2138 785
2138 786
2135 786
2135 787
2133 787
2133 788
2131 788
2131 789
2130 789
2130 791
2129 791
2129 793
2128 793
2128 794
2127 794
2127 795
2125 795
2125 796
2116 796
2116 797
2113 797
2113 798
2112 798
2112 799
2111 799
2111 800
2110 800
2110 801
2103 801
2103 802
2100 802
2100 803
2095 803
2095 804
2093 804
2093 805
2090 805
2090 806
2087 806
2087 807
2086 807
2086 808
2084 808
2084 809
2077 809
2077 810
2070 810
2070 809
2057 809
2057 808
2056 808
2056 807
2055 807
2055 806
2054 806
2054 805
2053 805
2053 804
2051 804
2051 803
2044 803
2044 802
2034 802
2034 801
2030 801
2030 800
2029 800
2029 799
2028 799
2028 798
2027 798
2027 796
2026 796
2026 795
2025 795
2025 794
2024 794
2024 793
2021 793
2021 792
2019 792
2019 791
2016 791
2016 790
2009 790
2009 789
2006 789
2006 790
1998 790
1998 791
1984 791
1984 790
1981 790
1981 789
1980 789
1980 788
1979 788
1979 787
1978 787
1978 786
1977 786
1977 785
1976 785
1976 784
1973 784
1973 783
1970 783
1970 782
1969 782
1969 781
1968 781
1968 780
1967 780
1967 779
1966 779
1966 778
1965 778
1965 776
1964 776
1964 773
1960 773
1960 772
1958 772
1958 771
1955 771
1955 770
1954 770
1954 769
1953 769
1953 768
1952 768
1952 767
1951 767
1951 766
1949 766
1949 765
1947 765
1947 764
1945 764
1945 763
1944 763
1944 762
1943 762
1943 761
1942 761
1942 760
1941 760
1941 759
1940 759
1940 758
1939 758
1939 753
1938 753
1938 749
1937 749
1937 746
1936 746
1936 739
1935 739
1935 677
1934 677
1934 675
1925 675
1925 703
1924 703
1924 705
1923 705
1923 706
1919 706
1919 707
1916 707
1916 708
1915 708
1915 709
1914 709
1914 710
1913 710
1913 712
1912 712
1912 714
1911 714
1911 715
1910 715
1910 716
1909 716
1909 717
1907 717
1907 718
1906 718
1906 719
1905 719
1905 720
1904 720
1904 721
1902 721
1902 722
1899 722
1899 723
1897 723
1897 724
1890 724
1890 726
1889 726
1889 765
1888 765
1888 769
1887 769
1887 770
1886 770
1886 771
1877 771
1877 772
1875 772
1875 773
1872 773
1872 774
1859 774
1859 773
1857 773
1857 774
1848 774
1848 773
1845 773
1845 772
1843 772
1843 771
1839 771
1839 770
1833 770
1833 769
1832 769
1832 768
1831 768
1831 767
1830 767
1830 766
1828 766
1828 765
1827 765
1827 764
1823 764
1823 763
1815 763
1815 764
1780 764
1780 763
1774 763
1774 762
1766 762
1766 761
1755 761
1755 762
1753 762
1753 763
1752 763
1752 764
1750 764
1750 765
1749 765
1749 766
1748 766
1748 767
1737 767
1737 768
1734 768
1734 767
1730 767
1730 766
1728 766
1728 765
1727 765
1727 764
1725 764
1725 763
1724 763
1724 762
1723 762
1723 760
1722 760
1722 753
1721 753
1721 725
1720 725
1720 721
1719 721
1719 711
1718 711
1718 710
1717 710
1717 709
1715 709
1715 708
1713 708
1713 707
1712 707
1712 706
1711 706
1711 704
1710 704
1710 702
1709 702
1709 701
1708 701
1708 686
1703 686
1703 687
1701 687
1701 688
1700 688
1700 725
1701 725
1701 729
1702 729
1702 730
1703 730
1703 731
1704 731
1704 735
1703 735
1703 737
1702 737
1702 738
1701 738
1701 739
1700 739
1700 740
1699 740
1699 741
1698 741
1698 742
1696 742
1696 743
1694 743
1694 744
1675 744
1675 745
1673 745
1673 746
1669 746
1669 747
1657 747
1657 746
1656 746
1656 745
1655 745
1655 744
1653 744
1653 743
1652 743
1652 742
1644 742
1644 741
1643 741
1643 740
1641 740
1641 739
1638 739
1638 738
1632 738
1632 737
1619 737
1619 738
1617 738
1617 740
1616 740
1616 741
1615 741
1615 742
1613 742
1613 743
1609 743
1609 744
1602 744
1602 745
1600 745
1600 746
1592 746
1592 745
1585 745
1585 744
1583 744
1583 743
1582 743
1582 742
1581 742
1581 741
1580 741
1580 739
1579 739
1579 737
1578 737
1578 728
1577 728
1577 713
1575 713
1575 712
1572 712
1572 711
1571 711
1571 710
1570 710
1570 709
1569 709
1569 707
1568 707
1568 706
1567 706
1567 704
1566 704
1566 696
1562 696
1562 697
1559 697
1559 698
1558 698
1558 700
1557 700
1557 701
1555 701
1555 702
1554 702
1554 703
1553 703
1553 704
1547 704
1547 705
1544 705
1544 706
1543 706
1543 707
1542 707
1542 708
1541 708
1541 709
1532 709
1532 715
1533 715
1533 727
1532 727
1532 729
1531 729
1531 730
1530 730
1530 731
1528 731
1528 732
1527 732
1527 733
1522 733
1522 734
1521 734
1521 735
1520 735
1520 736
1519 736
1519 737
1515 737
1515 738
1498 738
1498 737
1495 737
1495 736
1494 736
1494 735
1493 735
1493 734
1492 734
1492 733
1491 733
1491 732
1490 732
1490 730
1489 730
1489 727
1488 727
1488 726
1487 726
1487 725
1485 725
1485 724
1481 724
1481 723
1479 723
1479 722
1477 722
1477 721
1476 721
1476 720
1466 720
1466 719
1463 719
1463 720
1457 720
1457 719
1454 719
1454 718
1453 718
1453 717
1452 717
1452 716
1451 716
1451 715
1450 715
1450 714
1449 714
1449 713
1448 713
1448 711
1447 711
1447 709
1446 709
1446 708
1445 708
1445 707
1444 707
1444 706
1443 706
1443 705
1442 705
1442 704
1438 704
1438 703
1435 703
1435 702
1432 702
1432 701
1431 701
1431 700
1430 700
1430 699
1429 699
1429 697
1428 697
1428 696
1427 696
1427 694
1426 694
1426 670
1425 670
1425 669
1424 669
1424 668
1420 668
1420 667
1419 667
1419 665
1418 665
1418 664
1417 664
1417 662
1416 662
1416 659
1415 659
1415 654
1414 654
1414 653
1408 653
1408 652
1407 652
1407 662
1406 662
1406 664
1407 664
1407 668
1406 668
1406 673
1407 673
1407 676
1408 676
1408 679
1407 679
1407 682
1406 682
1406 684
1405 684
1405 686
1404 686
1404 687
1401 687
1401 688
1395 688
1395 689
1394 689
1394 690
1393 690
1393 691
1392 691
1392 692
1389 692
1389 693
1384 693
1384 694
1378 694
1378 693
1373 693
1373 692
1372 692
1372 691
1371 691
1371 690
1370 690
1370 689
1369 689
1369 687
1368 687
1368 686
1362 686
1362 687
1360 687
1360 688
1359 688
1359 689
1358 689
1358 690
1357 690
1357 691
1353 691
1353 692
1349 692
1349 693
1348 693
1348 698
1347 698
1347 700
1346 700
1346 701
1345 701
1345 702
1344 702
1344 703
1342 703
1342 704
1338 704
1338 705
1337 705
1337 706
1336 706
1336 707
1334 707
1334 708
1333 708
1333 709
1331 709
1331 710
1327 710
1327 711
1325 711
1325 713
1324 713
1324 714
1322 714
1322 715
1321 715
1321 717
1305 717
1305 718
1304 718
1304 717
1303 717
1303 716
1301 716
1301 715
1300 715
1300 714
1299 714
1299 713
1298 713
1298 711
1297 711
1297 709
1296 709
1296 705
1295 705
1295 693
1296 693
1296 692
1295 692
1295 691
1294 691
1294 690
1280 690
1280 689
1279 689
1279 688
1277 688
1277 687
1276 687
1276 686
1275 686
1275 685
1274 685
1274 684
1273 684
1273 683
1271 683
1271 682
1270 682
1270 681
1260 681
1260 680
1259 680
1259 679
1257 679
1257 678
1256 678
1256 677
1255 677
1255 676
1252 676
1252 675
1249 675
1249 674
1247 674
1247 673
1244 673
1244 672
1243 672
1243 671
1242 671
1242 670
1241 670
1241 669
1238 669
1238 668
1235 668
1235 667
1232 667
1232 666
1230 666
1230 665
1229 665
1229 664
1223 664
1223 663
1220 663
1220 662
1218 662
1218 661
1217 661
1217 660
1214 660
1214 659
1211 659
1211 658
1209 658
1209 657
1207 657
1207 656
1206 656
1206 655
1205 655
1205 654
1204 654
1204 652
1203 652
1203 649
1202 649
1202 647
1201 647
1201 627
1200 627
1200 592
1201 592
1201 579
1200 579
1200 575
1199 575
1199 566
1198 566
1198 562
1197 562
1197 561
1196 561
1196 560
1195 560
1195 559
1194 559
1194 558
1193 558
1193 556
1192 556
1192 550
1191 550
1191 503
1190 503
1190 502
1189 502
1189 501
1184 501
1184 502
1183 502
1183 519
1184 519
1184 526
1183 526
1183 527
1182 527
1182 528
1181 528
1181 529
1179 529
1179 530
1178 530
1178 531
1177 531
1177 532
1175 532
1175 533
1173 533
1173 534
1172 534
1172 535
1171 535
1171 536
1170 536
1170 537
1169 537
1169 538
1159 538
1159 539
1157 539
1157 540
1147 540
1147 541
1145 541
1145 542
1131 542
1131 541
1128 541
1128 540
1126 540
1126 539
1123 539
1123 538
1117 538
1117 537
1116 537
1116 536
1115 536
1115 535
1114 535
1114 534
1113 534
1113 533
1112 533
1112 532
1111 532
1111 530
1110 530
1110 529
1090 529
1090 530
1089 530
1089 532
1088 532
1088 533
1087 533
1087 534
1085 534
1085 535
1068 535
1068 536
1067 536
1067 537
1066 537
1066 538
1065 538
1065 539
1063 539
1063 540
1062 540
1062 541
1060 541
1060 542
1055 542
1055 543
1052 543
1052 542
1050 542
1050 541
1049 541
1049 540
1048 540
1048 539
1047 539
1047 538
1046 538
1046 537
1045 537
1045 535
1044 535
1044 534
1043 534
1043 533
1042 533
1042 532
1041 532
1041 529
1040 529
1040 527
1039 527
1039 524
1038 524
1038 523
1035 523
1035 522
1033 522
1033 521
1026 521
1026 520
1022 520
1022 519
1019 519
1019 518
1017 518
1017 517
1016 517
1016 516
1015 516
1015 515
1013 515
1013 514
1012 514
1012 513
1011 513
1011 512
1010 512
1010 511
1009 511
1009 510
1008 510
1008 509
1007 509
1007 507
1006 507
1006 506
1005 506
1005 504
1004 504
1004 487
1003 487
1003 486
1002 486
1002 485
1000 485
1000 484
998 484
998 483
996 483
996 482
995 482
995 481
992 481
992 480
991 480
991 479
989 479
989 478
988 478
988 477
986 477
986 476
985 476
985 475
984 475
984 474
983 474
983 473
982 473
982 472
981 472
981 470
980 470
980 467
979 467
979 457
977 457
977 456
975 456
975 455
973 455
973 454
970 454
970 453
968 453
968 452
967 452
967 451
966 451
966 450
964 450
964 449
963 449
963 448
962 448
962 447
961 447
961 444
960 444
960 441
959 441
959 430
958 430
958 427
957 427
957 426
955 426
955 425
954 425
954 424
953 424
953 423
952 423
952 422
951 422
951 421
950 421
950 420
949 420
949 419
948 419
948 416
947 416
947 393
946 393
946 392
944 392
944 391
943 391
943 390
941 390
941 389
940 389
940 388
939 388
939 387
938 387
938 386
937 386
937 384
936 384
936 383
928 383
928 384
926 384
926 387
925 387
925 388
922 388
922 389
919 389
919 390
918 390
918 391
917 391
917 392
916 392
916 393
915 393
915 394
913 394
913 395
908 395
908 396
899 396
899 395
897 395
897 394
895 394
895 393
893 393
893 392
890 392
890 391
887 391
887 390
885 390
885 389
883 389
883 388
881 388
881 387
880 387
880 386
879 386
879 385
878 385
878 384
877 384
877 382
876 382
876 372
875 372
875 370
876 370
876 368
875 368
875 367
869 367
869 366
867 366
867 365
857 365
857 364
852 364
852 363
847 363
847 362
842 362
842 363
839 363
839 364
833 364
833 365
826 365
826 364
825 364
825 363
824 363
824 362
823 362
823 360
822 360
822 359
821 359
821 358
820 358
820 357
815 357
815 358
805 358
805 359
804 359
804 360
803 360
803 361
801 361
801 362
799 362
799 361
798 361
798 360
797 360
797 352
796 352
796 348
795 348
795 346
794 346
794 345
793 345
793 344
792 344
792 343
791 343
791 342
790 342
790 341
789 341
789 339
788 339
788 338
787 338
787 337
786 337
786 335
785 335
785 334
784 334
784 320
783 320
783 319
769 319
769 318
766 318
766 317
764 317
764 316
759 316
759 315
756 315
756 314
749 314
749 313
746 313
746 312
745 312
745 311
744 311
744 310
743 310
743 309
736 309
736 307
735 307
735 301
736 301
736 294
737 294
737 292
738 292
738 294
737 294
737 301
736 301
736 307
737 307
737 308
743 308
743 309
744 309
744 310
745 310
745 311
746 311
746 312
749 312
749 313
756 313
756 314
759 314
759 315
764 315
764 316
766 316
766 317
769 317
769 318
783 318
783 319
784 319
784 320
785 320
785 334
786 334
786 335
787 335
787 337
788 337
788 338
789 338
789 339
790 339
790 341
791 341
791 342
792 342
792 343
793 343
793 344
794 344
794 345
795 345
795 346
796 346
796 348
797 348
797 352
798 352
798 360
799 360
799 361
801 361
801 360
803 360
803 359
804 359
804 358
805 358
805 357
815 357
815 356
820 356
820 357
821 357
821 358
822 358
822 359
823 359
823 360
824 360
824 362
825 362
825 363
826 363
826 364
833 364
833 363
839 363
839 362
842 362
842 361
847 361
847 362
852 362
852 363
857 363
857 364
867 364
867 365
869 365
869 366
875 366
875 367
876 367
876 368
877 368
877 370
876 370
876 372
877 372
877 382
878 382
878 384
879 384
879 385
880 385
880 386
881 386
881 387
883 387
883 388
885 388
885 389
887 389
887 390
890 390
890 391
893 391
893 392
895 392
895 393
897 393
897 394
899 394
899 395
908 395
908 394
913 394
913 393
915 393
915 392
916 392
916 391
917 391
917 390
918 390
918 389
919 389
919 388
922 388
922 387
925 387
925 384
926 384
926 383
928 383
928 382
936 382
936 383
937 383
937 384
938 384
938 386
939 386
939 387
940 387
940 388
941 388
941 389
943 389
943 390
944 390
944 391
946 391
946 392
947 392
947 393
948 393
948 416
949 416
949 419
950 419
950 420
951 420
951 421
952 421
952 422
953 422
953 423
954 423
954 424
955 424
955 425
957 425
957 426
958 426
958 427
959 427
959 430
960 430
960 441
961 441
961 444
962 444
962 447
963 447
963 448
964 448
964 449
966 449
966 450
967 450
967 451
968 451
968 452
970 452
970 453
973 453
973 454
975 454
975 455
977 455
977 456
979 456
979 457
980 457
980 467
981 467
981 470
982 470
982 472
983 472
983 473
984 473
984 474
985 474
985 475
986 475
986 476
988 476
988 477
989 477
989 478
991 478
991 479
992 479
992 480
995 480
995 481
996 481
996 482
998 482
998 483
1000 483
1000 484
1002 484
1002 485
1003 485
1003 486
1004 486
1004 487
1005 487
1005 504
1006 504
1006 506
1007 506
1007 507
1008 507
1008 509
1009 509
1009 510
1010 510
1010 511
1011 511
1011 512
1012 512
1012 513
1013 513
1013 514
1015 514
1015 515
1016 515
1016 516
1017 516
1017 517
1019 517
1019 518
1022 518
1022 519
1026 519
1026 520
1033 520
1033 521
1035 521
1035 522
1038 522
1038 523
1039 523
1039 524
1040 524
1040 527
1041 527
1041 529
1042 529
1042 532
1043 532
1043 533
1044 533
1044 534
1045 534
1045 535
1046 535
1046 537
1047 537
1047 538
1048 538
1048 539
1049 539
1049 540
1050 540
1050 541
1052 541
1052 542
1055 542
1055 541
1060 541
1060 540
1062 540
1062 539
1063 539
1063 538
1065 538
1065 537
1066 537
1066 536
1067 536
1067 535
1068 535
1068 534
1085 534
1085 533
1087 533
1087 532
1088 532
1088 530
1089 530
1089 529
1090 529
1090 528
1110 528
1110 529
1111 529
1111 530
1112 530
1112 532
1113 532
1113 533
1114 533
1114 534
1115 534
1115 535
1116 535
1116 536
1117 536
1117 537
1123 537
1123 538
1126 538
1126 539
1128 539
1128 540
1131 540
1131 541
1145 541
1145 540
1147 540
1147 539
1157 539
1157 538
1159 538
1159 537
1169 537
1169 536
1170 536
1170 535
1171 535
1171 534
1172 534
1172 533
1173 533
1173 532
1175 532
1175 531
1177 531
1177 530
1178 530
1178 529
1179 529
1179 528
1181 528
1181 527
1182 527
1182 526
1183 526
1183 519
1182 519
1182 502
1183 502
1183 501
1184 501
1184 500
1189 500
1189 501
1190 501
1190 502
1191 502
1191 503
1192 503
1192 550
1193 550
1193 556
1194 556
1194 558
1195 558
1195 559
1196 559
1196 560
1197 560
1197 561
1198 561
1198 562
1199 562
1199 566
1200 566
1200 575
1201 575
1201 579
1202 579
1202 592
1201 592
1201 627
1202 627
1202 647
1203 647
1203 649
1204 649
1204 652
1205 652
1205 654
1206 654
1206 655
1207 655
1207 656
1209 656
1209 657
1211 657
1211 658
1214 658
1214 659
1217 659
1217 660
1218 660
1218 661
1220 661
1220 662
1223 662
1223 663
1229 663
1229 664
1230 664
1230 665
1232 665
1232 666
1235 666
1235 667
1238 667
1238 668
1241 668
1241 669
1242 669
1242 670
1243 670
1243 671
1244 671
1244 672
1247 672
1247 673
1249 673
1249 674
1252 674
1252 675
1255 675
1255 676
1256 676
1256 677
1257 677
1257 678
1259 678
1259 679
1260 679
1260 680
1270 680
1270 681
1271 681
1271 682
1273 682
1273 683
1274 683
1274 684
1275 684
1275 685
1276 685
1276 686
1277 686
1277 687
1279 687
1279 688
1280 688
1280 689
1294 689
1294 690
1295 690
1295 691
1296 691
1296 692
1297 692
1297 693
1296 693
1296 705
1297 705
1297 709
1298 709
1298 711
1299 711
1299 713
1300 713
1300 714
1301 714
1301 715
1303 715
1303 716
1304 716
1304 717
1305 717
1305 716
1320 716
1320 715
1321 715
1321 714
1322 714
1322 713
1324 713
1324 711
1325 711
1325 710
1327 710
1327 709
1331 709
1331 708
1333 708
1333 707
1334 707
1334 706
1336 706
1336 705
1337 705
1337 704
1338 704
1338 703
1342 703
1342 702
1344 702
1344 701
1345 701
1345 700
1346 700
1346 698
1347 698
1347 693
1348 693
1348 692
1349 692
1349 691
1353 691
1353 690
1357 690
1357 689
1358 689
1358 688
1359 688
1359 687
1360 687
1360 686
1362 686
1362 685
1368 685
1368 686
1369 686
1369 687
1370 687
1370 689
1371 689
1371 690
1372 690
1372 691
1373 691
1373 692
1378 692
1378 693
1384 693
1384 692
1389 692
1389 691
1392 691
1392 690
1393 690
1393 689
1394 689
1394 688
1395 688
1395 687
1401 687
1401 686
1404 686
1404 684
1405 684
1405 682
1406 682
1406 679
1407 679
1407 676
1406 676
1406 673
1405 673
1405 668
1406 668
1406 664
1405 664
1405 662
1406 662
1406 652
1407 652
1407 651
1408 651
1408 652
1414 652
1414 653
1415 653
1415 654
1416 654
1416 659
1417 659
1417 662
1418 662
1418 664
1419 664
1419 665
1420 665
1420 667
1424 667
1424 668
1425 668
1425 669
1426 669
1426 670
1427 670
1427 694
1428 694
1428 696
1429 696
1429 697
1430 697
1430 699
1431 699
1431 700
1432 700
1432 701
1435 701
1435 702
1438 702
1438 703
1442 703
1442 704
1443 704
1443 705
1444 705
1444 706
1445 706
1445 707
1446 707
1446 708
1447 708
1447 709
1448 709
1448 711
1449 711
1449 713
1450 713
1450 714
1451 714
1451 715
1452 715
1452 716
1453 716
1453 717
1454 717
1454 718
1457 718
1457 719
1463 719
1463 718
1466 718
1466 719
1476 719
1476 720
1477 720
1477 721
1479 721
1479 722
1481 722
1481 723
1485 723
1485 724
1487 724
1487 725
1488 725
1488 726
1489 726
1489 727
1490 727
1490 730
1491 730
1491 732
1492 732
1492 733
1493 733
1493 734
1494 734
1494 735
1495 735
1495 736
1498 736
1498 737
1515 737
1515 736
1519 736
1519 735
1520 735
1520 734
1521 734
1521 733
1522 733
1522 732
1527 732
1527 731
1528 731
1528 730
1530 730
1530 729
1531 729
1531 727
1532 727
1532 715
1531 715
1531 709
1532 709
1532 708
1541 708
1541 707
1542 707
1542 706
1543 706
1543 705
1544 705
1544 704
1547 704
1547 703
1553 703
1553 702
1554 702
1554 701
1555 701
1555 700
1557 700
1557 698
1558 698
1558 697
1559 697
1559 696
1562 696
1562 695
1566 695
1566 696
1567 696
1567 704
1568 704
1568 706
1569 706
1569 707
1570 707
1570 709
1571 709
1571 710
1572 710
1572 711
1575 711
1575 712
1577 712
1577 713
1578 713
1578 728
1579 728
1579 737
1580 737
1580 739
1581 739
1581 741
1582 741
1582 742
1583 742
1583 743
1585 743
1585 744
1592 744
1592 745
1600 745
1600 744
1602 744
1602 743
1609 743
1609 742
1613 742
1613 741
1615 741
1615 740
1616 740
1616 738
1617 738
1617 737
1619 737
1619 736
1632 736
1632 737
1638 737
1638 738
1641 738
1641 739
1643 739
1643 740
1644 740
1644 741
1652 741
1652 742
1653 742
1653 743
1655 743
1655 744
1656 744
1656 745
1657 745
1657 746
1669 746
1669 745
1673 745
1673 744
1675 744
1675 743
1694 743
1694 742
1696 742
1696 741
1698 741
1698 740
1699 740
1699 739
1700 739
1700 738
1701 738
1701 737
1702 737
1702 735
1703 735
1703 731
1702 731
1702 730
1701 730
1701 729
1700 729
1700 725
1699 725
1699 688
1700 688
1700 687
1701 687
1701 686
1703 686
1703 685
1708 685
1708 686
1709 686
1709 701
1710 701
1710 702
1711 702
1711 704
1712 704
1712 706
1713 706
1713 707
1715 707
1715 708
1717 708
1717 709
1718 709
1718 710
1719 710
1719 711
1720 711
1720 721
1721 721
1721 725
1722 725
1722 753
1723 753
1723 760
1724 760
1724 762
1725 762
1725 763
1727 763
1727 764
1728 764
1728 765
1730 765
1730 766
1734 766
1734 767
1737 767
1737 766
1748 766
1748 765
1749 765
1749 764
1750 764
1750 763
1752 763
1752 762
1753 762
1753 761
1755 761
1755 760
1766 760
1766 761
1774 761
1774 762
1780 762
1780 763
1815 763
1815 762
1823 762
1823 763
1827 763
1827 764
1828 764
1828 765
1830 765
1830 766
1831 766
1831 767
1832 767
1832 768
1833 768
1833 769
1839 769
1839 770
1843 770
1843 771
1845 771
1845 772
1848 772
1848 773
1857 773
1857 772
1859 772
1859 773
1872 773
1872 772
1875 772
1875 771
1877 771
1877 770
1886 770
1886 769
1887 769
1887 765
1888 765
1888 726
1889 726
1889 724
1890 724
1890 723
1897 723
1897 722
1899 722
1899 721
1902 721
1902 720
1904 720
1904 719
1905 719
1905 718
1906 718
1906 717
1907 717
1907 716
1909 716
1909 715
1910 715
1910 714
1911 714
1911 712
1912 712
1912 710
1913 710
1913 709
1914 709
1914 708
1915 708
1915 707
1916 707
1916 706
1919 706
1919 705
1923 705
1923 703
1924 703
1924 674
1934 674
1934 675
1935 675
1935 677
1936 677
1936 739
1937 739
1937 746
1938 746
1938 749
1939 749
1939 753
1940 753
1940 758
1941 758
1941 759
1942 759
1942 760
1943 760
1943 761
1944 761
1944 762
1945 762
1945 763
1947 763
1947 764
1949 764
1949 765
1951 765
1951 766
1952 766
1952 767
1953 767
1953 768
1954 768
1954 769
1955 769
1955 770
1958 770
1958 771
1960 771
1960 772
1964 772
1964 773
1965 773
1965 776
1966 776
1966 778
1967 778
1967 779
1968 779
1968 780
1969 780
1969 781
1970 781
1970 782
1973 782
1973 783
1976 783
1976 784
1977 784
1977 785
1978 785
1978 786
1979 786
1979 787
1980 787
1980 788
1981 788
1981 789
1984 789
1984 790
1998 790
1998 789
2006 789
2006 788
2009 788
2009 789
2016 789
2016 790
2019 790
2019 791
2021 791
2021 792
2024 792
2024 793
2025 793
2025 794
2026 794
2026 795
2027 795
2027 796
2028 796
2028 798
2029 798
2029 799
2030 799
2030 800
2034 800
2034 801
2044 801
2044 802
2051 802
2051 803
2053 803
2053 804
2054 804
2054 805
2055 805
2055 806
2056 806
2056 807
2057 807
2057 808
2070 808
2070 809
2077 809
2077 808
2084 808
2084 807
2086 807
2086 806
2087 806
2087 805
2090 805
2090 804
2093 804
2093 803
2095 803
2095 802
2100 802
2100 801
2103 801
2103 800
2110 800
2110 799
2111 799
2111 798
2112 798
2112 797
2113 797
2113 796
2116 796
2116 795
2125 795
2125 794
2127 794
2127 793
2128 793
2128 791
2129 791
2129 789
2130 789
2130 788
2131 788
2131 787
2133 787
2133 786
2135 786
2135 785
2138 785
2138 784
2140 784
2140 782
2141 782
2141 781
2142 781
2142 780
2143 780
2143 779
2145 779
2145 778
2151 778
2151 777
2160 777
2160 776
2164 776
2164 775
2166 775
2166 774
2167 774
2167 771
2168 771
2168 770
2169 770
2169 769
2170 769
2170 768
2172 768
2172 767
2174 767
2174 766
2181 766
2181 765
2186 765
2186 764
2188 764
2188 763
2189 763
2189 762
2191 762
2191 761
2197 761
2197 760
2208 760
2208 759
2212 759
2212 758
2217 758
2217 757
2221 757
2221 756
2224 756
2224 755
2225 755
2225 753
2226 753
2226 752
2228 752
2228 751
2231 751
2231 750
2234 750
2234 749
2236 749
2236 745
2237 745
2237 743
2238 743
2238 741
2239 741
2239 740
2242 740
2242 739
2243 739
2243 737
2244 737
2244 735
2245 735
2245 732
2247 732
2247 731
2249 731
2249 729
2250 729
2250 727
2251 727
2251 726
2253 726
2253 725
2254 725
2254 724
2255 724
2255 723
2256 723
2256 722
2258 722
2258 721
2260 721
2260 720
2261 720
2261 719
2267 719
2267 720
2268 720
2268 721
2269 721
2269 720
2279 720
2279 719
2281 719
2281 718
2283 718
2283 717
2296 717
2296 716
2297 716
2297 714
2296 714
2296 709
2295 709
2295 702
2294 702
2294 690
2295 690
2295 689
2304 689
2304 690
2306 690
2306 691
2307 691
2307 692
2308 692
2308 700
2309 700
2309 702
2310 702
2310 704
2311 704
2311 708
2312 708
2312 710
2313 710
2313 712
2314 712
2314 713
2315 713
2315 714
2317 714
2317 715
2319 715
2319 716
2322 716
2322 717
2325 717
2325 718
2328 718
2328 719
2333 719
2333 720
2335 720
2335 721
2336 721
2336 722
2338 722
2338 723
2339 723
2339 724
2343 724
2343 725
2360 725
2360 724
2378 724
2378 726
2379 726
2379 728
2380 728
2380 729
2381 729
2381 731
2382 731
2382 733
2383 733
2383 734
2384 734
2384 735
2387 735
2387 736
2405 736
2405 737
2407 737
2407 738
2409 738
2409 739
2410 739
2410 740
2413 740
2413 741
2423 741
2423 742
2427 742
2427 743
2432 743
2432 744
2433 744
2433 745
2434 745
2434 746
2438 746
2438 747
2441 747
2441 748
2447 748
2447 749
2451 749
2451 750
2459 750
2459 751
2461 751
2461 752
2472 752
2472 753
2480 753
2480 752
2481 752
2481 750
2482 750
2482 747
2483 747
2483 740
2484 740
2484 738
2485 738
2485 737
2491 737
2491 736
2492 736
2492 734
2493 734
2493 733
2494 733
2494 729
2495 729
2495 678
2496 678
2496 677
2497 677
2497 676
2498 676
2498 675
2500 675
2500 674
2507 674
2507 673
2514 673
2514 674
2521 674
2521 673
2530 673
2530 672
2534 672
2534 671
2554 671
2554 672
2589 672
2589 671
2592 671
2592 670
2593 670
2593 669
2594 669
2594 668
2595 668
2595 664
2596 664
2596 662
2597 662
2597 659
2598 659
2598 655
2599 655
2599 631
2600 631
2600 630
2606 630
2606 629
2607 629
2607 628
2608 628
2608 627
2611 627
2611 626
2628 626
2628 625
2632 625
2632 624
2633 624
2633 623
2638 623
2638 622
2642 622
2642 621
2645 621
2645 620
2652 620
2652 621
2658 621
2658 622
2659 622
2659 623
2666 623
2666 622
2668 622
2668 621
2676 621
2676 620
2677 620
2677 619
2678 619
2678 618
2680 618
2680 617
2681 617
2681 616
2682 616
2682 615
2684 615
2684 614
2687 614
2687 613
2692 613
2692 614
2697 614
2697 615
2700 615
2700 616
2701 616
2701 617
2702 617
2702 618
2704 618
2704 619
2714 619
2714 618
2716 618
2716 617
2718 617
2718 616
2719 616
2719 615
2720 615
2720 614
2721 614
2721 613
2722 613
2722 612
2723 612
2723 611
2727 611
2727 610
2729 610
2729 609
2734 609
2734 608
2736 608
2736 607
2737 607
2737 606
2738 606
2738 605
2739 605
2739 604
2749 604
2749 603
2751 603
2751 602
2752 602
2752 601
2753 601
2753 600
2764 600
2764 601
2765 601
2765 600
2771 600
2771 599
2772 599
2772 598
2783 598
2783 597
2785 597
2785 596
2786 596
2786 595
2788 595
2788 594
2789 594
2789 593
2790 593
2790 592
2792 592
2792 591
2794 591
2794 590
2797 590
2797 589
2799 589
2799 588
2801 588
2801 587
2804 587
2804 586
2806 586
2806 583
2807 583
2807 581
2808 581
2808 579
2809 579
2809 577
2810 577
2810 576
2811 576
2811 575
2812 575
2812 574
2813 574
2813 573
2814 573
2814 572
2815 572
2815 570
2816 570
2816 568
2817 568
2817 564
2818 564
2818 557
2819 557
2819 517
2818 517
2818 509
2819 509
2819 508
2823 508
2823 507
2829 507
2829 508
2831 508
2831 509
2833 509
2833 510
2834 510
2834 511
2835 511
2835 512
2836 512
2836 514
2837 514
2837 515
2838 515
2838 516
2839 516
2839 517
2840 517
2840 518
2842 518
2842 519
2844 519
2844 520
2847 520
2847 521
2852 521
2852 522
2860 522
2860 523
2871 523
2871 522
2874 522
2874 521
2877 521
2877 520
2879 520
2879 519
2886 519
2886 516
2887 516
2887 515
2892 515
2892 514
2899 514
2899 515
2903 515
2903 516
2905 516
2905 517
2906 517
2906 519
2907 519
2907 522
2908 522
2908 523
2909 523
2909 532
2910 532
2910 543
2911 543
2911 548
2912 548
2912 551
2913 551
2913 553
2914 553
2914 555
2915 555
2915 557
2916 557
2916 559
2917 559
2917 560
2919 560
2919 561
2921 561
2921 560
2928 560
2928 561
2935 561
2935 562
2937 562
2937 563
2938 563
2938 564
2939 564
2939 565
2940 565
2940 566
2941 566
2941 567
2942 567
2942 568
2943 568
2943 569
2944 569
2944 570
2945 570
2945 572
2946 572
2946 573
2947 573
2947 574
2948 574
2948 575
2950 575
2950 576
2951 576
2951 577
2952 577
2952 578
2953 578
2953 579
2956 579
2956 580
2962 580
2962 579
2967 579
2967 580
2972 580
2972 581
2974 581
2974 582
2976 582
2976 583
2979 583
2979 584
2981 584
2981 585
2994 585
2994 586
2995 586
2995 588
2996 588
2996 590
3005 590
3005 589
3007 589
3007 588
3009 588
3009 587
3021 587
3021 588
3023 588
3023 589
3028 589
3028 590
3031 590
3031 591
3033 591
3033 592
3035 592
3035 593
3039 593
3039 594
3063 594
3063 593
3065 593
3065 592
3069 592
3069 591
3072 591
3072 590
3075 590
3075 589
3077 589
3077 588
3079 588
3079 587
3080 587
3080 586
3083 586
3083 585
3086 585
3086 584
3088 584
3088 583
3090 583
3090 582
3091 582
3091 581
3092 581
3092 580
3093 580
3093 579
3094 579
3094 578
3097 578
3097 577
3098 577
3098 575
3099 575
3099 574
3100 574
3100 573
3101 573
3101 572
3102 572
3102 571
3103 571
3103 570
3104 570
3104 568
3105 568
3105 565
3106 565
3106 564
3107 564
3107 562
3108 562
3108 561
3109 561
3109 560
3110 560
3110 559
3111 559
3111 557
3112 557
3112 555
3113 555
3113 553
3114 553
3114 552
3115 552
3115 550
3116 550
3116 549
3118 549
3118 548
3119 548
3119 547
3120 547
3120 546
3122 546
3122 545
3123 545
3123 543
3124 543
3124 541
3125 541
3125 536
3126 536
3126 527
3125 527
3125 519
3126 519
3126 511
3125 511
3125 502
3130 502
3130 501
3132 501
3132 500
3133 500
3133 498
3134 498
3134 497
3135 497
3135 495
3136 495
3136 492
3137 492
3137 484
3138 484
3138 483
3141 483
3141 482
3143 482
3143 481
3153 481
3153 480
3157 480
3157 479
3159 479
3159 478
3160 478
3160 477
3161 477
3161 476
3162 476
3162 475
3163 475
3163 474
3166 474
3166 473
3168 473
3168 472
3169 472
3169 471
3170 471
3170 470
3171 470
3171 464
3172 464
3172 448
3171 448
3171 393
3170 393
3170 349
3171 349
3171 348
3175 348
3175 347
3177 347
3177 346
3179 346
3179 345
3180 345
3180 343
3181 343
3181 337
3182 337
3182 325
3183 325
3183 324
3184 324
3184 323
3190 323
3190 322
3199 322
3199 321
3201 321
3201 320
3202 320
3202 319
3203 319
3203 318
3204 318
3204 317
3205 317
3205 316
3206 316
3206 315
3207 315
3207 314
3208 314
3208 313
3209 313
3209 312
3211 312
3211 311
3212 311
3212 310
3213 310
3213 309
3215 309
3215 308
3216 308
3216 307
3218 307
3218 306
3219 306
3219 305
3222 305
3222 304
3223 304
3223 303
3224 303
3224 302
3232 302
3232 301
3235 301
3235 300
3236 300
3236 299
3237 299
3237 298
3238 298
3238 297
3239 297
3239 296
3241 296
3241 295
3246 295
3246 294
3247 294
3247 293
3248 293
3248 292
3249 292
3249 291
3251 291
3251 290
3252 290
3252 289
3253 289
3253 288
3254 288
3254 287
3255 287
3255 286
3256 286
3256 285
3258 285
3258 284
3259 284
3259 283
3260 283
3260 282
3261 282
3261 281
3262 281
3262 280
3266 280
3266 279
3270 279
3270 278
3271 278
3271 277
3273 277
3273 276
3274 276
3274 275
3275 275
3275 274
3276 274
3276 273
3279 273
3279 272
3282 272
3282 271
3283 271
3283 270
3284 270
3284 269
3285 269
3285 268
3286 268
3286 266
3287 266
3287 263
3288 263
3288 262
3289 262
3289 261
3290 261
3290 260
3292 260
3292 259
3293 259
3293 256
3294 256
3294 254
3295 254
3295 253
3297 253
3297 251
3298 251
3298 250
3299 250
3299 249
3300 249
3300 247
3301 247
3301 246
3302 246
3302 245
3303 245
3303 244
3305 244
3305 242
3306 242
3306 240
3307 240
3307 239
3308 239
3308 238
3309 238
3309 237
3312 237
3312 236
3313 236
3313 235
3314 235
3314 234
3315 234
3315 233
3317 233
3317 232
3318 232
3318 231
3319 231
3319 230
3320 230
3320 229
3321 229
3321 228
3325 228
3325 227
3326 227
3326 226
3327 226
3327 225
3328 225
3328 223
3329 223
3329 221
3330 221
3330 220
3331 220
3331 219
3332 219
3332 218
3333 218
3333 217
3342 217
3342 218
3344 218
3344 219
3349 219
3349 218
3350 218
3350 217
3351 217
3351 216
3352 216
3352 215
3357 215
3357 214
3359 214
3359 213
3361 213
3361 212
3363 212
3363 213
3361 213
3361 214
3359 214
3359 215
3357 215
3357 216
3352 216
3352 217
3351 217
3351 218
3350 218
3350 219
3349 219
3349 220
3344 220
3344 219
3342 219
3342 218
3333 218
3333 219
3332 219
3332 220
3331 220
3331 221
3330 221
3330 223
3329 223
3329 225
3328 225
3328 226
3327 226
3327 228
3325 228
3325 229
3321 229
3321 230
3320 230
3320 231
3319 231
3319 232
3318 232
3318 233
3317 233
3317 234
3315 234
3315 235
3314 235
3314 236
3313 236
3313 237
3312 237
3312 238
3309 238
3309 239
3308 239
3308 240
3307 240
3307 242
3306 242
3306 244
3305 244
3305 245
3303 245
3303 246
3302 246
3302 247
3301 247
3301 249
3300 249
3300 250
3299 250
3299 251
3298 251
3298 253
3297 253
3297 254
3295 254
3295 256
3294 256
3294 259
3293 259
3293 260
3292 260
3292 261
3290 261
3290 262
3289 262
3289 263
3288 263
3288 266
3287 266
3287 268
3286 268
3286 269
3285 269
3285 270
3284 270
3284 271
3283 271
3283 272
3282 272
3282 273
3279 273
3279 274
3276 274
3276 275
3275 275
3275 276
3274 276
3274 277
3273 277
3273 278
3271 278
3271 279
3270 279
3270 280
3266 280
3266 281
3262 281
3262 282
3261 282
3261 283
3260 283
3260 284
3259 284
3259 285
3258 285
3258 286
3256 286
3256 287
3255 287
3255 288
3254 288
3254 289
3253 289
3253 290
3252 290
3252 291
3251 291
3251 292
3249 292
3249 293
3248 293
3248 294
3247 294
3247 295
3246 295
3246 296
3241 296
3241 297
3239 297
3239 298
3238 298
3238 299
3237 299
3237 300
3236 300
3236 301
3235 301
3235 302
3232 302
3232 303
3224 303
3224 304
3223 304
3223 305
3222 305
3222 306
3219 306
3219 307
3218 307
3218 308
3216 308
3216 309
3215 309
3215 310
3213 310
3213 311
3212 311
3212 312
3211 312
3211 313
3209 313
3209 314
3208 314
3208 315
3207 315
3207 316
3206 316
3206 317
3205 317
3205 318
3204 318
3204 319
3203 319
3203 320
3202 320
3202 321
3201 321
3201 322
3199 322
3199 323
3190 323
3190 324
3184 324
3184 325
3183 325
