3096 799
3094 799
3094 800
3092 800
3092 801
3091 801
3091 803
3090 803
3090 806
3089 806
3089 812
3088 812
3088 815
3087 815
3087 817
3086 817
3086 818
3085 818
3085 819
3083 819
3083 820
3082 820
3082 821
3079 821
3079 822
3078 822
3078 823
3077 823
3077 824
3076 824
3076 825
3073 825
3073 826
3071 826
3071 827
3069 827
3069 828
3068 828
3068 829
3066 829
3066 830
3062 830
3062 831
3060 831
3060 832
3059 832
3059 833
3058 833
3058 834
3055 834
3055 835
3052 835
3052 836
3051 836
3051 837
3050 837
3050 839
3049 839
3049 841
3032 841
3032 842
3029 842
3029 841
3024 841
3024 840
3018 840
3018 841
3017 841
3017 840
3013 840
3013 839
3012 839
3012 838
3009 838
3009 837
3003 837
3003 836
2997 836
2997 834
2996 834
2996 833
2995 833
2995 832
2988 832
2988 831
2986 831
2986 830
2982 830
2982 829
2978 829
2978 830
2974 830
2974 831
2965 831
2965 832
2956 832
2956 831
2952 831
2952 830
2946 830
2946 829
2942 829
2942 828
2939 828
2939 827
2937 827
2937 826
2927 826
2927 827
2912 827
2912 826
2911 826
2911 825
2899 825
2899 826
2896 826
2896 827
2894 827
2894 828
2893 828
2893 829
2887 829
2887 830
2886 830
2886 831
2885 831
2885 835
2884 835
2884 869
2883 869
2883 872
2882 872
2882 875
2880 875
2880 876
2879 876
2879 877
2878 877
2878 879
2877 879
2877 880
2876 880
2876 881
2875 881
2875 882
2874 882
2874 884
2873 884
2873 909
2872 909
2872 912
2871 912
2871 918
2870 918
2870 919
2869 919
2869 920
2868 920
2868 922
2867 922
2867 923
2866 923
2866 924
2864 924
2864 925
2863 925
2863 926
2862 926
2862 927
2861 927
2861 928
2860 928
2860 929
2859 929
2859 930
2858 930
2858 931
2857 931
2857 932
2856 932
2856 933
2855 933
2855 934
2853 934
2853 935
2852 935
2852 936
2851 936
2851 937
2850 937
2850 939
2849 939
2849 940
2848 940
2848 941
2847 941
2847 942
2846 942
2846 943
2845 943
2845 944
2844 944
2844 945
2843 945
2843 946
2842 946
2842 947
2841 947
2841 948
2840 948
2840 949
2839 949
2839 950
2838 950
2838 951
2837 951
2837 953
2836 953
2836 954
2835 954
2835 955
2834 955
2834 956
2833 956
2833 957
2831 957
2831 958
2830 958
2830 959
2829 959
2829 960
2828 960
2828 961
2826 961
2826 962
2825 962
2825 963
2824 963
2824 964
2823 964
2823 965
2821 965
2821 966
2820 966
2820 968
2819 968
2819 969
2817 969
2817 970
2816 970
2816 971
2815 971
2815 972
2814 972
2814 973
2813 973
2813 974
2812 974
2812 975
2811 975
2811 976
2810 976
2810 977
2809 977
2809 979
2808 979
2808 981
2807 981
2807 982
2806 982
2806 984
2805 984
2805 985
2804 985
2804 986
2803 986
2803 987
2802 987
2802 988
2801 988
2801 989
2799 989
2799 990
2797 990
2797 991
2795 991
2795 992
2793 992
2793 993
2792 993
2792 994
2790 994
2790 995
2788 995
2788 996
2787 996
2787 997
2786 997
2786 998
2782 998
2782 999
2779 999
2779 1000
2771 1000
2771 999
2764 999
2764 998
2762 998
2762 997
2759 997
2759 996
2756 996
2756 995
2753 995
2753 994
2750 994
2750 993
2749 993
2749 992
2748 992
2748 990
2747 990
2747 986
2746 986
2746 982
2745 982
2745 979
2744 979
2744 975
2743 975
2743 974
2742 974
2742 973
2741 973
2741 972
2740 972
2740 971
2739 971
2739 970
2738 970
2738 969
2737 969
2737 968
2736 968
2736 967
2734 967
2734 966
2732 966
2732 965
2729 965
2729 964
2727 964
2727 963
2725 963
2725 962
2723 962
2723 961
2719 961
2719 960
2718 960
2718 959
2716 959
2716 958
2715 958
2715 957
2714 957
2714 956
2713 956
2713 952
2712 952
2712 949
2711 949
2711 948
2710 948
2710 947
2709 947
2709 946
2708 946
2708 945
2706 945
2706 944
2703 944
2703 943
2699 943
2699 942
2698 942
2698 941
2696 941
2696 940
2688 940
2688 943
2687 943
2687 949
2686 949
2686 953
2685 953
2685 954
2684 954
2684 955
2682 955
2682 956
2679 956
2679 957
2676 957
2676 958
2675 958
2675 959
2674 959
2674 962
2673 962
2673 964
2672 964
2672 965
2671 965
2671 966
2668 966
2668 967
2665 967
2665 968
2663 968
2663 969
2662 969
2662 970
2661 970
2661 972
2660 972
2660 982
2659 982
2659 985
2660 985
2660 986
2661 986
2661 987
2660 987
2660 988
2651 988
2651 989
2650 989
2650 990
2649 990
2649 991
2648 991
2648 992
2647 992
2647 993
2646 993
2646 994
2645 994
2645 995
2643 995
2643 996
2642 996
2642 997
2641 997
2641 1000
2640 1000
2640 1004
2639 1004
2639 1007
2638 1007
2638 1010
2637 1010
2637 1012
2636 1012
2636 1014
2635 1014
2635 1015
2634 1015
2634 1018
2633 1018
2633 1019
2632 1019
2632 1021
2631 1021
2631 1023
2630 1023
2630 1024
2629 1024
2629 1025
2628 1025
2628 1026
2627 1026
2627 1027
2626 1027
2626 1028
2625 1028
2625 1029
2624 1029
2624 1030
2623 1030
2623 1031
2622 1031
2622 1034
2621 1034
2621 1036
2620 1036
2620 1037
2617 1037
2617 1038
2615 1038
2615 1039
2613 1039
2613 1040
2605 1040
2605 1041
2599 1041
2599 1040
2593 1040
2593 1039
2589 1039
2589 1038
2587 1038
2587 1037
2584 1037
2584 1036
2579 1036
2579 1035
2576 1035
2576 1034
2570 1034
2570 1033
2567 1033
2567 1032
2559 1032
2559 1031
2552 1031
2552 1030
2548 1030
2548 1029
2545 1029
2545 1028
2541 1028
2541 1027
2537 1027
2537 1026
2532 1026
2532 1025
2530 1025
2530 1024
2529 1024
2529 1023
2528 1023
2528 1022
2527 1022
2527 1019
2526 1019
2526 1014
2525 1014
2525 1008
2524 1008
2524 1003
2523 1003
2523 1001
2522 1001
2522 999
2521 999
2521 998
2520 998
2520 997
2519 997
2519 996
2517 996
2517 995
2515 995
2515 994
2512 994
2512 993
2505 993
2505 992
2503 992
2503 991
2501 991
2501 990
2499 990
2499 989
2498 989
2498 988
2496 988
2496 987
2495 987
2495 986
2494 986
2494 985
2493 985
2493 984
2492 984
2492 983
2491 983
2491 982
2490 982
2490 980
2489 980
2489 979
2488 979
2488 978
2487 978
2487 977
2486 977
2486 976
2485 976
2485 975
2483 975
2483 974
2481 974
2481 973
2479 973
2479 972
2476 972
2476 971
2475 971
2475 970
2472 970
2472 969
2471 969
2471 968
2469 968
2469 967
2468 967
2468 966
2467 966
2467 965
2466 965
2466 964
2464 964
2464 963
2462 963
2462 962
2460 962
2460 961
2456 961
2456 960
2445 960
2445 961
2443 961
2443 962
2441 962
2441 963
2440 963
2440 967
2439 967
2439 970
2440 970
2440 978
2439 978
2439 979
2438 979
2438 980
2437 980
2437 981
2426 981
2426 982
2424 982
2424 983
2423 983
2423 984
2422 984
2422 987
2421 987
2421 994
2420 994
2420 1001
2419 1001
2419 1006
2418 1006
2418 1015
2417 1015
2417 1019
2416 1019
2416 1023
2415 1023
2415 1026
2414 1026
2414 1030
2413 1030
2413 1032
2412 1032
2412 1036
2411 1036
2411 1037
2410 1037
2410 1038
2409 1038
2409 1039
2408 1039
2408 1040
2406 1040
2406 1041
2405 1041
2405 1042
2404 1042
2404 1043
2403 1043
2403 1044
2402 1044
2402 1045
2400 1045
2400 1046
2398 1046
2398 1047
2397 1047
2397 1048
2395 1048
2395 1049
2392 1049
2392 1050
2377 1050
2377 1051
2371 1051
2371 1050
2362 1050
2362 1051
2353 1051
2353 1050
2346 1050
2346 1051
2332 1051
2332 1052
2330 1052
2330 1053
2329 1053
2329 1054
2328 1054
2328 1055
2327 1055
2327 1056
2326 1056
2326 1057
2325 1057
2325 1058
2323 1058
2323 1059
2312 1059
2312 1060
2309 1060
2309 1061
2290 1061
2290 1062
2288 1062
2288 1063
2287 1063
2287 1064
2286 1064
2286 1065
2285 1065
2285 1066
2283 1066
2283 1067
2273 1067
2273 1068
2272 1068
2272 1069
2271 1069
2271 1070
2270 1070
2270 1072
2269 1072
2269 1074
2259 1074
2259 1075
2258 1075
2258 1076
2257 1076
2257 1077
2256 1077
2256 1081
2255 1081
2255 1082
2254 1082
2254 1083
2217 1083
2217 1082
2214 1082
2214 1081
2212 1081
2212 1080
2211 1080
2211 1079
2209 1079
2209 1078
2208 1078
2208 1077
2207 1077
2207 1076
2206 1076
2206 1075
2205 1075
2205 1074
2204 1074
2204 1073
2203 1073
2203 1072
2201 1072
2201 1071
2196 1071
2196 1070
2194 1070
2194 1069
2191 1069
2191 1068
2190 1068
2190 1067
2188 1067
2188 1066
2187 1066
2187 1065
2183 1065
2183 1064
2182 1064
2182 1063
2181 1063
2181 1062
2180 1062
2180 1061
2178 1061
2178 1060
2177 1060
2177 1059
2174 1059
2174 1058
2171 1058
2171 1057
2166 1057
2166 1056
2163 1056
2163 1055
2161 1055
2161 1054
2154 1054
2154 1053
2149 1053
2149 1052
2148 1052
2148 1051
2146 1051
2146 1050
2144 1050
2144 1049
2141 1049
2141 1048
2121 1048
2121 1047
2118 1047
2118 1046
2116 1046
2116 1045
2112 1045
2112 1044
2110 1044
2110 1043
2104 1043
2104 1042
2098 1042
2098 1043
2096 1043
2096 1044
2093 1044
2093 1045
2088 1045
2088 1054
2089 1054
2089 1059
2088 1059
2088 1061
2087 1061
2087 1062
2086 1062
2086 1063
2085 1063
2085 1064
2082 1064
2082 1065
2080 1065
2080 1066
2079 1066
2079 1067
2077 1067
2077 1068
2075 1068
2075 1069
2073 1069
2073 1070
2072 1070
2072 1071
2071 1071
2071 1072
2070 1072
2070 1073
2060 1073
2060 1074
2059 1074
2059 1075
2057 1075
2057 1076
2053 1076
2053 1077
2038 1077
2038 1076
2034 1076
2034 1075
2028 1075
2028 1074
2013 1074
2013 1073
2011 1073
2011 1074
2007 1074
2007 1075
2006 1075
2006 1076
2005 1076
2005 1077
2004 1077
2004 1078
2002 1078
2002 1079
1999 1079
1999 1080
1996 1080
1996 1081
1993 1081
1993 1082
1991 1082
1991 1083
1989 1083
1989 1084
1986 1084
1986 1085
1984 1085
1984 1086
1981 1086
1981 1087
1979 1087
1979 1088
1974 1088
1974 1089
1966 1089
1966 1088
1964 1088
1964 1087
1962 1087
1962 1086
1960 1086
1960 1085
1958 1085
1958 1084
1956 1084
1956 1083
1951 1083
1951 1081
1950 1081
1950 1079
1949 1079
1949 1078
1948 1078
1948 1077
1947 1077
1947 1076
1945 1076
1945 1075
1944 1075
1944 1074
1943 1074
1943 1073
1941 1073
1941 1072
1938 1072
1938 1071
1928 1071
1928 1072
1926 1072
1926 1073
1924 1073
1924 1074
1918 1074
1918 1075
1917 1075
1917 1076
1916 1076
1916 1077
1915 1077
1915 1079
1905 1079
1905 1080
1904 1080
1904 1081
1903 1081
1903 1082
1902 1082
1902 1083
1901 1083
1901 1084
1892 1084
1892 1085
1891 1085
1891 1086
1890 1086
1890 1087
1889 1087
1889 1088
1886 1088
1886 1089
1879 1089
1879 1090
1875 1090
1875 1091
1872 1091
1872 1092
1871 1092
1871 1093
1870 1093
1870 1094
1868 1094
1868 1095
1867 1095
1867 1096
1866 1096
1866 1098
1865 1098
1865 1099
1856 1099
1856 1100
1855 1100
1855 1101
1854 1101
1854 1102
1835 1102
1835 1103
1834 1103
1834 1104
1833 1104
1833 1105
1832 1105
1832 1106
1830 1106
1830 1107
1828 1107
1828 1108
1827 1108
1827 1109
1826 1109
1826 1110
1825 1110
1825 1112
1823 1112
1823 1113
1820 1113
1820 1114
1810 1114
1810 1115
1809 1115
1809 1116
1789 1116
1789 1117
1787 1117
1787 1118
1784 1118
1784 1119
1778 1119
1778 1118
1771 1118
1771 1117
1769 1117
1769 1116
1766 1116
1766 1115
1762 1115
1762 1114
1758 1114
1758 1113
1757 1113
1757 1112
1756 1112
1756 1111
1755 1111
1755 1110
1754 1110
1754 1108
1753 1108
1753 1106
1752 1106
1752 1104
1751 1104
1751 1095
1750 1095
1750 1094
1749 1094
1749 1093
1748 1093
1748 1092
1747 1092
1747 1091
1744 1091
1744 1090
1743 1090
1743 1089
1742 1089
1742 1088
1741 1088
1741 1086
1740 1086
1740 1083
1739 1083
1739 1082
1738 1082
1738 1081
1736 1081
1736 1080
1734 1080
1734 1078
1733 1078
1733 1076
1732 1076
1732 1068
1731 1068
1731 1052
1730 1052
1730 1047
1729 1047
1729 1046
1728 1046
1728 1045
1727 1045
1727 1044
1726 1044
1726 1043
1724 1043
1724 1042
1722 1042
1722 1041
1719 1041
1719 1040
1717 1040
1717 1039
1715 1039
1715 1038
1714 1038
1714 1037
1713 1037
1713 1035
1712 1035
1712 1034
1711 1034
1711 1032
1710 1032
1710 1031
1709 1031
1709 1030
1708 1030
1708 1029
1705 1029
1705 1028
1703 1028
1703 1027
1702 1027
1702 1026
1701 1026
1701 1025
1700 1025
1700 1023
1699 1023
1699 1021
1698 1021
1698 1019
1697 1019
1697 1018
1696 1018
1696 1016
1695 1016
1695 1010
1694 1010
1694 1009
1693 1009
1693 1008
1692 1008
1692 1007
1690 1007
1690 1006
1687 1006
1687 1005
1684 1005
1684 1013
1683 1013
1683 1015
1682 1015
1682 1016
1681 1016
1681 1017
1679 1017
1679 1018
1677 1018
1677 1019
1676 1019
1676 1020
1675 1020
1675 1021
1674 1021
1674 1022
1673 1022
1673 1023
1661 1023
1661 1024
1659 1024
1659 1025
1658 1025
1658 1026
1657 1026
1657 1027
1656 1027
1656 1028
1654 1028
1654 1029
1646 1029
1646 1030
1645 1030
1645 1036
1646 1036
1646 1038
1647 1038
1647 1040
1648 1040
1648 1043
1649 1043
1649 1047
1648 1047
1648 1049
1647 1049
1647 1051
1646 1051
1646 1053
1645 1053
1645 1054
1644 1054
1644 1055
1643 1055
1643 1056
1642 1056
1642 1057
1641 1057
1641 1058
1640 1058
1640 1059
1639 1059
1639 1062
1638 1062
1638 1068
1637 1068
1637 1082
1635 1082
1635 1083
1632 1083
1632 1084
1629 1084
1629 1085
1628 1085
1628 1086
1626 1086
1626 1087
1624 1087
1624 1088
1623 1088
1623 1089
1622 1089
1622 1090
1618 1090
1618 1091
1616 1091
1616 1092
1609 1092
1609 1091
1605 1091
1605 1090
1604 1090
1604 1089
1603 1089
1603 1088
1602 1088
1602 1087
1601 1087
1601 1085
1600 1085
1600 1083
1599 1083
1599 1081
1598 1081
1598 1079
1597 1079
1597 1078
1596 1078
1596 1077
1594 1077
1594 1076
1591 1076
1591 1075
1589 1075
1589 1074
1588 1074
1588 1073
1587 1073
1587 1072
1586 1072
1586 1071
1585 1071
1585 1069
1584 1069
1584 1066
1583 1066
1583 1065
1582 1065
1582 1047
1581 1047
1581 1042
1580 1042
1580 1041
1579 1041
1579 1040
1577 1040
1577 1038
1576 1038
1576 1036
1575 1036
1575 1035
1574 1035
1574 1034
1573 1034
1573 1033
1572 1033
1572 1032
1571 1032
1571 1031
1568 1031
1568 1030
1563 1030
1563 1029
1560 1029
1560 1028
1556 1028
1556 1027
1555 1027
1555 1026
1551 1026
1551 1025
1547 1025
1547 1024
1545 1024
1545 1023
1544 1023
1544 1022
1543 1022
1543 1021
1542 1021
1542 1020
1541 1020
1541 1019
1540 1019
1540 1018
1539 1018
1539 1017
1538 1017
1538 1015
1537 1015
1537 1014
1536 1014
1536 1013
1534 1013
1534 1012
1532 1012
1532 1011
1531 1011
1531 1010
1530 1010
1530 1009
1529 1009
1529 1008
1528 1008
1528 1007
1527 1007
1527 1006
1526 1006
1526 1004
1525 1004
1525 1001
1524 1001
1524 999
1523 999
1523 997
1522 997
1522 994
1521 994
1521 991
1520 991
1520 988
1519 988
1519 987
1518 987
1518 986
1517 986
1517 985
1516 985
1516 984
1515 984
1515 983
1514 983
1514 982
1513 982
1513 981
1512 981
1512 979
1511 979
1511 976
1510 976
1510 973
1509 973
1509 972
1508 972
1508 971
1507 971
1507 970
1506 970
1506 969
1504 969
1504 968
1502 968
1502 967
1500 967
1500 966
1499 966
1499 965
1498 965
1498 964
1495 964
1495 963
1484 963
1484 964
1474 964
1474 963
1471 963
1471 962
1466 962
1466 961
1464 961
1464 960
1463 960
1463 959
1462 959
1462 957
1461 957
1461 956
1460 956
1460 953
1459 953
1459 951
1458 951
1458 950
1457 950
1457 949
1456 949
1456 948
1455 948
1455 947
1453 947
1453 946
1451 946
1451 945
1450 945
1450 944
1448 944
1448 943
1447 943
1447 942
1446 942
1446 939
1445 939
1445 938
1444 938
1444 936
1443 936
1443 935
1442 935
1442 934
1440 934
1440 933
1439 933
1439 932
1438 932
1438 931
1437 931
1437 930
1436 930
1436 929
1433 929
1433 928
1432 928
1432 927
1431 927
1431 926
1429 926
1429 925
1427 925
1427 924
1426 924
1426 923
1425 923
1425 922
1423 922
1423 921
1421 921
1421 920
1420 920
1420 919
1419 919
1419 918
1418 918
1418 917
1417 917
1417 914
1416 914
1416 905
1415 905
1415 892
1414 892
1414 884
1413 884
1413 873
1412 873
1412 868
1411 868
1411 866
1410 866
1410 865
1409 865
1409 864
1403 864
1403 863
1400 863
1400 862
1398 862
1398 861
1395 861
1395 860
1390 860
1390 861
1375 861
1375 860
1372 860
1372 859
1370 859
1370 858
1369 858
1369 857
1368 857
1368 856
1367 856
1367 854
1366 854
1366 852
1365 852
1365 850
1364 850
1364 845
1363 845
1363 843
1362 843
1362 842
1361 842
1361 840
1360 840
1360 839
1359 839
1359 838
1357 838
1357 837
1355 837
1355 836
1353 836
1353 835
1352 835
1352 834
1349 834
1349 833
1347 833
1347 832
1330 832
1330 831
1325 831
1325 830
1321 830
1321 829
1319 829
1319 828
1301 828
1301 827
1297 827
1297 826
1295 826
1295 825
1291 825
1291 824
1281 824
1281 825
1274 825
1274 824
1265 824
1265 823
1262 823
1262 822
1261 822
1261 821
1260 821
1260 820
1259 820
1259 819
1258 819
1258 817
1257 817
1257 815
1256 815
1256 814
1255 814
1255 813
1252 813
1252 812
1250 812
1250 811
1239 811
1239 810
1237 810
1237 809
1232 809
1232 808
1228 808
1228 809
1222 809
1222 810
1213 810
1213 809
1206 809
1206 808
1197 808
1197 804
1196 804
1196 799
1195 799
1195 795
1194 795
1194 789
1193 789
1193 785
1192 785
1192 783
1191 783
1191 781
1190 781
1190 779
1189 779
1189 778
1188 778
1188 777
1186 777
1186 776
1183 776
1183 775
1182 775
1182 774
1180 774
1180 773
1179 773
1179 771
1178 771
1178 768
1177 768
1177 762
1178 762
1178 755
1177 755
1177 750
1176 750
1176 747
1175 747
1175 744
1174 744
1174 742
1173 742
1173 741
1172 741
1172 740
1171 740
1171 739
1169 739
1169 738
1167 738
1167 737
1166 737
1166 736
1124 736
1124 735
1122 735
1122 734
1118 734
1118 733
1112 733
1112 732
1109 732
1109 731
1108 731
1108 730
1107 730
1107 729
1106 729
1106 728
1105 728
1105 726
1104 726
1104 725
1103 725
1103 724
1102 724
1102 723
1101 723
1101 722
1100 722
1100 721
1099 721
1099 720
1098 720
1098 719
1096 719
1096 718
1095 718
1095 717
1094 717
1094 716
1093 716
1093 715
1092 715
1092 714
1091 714
1091 713
1090 713
1090 712
1087 712
1087 711
1085 711
1085 710
1084 710
1084 709
1083 709
1083 708
1082 708
1082 707
1081 707
1081 706
1080 706
1080 705
1078 705
1078 704
1077 704
1077 702
1076 702
1076 701
1075 701
1075 700
1074 700
1074 699
1072 699
1072 698
1070 698
1070 697
1069 697
1069 696
1068 696
1068 695
1067 695
1067 694
1066 694
1066 693
1065 693
1065 692
1064 692
1064 690
1063 690
1063 687
1062 687
1062 685
1061 685
1061 680
1060 680
1060 679
1059 679
1059 669
1058 669
1058 667
1057 667
1057 666
1056 666
1056 665
1055 665
1055 664
1054 664
1054 662
1053 662
1053 661
1052 661
1052 657
1051 657
1051 656
1050 656
1050 649
1049 649
1049 647
1048 647
1048 646
1047 646
1047 645
1046 645
1046 644
1045 644
1045 643
1042 643
1042 642
1040 642
1040 641
1039 641
1039 640
1038 640
1038 639
1037 639
1037 638
1036 638
1036 637
1035 637
1035 636
1034 636
1034 635
1033 635
1033 634
1031 634
1031 633
1026 633
1026 632
1024 632
1024 631
1016 631
1016 630
1012 630
1012 629
1002 629
1002 628
1001 628
1001 627
999 627
999 626
998 626
998 625
997 625
997 624
993 624
993 623
990 623
990 622
988 622
988 621
987 621
987 620
985 620
985 619
982 619
982 618
978 618
978 617
977 617
977 616
975 616
975 615
974 615
974 614
973 614
973 612
972 612
972 611
971 611
971 599
970 599
970 598
969 598
969 597
968 597
968 596
964 596
964 595
963 595
963 594
962 594
962 593
961 593
961 592
960 592
960 591
959 591
959 590
957 590
957 589
954 589
954 588
952 588
952 587
950 587
950 586
949 586
949 585
948 585
948 584
942 584
942 583
939 583
939 582
938 582
938 581
937 581
937 580
933 580
933 579
930 579
930 578
927 578
927 577
925 577
925 576
920 576
920 575
916 575
916 574
915 574
915 573
914 573
914 572
913 572
913 571
912 571
912 569
911 569
911 568
910 568
910 565
909 565
909 555
908 555
908 541
907 541
907 523
906 523
906 514
905 514
905 498
904 498
904 492
903 492
903 491
902 491
902 490
901 490
901 489
898 489
898 488
897 488
897 486
896 486
896 485
895 485
895 484
894 484
894 482
893 482
893 477
892 477
892 471
891 471
891 453
890 453
890 449
889 449
889 434
888 434
888 433
887 433
887 432
886 432
886 431
882 431
882 430
881 430
881 429
880 429
880 428
879 428
879 427
878 427
878 425
877 425
877 424
876 424
876 423
871 423
871 422
870 422
870 421
869 421
869 420
868 420
868 419
867 419
867 418
865 418
865 417
864 417
864 416
859 416
859 415
840 415
840 416
838 416
838 417
828 417
828 416
825 416
825 415
823 415
823 414
822 414
822 413
821 413
821 411
820 411
820 410
819 410
819 406
818 406
818 404
817 404
817 393
816 393
816 387
815 387
815 386
814 386
814 385
800 385
800 384
798 384
798 383
797 383
797 382
796 382
796 381
795 381
795 380
794 380
794 378
793 378
793 377
792 377
792 369
791 369
791 368
790 368
790 367
788 367
788 366
786 366
786 365
785 365
785 364
784 364
784 363
783 363
783 362
782 362
782 361
781 361
781 360
780 360
780 357
779 357
779 352
778 352
778 340
777 340
777 337
775 337
775 336
771 336
771 335
770 335
770 334
769 334
769 333
768 333
768 331
767 331
767 330
766 330
766 328
765 328
765 322
764 322
764 315
765 315
765 313
764 313
764 305
763 305
763 303
762 303
762 302
761 302
761 301
759 301
759 300
757 300
757 298
756 298
756 297
755 297
755 296
754 296
754 295
753 295
753 294
751 294
751 293
749 293
749 292
747 292
747 291
746 291
746 290
744 290
744 289
741 289
741 288
736 288
736 287
735 287
735 286
732 286
732 285
731 285
731 284
726 284
726 283
724 283
724 282
722 282
722 281
720 281
720 280
719 280
719 279
718 279
718 278
717 278
717 276
716 276
716 275
715 275
715 272
714 272
714 266
713 266
713 265
686 265
686 264
685 264
685 263
684 263
684 262
677 262
677 261
674 261
674 260
673 260
673 259
671 259
671 258
670 258
670 257
666 257
666 258
665 258
665 259
664 259
664 260
665 260
665 259
666 259
666 258
670 258
670 259
671 259
671 260
673 260
673 261
674 261
674 262
677 262
677 263
684 263
684 264
685 264
685 266
713 266
713 272
714 272
714 275
715 275
715 276
716 276
716 278
717 278
717 279
718 279
718 280
719 280
719 281
720 281
720 282
722 282
722 283
724 283
724 284
726 284
726 285
731 285
731 286
732 286
732 287
735 287
735 288
736 288
736 289
741 289
741 290
744 290
744 291
746 291
746 292
747 292
747 293
749 293
749 294
751 294
751 295
753 295
753 296
754 296
754 297
755 297
755 298
756 298
756 300
757 300
757 301
759 301
759 302
761 302
761 303
762 303
762 305
763 305
763 313
764 313
764 315
763 315
763 322
764 322
764 328
765 328
765 330
766 330
766 331
767 331
767 333
768 333
768 334
769 334
769 335
770 335
770 336
771 336
771 337
775 337
775 338
776 338
776 340
777 340
777 352
778 352
778 357
779 357
779 360
780 360
780 361
781 361
781 362
782 362
782 363
783 363
783 364
784 364
784 365
785 365
785 366
786 366
786 367
788 367
788 368
790 368
790 369
791 369
791 377
792 377
792 378
793 378
793 380
794 380
794 381
795 381
795 382
796 382
796 383
797 383
797 384
798 384
798 385
800 385
800 386
814 386
814 387
815 387
815 393
816 393
816 404
817 404
817 406
818 406
818 410
819 410
819 411
820 411
820 413
821 413
821 414
822 414
822 415
823 415
823 416
825 416
825 417
828 417
828 418
838 418
838 417
840 417
840 416
859 416
859 417
864 417
864 418
865 418
865 419
867 419
867 420
868 420
868 421
869 421
869 422
870 422
870 423
871 423
871 424
876 424
876 425
877 425
877 427
878 427
878 428
879 428
879 429
880 429
880 430
881 430
881 431
882 431
882 432
886 432
886 433
887 433
887 434
888 434
888 449
889 449
889 453
890 453
890 471
891 471
891 477
892 477
892 482
893 482
893 484
894 484
894 485
895 485
895 486
896 486
896 488
897 488
897 489
898 489
898 490
901 490
901 491
902 491
902 492
903 492
903 498
904 498
904 514
905 514
905 523
906 523
906 541
907 541
907 555
908 555
908 565
909 565
909 568
910 568
910 569
911 569
911 571
912 571
912 572
913 572
913 573
914 573
914 574
915 574
915 575
916 575
916 576
920 576
920 577
925 577
925 578
927 578
927 579
930 579
930 580
933 580
933 581
937 581
937 582
938 582
938 583
939 583
939 584
942 584
942 585
948 585
948 586
949 586
949 587
950 587
950 588
952 588
952 589
954 589
954 590
957 590
957 591
959 591
959 592
960 592
960 593
961 593
961 594
962 594
962 595
963 595
963 596
964 596
964 597
968 597
968 598
969 598
969 599
970 599
970 611
971 611
971 612
972 612
972 614
973 614
973 615
974 615
974 616
975 616
975 617
977 617
977 618
978 618
978 619
982 619
982 620
985 620
985 621
987 621
987 622
988 622
988 623
990 623
990 624
993 624
993 625
997 625
997 626
998 626
998 627
999 627
999 628
1001 628
1001 629
1002 629
1002 630
1012 630
1012 631
1016 631
1016 632
1024 632
1024 633
1026 633
1026 634
1031 634
1031 635
1033 635
1033 636
1034 636
1034 637
1035 637
1035 638
1036 638
1036 639
1037 639
1037 640
1038 640
1038 641
1039 641
1039 642
1040 642
1040 643
1042 643
1042 644
1045 644
1045 645
1046 645
1046 646
1047 646
1047 647
1048 647
1048 649
1049 649
1049 656
1050 656
1050 657
1051 657
1051 661
1052 661
1052 662
1053 662
1053 664
1054 664
1054 665
1055 665
1055 666
1056 666
1056 667
1057 667
1057 669
1058 669
1058 679
1059 679
1059 680
1060 680
1060 685
1061 685
1061 687
1062 687
1062 690
1063 690
1063 692
1064 692
1064 693
1065 693
1065 694
1066 694
1066 695
1067 695
1067 696
1068 696
1068 697
1069 697
1069 698
1070 698
1070 699
1072 699
1072 700
1074 700
1074 701
1075 701
1075 702
1076 702
1076 704
1077 704
1077 705
1078 705
1078 706
1080 706
1080 707
1081 707
1081 708
1082 708
1082 709
1083 709
1083 710
1084 710
1084 711
1085 711
1085 712
1087 712
1087 713
1090 713
1090 714
1091 714
1091 715
1092 715
1092 716
1093 716
1093 717
1094 717
1094 718
1095 718
1095 719
1096 719
1096 720
1098 720
1098 721
1099 721
1099 722
1100 722
1100 723
1101 723
1101 724
1102 724
1102 725
1103 725
1103 726
1104 726
1104 728
1105 728
1105 729
1106 729
1106 730
1107 730
1107 731
1108 731
1108 732
1109 732
1109 733
1112 733
1112 734
1118 734
1118 735
1122 735
1122 736
1124 736
1124 737
1166 737
1166 738
1167 738
1167 739
1169 739
1169 740
1171 740
1171 741
1172 741
1172 742
1173 742
1173 744
1174 744
1174 747
1175 747
1175 750
1176 750
1176 755
1177 755
1177 762
1176 762
1176 768
1177 768
1177 771
1178 771
1178 773
1179 773
1179 774
1180 774
1180 775
1182 775
1182 776
1183 776
1183 777
1186 777
1186 778
1188 778
1188 779
1189 779
1189 781
1190 781
1190 783
1191 783
1191 785
1192 785
1192 789
1193 789
1193 795
1194 795
1194 799
1195 799
1195 804
1196 804
1196 809
1206 809
1206 810
1213 810
1213 811
1222 811
1222 810
1228 810
1228 809
1232 809
1232 810
1237 810
1237 811
1239 811
1239 812
1250 812
1250 813
1252 813
1252 814
1255 814
1255 815
1256 815
1256 817
1257 817
1257 819
1258 819
1258 820
1259 820
1259 821
1260 821
1260 822
1261 822
1261 823
1262 823
1262 824
1265 824
1265 825
1274 825
1274 826
1281 826
1281 825
1291 825
1291 826
1295 826
1295 827
1297 827
1297 828
1301 828
1301 829
1319 829
1319 830
1321 830
1321 831
1325 831
1325 832
1330 832
1330 833
1347 833
1347 834
1349 834
1349 835
1352 835
1352 836
1353 836
1353 837
1355 837
1355 838
1357 838
1357 839
1359 839
1359 840
1360 840
1360 842
1361 842
1361 843
1362 843
1362 845
1363 845
1363 850
1364 850
1364 852
1365 852
1365 854
1366 854
1366 856
1367 856
1367 857
1368 857
1368 858
1369 858
1369 859
1370 859
1370 860
1372 860
1372 861
1375 861
1375 862
1390 862
1390 861
1395 861
1395 862
1398 862
1398 863
1400 863
1400 864
1403 864
1403 865
1409 865
1409 866
1410 866
1410 868
1411 868
1411 873
1412 873
1412 884
1413 884
1413 892
1414 892
1414 905
1415 905
1415 914
1416 914
1416 917
1417 917
1417 918
1418 918
1418 919
1419 919
1419 920
1420 920
1420 921
1421 921
1421 922
1423 922
1423 923
1425 923
1425 924
1426 924
1426 925
1427 925
1427 926
1429 926
1429 927
1431 927
1431 928
1432 928
1432 929
1433 929
1433 930
1436 930
1436 931
1437 931
1437 932
1438 932
1438 933
1439 933
1439 934
1440 934
1440 935
1442 935
1442 936
1443 936
1443 938
1444 938
1444 939
1445 939
1445 942
1446 942
1446 943
1447 943
1447 944
1448 944
1448 945
1450 945
1450 946
1451 946
1451 947
1453 947
1453 948
1455 948
1455 949
1456 949
1456 950
1457 950
1457 951
1458 951
1458 953
1459 953
1459 956
1460 956
1460 957
1461 957
1461 959
1462 959
1462 960
1463 960
1463 961
1464 961
1464 962
1466 962
1466 963
1471 963
1471 964
1474 964
1474 965
1484 965
1484 964
1495 964
1495 965
1498 965
1498 966
1499 966
1499 967
1500 967
1500 968
1502 968
1502 969
1504 969
1504 970
1506 970
1506 971
1507 971
1507 972
1508 972
1508 973
1509 973
1509 976
1510 976
1510 979
1511 979
1511 981
1512 981
1512 982
1513 982
1513 983
1514 983
1514 984
1515 984
1515 985
1516 985
1516 986
1517 986
1517 987
1518 987
1518 988
1519 988
1519 991
1520 991
1520 994
1521 994
1521 997
1522 997
1522 999
1523 999
1523 1001
1524 1001
1524 1004
1525 1004
1525 1006
1526 1006
1526 1007
1527 1007
1527 1008
1528 1008
1528 1009
1529 1009
1529 1010
1530 1010
1530 1011
1531 1011
1531 1012
1532 1012
1532 1013
1534 1013
1534 1014
1536 1014
1536 1015
1537 1015
1537 1017
1538 1017
1538 1018
1539 1018
1539 1019
1540 1019
1540 1020
1541 1020
1541 1021
1542 1021
1542 1022
1543 1022
1543 1023
1544 1023
1544 1024
1545 1024
1545 1025
1547 1025
1547 1026
1551 1026
1551 1027
1555 1027
1555 1028
1556 1028
1556 1029
1560 1029
1560 1030
1563 1030
1563 1031
1568 1031
1568 1032
1571 1032
1571 1033
1572 1033
1572 1034
1573 1034
1573 1035
1574 1035
1574 1036
1575 1036
1575 1038
1576 1038
1576 1040
1577 1040
1577 1041
1579 1041
1579 1042
1580 1042
1580 1047
1581 1047
1581 1065
1582 1065
1582 1066
1583 1066
1583 1069
1584 1069
1584 1071
1585 1071
1585 1072
1586 1072
1586 1073
1587 1073
1587 1074
1588 1074
1588 1075
1589 1075
1589 1076
1591 1076
1591 1077
1594 1077
1594 1078
1596 1078
1596 1079
1597 1079
1597 1081
1598 1081
1598 1083
1599 1083
1599 1085
1600 1085
1600 1087
1601 1087
1601 1088
1602 1088
1602 1089
1603 1089
1603 1090
1604 1090
1604 1091
1605 1091
1605 1092
1609 1092
1609 1093
1616 1093
1616 1092
1618 1092
1618 1091
1622 1091
1622 1090
1623 1090
1623 1089
1624 1089
1624 1088
1626 1088
1626 1087
1628 1087
1628 1086
1629 1086
1629 1085
1632 1085
1632 1084
1635 1084
1635 1083
1637 1083
1637 1082
1638 1082
1638 1068
1639 1068
1639 1062
1640 1062
1640 1059
1641 1059
1641 1058
1642 1058
1642 1057
1643 1057
1643 1056
1644 1056
1644 1055
1645 1055
1645 1054
1646 1054
1646 1053
1647 1053
1647 1051
1648 1051
1648 1049
1649 1049
1649 1047
1650 1047
1650 1043
1649 1043
1649 1040
1648 1040
1648 1038
1647 1038
1647 1036
1646 1036
1646 1030
1654 1030
1654 1029
1656 1029
1656 1028
1657 1028
1657 1027
1658 1027
1658 1026
1659 1026
1659 1025
1661 1025
1661 1024
1673 1024
1673 1023
1674 1023
1674 1022
1675 1022
1675 1021
1676 1021
1676 1020
1677 1020
1677 1019
1679 1019
1679 1018
1681 1018
1681 1017
1682 1017
1682 1016
1683 1016
1683 1015
1684 1015
1684 1014
1685 1014
1685 1006
1687 1006
1687 1007
1690 1007
1690 1008
1692 1008
1692 1009
1693 1009
1693 1010
1694 1010
1694 1016
1695 1016
1695 1018
1696 1018
1696 1019
1697 1019
1697 1021
1698 1021
1698 1023
1699 1023
1699 1025
1700 1025
1700 1026
1701 1026
1701 1027
1702 1027
1702 1028
1703 1028
1703 1029
1705 1029
1705 1030
1708 1030
1708 1031
1709 1031
1709 1032
1710 1032
1710 1034
1711 1034
1711 1035
1712 1035
1712 1037
1713 1037
1713 1038
1714 1038
1714 1039
1715 1039
1715 1040
1717 1040
1717 1041
1719 1041
1719 1042
1722 1042
1722 1043
1724 1043
1724 1044
1726 1044
1726 1045
1727 1045
1727 1046
1728 1046
1728 1047
1729 1047
1729 1052
1730 1052
1730 1068
1731 1068
1731 1076
1732 1076
1732 1078
1733 1078
1733 1080
1734 1080
1734 1081
1736 1081
1736 1082
1738 1082
1738 1083
1739 1083
1739 1086
1740 1086
1740 1088
1741 1088
1741 1089
1742 1089
1742 1090
1743 1090
1743 1091
1744 1091
1744 1092
1747 1092
1747 1093
1748 1093
1748 1094
1749 1094
1749 1095
1750 1095
1750 1104
1751 1104
1751 1106
1752 1106
1752 1108
1753 1108
1753 1110
1754 1110
1754 1111
1755 1111
1755 1112
1756 1112
1756 1113
1757 1113
1757 1114
1758 1114
1758 1115
1762 1115
1762 1116
1766 1116
1766 1117
1769 1117
1769 1118
1771 1118
1771 1119
1778 1119
1778 1120
1784 1120
1784 1119
1787 1119
1787 1118
1789 1118
1789 1117
1809 1117
1809 1116
1810 1116
1810 1115
1820 1115
1820 1114
1823 1114
1823 1113
1825 1113
1825 1112
1826 1112
1826 1110
1827 1110
1827 1109
1828 1109
1828 1108
1830 1108
1830 1107
1832 1107
1832 1106
1833 1106
1833 1105
1834 1105
1834 1104
1835 1104
1835 1103
1854 1103
1854 1102
1855 1102
1855 1101
1856 1101
1856 1100
1865 1100
1865 1099
1866 1099
1866 1098
1867 1098
1867 1096
1868 1096
1868 1095
1870 1095
1870 1094
1871 1094
1871 1093
1872 1093
1872 1092
1875 1092
1875 1091
1879 1091
1879 1090
1886 1090
1886 1089
1889 1089
1889 1088
1890 1088
1890 1087
1891 1087
1891 1086
1892 1086
1892 1085
1901 1085
1901 1084
1902 1084
1902 1083
1903 1083
1903 1082
1904 1082
1904 1081
1905 1081
1905 1080
1915 1080
1915 1079
1916 1079
1916 1077
1917 1077
1917 1076
1918 1076
1918 1075
1924 1075
1924 1074
1926 1074
1926 1073
1928 1073
1928 1072
1938 1072
1938 1073
1941 1073
1941 1074
1943 1074
1943 1075
1944 1075
1944 1076
1945 1076
1945 1077
1947 1077
1947 1078
1948 1078
1948 1079
1949 1079
1949 1081
1950 1081
1950 1084
1956 1084
1956 1085
1958 1085
1958 1086
1960 1086
1960 1087
1962 1087
1962 1088
1964 1088
1964 1089
1966 1089
1966 1090
1974 1090
1974 1089
1979 1089
1979 1088
1981 1088
1981 1087
1984 1087
1984 1086
1986 1086
1986 1085
1989 1085
1989 1084
1991 1084
1991 1083
1993 1083
1993 1082
1996 1082
1996 1081
1999 1081
1999 1080
2002 1080
2002 1079
2004 1079
2004 1078
2005 1078
2005 1077
2006 1077
2006 1076
2007 1076
2007 1075
2011 1075
2011 1074
2013 1074
2013 1075
2028 1075
2028 1076
2034 1076
2034 1077
2038 1077
2038 1078
2053 1078
2053 1077
2057 1077
2057 1076
2059 1076
2059 1075
2060 1075
2060 1074
2070 1074
2070 1073
2071 1073
2071 1072
2072 1072
2072 1071
2073 1071
2073 1070
2075 1070
2075 1069
2077 1069
2077 1068
2079 1068
2079 1067
2080 1067
2080 1066
2082 1066
2082 1065
2085 1065
2085 1064
2086 1064
2086 1063
2087 1063
2087 1062
2088 1062
2088 1061
2089 1061
2089 1059
2090 1059
2090 1054
2089 1054
2089 1046
2093 1046
2093 1045
2096 1045
2096 1044
2098 1044
2098 1043
2104 1043
2104 1044
2110 1044
2110 1045
2112 1045
2112 1046
2116 1046
2116 1047
2118 1047
2118 1048
2121 1048
2121 1049
2141 1049
2141 1050
2144 1050
2144 1051
2146 1051
2146 1052
2148 1052
2148 1053
2149 1053
2149 1054
2154 1054
2154 1055
2161 1055
2161 1056
2163 1056
2163 1057
2166 1057
2166 1058
2171 1058
2171 1059
2174 1059
2174 1060
2177 1060
2177 1061
2178 1061
2178 1062
2180 1062
2180 1063
2181 1063
2181 1064
2182 1064
2182 1065
2183 1065
2183 1066
2187 1066
2187 1067
2188 1067
2188 1068
2190 1068
2190 1069
2191 1069
2191 1070
2194 1070
2194 1071
2196 1071
2196 1072
2201 1072
2201 1073
2203 1073
2203 1074
2204 1074
2204 1075
2205 1075
2205 1076
2206 1076
2206 1077
2207 1077
2207 1078
2208 1078
2208 1079
2209 1079
2209 1080
2211 1080
2211 1081
2212 1081
2212 1082
2214 1082
2214 1083
2217 1083
2217 1084
2254 1084
2254 1083
2255 1083
2255 1082
2256 1082
2256 1081
2257 1081
2257 1077
2258 1077
2258 1076
2259 1076
2259 1075
2269 1075
2269 1074
2270 1074
2270 1072
2271 1072
2271 1070
2272 1070
2272 1069
2273 1069
2273 1068
2283 1068
2283 1067
2285 1067
2285 1066
2286 1066
2286 1065
2287 1065
2287 1064
2288 1064
2288 1063
2290 1063
2290 1062
2309 1062
2309 1061
2312 1061
2312 1060
2323 1060
2323 1059
2325 1059
2325 1058
2326 1058
2326 1057
2327 1057
2327 1056
2328 1056
2328 1055
2329 1055
2329 1054
2330 1054
2330 1053
2332 1053
2332 1052
2346 1052
2346 1051
2353 1051
2353 1052
2362 1052
2362 1051
2371 1051
2371 1052
2377 1052
2377 1051
2392 1051
2392 1050
2395 1050
2395 1049
2397 1049
2397 1048
2398 1048
2398 1047
2400 1047
2400 1046
2402 1046
2402 1045
2403 1045
2403 1044
2404 1044
2404 1043
2405 1043
2405 1042
2406 1042
2406 1041
2408 1041
2408 1040
2409 1040
2409 1039
2410 1039
2410 1038
2411 1038
2411 1037
2412 1037
2412 1036
2413 1036
2413 1032
2414 1032
2414 1030
2415 1030
2415 1026
2416 1026
2416 1023
2417 1023
2417 1019
2418 1019
2418 1015
2419 1015
2419 1006
2420 1006
2420 1001
2421 1001
2421 994
2422 994
2422 987
2423 987
2423 984
2424 984
2424 983
2426 983
2426 982
2437 982
2437 981
2438 981
2438 980
2439 980
2439 979
2440 979
2440 978
2441 978
2441 970
2440 970
2440 967
2441 967
2441 963
2443 963
2443 962
2445 962
2445 961
2456 961
2456 962
2460 962
2460 963
2462 963
2462 964
2464 964
2464 965
2466 965
2466 966
2467 966
2467 967
2468 967
2468 968
2469 968
2469 969
2471 969
2471 970
2472 970
2472 971
2475 971
2475 972
2476 972
2476 973
2479 973
2479 974
2481 974
2481 975
2483 975
2483 976
2485 976
2485 977
2486 977
2486 978
2487 978
2487 979
2488 979
2488 980
2489 980
2489 982
2490 982
2490 983
2491 983
2491 984
2492 984
2492 985
2493 985
2493 986
2494 986
2494 987
2495 987
2495 988
2496 988
2496 989
2498 989
2498 990
2499 990
2499 991
2501 991
2501 992
2503 992
2503 993
2505 993
2505 994
2512 994
2512 995
2515 995
2515 996
2517 996
2517 997
2519 997
2519 998
2520 998
2520 999
2521 999
2521 1001
2522 1001
2522 1003
2523 1003
2523 1008
2524 1008
2524 1014
2525 1014
2525 1019
2526 1019
2526 1022
2527 1022
2527 1023
2528 1023
2528 1024
2529 1024
2529 1025
2530 1025
2530 1026
2532 1026
2532 1027
2537 1027
2537 1028
2541 1028
2541 1029
2545 1029
2545 1030
2548 1030
2548 1031
2552 1031
2552 1032
2559 1032
2559 1033
2567 1033
2567 1034
2570 1034
2570 1035
2576 1035
2576 1036
2579 1036
2579 1037
2584 1037
2584 1038
2587 1038
2587 1039
2589 1039
2589 1040
2593 1040
2593 1041
2599 1041
2599 1042
2605 1042
2605 1041
2613 1041
2613 1040
2615 1040
2615 1039
2617 1039
2617 1038
2620 1038
2620 1037
2622 1037
2622 1034
2623 1034
2623 1031
2624 1031
2624 1030
2625 1030
2625 1029
2626 1029
2626 1028
2627 1028
2627 1027
2628 1027
2628 1026
2629 1026
2629 1025
2630 1025
2630 1024
2631 1024
2631 1023
2632 1023
2632 1021
2633 1021
2633 1019
2634 1019
2634 1018
2635 1018
2635 1015
2636 1015
2636 1014
2637 1014
2637 1012
2638 1012
2638 1010
2639 1010
2639 1007
2640 1007
2640 1004
2641 1004
2641 1000
2642 1000
2642 997
2643 997
2643 996
2645 996
2645 995
2646 995
2646 994
2647 994
2647 993
2648 993
2648 992
2649 992
2649 991
2650 991
2650 990
2651 990
2651 989
2660 989
2660 988
2661 988
2661 987
2662 987
2662 986
2661 986
2661 985
2660 985
2660 982
2661 982
2661 972
2662 972
2662 970
2663 970
2663 969
2665 969
2665 968
2668 968
2668 967
2671 967
2671 966
2672 966
2672 965
2673 965
2673 964
2674 964
2674 962
2675 962
2675 959
2676 959
2676 958
2679 958
2679 957
2682 957
2682 956
2684 956
2684 955
2685 955
2685 954
2686 954
2686 953
2687 953
2687 949
2688 949
2688 943
2689 943
2689 941
2696 941
2696 942
2698 942
2698 943
2699 943
2699 944
2703 944
2703 945
2706 945
2706 946
2708 946
2708 947
2709 947
2709 948
2710 948
2710 949
2711 949
2711 952
2712 952
2712 956
2713 956
2713 957
2714 957
2714 958
2715 958
2715 959
2716 959
2716 960
2718 960
2718 961
2719 961
2719 962
2723 962
2723 963
2725 963
2725 964
2727 964
2727 965
2729 965
2729 966
2732 966
2732 967
2734 967
2734 968
2736 968
2736 969
2737 969
2737 970
2738 970
2738 971
2739 971
2739 972
2740 972
2740 973
2741 973
2741 974
2742 974
2742 975
2743 975
2743 979
2744 979
2744 982
2745 982
2745 986
2746 986
2746 990
2747 990
2747 992
2748 992
2748 993
2749 993
2749 994
2750 994
2750 995
2753 995
2753 996
2756 996
2756 997
2759 997
2759 998
2762 998
2762 999
2764 999
2764 1000
2771 1000
2771 1001
2779 1001
2779 1000
2782 1000
2782 999
2786 999
2786 998
2787 998
2787 997
2788 997
2788 996
2790 996
2790 995
2792 995
2792 994
2793 994
2793 993
2795 993
2795 992
2797 992
2797 991
2799 991
2799 990
2801 990
2801 989
2802 989
2802 988
2803 988
2803 987
2804 987
2804 986
2805 986
2805 985
2806 985
2806 984
2807 984
2807 982
2808 982
2808 981
2809 981
2809 979
2810 979
2810 977
2811 977
2811 976
2812 976
2812 975
2813 975
2813 974
2814 974
2814 973
2815 973
2815 972
2816 972
2816 971
2817 971
2817 970
2819 970
2819 969
2820 969
2820 968
2821 968
2821 966
2823 966
2823 965
2824 965
2824 964
2825 964
2825 963
2826 963
2826 962
2828 962
2828 961
2829 961
2829 960
2830 960
2830 959
2831 959
2831 958
2833 958
2833 957
2834 957
2834 956
2835 956
2835 955
2836 955
2836 954
2837 954
2837 953
2838 953
2838 951
2839 951
2839 950
2840 950
2840 949
2841 949
2841 948
2842 948
2842 947
2843 947
2843 946
2844 946
2844 945
2845 945
2845 944
2846 944
2846 943
2847 943
2847 942
2848 942
2848 941
2849 941
2849 940
2850 940
2850 939
2851 939
2851 937
2852 937
2852 936
2853 936
2853 935
2855 935
2855 934
2856 934
2856 933
2857 933
2857 932
2858 932
2858 931
2859 931
2859 930
2860 930
2860 929
2861 929
2861 928
2862 928
2862 927
2863 927
2863 926
2864 926
2864 925
2866 925
2866 924
2867 924
2867 923
2868 923
2868 922
2869 922
2869 920
2870 920
2870 919
2871 919
2871 918
2872 918
2872 912
2873 912
2873 909
2874 909
2874 884
2875 884
2875 882
2876 882
2876 881
2877 881
2877 880
2878 880
2878 879
2879 879
2879 877
2880 877
2880 876
2882 876
2882 875
2883 875
2883 872
2884 872
2884 869
2885 869
2885 840
2886 840
2886 839
2885 839
2885 835
2886 835
2886 831
2887 831
2887 830
2893 830
2893 829
2894 829
2894 828
2896 828
2896 827
2899 827
2899 826
2911 826
2911 827
2912 827
2912 828
2927 828
2927 827
2937 827
2937 828
2939 828
2939 829
2942 829
2942 830
2946 830
2946 831
2952 831
2952 832
2956 832
2956 833
2965 833
2965 832
2974 832
2974 831
2978 831
2978 830
2982 830
2982 831
2986 831
2986 832
2988 832
2988 833
2995 833
2995 834
2996 834
2996 836
2997 836
2997 837
3003 837
3003 838
3009 838
3009 839
3012 839
3012 840
3013 840
3013 841
3017 841
3017 842
3018 842
3018 841
3024 841
3024 842
3029 842
3029 843
3032 843
3032 842
3050 842
3050 839
3051 839
3051 837
3052 837
3052 836
3055 836
3055 835
3058 835
3058 834
3059 834
3059 833
3060 833
3060 832
3062 832
3062 831
3066 831
3066 830
3068 830
3068 829
3069 829
3069 828
3071 828
3071 827
3073 827
3073 826
3076 826
3076 825
3077 825
3077 824
3078 824
3078 823
3079 823
3079 822
3082 822
3082 821
3083 821
3083 820
3085 820
3085 819
3086 819
3086 818
3087 818
3087 817
3088 817
3088 815
3089 815
3089 812
3090 812
3090 806
3091 806
3091 803
3092 803
3092 801
3094 801
3094 800
3096 800
3096 799
3097 799
3097 798
3098 798
3098 797
3099 797
3099 796
3100 796
3100 793
3101 793
3101 790
3102 790
3102 763
3103 763
3103 754
3104 754
3104 753
3106 753
3106 752
3107 752
3107 751
3109 751
3109 750
3110 750
3110 749
3111 749
3111 748
3112 748
3112 745
3113 745
3113 742
3112 742
3112 735
3113 735
3113 731
3119 731
3119 732
3124 732
3124 733
3133 733
3133 732
3146 732
3146 731
3148 731
3148 730
3150 730
3150 729
3151 729
3151 728
3154 728
3154 727
3168 727
3168 726
3169 726
3169 724
3170 724
3170 723
3171 723
3171 722
3172 722
3172 721
3173 721
3173 720
3174 720
3174 719
3176 719
3176 718
3177 718
3177 717
3179 717
3179 716
3180 716
3180 715
3181 715
3181 714
3182 714
3182 713
3184 713
3184 712
3185 712
3185 711
3186 711
3186 710
3187 710
3187 709
3188 709
3188 708
3189 708
3189 706
3192 706
3192 705
3195 705
3195 704
3197 704
3197 703
3198 703
3198 702
3199 702
3199 701
3200 701
3200 700
3201 700
3201 699
3202 699
3202 698
3203 698
3203 697
3204 697
3204 696
3206 696
3206 695
3207 695
3207 694
3208 694
3208 693
3209 693
3209 691
3210 691
3210 688
3211 688
3211 686
3212 686
3212 684
3213 684
3213 681
3214 681
3214 677
3215 677
3215 675
3216 675
3216 673
3217 673
3217 672
3218 672
3218 669
3219 669
3219 641
3220 641
3220 627
3219 627
3219 624
3218 624
3218 623
3220 623
3220 624
3223 624
3223 625
3236 625
3236 624
3241 624
3241 623
3246 623
3246 622
3247 622
3247 621
3248 621
3248 620
3249 620
3249 619
3251 619
3251 618
3252 618
3252 617
3254 617
3254 616
3257 616
3257 615
3258 615
3258 614
3266 614
3266 615
3267 615
3267 616
3268 616
3268 617
3269 617
3269 618
3274 618
3274 619
3275 619
3275 618
3283 618
3283 617
3292 617
3292 616
3294 616
3294 615
3295 615
3295 613
3296 613
3296 612
3297 612
3297 611
3300 611
3300 610
3304 610
3304 609
3305 609
3305 607
3306 607
3306 604
3307 604
3307 591
3309 591
3309 590
3356 590
3356 589
3370 589
3370 588
3373 588
3373 587
3378 587
3378 586
3379 586
3379 585
3381 585
3381 584
3384 584
3384 583
3385 583
3385 582
3387 582
3387 581
3388 581
3388 579
3389 579
3389 577
3390 577
3390 576
3391 576
3391 574
3392 574
3392 571
3394 571
3394 570
3397 570
3397 569
3399 569
3399 568
3400 568
3400 567
3401 567
3401 566
3402 566
3402 565
3404 565
3404 564
3405 564
3405 563
3406 563
3406 562
3407 562
3407 561
3408 561
3408 557
3407 557
3407 554
3406 554
3406 552
3405 552
3405 551
3404 551
3404 549
3403 549
3403 538
3404 538
3404 536
3406 536
3406 535
3409 535
3409 534
3412 534
3412 535
3414 535
3414 544
3415 544
3415 548
3416 548
3416 551
3417 551
3417 554
3418 554
3418 556
3419 556
3419 558
3420 558
3420 559
3421 559
3421 560
3422 560
3422 563
3423 563
3423 569
3424 569
3424 570
3425 570
3425 571
3426 571
3426 572
3427 572
3427 573
3428 573
3428 575
3429 575
3429 577
3430 577
3430 580
3431 580
3431 581
3432 581
3432 583
3433 583
3433 584
3437 584
3437 583
3439 583
3439 582
3444 582
3444 581
3446 581
3446 580
3447 580
3447 577
3448 577
3448 526
3449 526
3449 520
3450 520
3450 518
3451 518
3451 517
3452 517
3452 516
3453 516
3453 515
3454 515
3454 514
3455 514
3455 513
3456 513
3456 511
3457 511
3457 507
3458 507
3458 496
3459 496
3459 458
3460 458
3460 453
3461 453
3461 452
3462 452
3462 451
3463 451
3463 450
3487 450
3487 449
3491 449
3491 448
3497 448
3497 449
3506 449
3506 450
3510 450
3510 449
3515 449
3515 450
3519 450
3519 449
3523 449
3523 448
3527 448
3527 447
3528 447
3528 446
3529 446
3529 445
3530 445
3530 443
3536 443
3536 442
3539 442
3539 441
3540 441
3540 440
3549 440
3549 439
3550 439
3550 436
3551 436
3551 434
3552 434
3552 433
3553 433
3553 432
3554 432
3554 426
3553 426
3553 422
3552 422
3552 418
3553 418
3553 417
3559 417
3559 416
3560 416
3560 415
3561 415
3561 414
3562 414
3562 412
3563 412
3563 411
3562 411
3562 412
3561 412
3561 414
3560 414
3560 415
3559 415
3559 416
3553 416
3553 417
3552 417
3552 418
3551 418
3551 422
3552 422
3552 426
3553 426
3553 432
3552 432
3552 433
3551 433
3551 434
3550 434
3550 436
3549 436
3549 439
3540 439
3540 440
3539 440
3539 441
3536 441
3536 442
3529 442
3529 445
3528 445
3528 446
3527 446
3527 447
3523 447
3523 448
3519 448
3519 449
3515 449
3515 448
3510 448
3510 449
3506 449
3506 448
3497 448
3497 447
3491 447
3491 448
3487 448
3487 449
3462 449
3462 450
3461 450
3461 451
3460 451
3460 453
3459 453
3459 458
3458 458
3458 496
3457 496
3457 507
3456 507
3456 511
3455 511
3455 513
3454 513
3454 514
3453 514
3453 515
3452 515
3452 516
3451 516
3451 517
3450 517
3450 518
3449 518
3449 520
3448 520
3448 526
3447 526
3447 577
3446 577
3446 580
3444 580
3444 581
3439 581
3439 582
3437 582
3437 583
3433 583
3433 581
3432 581
3432 580
3431 580
3431 577
3430 577
3430 575
3429 575
3429 573
3428 573
3428 572
3427 572
3427 571
3426 571
3426 570
3425 570
3425 569
3424 569
3424 563
3423 563
3423 560
3422 560
3422 559
3421 559
3421 558
3420 558
3420 556
3419 556
3419 554
3418 554
3418 551
3417 551
3417 548
3416 548
3416 544
3415 544
3415 535
3414 535
3414 534
3412 534
3412 533
3409 533
3409 534
3406 534
3406 535
3404 535
3404 536
3403 536
3403 538
3402 538
3402 549
3403 549
3403 551
3404 551
3404 552
3405 552
3405 554
3406 554
3406 557
3407 557
3407 561
3406 561
3406 562
3405 562
3405 563
3404 563
3404 564
3402 564
3402 565
3401 565
3401 566
3400 566
3400 567
3399 567
3399 568
3397 568
3397 569
3394 569
3394 570
3392 570
3392 571
3391 571
3391 574
3390 574
3390 576
3389 576
3389 577
3388 577
3388 579
3387 579
3387 581
3385 581
3385 582
3384 582
3384 583
3381 583
3381 584
3379 584
3379 585
3378 585
3378 586
3373 586
3373 587
3370 587
3370 588
3356 588
3356 589
3309 589
3309 590
3307 590
3307 591
3306 591
3306 604
3305 604
3305 607
3304 607
3304 609
3300 609
3300 610
3297 610
3297 611
3296 611
3296 612
3295 612
3295 613
3294 613
3294 615
3292 615
3292 616
3283 616
3283 617
3275 617
3275 618
3274 618
3274 617
3269 617
3269 616
3268 616
3268 615
3267 615
3267 614
3266 614
3266 613
3258 613
3258 614
3257 614
3257 615
3254 615
3254 616
3252 616
3252 617
3251 617
3251 618
3249 618
3249 619
3248 619
3248 620
3247 620
3247 621
3246 621
3246 622
3241 622
3241 623
3236 623
3236 624
3224 624
3224 623
3221 623
3221 622
3217 622
3217 624
3218 624
3218 627
3219 627
3219 641
3218 641
3218 669
3217 669
3217 672
3216 672
3216 673
3215 673
3215 675
3214 675
3214 677
3213 677
3213 681
3212 681
3212 684
3211 684
3211 686
3210 686
3210 688
3209 688
3209 691
3208 691
3208 693
3207 693
3207 694
3206 694
3206 695
3204 695
3204 696
3203 696
3203 697
3202 697
3202 698
3201 698
3201 699
3200 699
3200 700
3199 700
3199 701
3198 701
3198 702
3197 702
3197 703
3195 703
3195 704
3192 704
3192 705
3189 705
3189 706
3188 706
3188 708
3187 708
3187 709
3186 709
3186 710
3185 710
3185 711
3184 711
3184 712
3182 712
3182 713
3181 713
3181 714
3180 714
3180 715
3179 715
3179 716
3177 716
3177 717
3176 717
3176 718
3174 718
3174 719
3173 719
3173 720
3172 720
3172 721
3171 721
3171 722
3170 722
3170 723
3169 723
3169 724
3168 724
3168 726
3154 726
3154 727
3151 727
3151 728
3150 728
3150 729
3148 729
3148 730
3146 730
3146 731
3133 731
3133 732
3124 732
3124 731
3119 731
3119 730
3113 730
3113 731
3112 731
3112 735
3111 735
3111 742
3112 742
3112 745
3111 745
3111 748
3110 748
3110 749
3109 749
3109 750
3107 750
3107 751
3106 751
3106 752
3104 752
3104 753
3103 753
3103 754
3102 754
3102 763
3101 763
3101 790
3100 790
3100 793
3099 793
3099 796
3098 796
3098 797
3097 797
3097 798
3096 798
