1998 778
1989 778
1989 779
1983 779
1983 780
1973 780
1973 781
1971 781
1971 780
1969 780
1969 779
1967 779
1967 778
1966 778
1966 777
1965 777
1965 776
1964 776
1964 775
1963 775
1963 773
1962 773
1962 770
1961 770
1961 763
1960 763
1960 748
1959 748
1959 746
1958 746
1958 745
1955 745
1955 744
1954 744
1954 743
1953 743
1953 742
1952 742
1952 741
1951 741
1951 740
1950 740
1950 739
1949 739
1949 738
1941 738
1941 739
1939 739
1939 740
1938 740
1938 741
1937 741
1937 742
1935 742
1935 743
1934 743
1934 744
1932 744
1932 745
1931 745
1931 747
1930 747
1930 748
1928 748
1928 749
1926 749
1926 750
1923 750
1923 751
1921 751
1921 752
1920 752
1920 753
1919 753
1919 754
1918 754
1918 756
1916 756
1916 757
1912 757
1912 758
1903 758
1903 757
1898 757
1898 756
1889 756
1889 755
1887 755
1887 754
1886 754
1886 753
1879 753
1879 752
1875 752
1875 751
1873 751
1873 750
1872 750
1872 749
1871 749
1871 748
1869 748
1869 747
1866 747
1866 746
1862 746
1862 745
1861 745
1861 744
1860 744
1860 743
1858 743
1858 742
1856 742
1856 741
1824 741
1824 740
1800 740
1800 739
1798 739
1798 738
1792 738
1792 737
1791 737
1791 736
1781 736
1781 737
1780 737
1780 746
1779 746
1779 747
1777 747
1777 748
1776 748
1776 750
1775 750
1775 751
1773 751
1773 752
1770 752
1770 753
1764 753
1764 754
1762 754
1762 755
1760 755
1760 756
1756 756
1756 757
1755 757
1755 759
1756 759
1756 766
1755 766
1755 769
1754 769
1754 770
1753 770
1753 771
1752 771
1752 772
1750 772
1750 773
1747 773
1747 774
1742 774
1742 775
1739 775
1739 776
1737 776
1737 777
1735 777
1735 778
1730 778
1730 779
1728 779
1728 780
1727 780
1727 781
1725 781
1725 782
1724 782
1724 783
1722 783
1722 784
1721 784
1721 786
1720 786
1720 787
1719 787
1719 788
1718 788
1718 789
1716 789
1716 790
1714 790
1714 791
1708 791
1708 790
1707 790
1707 789
1705 789
1705 788
1701 788
1701 787
1687 787
1687 786
1684 786
1684 785
1682 785
1682 784
1681 784
1681 783
1679 783
1679 782
1673 782
1673 781
1667 781
1667 782
1662 782
1662 783
1660 783
1660 784
1658 784
1658 785
1657 785
1657 786
1656 786
1656 787
1655 787
1655 788
1654 788
1654 789
1653 789
1653 791
1648 791
1648 792
1646 792
1646 793
1644 793
1644 794
1642 794
1642 795
1639 795
1639 796
1637 796
1637 795
1635 795
1635 794
1634 794
1634 793
1633 793
1633 792
1632 792
1632 791
1631 791
1631 790
1630 790
1630 789
1629 789
1629 788
1628 788
1628 786
1627 786
1627 785
1626 785
1626 783
1625 783
1625 781
1624 781
1624 779
1623 779
1623 778
1621 778
1621 777
1617 777
1617 776
1612 776
1612 775
1609 775
1609 774
1601 774
1601 775
1600 775
1600 776
1599 776
1599 778
1595 778
1595 779
1591 779
1591 780
1590 780
1590 781
1589 781
1589 782
1588 782
1588 784
1587 784
1587 785
1585 785
1585 786
1582 786
1582 787
1577 787
1577 788
1570 788
1570 789
1566 789
1566 788
1564 788
1564 787
1551 787
1551 786
1548 786
1548 785
1545 785
1545 784
1538 784
1538 785
1529 785
1529 784
1524 784
1524 783
1520 783
1520 782
1519 782
1519 780
1518 780
1518 779
1517 779
1517 778
1514 778
1514 777
1513 777
1513 776
1506 776
1506 775
1504 775
1504 774
1502 774
1502 773
1501 773
1501 772
1498 772
1498 771
1496 771
1496 770
1491 770
1491 769
1486 769
1486 768
1475 768
1475 767
1472 767
1472 766
1471 766
1471 765
1470 765
1470 764
1469 764
1469 762
1468 762
1468 761
1467 761
1467 760
1466 760
1466 759
1464 759
1464 758
1459 758
1459 757
1458 757
1458 756
1457 756
1457 755
1456 755
1456 754
1455 754
1455 753
1454 753
1454 752
1453 752
1453 751
1452 751
1452 750
1451 750
1451 747
1450 747
1450 739
1449 739
1449 729
1448 729
1448 724
1447 724
1447 723
1446 723
1446 721
1445 721
1445 720
1444 720
1444 718
1443 718
1443 717
1437 717
1437 718
1436 718
1436 719
1435 719
1435 731
1436 731
1436 737
1437 737
1437 743
1436 743
1436 745
1435 745
1435 746
1434 746
1434 747
1432 747
1432 748
1431 748
1431 749
1429 749
1429 757
1428 757
1428 758
1427 758
1427 759
1426 759
1426 760
1425 760
1425 762
1424 762
1424 763
1423 763
1423 764
1411 764
1411 763
1393 763
1393 762
1391 762
1391 761
1390 761
1390 760
1389 760
1389 759
1388 759
1388 758
1387 758
1387 757
1377 757
1377 756
1374 756
1374 755
1373 755
1373 754
1372 754
1372 753
1368 753
1368 752
1364 752
1364 751
1362 751
1362 750
1361 750
1361 749
1360 749
1360 748
1359 748
1359 746
1358 746
1358 745
1357 745
1357 743
1356 743
1356 740
1355 740
1355 739
1354 739
1354 737
1353 737
1353 735
1352 735
1352 733
1351 733
1351 730
1350 730
1350 729
1349 729
1349 724
1348 724
1348 720
1347 720
1347 717
1346 717
1346 716
1345 716
1345 714
1344 714
1344 712
1343 712
1343 711
1342 711
1342 710
1341 710
1341 709
1340 709
1340 708
1339 708
1339 707
1338 707
1338 705
1337 705
1337 704
1336 704
1336 703
1335 703
1335 701
1334 701
1334 700
1333 700
1333 698
1332 698
1332 697
1330 697
1330 696
1321 696
1321 697
1320 697
1320 698
1319 698
1319 700
1320 700
1320 709
1321 709
1321 720
1320 720
1320 722
1319 722
1319 724
1318 724
1318 726
1317 726
1317 727
1313 727
1313 728
1310 728
1310 729
1308 729
1308 730
1305 730
1305 731
1296 731
1296 730
1293 730
1293 729
1292 729
1292 728
1288 728
1288 727
1283 727
1283 726
1280 726
1280 725
1279 725
1279 724
1278 724
1278 723
1277 723
1277 722
1276 722
1276 721
1275 721
1275 720
1274 720
1274 719
1272 719
1272 718
1271 718
1271 717
1269 717
1269 716
1268 716
1268 715
1267 715
1267 714
1266 714
1266 713
1265 713
1265 712
1264 712
1264 711
1263 711
1263 710
1259 710
1259 709
1258 709
1258 708
1256 708
1256 707
1255 707
1255 706
1254 706
1254 705
1253 705
1253 704
1249 704
1249 703
1246 703
1246 702
1245 702
1245 701
1243 701
1243 700
1242 700
1242 699
1239 699
1239 698
1237 698
1237 699
1235 699
1235 700
1232 700
1232 701
1219 701
1219 702
1217 702
1217 703
1215 703
1215 704
1214 704
1214 705
1212 705
1212 706
1202 706
1202 705
1199 705
1199 704
1196 704
1196 703
1194 703
1194 701
1193 701
1193 699
1192 699
1192 697
1191 697
1191 694
1190 694
1190 691
1189 691
1189 690
1188 690
1188 689
1187 689
1187 688
1186 688
1186 687
1184 687
1184 686
1183 686
1183 685
1182 685
1182 684
1181 684
1181 683
1180 683
1180 682
1179 682
1179 681
1178 681
1178 680
1177 680
1177 678
1176 678
1176 677
1175 677
1175 676
1173 676
1173 675
1171 675
1171 674
1168 674
1168 673
1157 673
1157 672
1155 672
1155 671
1154 671
1154 670
1153 670
1153 669
1151 669
1151 668
1150 668
1150 667
1149 667
1149 666
1148 666
1148 665
1147 665
1147 664
1146 664
1146 663
1145 663
1145 662
1140 662
1140 661
1139 661
1139 660
1135 660
1135 659
1132 659
1132 658
1128 658
1128 657
1127 657
1127 656
1125 656
1125 655
1124 655
1124 654
1123 654
1123 653
1122 653
1122 652
1121 652
1121 650
1120 650
1120 649
1119 649
1119 647
1118 647
1118 640
1117 640
1117 638
1116 638
1116 637
1112 637
1112 638
1111 638
1111 639
1109 639
1109 640
1108 640
1108 641
1105 641
1105 642
1104 642
1104 643
1103 643
1103 644
1102 644
1102 645
1101 645
1101 646
1100 646
1100 647
1099 647
1099 649
1098 649
1098 651
1097 651
1097 652
1096 652
1096 653
1095 653
1095 655
1093 655
1093 656
1084 656
1084 657
1083 657
1083 656
1079 656
1079 655
1071 655
1071 658
1065 658
1065 659
1062 659
1062 660
1061 660
1061 661
1060 661
1060 664
1059 664
1059 670
1058 670
1058 672
1057 672
1057 673
1039 673
1039 674
1038 674
1038 676
1037 676
1037 694
1034 694
1034 695
1029 695
1029 696
1008 696
1008 695
1007 695
1007 694
1006 694
1006 693
1005 693
1005 692
1003 692
1003 691
1001 691
1001 690
999 690
999 689
997 689
997 688
995 688
995 687
994 687
994 686
993 686
993 685
992 685
992 683
991 683
991 680
990 680
990 679
989 679
989 668
988 668
988 667
987 667
987 666
986 666
986 665
984 665
984 664
983 664
983 663
981 663
981 662
980 662
980 661
979 661
979 659
978 659
978 657
977 657
977 656
974 656
974 655
972 655
972 654
970 654
970 653
969 653
969 652
968 652
968 651
967 651
967 650
966 650
966 648
965 648
965 646
964 646
964 643
963 643
963 639
962 639
962 638
960 638
960 637
958 637
958 636
957 636
957 635
955 635
955 633
954 633
954 632
953 632
953 630
952 630
952 628
951 628
951 626
950 626
950 625
948 625
948 624
936 624
936 623
934 623
934 622
933 622
933 621
932 621
932 620
931 620
931 619
930 619
930 618
929 618
929 617
928 617
928 616
927 616
927 615
926 615
926 614
925 614
925 613
924 613
924 612
923 612
923 611
922 611
922 610
919 610
919 609
918 609
918 610
916 610
916 611
914 611
914 612
909 612
909 613
903 613
903 612
900 612
900 611
898 611
898 610
897 610
897 609
896 609
896 608
895 608
895 607
894 607
894 606
889 606
889 607
881 607
881 606
872 606
872 607
868 607
868 606
864 606
864 605
863 605
863 604
862 604
862 603
860 603
860 602
858 602
858 601
854 601
854 600
851 600
851 599
850 599
850 598
846 598
846 597
842 597
842 596
839 596
839 595
838 595
838 594
837 594
837 593
836 593
836 592
835 592
835 591
834 591
834 590
833 590
833 589
832 589
832 588
829 588
829 587
827 587
827 586
823 586
823 587
819 587
819 588
813 588
813 589
811 589
811 590
810 590
810 591
803 591
803 592
794 592
794 591
792 591
792 590
791 590
791 589
790 589
790 588
789 588
789 587
788 587
788 586
787 586
787 585
786 585
786 584
785 584
785 583
783 583
783 582
781 582
781 581
779 581
779 580
778 580
778 579
777 579
777 577
776 577
776 576
775 576
775 575
774 575
774 574
771 574
771 573
770 573
770 572
769 572
769 571
768 571
768 568
767 568
767 567
766 567
766 565
765 565
765 563
764 563
764 562
763 562
763 561
758 561
758 562
755 562
755 563
753 563
753 564
751 564
751 565
742 565
742 566
741 566
741 565
734 565
734 564
733 564
733 565
730 565
730 566
729 566
729 567
720 567
720 568
711 568
711 567
710 567
710 566
708 566
708 565
707 565
707 564
706 564
706 563
704 563
704 562
703 562
703 561
702 561
702 560
701 560
701 559
700 559
700 558
698 558
698 557
697 557
697 556
696 556
696 555
695 555
695 554
694 554
694 553
693 553
693 552
692 552
692 543
691 543
691 534
690 534
690 532
689 532
689 531
685 531
685 530
682 530
682 529
677 529
677 528
674 528
674 527
672 527
672 526
669 526
669 525
666 525
666 524
663 524
663 523
661 523
661 522
660 522
660 521
659 521
659 520
658 520
658 519
657 519
657 518
656 518
656 514
655 514
655 513
654 513
654 512
653 512
653 511
641 511
641 510
635 510
635 509
627 509
627 508
625 508
625 507
622 507
622 506
617 506
617 505
614 505
614 504
612 504
612 503
611 503
611 502
610 502
610 501
609 501
609 499
608 499
608 498
607 498
607 497
606 497
606 496
604 496
604 495
602 495
602 494
593 494
593 493
585 493
585 494
584 494
584 495
580 495
580 496
576 496
576 497
572 497
572 498
560 498
560 497
554 497
554 496
553 496
553 495
552 495
552 494
551 494
551 493
549 493
549 492
548 492
548 491
546 491
546 490
543 490
543 489
539 489
539 488
536 488
536 487
530 487
530 486
529 486
529 485
527 485
527 484
526 484
526 483
524 483
524 482
523 482
523 481
521 481
521 480
517 480
517 479
516 479
516 478
515 478
515 477
513 477
513 476
512 476
512 475
511 475
511 474
509 474
509 473
506 473
506 472
505 472
505 471
503 471
503 470
502 470
502 469
501 469
501 468
498 468
498 467
495 467
495 468
494 468
494 469
493 469
493 470
492 470
492 471
491 471
491 472
490 472
490 474
488 474
488 475
485 475
485 476
484 476
484 477
483 477
483 478
481 478
481 479
478 479
478 480
476 480
476 481
474 481
474 482
473 482
473 483
472 483
472 484
471 484
471 485
470 485
470 486
469 486
469 487
468 487
468 488
467 488
467 489
464 489
464 488
462 488
462 487
461 487
461 485
460 485
460 483
459 483
459 481
458 481
458 480
457 480
457 479
456 479
456 478
455 478
455 477
454 477
454 476
453 476
453 473
452 473
452 467
451 467
451 465
450 465
450 464
449 464
449 463
448 463
448 461
447 461
447 463
448 463
448 464
449 464
449 465
450 465
450 467
451 467
451 473
452 473
452 476
453 476
453 477
454 477
454 478
455 478
455 479
456 479
456 480
457 480
457 481
458 481
458 483
459 483
459 485
460 485
460 487
461 487
461 488
462 488
462 489
464 489
464 490
467 490
467 489
468 489
468 488
469 488
469 487
470 487
470 486
471 486
471 485
472 485
472 484
473 484
473 483
474 483
474 482
476 482
476 481
478 481
478 480
481 480
481 479
483 479
483 478
484 478
484 477
485 477
485 476
488 476
488 475
490 475
490 474
491 474
491 472
492 472
492 471
493 471
493 470
494 470
494 469
495 469
495 468
498 468
498 469
501 469
501 470
502 470
502 471
503 471
503 472
505 472
505 473
506 473
506 474
509 474
509 475
511 475
511 476
512 476
512 477
513 477
513 478
515 478
515 479
516 479
516 480
517 480
517 481
521 481
521 482
523 482
523 483
524 483
524 484
526 484
526 485
527 485
527 486
529 486
529 487
530 487
530 488
536 488
536 489
539 489
539 490
543 490
543 491
546 491
546 492
548 492
548 493
549 493
549 494
551 494
551 495
552 495
552 496
553 496
553 497
554 497
554 498
560 498
560 499
572 499
572 498
576 498
576 497
580 497
580 496
584 496
584 495
585 495
585 494
593 494
593 495
602 495
602 496
604 496
604 497
606 497
606 498
607 498
607 499
608 499
608 501
609 501
609 502
610 502
610 503
611 503
611 504
612 504
612 505
614 505
614 506
617 506
617 507
622 507
622 508
625 508
625 509
627 509
627 510
635 510
635 511
641 511
641 512
653 512
653 513
654 513
654 514
655 514
655 518
656 518
656 519
657 519
657 520
658 520
658 521
659 521
659 522
660 522
660 523
661 523
661 524
663 524
663 525
666 525
666 526
669 526
669 527
672 527
672 528
674 528
674 529
677 529
677 530
682 530
682 531
685 531
685 532
689 532
689 534
690 534
690 543
691 543
691 552
692 552
692 553
693 553
693 554
694 554
694 555
695 555
695 556
696 556
696 557
697 557
697 558
698 558
698 559
700 559
700 560
701 560
701 561
702 561
702 562
703 562
703 563
704 563
704 564
706 564
706 565
707 565
707 566
708 566
708 567
710 567
710 568
711 568
711 569
720 569
720 568
729 568
729 567
730 567
730 566
733 566
733 565
734 565
734 566
741 566
741 567
742 567
742 566
751 566
751 565
753 565
753 564
755 564
755 563
758 563
758 562
763 562
763 563
764 563
764 565
765 565
765 567
766 567
766 568
767 568
767 571
768 571
768 572
769 572
769 573
770 573
770 574
771 574
771 575
774 575
774 576
775 576
775 577
776 577
776 579
777 579
777 580
778 580
778 581
779 581
779 582
781 582
781 583
783 583
783 584
785 584
785 585
786 585
786 586
787 586
787 587
788 587
788 588
789 588
789 589
790 589
790 590
791 590
791 591
792 591
792 592
794 592
794 593
803 593
803 592
810 592
810 591
811 591
811 590
813 590
813 589
819 589
819 588
823 588
823 587
827 587
827 588
829 588
829 589
832 589
832 590
833 590
833 591
834 591
834 592
835 592
835 593
836 593
836 594
837 594
837 595
838 595
838 596
839 596
839 597
842 597
842 598
846 598
846 599
850 599
850 600
851 600
851 601
854 601
854 602
858 602
858 603
860 603
860 604
862 604
862 605
863 605
863 606
864 606
864 607
868 607
868 608
872 608
872 607
881 607
881 608
889 608
889 607
894 607
894 608
895 608
895 609
896 609
896 610
897 610
897 611
898 611
898 612
900 612
900 613
903 613
903 614
909 614
909 613
914 613
914 612
916 612
916 611
918 611
918 610
919 610
919 611
922 611
922 612
923 612
923 613
924 613
924 614
925 614
925 615
926 615
926 616
927 616
927 617
928 617
928 618
929 618
929 619
930 619
930 620
931 620
931 621
932 621
932 622
933 622
933 623
934 623
934 624
936 624
936 625
948 625
948 626
950 626
950 628
951 628
951 630
952 630
952 632
953 632
953 633
954 633
954 635
955 635
955 636
957 636
957 637
958 637
958 638
960 638
960 639
962 639
962 643
963 643
963 646
964 646
964 648
965 648
965 650
966 650
966 651
967 651
967 652
968 652
968 653
969 653
969 654
970 654
970 655
972 655
972 656
974 656
974 657
977 657
977 659
978 659
978 661
979 661
979 662
980 662
980 663
981 663
981 664
983 664
983 665
984 665
984 666
986 666
986 667
987 667
987 668
988 668
988 679
989 679
989 680
990 680
990 683
991 683
991 685
992 685
992 686
993 686
993 687
994 687
994 688
995 688
995 689
997 689
997 690
999 690
999 691
1001 691
1001 692
1003 692
1003 693
1005 693
1005 694
1006 694
1006 695
1007 695
1007 696
1008 696
1008 697
1029 697
1029 696
1034 696
1034 695
1037 695
1037 694
1038 694
1038 676
1039 676
1039 674
1057 674
1057 673
1058 673
1058 672
1059 672
1059 670
1060 670
1060 664
1061 664
1061 661
1062 661
1062 660
1065 660
1065 659
1071 659
1071 658
1072 658
1072 656
1079 656
1079 657
1083 657
1083 658
1084 658
1084 657
1093 657
1093 656
1095 656
1095 655
1096 655
1096 653
1097 653
1097 652
1098 652
1098 651
1099 651
1099 649
1100 649
1100 647
1101 647
1101 646
1102 646
1102 645
1103 645
1103 644
1104 644
1104 643
1105 643
1105 642
1108 642
1108 641
1109 641
1109 640
1111 640
1111 639
1112 639
1112 638
1116 638
1116 640
1117 640
1117 647
1118 647
1118 649
1119 649
1119 650
1120 650
1120 652
1121 652
1121 653
1122 653
1122 654
1123 654
1123 655
1124 655
1124 656
1125 656
1125 657
1127 657
1127 658
1128 658
1128 659
1132 659
1132 660
1135 660
1135 661
1139 661
1139 662
1140 662
1140 663
1145 663
1145 664
1146 664
1146 665
1147 665
1147 666
1148 666
1148 667
1149 667
1149 668
1150 668
1150 669
1151 669
1151 670
1153 670
1153 671
1154 671
1154 672
1155 672
1155 673
1157 673
1157 674
1168 674
1168 675
1171 675
1171 676
1173 676
1173 677
1175 677
1175 678
1176 678
1176 680
1177 680
1177 681
1178 681
1178 682
1179 682
1179 683
1180 683
1180 684
1181 684
1181 685
1182 685
1182 686
1183 686
1183 687
1184 687
1184 688
1186 688
1186 689
1187 689
1187 690
1188 690
1188 691
1189 691
1189 694
1190 694
1190 697
1191 697
1191 699
1192 699
1192 701
1193 701
1193 703
1194 703
1194 704
1196 704
1196 705
1199 705
1199 706
1202 706
1202 707
1212 707
1212 706
1214 706
1214 705
1215 705
1215 704
1217 704
1217 703
1219 703
1219 702
1232 702
1232 701
1235 701
1235 700
1237 700
1237 699
1239 699
1239 700
1242 700
1242 701
1243 701
1243 702
1245 702
1245 703
1246 703
1246 704
1249 704
1249 705
1253 705
1253 706
1254 706
1254 707
1255 707
1255 708
1256 708
1256 709
1258 709
1258 710
1259 710
1259 711
1263 711
1263 712
1264 712
1264 713
1265 713
1265 714
1266 714
1266 715
1267 715
1267 716
1268 716
1268 717
1269 717
1269 718
1271 718
1271 719
1272 719
1272 720
1274 720
1274 721
1275 721
1275 722
1276 722
1276 723
1277 723
1277 724
1278 724
1278 725
1279 725
1279 726
1280 726
1280 727
1283 727
1283 728
1288 728
1288 729
1292 729
1292 730
1293 730
1293 731
1296 731
1296 732
1305 732
1305 731
1308 731
1308 730
1310 730
1310 729
1313 729
1313 728
1317 728
1317 727
1318 727
1318 726
1319 726
1319 724
1320 724
1320 722
1321 722
1321 720
1322 720
1322 709
1321 709
1321 700
1320 700
1320 698
1321 698
1321 697
1330 697
1330 698
1332 698
1332 700
1333 700
1333 701
1334 701
1334 703
1335 703
1335 704
1336 704
1336 705
1337 705
1337 707
1338 707
1338 708
1339 708
1339 709
1340 709
1340 710
1341 710
1341 711
1342 711
1342 712
1343 712
1343 714
1344 714
1344 716
1345 716
1345 717
1346 717
1346 720
1347 720
1347 724
1348 724
1348 729
1349 729
1349 730
1350 730
1350 733
1351 733
1351 735
1352 735
1352 737
1353 737
1353 739
1354 739
1354 740
1355 740
1355 743
1356 743
1356 745
1357 745
1357 746
1358 746
1358 748
1359 748
1359 749
1360 749
1360 750
1361 750
1361 751
1362 751
1362 752
1364 752
1364 753
1368 753
1368 754
1372 754
1372 755
1373 755
1373 756
1374 756
1374 757
1377 757
1377 758
1387 758
1387 759
1388 759
1388 760
1389 760
1389 761
1390 761
1390 762
1391 762
1391 763
1393 763
1393 764
1411 764
1411 765
1423 765
1423 764
1424 764
1424 763
1425 763
1425 762
1426 762
1426 760
1427 760
1427 759
1428 759
1428 758
1429 758
1429 757
1430 757
1430 750
1431 750
1431 749
1432 749
1432 748
1434 748
1434 747
1435 747
1435 746
1436 746
1436 745
1437 745
1437 743
1438 743
1438 737
1437 737
1437 731
1436 731
1436 719
1437 719
1437 718
1443 718
1443 720
1444 720
1444 721
1445 721
1445 723
1446 723
1446 724
1447 724
1447 729
1448 729
1448 739
1449 739
1449 747
1450 747
1450 750
1451 750
1451 751
1452 751
1452 752
1453 752
1453 753
1454 753
1454 754
1455 754
1455 755
1456 755
1456 756
1457 756
1457 757
1458 757
1458 758
1459 758
1459 759
1464 759
1464 760
1466 760
1466 761
1467 761
1467 762
1468 762
1468 764
1469 764
1469 765
1470 765
1470 766
1471 766
1471 767
1472 767
1472 768
1475 768
1475 769
1486 769
1486 770
1491 770
1491 771
1496 771
1496 772
1498 772
1498 773
1501 773
1501 774
1502 774
1502 775
1504 775
1504 776
1506 776
1506 777
1513 777
1513 778
1514 778
1514 779
1517 779
1517 780
1518 780
1518 782
1519 782
1519 783
1520 783
1520 784
1524 784
1524 785
1529 785
1529 786
1538 786
1538 785
1545 785
1545 786
1548 786
1548 787
1551 787
1551 788
1564 788
1564 789
1566 789
1566 790
1570 790
1570 789
1577 789
1577 788
1582 788
1582 787
1585 787
1585 786
1587 786
1587 785
1588 785
1588 784
1589 784
1589 782
1590 782
1590 781
1591 781
1591 780
1595 780
1595 779
1599 779
1599 778
1600 778
1600 776
1601 776
1601 775
1609 775
1609 776
1612 776
1612 777
1617 777
1617 778
1621 778
1621 779
1623 779
1623 781
1624 781
1624 783
1625 783
1625 785
1626 785
1626 786
1627 786
1627 788
1628 788
1628 789
1629 789
1629 790
1630 790
1630 791
1631 791
1631 792
1632 792
1632 793
1633 793
1633 794
1634 794
1634 795
1635 795
1635 796
1637 796
1637 797
1639 797
1639 796
1642 796
1642 795
1644 795
1644 794
1646 794
1646 793
1648 793
1648 792
1653 792
1653 791
1654 791
1654 789
1655 789
1655 788
1656 788
1656 787
1657 787
1657 786
1658 786
1658 785
1660 785
1660 784
1662 784
1662 783
1667 783
1667 782
1673 782
1673 783
1679 783
1679 784
1681 784
1681 785
1682 785
1682 786
1684 786
1684 787
1687 787
1687 788
1701 788
1701 789
1705 789
1705 790
1707 790
1707 791
1708 791
1708 792
1714 792
1714 791
1716 791
1716 790
1718 790
1718 789
1719 789
1719 788
1720 788
1720 787
1721 787
1721 786
1722 786
1722 784
1724 784
1724 783
1725 783
1725 782
1727 782
1727 781
1728 781
1728 780
1730 780
1730 779
1735 779
1735 778
1737 778
1737 777
1739 777
1739 776
1742 776
1742 775
1747 775
1747 774
1750 774
1750 773
1752 773
1752 772
1753 772
1753 771
1754 771
1754 770
1755 770
1755 769
1756 769
1756 766
1757 766
1757 759
1756 759
1756 757
1760 757
1760 756
1762 756
1762 755
1764 755
1764 754
1770 754
1770 753
1773 753
1773 752
1775 752
1775 751
1776 751
1776 750
1777 750
1777 748
1779 748
1779 747
1780 747
1780 746
1781 746
1781 737
1791 737
1791 738
1792 738
1792 739
1798 739
1798 740
1800 740
1800 741
1824 741
1824 742
1856 742
1856 743
1858 743
1858 744
1860 744
1860 745
1861 745
1861 746
1862 746
1862 747
1866 747
1866 748
1869 748
1869 749
1871 749
1871 750
1872 750
1872 751
1873 751
1873 752
1875 752
1875 753
1879 753
1879 754
1886 754
1886 755
1887 755
1887 756
1889 756
1889 757
1898 757
1898 758
1903 758
1903 759
1912 759
1912 758
1916 758
1916 757
1918 757
1918 756
1919 756
1919 754
1920 754
1920 753
1921 753
1921 752
1923 752
1923 751
1926 751
1926 750
1928 750
1928 749
1930 749
1930 748
1931 748
1931 747
1932 747
1932 745
1934 745
1934 744
1935 744
1935 743
1937 743
1937 742
1938 742
1938 741
1939 741
1939 740
1941 740
1941 739
1949 739
1949 740
1950 740
1950 741
1951 741
1951 742
1952 742
1952 743
1953 743
1953 744
1954 744
1954 745
1955 745
1955 746
1958 746
1958 748
1959 748
1959 763
1960 763
1960 770
1961 770
1961 773
1962 773
1962 775
1963 775
1963 776
1964 776
1964 777
1965 777
1965 778
1966 778
1966 779
1967 779
1967 780
1969 780
1969 781
1971 781
1971 782
1973 782
1973 781
1983 781
1983 780
1989 780
1989 779
1998 779
1998 778
1999 778
1999 777
2000 777
2000 776
2003 776
2003 775
2020 775
2020 774
2022 774
2022 773
2023 773
2023 772
2025 772
2025 771
2045 771
2045 770
2056 770
2056 769
2058 769
2058 768
2060 768
2060 767
2063 767
2063 766
2070 766
2070 765
2071 765
2071 764
2072 764
2072 730
2073 730
2073 729
2075 729
2075 730
2082 730
2082 729
2083 729
2083 728
2085 728
2085 727
2086 727
2086 726
2094 726
2094 727
2098 727
2098 728
2101 728
2101 729
2105 729
2105 728
2108 728
2108 729
2112 729
2112 730
2114 730
2114 731
2123 731
2123 732
2143 732
2143 733
2149 733
2149 734
2156 734
2156 735
2159 735
2159 734
2176 734
2176 733
2184 733
2184 732
2186 732
2186 731
2188 731
2188 730
2194 730
2194 729
2198 729
2198 728
2199 728
2199 727
2200 727
2200 726
2202 726
2202 725
2208 725
2208 724
2210 724
2210 723
2212 723
2212 722
2217 722
2217 721
2221 721
2221 720
2223 720
2223 719
2224 719
2224 718
2225 718
2225 717
2226 717
2226 716
2227 716
2227 715
2228 715
2228 714
2229 714
2229 713
2231 713
2231 712
2234 712
2234 711
2238 711
2238 712
2245 712
2245 711
2248 711
2248 710
2255 710
2255 709
2257 709
2257 708
2263 708
2263 707
2269 707
2269 706
2270 706
2270 705
2272 705
2272 704
2276 704
2276 703
2295 703
2295 704
2300 704
2300 705
2302 705
2302 706
2307 706
2307 707
2323 707
2323 706
2328 706
2328 705
2331 705
2331 704
2339 704
2339 703
2351 703
2351 702
2353 702
2353 701
2354 701
2354 700
2356 700
2356 699
2365 699
2365 700
2370 700
2370 701
2373 701
2373 702
2375 702
2375 703
2377 703
2377 704
2378 704
2378 705
2379 705
2379 706
2380 706
2380 707
2382 707
2382 708
2385 708
2385 709
2395 709
2395 710
2399 710
2399 711
2407 711
2407 710
2411 710
2411 709
2420 709
2420 708
2423 708
2423 707
2424 707
2424 706
2425 706
2425 705
2426 705
2426 703
2427 703
2427 702
2428 702
2428 701
2432 701
2432 700
2433 700
2433 699
2434 699
2434 698
2435 698
2435 690
2436 690
2436 684
2435 684
2435 673
2441 673
2441 674
2453 674
2453 675
2457 675
2457 676
2461 676
2461 677
2463 677
2463 678
2471 678
2471 679
2482 679
2482 680
2483 680
2483 681
2485 681
2485 682
2494 682
2494 683
2498 683
2498 684
2501 684
2501 685
2507 685
2507 684
2511 684
2511 683
2515 683
2515 682
2516 682
2516 681
2518 681
2518 680
2519 680
2519 678
2521 678
2521 677
2522 677
2522 676
2524 676
2524 675
2530 675
2530 676
2532 676
2532 677
2534 677
2534 678
2536 678
2536 679
2537 679
2537 680
2538 680
2538 682
2539 682
2539 683
2540 683
2540 684
2541 684
2541 685
2543 685
2543 686
2544 686
2544 687
2547 687
2547 688
2549 688
2549 689
2550 689
2550 691
2551 691
2551 692
2552 692
2552 693
2553 693
2553 694
2555 694
2555 695
2556 695
2556 696
2557 696
2557 697
2558 697
2558 698
2559 698
2559 699
2560 699
2560 700
2561 700
2561 704
2562 704
2562 708
2563 708
2563 714
2564 714
2564 720
2565 720
2565 721
2566 721
2566 722
2567 722
2567 723
2573 723
2573 724
2576 724
2576 725
2577 725
2577 726
2578 726
2578 727
2579 727
2579 728
2580 728
2580 729
2581 729
2581 731
2582 731
2582 732
2583 732
2583 733
2585 733
2585 734
2588 734
2588 733
2589 733
2589 732
2590 732
2590 731
2591 731
2591 730
2592 730
2592 729
2595 729
2595 728
2596 728
2596 727
2598 727
2598 726
2599 726
2599 725
2600 725
2600 724
2601 724
2601 723
2603 723
2603 722
2607 722
2607 721
2626 721
2626 720
2633 720
2633 719
2635 719
2635 718
2636 718
2636 716
2637 716
2637 715
2639 715
2639 714
2642 714
2642 713
2649 713
2649 714
2668 714
2668 713
2669 713
2669 712
2670 712
2670 704
2669 704
2669 694
2670 694
2670 693
2671 693
2671 692
2672 692
2672 691
2673 691
2673 690
2674 690
2674 688
2675 688
2675 687
2676 687
2676 686
2678 686
2678 685
2679 685
2679 684
2680 684
2680 682
2681 682
2681 643
2687 643
2687 644
2688 644
2688 645
2689 645
2689 646
2690 646
2690 647
2691 647
2691 651
2692 651
2692 652
2693 652
2693 653
2695 653
2695 654
2696 654
2696 655
2697 655
2697 656
2698 656
2698 657
2700 657
2700 658
2701 658
2701 661
2702 661
2702 663
2703 663
2703 664
2704 664
2704 668
2705 668
2705 671
2706 671
2706 677
2707 677
2707 678
2708 678
2708 679
2711 679
2711 680
2723 680
2723 679
2733 679
2733 678
2738 678
2738 677
2739 677
2739 676
2740 676
2740 675
2741 675
2741 672
2742 672
2742 671
2743 671
2743 670
2744 670
2744 668
2745 668
2745 665
2744 665
2744 660
2743 660
2743 658
2747 658
2747 657
2749 657
2749 656
2751 656
2751 655
2759 655
2759 654
2760 654
2760 653
2761 653
2761 652
2762 652
2762 650
2763 650
2763 649
2764 649
2764 648
2765 648
2765 647
2769 647
2769 646
2773 646
2773 645
2774 645
2774 644
2775 644
2775 640
2777 640
2777 639
2778 639
2778 638
2781 638
2781 637
2784 637
2784 638
2787 638
2787 637
2799 637
2799 638
2810 638
2810 637
2818 637
2818 636
2821 636
2821 635
2829 635
2829 634
2833 634
2833 633
2843 633
2843 632
2864 632
2864 631
2865 631
2865 630
2866 630
2866 629
2867 629
2867 627
2869 627
2869 626
2871 626
2871 624
2872 624
2872 623
2873 623
2873 622
2875 622
2875 621
2878 621
2878 620
2880 620
2880 619
2881 619
2881 617
2882 617
2882 616
2885 616
2885 615
2888 615
2888 614
2889 614
2889 613
2890 613
2890 612
2891 612
2891 611
2892 611
2892 610
2893 610
2893 609
2894 609
2894 608
2895 608
2895 607
2899 607
2899 606
2900 606
2900 605
2901 605
2901 604
2902 604
2902 603
2903 603
2903 601
2904 601
2904 600
2906 600
2906 599
2910 599
2910 598
2915 598
2915 597
2918 597
2918 598
2928 598
2928 597
2934 597
2934 596
2936 596
2936 595
2944 595
2944 594
2947 594
2947 593
2948 593
2948 592
2949 592
2949 591
2950 591
2950 590
2952 590
2952 589
2956 589
2956 588
2958 588
2958 587
2960 587
2960 586
2961 586
2961 585
2963 585
2963 584
2965 584
2965 583
2966 583
2966 581
2967 581
2967 580
2968 580
2968 578
2969 578
2969 575
2970 575
2970 573
2971 573
2971 572
2973 572
2973 571
2974 571
2974 570
2977 570
2977 569
2978 569
2978 568
2982 568
2982 567
2985 567
2985 566
3016 566
3016 567
3017 567
3017 568
3018 568
3018 569
3019 569
3019 571
3020 571
3020 573
3021 573
3021 575
3022 575
3022 576
3023 576
3023 577
3024 577
3024 578
3025 578
3025 579
3026 579
3026 580
3034 580
3034 581
3045 581
3045 580
3050 580
3050 579
3053 579
3053 578
3054 578
3054 577
3055 577
3055 576
3056 576
3056 574
3058 574
3058 573
3060 573
3060 572
3063 572
3063 571
3064 571
3064 570
3065 570
3065 569
3066 569
3066 565
3067 565
3067 563
3068 563
3068 561
3069 561
3069 560
3070 560
3070 559
3071 559
3071 557
3072 557
3072 556
3076 556
3076 555
3078 555
3078 554
3079 554
3079 553
3082 553
3082 552
3084 552
3084 551
3087 551
3087 550
3089 550
3089 549
3090 549
3090 546
3091 546
3091 545
3096 545
3096 544
3100 544
3100 543
3101 543
3101 542
3103 542
3103 541
3106 541
3106 540
3108 540
3108 541
3116 541
3116 540
3121 540
3121 539
3123 539
3123 538
3124 538
3124 537
3126 537
3126 536
3127 536
3127 535
3128 535
3128 533
3129 533
3129 531
3130 531
3130 529
3131 529
3131 528
3132 528
3132 527
3133 527
3133 526
3134 526
3134 507
3135 507
3135 492
3136 492
3136 491
3146 491
3146 492
3148 492
3148 491
3151 491
3151 490
3154 490
3154 489
3155 489
3155 488
3156 488
3156 487
3158 487
3158 486
3159 486
3159 485
3160 485
3160 484
3161 484
3161 483
3162 483
3162 482
3163 482
3163 481
3164 481
3164 480
3165 480
3165 479
3166 479
3166 478
3167 478
3167 477
3168 477
3168 472
3169 472
3169 455
3177 455
3177 456
3180 456
3180 457
3182 457
3182 458
3183 458
3183 459
3185 459
3185 460
3188 460
3188 461
3190 461
3190 462
3191 462
3191 465
3192 465
3192 467
3193 467
3193 468
3194 468
3194 469
3195 469
3195 470
3196 470
3196 471
3198 471
3198 472
3200 472
3200 473
3202 473
3202 474
3203 474
3203 476
3204 476
3204 480
3205 480
3205 482
3206 482
3206 483
3207 483
3207 484
3208 484
3208 485
3209 485
3209 486
3211 486
3211 487
3213 487
3213 488
3215 488
3215 489
3216 489
3216 493
3217 493
3217 496
3218 496
3218 497
3219 497
3219 498
3220 498
3220 499
3221 499
3221 500
3222 500
3222 501
3223 501
3223 502
3230 502
3230 503
3243 503
3243 502
3245 502
3245 501
3247 501
3247 500
3249 500
3249 499
3251 499
3251 498
3253 498
3253 497
3257 497
3257 496
3259 496
3259 495
3260 495
3260 494
3261 494
3261 492
3262 492
3262 491
3263 491
3263 489
3264 489
3264 488
3265 488
3265 460
3266 460
3266 458
3268 458
3268 457
3271 457
3271 456
3274 456
3274 455
3280 455
3280 454
3282 454
3282 455
3284 455
3284 456
3291 456
3291 457
3297 457
3297 458
3301 458
3301 457
3305 457
3305 456
3307 456
3307 455
3310 455
3310 454
3312 454
3312 453
3315 453
3315 452
3317 452
3317 451
3320 451
3320 450
3321 450
3321 449
3323 449
3323 448
3324 448
3324 447
3326 447
3326 446
3330 446
3330 456
3331 456
3331 478
3332 478
3332 479
3333 479
3333 481
3334 481
3334 482
3335 482
3335 483
3336 483
3336 484
3347 484
3347 485
3348 485
3348 484
3354 484
3354 483
3356 483
3356 482
3357 482
3357 481
3358 481
3358 478
3359 478
3359 426
3358 426
3358 415
3361 415
3361 414
3365 414
3365 413
3367 413
3367 412
3368 412
3368 410
3369 410
3369 407
3370 407
3370 405
3371 405
3371 404
3372 404
3372 403
3373 403
3373 402
3376 402
3376 401
3378 401
3378 400
3379 400
3379 397
3380 397
3380 396
3381 396
3381 395
3382 395
3382 394
3383 394
3383 393
3384 393
3384 392
3385 392
3385 391
3386 391
3386 390
3388 390
3388 389
3389 389
3389 388
3390 388
3390 387
3391 387
3391 386
3392 386
3392 385
3393 385
3393 384
3394 384
3394 383
3395 383
3395 382
3404 382
3404 381
3419 381
3419 380
3421 380
3421 379
3423 379
3423 378
3425 378
3425 377
3438 377
3438 376
3442 376
3442 375
3444 375
3444 374
3445 374
3445 373
3454 373
3454 372
3460 372
3460 371
3466 371
3466 370
3470 370
3470 369
3474 369
3474 368
3477 368
3477 367
3480 367
3480 366
3482 366
3482 365
3484 365
3484 364
3486 364
3486 363
3487 363
3487 362
3488 362
3488 361
3489 361
3489 359
3490 359
3490 358
3491 358
3491 357
3492 357
3492 355
3493 355
3493 353
3494 353
3494 330
3493 330
3493 309
3494 309
3494 301
3497 301
3497 300
3501 300
3501 299
3504 299
3504 298
3508 298
3508 296
3509 296
3509 295
3510 295
3510 294
3511 294
3511 293
3512 293
3512 291
3513 291
3513 278
3512 278
3512 277
3511 277
3511 276
3510 276
3510 274
3508 274
3508 272
3507 272
3507 270
3511 270
3511 271
3515 271
3515 272
3517 272
3517 273
3518 273
3518 272
3525 272
3525 273
3527 273
3527 272
3525 272
3525 271
3518 271
3518 272
3517 272
3517 271
3515 271
3515 270
3511 270
3511 269
3507 269
3507 270
3506 270
3506 272
3507 272
3507 274
3508 274
3508 275
3509 275
3509 276
3510 276
3510 277
3511 277
3511 278
3512 278
3512 291
3511 291
3511 292
3510 292
3510 294
3509 294
3509 295
3508 295
3508 296
3507 296
3507 297
3504 297
3504 298
3501 298
3501 299
3497 299
3497 300
3494 300
3494 301
3493 301
3493 309
3492 309
3492 330
3493 330
3493 353
3492 353
3492 355
3491 355
3491 357
3490 357
3490 358
3489 358
3489 359
3488 359
3488 361
3487 361
3487 362
3486 362
3486 363
3484 363
3484 364
3482 364
3482 365
3480 365
3480 366
3477 366
3477 367
3474 367
3474 368
3470 368
3470 369
3466 369
3466 370
3460 370
3460 371
3454 371
3454 372
3445 372
3445 373
3444 373
3444 374
3442 374
3442 375
3438 375
3438 376
3425 376
3425 377
3423 377
3423 378
3421 378
3421 379
3419 379
3419 380
3404 380
3404 381
3395 381
3395 382
3394 382
3394 383
3393 383
3393 384
3392 384
3392 385
3391 385
3391 386
3390 386
3390 387
3389 387
3389 388
3388 388
3388 389
3386 389
3386 390
3385 390
3385 391
3384 391
3384 392
3383 392
3383 393
3382 393
3382 394
3381 394
3381 395
3380 395
3380 396
3379 396
3379 397
3378 397
3378 400
3376 400
3376 401
3373 401
3373 402
3372 402
3372 403
3371 403
3371 404
3370 404
3370 405
3369 405
3369 407
3368 407
3368 410
3367 410
3367 412
3365 412
3365 413
3361 413
3361 414
3358 414
3358 415
3357 415
3357 426
3358 426
3358 478
3357 478
3357 481
3356 481
3356 482
3354 482
3354 483
3348 483
3348 484
3347 484
3347 483
3336 483
3336 482
3335 482
3335 481
3334 481
3334 479
3333 479
3333 478
3332 478
3332 456
3331 456
3331 446
3330 446
3330 443
3329 443
3329 445
3326 445
3326 446
3324 446
3324 447
3323 447
3323 448
3321 448
3321 449
3320 449
3320 450
3317 450
3317 451
3315 451
3315 452
3312 452
3312 453
3310 453
3310 454
3307 454
3307 455
3305 455
3305 456
3301 456
3301 457
3297 457
3297 456
3291 456
3291 455
3284 455
3284 454
3282 454
3282 453
3280 453
3280 454
3274 454
3274 455
3271 455
3271 456
3268 456
3268 457
3266 457
3266 458
3265 458
3265 460
3264 460
3264 488
3263 488
3263 489
3262 489
3262 491
3261 491
3261 492
3260 492
3260 494
3259 494
3259 495
3257 495
3257 496
3253 496
3253 497
3251 497
3251 498
3249 498
3249 499
3247 499
3247 500
3245 500
3245 501
3243 501
3243 502
3230 502
3230 501
3223 501
3223 500
3222 500
3222 499
3221 499
3221 498
3220 498
3220 497
3219 497
3219 496
3218 496
3218 493
3217 493
3217 489
3216 489
3216 488
3215 488
3215 487
3213 487
3213 486
3211 486
3211 485
3209 485
3209 484
3208 484
3208 483
3207 483
3207 482
3206 482
3206 480
3205 480
3205 476
3204 476
3204 474
3203 474
3203 473
3202 473
3202 472
3200 472
3200 471
3198 471
3198 470
3196 470
3196 469
3195 469
3195 468
3194 468
3194 467
3193 467
3193 465
3192 465
3192 462
3191 462
3191 461
3190 461
3190 460
3188 460
3188 459
3185 459
3185 458
3183 458
3183 457
3182 457
3182 456
3180 456
3180 455
3177 455
3177 454
3169 454
3169 455
3168 455
3168 472
3167 472
3167 477
3166 477
3166 478
3165 478
3165 479
3164 479
3164 480
3163 480
3163 481
3162 481
3162 482
3161 482
3161 483
3160 483
3160 484
3159 484
3159 485
3158 485
3158 486
3156 486
3156 487
3155 487
3155 488
3154 488
3154 489
3151 489
3151 490
3148 490
3148 491
3146 491
3146 490
3136 490
3136 491
3135 491
3135 492
3134 492
3134 507
3133 507
3133 526
3132 526
3132 527
3131 527
3131 528
3130 528
3130 529
3129 529
3129 531
3128 531
3128 533
3127 533
3127 535
3126 535
3126 536
3124 536
3124 537
3123 537
3123 538
3121 538
3121 539
3116 539
3116 540
3108 540
3108 539
3106 539
3106 540
3103 540
3103 541
3101 541
3101 542
3100 542
3100 543
3096 543
3096 544
3091 544
3091 545
3090 545
3090 546
3089 546
3089 549
3087 549
3087 550
3084 550
3084 551
3082 551
3082 552
3079 552
3079 553
3078 553
3078 554
3076 554
3076 555
3072 555
3072 556
3071 556
3071 557
3070 557
3070 559
3069 559
3069 560
3068 560
3068 561
3067 561
3067 563
3066 563
3066 565
3065 565
3065 569
3064 569
3064 570
3063 570
3063 571
3060 571
3060 572
3058 572
3058 573
3056 573
3056 574
3055 574
3055 576
3054 576
3054 577
3053 577
3053 578
3050 578
3050 579
3045 579
3045 580
3034 580
3034 579
3026 579
3026 578
3025 578
3025 577
3024 577
3024 576
3023 576
3023 575
3022 575
3022 573
3021 573
3021 571
3020 571
3020 569
3019 569
3019 568
3018 568
3018 567
3017 567
3017 566
3016 566
3016 565
2985 565
2985 566
2982 566
2982 567
2978 567
2978 568
2977 568
2977 569
2974 569
2974 570
2973 570
2973 571
2971 571
2971 572
2970 572
2970 573
2969 573
2969 575
2968 575
2968 578
2967 578
2967 580
2966 580
2966 581
2965 581
2965 583
2963 583
2963 584
2961 584
2961 585
2960 585
2960 586
2958 586
2958 587
2956 587
2956 588
2952 588
2952 589
2950 589
2950 590
2949 590
2949 591
2948 591
2948 592
2947 592
2947 593
2944 593
2944 594
2936 594
2936 595
2934 595
2934 596
2928 596
2928 597
2918 597
2918 596
2915 596
2915 597
2910 597
2910 598
2906 598
2906 599
2904 599
2904 600
2903 600
2903 601
2902 601
2902 603
2901 603
2901 604
2900 604
2900 605
2899 605
2899 606
2895 606
2895 607
2894 607
2894 608
2893 608
2893 609
2892 609
2892 610
2891 610
2891 611
2890 611
2890 612
2889 612
2889 613
2888 613
2888 614
2885 614
2885 615
2882 615
2882 616
2881 616
2881 617
2880 617
2880 619
2878 619
2878 620
2875 620
2875 621
2873 621
2873 622
2872 622
2872 623
2871 623
2871 624
2870 624
2870 625
2869 625
2869 626
2867 626
2867 627
2866 627
2866 629
2865 629
2865 630
2864 630
2864 631
2843 631
2843 632
2833 632
2833 633
2829 633
2829 634
2821 634
2821 635
2818 635
2818 636
2810 636
2810 637
2799 637
2799 636
2787 636
2787 637
2784 637
2784 636
2781 636
2781 637
2778 637
2778 638
2777 638
2777 639
2775 639
2775 640
2774 640
2774 644
2773 644
2773 645
2769 645
2769 646
2765 646
2765 647
2764 647
2764 648
2763 648
2763 649
2762 649
2762 650
2761 650
2761 652
2760 652
2760 653
2759 653
2759 654
2751 654
2751 655
2749 655
2749 656
2747 656
2747 657
2742 657
2742 660
2743 660
2743 665
2744 665
2744 668
2743 668
2743 670
2742 670
2742 671
2741 671
2741 672
2740 672
2740 675
2739 675
2739 676
2738 676
2738 677
2733 677
2733 678
2723 678
2723 679
2711 679
2711 678
2708 678
2708 677
2707 677
2707 671
2706 671
2706 668
2705 668
2705 664
2704 664
2704 663
2703 663
2703 661
2702 661
2702 658
2701 658
2701 657
2700 657
2700 656
2698 656
2698 655
2697 655
2697 654
2696 654
2696 653
2695 653
2695 652
2693 652
2693 651
2692 651
2692 647
2691 647
2691 646
2690 646
2690 645
2689 645
2689 644
2688 644
2688 643
2687 643
2687 642
2680 642
2680 682
2679 682
2679 684
2678 684
2678 685
2676 685
2676 686
2675 686
2675 687
2674 687
2674 688
2673 688
2673 690
2672 690
2672 691
2671 691
2671 692
2670 692
2670 693
2669 693
2669 694
2668 694
2668 704
2669 704
2669 712
2668 712
2668 713
2649 713
2649 712
2642 712
2642 713
2639 713
2639 714
2637 714
2637 715
2636 715
2636 716
2635 716
2635 718
2633 718
2633 719
2626 719
2626 720
2607 720
2607 721
2603 721
2603 722
2601 722
2601 723
2600 723
2600 724
2599 724
2599 725
2598 725
2598 726
2596 726
2596 727
2595 727
2595 728
2592 728
2592 729
2591 729
2591 730
2590 730
2590 731
2589 731
2589 732
2588 732
2588 733
2585 733
2585 732
2583 732
2583 731
2582 731
2582 729
2581 729
2581 728
2580 728
2580 727
2579 727
2579 726
2578 726
2578 725
2577 725
2577 724
2576 724
2576 723
2573 723
2573 722
2567 722
2567 721
2566 721
2566 720
2565 720
2565 714
2564 714
2564 708
2563 708
2563 704
2562 704
2562 700
2561 700
2561 699
2560 699
2560 698
2559 698
2559 697
2558 697
2558 696
2557 696
2557 695
2556 695
2556 694
2555 694
2555 693
2553 693
2553 692
2552 692
2552 691
2551 691
2551 689
2550 689
2550 688
2549 688
2549 687
2547 687
2547 686
2544 686
2544 685
2543 685
2543 684
2541 684
2541 683
2540 683
2540 682
2539 682
2539 680
2538 680
2538 679
2537 679
2537 678
2536 678
2536 677
2534 677
2534 676
2532 676
2532 675
2530 675
2530 674
2524 674
2524 675
2522 675
2522 676
2521 676
2521 677
2519 677
2519 678
2518 678
2518 680
2516 680
2516 681
2515 681
2515 682
2511 682
2511 683
2507 683
2507 684
2501 684
2501 683
2498 683
2498 682
2494 682
2494 681
2485 681
2485 680
2483 680
2483 679
2482 679
2482 678
2471 678
2471 677
2463 677
2463 676
2461 676
2461 675
2457 675
2457 674
2453 674
2453 673
2441 673
2441 672
2434 672
2434 684
2435 684
2435 690
2434 690
2434 698
2433 698
2433 699
2432 699
2432 700
2428 700
2428 701
2427 701
2427 702
2426 702
2426 703
2425 703
2425 705
2424 705
2424 706
2423 706
2423 707
2420 707
2420 708
2411 708
2411 709
2407 709
2407 710
2399 710
2399 709
2395 709
2395 708
2385 708
2385 707
2382 707
2382 706
2380 706
2380 705
2379 705
2379 704
2378 704
2378 703
2377 703
2377 702
2375 702
2375 701
2373 701
2373 700
2370 700
2370 699
2365 699
2365 698
2356 698
2356 699
2354 699
2354 700
2353 700
2353 701
2351 701
2351 702
2339 702
2339 703
2331 703
2331 704
2328 704
2328 705
2323 705
2323 706
2307 706
2307 705
2302 705
2302 704
2300 704
2300 703
2295 703
2295 702
2276 702
2276 703
2272 703
2272 704
2270 704
2270 705
2269 705
2269 706
2263 706
2263 707
2257 707
2257 708
2255 708
2255 709
2248 709
2248 710
2245 710
2245 711
2238 711
2238 710
2234 710
2234 711
2231 711
2231 712
2229 712
2229 713
2228 713
2228 714
2227 714
2227 715
2226 715
2226 716
2225 716
2225 717
2224 717
2224 718
2223 718
2223 719
2221 719
2221 720
2217 720
2217 721
2212 721
2212 722
2210 722
2210 723
2208 723
2208 724
2202 724
2202 725
2200 725
2200 726
2199 726
2199 727
2198 727
2198 728
2194 728
2194 729
2188 729
2188 730
2186 730
2186 731
2184 731
2184 732
2176 732
2176 733
2159 733
2159 734
2156 734
2156 733
2149 733
2149 732
2143 732
2143 731
2123 731
2123 730
2114 730
2114 729
2112 729
2112 728
2108 728
2108 727
2105 727
2105 728
2101 728
2101 727
2098 727
2098 726
2094 726
2094 725
2086 725
2086 726
2085 726
2085 727
2083 727
2083 728
2082 728
2082 729
2075 729
2075 728
2073 728
2073 729
2072 729
2072 730
2071 730
2071 764
2070 764
2070 765
2063 765
2063 766
2060 766
2060 767
2058 767
2058 768
2056 768
2056 769
2045 769
2045 770
2025 770
2025 771
2023 771
2023 772
2022 772
2022 773
2020 773
2020 774
2003 774
2003 775
2000 775
2000 776
1999 776
1999 777
1998 777
