3177 843
3173 843
3173 844
3168 844
3168 845
3166 845
3166 846
3156 846
3156 845
3131 845
3131 844
3127 844
3127 843
3123 843
3123 844
3121 844
3121 845
3120 845
3120 846
3119 846
3119 847
3117 847
3117 848
3115 848
3115 849
3111 849
3111 850
3109 850
3109 851
3107 851
3107 852
3090 852
3090 851
3086 851
3086 850
3083 850
3083 849
3081 849
3081 848
3080 848
3080 847
3079 847
3079 846
3077 846
3077 845
3076 845
3076 844
3075 844
3075 843
3074 843
3074 841
3073 841
3073 839
3072 839
3072 837
3071 837
3071 836
3069 836
3069 835
3068 835
3068 834
3059 834
3059 855
3058 855
3058 869
3057 869
3057 885
3056 885
3056 894
3055 894
3055 901
3054 901
3054 917
3053 917
3053 931
3052 931
3052 947
3051 947
3051 955
3050 955
3050 960
3049 960
3049 961
3048 961
3048 964
3047 964
3047 965
3046 965
3046 966
3045 966
3045 968
3044 968
3044 969
3043 969
3043 970
3041 970
3041 971
3039 971
3039 972
3037 972
3037 973
3034 973
3034 974
3033 974
3033 975
3032 975
3032 976
3031 976
3031 978
3030 978
3030 979
3029 979
3029 980
3028 980
3028 983
3027 983
3027 984
3026 984
3026 985
3025 985
3025 986
3023 986
3023 987
3022 987
3022 988
3020 988
3020 989
3019 989
3019 990
3017 990
3017 991
3016 991
3016 992
3014 992
3014 993
3012 993
3012 994
3010 994
3010 995
3007 995
3007 996
3006 996
3006 997
3001 997
3001 998
2994 998
2994 999
2993 999
2993 1000
2989 1000
2989 1001
2987 1001
2987 1002
2985 1002
2985 1003
2983 1003
2983 1004
2982 1004
2982 1005
2981 1005
2981 1006
2979 1006
2979 1007
2978 1007
2978 1008
2976 1008
2976 1009
2975 1009
2975 1010
2974 1010
2974 1011
2973 1011
2973 1013
2972 1013
2972 1014
2971 1014
2971 1015
2970 1015
2970 1016
2969 1016
2969 1017
2968 1017
2968 1018
2967 1018
2967 1019
2965 1019
2965 1020
2963 1020
2963 1021
2962 1021
2962 1022
2961 1022
2961 1023
2959 1023
2959 1024
2958 1024
2958 1025
2957 1025
2957 1026
2953 1026
2953 1027
2951 1027
2951 1028
2950 1028
2950 1029
2948 1029
2948 1030
2947 1030
2947 1031
2945 1031
2945 1032
2943 1032
2943 1033
2941 1033
2941 1034
2939 1034
2939 1035
2937 1035
2937 1036
2932 1036
2932 1037
2931 1037
2931 1038
2930 1038
2930 1040
2929 1040
2929 1041
2928 1041
2928 1042
2927 1042
2927 1043
2915 1043
2915 1042
2908 1042
2908 1041
2902 1041
2902 1039
2899 1039
2899 1038
2897 1038
2897 1037
2893 1037
2893 1036
2890 1036
2890 1035
2873 1035
2873 1034
2851 1034
2851 1035
2849 1035
2849 1036
2847 1036
2847 1037
2845 1037
2845 1038
2841 1038
2841 1039
2838 1039
2838 1038
2835 1038
2835 1037
2833 1037
2833 1036
2829 1036
2829 1035
2825 1035
2825 1034
2822 1034
2822 1033
2821 1033
2821 1032
2819 1032
2819 1031
2818 1031
2818 1030
2816 1030
2816 1029
2814 1029
2814 1028
2813 1028
2813 1027
2812 1027
2812 1026
2811 1026
2811 1025
2810 1025
2810 1024
2809 1024
2809 1023
2806 1023
2806 1022
2801 1022
2801 1021
2799 1021
2799 1020
2795 1020
2795 1019
2792 1019
2792 1018
2791 1018
2791 1017
2789 1017
2789 1016
2787 1016
2787 1015
2786 1015
2786 1014
2778 1014
2778 1013
2777 1013
2777 1012
2776 1012
2776 1010
2775 1010
2775 1006
2774 1006
2774 1005
2773 1005
2773 985
2774 985
2774 977
2775 977
2775 939
2776 939
2776 930
2777 930
2777 925
2778 925
2778 920
2779 920
2779 915
2780 915
2780 905
2779 905
2779 899
2778 899
2778 893
2779 893
2779 890
2780 890
2780 885
2781 885
2781 882
2782 882
2782 858
2781 858
2781 845
2780 845
2780 842
2779 842
2779 841
2778 841
2778 840
2777 840
2777 839
2776 839
2776 837
2775 837
2775 836
2774 836
2774 835
2772 835
2772 834
2770 834
2770 833
2769 833
2769 832
2766 832
2766 831
2765 831
2765 829
2764 829
2764 827
2763 827
2763 826
2762 826
2762 824
2760 824
2760 823
2757 823
2757 822
2754 822
2754 821
2752 821
2752 820
2750 820
2750 819
2749 819
2749 818
2742 818
2742 817
2731 817
2731 818
2725 818
2725 819
2723 819
2723 820
2720 820
2720 821
2716 821
2716 822
2715 822
2715 828
2714 828
2714 839
2713 839
2713 849
2712 849
2712 858
2711 858
2711 863
2710 863
2710 865
2709 865
2709 866
2708 866
2708 867
2707 867
2707 868
2706 868
2706 869
2701 869
2701 870
2698 870
2698 877
2697 877
2697 886
2696 886
2696 898
2695 898
2695 909
2694 909
2694 916
2693 916
2693 925
2692 925
2692 938
2691 938
2691 945
2690 945
2690 955
2689 955
2689 961
2688 961
2688 963
2687 963
2687 965
2686 965
2686 966
2685 966
2685 967
2684 967
2684 968
2683 968
2683 969
2682 969
2682 970
2681 970
2681 971
2676 971
2676 970
2674 970
2674 969
2668 969
2668 970
2666 970
2666 971
2665 971
2665 973
2664 973
2664 975
2663 975
2663 979
2662 979
2662 988
2661 988
2661 993
2660 993
2660 996
2659 996
2659 998
2658 998
2658 999
2657 999
2657 1000
2656 1000
2656 1001
2653 1001
2653 1002
2646 1002
2646 1001
2625 1001
2625 1000
2609 1000
2609 1001
2608 1001
2608 1000
2592 1000
2592 999
2586 999
2586 998
2582 998
2582 999
2574 999
2574 1000
2568 1000
2568 1001
2563 1001
2563 1002
2549 1002
2549 1001
2538 1001
2538 1000
2529 1000
2529 1001
2520 1001
2520 1000
2514 1000
2514 999
2513 999
2513 998
2512 998
2512 997
2511 997
2511 996
2509 996
2509 995
2508 995
2508 994
2507 994
2507 993
2506 993
2506 992
2504 992
2504 991
2502 991
2502 990
2501 990
2501 989
2500 989
2500 987
2499 987
2499 985
2498 985
2498 983
2497 983
2497 966
2498 966
2498 957
2499 957
2499 918
2500 918
2500 900
2501 900
2501 887
2500 887
2500 885
2499 885
2499 884
2496 884
2496 883
2484 883
2484 882
2475 882
2475 883
2473 883
2473 884
2471 884
2471 885
2470 885
2470 886
2468 886
2468 887
2467 887
2467 888
2465 888
2465 889
2458 889
2458 888
2448 888
2448 889
2446 889
2446 890
2445 890
2445 891
2444 891
2444 892
2442 892
2442 893
2440 893
2440 894
2434 894
2434 895
2432 895
2432 896
2430 896
2430 897
2429 897
2429 898
2427 898
2427 899
2426 899
2426 900
2425 900
2425 901
2423 901
2423 902
2422 902
2422 903
2421 903
2421 905
2420 905
2420 906
2419 906
2419 907
2418 907
2418 908
2411 908
2411 909
2409 909
2409 910
2408 910
2408 911
2407 911
2407 912
2405 912
2405 913
2401 913
2401 914
2395 914
2395 915
2391 915
2391 916
2385 916
2385 915
2382 915
2382 914
2376 914
2376 913
2375 913
2375 912
2369 912
2369 917
2368 917
2368 927
2367 927
2367 933
2366 933
2366 947
2365 947
2365 962
2364 962
2364 975
2363 975
2363 985
2362 985
2362 993
2361 993
2361 996
2360 996
2360 997
2359 997
2359 998
2358 998
2358 999
2356 999
2356 1000
2354 1000
2354 1001
2351 1001
2351 1002
2349 1002
2349 1003
2347 1003
2347 1004
2346 1004
2346 1005
2345 1005
2345 1006
2344 1006
2344 1007
2343 1007
2343 1008
2341 1008
2341 1011
2340 1011
2340 1012
2339 1012
2339 1013
2338 1013
2338 1014
2333 1014
2333 1013
2330 1013
2330 1012
2326 1012
2326 1011
2321 1011
2321 1010
2318 1010
2318 1009
2316 1009
2316 1008
2314 1008
2314 1007
2306 1007
2306 1006
2302 1006
2302 1005
2295 1005
2295 1004
2287 1004
2287 1003
2274 1003
2274 1004
2271 1004
2271 1003
2261 1003
2261 1002
2254 1002
2254 1001
2248 1001
2248 1002
2247 1002
2247 1003
2246 1003
2246 1004
2245 1004
2245 1005
2243 1005
2243 1006
2240 1006
2240 1007
2237 1007
2237 1008
2229 1008
2229 1010
2228 1010
2228 1029
2227 1029
2227 1031
2226 1031
2226 1032
2221 1032
2221 1033
2218 1033
2218 1034
2216 1034
2216 1035
2215 1035
2215 1036
2214 1036
2214 1037
2203 1037
2203 1038
2202 1038
2202 1039
2201 1039
2201 1040
2190 1040
2190 1039
2187 1039
2187 1038
2185 1038
2185 1039
2183 1039
2183 1040
2182 1040
2182 1041
2163 1041
2163 1040
2158 1040
2158 1039
2155 1039
2155 1038
2153 1038
2153 1037
2152 1037
2152 1036
2150 1036
2150 1035
2149 1035
2149 1034
2148 1034
2148 1033
2147 1033
2147 1030
2146 1030
2146 1026
2145 1026
2145 1024
2144 1024
2144 1020
2143 1020
2143 1017
2142 1017
2142 1011
2141 1011
2141 995
2140 995
2140 993
2139 993
2139 992
2138 992
2138 991
2137 991
2137 990
2136 990
2136 987
2135 987
2135 985
2134 985
2134 982
2133 982
2133 980
2132 980
2132 979
2131 979
2131 978
2130 978
2130 977
2129 977
2129 975
2128 975
2128 974
2127 974
2127 973
2126 973
2126 972
2125 972
2125 971
2124 971
2124 969
2123 969
2123 968
2122 968
2122 967
2121 967
2121 966
2120 966
2120 965
2119 965
2119 964
2118 964
2118 963
2117 963
2117 962
2115 962
2115 961
2114 961
2114 959
2113 959
2113 940
2114 940
2114 930
2115 930
2115 920
2116 920
2116 898
2117 898
2117 866
2118 866
2118 835
2119 835
2119 817
2118 817
2118 815
2117 815
2117 814
2114 814
2114 813
2112 813
2112 812
2111 812
2111 811
2110 811
2110 810
2109 810
2109 809
2108 809
2108 808
2107 808
2107 807
2104 807
2104 806
2100 806
2100 805
2098 805
2098 804
2097 804
2097 803
2095 803
2095 802
2094 802
2094 801
2093 801
2093 800
2092 800
2092 799
2089 799
2089 798
2086 798
2086 810
2085 810
2085 817
2084 817
2084 828
2083 828
2083 830
2082 830
2082 834
2081 834
2081 838
2080 838
2080 839
2079 839
2079 843
2078 843
2078 844
2069 844
2069 843
2064 843
2064 844
2063 844
2063 848
2062 848
2062 854
2052 854
2052 853
2047 853
2047 855
2046 855
2046 858
2045 858
2045 862
2044 862
2044 864
2043 864
2043 868
2042 868
2042 873
2041 873
2041 878
2040 878
2040 887
2039 887
2039 891
2038 891
2038 893
2037 893
2037 897
2036 897
2036 898
2035 898
2035 899
2034 899
2034 900
2032 900
2032 901
2029 901
2029 902
2028 902
2028 903
2027 903
2027 904
2026 904
2026 905
2025 905
2025 906
2024 906
2024 907
2023 907
2023 908
2022 908
2022 909
2021 909
2021 910
2020 910
2020 911
2018 911
2018 912
2017 912
2017 914
2016 914
2016 916
2015 916
2015 917
2014 917
2014 918
2013 918
2013 919
2011 919
2011 920
2010 920
2010 921
2008 921
2008 922
1990 922
1990 923
1985 923
1985 922
1982 922
1982 921
1979 921
1979 920
1978 920
1978 919
1977 919
1977 918
1976 918
1976 915
1975 915
1975 912
1974 912
1974 911
1973 911
1973 910
1972 910
1972 909
1971 909
1971 908
1970 908
1970 907
1969 907
1969 906
1967 906
1967 905
1966 905
1966 904
1964 904
1964 903
1962 903
1962 902
1957 902
1957 901
1953 901
1953 900
1951 900
1951 899
1944 899
1944 898
1937 898
1937 897
1934 897
1934 896
1928 896
1928 897
1926 897
1926 898
1925 898
1925 899
1924 899
1924 900
1922 900
1922 901
1919 901
1919 902
1913 902
1913 901
1903 901
1903 900
1901 900
1901 901
1899 901
1899 902
1893 902
1893 903
1891 903
1891 904
1890 904
1890 905
1889 905
1889 907
1888 907
1888 908
1887 908
1887 909
1886 909
1886 911
1885 911
1885 914
1867 914
1867 915
1865 915
1865 916
1863 916
1863 917
1860 917
1860 918
1859 918
1859 919
1841 919
1841 920
1835 920
1835 921
1833 921
1833 920
1824 920
1824 921
1822 921
1822 922
1814 922
1814 921
1810 921
1810 920
1808 920
1808 919
1806 919
1806 918
1805 918
1805 917
1804 917
1804 916
1803 916
1803 915
1802 915
1802 913
1801 913
1801 911
1800 911
1800 908
1799 908
1799 907
1798 907
1798 905
1796 905
1796 904
1795 904
1795 903
1791 903
1791 902
1790 902
1790 901
1788 901
1788 900
1786 900
1786 899
1784 899
1784 898
1782 898
1782 897
1780 897
1780 896
1779 896
1779 895
1778 895
1778 894
1776 894
1776 893
1775 893
1775 892
1774 892
1774 890
1773 890
1773 887
1772 887
1772 883
1771 883
1771 880
1770 880
1770 874
1771 874
1771 869
1770 869
1770 868
1769 868
1769 867
1768 867
1768 866
1766 866
1766 865
1764 865
1764 864
1762 864
1762 863
1760 863
1760 862
1758 862
1758 861
1756 861
1756 860
1754 860
1754 859
1753 859
1753 858
1752 858
1752 857
1751 857
1751 855
1750 855
1750 854
1749 854
1749 851
1748 851
1748 847
1747 847
1747 839
1746 839
1746 824
1745 824
1745 822
1746 822
1746 819
1745 819
1745 817
1744 817
1744 816
1743 816
1743 815
1742 815
1742 814
1740 814
1740 813
1739 813
1739 812
1734 812
1734 820
1735 820
1735 823
1734 823
1734 824
1733 824
1733 825
1732 825
1732 826
1731 826
1731 827
1730 827
1730 830
1729 830
1729 831
1726 831
1726 832
1718 832
1718 836
1717 836
1717 841
1716 841
1716 844
1715 844
1715 847
1714 847
1714 848
1713 848
1713 849
1711 849
1711 851
1705 851
1705 852
1704 852
1704 854
1703 854
1703 856
1702 856
1702 857
1700 857
1700 858
1698 858
1698 859
1697 859
1697 861
1696 861
1696 862
1695 862
1695 863
1693 863
1693 864
1691 864
1691 866
1690 866
1690 867
1689 867
1689 868
1688 868
1688 869
1687 869
1687 870
1686 870
1686 871
1684 871
1684 872
1682 872
1682 873
1676 873
1676 874
1669 874
1669 873
1668 873
1668 874
1660 874
1660 875
1650 875
1650 874
1647 874
1647 875
1642 875
1642 876
1638 876
1638 877
1629 877
1629 876
1618 876
1618 875
1616 875
1616 874
1615 874
1615 873
1614 873
1614 872
1613 872
1613 871
1612 871
1612 870
1611 870
1611 869
1610 869
1610 868
1609 868
1609 867
1608 867
1608 865
1607 865
1607 864
1606 864
1606 862
1605 862
1605 855
1604 855
1604 840
1603 840
1603 838
1602 838
1602 837
1601 837
1601 836
1600 836
1600 835
1599 835
1599 834
1595 834
1595 833
1593 833
1593 832
1592 832
1592 831
1591 831
1591 830
1590 830
1590 829
1589 829
1589 828
1587 828
1587 827
1582 827
1582 826
1580 826
1580 825
1576 825
1576 824
1562 824
1562 823
1553 823
1553 824
1551 824
1551 825
1545 825
1545 826
1543 826
1543 827
1541 827
1541 828
1538 828
1538 829
1533 829
1533 828
1525 828
1525 827
1514 827
1514 828
1511 828
1511 829
1509 829
1509 830
1507 830
1507 831
1505 831
1505 832
1504 832
1504 833
1498 833
1498 834
1496 834
1496 835
1491 835
1491 836
1490 836
1490 837
1485 837
1485 838
1474 838
1474 837
1472 837
1472 836
1470 836
1470 835
1468 835
1468 834
1466 834
1466 833
1465 833
1465 832
1464 832
1464 831
1462 831
1462 830
1461 830
1461 829
1459 829
1459 828
1455 828
1455 827
1454 827
1454 826
1446 826
1446 825
1443 825
1443 824
1442 824
1442 823
1440 823
1440 822
1439 822
1439 821
1435 821
1435 820
1425 820
1425 821
1408 821
1408 822
1404 822
1404 823
1401 823
1401 824
1381 824
1381 823
1377 823
1377 822
1374 822
1374 821
1367 821
1367 820
1360 820
1360 819
1355 819
1355 818
1352 818
1352 817
1350 817
1350 816
1348 816
1348 815
1347 815
1347 814
1346 814
1346 813
1345 813
1345 812
1344 812
1344 810
1343 810
1343 808
1342 808
1342 806
1341 806
1341 801
1340 801
1340 797
1339 797
1339 795
1338 795
1338 794
1337 794
1337 792
1336 792
1336 790
1331 790
1331 791
1330 791
1330 790
1322 790
1322 789
1307 789
1307 790
1292 790
1292 791
1291 791
1291 792
1288 792
1288 791
1283 791
1283 792
1282 792
1282 794
1281 794
1281 801
1282 801
1282 804
1281 804
1281 809
1280 809
1280 813
1279 813
1279 839
1278 839
1278 841
1277 841
1277 863
1276 863
1276 869
1275 869
1275 877
1274 877
1274 879
1273 879
1273 929
1272 929
1272 937
1271 937
1271 951
1272 951
1272 967
1273 967
1273 969
1272 969
1272 983
1271 983
1271 984
1268 984
1268 986
1267 986
1267 987
1257 987
1257 986
1256 986
1256 985
1254 985
1254 984
1250 984
1250 983
1248 983
1248 982
1247 982
1247 981
1244 981
1244 980
1241 980
1241 979
1240 979
1240 978
1238 978
1238 977
1234 977
1234 976
1213 976
1213 977
1211 977
1211 978
1210 978
1210 979
1208 979
1208 980
1207 980
1207 981
1206 981
1206 982
1205 982
1205 983
1204 983
1204 985
1203 985
1203 986
1202 986
1202 987
1201 987
1201 988
1199 988
1199 989
1198 989
1198 990
1197 990
1197 991
1194 991
1194 992
1188 992
1188 991
1187 991
1187 990
1186 990
1186 986
1185 986
1185 975
1184 975
1184 970
1183 970
1183 967
1182 967
1182 964
1181 964
1181 960
1180 960
1180 958
1179 958
1179 956
1178 956
1178 925
1177 925
1177 921
1176 921
1176 918
1175 918
1175 915
1174 915
1174 913
1173 913
1173 911
1172 911
1172 909
1171 909
1171 906
1170 906
1170 902
1169 902
1169 881
1168 881
1168 873
1167 873
1167 871
1166 871
1166 864
1165 864
1165 860
1164 860
1164 815
1165 815
1165 788
1166 788
1166 778
1165 778
1165 773
1164 773
1164 771
1163 771
1163 769
1162 769
1162 768
1161 768
1161 767
1160 767
1160 766
1159 766
1159 765
1157 765
1157 764
1156 764
1156 763
1154 763
1154 762
1153 762
1153 761
1152 761
1152 760
1151 760
1151 759
1148 759
1148 758
1146 758
1146 757
1145 757
1145 756
1143 756
1143 755
1142 755
1142 754
1141 754
1141 753
1140 753
1140 752
1139 752
1139 751
1138 751
1138 750
1137 750
1137 749
1136 749
1136 748
1135 748
1135 746
1134 746
1134 744
1133 744
1133 741
1132 741
1132 739
1131 739
1131 738
1129 738
1129 737
1125 737
1125 736
1123 736
1123 735
1122 735
1122 734
1121 734
1121 733
1120 733
1120 732
1119 732
1119 731
1118 731
1118 729
1117 729
1117 727
1116 727
1116 724
1115 724
1115 722
1114 722
1114 721
1113 721
1113 719
1112 719
1112 718
1111 718
1111 717
1110 717
1110 716
1108 716
1108 715
1107 715
1107 714
1106 714
1106 713
1105 713
1105 712
1104 712
1104 710
1103 710
1103 709
1102 709
1102 707
1101 707
1101 706
1100 706
1100 705
1097 705
1097 704
1095 704
1095 703
1093 703
1093 702
1091 702
1091 701
1090 701
1090 700
1089 700
1089 699
1087 699
1087 698
1086 698
1086 697
1085 697
1085 694
1084 694
1084 692
1083 692
1083 688
1082 688
1082 682
1083 682
1083 670
1082 670
1082 662
1081 662
1081 660
1080 660
1080 657
1079 657
1079 654
1078 654
1078 652
1077 652
1077 651
1076 651
1076 650
1072 650
1072 649
1069 649
1069 648
1067 648
1067 647
1066 647
1066 646
1065 646
1065 645
1063 645
1063 644
1062 644
1062 643
1061 643
1061 642
1060 642
1060 641
1059 641
1059 640
1058 640
1058 639
1057 639
1057 638
1056 638
1056 637
1054 637
1054 636
1052 636
1052 635
1051 635
1051 634
1050 634
1050 633
1049 633
1049 632
1048 632
1048 631
1047 631
1047 629
1046 629
1046 609
1047 609
1047 603
1046 603
1046 599
1047 599
1047 565
1046 565
1046 564
1045 564
1045 563
1044 563
1044 562
1043 562
1043 561
1042 561
1042 560
1041 560
1041 559
1040 559
1040 557
1039 557
1039 545
1038 545
1038 544
1039 544
1039 506
1038 506
1038 504
1037 504
1037 503
1036 503
1036 502
1034 502
1034 501
1032 501
1032 500
1030 500
1030 499
1027 499
1027 498
1019 498
1019 497
1017 497
1017 496
1014 496
1014 495
1013 495
1013 494
1012 494
1012 492
1011 492
1011 491
1010 491
1010 489
1008 489
1008 488
1005 488
1005 489
1000 489
1000 490
997 490
997 491
996 491
996 492
995 492
995 493
994 493
994 495
993 495
993 497
992 497
992 498
991 498
991 499
990 499
990 500
989 500
989 501
984 501
984 502
983 502
983 503
982 503
982 506
981 506
981 509
980 509
980 512
979 512
979 513
978 513
978 514
977 514
977 515
976 515
976 516
975 516
975 517
974 517
974 519
973 519
973 520
972 520
972 521
971 521
971 522
970 522
970 524
969 524
969 525
968 525
968 527
967 527
967 528
965 528
965 529
962 529
962 530
957 530
957 531
956 531
956 546
955 546
955 567
954 567
954 587
953 587
953 599
952 599
952 601
951 601
951 602
950 602
950 603
938 603
938 604
933 604
933 605
930 605
930 604
920 604
920 605
918 605
918 606
917 606
917 607
914 607
914 608
909 608
909 609
908 609
908 611
907 611
907 612
906 612
906 613
905 613
905 615
904 615
904 616
903 616
903 617
902 617
902 618
891 618
891 619
889 619
889 620
887 620
887 621
886 621
886 622
884 622
884 623
883 623
883 625
882 625
882 626
881 626
881 627
880 627
880 628
878 628
878 629
870 629
870 634
871 634
871 637
872 637
872 643
873 643
873 644
872 644
872 649
859 649
859 648
854 648
854 647
853 647
853 646
850 646
850 645
847 645
847 642
846 642
846 640
845 640
845 638
844 638
844 631
842 631
842 630
835 630
835 629
834 629
834 628
832 628
832 627
831 627
831 626
830 626
830 625
829 625
829 624
828 624
828 622
827 622
827 621
826 621
826 620
824 620
824 619
826 619
826 620
827 620
827 621
828 621
828 622
829 622
829 624
830 624
830 625
831 625
831 626
832 626
832 627
834 627
834 628
835 628
835 629
842 629
842 630
844 630
844 631
845 631
845 638
846 638
846 640
847 640
847 642
848 642
848 644
850 644
850 645
853 645
853 646
854 646
854 647
859 647
859 648
871 648
871 644
872 644
872 643
871 643
871 637
870 637
870 634
869 634
869 629
870 629
870 628
878 628
878 627
880 627
880 626
881 626
881 625
882 625
882 623
883 623
883 622
884 622
884 621
886 621
886 620
887 620
887 619
889 619
889 618
891 618
891 617
902 617
902 616
903 616
903 615
904 615
904 613
905 613
905 612
906 612
906 611
907 611
907 609
908 609
908 608
909 608
909 607
914 607
914 606
917 606
917 605
918 605
918 604
920 604
920 603
930 603
930 604
933 604
933 603
938 603
938 602
950 602
950 601
951 601
951 599
952 599
952 587
953 587
953 567
954 567
954 546
955 546
955 531
956 531
956 530
957 530
957 529
962 529
962 528
965 528
965 527
967 527
967 525
968 525
968 524
969 524
969 522
970 522
970 521
971 521
971 520
972 520
972 519
973 519
973 517
974 517
974 516
975 516
975 515
976 515
976 514
977 514
977 513
978 513
978 512
979 512
979 509
980 509
980 506
981 506
981 503
982 503
982 502
983 502
983 501
984 501
984 500
989 500
989 499
990 499
990 498
991 498
991 497
992 497
992 495
993 495
993 493
994 493
994 492
995 492
995 491
996 491
996 490
997 490
997 489
1000 489
1000 488
1005 488
1005 487
1008 487
1008 488
1010 488
1010 489
1011 489
1011 491
1012 491
1012 492
1013 492
1013 494
1014 494
1014 495
1017 495
1017 496
1019 496
1019 497
1027 497
1027 498
1030 498
1030 499
1032 499
1032 500
1034 500
1034 501
1036 501
1036 502
1037 502
1037 503
1038 503
1038 504
1039 504
1039 506
1040 506
1040 544
1039 544
1039 545
1040 545
1040 557
1041 557
1041 559
1042 559
1042 560
1043 560
1043 561
1044 561
1044 562
1045 562
1045 563
1046 563
1046 564
1047 564
1047 565
1048 565
1048 599
1047 599
1047 603
1048 603
1048 609
1047 609
1047 629
1048 629
1048 631
1049 631
1049 632
1050 632
1050 633
1051 633
1051 634
1052 634
1052 635
1054 635
1054 636
1056 636
1056 637
1057 637
1057 638
1058 638
1058 639
1059 639
1059 640
1060 640
1060 641
1061 641
1061 642
1062 642
1062 643
1063 643
1063 644
1065 644
1065 645
1066 645
1066 646
1067 646
1067 647
1069 647
1069 648
1072 648
1072 649
1076 649
1076 650
1077 650
1077 651
1078 651
1078 652
1079 652
1079 654
1080 654
1080 657
1081 657
1081 660
1082 660
1082 662
1083 662
1083 670
1084 670
1084 682
1083 682
1083 688
1084 688
1084 692
1085 692
1085 694
1086 694
1086 697
1087 697
1087 698
1089 698
1089 699
1090 699
1090 700
1091 700
1091 701
1093 701
1093 702
1095 702
1095 703
1097 703
1097 704
1100 704
1100 705
1101 705
1101 706
1102 706
1102 707
1103 707
1103 709
1104 709
1104 710
1105 710
1105 712
1106 712
1106 713
1107 713
1107 714
1108 714
1108 715
1110 715
1110 716
1111 716
1111 717
1112 717
1112 718
1113 718
1113 719
1114 719
1114 721
1115 721
1115 722
1116 722
1116 724
1117 724
1117 727
1118 727
1118 729
1119 729
1119 731
1120 731
1120 732
1121 732
1121 733
1122 733
1122 734
1123 734
1123 735
1125 735
1125 736
1129 736
1129 737
1131 737
1131 738
1132 738
1132 739
1133 739
1133 741
1134 741
1134 744
1135 744
1135 746
1136 746
1136 748
1137 748
1137 749
1138 749
1138 750
1139 750
1139 751
1140 751
1140 752
1141 752
1141 753
1142 753
1142 754
1143 754
1143 755
1145 755
1145 756
1146 756
1146 757
1148 757
1148 758
1151 758
1151 759
1152 759
1152 760
1153 760
1153 761
1154 761
1154 762
1156 762
1156 763
1157 763
1157 764
1159 764
1159 765
1160 765
1160 766
1161 766
1161 767
1162 767
1162 768
1163 768
1163 769
1164 769
1164 771
1165 771
1165 773
1166 773
1166 778
1167 778
1167 788
1166 788
1166 815
1165 815
1165 860
1166 860
1166 864
1167 864
1167 871
1168 871
1168 873
1169 873
1169 881
1170 881
1170 902
1171 902
1171 906
1172 906
1172 909
1173 909
1173 911
1174 911
1174 913
1175 913
1175 915
1176 915
1176 918
1177 918
1177 921
1178 921
1178 925
1179 925
1179 956
1180 956
1180 958
1181 958
1181 960
1182 960
1182 964
1183 964
1183 967
1184 967
1184 970
1185 970
1185 975
1186 975
1186 986
1187 986
1187 990
1188 990
1188 991
1194 991
1194 990
1197 990
1197 989
1198 989
1198 988
1199 988
1199 987
1201 987
1201 986
1202 986
1202 985
1203 985
1203 983
1204 983
1204 982
1205 982
1205 981
1206 981
1206 980
1207 980
1207 979
1208 979
1208 978
1210 978
1210 977
1211 977
1211 976
1213 976
1213 975
1234 975
1234 976
1238 976
1238 977
1240 977
1240 978
1241 978
1241 979
1244 979
1244 980
1247 980
1247 981
1248 981
1248 982
1250 982
1250 983
1254 983
1254 984
1256 984
1256 985
1257 985
1257 986
1267 986
1267 984
1268 984
1268 983
1271 983
1271 969
1272 969
1272 967
1271 967
1271 951
1270 951
1270 937
1271 937
1271 929
1272 929
1272 879
1273 879
1273 877
1274 877
1274 869
1275 869
1275 863
1276 863
1276 841
1277 841
1277 839
1278 839
1278 813
1279 813
1279 809
1280 809
1280 804
1281 804
1281 801
1280 801
1280 794
1281 794
1281 791
1283 791
1283 790
1288 790
1288 791
1291 791
1291 789
1307 789
1307 788
1322 788
1322 789
1330 789
1330 790
1331 790
1331 789
1336 789
1336 790
1337 790
1337 792
1338 792
1338 794
1339 794
1339 795
1340 795
1340 797
1341 797
1341 801
1342 801
1342 806
1343 806
1343 808
1344 808
1344 810
1345 810
1345 812
1346 812
1346 813
1347 813
1347 814
1348 814
1348 815
1350 815
1350 816
1352 816
1352 817
1355 817
1355 818
1360 818
1360 819
1367 819
1367 820
1374 820
1374 821
1377 821
1377 822
1381 822
1381 823
1401 823
1401 822
1404 822
1404 821
1408 821
1408 820
1425 820
1425 819
1435 819
1435 820
1439 820
1439 821
1440 821
1440 822
1442 822
1442 823
1443 823
1443 824
1446 824
1446 825
1454 825
1454 826
1455 826
1455 827
1459 827
1459 828
1461 828
1461 829
1462 829
1462 830
1464 830
1464 831
1465 831
1465 832
1466 832
1466 833
1468 833
1468 834
1470 834
1470 835
1472 835
1472 836
1474 836
1474 837
1485 837
1485 836
1490 836
1490 835
1491 835
1491 834
1496 834
1496 833
1498 833
1498 832
1504 832
1504 831
1505 831
1505 830
1507 830
1507 829
1509 829
1509 828
1511 828
1511 827
1514 827
1514 826
1525 826
1525 827
1533 827
1533 828
1538 828
1538 827
1541 827
1541 826
1543 826
1543 825
1545 825
1545 824
1551 824
1551 823
1553 823
1553 822
1562 822
1562 823
1576 823
1576 824
1580 824
1580 825
1582 825
1582 826
1587 826
1587 827
1589 827
1589 828
1590 828
1590 829
1591 829
1591 830
1592 830
1592 831
1593 831
1593 832
1595 832
1595 833
1599 833
1599 834
1600 834
1600 835
1601 835
1601 836
1602 836
1602 837
1603 837
1603 838
1604 838
1604 840
1605 840
1605 855
1606 855
1606 862
1607 862
1607 864
1608 864
1608 865
1609 865
1609 867
1610 867
1610 868
1611 868
1611 869
1612 869
1612 870
1613 870
1613 871
1614 871
1614 872
1615 872
1615 873
1616 873
1616 874
1618 874
1618 875
1629 875
1629 876
1638 876
1638 875
1642 875
1642 874
1647 874
1647 873
1650 873
1650 874
1660 874
1660 873
1668 873
1668 872
1669 872
1669 873
1676 873
1676 872
1682 872
1682 871
1684 871
1684 870
1686 870
1686 869
1687 869
1687 868
1688 868
1688 867
1689 867
1689 866
1690 866
1690 864
1691 864
1691 863
1693 863
1693 862
1695 862
1695 861
1696 861
1696 859
1697 859
1697 858
1698 858
1698 857
1700 857
1700 856
1702 856
1702 854
1703 854
1703 852
1704 852
1704 851
1705 851
1705 850
1710 850
1710 849
1711 849
1711 848
1713 848
1713 847
1714 847
1714 844
1715 844
1715 841
1716 841
1716 836
1717 836
1717 832
1718 832
1718 831
1726 831
1726 830
1729 830
1729 827
1730 827
1730 826
1731 826
1731 825
1732 825
1732 824
1733 824
1733 823
1734 823
1734 820
1733 820
1733 811
1739 811
1739 812
1740 812
1740 813
1742 813
1742 814
1743 814
1743 815
1744 815
1744 816
1745 816
1745 817
1746 817
1746 819
1747 819
1747 822
1746 822
1746 824
1747 824
1747 839
1748 839
1748 847
1749 847
1749 851
1750 851
1750 854
1751 854
1751 855
1752 855
1752 857
1753 857
1753 858
1754 858
1754 859
1756 859
1756 860
1758 860
1758 861
1760 861
1760 862
1762 862
1762 863
1764 863
1764 864
1766 864
1766 865
1768 865
1768 866
1769 866
1769 867
1770 867
1770 868
1771 868
1771 869
1772 869
1772 874
1771 874
1771 880
1772 880
1772 883
1773 883
1773 887
1774 887
1774 890
1775 890
1775 892
1776 892
1776 893
1778 893
1778 894
1779 894
1779 895
1780 895
1780 896
1782 896
1782 897
1784 897
1784 898
1786 898
1786 899
1788 899
1788 900
1790 900
1790 901
1791 901
1791 902
1795 902
1795 903
1796 903
1796 904
1798 904
1798 905
1799 905
1799 907
1800 907
1800 908
1801 908
1801 911
1802 911
1802 913
1803 913
1803 915
1804 915
1804 916
1805 916
1805 917
1806 917
1806 918
1808 918
1808 919
1810 919
1810 920
1814 920
1814 921
1822 921
1822 920
1824 920
1824 919
1833 919
1833 920
1835 920
1835 919
1841 919
1841 918
1859 918
1859 917
1860 917
1860 916
1863 916
1863 915
1865 915
1865 914
1867 914
1867 913
1884 913
1884 911
1885 911
1885 909
1886 909
1886 908
1887 908
1887 907
1888 907
1888 905
1889 905
1889 904
1890 904
1890 903
1891 903
1891 902
1893 902
1893 901
1899 901
1899 900
1901 900
1901 899
1903 899
1903 900
1913 900
1913 901
1919 901
1919 900
1922 900
1922 899
1924 899
1924 898
1925 898
1925 897
1926 897
1926 896
1928 896
1928 895
1934 895
1934 896
1937 896
1937 897
1944 897
1944 898
1951 898
1951 899
1953 899
1953 900
1957 900
1957 901
1962 901
1962 902
1964 902
1964 903
1966 903
1966 904
1967 904
1967 905
1969 905
1969 906
1970 906
1970 907
1971 907
1971 908
1972 908
1972 909
1973 909
1973 910
1974 910
1974 911
1975 911
1975 912
1976 912
1976 915
1977 915
1977 918
1978 918
1978 919
1979 919
1979 920
1982 920
1982 921
1985 921
1985 922
1990 922
1990 921
2008 921
2008 920
2010 920
2010 919
2011 919
2011 918
2013 918
2013 917
2014 917
2014 916
2015 916
2015 914
2016 914
2016 912
2017 912
2017 911
2018 911
2018 910
2020 910
2020 909
2021 909
2021 908
2022 908
2022 907
2023 907
2023 906
2024 906
2024 905
2025 905
2025 904
2026 904
2026 903
2027 903
2027 902
2028 902
2028 901
2029 901
2029 900
2032 900
2032 899
2034 899
2034 898
2035 898
2035 897
2036 897
2036 893
2037 893
2037 891
2038 891
2038 887
2039 887
2039 878
2040 878
2040 873
2041 873
2041 868
2042 868
2042 864
2043 864
2043 862
2044 862
2044 858
2045 858
2045 855
2046 855
2046 853
2047 853
2047 852
2052 852
2052 853
2061 853
2061 848
2062 848
2062 844
2063 844
2063 843
2064 843
2064 842
2069 842
2069 843
2078 843
2078 839
2079 839
2079 838
2080 838
2080 834
2081 834
2081 830
2082 830
2082 828
2083 828
2083 817
2084 817
2084 810
2085 810
2085 798
2086 798
2086 797
2089 797
2089 798
2092 798
2092 799
2093 799
2093 800
2094 800
2094 801
2095 801
2095 802
2097 802
2097 803
2098 803
2098 804
2100 804
2100 805
2104 805
2104 806
2107 806
2107 807
2108 807
2108 808
2109 808
2109 809
2110 809
2110 810
2111 810
2111 811
2112 811
2112 812
2114 812
2114 813
2117 813
2117 814
2118 814
2118 815
2119 815
2119 817
2120 817
2120 835
2119 835
2119 866
2118 866
2118 898
2117 898
2117 920
2116 920
2116 930
2115 930
2115 940
2114 940
2114 959
2115 959
2115 961
2117 961
2117 962
2118 962
2118 963
2119 963
2119 964
2120 964
2120 965
2121 965
2121 966
2122 966
2122 967
2123 967
2123 968
2124 968
2124 969
2125 969
2125 971
2126 971
2126 972
2127 972
2127 973
2128 973
2128 974
2129 974
2129 975
2130 975
2130 977
2131 977
2131 978
2132 978
2132 979
2133 979
2133 980
2134 980
2134 982
2135 982
2135 985
2136 985
2136 987
2137 987
2137 990
2138 990
2138 991
2139 991
2139 992
2140 992
2140 993
2141 993
2141 995
2142 995
2142 1011
2143 1011
2143 1017
2144 1017
2144 1020
2145 1020
2145 1024
2146 1024
2146 1026
2147 1026
2147 1030
2148 1030
2148 1033
2149 1033
2149 1034
2150 1034
2150 1035
2152 1035
2152 1036
2153 1036
2153 1037
2155 1037
2155 1038
2158 1038
2158 1039
2163 1039
2163 1040
2182 1040
2182 1039
2183 1039
2183 1038
2185 1038
2185 1037
2187 1037
2187 1038
2190 1038
2190 1039
2201 1039
2201 1038
2202 1038
2202 1036
2214 1036
2214 1035
2215 1035
2215 1034
2216 1034
2216 1033
2218 1033
2218 1032
2221 1032
2221 1031
2226 1031
2226 1029
2227 1029
2227 1010
2228 1010
2228 1008
2229 1008
2229 1007
2237 1007
2237 1006
2240 1006
2240 1005
2243 1005
2243 1004
2245 1004
2245 1003
2246 1003
2246 1002
2247 1002
2247 1001
2248 1001
2248 1000
2254 1000
2254 1001
2261 1001
2261 1002
2271 1002
2271 1003
2274 1003
2274 1002
2287 1002
2287 1003
2295 1003
2295 1004
2302 1004
2302 1005
2306 1005
2306 1006
2314 1006
2314 1007
2316 1007
2316 1008
2318 1008
2318 1009
2321 1009
2321 1010
2326 1010
2326 1011
2330 1011
2330 1012
2333 1012
2333 1013
2338 1013
2338 1012
2339 1012
2339 1011
2340 1011
2340 1008
2341 1008
2341 1007
2343 1007
2343 1006
2344 1006
2344 1005
2345 1005
2345 1004
2346 1004
2346 1003
2347 1003
2347 1002
2349 1002
2349 1001
2351 1001
2351 1000
2354 1000
2354 999
2356 999
2356 998
2358 998
2358 997
2359 997
2359 996
2360 996
2360 993
2361 993
2361 985
2362 985
2362 975
2363 975
2363 962
2364 962
2364 947
2365 947
2365 933
2366 933
2366 927
2367 927
2367 917
2368 917
2368 912
2369 912
2369 911
2375 911
2375 912
2376 912
2376 913
2382 913
2382 914
2385 914
2385 915
2391 915
2391 914
2395 914
2395 913
2401 913
2401 912
2405 912
2405 911
2407 911
2407 910
2408 910
2408 909
2409 909
2409 908
2411 908
2411 907
2418 907
2418 906
2419 906
2419 905
2420 905
2420 903
2421 903
2421 902
2422 902
2422 901
2423 901
2423 900
2425 900
2425 899
2426 899
2426 898
2427 898
2427 897
2429 897
2429 896
2430 896
2430 895
2432 895
2432 894
2434 894
2434 893
2440 893
2440 892
2442 892
2442 891
2444 891
2444 890
2445 890
2445 889
2446 889
2446 888
2448 888
2448 887
2458 887
2458 888
2465 888
2465 887
2467 887
2467 886
2468 886
2468 885
2470 885
2470 884
2471 884
2471 883
2473 883
2473 882
2475 882
2475 881
2484 881
2484 882
2496 882
2496 883
2499 883
2499 884
2500 884
2500 885
2501 885
2501 887
2502 887
2502 900
2501 900
2501 918
2500 918
2500 957
2499 957
2499 966
2498 966
2498 983
2499 983
2499 985
2500 985
2500 987
2501 987
2501 989
2502 989
2502 990
2504 990
2504 991
2506 991
2506 992
2507 992
2507 993
2508 993
2508 994
2509 994
2509 995
2511 995
2511 996
2512 996
2512 997
2513 997
2513 998
2514 998
2514 999
2520 999
2520 1000
2529 1000
2529 999
2538 999
2538 1000
2549 1000
2549 1001
2563 1001
2563 1000
2568 1000
2568 999
2574 999
2574 998
2582 998
2582 997
2586 997
2586 998
2592 998
2592 999
2608 999
2608 1000
2609 1000
2609 999
2625 999
2625 1000
2646 1000
2646 1001
2653 1001
2653 1000
2656 1000
2656 999
2657 999
2657 998
2658 998
2658 996
2659 996
2659 993
2660 993
2660 988
2661 988
2661 979
2662 979
2662 975
2663 975
2663 973
2664 973
2664 971
2665 971
2665 970
2666 970
2666 969
2668 969
2668 968
2674 968
2674 969
2676 969
2676 970
2681 970
2681 969
2682 969
2682 968
2683 968
2683 967
2684 967
2684 966
2685 966
2685 965
2686 965
2686 963
2687 963
2687 961
2688 961
2688 955
2689 955
2689 945
2690 945
2690 938
2691 938
2691 925
2692 925
2692 916
2693 916
2693 909
2694 909
2694 898
2695 898
2695 886
2696 886
2696 877
2697 877
2697 870
2698 870
2698 869
2701 869
2701 868
2706 868
2706 867
2707 867
2707 866
2708 866
2708 865
2709 865
2709 863
2710 863
2710 858
2711 858
2711 849
2712 849
2712 839
2713 839
2713 828
2714 828
2714 822
2715 822
2715 820
2720 820
2720 819
2723 819
2723 818
2725 818
2725 817
2731 817
2731 816
2742 816
2742 817
2749 817
2749 818
2750 818
2750 819
2752 819
2752 820
2754 820
2754 821
2757 821
2757 822
2760 822
2760 823
2762 823
2762 824
2763 824
2763 826
2764 826
2764 827
2765 827
2765 829
2766 829
2766 831
2769 831
2769 832
2770 832
2770 833
2772 833
2772 834
2774 834
2774 835
2775 835
2775 836
2776 836
2776 837
2777 837
2777 839
2778 839
2778 840
2779 840
2779 841
2780 841
2780 842
2781 842
2781 845
2782 845
2782 858
2783 858
2783 882
2782 882
2782 885
2781 885
2781 890
2780 890
2780 893
2779 893
2779 899
2780 899
2780 905
2781 905
2781 915
2780 915
2780 920
2779 920
2779 925
2778 925
2778 930
2777 930
2777 939
2776 939
2776 977
2775 977
2775 985
2774 985
2774 1005
2775 1005
2775 1006
2776 1006
2776 1010
2777 1010
2777 1012
2778 1012
2778 1013
2786 1013
2786 1014
2787 1014
2787 1015
2789 1015
2789 1016
2791 1016
2791 1017
2792 1017
2792 1018
2795 1018
2795 1019
2799 1019
2799 1020
2801 1020
2801 1021
2806 1021
2806 1022
2809 1022
2809 1023
2810 1023
2810 1024
2811 1024
2811 1025
2812 1025
2812 1026
2813 1026
2813 1027
2814 1027
2814 1028
2816 1028
2816 1029
2818 1029
2818 1030
2819 1030
2819 1031
2821 1031
2821 1032
2822 1032
2822 1033
2825 1033
2825 1034
2829 1034
2829 1035
2833 1035
2833 1036
2835 1036
2835 1037
2838 1037
2838 1038
2841 1038
2841 1037
2845 1037
2845 1036
2847 1036
2847 1035
2849 1035
2849 1034
2851 1034
2851 1033
2873 1033
2873 1034
2890 1034
2890 1035
2893 1035
2893 1036
2897 1036
2897 1037
2899 1037
2899 1038
2902 1038
2902 1039
2903 1039
2903 1040
2908 1040
2908 1041
2915 1041
2915 1042
2927 1042
2927 1041
2928 1041
2928 1040
2929 1040
2929 1038
2930 1038
2930 1037
2931 1037
2931 1036
2932 1036
2932 1035
2937 1035
2937 1034
2939 1034
2939 1033
2941 1033
2941 1032
2943 1032
2943 1031
2945 1031
2945 1030
2947 1030
2947 1029
2948 1029
2948 1028
2950 1028
2950 1027
2951 1027
2951 1026
2953 1026
2953 1025
2957 1025
2957 1024
2958 1024
2958 1023
2959 1023
2959 1022
2961 1022
2961 1021
2962 1021
2962 1020
2963 1020
2963 1019
2965 1019
2965 1018
2967 1018
2967 1017
2968 1017
2968 1016
2969 1016
2969 1015
2970 1015
2970 1014
2971 1014
2971 1013
2972 1013
2972 1011
2973 1011
2973 1010
2974 1010
2974 1009
2975 1009
2975 1008
2976 1008
2976 1007
2978 1007
2978 1006
2979 1006
2979 1005
2981 1005
2981 1004
2982 1004
2982 1003
2983 1003
2983 1002
2985 1002
2985 1001
2987 1001
2987 1000
2989 1000
2989 999
2993 999
2993 998
2994 998
2994 997
3001 997
3001 996
3006 996
3006 995
3007 995
3007 994
3010 994
3010 993
3012 993
3012 992
3014 992
3014 991
3016 991
3016 990
3017 990
3017 989
3019 989
3019 988
3020 988
3020 987
3022 987
3022 986
3023 986
3023 985
3025 985
3025 984
3026 984
3026 983
3027 983
3027 980
3028 980
3028 979
3029 979
3029 978
3030 978
3030 976
3031 976
3031 975
3032 975
3032 974
3033 974
3033 973
3034 973
3034 972
3037 972
3037 971
3039 971
3039 970
3041 970
3041 969
3043 969
3043 968
3044 968
3044 966
3045 966
3045 965
3046 965
3046 964
3047 964
3047 961
3048 961
3048 960
3049 960
3049 955
3050 955
3050 947
3051 947
3051 931
3052 931
3052 917
3053 917
3053 901
3054 901
3054 894
3055 894
3055 885
3056 885
3056 869
3057 869
3057 855
3058 855
3058 834
3059 834
3059 833
3068 833
3068 834
3069 834
3069 835
3071 835
3071 836
3072 836
3072 837
3073 837
3073 839
3074 839
3074 841
3075 841
3075 843
3076 843
3076 844
3077 844
3077 845
3079 845
3079 846
3080 846
3080 847
3081 847
3081 848
3083 848
3083 849
3086 849
3086 850
3090 850
3090 851
3107 851
3107 850
3109 850
3109 849
3111 849
3111 848
3115 848
3115 847
3117 847
3117 846
3119 846
3119 845
3120 845
3120 844
3121 844
3121 843
3123 843
3123 842
3127 842
3127 843
3131 843
3131 844
3156 844
3156 845
3166 845
3166 844
3168 844
3168 843
3173 843
3173 842
3177 842
3177 841
3179 841
3179 840
3181 840
3181 839
3182 839
3182 838
3185 838
3185 837
3188 837
3188 836
3191 836
3191 835
3197 835
3197 834
3198 834
3198 833
3200 833
3200 832
3201 832
3201 831
3202 831
3202 830
3203 830
3203 828
3204 828
3204 827
3206 827
3206 812
3207 812
3207 800
3208 800
3208 799
3207 799
3207 792
3208 792
3208 782
3209 782
3209 775
3210 775
3210 774
3211 774
3211 773
3218 773
3218 767
3219 767
3219 755
3220 755
3220 749
3221 749
3221 746
3222 746
3222 745
3223 745
3223 744
3226 744
3226 745
3228 745
3228 746
3229 746
3229 747
3232 747
3232 748
3238 748
3238 749
3239 749
3239 750
3240 750
3240 751
3242 751
3242 752
3243 752
3243 753
3244 753
3244 755
3245 755
3245 758
3246 758
3246 760
3247 760
3247 761
3248 761
3248 762
3249 762
3249 763
3250 763
3250 764
3251 764
3251 765
3252 765
3252 766
3254 766
3254 767
3255 767
3255 803
3254 803
3254 824
3253 824
3253 846
3252 846
3252 875
3251 875
3251 906
3250 906
3250 937
3249 937
3249 954
3248 954
3248 964
3249 964
3249 970
3250 970
3250 972
3251 972
3251 973
3252 973
3252 974
3253 974
3253 975
3254 975
3254 976
3255 976
3255 977
3256 977
3256 978
3257 978
3257 980
3258 980
3258 981
3259 981
3259 983
3260 983
3260 985
3259 985
3259 1003
3258 1003
3258 1010
3259 1010
3259 1013
3260 1013
3260 1014
3261 1014
3261 1015
3262 1015
3262 1017
3263 1017
3263 1018
3265 1018
3265 1019
3267 1019
3267 1020
3271 1020
3271 1021
3272 1021
3272 1022
3275 1022
3275 1023
3277 1023
3277 1024
3280 1024
3280 1025
3287 1025
3287 1026
3288 1026
3288 1027
3289 1027
3289 1028
3290 1028
3290 1029
3293 1029
3293 1030
3295 1030
3295 1031
3299 1031
3299 1032
3302 1032
3302 1031
3316 1031
3316 1030
3319 1030
3319 1029
3339 1029
3339 1028
3341 1028
3341 1027
3349 1027
3349 1026
3351 1026
3351 1025
3352 1025
3352 1024
3353 1024
3353 1023
3354 1023
3354 1022
3356 1022
3356 1021
3359 1021
3359 1020
3371 1020
3371 1019
3375 1019
3375 1018
3377 1018
3377 1017
3379 1017
3379 1016
3383 1016
3383 1015
3387 1015
3387 1014
3390 1014
3390 1013
3395 1013
3395 1014
3396 1014
3396 1013
3399 1013
3399 1012
3400 1012
3400 1011
3402 1011
3402 1010
3403 1010
3403 1009
3406 1009
3406 1008
3408 1008
3408 1007
3410 1007
3410 1008
3413 1008
3413 1009
3424 1009
3424 1008
3426 1008
3426 1007
3427 1007
3427 1006
3429 1006
3429 1005
3446 1005
3446 1004
3447 1004
3447 1003
3448 1003
3448 1002
3451 1002
3451 1001
3454 1001
3454 1002
3455 1002
3455 1003
3456 1003
3456 1004
3460 1004
3460 1005
3471 1005
3471 1004
3476 1004
3476 1003
3481 1003
3481 1002
3491 1002
3491 1001
3492 1001
3492 1000
3496 1000
3496 999
3500 999
3500 998
3502 998
3502 997
3503 997
3503 996
3504 996
3504 992
3505 992
3505 983
3506 983
3506 962
3507 962
3507 949
3508 949
3508 944
3509 944
3509 943
3510 943
3510 942
3512 942
3512 941
3515 941
3515 940
3516 940
3516 939
3518 939
3518 937
3519 937
3519 935
3520 935
3520 925
3521 925
3521 899
3522 899
3522 870
3523 870
3523 855
3524 855
3524 832
3525 832
3525 804
3526 804
3526 775
3527 775
3527 760
3528 760
3528 759
3530 759
3530 758
3532 758
3532 757
3533 757
3533 755
3534 755
3534 753
3535 753
3535 750
3536 750
3536 748
3537 748
3537 737
3538 737
3538 725
3539 725
3539 710
3540 710
3540 709
3542 709
3542 708
3544 708
3544 707
3547 707
3547 706
3548 706
3548 705
3549 705
3549 703
3550 703
3550 701
3551 701
3551 698
3552 698
3552 694
3553 694
3553 693
3559 693
3559 692
3563 692
3563 691
3564 691
3564 690
3565 690
3565 689
3566 689
3566 687
3567 687
3567 684
3568 684
3568 683
3571 683
3571 682
3572 682
3572 681
3574 681
3574 680
3575 680
3575 679
3576 679
3576 678
3577 678
3577 677
3578 677
3578 676
3580 676
3580 674
3581 674
3581 672
3582 672
3582 671
3583 671
3583 670
3584 670
3584 669
3588 669
3588 668
3589 668
3589 667
3590 667
3590 666
3591 666
3591 665
3595 665
3595 664
3602 664
3602 663
3605 663
3605 662
3615 662
3615 663
3622 663
3622 662
3626 662
3626 663
3628 663
3628 662
3630 662
3630 663
3634 663
3634 664
3636 664
3636 665
3637 665
3637 667
3636 667
3636 665
3634 665
3634 664
3630 664
3630 663
3628 663
3628 664
3626 664
3626 663
3622 663
3622 664
3615 664
3615 663
3605 663
3605 664
3602 664
3602 665
3595 665
3595 666
3591 666
3591 667
3590 667
3590 668
3589 668
3589 669
3588 669
3588 670
3584 670
3584 671
3583 671
3583 672
3582 672
3582 674
3581 674
3581 676
3580 676
3580 677
3578 677
3578 678
3577 678
3577 679
3576 679
3576 680
3575 680
3575 681
3574 681
3574 682
3572 682
3572 683
3571 683
3571 684
3568 684
3568 687
3567 687
3567 689
3566 689
3566 690
3565 690
3565 691
3564 691
3564 692
3563 692
3563 693
3559 693
3559 694
3553 694
3553 698
3552 698
3552 701
3551 701
3551 703
3550 703
3550 705
3549 705
3549 706
3548 706
3548 707
3547 707
3547 708
3544 708
3544 709
3542 709
3542 710
3540 710
3540 725
3539 725
3539 737
3538 737
3538 748
3537 748
3537 750
3536 750
3536 753
3535 753
3535 755
3534 755
3534 757
3533 757
3533 758
3532 758
3532 759
3530 759
3530 760
3528 760
3528 775
3527 775
3527 804
3526 804
3526 832
3525 832
3525 855
3524 855
3524 870
3523 870
3523 899
3522 899
3522 925
3521 925
3521 935
3520 935
3520 937
3519 937
3519 939
3518 939
3518 940
3516 940
3516 941
3515 941
3515 942
3512 942
3512 943
3510 943
3510 944
3509 944
3509 949
3508 949
3508 962
3507 962
3507 983
3506 983
3506 992
3505 992
3505 996
3504 996
3504 997
3503 997
3503 998
3502 998
3502 999
3500 999
3500 1000
3496 1000
3496 1001
3492 1001
3492 1002
3491 1002
3491 1003
3481 1003
3481 1004
3476 1004
3476 1005
3471 1005
3471 1006
3460 1006
3460 1005
3455 1005
3455 1003
3454 1003
3454 1002
3451 1002
3451 1003
3448 1003
3448 1004
3447 1004
3447 1005
3446 1005
3446 1006
3429 1006
3429 1007
3427 1007
3427 1008
3426 1008
3426 1009
3424 1009
3424 1010
3413 1010
3413 1009
3410 1009
3410 1008
3408 1008
3408 1009
3406 1009
3406 1010
3403 1010
3403 1011
3402 1011
3402 1012
3400 1012
3400 1013
3399 1013
3399 1014
3396 1014
3396 1015
3395 1015
3395 1014
3390 1014
3390 1015
3387 1015
3387 1016
3383 1016
3383 1017
3379 1017
3379 1018
3377 1018
3377 1019
3375 1019
3375 1020
3371 1020
3371 1021
3359 1021
3359 1022
3356 1022
3356 1023
3354 1023
3354 1024
3353 1024
3353 1025
3352 1025
3352 1026
3351 1026
3351 1027
3349 1027
3349 1028
3341 1028
3341 1029
3339 1029
3339 1030
3319 1030
3319 1031
3316 1031
3316 1032
3302 1032
3302 1033
3299 1033
3299 1032
3295 1032
3295 1031
3293 1031
3293 1030
3290 1030
3290 1029
3289 1029
3289 1028
3288 1028
3288 1027
3287 1027
3287 1026
3280 1026
3280 1025
3277 1025
3277 1024
3275 1024
3275 1023
3272 1023
3272 1022
3271 1022
3271 1021
3267 1021
3267 1020
3265 1020
3265 1019
3263 1019
3263 1018
3262 1018
3262 1017
3261 1017
3261 1015
3260 1015
3260 1014
3259 1014
3259 1013
3258 1013
3258 1010
3257 1010
3257 1003
3258 1003
3258 985
3259 985
3259 983
3258 983
3258 981
3257 981
3257 980
3256 980
3256 978
3255 978
3255 977
3254 977
3254 976
3253 976
3253 975
3252 975
3252 974
3251 974
3251 973
3250 973
3250 972
3249 972
3249 970
3248 970
3248 964
3247 964
3247 954
3248 954
3248 937
3249 937
3249 906
3250 906
3250 875
3251 875
3251 846
3252 846
3252 824
3253 824
3253 803
3254 803
3254 767
3252 767
3252 766
3251 766
3251 765
3250 765
3250 764
3249 764
3249 763
3248 763
3248 762
3247 762
3247 761
3246 761
3246 760
3245 760
3245 758
3244 758
3244 755
3243 755
3243 753
3242 753
3242 752
3240 752
3240 751
3239 751
3239 750
3238 750
3238 749
3232 749
3232 748
3229 748
3229 747
3228 747
3228 746
3226 746
3226 745
3223 745
3223 746
3222 746
3222 749
3221 749
3221 755
3220 755
3220 767
3219 767
3219 773
3218 773
3218 774
3211 774
3211 775
3210 775
3210 782
3209 782
3209 792
3208 792
3208 799
3209 799
3209 800
3208 800
3208 812
3207 812
3207 827
3206 827
3206 828
3204 828
3204 830
3203 830
3203 831
3202 831
3202 832
3201 832
3201 833
3200 833
3200 834
3198 834
3198 835
3197 835
3197 836
3191 836
3191 837
3188 837
3188 838
3185 838
3185 839
3182 839
3182 840
3181 840
3181 841
3179 841
3179 842
3177 842
