2127 980
2128 980
2128 981
2129 981
2129 982
2130 982
2130 983
2132 983
2132 984
2136 984
2136 985
2138 985
2138 986
2140 986
2140 987
2141 987
2141 988
2143 988
2143 989
2145 989
2145 990
2146 990
2146 991
2149 991
2149 992
2150 992
2150 993
2151 993
2151 994
2154 994
2154 995
2156 995
2156 996
2158 996
2158 997
2160 997
2160 998
2162 998
2162 999
2164 999
2164 1000
2165 1000
2165 1001
2167 1001
2167 1002
2169 1002
2169 1003
2170 1003
2170 1004
2172 1004
2172 1005
2173 1005
2173 1006
2174 1006
2174 1007
2175 1007
2175 1008
2177 1008
2177 1009
2178 1009
2178 1010
2180 1010
2180 1011
2181 1011
2181 1012
2182 1012
2182 1013
2184 1013
2184 1014
2186 1014
2186 1015
2188 1015
2188 1016
2191 1016
2191 1017
2193 1017
2193 1018
2198 1018
2198 1019
2202 1019
2202 1020
2207 1020
2207 1021
2210 1021
2210 1022
2214 1022
2214 1023
2215 1023
2215 1024
2217 1024
2217 1025
2219 1025
2219 1026
2224 1026
2224 1027
2228 1027
2228 1028
2230 1028
2230 1029
2231 1029
2231 1031
2232 1031
2232 1032
2233 1032
2233 1035
2234 1035
2234 1036
2235 1036
2235 1037
2236 1037
2236 1038
2237 1038
2237 1039
2239 1039
2239 1040
2251 1040
2251 1039
2253 1039
2253 1038
2257 1038
2257 1037
2259 1037
2259 1036
2261 1036
2261 1035
2262 1035
2262 1033
2263 1033
2263 1029
2262 1029
2262 1019
2268 1019
2268 1020
2270 1020
2270 1021
2271 1021
2271 1022
2272 1022
2272 1023
2273 1023
2273 1024
2280 1024
2280 1023
2284 1023
2284 1022
2287 1022
2287 1021
2295 1021
2295 1020
2298 1020
2298 1019
2308 1019
2308 1018
2311 1018
2311 1017
2312 1017
2312 1016
2313 1016
2313 1015
2315 1015
2315 1014
2320 1014
2320 1013
2328 1013
2328 1014
2329 1014
2329 1015
2330 1015
2330 1016
2332 1016
2332 1017
2333 1017
2333 1018
2335 1018
2335 1019
2336 1019
2336 1020
2337 1020
2337 1021
2338 1021
2338 1022
2339 1022
2339 1026
2340 1026
2340 1029
2341 1029
2341 1031
2342 1031
2342 1033
2343 1033
2343 1034
2344 1034
2344 1035
2345 1035
2345 1036
2346 1036
2346 1037
2347 1037
2347 1038
2348 1038
2348 1039
2349 1039
2349 1040
2350 1040
2350 1044
2351 1044
2351 1048
2352 1048
2352 1052
2353 1052
2353 1055
2354 1055
2354 1056
2355 1056
2355 1057
2357 1057
2357 1058
2359 1058
2359 1059
2369 1059
2369 1058
2370 1058
2370 1057
2371 1057
2371 1055
2372 1055
2372 1054
2373 1054
2373 1053
2374 1053
2374 1052
2375 1052
2375 1051
2386 1051
2386 1052
2389 1052
2389 1051
2392 1051
2392 1050
2394 1050
2394 1049
2396 1049
2396 1048
2398 1048
2398 1049
2405 1049
2405 1048
2406 1048
2406 1047
2407 1047
2407 1046
2408 1046
2408 1045
2409 1045
2409 1044
2412 1044
2412 1043
2413 1043
2413 1042
2414 1042
2414 1041
2418 1041
2418 1040
2419 1040
2419 1039
2420 1039
2420 1037
2419 1037
2419 1027
2420 1027
2420 1026
2421 1026
2421 1024
2422 1024
2422 1004
2423 1004
2423 1000
2424 1000
2424 999
2425 999
2425 998
2432 998
2432 997
2434 997
2434 995
2435 995
2435 994
2436 994
2436 991
2437 991
2437 989
2438 989
2438 988
2439 988
2439 987
2444 987
2444 986
2446 986
2446 985
2451 985
2451 984
2456 984
2456 983
2465 983
2465 982
2476 982
2476 981
2497 981
2497 982
2499 982
2499 983
2500 983
2500 984
2502 984
2502 985
2504 985
2504 986
2507 986
2507 987
2508 987
2508 988
2509 988
2509 989
2510 989
2510 990
2511 990
2511 991
2515 991
2515 992
2518 992
2518 994
2519 994
2519 995
2520 995
2520 997
2522 997
2522 998
2523 998
2523 999
2525 999
2525 1000
2527 1000
2527 1001
2529 1001
2529 1002
2533 1002
2533 1003
2542 1003
2542 1004
2557 1004
2557 1005
2558 1005
2558 1006
2560 1006
2560 1007
2575 1007
2575 1006
2582 1006
2582 1005
2584 1005
2584 1004
2585 1004
2585 1003
2586 1003
2586 1002
2588 1002
2588 1001
2590 1001
2590 1000
2593 1000
2593 998
2594 998
2594 996
2595 996
2595 995
2596 995
2596 994
2597 994
2597 993
2603 993
2603 992
2605 992
2605 991
2607 991
2607 990
2608 990
2608 989
2609 989
2609 988
2610 988
2610 987
2611 987
2611 982
2612 982
2612 970
2613 970
2613 968
2614 968
2614 967
2615 967
2615 966
2632 966
2632 965
2634 965
2634 964
2637 964
2637 963
2663 963
2663 964
2665 964
2665 965
2666 965
2666 966
2668 966
2668 967
2675 967
2675 968
2676 968
2676 969
2678 969
2678 970
2679 970
2679 971
2681 971
2681 972
2691 972
2691 971
2696 971
2696 972
2702 972
2702 971
2704 971
2704 968
2705 968
2705 963
2706 963
2706 956
2707 956
2707 955
2713 955
2713 954
2716 954
2716 953
2726 953
2726 954
2732 954
2732 955
2738 955
2738 954
2739 954
2739 953
2740 953
2740 951
2741 951
2741 946
2742 946
2742 928
2743 928
2743 927
2748 927
2748 928
2749 928
2749 929
2750 929
2750 930
2751 930
2751 931
2752 931
2752 933
2753 933
2753 936
2754 936
2754 937
2755 937
2755 939
2756 939
2756 943
2757 943
2757 945
2758 945
2758 947
2760 947
2760 948
2761 948
2761 949
2762 949
2762 960
2763 960
2763 961
2764 961
2764 962
2765 962
2765 964
2766 964
2766 965
2775 965
2775 963
2776 963
2776 962
2777 962
2777 961
2778 961
2778 960
2779 960
2779 959
2782 959
2782 958
2783 958
2783 957
2788 957
2788 958
2789 958
2789 959
2790 959
2790 962
2791 962
2791 964
2792 964
2792 966
2793 966
2793 967
2794 967
2794 968
2796 968
2796 969
2800 969
2800 970
2808 970
2808 969
2809 969
2809 968
2811 968
2811 967
2812 967
2812 966
2814 966
2814 952
2815 952
2815 942
2816 942
2816 935
2817 935
2817 929
2818 929
2818 926
2819 926
2819 923
2820 923
2820 921
2821 921
2821 920
2822 920
2822 919
2825 919
2825 918
2830 918
2830 919
2833 919
2833 918
2844 918
2844 917
2849 917
2849 916
2850 916
2850 917
2851 917
2851 993
2852 993
2852 995
2853 995
2853 997
2854 997
2854 998
2855 998
2855 999
2856 999
2856 1000
2858 1000
2858 1001
2860 1001
2860 1002
2861 1002
2861 1003
2862 1003
2862 1004
2863 1004
2863 1005
2864 1005
2864 1007
2865 1007
2865 1010
2866 1010
2866 1011
2867 1011
2867 1012
2868 1012
2868 1013
2869 1013
2869 1014
2872 1014
2872 1015
2873 1015
2873 1016
2874 1016
2874 1017
2875 1017
2875 1020
2876 1020
2876 1039
2877 1039
2877 1041
2878 1041
2878 1042
2879 1042
2879 1043
2882 1043
2882 1044
2883 1044
2883 1045
2884 1045
2884 1046
2886 1046
2886 1047
2887 1047
2887 1048
2888 1048
2888 1051
2889 1051
2889 1053
2890 1053
2890 1054
2891 1054
2891 1055
2892 1055
2892 1056
2895 1056
2895 1057
2910 1057
2910 1058
2911 1058
2911 1059
2912 1059
2912 1060
2913 1060
2913 1061
2914 1061
2914 1062
2915 1062
2915 1063
2918 1063
2918 1064
2924 1064
2924 1063
2927 1063
2927 1062
2932 1062
2932 1061
2935 1061
2935 1060
2936 1060
2936 1059
2937 1059
2937 1058
2938 1058
2938 1054
2939 1054
2939 1051
2940 1051
2940 1050
2941 1050
2941 1049
2942 1049
2942 1048
2943 1048
2943 1047
2944 1047
2944 1046
2946 1046
2946 1045
2948 1045
2948 1044
2949 1044
2949 1043
2951 1043
2951 1042
2956 1042
2956 1041
2958 1041
2958 1040
2961 1040
2961 1038
2962 1038
2962 1037
2963 1037
2963 1021
2964 1021
2964 999
2965 999
2965 983
2966 983
2966 939
2967 939
2967 937
2968 937
2968 936
2974 936
2974 935
2975 935
2975 934
2976 934
2976 933
2977 933
2977 932
2978 932
2978 911
2979 911
2979 910
2981 910
2981 911
2983 911
2983 912
2984 912
2984 913
2985 913
2985 914
2992 914
2992 915
3001 915
3001 916
3011 916
3011 915
3012 915
3012 914
3013 914
3013 908
3014 908
3014 871
3015 871
3015 869
3018 869
3018 870
3020 870
3020 871
3021 871
3021 873
3022 873
3022 874
3023 874
3023 875
3024 875
3024 876
3028 876
3028 877
3029 877
3029 878
3031 878
3031 879
3032 879
3032 880
3033 880
3033 882
3034 882
3034 883
3035 883
3035 884
3036 884
3036 885
3038 885
3038 886
3041 886
3041 887
3042 887
3042 888
3043 888
3043 893
3044 893
3044 896
3045 896
3045 899
3046 899
3046 900
3047 900
3047 901
3048 901
3048 902
3050 902
3050 903
3052 903
3052 904
3054 904
3054 905
3055 905
3055 906
3056 906
3056 907
3057 907
3057 908
3058 908
3058 909
3059 909
3059 910
3060 910
3060 911
3061 911
3061 912
3064 912
3064 913
3070 913
3070 914
3071 914
3071 915
3072 915
3072 917
3073 917
3073 918
3074 918
3074 919
3087 919
3087 920
3088 920
3088 921
3094 921
3094 920
3097 920
3097 919
3099 919
3099 918
3100 918
3100 916
3101 916
3101 912
3102 912
3102 907
3103 907
3103 903
3104 903
3104 900
3105 900
3105 899
3107 899
3107 898
3112 898
3112 897
3122 897
3122 896
3124 896
3124 895
3125 895
3125 894
3128 894
3128 893
3131 893
3131 892
3138 892
3138 891
3147 891
3147 890
3152 890
3152 889
3157 889
3157 888
3162 888
3162 887
3164 887
3164 886
3171 886
3171 885
3175 885
3175 884
3183 884
3183 883
3186 883
3186 882
3189 882
3189 881
3197 881
3197 880
3198 880
3198 877
3197 877
3197 876
3198 876
3198 868
3199 868
3199 867
3200 867
3200 866
3227 866
3227 865
3230 865
3230 864
3231 864
3231 852
3232 852
3232 851
3233 851
3233 850
3240 850
3240 849
3241 849
3241 848
3244 848
3244 847
3248 847
3248 846
3254 846
3254 845
3255 845
3255 844
3257 844
3257 843
3258 843
3258 842
3262 842
3262 841
3264 841
3264 840
3278 840
3278 839
3279 839
3279 838
3280 838
3280 836
3281 836
3281 833
3282 833
3282 832
3283 832
3283 831
3284 831
3284 832
3295 832
3295 833
3299 833
3299 834
3300 834
3300 835
3302 835
3302 836
3304 836
3304 837
3306 837
3306 838
3318 838
3318 839
3332 839
3332 840
3344 840
3344 839
3348 839
3348 838
3350 838
3350 839
3351 839
3351 838
3359 838
3359 837
3361 837
3361 836
3363 836
3363 835
3365 835
3365 834
3370 834
3370 833
3374 833
3374 834
3381 834
3381 833
3386 833
3386 832
3394 832
3394 831
3396 831
3396 830
3399 830
3399 829
3411 829
3411 828
3413 828
3413 827
3415 827
3415 826
3417 826
3417 825
3420 825
3420 824
3422 824
3422 823
3424 823
3424 822
3430 822
3430 821
3433 821
3433 820
3435 820
3435 819
3436 819
3436 818
3437 818
3437 817
3439 817
3439 816
3440 816
3440 815
3442 815
3442 814
3444 814
3444 813
3449 813
3449 812
3452 812
3452 813
3454 813
3454 819
3463 819
3463 820
3465 820
3465 817
3466 817
3466 816
3467 816
3467 815
3469 815
3469 814
3482 814
3482 813
3495 813
3495 812
3499 812
3499 811
3506 811
3506 810
3507 810
3507 809
3509 809
3509 808
3513 808
3513 807
3515 807
3515 808
3516 808
3516 815
3517 815
3517 814
3522 814
3522 813
3524 813
3524 812
3527 812
3527 811
3531 811
3531 810
3534 810
3534 809
3539 809
3539 808
3540 808
3540 807
3545 807
3545 806
3546 806
3546 805
3547 805
3547 804
3548 804
3548 803
3550 803
3550 801
3551 801
3551 797
3552 797
3552 796
3553 796
3553 795
3555 795
3555 794
3556 794
3556 793
3560 793
3560 792
3565 792
3565 791
3580 791
3580 792
3585 792
3585 793
3586 793
3586 792
3593 792
3593 793
3594 793
3594 794
3595 794
3595 795
3596 795
3596 796
3597 796
3597 798
3598 798
3598 799
3599 799
3599 801
3598 801
3598 799
3597 799
3597 798
3596 798
3596 796
3595 796
3595 795
3594 795
3594 794
3593 794
3593 793
3586 793
3586 794
3585 794
3585 793
3580 793
3580 792
3565 792
3565 793
3560 793
3560 794
3556 794
3556 795
3555 795
3555 796
3553 796
3553 797
3552 797
3552 801
3551 801
3551 803
3550 803
3550 804
3548 804
3548 805
3547 805
3547 806
3546 806
3546 807
3545 807
3545 808
3540 808
3540 809
3539 809
3539 810
3534 810
3534 811
3531 811
3531 812
3527 812
3527 813
3524 813
3524 814
3522 814
3522 815
3517 815
3517 816
3516 816
3516 815
3515 815
3515 808
3513 808
3513 809
3509 809
3509 810
3507 810
3507 811
3506 811
3506 812
3499 812
3499 813
3495 813
3495 814
3482 814
3482 815
3469 815
3469 816
3467 816
3467 817
3466 817
3466 820
3465 820
3465 821
3463 821
3463 820
3453 820
3453 814
3452 814
3452 813
3449 813
3449 814
3444 814
3444 815
3442 815
3442 816
3440 816
3440 817
3439 817
3439 818
3437 818
3437 819
3436 819
3436 820
3435 820
3435 821
3433 821
3433 822
3430 822
3430 823
3424 823
3424 824
3422 824
3422 825
3420 825
3420 826
3417 826
3417 827
3415 827
3415 828
3413 828
3413 829
3411 829
3411 830
3399 830
3399 831
3396 831
3396 832
3394 832
3394 833
3386 833
3386 834
3381 834
3381 835
3374 835
3374 834
3370 834
3370 835
3365 835
3365 836
3363 836
3363 837
3361 837
3361 838
3359 838
3359 839
3351 839
3351 840
3350 840
3350 839
3348 839
3348 840
3344 840
3344 841
3332 841
3332 840
3318 840
3318 839
3306 839
3306 838
3304 838
3304 837
3302 837
3302 836
3300 836
3300 835
3299 835
3299 834
3295 834
3295 833
3284 833
3284 832
3283 832
3283 833
3282 833
3282 836
3281 836
3281 838
3280 838
3280 839
3279 839
3279 840
3278 840
3278 841
3264 841
3264 842
3262 842
3262 843
3258 843
3258 844
3257 844
3257 845
3255 845
3255 846
3254 846
3254 847
3248 847
3248 848
3244 848
3244 849
3241 849
3241 850
3240 850
3240 851
3233 851
3233 852
3232 852
3232 865
3231 865
3231 866
3228 866
3228 867
3200 867
3200 868
3199 868
3199 876
3198 876
3198 877
3199 877
3199 881
3198 881
3198 882
3189 882
3189 883
3186 883
3186 884
3183 884
3183 885
3175 885
3175 886
3171 886
3171 887
3164 887
3164 888
3162 888
3162 889
3157 889
3157 890
3152 890
3152 891
3147 891
3147 892
3138 892
3138 893
3131 893
3131 894
3128 894
3128 895
3125 895
3125 896
3124 896
3124 897
3122 897
3122 898
3112 898
3112 899
3107 899
3107 900
3105 900
3105 903
3104 903
3104 907
3103 907
3103 912
3102 912
3102 916
3101 916
3101 918
3100 918
3100 919
3099 919
3099 920
3097 920
3097 921
3094 921
3094 922
3088 922
3088 921
3087 921
3087 920
3074 920
3074 919
3073 919
3073 918
3072 918
3072 917
3071 917
3071 915
3070 915
3070 914
3064 914
3064 913
3061 913
3061 912
3060 912
3060 911
3059 911
3059 910
3058 910
3058 909
3057 909
3057 908
3056 908
3056 907
3055 907
3055 906
3054 906
3054 905
3052 905
3052 904
3050 904
3050 903
3048 903
3048 902
3047 902
3047 901
3046 901
3046 900
3045 900
3045 899
3044 899
3044 896
3043 896
3043 893
3042 893
3042 888
3041 888
3041 887
3038 887
3038 886
3036 886
3036 885
3035 885
3035 884
3034 884
3034 883
3033 883
3033 882
3032 882
3032 880
3031 880
3031 879
3029 879
3029 878
3028 878
3028 877
3024 877
3024 876
3023 876
3023 875
3022 875
3022 874
3021 874
3021 873
3020 873
3020 871
3018 871
3018 870
3016 870
3016 871
3015 871
3015 908
3014 908
3014 914
3013 914
3013 915
3012 915
3012 916
3011 916
3011 917
3001 917
3001 916
2992 916
2992 915
2985 915
2985 914
2984 914
2984 913
2983 913
2983 912
2981 912
2981 911
2979 911
2979 932
2978 932
2978 933
2977 933
2977 934
2976 934
2976 935
2975 935
2975 936
2974 936
2974 937
2968 937
2968 939
2967 939
2967 983
2966 983
2966 999
2965 999
2965 1021
2964 1021
2964 1037
2963 1037
2963 1038
2962 1038
2962 1040
2961 1040
2961 1041
2958 1041
2958 1042
2956 1042
2956 1043
2951 1043
2951 1044
2949 1044
2949 1045
2948 1045
2948 1046
2946 1046
2946 1047
2944 1047
2944 1048
2943 1048
2943 1049
2942 1049
2942 1050
2941 1050
2941 1051
2940 1051
2940 1054
2939 1054
2939 1058
2938 1058
2938 1059
2937 1059
2937 1060
2936 1060
2936 1061
2935 1061
2935 1062
2932 1062
2932 1063
2927 1063
2927 1064
2924 1064
2924 1065
2918 1065
2918 1064
2915 1064
2915 1063
2914 1063
2914 1062
2913 1062
2913 1061
2912 1061
2912 1060
2911 1060
2911 1059
2910 1059
2910 1058
2895 1058
2895 1057
2892 1057
2892 1056
2891 1056
2891 1055
2890 1055
2890 1054
2889 1054
2889 1053
2888 1053
2888 1051
2887 1051
2887 1048
2886 1048
2886 1047
2884 1047
2884 1046
2883 1046
2883 1045
2882 1045
2882 1044
2879 1044
2879 1043
2878 1043
2878 1042
2877 1042
2877 1041
2876 1041
2876 1039
2875 1039
2875 1020
2874 1020
2874 1017
2873 1017
2873 1016
2872 1016
2872 1015
2869 1015
2869 1014
2868 1014
2868 1013
2867 1013
2867 1012
2866 1012
2866 1011
2865 1011
2865 1010
2864 1010
2864 1007
2863 1007
2863 1005
2862 1005
2862 1004
2861 1004
2861 1003
2860 1003
2860 1002
2858 1002
2858 1001
2856 1001
2856 1000
2855 1000
2855 999
2854 999
2854 998
2853 998
2853 997
2852 997
2852 995
2851 995
2851 993
2850 993
2850 917
2849 917
2849 918
2844 918
2844 919
2833 919
2833 920
2830 920
2830 919
2825 919
2825 920
2822 920
2822 921
2821 921
2821 923
2820 923
2820 926
2819 926
2819 929
2818 929
2818 935
2817 935
2817 942
2816 942
2816 952
2815 952
2815 966
2814 966
2814 967
2812 967
2812 968
2811 968
2811 969
2809 969
2809 970
2808 970
2808 971
2800 971
2800 970
2796 970
2796 969
2794 969
2794 968
2793 968
2793 967
2792 967
2792 966
2791 966
2791 964
2790 964
2790 962
2789 962
2789 959
2788 959
2788 958
2783 958
2783 959
2782 959
2782 960
2779 960
2779 961
2778 961
2778 962
2777 962
2777 963
2776 963
2776 965
2775 965
2775 966
2766 966
2766 965
2765 965
2765 964
2764 964
2764 962
2763 962
2763 961
2762 961
2762 960
2761 960
2761 949
2760 949
2760 948
2758 948
2758 947
2757 947
2757 945
2756 945
2756 943
2755 943
2755 939
2754 939
2754 937
2753 937
2753 936
2752 936
2752 933
2751 933
2751 931
2750 931
2750 930
2749 930
2749 929
2748 929
2748 928
2743 928
2743 946
2742 946
2742 951
2741 951
2741 953
2740 953
2740 954
2739 954
2739 955
2738 955
2738 956
2732 956
2732 955
2726 955
2726 954
2716 954
2716 955
2713 955
2713 956
2707 956
2707 963
2706 963
2706 968
2705 968
2705 971
2704 971
2704 972
2702 972
2702 973
2696 973
2696 972
2691 972
2691 973
2681 973
2681 972
2679 972
2679 971
2678 971
2678 970
2676 970
2676 969
2675 969
2675 968
2668 968
2668 967
2666 967
2666 966
2665 966
2665 965
2663 965
2663 964
2637 964
2637 965
2634 965
2634 966
2632 966
2632 967
2615 967
2615 968
2614 968
2614 970
2613 970
2613 982
2612 982
2612 987
2611 987
2611 988
2610 988
2610 989
2609 989
2609 990
2608 990
2608 991
2607 991
2607 992
2605 992
2605 993
2603 993
2603 994
2597 994
2597 995
2596 995
2596 996
2595 996
2595 998
2594 998
2594 1001
2590 1001
2590 1002
2588 1002
2588 1003
2586 1003
2586 1004
2585 1004
2585 1005
2584 1005
2584 1006
2582 1006
2582 1007
2575 1007
2575 1008
2560 1008
2560 1007
2558 1007
2558 1006
2557 1006
2557 1005
2542 1005
2542 1004
2533 1004
2533 1003
2529 1003
2529 1002
2527 1002
2527 1001
2525 1001
2525 1000
2523 1000
2523 999
2522 999
2522 998
2520 998
2520 997
2519 997
2519 995
2518 995
2518 994
2517 994
2517 993
2515 993
2515 992
2511 992
2511 991
2510 991
2510 990
2509 990
2509 989
2508 989
2508 988
2507 988
2507 987
2504 987
2504 986
2502 986
2502 985
2500 985
2500 984
2499 984
2499 983
2497 983
2497 982
2476 982
2476 983
2465 983
2465 984
2456 984
2456 985
2451 985
2451 986
2446 986
2446 987
2444 987
2444 988
2439 988
2439 989
2438 989
2438 991
2437 991
2437 994
2436 994
2436 995
2435 995
2435 997
2434 997
2434 998
2432 998
2432 999
2425 999
2425 1000
2424 1000
2424 1004
2423 1004
2423 1024
2422 1024
2422 1026
2421 1026
2421 1027
2420 1027
2420 1037
2421 1037
2421 1039
2420 1039
2420 1040
2419 1040
2419 1041
2418 1041
2418 1042
2414 1042
2414 1043
2413 1043
2413 1044
2412 1044
2412 1045
2409 1045
2409 1046
2408 1046
2408 1047
2407 1047
2407 1048
2406 1048
2406 1050
2398 1050
2398 1049
2396 1049
2396 1050
2394 1050
2394 1051
2392 1051
2392 1052
2389 1052
2389 1053
2386 1053
2386 1052
2375 1052
2375 1053
2374 1053
2374 1054
2373 1054
2373 1055
2372 1055
2372 1057
2371 1057
2371 1058
2370 1058
2370 1059
2369 1059
2369 1060
2359 1060
2359 1059
2357 1059
2357 1058
2355 1058
2355 1057
2354 1057
2354 1056
2353 1056
2353 1055
2352 1055
2352 1052
2351 1052
2351 1048
2350 1048
2350 1044
2349 1044
2349 1040
2348 1040
2348 1039
2347 1039
2347 1038
2346 1038
2346 1037
2345 1037
2345 1036
2344 1036
2344 1035
2343 1035
2343 1034
2342 1034
2342 1033
2341 1033
2341 1031
2340 1031
2340 1029
2339 1029
2339 1026
2338 1026
2338 1022
2337 1022
2337 1021
2336 1021
2336 1020
2335 1020
2335 1019
2333 1019
2333 1018
2332 1018
2332 1017
2330 1017
2330 1016
2329 1016
2329 1015
2328 1015
2328 1014
2320 1014
2320 1015
2315 1015
2315 1016
2313 1016
2313 1017
2312 1017
2312 1018
2311 1018
2311 1019
2308 1019
2308 1020
2298 1020
2298 1021
2295 1021
2295 1022
2287 1022
2287 1023
2284 1023
2284 1024
2280 1024
2280 1025
2273 1025
2273 1024
2272 1024
2272 1023
2271 1023
2271 1022
2270 1022
2270 1021
2268 1021
2268 1020
2263 1020
2263 1029
2264 1029
2264 1033
2263 1033
2263 1035
2262 1035
2262 1036
2261 1036
2261 1037
2259 1037
2259 1038
2257 1038
2257 1039
2253 1039
2253 1040
2251 1040
2251 1041
2239 1041
2239 1040
2237 1040
2237 1039
2236 1039
2236 1038
2235 1038
2235 1037
2234 1037
2234 1036
2233 1036
2233 1035
2232 1035
2232 1032
2231 1032
2231 1031
2230 1031
2230 1029
2228 1029
2228 1028
2224 1028
2224 1027
2219 1027
2219 1026
2217 1026
2217 1025
2215 1025
2215 1024
2214 1024
2214 1023
2210 1023
2210 1022
2207 1022
2207 1021
2202 1021
2202 1020
2198 1020
2198 1019
2193 1019
2193 1018
2191 1018
2191 1017
2188 1017
2188 1016
2186 1016
2186 1015
2184 1015
2184 1014
2182 1014
2182 1013
2181 1013
2181 1012
2180 1012
2180 1011
2178 1011
2178 1010
2177 1010
2177 1009
2175 1009
2175 1008
2174 1008
2174 1007
2173 1007
2173 1006
2172 1006
2172 1005
2170 1005
2170 1004
2169 1004
2169 1003
2167 1003
2167 1002
2165 1002
2165 1001
2164 1001
2164 1000
2162 1000
2162 999
2160 999
2160 998
2158 998
2158 997
2156 997
2156 996
2154 996
2154 995
2151 995
2151 994
2150 994
2150 993
2149 993
2149 992
2146 992
2146 991
2145 991
2145 990
2143 990
2143 989
2141 989
2141 988
2140 988
2140 987
2138 987
2138 986
2136 986
2136 985
2132 985
2132 984
2130 984
2130 983
2129 983
2129 982
2128 982
2128 981
2127 981
2127 980
2126 980
2126 979
2125 979
2125 978
2124 978
2124 977
2123 977
2123 975
2122 975
2122 974
2121 974
2121 973
2120 973
2120 972
2119 972
2119 971
2118 971
2118 970
2117 970
2117 969
2116 969
2116 968
2115 968
2115 967
2113 967
2113 966
2111 966
2111 965
2110 965
2110 964
2107 964
2107 963
2102 963
2102 962
2101 962
2101 961
2100 961
2100 960
2099 960
2099 959
2098 959
2098 958
2097 958
2097 957
2096 957
2096 955
2095 955
2095 954
2094 954
2094 953
2091 953
2091 952
2087 952
2087 951
2083 951
2083 950
2082 950
2082 949
2081 949
2081 948
2080 948
2080 947
2079 947
2079 946
2078 946
2078 945
2077 945
2077 944
2076 944
2076 943
2072 943
2072 942
2066 942
2066 941
2063 941
2063 940
2062 940
2062 939
2061 939
2061 938
2060 938
2060 937
2058 937
2058 936
2057 936
2057 935
2055 935
2055 934
2054 934
2054 933
2052 933
2052 932
2051 932
2051 931
2049 931
2049 930
2046 930
2046 929
2023 929
2023 928
2021 928
2021 927
2020 927
2020 926
2018 926
2018 925
2013 925
2013 924
2006 924
2006 923
2004 923
2004 922
2003 922
2003 921
2002 921
2002 920
2001 920
2001 919
2000 919
2000 918
1999 918
1999 917
1998 917
1998 916
1997 916
1997 915
1995 915
1995 914
1992 914
1992 913
1991 913
1991 912
1989 912
1989 911
1988 911
1988 910
1987 910
1987 909
1985 909
1985 908
1984 908
1984 907
1983 907
1983 906
1982 906
1982 905
1981 905
1981 903
1980 903
1980 902
1979 902
1979 900
1978 900
1978 898
1977 898
1977 897
1976 897
1976 896
1975 896
1975 895
1973 895
1973 894
1972 894
1972 893
1970 893
1970 892
1968 892
1968 891
1965 891
1965 890
1959 890
1959 889
1945 889
1945 890
1944 890
1944 891
1942 891
1942 892
1940 892
1940 893
1930 893
1930 894
1927 894
1927 895
1926 895
1926 903
1925 903
1925 917
1924 917
1924 932
1923 932
1923 944
1922 944
1922 955
1921 955
1921 963
1920 963
1920 972
1919 972
1919 977
1918 977
1918 981
1917 981
1917 987
1916 987
1916 993
1915 993
1915 997
1914 997
1914 1005
1913 1005
1913 1018
1912 1018
1912 1024
1913 1024
1913 1030
1912 1030
1912 1036
1911 1036
1911 1041
1910 1041
1910 1044
1909 1044
1909 1045
1908 1045
1908 1047
1907 1047
1907 1048
1905 1048
1905 1049
1904 1049
1904 1051
1903 1051
1903 1052
1902 1052
1902 1053
1901 1053
1901 1054
1900 1054
1900 1055
1899 1055
1899 1056
1897 1056
1897 1057
1896 1057
1896 1059
1895 1059
1895 1060
1894 1060
1894 1062
1893 1062
1893 1063
1892 1063
1892 1064
1891 1064
1891 1065
1890 1065
1890 1066
1889 1066
1889 1067
1886 1067
1886 1068
1883 1068
1883 1069
1881 1069
1881 1070
1877 1070
1877 1071
1869 1071
1869 1070
1868 1070
1868 1071
1865 1071
1865 1072
1854 1072
1854 1070
1853 1070
1853 1069
1832 1069
1832 1068
1826 1068
1826 1067
1823 1067
1823 1066
1822 1066
1822 1065
1821 1065
1821 1064
1820 1064
1820 1063
1819 1063
1819 1061
1818 1061
1818 1060
1817 1060
1817 1053
1816 1053
1816 1045
1815 1045
1815 1040
1816 1040
1816 1039
1817 1039
1817 1038
1819 1038
1819 1037
1820 1037
1820 1006
1821 1006
1821 1000
1820 1000
1820 999
1821 999
1821 980
1822 980
1822 955
1823 955
1823 931
1822 931
1822 929
1821 929
1821 928
1820 928
1820 927
1818 927
1818 926
1815 926
1815 925
1812 925
1812 924
1810 924
1810 923
1809 923
1809 922
1808 922
1808 921
1807 921
1807 920
1806 920
1806 919
1805 919
1805 918
1804 918
1804 917
1803 917
1803 916
1802 916
1802 915
1801 915
1801 914
1799 914
1799 913
1797 913
1797 912
1795 912
1795 911
1793 911
1793 910
1792 910
1792 909
1791 909
1791 907
1790 907
1790 905
1789 905
1789 903
1788 903
1788 897
1787 897
1787 896
1786 896
1786 895
1785 895
1785 894
1784 894
1784 893
1783 893
1783 892
1782 892
1782 891
1781 891
1781 890
1780 890
1780 889
1779 889
1779 888
1778 888
1778 887
1777 887
1777 886
1776 886
1776 885
1775 885
1775 884
1774 884
1774 883
1773 883
1773 881
1772 881
1772 878
1771 878
1771 876
1770 876
1770 874
1769 874
1769 873
1768 873
1768 872
1767 872
1767 871
1766 871
1766 869
1765 869
1765 868
1764 868
1764 866
1763 866
1763 865
1762 865
1762 864
1761 864
1761 863
1758 863
1758 862
1756 862
1756 863
1755 863
1755 864
1754 864
1754 865
1752 865
1752 866
1750 866
1750 867
1747 867
1747 868
1744 868
1744 869
1741 869
1741 870
1739 870
1739 872
1738 872
1738 881
1739 881
1739 883
1740 883
1740 886
1741 886
1741 891
1740 891
1740 892
1739 892
1739 893
1735 893
1735 894
1732 894
1732 895
1729 895
1729 897
1728 897
1728 898
1727 898
1727 901
1726 901
1726 903
1725 903
1725 904
1724 904
1724 907
1723 907
1723 908
1714 908
1714 907
1713 907
1713 905
1712 905
1712 893
1710 893
1710 892
1701 892
1701 891
1696 891
1696 892
1695 892
1695 897
1694 897
1694 914
1693 914
1693 916
1694 916
1694 920
1695 920
1695 924
1696 924
1696 927
1697 927
1697 931
1698 931
1698 932
1697 932
1697 934
1696 934
1696 935
1695 935
1695 936
1694 936
1694 937
1693 937
1693 938
1687 938
1687 937
1686 937
1686 938
1683 938
1683 939
1681 939
1681 940
1680 940
1680 941
1678 941
1678 942
1676 942
1676 943
1674 943
1674 944
1673 944
1673 945
1671 945
1671 946
1668 946
1668 947
1665 947
1665 948
1651 948
1651 947
1648 947
1648 946
1623 946
1623 947
1616 947
1616 948
1611 948
1611 949
1607 949
1607 950
1606 950
1606 949
1602 949
1602 948
1598 948
1598 947
1591 947
1591 946
1588 946
1588 945
1586 945
1586 944
1584 944
1584 943
1581 943
1581 942
1578 942
1578 941
1572 941
1572 940
1562 940
1562 939
1558 939
1558 938
1557 938
1557 937
1554 937
1554 936
1550 936
1550 935
1548 935
1548 934
1547 934
1547 932
1546 932
1546 931
1545 931
1545 929
1544 929
1544 927
1543 927
1543 926
1541 926
1541 925
1540 925
1540 924
1538 924
1538 923
1536 923
1536 922
1535 922
1535 921
1534 921
1534 920
1533 920
1533 917
1532 917
1532 906
1533 906
1533 881
1534 881
1534 867
1535 867
1535 845
1536 845
1536 827
1537 827
1537 804
1536 804
1536 802
1535 802
1535 801
1533 801
1533 800
1532 800
1532 798
1531 798
1531 797
1530 797
1530 795
1529 795
1529 793
1528 793
1528 792
1526 792
1526 791
1524 791
1524 790
1521 790
1521 789
1520 789
1520 788
1519 788
1519 787
1518 787
1518 784
1517 784
1517 780
1516 780
1516 779
1515 779
1515 778
1512 778
1512 777
1510 777
1510 776
1509 776
1509 775
1508 775
1508 774
1507 774
1507 773
1506 773
1506 771
1505 771
1505 758
1504 758
1504 757
1502 757
1502 756
1499 756
1499 755
1497 755
1497 754
1496 754
1496 752
1495 752
1495 747
1494 747
1494 744
1495 744
1495 738
1494 738
1494 733
1493 733
1493 732
1490 732
1490 731
1488 731
1488 730
1487 730
1487 729
1486 729
1486 727
1485 727
1485 726
1450 726
1450 730
1449 730
1449 740
1450 740
1450 743
1451 743
1451 744
1452 744
1452 746
1453 746
1453 745
1455 745
1455 746
1453 746
1453 747
1452 747
1452 750
1451 750
1451 753
1450 753
1450 756
1449 756
1449 758
1448 758
1448 759
1446 759
1446 760
1437 760
1437 761
1432 761
1432 762
1429 762
1429 764
1428 764
1428 765
1426 765
1426 766
1421 766
1421 767
1420 767
1420 768
1418 768
1418 770
1417 770
1417 771
1416 771
1416 772
1414 772
1414 773
1409 773
1409 774
1404 774
1404 775
1402 775
1402 776
1401 776
1401 778
1402 778
1402 779
1401 779
1401 778
1397 778
1397 779
1396 779
1396 780
1395 780
1395 782
1394 782
1394 796
1395 796
1395 797
1396 797
1396 799
1395 799
1395 801
1394 801
1394 804
1393 804
1393 805
1392 805
1392 806
1391 806
1391 807
1389 807
1389 808
1386 808
1386 809
1384 809
1384 810
1382 810
1382 812
1381 812
1381 813
1380 813
1380 815
1379 815
1379 817
1378 817
1378 818
1374 818
1374 819
1372 819
1372 820
1369 820
1369 821
1368 821
1368 822
1366 822
1366 823
1364 823
1364 824
1358 824
1358 825
1357 825
1357 826
1356 826
1356 827
1354 827
1354 828
1352 828
1352 829
1350 829
1350 830
1345 830
1345 831
1344 831
1344 832
1343 832
1343 833
1342 833
1342 834
1341 834
1341 835
1339 835
1339 836
1337 836
1337 837
1336 837
1336 838
1335 838
1335 839
1334 839
1334 840
1333 840
1333 841
1332 841
1332 842
1331 842
1331 843
1330 843
1330 844
1328 844
1328 845
1322 845
1322 846
1321 846
1321 848
1320 848
1320 849
1319 849
1319 851
1318 851
1318 852
1316 852
1316 853
1314 853
1314 854
1308 854
1308 856
1307 856
1307 857
1305 857
1305 858
1301 858
1301 859
1297 859
1297 860
1292 860
1292 861
1284 861
1284 860
1281 860
1281 859
1279 859
1279 858
1275 858
1275 857
1273 857
1273 856
1272 856
1272 855
1270 855
1270 854
1269 854
1269 853
1268 853
1268 852
1267 852
1267 851
1261 851
1261 850
1259 850
1259 849
1257 849
1257 848
1255 848
1255 847
1252 847
1252 846
1250 846
1250 845
1248 845
1248 844
1247 844
1247 843
1246 843
1246 842
1245 842
1245 841
1244 841
1244 840
1243 840
1243 839
1242 839
1242 835
1241 835
1241 834
1242 834
1242 815
1243 815
1243 808
1242 808
1242 806
1241 806
1241 805
1239 805
1239 804
1237 804
1237 803
1236 803
1236 802
1235 802
1235 801
1234 801
1234 799
1233 799
1233 798
1232 798
1232 795
1231 795
1231 794
1232 794
1232 769
1233 769
1233 754
1234 754
1234 726
1235 726
1235 708
1236 708
1236 705
1235 705
1235 700
1236 700
1236 684
1237 684
1237 680
1236 680
1236 679
1227 679
1227 680
1224 680
1224 681
1221 681
1221 682
1215 682
1215 683
1213 683
1213 684
1212 684
1212 686
1211 686
1211 687
1208 687
1208 688
1207 688
1207 690
1206 690
1206 691
1205 691
1205 692
1204 692
1204 693
1203 693
1203 694
1201 694
1201 695
1199 695
1199 696
1197 696
1197 697
1196 697
1196 698
1195 698
1195 699
1194 699
1194 700
1192 700
1192 701
1190 701
1190 702
1188 702
1188 703
1187 703
1187 704
1180 704
1180 703
1174 703
1174 702
1172 702
1172 701
1165 701
1165 702
1163 702
1163 703
1152 703
1152 704
1148 704
1148 705
1146 705
1146 706
1136 706
1136 707
1130 707
1130 706
1128 706
1128 705
1126 705
1126 704
1125 704
1125 703
1122 703
1122 702
1120 702
1120 701
1115 701
1115 702
1111 702
1111 703
1100 703
1100 704
1099 704
1099 703
1098 703
1098 702
1094 702
1094 703
1092 703
1092 702
1091 702
1091 701
1090 701
1090 700
1089 700
1089 698
1088 698
1088 681
1087 681
1087 678
1086 678
1086 676
1085 676
1085 670
1084 670
1084 669
1082 669
1082 668
1080 668
1080 667
1079 667
1079 666
1077 666
1077 665
1076 665
1076 664
1075 664
1075 663
1074 663
1074 661
1073 661
1073 657
1072 657
1072 655
1071 655
1071 638
1070 638
1070 632
1069 632
1069 631
1068 631
1068 629
1067 629
1067 628
1064 628
1064 627
1063 627
1063 626
1062 626
1062 625
1061 625
1061 624
1060 624
1060 622
1059 622
1059 621
1058 621
1058 616
1057 616
1057 614
1056 614
1056 611
1055 611
1055 610
1054 610
1054 609
1052 609
1052 608
1050 608
1050 607
1047 607
1047 606
1046 606
1046 605
1045 605
1045 604
1043 604
1043 603
1042 603
1042 602
1041 602
1041 601
1039 601
1039 600
1038 600
1038 599
1037 599
1037 598
1036 598
1036 597
1034 597
1034 596
1033 596
1033 595
1031 595
1031 594
1029 594
1029 593
1027 593
1027 592
1026 592
1026 591
1025 591
1025 590
1023 590
1023 589
1022 589
1022 588
1021 588
1021 587
1020 587
1020 586
1019 586
1019 585
1018 585
1018 584
1016 584
1016 583
1015 583
1015 582
1011 582
1011 581
1010 581
1010 580
1009 580
1009 579
1008 579
1008 578
1007 578
1007 577
1005 577
1005 576
1004 576
1004 575
1003 575
1003 574
1002 574
1002 573
1001 573
1001 572
1000 572
1000 571
999 571
999 569
998 569
998 568
997 568
997 567
996 567
996 566
995 566
995 565
994 565
994 564
992 564
992 563
991 563
991 562
988 562
988 561
986 561
986 560
982 560
982 559
979 559
979 558
974 558
974 557
972 557
972 556
970 556
970 555
964 555
964 554
960 554
960 553
958 553
958 552
956 552
956 551
954 551
954 550
953 550
953 549
952 549
952 547
951 547
951 546
950 546
950 545
949 545
949 543
948 543
948 542
947 542
947 539
946 539
946 536
945 536
945 534
944 534
944 533
943 533
943 532
940 532
940 533
935 533
935 534
934 534
934 536
933 536
933 538
932 538
932 542
931 542
931 543
930 543
930 546
929 546
929 548
928 548
928 550
927 550
927 552
926 552
926 553
925 553
925 554
924 554
924 555
918 555
918 556
913 556
913 557
900 557
900 558
892 558
892 557
888 557
888 556
883 556
883 559
882 559
882 560
881 560
881 561
879 561
879 562
878 562
878 563
877 563
877 564
865 564
865 563
862 563
862 562
859 562
859 561
858 561
858 560
856 560
856 559
855 559
855 558
854 558
854 556
853 556
853 555
852 555
852 551
850 551
850 550
848 550
848 548
847 548
847 547
846 547
846 546
843 546
843 545
835 545
835 544
834 544
834 543
833 543
833 542
830 542
830 543
827 543
827 544
824 544
824 543
817 543
817 542
816 542
816 541
815 541
815 540
814 540
814 539
813 539
813 538
810 538
810 537
805 537
805 538
802 538
802 539
798 539
798 538
793 538
793 537
791 537
791 536
790 536
790 535
789 535
789 534
788 534
788 533
786 533
786 532
779 532
779 531
778 531
778 530
777 530
777 529
775 529
775 528
774 528
774 527
773 527
773 526
772 526
772 525
771 525
771 524
769 524
769 523
768 523
768 522
766 522
766 521
761 521
761 520
755 520
755 519
753 519
753 518
751 518
751 517
747 517
747 516
743 516
743 517
742 517
742 516
743 516
743 515
747 515
747 516
751 516
751 517
753 517
753 518
755 518
755 519
761 519
761 520
766 520
766 521
768 521
768 522
769 522
769 523
771 523
771 524
772 524
772 525
773 525
773 526
774 526
774 527
775 527
775 528
777 528
777 529
778 529
778 530
779 530
779 531
786 531
786 532
788 532
788 533
789 533
789 534
790 534
790 535
791 535
791 536
793 536
793 537
798 537
798 538
802 538
802 537
805 537
805 536
810 536
810 537
813 537
813 538
814 538
814 539
815 539
815 540
816 540
816 541
817 541
817 542
824 542
824 543
827 543
827 542
830 542
830 541
834 541
834 543
835 543
835 544
843 544
843 545
846 545
846 546
847 546
847 547
848 547
848 548
849 548
849 549
850 549
850 550
852 550
852 551
853 551
853 555
854 555
854 556
855 556
855 558
856 558
856 559
858 559
858 560
859 560
859 561
862 561
862 562
865 562
865 563
877 563
877 562
878 562
878 561
879 561
879 560
881 560
881 559
882 559
882 556
883 556
883 555
888 555
888 556
892 556
892 557
900 557
900 556
913 556
913 555
918 555
918 554
924 554
924 553
925 553
925 552
926 552
926 550
927 550
927 548
928 548
928 546
929 546
929 543
930 543
930 542
931 542
931 538
932 538
932 536
933 536
933 534
934 534
934 533
935 533
935 532
940 532
940 531
943 531
943 532
944 532
944 533
945 533
945 534
946 534
946 536
947 536
947 539
948 539
948 542
949 542
949 543
950 543
950 545
951 545
951 546
952 546
952 547
953 547
953 549
954 549
954 550
956 550
956 551
958 551
958 552
960 552
960 553
964 553
964 554
970 554
970 555
972 555
972 556
974 556
974 557
979 557
979 558
982 558
982 559
986 559
986 560
988 560
988 561
991 561
991 562
992 562
992 563
994 563
994 564
995 564
995 565
996 565
996 566
997 566
997 567
998 567
998 568
999 568
999 569
1000 569
1000 571
1001 571
1001 572
1002 572
1002 573
1003 573
1003 574
1004 574
1004 575
1005 575
1005 576
1007 576
1007 577
1008 577
1008 578
1009 578
1009 579
1010 579
1010 580
1011 580
1011 581
1015 581
1015 582
1016 582
1016 583
1018 583
1018 584
1019 584
1019 585
1020 585
1020 586
1021 586
1021 587
1022 587
1022 588
1023 588
1023 589
1025 589
1025 590
1026 590
1026 591
1027 591
1027 592
1029 592
1029 593
1031 593
1031 594
1033 594
1033 595
1034 595
1034 596
1036 596
1036 597
1037 597
1037 598
1038 598
1038 599
1039 599
1039 600
1041 600
1041 601
1042 601
1042 602
1043 602
1043 603
1045 603
1045 604
1046 604
1046 605
1047 605
1047 606
1050 606
1050 607
1052 607
1052 608
1054 608
1054 609
1055 609
1055 610
1056 610
1056 611
1057 611
1057 614
1058 614
1058 616
1059 616
1059 621
1060 621
1060 622
1061 622
1061 624
1062 624
1062 625
1063 625
1063 626
1064 626
1064 627
1067 627
1067 628
1068 628
1068 629
1069 629
1069 631
1070 631
1070 632
1071 632
1071 638
1072 638
1072 655
1073 655
1073 657
1074 657
1074 661
1075 661
1075 663
1076 663
1076 664
1077 664
1077 665
1079 665
1079 666
1080 666
1080 667
1082 667
1082 668
1084 668
1084 669
1085 669
1085 670
1086 670
1086 676
1087 676
1087 678
1088 678
1088 681
1089 681
1089 697
1090 697
1090 700
1091 700
1091 701
1092 701
1092 702
1094 702
1094 701
1098 701
1098 702
1099 702
1099 703
1100 703
1100 702
1111 702
1111 701
1115 701
1115 700
1120 700
1120 701
1122 701
1122 702
1125 702
1125 703
1126 703
1126 704
1128 704
1128 705
1130 705
1130 706
1136 706
1136 705
1146 705
1146 704
1148 704
1148 703
1152 703
1152 702
1163 702
1163 701
1165 701
1165 700
1172 700
1172 701
1174 701
1174 702
1180 702
1180 703
1187 703
1187 702
1188 702
1188 701
1190 701
1190 700
1192 700
1192 699
1194 699
1194 698
1195 698
1195 697
1196 697
1196 696
1197 696
1197 695
1199 695
1199 694
1201 694
1201 693
1203 693
1203 692
1204 692
1204 691
1205 691
1205 690
1206 690
1206 688
1207 688
1207 687
1208 687
1208 686
1211 686
1211 684
1212 684
1212 683
1213 683
1213 682
1215 682
1215 681
1221 681
1221 680
1224 680
1224 679
1227 679
1227 678
1236 678
1236 679
1237 679
1237 680
1238 680
1238 684
1237 684
1237 700
1236 700
1236 705
1237 705
1237 708
1236 708
1236 726
1235 726
1235 754
1234 754
1234 769
1233 769
1233 794
1232 794
1232 795
1233 795
1233 798
1234 798
1234 799
1235 799
1235 801
1236 801
1236 802
1237 802
1237 803
1239 803
1239 804
1241 804
1241 805
1242 805
1242 806
1243 806
1243 808
1244 808
1244 815
1243 815
1243 834
1242 834
1242 835
1243 835
1243 839
1244 839
1244 840
1245 840
1245 841
1246 841
1246 842
1247 842
1247 843
1248 843
1248 844
1250 844
1250 845
1252 845
1252 846
1255 846
1255 847
1257 847
1257 848
1259 848
1259 849
1261 849
1261 850
1267 850
1267 851
1268 851
1268 852
1269 852
1269 853
1270 853
1270 854
1272 854
1272 855
1273 855
1273 856
1275 856
1275 857
1279 857
1279 858
1281 858
1281 859
1284 859
1284 860
1292 860
1292 859
1297 859
1297 858
1301 858
1301 857
1305 857
1305 856
1307 856
1307 854
1308 854
1308 853
1314 853
1314 852
1316 852
1316 851
1318 851
1318 849
1319 849
1319 848
1320 848
1320 846
1321 846
1321 845
1322 845
1322 844
1328 844
1328 843
1330 843
1330 842
1331 842
1331 841
1332 841
1332 840
1333 840
1333 839
1334 839
1334 838
1335 838
1335 837
1336 837
1336 836
1337 836
1337 835
1339 835
1339 834
1341 834
1341 833
1342 833
1342 832
1343 832
1343 831
1344 831
1344 830
1345 830
1345 829
1350 829
1350 828
1352 828
1352 827
1354 827
1354 826
1356 826
1356 825
1357 825
1357 824
1358 824
1358 823
1364 823
1364 822
1366 822
1366 821
1368 821
1368 820
1369 820
1369 819
1372 819
1372 818
1374 818
1374 817
1378 817
1378 815
1379 815
1379 813
1380 813
1380 812
1381 812
1381 810
1382 810
1382 809
1384 809
1384 808
1386 808
1386 807
1389 807
1389 806
1391 806
1391 805
1392 805
1392 804
1393 804
1393 801
1394 801
1394 799
1395 799
1395 797
1394 797
1394 796
1393 796
1393 782
1394 782
1394 780
1395 780
1395 779
1396 779
1396 778
1397 778
1397 777
1400 777
1400 776
1401 776
1401 775
1402 775
1402 774
1404 774
1404 773
1409 773
1409 772
1414 772
1414 771
1416 771
1416 770
1417 770
1417 768
1418 768
1418 767
1420 767
1420 766
1421 766
1421 765
1426 765
1426 764
1428 764
1428 762
1429 762
1429 761
1432 761
1432 760
1437 760
1437 759
1446 759
1446 758
1448 758
1448 756
1449 756
1449 753
1450 753
1450 750
1451 750
1451 747
1452 747
1452 746
1451 746
1451 744
1450 744
1450 743
1449 743
1449 740
1448 740
1448 730
1449 730
1449 726
1450 726
1450 725
1485 725
1485 726
1486 726
1486 727
1487 727
1487 729
1488 729
1488 730
1490 730
1490 731
1493 731
1493 732
1494 732
1494 733
1495 733
1495 738
1496 738
1496 744
1495 744
1495 747
1496 747
1496 752
1497 752
1497 754
1499 754
1499 755
1502 755
1502 756
1504 756
1504 757
1505 757
1505 758
1506 758
1506 771
1507 771
1507 773
1508 773
1508 774
1509 774
1509 775
1510 775
1510 776
1512 776
1512 777
1515 777
1515 778
1516 778
1516 779
1517 779
1517 780
1518 780
1518 784
1519 784
1519 787
1520 787
1520 788
1521 788
1521 789
1524 789
1524 790
1526 790
1526 791
1528 791
1528 792
1529 792
1529 793
1530 793
1530 795
1531 795
1531 797
1532 797
1532 798
1533 798
1533 800
1535 800
1535 801
1536 801
1536 802
1537 802
1537 804
1538 804
1538 827
1537 827
1537 845
1536 845
1536 867
1535 867
1535 881
1534 881
1534 906
1533 906
1533 917
1534 917
1534 920
1535 920
1535 921
1536 921
1536 922
1538 922
1538 923
1540 923
1540 924
1541 924
1541 925
1543 925
1543 926
1544 926
1544 927
1545 927
1545 929
1546 929
1546 931
1547 931
1547 932
1548 932
1548 934
1550 934
1550 935
1554 935
1554 936
1557 936
1557 937
1558 937
1558 938
1562 938
1562 939
1572 939
1572 940
1578 940
1578 941
1581 941
1581 942
1584 942
1584 943
1586 943
1586 944
1588 944
1588 945
1591 945
1591 946
1598 946
1598 947
1602 947
1602 948
1606 948
1606 949
1607 949
1607 948
1611 948
1611 947
1616 947
1616 946
1623 946
1623 945
1648 945
1648 946
1651 946
1651 947
1665 947
1665 946
1668 946
1668 945
1671 945
1671 944
1673 944
1673 943
1674 943
1674 942
1676 942
1676 941
1678 941
1678 940
1680 940
1680 939
1681 939
1681 938
1683 938
1683 937
1686 937
1686 936
1687 936
1687 937
1693 937
1693 936
1694 936
1694 935
1695 935
1695 934
1696 934
1696 932
1697 932
1697 931
1696 931
1696 927
1695 927
1695 924
1694 924
1694 920
1693 920
1693 916
1692 916
1692 914
1693 914
1693 897
1694 897
1694 892
1695 892
1695 891
1696 891
1696 890
1701 890
1701 891
1710 891
1710 892
1712 892
1712 893
1713 893
1713 905
1714 905
1714 907
1723 907
1723 904
1724 904
1724 903
1725 903
1725 901
1726 901
1726 898
1727 898
1727 897
1728 897
1728 895
1729 895
1729 894
1732 894
1732 893
1735 893
1735 892
1739 892
1739 891
1740 891
1740 886
1739 886
1739 883
1738 883
1738 881
1737 881
1737 872
1738 872
1738 870
1739 870
1739 869
1741 869
1741 868
1744 868
1744 867
1747 867
1747 866
1750 866
1750 865
1752 865
1752 864
1754 864
1754 863
1755 863
1755 862
1756 862
1756 861
1758 861
1758 862
1761 862
1761 863
1762 863
1762 864
1763 864
1763 865
1764 865
1764 866
1765 866
1765 868
1766 868
1766 869
1767 869
1767 871
1768 871
1768 872
1769 872
1769 873
1770 873
1770 874
1771 874
1771 876
1772 876
1772 878
1773 878
1773 881
1774 881
1774 883
1775 883
1775 884
1776 884
1776 885
1777 885
1777 886
1778 886
1778 887
1779 887
1779 888
1780 888
1780 889
1781 889
1781 890
1782 890
1782 891
1783 891
1783 892
1784 892
1784 893
1785 893
1785 894
1786 894
1786 895
1787 895
1787 896
1788 896
1788 897
1789 897
1789 903
1790 903
1790 905
1791 905
1791 907
1792 907
1792 909
1793 909
1793 910
1795 910
1795 911
1797 911
1797 912
1799 912
1799 913
1801 913
1801 914
1802 914
1802 915
1803 915
1803 916
1804 916
1804 917
1805 917
1805 918
1806 918
1806 919
1807 919
1807 920
1808 920
1808 921
1809 921
1809 922
1810 922
1810 923
1812 923
1812 924
1815 924
1815 925
1818 925
1818 926
1820 926
1820 927
1821 927
1821 928
1822 928
1822 929
1823 929
1823 931
1824 931
1824 955
1823 955
1823 980
1822 980
1822 999
1821 999
1821 1000
1822 1000
1822 1006
1821 1006
1821 1037
1820 1037
1820 1038
1819 1038
1819 1039
1817 1039
1817 1040
1816 1040
1816 1045
1817 1045
1817 1053
1818 1053
1818 1060
1819 1060
1819 1061
1820 1061
1820 1063
1821 1063
1821 1064
1822 1064
1822 1065
1823 1065
1823 1066
1826 1066
1826 1067
1832 1067
1832 1068
1853 1068
1853 1069
1854 1069
1854 1070
1855 1070
1855 1071
1865 1071
1865 1070
1868 1070
1868 1069
1869 1069
1869 1070
1877 1070
1877 1069
1881 1069
1881 1068
1883 1068
1883 1067
1886 1067
1886 1066
1889 1066
1889 1065
1890 1065
1890 1064
1891 1064
1891 1063
1892 1063
1892 1062
1893 1062
1893 1060
1894 1060
1894 1059
1895 1059
1895 1057
1896 1057
1896 1056
1897 1056
1897 1055
1899 1055
1899 1054
1900 1054
1900 1053
1901 1053
1901 1052
1902 1052
1902 1051
1903 1051
1903 1049
1904 1049
1904 1048
1905 1048
1905 1047
1907 1047
1907 1045
1908 1045
1908 1044
1909 1044
1909 1041
1910 1041
1910 1036
1911 1036
1911 1030
1912 1030
1912 1024
1911 1024
1911 1018
1912 1018
1912 1005
1913 1005
1913 997
1914 997
1914 993
1915 993
1915 987
1916 987
1916 981
1917 981
1917 977
1918 977
1918 972
1919 972
1919 963
1920 963
1920 955
1921 955
1921 944
1922 944
1922 932
1923 932
1923 917
1924 917
1924 903
1925 903
1925 895
1926 895
1926 894
1927 894
1927 893
1930 893
1930 892
1940 892
1940 891
1942 891
1942 890
1944 890
1944 889
1945 889
1945 888
1959 888
1959 889
1965 889
1965 890
1968 890
1968 891
1970 891
1970 892
1972 892
1972 893
1973 893
1973 894
1975 894
1975 895
1976 895
1976 896
1977 896
1977 897
1978 897
1978 898
1979 898
1979 900
1980 900
1980 902
1981 902
1981 903
1982 903
1982 905
1983 905
1983 906
1984 906
1984 907
1985 907
1985 908
1987 908
1987 909
1988 909
1988 910
1989 910
1989 911
1991 911
1991 912
1992 912
1992 913
1995 913
1995 914
1997 914
1997 915
1998 915
1998 916
1999 916
1999 917
2000 917
2000 918
2001 918
2001 919
2002 919
2002 920
2003 920
2003 921
2004 921
2004 922
2006 922
2006 923
2013 923
2013 924
2018 924
2018 925
2020 925
2020 926
2021 926
2021 927
2023 927
2023 928
2046 928
2046 929
2049 929
2049 930
2051 930
2051 931
2052 931
2052 932
2054 932
2054 933
2055 933
2055 934
2057 934
2057 935
2058 935
2058 936
2060 936
2060 937
2061 937
2061 938
2062 938
2062 939
2063 939
2063 940
2066 940
2066 941
2072 941
2072 942
2076 942
2076 943
2077 943
2077 944
2078 944
2078 945
2079 945
2079 946
2080 946
2080 947
2081 947
2081 948
2082 948
2082 949
2083 949
2083 950
2087 950
2087 951
2091 951
2091 952
2094 952
2094 953
2095 953
2095 954
2096 954
2096 955
2097 955
2097 957
2098 957
2098 958
2099 958
2099 959
2100 959
2100 960
2101 960
2101 961
2102 961
2102 962
2107 962
2107 963
2110 963
2110 964
2111 964
2111 965
2113 965
2113 966
2115 966
2115 967
2116 967
2116 968
2117 968
2117 969
2118 969
2118 970
2119 970
2119 971
2120 971
2120 972
2121 972
2121 973
2122 973
2122 974
2123 974
2123 975
2124 975
2124 977
2125 977
2125 978
2126 978
2126 979
2127 979
