2630 997
2628 997
2628 998
2626 998
2626 999
2622 999
2622 1000
2618 1000
2618 1001
2614 1001
2614 1002
2610 1002
2610 1001
2606 1001
2606 1000
2601 1000
2601 999
2595 999
2595 998
2591 998
2591 997
2582 997
2582 998
2580 998
2580 997
2577 997
2577 996
2575 996
2575 995
2553 995
2553 996
2550 996
2550 997
2549 997
2549 998
2548 998
2548 1001
2547 1001
2547 1008
2546 1008
2546 1012
2545 1012
2545 1019
2544 1019
2544 1024
2543 1024
2543 1032
2542 1032
2542 1040
2541 1040
2541 1047
2540 1047
2540 1052
2539 1052
2539 1060
2538 1060
2538 1066
2537 1066
2537 1069
2536 1069
2536 1071
2535 1071
2535 1073
2534 1073
2534 1076
2533 1076
2533 1078
2532 1078
2532 1080
2531 1080
2531 1081
2529 1081
2529 1082
2528 1082
2528 1083
2526 1083
2526 1084
2523 1084
2523 1085
2521 1085
2521 1086
2520 1086
2520 1087
2519 1087
2519 1088
2516 1088
2516 1089
2515 1089
2515 1090
2512 1090
2512 1091
2511 1091
2511 1092
2510 1092
2510 1093
2509 1093
2509 1094
2508 1094
2508 1095
2507 1095
2507 1097
2506 1097
2506 1098
2505 1098
2505 1100
2504 1100
2504 1103
2502 1103
2502 1104
2497 1104
2497 1103
2467 1103
2467 1102
2463 1102
2463 1101
2461 1101
2461 1100
2456 1100
2456 1099
2452 1099
2452 1098
2440 1098
2440 1097
2436 1097
2436 1096
2421 1096
2421 1095
2412 1095
2412 1094
2396 1094
2396 1095
2388 1095
2388 1096
2387 1096
2387 1097
2386 1097
2386 1098
2384 1098
2384 1097
2382 1097
2382 1096
2376 1096
2376 1097
2373 1097
2373 1098
2367 1098
2367 1097
2364 1097
2364 1096
2357 1096
2357 1095
2353 1095
2353 1094
2350 1094
2350 1095
2347 1095
2347 1096
2345 1096
2345 1097
2343 1097
2343 1098
2341 1098
2341 1099
2339 1099
2339 1100
2331 1100
2331 1099
2329 1099
2329 1098
2327 1098
2327 1097
2324 1097
2324 1096
2321 1096
2321 1095
2318 1095
2318 1094
2315 1094
2315 1093
2313 1093
2313 1092
2311 1092
2311 1091
2309 1091
2309 1090
2308 1090
2308 1089
2307 1089
2307 1088
2306 1088
2306 1086
2305 1086
2305 1054
2304 1054
2304 1051
2303 1051
2303 1050
2302 1050
2302 1049
2300 1049
2300 1048
2299 1048
2299 1047
2298 1047
2298 1046
2296 1046
2296 1045
2294 1045
2294 1044
2293 1044
2293 1043
2292 1043
2292 1042
2291 1042
2291 1041
2290 1041
2290 1040
2289 1040
2289 1038
2288 1038
2288 1037
2287 1037
2287 1035
2286 1035
2286 1034
2285 1034
2285 1033
2283 1033
2283 1032
2278 1032
2278 1031
2277 1031
2277 1030
2276 1030
2276 1029
2275 1029
2275 1028
2274 1028
2274 1027
2273 1027
2273 1026
2272 1026
2272 1025
2270 1025
2270 1024
2268 1024
2268 1023
2267 1023
2267 1022
2265 1022
2265 1021
2264 1021
2264 1020
2263 1020
2263 1018
2262 1018
2262 1016
2261 1016
2261 1012
2260 1012
2260 1011
2259 1011
2259 1010
2256 1010
2256 1009
2254 1009
2254 1008
2253 1008
2253 1007
2251 1007
2251 1006
2246 1006
2246 1005
2243 1005
2243 1004
2242 1004
2242 1003
2241 1003
2241 1002
2240 1002
2240 1000
2239 1000
2239 997
2238 997
2238 994
2237 994
2237 993
2236 993
2236 992
2231 992
2231 993
2227 993
2227 994
2226 994
2226 999
2225 999
2225 1001
2223 1001
2223 1002
2221 1002
2221 1003
2214 1003
2214 1004
2208 1004
2208 1005
2207 1005
2207 1008
2206 1008
2206 1013
2205 1013
2205 1020
2204 1020
2204 1027
2203 1027
2203 1029
2202 1029
2202 1032
2201 1032
2201 1033
2200 1033
2200 1034
2199 1034
2199 1035
2198 1035
2198 1036
2197 1036
2197 1037
2196 1037
2196 1038
2194 1038
2194 1039
2180 1039
2180 1040
2179 1040
2179 1041
2176 1041
2176 1042
2174 1042
2174 1043
2171 1043
2171 1044
2170 1044
2170 1045
2169 1045
2169 1046
2167 1046
2167 1047
2166 1047
2166 1048
2164 1048
2164 1049
2162 1049
2162 1050
2161 1050
2161 1051
2159 1051
2159 1052
2151 1052
2151 1051
2142 1051
2142 1052
2138 1052
2138 1053
2129 1053
2129 1054
2128 1054
2128 1057
2127 1057
2127 1069
2126 1069
2126 1076
2125 1076
2125 1077
2115 1077
2115 1078
2105 1078
2105 1077
2104 1077
2104 1076
2103 1076
2103 1075
2100 1075
2100 1074
2099 1074
2099 1073
2089 1073
2089 1074
2086 1074
2086 1075
2085 1075
2085 1076
2084 1076
2084 1077
2083 1077
2083 1078
2082 1078
2082 1080
2081 1080
2081 1081
2080 1081
2080 1082
2079 1082
2079 1083
2077 1083
2077 1084
2074 1084
2074 1085
2065 1085
2065 1086
2063 1086
2063 1087
2050 1087
2050 1088
2032 1088
2032 1087
2019 1087
2019 1088
2017 1088
2017 1087
2015 1087
2015 1086
2013 1086
2013 1085
2005 1085
2005 1084
2002 1084
2002 1083
2000 1083
2000 1082
1999 1082
1999 1079
1998 1079
1998 1073
1997 1073
1997 1072
1996 1072
1996 1071
1995 1071
1995 1070
1991 1070
1991 1069
1990 1069
1990 1066
1989 1066
1989 1064
1988 1064
1988 1062
1987 1062
1987 1050
1986 1050
1986 1047
1985 1047
1985 1046
1984 1046
1984 1044
1983 1044
1983 1043
1982 1043
1982 1042
1981 1042
1981 1041
1979 1041
1979 1040
1978 1040
1978 1039
1977 1039
1977 1038
1976 1038
1976 1037
1975 1037
1975 1036
1974 1036
1974 1035
1973 1035
1973 1034
1972 1034
1972 1032
1971 1032
1971 1031
1970 1031
1970 1030
1969 1030
1969 1029
1967 1029
1967 1028
1966 1028
1966 1027
1965 1027
1965 1026
1964 1026
1964 1025
1963 1025
1963 1023
1962 1023
1962 1022
1961 1022
1961 1021
1959 1021
1959 1020
1958 1020
1958 1018
1957 1018
1957 1017
1956 1017
1956 1015
1955 1015
1955 1012
1954 1012
1954 1009
1953 1009
1953 1004
1952 1004
1952 989
1951 989
1951 988
1950 988
1950 987
1949 987
1949 986
1948 986
1948 985
1947 985
1947 984
1946 984
1946 983
1944 983
1944 982
1943 982
1943 981
1937 981
1937 980
1923 980
1923 981
1922 981
1922 982
1921 982
1921 984
1920 984
1920 985
1919 985
1919 986
1905 986
1905 988
1904 988
1904 995
1903 995
1903 1000
1902 1000
1902 1005
1901 1005
1901 1009
1899 1009
1899 1010
1890 1010
1890 1009
1884 1009
1884 1010
1883 1010
1883 1011
1882 1011
1882 1013
1881 1013
1881 1016
1880 1016
1880 1019
1879 1019
1879 1023
1878 1023
1878 1024
1877 1024
1877 1030
1876 1030
1876 1035
1875 1035
1875 1037
1874 1037
1874 1039
1873 1039
1873 1040
1872 1040
1872 1041
1871 1041
1871 1042
1870 1042
1870 1044
1868 1044
1868 1045
1866 1045
1866 1046
1865 1046
1865 1047
1864 1047
1864 1048
1863 1048
1863 1049
1862 1049
1862 1050
1861 1050
1861 1053
1860 1053
1860 1056
1859 1056
1859 1058
1858 1058
1858 1060
1854 1060
1854 1061
1849 1061
1849 1060
1846 1060
1846 1059
1841 1059
1841 1058
1836 1058
1836 1059
1832 1059
1832 1060
1829 1060
1829 1061
1828 1061
1828 1062
1826 1062
1826 1063
1824 1063
1824 1064
1823 1064
1823 1065
1821 1065
1821 1066
1819 1066
1819 1067
1812 1067
1812 1068
1811 1068
1811 1067
1810 1067
1810 1066
1809 1066
1809 1065
1808 1065
1808 1063
1807 1063
1807 1061
1806 1061
1806 1057
1805 1057
1805 1054
1804 1054
1804 1053
1799 1053
1799 1052
1797 1052
1797 1051
1794 1051
1794 1050
1793 1050
1793 1049
1792 1049
1792 1048
1791 1048
1791 1047
1790 1047
1790 1045
1789 1045
1789 1043
1788 1043
1788 1037
1787 1037
1787 1034
1786 1034
1786 1033
1785 1033
1785 1032
1784 1032
1784 1031
1783 1031
1783 1030
1782 1030
1782 1028
1781 1028
1781 1027
1780 1027
1780 1025
1779 1025
1779 1023
1778 1023
1778 1020
1777 1020
1777 1019
1776 1019
1776 1017
1775 1017
1775 1016
1774 1016
1774 1015
1773 1015
1773 1014
1771 1014
1771 1013
1770 1013
1770 1012
1768 1012
1768 1011
1767 1011
1767 1010
1766 1010
1766 1009
1765 1009
1765 1007
1764 1007
1764 1005
1763 1005
1763 1002
1762 1002
1762 1000
1761 1000
1761 999
1760 999
1760 996
1759 996
1759 995
1758 995
1758 994
1757 994
1757 993
1756 993
1756 992
1755 992
1755 991
1754 991
1754 990
1752 990
1752 989
1751 989
1751 988
1750 988
1750 986
1749 986
1749 985
1748 985
1748 983
1747 983
1747 976
1746 976
1746 974
1745 974
1745 966
1746 966
1746 961
1745 961
1745 960
1744 960
1744 955
1741 955
1741 954
1740 954
1740 953
1739 953
1739 952
1733 952
1733 953
1730 953
1730 954
1729 954
1729 955
1718 955
1718 954
1714 954
1714 953
1712 953
1712 950
1710 950
1710 949
1709 949
1709 948
1700 948
1700 947
1696 947
1696 948
1695 948
1695 956
1694 956
1694 957
1693 957
1693 958
1692 958
1692 967
1691 967
1691 972
1690 972
1690 976
1689 976
1689 984
1688 984
1688 991
1687 991
1687 1000
1686 1000
1686 1004
1685 1004
1685 1011
1684 1011
1684 1020
1683 1020
1683 1023
1682 1023
1682 1026
1681 1026
1681 1028
1680 1028
1680 1032
1679 1032
1679 1034
1678 1034
1678 1036
1677 1036
1677 1037
1676 1037
1676 1038
1675 1038
1675 1039
1674 1039
1674 1041
1673 1041
1673 1043
1672 1043
1672 1044
1671 1044
1671 1045
1665 1045
1665 1046
1664 1046
1664 1047
1662 1047
1662 1048
1661 1048
1661 1049
1659 1049
1659 1050
1654 1050
1654 1051
1637 1051
1637 1052
1634 1052
1634 1053
1632 1053
1632 1054
1631 1054
1631 1055
1629 1055
1629 1056
1628 1056
1628 1057
1627 1057
1627 1058
1624 1058
1624 1059
1621 1059
1621 1060
1617 1060
1617 1059
1616 1059
1616 1058
1615 1058
1615 1057
1614 1057
1614 1056
1613 1056
1613 1055
1612 1055
1612 1053
1611 1053
1611 1052
1609 1052
1609 1051
1606 1051
1606 1050
1605 1050
1605 1049
1601 1049
1601 1048
1600 1048
1600 1047
1599 1047
1599 1046
1598 1046
1598 1045
1597 1045
1597 1043
1596 1043
1596 1037
1595 1037
1595 1029
1594 1029
1594 1028
1591 1028
1591 1027
1590 1027
1590 1026
1589 1026
1589 1025
1588 1025
1588 1023
1587 1023
1587 1021
1586 1021
1586 1019
1585 1019
1585 1002
1584 1002
1584 1001
1582 1001
1582 1000
1580 1000
1580 999
1579 999
1579 998
1578 998
1578 996
1577 996
1577 995
1576 995
1576 994
1575 994
1575 985
1574 985
1574 984
1572 984
1572 983
1568 983
1568 982
1567 982
1567 981
1566 981
1566 980
1564 980
1564 979
1563 979
1563 978
1562 978
1562 977
1561 977
1561 976
1560 976
1560 975
1558 975
1558 974
1557 974
1557 973
1553 973
1553 972
1535 972
1535 971
1534 971
1534 972
1531 972
1531 973
1527 973
1527 974
1526 974
1526 973
1524 973
1524 972
1523 972
1523 971
1521 971
1521 970
1515 970
1515 969
1513 969
1513 968
1510 968
1510 967
1508 967
1508 966
1507 966
1507 965
1506 965
1506 964
1505 964
1505 962
1504 962
1504 961
1503 961
1503 960
1502 960
1502 959
1501 959
1501 958
1499 958
1499 957
1497 957
1497 956
1496 956
1496 955
1494 955
1494 954
1493 954
1493 953
1492 953
1492 952
1491 952
1491 951
1490 951
1490 950
1489 950
1489 949
1488 949
1488 948
1470 948
1470 947
1468 947
1468 946
1466 946
1466 945
1465 945
1465 944
1464 944
1464 943
1463 943
1463 941
1462 941
1462 940
1461 940
1461 939
1460 939
1460 913
1459 913
1459 908
1458 908
1458 907
1457 907
1457 906
1456 906
1456 905
1455 905
1455 904
1452 904
1452 905
1449 905
1449 906
1447 906
1447 907
1445 907
1445 908
1444 908
1444 910
1442 910
1442 911
1439 911
1439 912
1435 912
1435 911
1430 911
1430 912
1428 912
1428 913
1427 913
1427 914
1426 914
1426 919
1425 919
1425 920
1426 920
1426 924
1427 924
1427 926
1428 926
1428 930
1429 930
1429 939
1427 939
1427 940
1426 940
1426 941
1425 941
1425 942
1420 942
1420 941
1418 941
1418 940
1416 940
1416 939
1414 939
1414 938
1407 938
1407 937
1404 937
1404 936
1400 936
1400 935
1397 935
1397 934
1395 934
1395 933
1393 933
1393 932
1390 932
1390 931
1389 931
1389 930
1388 930
1388 929
1386 929
1386 928
1384 928
1384 927
1382 927
1382 926
1381 926
1381 925
1380 925
1380 924
1378 924
1378 923
1377 923
1377 922
1376 922
1376 921
1375 921
1375 920
1373 920
1373 919
1371 919
1371 918
1369 918
1369 917
1367 917
1367 916
1362 916
1362 915
1360 915
1360 914
1358 914
1358 913
1355 913
1355 912
1354 912
1354 911
1352 911
1352 910
1351 910
1351 909
1350 909
1350 908
1349 908
1349 906
1348 906
1348 900
1347 900
1347 891
1346 891
1346 884
1345 884
1345 874
1346 874
1346 865
1347 865
1347 856
1348 856
1348 846
1349 846
1349 837
1350 837
1350 833
1349 833
1349 831
1348 831
1348 830
1347 830
1347 829
1346 829
1346 828
1335 828
1335 829
1332 829
1332 830
1331 830
1331 831
1329 831
1329 832
1328 832
1328 833
1325 833
1325 834
1323 834
1323 835
1322 835
1322 836
1320 836
1320 837
1315 837
1315 838
1309 838
1309 837
1301 837
1301 847
1302 847
1302 854
1303 854
1303 856
1302 856
1302 857
1300 857
1300 858
1293 858
1293 857
1290 857
1290 858
1289 858
1289 868
1290 868
1290 873
1289 873
1289 874
1288 874
1288 875
1287 875
1287 876
1282 876
1282 877
1276 877
1276 884
1275 884
1275 885
1274 885
1274 886
1272 886
1272 887
1270 887
1270 888
1269 888
1269 892
1268 892
1268 895
1267 895
1267 898
1266 898
1266 899
1260 899
1260 898
1256 898
1256 897
1249 897
1249 896
1245 896
1245 895
1243 895
1243 894
1242 894
1242 893
1240 893
1240 890
1239 890
1239 888
1238 888
1238 887
1237 887
1237 886
1236 886
1236 885
1235 885
1235 884
1234 884
1234 883
1233 883
1233 882
1231 882
1231 881
1230 881
1230 880
1228 880
1228 878
1227 878
1227 873
1226 873
1226 866
1227 866
1227 837
1226 837
1226 833
1225 833
1225 832
1224 832
1224 831
1221 831
1221 832
1220 832
1220 833
1219 833
1219 835
1218 835
1218 836
1217 836
1217 837
1216 837
1216 838
1215 838
1215 839
1214 839
1214 840
1212 840
1212 841
1209 841
1209 842
1208 842
1208 843
1204 843
1204 844
1203 844
1203 845
1202 845
1202 846
1200 846
1200 847
1191 847
1191 846
1190 846
1190 847
1186 847
1186 846
1180 846
1180 845
1179 845
1179 844
1177 844
1177 843
1175 843
1175 842
1174 842
1174 841
1171 841
1171 840
1164 840
1164 839
1159 839
1159 838
1155 838
1155 837
1151 837
1151 836
1150 836
1150 835
1149 835
1149 834
1148 834
1148 833
1147 833
1147 832
1146 832
1146 830
1145 830
1145 828
1144 828
1144 818
1143 818
1143 815
1144 815
1144 806
1145 806
1145 797
1146 797
1146 789
1145 789
1145 767
1146 767
1146 755
1147 755
1147 745
1148 745
1148 742
1147 742
1147 735
1148 735
1148 727
1149 727
1149 715
1148 715
1148 714
1147 714
1147 713
1145 713
1145 712
1139 712
1139 713
1138 713
1138 714
1137 714
1137 722
1136 722
1136 731
1135 731
1135 733
1134 733
1134 734
1133 734
1133 735
1131 735
1131 736
1126 736
1126 735
1117 735
1117 736
1113 736
1113 737
1109 737
1109 738
1107 738
1107 739
1106 739
1106 740
1105 740
1105 749
1106 749
1106 755
1104 755
1104 756
1089 756
1089 757
1088 757
1088 760
1087 760
1087 761
1084 761
1084 762
1081 762
1081 763
1075 763
1075 762
1073 762
1073 761
1069 761
1069 760
1060 760
1060 759
1055 759
1055 760
1054 760
1054 761
1053 761
1053 762
1052 762
1052 763
1051 763
1051 764
1048 764
1048 765
1046 765
1046 766
1043 766
1043 767
1041 767
1041 768
1036 768
1036 769
1030 769
1030 770
1022 770
1022 769
1019 769
1019 768
1017 768
1017 767
1016 767
1016 766
1013 766
1013 765
1011 765
1011 764
1009 764
1009 763
1007 763
1007 762
1006 762
1006 761
1005 761
1005 760
1004 760
1004 758
1003 758
1003 755
1002 755
1002 752
1001 752
1001 748
1000 748
1000 746
999 746
999 744
998 744
998 743
997 743
997 742
996 742
996 741
995 741
995 740
993 740
993 739
992 739
992 737
991 737
991 734
990 734
990 717
991 717
991 715
990 715
990 710
991 710
991 701
992 701
992 689
991 689
991 683
990 683
990 674
989 674
989 658
988 658
988 651
989 651
989 641
990 641
990 635
989 635
989 618
988 618
988 617
984 617
984 616
980 616
980 615
978 615
978 614
977 614
977 613
976 613
976 612
974 612
974 611
973 611
973 610
964 610
964 609
958 609
958 610
955 610
955 611
954 611
954 612
953 612
953 613
952 613
952 614
949 614
949 615
942 615
942 614
941 614
941 612
940 612
940 610
939 610
939 609
938 609
938 608
937 608
937 607
936 607
936 605
935 605
935 604
934 604
934 603
933 603
933 602
932 602
932 601
931 601
931 600
930 600
930 598
929 598
929 596
928 596
928 594
927 594
927 592
926 592
926 585
925 585
925 583
924 583
924 582
923 582
923 581
918 581
918 580
911 580
911 579
905 579
905 578
897 578
897 577
894 577
894 576
890 576
890 575
888 575
888 574
886 574
886 573
885 573
885 572
884 572
884 570
883 570
883 568
882 568
882 567
881 567
881 565
880 565
880 564
879 564
879 563
878 563
878 562
877 562
877 561
876 561
876 558
875 558
875 555
874 555
874 553
873 553
873 551
872 551
872 547
871 547
871 521
870 521
870 519
869 519
869 518
868 518
868 517
867 517
867 516
866 516
866 515
864 515
864 514
863 514
863 513
862 513
862 512
860 512
860 511
859 511
859 509
858 509
858 508
856 508
856 507
854 507
854 506
853 506
853 505
852 505
852 504
851 504
851 502
850 502
850 501
849 501
849 499
848 499
848 497
847 497
847 496
846 496
846 490
845 490
845 486
844 486
844 484
843 484
843 482
842 482
842 481
841 481
841 479
840 479
840 478
839 478
839 476
838 476
838 473
837 473
837 470
836 470
836 463
835 463
835 441
834 441
834 437
833 437
833 435
832 435
832 434
830 434
830 433
829 433
829 432
828 432
828 431
827 431
827 430
826 430
826 429
825 429
825 428
824 428
824 427
823 427
823 424
822 424
822 421
821 421
821 388
822 388
822 377
821 377
821 375
820 375
820 373
819 373
819 372
818 372
818 371
816 371
816 370
814 370
814 369
812 369
812 368
811 368
811 367
810 367
810 365
809 365
809 363
808 363
808 361
807 361
807 358
806 358
806 357
805 357
805 355
804 355
804 353
803 353
803 352
802 352
802 351
800 351
800 350
799 350
799 349
798 349
798 348
797 348
797 347
796 347
796 346
795 346
795 343
794 343
794 341
793 341
793 337
792 337
792 333
791 333
791 325
790 325
790 298
789 298
789 295
788 295
788 294
787 294
787 293
786 293
786 292
785 292
785 291
784 291
784 290
782 290
782 289
780 289
780 288
779 288
779 287
778 287
778 286
777 286
777 285
776 285
776 283
775 283
775 282
774 282
774 279
773 279
773 255
772 255
772 252
771 252
771 251
770 251
770 248
769 248
769 246
768 246
768 243
767 243
767 232
766 232
766 197
765 197
765 196
764 196
764 195
762 195
762 194
758 194
758 195
757 195
757 196
755 196
755 197
754 197
754 198
753 198
753 199
750 199
750 200
746 200
746 201
738 201
738 202
737 202
737 203
732 203
732 204
729 204
729 205
728 205
728 206
727 206
727 207
725 207
725 208
727 208
727 207
728 207
728 206
729 206
729 205
732 205
732 204
737 204
737 203
738 203
738 202
746 202
746 201
750 201
750 200
753 200
753 199
754 199
754 198
755 198
755 197
757 197
757 196
758 196
758 195
762 195
762 196
764 196
764 197
765 197
765 232
766 232
766 243
767 243
767 246
768 246
768 248
769 248
769 251
770 251
770 252
771 252
771 255
772 255
772 279
773 279
773 282
774 282
774 283
775 283
775 285
776 285
776 286
777 286
777 287
778 287
778 288
779 288
779 289
780 289
780 290
782 290
782 291
784 291
784 292
785 292
785 293
786 293
786 294
787 294
787 295
788 295
788 298
789 298
789 325
790 325
790 333
791 333
791 337
792 337
792 341
793 341
793 343
794 343
794 346
795 346
795 347
796 347
796 348
797 348
797 349
798 349
798 350
799 350
799 351
800 351
800 352
802 352
802 353
803 353
803 355
804 355
804 357
805 357
805 358
806 358
806 361
807 361
807 363
808 363
808 365
809 365
809 367
810 367
810 368
811 368
811 369
812 369
812 370
814 370
814 371
816 371
816 372
818 372
818 373
819 373
819 375
820 375
820 377
821 377
821 388
820 388
820 421
821 421
821 424
822 424
822 427
823 427
823 428
824 428
824 429
825 429
825 430
826 430
826 431
827 431
827 432
828 432
828 433
829 433
829 434
830 434
830 435
832 435
832 437
833 437
833 441
834 441
834 463
835 463
835 470
836 470
836 473
837 473
837 476
838 476
838 478
839 478
839 479
840 479
840 481
841 481
841 482
842 482
842 484
843 484
843 486
844 486
844 490
845 490
845 496
846 496
846 497
847 497
847 499
848 499
848 501
849 501
849 502
850 502
850 504
851 504
851 505
852 505
852 506
853 506
853 507
854 507
854 508
856 508
856 509
858 509
858 511
859 511
859 512
860 512
860 513
862 513
862 514
863 514
863 515
864 515
864 516
866 516
866 517
867 517
867 518
868 518
868 519
869 519
869 521
870 521
870 547
871 547
871 551
872 551
872 553
873 553
873 555
874 555
874 558
875 558
875 561
876 561
876 562
877 562
877 563
878 563
878 564
879 564
879 565
880 565
880 567
881 567
881 568
882 568
882 570
883 570
883 572
884 572
884 573
885 573
885 574
886 574
886 575
888 575
888 576
890 576
890 577
894 577
894 578
897 578
897 579
905 579
905 580
911 580
911 581
918 581
918 582
923 582
923 583
924 583
924 585
925 585
925 592
926 592
926 594
927 594
927 596
928 596
928 598
929 598
929 600
930 600
930 601
931 601
931 602
932 602
932 603
933 603
933 604
934 604
934 605
935 605
935 607
936 607
936 608
937 608
937 609
938 609
938 610
939 610
939 612
940 612
940 614
941 614
941 615
942 615
942 616
949 616
949 615
952 615
952 614
953 614
953 613
954 613
954 612
955 612
955 611
958 611
958 610
964 610
964 611
973 611
973 612
974 612
974 613
976 613
976 614
977 614
977 615
978 615
978 616
980 616
980 617
984 617
984 618
988 618
988 635
989 635
989 641
988 641
988 651
987 651
987 658
988 658
988 674
989 674
989 683
990 683
990 689
991 689
991 701
990 701
990 710
989 710
989 715
990 715
990 717
989 717
989 734
990 734
990 737
991 737
991 739
992 739
992 740
993 740
993 741
995 741
995 742
996 742
996 743
997 743
997 744
998 744
998 746
999 746
999 748
1000 748
1000 752
1001 752
1001 755
1002 755
1002 758
1003 758
1003 760
1004 760
1004 761
1005 761
1005 762
1006 762
1006 763
1007 763
1007 764
1009 764
1009 765
1011 765
1011 766
1013 766
1013 767
1016 767
1016 768
1017 768
1017 769
1019 769
1019 770
1022 770
1022 771
1030 771
1030 770
1036 770
1036 769
1041 769
1041 768
1043 768
1043 767
1046 767
1046 766
1048 766
1048 765
1051 765
1051 764
1052 764
1052 763
1053 763
1053 762
1054 762
1054 761
1055 761
1055 760
1060 760
1060 761
1069 761
1069 762
1073 762
1073 763
1075 763
1075 764
1081 764
1081 763
1084 763
1084 762
1087 762
1087 761
1088 761
1088 760
1089 760
1089 757
1104 757
1104 756
1106 756
1106 755
1107 755
1107 749
1106 749
1106 740
1107 740
1107 739
1109 739
1109 738
1113 738
1113 737
1117 737
1117 736
1126 736
1126 737
1131 737
1131 736
1133 736
1133 735
1134 735
1134 734
1135 734
1135 733
1136 733
1136 731
1137 731
1137 722
1138 722
1138 714
1139 714
1139 713
1145 713
1145 714
1147 714
1147 715
1148 715
1148 727
1147 727
1147 735
1146 735
1146 742
1147 742
1147 745
1146 745
1146 755
1145 755
1145 767
1144 767
1144 789
1145 789
1145 797
1144 797
1144 806
1143 806
1143 815
1142 815
1142 818
1143 818
1143 828
1144 828
1144 830
1145 830
1145 832
1146 832
1146 833
1147 833
1147 834
1148 834
1148 835
1149 835
1149 836
1150 836
1150 837
1151 837
1151 838
1155 838
1155 839
1159 839
1159 840
1164 840
1164 841
1171 841
1171 842
1174 842
1174 843
1175 843
1175 844
1177 844
1177 845
1179 845
1179 846
1180 846
1180 847
1186 847
1186 848
1190 848
1190 847
1191 847
1191 848
1200 848
1200 847
1202 847
1202 846
1203 846
1203 845
1204 845
1204 844
1208 844
1208 843
1209 843
1209 842
1212 842
1212 841
1214 841
1214 840
1215 840
1215 839
1216 839
1216 838
1217 838
1217 837
1218 837
1218 836
1219 836
1219 835
1220 835
1220 833
1221 833
1221 832
1224 832
1224 833
1225 833
1225 837
1226 837
1226 866
1225 866
1225 873
1226 873
1226 878
1227 878
1227 880
1228 880
1228 881
1230 881
1230 882
1231 882
1231 883
1233 883
1233 884
1234 884
1234 885
1235 885
1235 886
1236 886
1236 887
1237 887
1237 888
1238 888
1238 890
1239 890
1239 893
1240 893
1240 894
1242 894
1242 895
1243 895
1243 896
1245 896
1245 897
1249 897
1249 898
1256 898
1256 899
1260 899
1260 900
1266 900
1266 899
1267 899
1267 898
1268 898
1268 895
1269 895
1269 892
1270 892
1270 888
1272 888
1272 887
1274 887
1274 886
1275 886
1275 885
1276 885
1276 884
1277 884
1277 878
1282 878
1282 877
1287 877
1287 876
1288 876
1288 875
1289 875
1289 874
1290 874
1290 873
1291 873
1291 868
1290 868
1290 858
1293 858
1293 859
1300 859
1300 858
1302 858
1302 857
1303 857
1303 856
1304 856
1304 854
1303 854
1303 847
1302 847
1302 838
1309 838
1309 839
1315 839
1315 838
1320 838
1320 837
1322 837
1322 836
1323 836
1323 835
1325 835
1325 834
1328 834
1328 833
1329 833
1329 832
1331 832
1331 831
1332 831
1332 830
1335 830
1335 829
1346 829
1346 830
1347 830
1347 831
1348 831
1348 833
1349 833
1349 837
1348 837
1348 846
1347 846
1347 856
1346 856
1346 865
1345 865
1345 874
1344 874
1344 884
1345 884
1345 891
1346 891
1346 900
1347 900
1347 906
1348 906
1348 908
1349 908
1349 909
1350 909
1350 910
1351 910
1351 911
1352 911
1352 912
1354 912
1354 913
1355 913
1355 914
1358 914
1358 915
1360 915
1360 916
1362 916
1362 917
1367 917
1367 918
1369 918
1369 919
1371 919
1371 920
1373 920
1373 921
1375 921
1375 922
1376 922
1376 923
1377 923
1377 924
1378 924
1378 925
1380 925
1380 926
1381 926
1381 927
1382 927
1382 928
1384 928
1384 929
1386 929
1386 930
1388 930
1388 931
1389 931
1389 932
1390 932
1390 933
1393 933
1393 934
1395 934
1395 935
1397 935
1397 936
1400 936
1400 937
1404 937
1404 938
1407 938
1407 939
1414 939
1414 940
1416 940
1416 941
1418 941
1418 942
1420 942
1420 943
1425 943
1425 942
1426 942
1426 941
1427 941
1427 940
1429 940
1429 939
1430 939
1430 930
1429 930
1429 926
1428 926
1428 924
1427 924
1427 920
1426 920
1426 919
1427 919
1427 914
1428 914
1428 913
1430 913
1430 912
1435 912
1435 913
1439 913
1439 912
1442 912
1442 911
1444 911
1444 910
1445 910
1445 908
1447 908
1447 907
1449 907
1449 906
1452 906
1452 905
1455 905
1455 906
1456 906
1456 907
1457 907
1457 908
1458 908
1458 913
1459 913
1459 939
1460 939
1460 940
1461 940
1461 941
1462 941
1462 943
1463 943
1463 944
1464 944
1464 945
1465 945
1465 946
1466 946
1466 947
1468 947
1468 948
1470 948
1470 949
1488 949
1488 950
1489 950
1489 951
1490 951
1490 952
1491 952
1491 953
1492 953
1492 954
1493 954
1493 955
1494 955
1494 956
1496 956
1496 957
1497 957
1497 958
1499 958
1499 959
1501 959
1501 960
1502 960
1502 961
1503 961
1503 962
1504 962
1504 964
1505 964
1505 965
1506 965
1506 966
1507 966
1507 967
1508 967
1508 968
1510 968
1510 969
1513 969
1513 970
1515 970
1515 971
1521 971
1521 972
1523 972
1523 973
1524 973
1524 974
1526 974
1526 975
1527 975
1527 974
1531 974
1531 973
1534 973
1534 972
1535 972
1535 973
1553 973
1553 974
1557 974
1557 975
1558 975
1558 976
1560 976
1560 977
1561 977
1561 978
1562 978
1562 979
1563 979
1563 980
1564 980
1564 981
1566 981
1566 982
1567 982
1567 983
1568 983
1568 984
1572 984
1572 985
1574 985
1574 994
1575 994
1575 995
1576 995
1576 996
1577 996
1577 998
1578 998
1578 999
1579 999
1579 1000
1580 1000
1580 1001
1582 1001
1582 1002
1584 1002
1584 1019
1585 1019
1585 1021
1586 1021
1586 1023
1587 1023
1587 1025
1588 1025
1588 1026
1589 1026
1589 1027
1590 1027
1590 1028
1591 1028
1591 1029
1594 1029
1594 1037
1595 1037
1595 1043
1596 1043
1596 1045
1597 1045
1597 1046
1598 1046
1598 1047
1599 1047
1599 1048
1600 1048
1600 1049
1601 1049
1601 1050
1605 1050
1605 1051
1606 1051
1606 1052
1609 1052
1609 1053
1611 1053
1611 1055
1612 1055
1612 1056
1613 1056
1613 1057
1614 1057
1614 1058
1615 1058
1615 1059
1616 1059
1616 1060
1617 1060
1617 1061
1621 1061
1621 1060
1624 1060
1624 1059
1627 1059
1627 1058
1628 1058
1628 1057
1629 1057
1629 1056
1631 1056
1631 1055
1632 1055
1632 1054
1634 1054
1634 1053
1637 1053
1637 1052
1654 1052
1654 1051
1659 1051
1659 1050
1661 1050
1661 1049
1662 1049
1662 1048
1664 1048
1664 1047
1665 1047
1665 1046
1671 1046
1671 1045
1672 1045
1672 1044
1673 1044
1673 1043
1674 1043
1674 1041
1675 1041
1675 1039
1676 1039
1676 1038
1677 1038
1677 1037
1678 1037
1678 1036
1679 1036
1679 1034
1680 1034
1680 1032
1681 1032
1681 1028
1682 1028
1682 1026
1683 1026
1683 1023
1684 1023
1684 1020
1685 1020
1685 1011
1686 1011
1686 1004
1687 1004
1687 1000
1688 1000
1688 991
1689 991
1689 984
1690 984
1690 976
1691 976
1691 972
1692 972
1692 967
1693 967
1693 958
1694 958
1694 957
1695 957
1695 956
1696 956
1696 948
1700 948
1700 949
1709 949
1709 950
1710 950
1710 951
1711 951
1711 953
1712 953
1712 954
1714 954
1714 955
1718 955
1718 956
1729 956
1729 955
1730 955
1730 954
1733 954
1733 953
1739 953
1739 954
1740 954
1740 956
1743 956
1743 960
1744 960
1744 961
1745 961
1745 966
1744 966
1744 974
1745 974
1745 976
1746 976
1746 983
1747 983
1747 985
1748 985
1748 986
1749 986
1749 988
1750 988
1750 989
1751 989
1751 990
1752 990
1752 991
1754 991
1754 992
1755 992
1755 993
1756 993
1756 994
1757 994
1757 995
1758 995
1758 996
1759 996
1759 999
1760 999
1760 1000
1761 1000
1761 1002
1762 1002
1762 1005
1763 1005
1763 1007
1764 1007
1764 1009
1765 1009
1765 1010
1766 1010
1766 1011
1767 1011
1767 1012
1768 1012
1768 1013
1770 1013
1770 1014
1771 1014
1771 1015
1773 1015
1773 1016
1774 1016
1774 1017
1775 1017
1775 1019
1776 1019
1776 1020
1777 1020
1777 1023
1778 1023
1778 1025
1779 1025
1779 1027
1780 1027
1780 1028
1781 1028
1781 1030
1782 1030
1782 1031
1783 1031
1783 1032
1784 1032
1784 1033
1785 1033
1785 1034
1786 1034
1786 1037
1787 1037
1787 1043
1788 1043
1788 1045
1789 1045
1789 1047
1790 1047
1790 1048
1791 1048
1791 1049
1792 1049
1792 1050
1793 1050
1793 1051
1794 1051
1794 1052
1797 1052
1797 1053
1799 1053
1799 1054
1804 1054
1804 1057
1805 1057
1805 1061
1806 1061
1806 1063
1807 1063
1807 1065
1808 1065
1808 1066
1809 1066
1809 1067
1810 1067
1810 1068
1811 1068
1811 1069
1812 1069
1812 1068
1819 1068
1819 1067
1821 1067
1821 1066
1823 1066
1823 1065
1824 1065
1824 1064
1826 1064
1826 1063
1828 1063
1828 1062
1829 1062
1829 1061
1832 1061
1832 1060
1836 1060
1836 1059
1841 1059
1841 1060
1846 1060
1846 1061
1849 1061
1849 1062
1854 1062
1854 1061
1858 1061
1858 1060
1859 1060
1859 1058
1860 1058
1860 1056
1861 1056
1861 1053
1862 1053
1862 1050
1863 1050
1863 1049
1864 1049
1864 1048
1865 1048
1865 1047
1866 1047
1866 1046
1868 1046
1868 1045
1870 1045
1870 1044
1871 1044
1871 1042
1872 1042
1872 1041
1873 1041
1873 1040
1874 1040
1874 1039
1875 1039
1875 1037
1876 1037
1876 1035
1877 1035
1877 1030
1878 1030
1878 1024
1879 1024
1879 1023
1880 1023
1880 1019
1881 1019
1881 1016
1882 1016
1882 1013
1883 1013
1883 1011
1884 1011
1884 1010
1890 1010
1890 1011
1899 1011
1899 1010
1901 1010
1901 1009
1902 1009
1902 1005
1903 1005
1903 1000
1904 1000
1904 995
1905 995
1905 988
1906 988
1906 987
1919 987
1919 986
1920 986
1920 985
1921 985
1921 984
1922 984
1922 982
1923 982
1923 981
1937 981
1937 982
1943 982
1943 983
1944 983
1944 984
1946 984
1946 985
1947 985
1947 986
1948 986
1948 987
1949 987
1949 988
1950 988
1950 989
1951 989
1951 1004
1952 1004
1952 1009
1953 1009
1953 1012
1954 1012
1954 1015
1955 1015
1955 1017
1956 1017
1956 1018
1957 1018
1957 1020
1958 1020
1958 1021
1959 1021
1959 1022
1961 1022
1961 1023
1962 1023
1962 1025
1963 1025
1963 1026
1964 1026
1964 1027
1965 1027
1965 1028
1966 1028
1966 1029
1967 1029
1967 1030
1969 1030
1969 1031
1970 1031
1970 1032
1971 1032
1971 1034
1972 1034
1972 1035
1973 1035
1973 1036
1974 1036
1974 1037
1975 1037
1975 1038
1976 1038
1976 1039
1977 1039
1977 1040
1978 1040
1978 1041
1979 1041
1979 1042
1981 1042
1981 1043
1982 1043
1982 1044
1983 1044
1983 1046
1984 1046
1984 1047
1985 1047
1985 1050
1986 1050
1986 1062
1987 1062
1987 1064
1988 1064
1988 1066
1989 1066
1989 1069
1990 1069
1990 1070
1991 1070
1991 1071
1995 1071
1995 1072
1996 1072
1996 1073
1997 1073
1997 1079
1998 1079
1998 1082
1999 1082
1999 1083
2000 1083
2000 1084
2002 1084
2002 1085
2005 1085
2005 1086
2013 1086
2013 1087
2015 1087
2015 1088
2017 1088
2017 1089
2019 1089
2019 1088
2032 1088
2032 1089
2050 1089
2050 1088
2063 1088
2063 1087
2065 1087
2065 1086
2074 1086
2074 1085
2077 1085
2077 1084
2079 1084
2079 1083
2080 1083
2080 1082
2081 1082
2081 1081
2082 1081
2082 1080
2083 1080
2083 1078
2084 1078
2084 1077
2085 1077
2085 1076
2086 1076
2086 1075
2089 1075
2089 1074
2099 1074
2099 1075
2100 1075
2100 1076
2103 1076
2103 1077
2104 1077
2104 1078
2105 1078
2105 1079
2115 1079
2115 1078
2126 1078
2126 1076
2127 1076
2127 1069
2128 1069
2128 1057
2129 1057
2129 1054
2138 1054
2138 1053
2142 1053
2142 1052
2151 1052
2151 1053
2159 1053
2159 1052
2161 1052
2161 1051
2162 1051
2162 1050
2164 1050
2164 1049
2166 1049
2166 1048
2167 1048
2167 1047
2169 1047
2169 1046
2170 1046
2170 1045
2171 1045
2171 1044
2174 1044
2174 1043
2176 1043
2176 1042
2179 1042
2179 1041
2180 1041
2180 1040
2194 1040
2194 1039
2196 1039
2196 1038
2197 1038
2197 1037
2198 1037
2198 1036
2199 1036
2199 1035
2200 1035
2200 1034
2201 1034
2201 1033
2202 1033
2202 1032
2203 1032
2203 1029
2204 1029
2204 1027
2205 1027
2205 1020
2206 1020
2206 1013
2207 1013
2207 1008
2208 1008
2208 1005
2214 1005
2214 1004
2221 1004
2221 1003
2223 1003
2223 1002
2225 1002
2225 1001
2226 1001
2226 999
2227 999
2227 994
2231 994
2231 993
2236 993
2236 994
2237 994
2237 997
2238 997
2238 1000
2239 1000
2239 1002
2240 1002
2240 1003
2241 1003
2241 1004
2242 1004
2242 1005
2243 1005
2243 1006
2246 1006
2246 1007
2251 1007
2251 1008
2253 1008
2253 1009
2254 1009
2254 1010
2256 1010
2256 1011
2259 1011
2259 1012
2260 1012
2260 1016
2261 1016
2261 1018
2262 1018
2262 1020
2263 1020
2263 1021
2264 1021
2264 1022
2265 1022
2265 1023
2267 1023
2267 1024
2268 1024
2268 1025
2270 1025
2270 1026
2272 1026
2272 1027
2273 1027
2273 1028
2274 1028
2274 1029
2275 1029
2275 1030
2276 1030
2276 1031
2277 1031
2277 1032
2278 1032
2278 1033
2283 1033
2283 1034
2285 1034
2285 1035
2286 1035
2286 1037
2287 1037
2287 1038
2288 1038
2288 1040
2289 1040
2289 1041
2290 1041
2290 1042
2291 1042
2291 1043
2292 1043
2292 1044
2293 1044
2293 1045
2294 1045
2294 1046
2296 1046
2296 1047
2298 1047
2298 1048
2299 1048
2299 1049
2300 1049
2300 1050
2302 1050
2302 1051
2303 1051
2303 1054
2304 1054
2304 1086
2305 1086
2305 1088
2306 1088
2306 1089
2307 1089
2307 1090
2308 1090
2308 1091
2309 1091
2309 1092
2311 1092
2311 1093
2313 1093
2313 1094
2315 1094
2315 1095
2318 1095
2318 1096
2321 1096
2321 1097
2324 1097
2324 1098
2327 1098
2327 1099
2329 1099
2329 1100
2331 1100
2331 1101
2339 1101
2339 1100
2341 1100
2341 1099
2343 1099
2343 1098
2345 1098
2345 1097
2347 1097
2347 1096
2350 1096
2350 1095
2353 1095
2353 1096
2357 1096
2357 1097
2364 1097
2364 1098
2367 1098
2367 1099
2373 1099
2373 1098
2376 1098
2376 1097
2382 1097
2382 1098
2384 1098
2384 1099
2386 1099
2386 1098
2387 1098
2387 1097
2388 1097
2388 1096
2396 1096
2396 1095
2412 1095
2412 1096
2421 1096
2421 1097
2436 1097
2436 1098
2440 1098
2440 1099
2452 1099
2452 1100
2456 1100
2456 1101
2461 1101
2461 1102
2463 1102
2463 1103
2467 1103
2467 1104
2497 1104
2497 1105
2502 1105
2502 1104
2504 1104
2504 1103
2505 1103
2505 1100
2506 1100
2506 1098
2507 1098
2507 1097
2508 1097
2508 1095
2509 1095
2509 1094
2510 1094
2510 1093
2511 1093
2511 1092
2512 1092
2512 1091
2515 1091
2515 1090
2516 1090
2516 1089
2519 1089
2519 1088
2520 1088
2520 1087
2521 1087
2521 1086
2523 1086
2523 1085
2526 1085
2526 1084
2528 1084
2528 1083
2529 1083
2529 1082
2531 1082
2531 1081
2532 1081
2532 1080
2533 1080
2533 1078
2534 1078
2534 1076
2535 1076
2535 1073
2536 1073
2536 1071
2537 1071
2537 1069
2538 1069
2538 1066
2539 1066
2539 1060
2540 1060
2540 1052
2541 1052
2541 1047
2542 1047
2542 1040
2543 1040
2543 1032
2544 1032
2544 1024
2545 1024
2545 1019
2546 1019
2546 1012
2547 1012
2547 1008
2548 1008
2548 1001
2549 1001
2549 998
2550 998
2550 997
2553 997
2553 996
2575 996
2575 997
2577 997
2577 998
2580 998
2580 999
2582 999
2582 998
2591 998
2591 999
2595 999
2595 1000
2601 1000
2601 1001
2606 1001
2606 1002
2610 1002
2610 1003
2614 1003
2614 1002
2618 1002
2618 1001
2622 1001
2622 1000
2626 1000
2626 999
2628 999
2628 998
2630 998
2630 997
2632 997
2632 996
2633 996
2633 995
2634 995
2634 994
2635 994
2635 993
2636 993
2636 992
2637 992
2637 991
2638 991
2638 990
2639 990
2639 989
2640 989
2640 987
2641 987
2641 986
2642 986
2642 984
2643 984
2643 983
2644 983
2644 982
2645 982
2645 981
2647 981
2647 980
2648 980
2648 979
2649 979
2649 978
2650 978
2650 977
2651 977
2651 976
2652 976
2652 975
2653 975
2653 974
2656 974
2656 973
2658 973
2658 972
2659 972
2659 971
2660 971
2660 969
2661 969
2661 965
2662 965
2662 961
2663 961
2663 958
2664 958
2664 957
2665 957
2665 950
2666 950
2666 947
2667 947
2667 944
2668 944
2668 942
2669 942
2669 939
2680 939
2680 940
2683 940
2683 941
2689 941
2689 940
2690 940
2690 935
2691 935
2691 931
2692 931
2692 921
2699 921
2699 922
2704 922
2704 923
2705 923
2705 924
2706 924
2706 925
2708 925
2708 926
2709 926
2709 927
2710 927
2710 930
2711 930
2711 945
2710 945
2710 965
2709 965
2709 983
2708 983
2708 1002
2709 1002
2709 1006
2710 1006
2710 1007
2711 1007
2711 1008
2713 1008
2713 1009
2715 1009
2715 1010
2721 1010
2721 1009
2733 1009
2733 1010
2734 1010
2734 1009
2745 1009
2745 1010
2751 1010
2751 1011
2752 1011
2752 1012
2762 1012
2762 1011
2766 1011
2766 1010
2770 1010
2770 1009
2773 1009
2773 1008
2780 1008
2780 1007
2789 1007
2789 1008
2792 1008
2792 1009
2796 1009
2796 1008
2804 1008
2804 1007
2808 1007
2808 1006
2809 1006
2809 1005
2810 1005
2810 1004
2811 1004
2811 1002
2813 1002
2813 1001
2814 1001
2814 1000
2815 1000
2815 999
2816 999
2816 998
2817 998
2817 997
2819 997
2819 996
2822 996
2822 995
2824 995
2824 994
2825 994
2825 993
2827 993
2827 992
2829 992
2829 991
2834 991
2834 990
2837 990
2837 989
2840 989
2840 988
2842 988
2842 987
2843 987
2843 986
2845 986
2845 985
2847 985
2847 984
2849 984
2849 983
2851 983
2851 982
2852 982
2852 981
2853 981
2853 980
2854 980
2854 979
2855 979
2855 978
2856 978
2856 976
2857 976
2857 974
2858 974
2858 972
2859 972
2859 967
2860 967
2860 964
2861 964
2861 959
2862 959
2862 957
2863 957
2863 956
2864 956
2864 953
2865 953
2865 952
2866 952
2866 951
2867 951
2867 950
2868 950
2868 949
2869 949
2869 947
2870 947
2870 946
2871 946
2871 945
2872 945
2872 944
2873 944
2873 940
2874 940
2874 937
2875 937
2875 935
2876 935
2876 932
2877 932
2877 930
2878 930
2878 929
2879 929
2879 928
2880 928
2880 927
2883 927
2883 926
2885 926
2885 925
2888 925
2888 924
2902 924
2902 923
2903 923
2903 921
2904 921
2904 919
2905 919
2905 916
2906 916
2906 906
2907 906
2907 893
2908 893
2908 888
2909 888
2909 885
2910 885
2910 883
2911 883
2911 882
2912 882
2912 880
2913 880
2913 879
2914 879
2914 878
2916 878
2916 877
2927 877
2927 876
2938 876
2938 875
2953 875
2953 876
2964 876
2964 877
2972 877
2972 876
2981 876
2981 877
2991 877
2991 876
2992 876
2992 875
2994 875
2994 874
2995 874
2995 873
2996 873
2996 871
2997 871
2997 867
2998 867
2998 858
2999 858
2999 853
3000 853
3000 851
3006 851
3006 850
3009 850
3009 849
3011 849
3011 848
3013 848
3013 847
3015 847
3015 846
3018 846
3018 845
3022 845
3022 844
3029 844
3029 843
3030 843
3030 842
3031 842
3031 841
3032 841
3032 839
3033 839
3033 837
3034 837
3034 822
3035 822
3035 818
3036 818
3036 813
3037 813
3037 811
3038 811
3038 809
3043 809
3043 808
3058 808
3058 807
3060 807
3060 806
3074 806
3074 805
3075 805
3075 804
3081 804
3081 803
3082 803
3082 802
3083 802
3083 801
3084 801
3084 800
3091 800
3091 799
3092 799
3092 798
3095 798
3095 797
3100 797
3100 796
3103 796
3103 795
3108 795
3108 794
3109 794
3109 793
3112 793
3112 792
3117 792
3117 791
3119 791
3119 790
3121 790
3121 789
3122 789
3122 787
3123 787
3123 786
3122 786
3122 787
3121 787
3121 789
3119 789
3119 790
3117 790
3117 791
3112 791
3112 792
3109 792
3109 793
3108 793
3108 794
3103 794
3103 795
3100 795
3100 796
3095 796
3095 797
3092 797
3092 798
3091 798
3091 799
3084 799
3084 800
3083 800
3083 801
3082 801
3082 802
3081 802
3081 803
3075 803
3075 804
3074 804
3074 805
3060 805
3060 806
3058 806
3058 807
3043 807
3043 808
3038 808
3038 809
3037 809
3037 811
3036 811
3036 813
3035 813
3035 818
3034 818
3034 822
3033 822
3033 837
3032 837
3032 839
3031 839
3031 841
3030 841
3030 842
3029 842
3029 843
3022 843
3022 844
3018 844
3018 845
3015 845
3015 846
3013 846
3013 847
3011 847
3011 848
3009 848
3009 849
3006 849
3006 850
3000 850
3000 851
2999 851
2999 853
2998 853
2998 858
2997 858
2997 867
2996 867
2996 871
2995 871
2995 873
2994 873
2994 874
2992 874
2992 875
2991 875
2991 876
2981 876
2981 875
2972 875
2972 876
2964 876
2964 875
2953 875
2953 874
2938 874
2938 875
2927 875
2927 876
2916 876
2916 877
2914 877
2914 878
2913 878
2913 879
2912 879
2912 880
2911 880
2911 882
2910 882
2910 883
2909 883
2909 885
2908 885
2908 888
2907 888
2907 893
2906 893
2906 906
2905 906
2905 916
2904 916
2904 919
2903 919
2903 921
2902 921
2902 923
2888 923
2888 924
2885 924
2885 925
2883 925
2883 926
2880 926
2880 927
2879 927
2879 928
2878 928
2878 929
2877 929
2877 930
2876 930
2876 932
2875 932
2875 935
2874 935
2874 937
2873 937
2873 940
2872 940
2872 944
2871 944
2871 945
2870 945
2870 946
2869 946
2869 947
2868 947
2868 949
2867 949
2867 950
2866 950
2866 951
2865 951
2865 952
2864 952
2864 953
2863 953
2863 956
2862 956
2862 957
2861 957
2861 959
2860 959
2860 964
2859 964
2859 967
2858 967
2858 972
2857 972
2857 974
2856 974
2856 976
2855 976
2855 978
2854 978
2854 979
2853 979
2853 980
2852 980
2852 981
2851 981
2851 982
2849 982
2849 983
2847 983
2847 984
2845 984
2845 985
2843 985
2843 986
2842 986
2842 987
2840 987
2840 988
2837 988
2837 989
2834 989
2834 990
2829 990
2829 991
2827 991
2827 992
2825 992
2825 993
2824 993
2824 994
2822 994
2822 995
2819 995
2819 996
2817 996
2817 997
2816 997
2816 998
2815 998
2815 999
2814 999
2814 1000
2813 1000
2813 1001
2811 1001
2811 1002
2810 1002
2810 1004
2809 1004
2809 1005
2808 1005
2808 1006
2804 1006
2804 1007
2796 1007
2796 1008
2792 1008
2792 1007
2789 1007
2789 1006
2780 1006
2780 1007
2773 1007
2773 1008
2770 1008
2770 1009
2766 1009
2766 1010
2762 1010
2762 1011
2752 1011
2752 1010
2751 1010
2751 1009
2745 1009
2745 1008
2734 1008
2734 1009
2733 1009
2733 1008
2721 1008
2721 1009
2715 1009
2715 1008
2713 1008
2713 1007
2711 1007
2711 1006
2710 1006
2710 1002
2709 1002
2709 983
2710 983
2710 965
2711 965
2711 945
2712 945
2712 930
2711 930
2711 927
2710 927
2710 926
2709 926
2709 925
2708 925
2708 924
2706 924
2706 923
2705 923
2705 922
2704 922
2704 921
2699 921
2699 920
2691 920
2691 931
2690 931
2690 935
2689 935
2689 940
2683 940
2683 939
2680 939
2680 938
2669 938
2669 939
2668 939
2668 942
2667 942
2667 944
2666 944
2666 947
2665 947
2665 950
2664 950
2664 957
2663 957
2663 958
2662 958
2662 961
2661 961
2661 965
2660 965
2660 969
2659 969
2659 971
2658 971
2658 972
2656 972
2656 973
2653 973
2653 974
2652 974
2652 975
2651 975
2651 976
2650 976
2650 977
2649 977
2649 978
2648 978
2648 979
2647 979
2647 980
2645 980
2645 981
2644 981
2644 982
2643 982
2643 983
2642 983
2642 984
2641 984
2641 986
2640 986
2640 987
2639 987
2639 989
2638 989
2638 990
2637 990
2637 991
2636 991
2636 992
2635 992
2635 993
2634 993
2634 994
2633 994
2633 995
2632 995
2632 996
2630 996
