2333 211
2334 211
2334 217
2333 217
2333 228
2332 228
2332 243
2331 243
2331 244
2330 244
2330 246
2329 246
2329 248
2328 248
2328 249
2327 249
2327 250
2326 250
2326 253
2325 253
2325 254
2324 254
2324 255
2323 255
2323 256
2322 256
2322 257
2320 257
2320 258
2319 258
2319 259
2318 259
2318 260
2317 260
2317 261
2316 261
2316 262
2314 262
2314 264
2313 264
2313 266
2312 266
2312 268
2311 268
2311 271
2310 271
2310 272
2309 272
2309 279
2310 279
2310 297
2311 297
2311 306
2310 306
2310 353
2309 353
2309 360
2308 360
2308 361
2309 361
2309 372
2308 372
2308 374
2307 374
2307 376
2306 376
2306 378
2305 378
2305 381
2304 381
2304 383
2303 383
2303 384
2302 384
2302 385
2301 385
2301 386
2300 386
2300 387
2298 387
2298 388
2297 388
2297 389
2296 389
2296 390
2295 390
2295 391
2294 391
2294 392
2293 392
2293 393
2292 393
2292 394
2291 394
2291 395
2290 395
2290 397
2289 397
2289 399
2288 399
2288 400
2287 400
2287 401
2286 401
2286 403
2285 403
2285 404
2284 404
2284 405
2283 405
2283 406
2282 406
2282 407
2278 407
2278 408
2274 408
2274 411
2273 411
2273 414
2274 414
2274 417
2275 417
2275 424
2274 424
2274 428
2273 428
2273 433
2272 433
2272 435
2271 435
2271 436
2270 436
2270 437
2269 437
2269 438
2268 438
2268 439
2267 439
2267 440
2266 440
2266 441
2265 441
2265 442
2263 442
2263 444
2262 444
2262 447
2261 447
2261 453
2260 453
2260 457
2261 457
2261 459
2262 459
2262 499
2261 499
2261 500
2260 500
2260 501
2253 501
2253 502
2251 502
2251 504
2250 504
2250 506
2249 506
2249 507
2248 507
2248 511
2249 511
2249 516
2248 516
2248 518
2247 518
2247 519
2246 519
2246 520
2244 520
2244 521
2240 521
2240 540
2239 540
2239 583
2238 583
2238 606
2237 606
2237 607
2236 607
2236 608
2233 608
2233 609
2231 609
2231 610
2230 610
2230 611
2229 611
2229 612
2228 612
2228 613
2226 613
2226 614
2225 614
2225 615
2223 615
2223 616
2219 616
2219 617
2217 617
2217 618
2216 618
2216 619
2214 619
2214 620
2213 620
2213 621
2212 621
2212 622
2211 622
2211 623
2208 623
2208 624
2207 624
2207 625
2206 625
2206 626
2205 626
2205 628
2204 628
2204 629
2203 629
2203 632
2202 632
2202 633
2201 633
2201 637
2200 637
2200 640
2199 640
2199 641
2198 641
2198 642
2197 642
2197 643
2196 643
2196 644
2194 644
2194 645
2193 645
2193 646
2191 646
2191 647
2190 647
2190 648
2189 648
2189 649
2188 649
2188 650
2187 650
2187 651
2185 651
2185 652
2183 652
2183 654
2182 654
2182 655
2181 655
2181 656
2180 656
2180 659
2179 659
2179 660
2178 660
2178 661
2177 661
2177 662
2175 662
2175 663
2173 663
2173 664
2165 664
2165 665
2163 665
2163 666
2162 666
2162 667
2161 667
2161 668
2160 668
2160 669
2159 669
2159 670
2158 670
2158 683
2157 683
2157 684
2156 684
2156 685
2155 685
2155 686
2154 686
2154 687
2148 687
2148 688
2146 688
2146 689
2145 689
2145 690
2144 690
2144 692
2143 692
2143 693
2142 693
2142 694
2141 694
2141 696
2140 696
2140 698
2139 698
2139 700
2138 700
2138 701
2133 701
2133 702
2131 702
2131 703
2123 703
2123 704
2120 704
2120 705
2118 705
2118 706
2117 706
2117 707
2115 707
2115 708
2114 708
2114 709
2113 709
2113 710
2111 710
2111 711
2110 711
2110 712
2109 712
2109 714
2108 714
2108 716
2107 716
2107 718
2106 718
2106 739
2105 739
2105 744
2104 744
2104 748
2103 748
2103 752
2102 752
2102 753
2101 753
2101 754
2100 754
2100 755
2099 755
2099 756
2098 756
2098 757
2096 757
2096 758
2094 758
2094 759
2093 759
2093 760
2092 760
2092 761
2090 761
2090 762
2089 762
2089 764
2088 764
2088 765
2087 765
2087 766
2086 766
2086 767
2084 767
2084 768
2083 768
2083 769
2082 769
2082 770
2080 770
2080 771
2078 771
2078 772
2072 772
2072 771
2063 771
2063 772
2061 772
2061 773
2060 773
2060 774
2056 774
2056 776
2055 776
2055 777
2054 777
2054 778
2051 778
2051 779
2045 779
2045 780
2041 780
2041 781
2038 781
2038 782
2036 782
2036 783
2035 783
2035 784
2034 784
2034 785
2033 785
2033 786
2032 786
2032 787
2029 787
2029 788
2028 788
2028 789
2027 789
2027 790
2026 790
2026 797
2025 797
2025 802
2024 802
2024 803
2023 803
2023 804
2022 804
2022 805
2019 805
2019 806
2018 806
2018 807
2014 807
2014 808
1990 808
1990 809
1986 809
1986 810
1983 810
1983 811
1982 811
1982 812
1981 812
1981 816
1980 816
1980 817
1979 817
1979 818
1978 818
1978 819
1973 819
1973 820
1971 820
1971 821
1970 821
1970 822
1969 822
1969 823
1968 823
1968 825
1967 825
1967 827
1966 827
1966 832
1965 832
1965 833
1964 833
1964 834
1963 834
1963 835
1961 835
1961 836
1960 836
1960 837
1959 837
1959 838
1958 838
1958 839
1948 839
1948 840
1946 840
1946 842
1945 842
1945 843
1944 843
1944 849
1943 849
1943 856
1942 856
1942 858
1941 858
1941 859
1939 859
1939 860
1936 860
1936 861
1927 861
1927 862
1924 862
1924 863
1916 863
1916 865
1915 865
1915 866
1914 866
1914 867
1912 867
1912 868
1910 868
1910 869
1908 869
1908 870
1907 870
1907 871
1906 871
1906 872
1904 872
1904 873
1900 873
1900 874
1898 874
1898 875
1895 875
1895 876
1891 876
1891 877
1887 877
1887 878
1885 878
1885 879
1883 879
1883 880
1882 880
1882 881
1881 881
1881 882
1879 882
1879 883
1878 883
1878 884
1877 884
1877 885
1875 885
1875 886
1874 886
1874 887
1873 887
1873 888
1872 888
1872 889
1871 889
1871 890
1869 890
1869 892
1868 892
1868 893
1866 893
1866 894
1865 894
1865 895
1864 895
1864 896
1862 896
1862 897
1855 897
1855 898
1848 898
1848 899
1843 899
1843 900
1842 900
1842 901
1824 901
1824 900
1816 900
1816 899
1815 899
1815 898
1810 898
1810 897
1804 897
1804 896
1803 896
1803 895
1801 895
1801 894
1799 894
1799 893
1797 893
1797 892
1796 892
1796 891
1795 891
1795 890
1794 890
1794 889
1792 889
1792 888
1791 888
1791 887
1790 887
1790 886
1788 886
1788 885
1787 885
1787 884
1786 884
1786 883
1781 883
1781 882
1768 882
1768 881
1757 881
1757 880
1756 880
1756 879
1755 879
1755 878
1754 878
1754 877
1753 877
1753 876
1751 876
1751 875
1750 875
1750 873
1749 873
1749 872
1746 872
1746 871
1742 871
1742 870
1739 870
1739 869
1738 869
1738 870
1727 870
1727 869
1725 869
1725 868
1723 868
1723 867
1721 867
1721 866
1718 866
1718 865
1713 865
1713 864
1712 864
1712 863
1710 863
1710 864
1702 864
1702 865
1700 865
1700 866
1698 866
1698 867
1697 867
1697 868
1690 868
1690 867
1687 867
1687 866
1681 866
1681 865
1677 865
1677 866
1655 866
1655 865
1642 865
1642 864
1639 864
1639 863
1637 863
1637 862
1636 862
1636 861
1635 861
1635 860
1634 860
1634 859
1628 859
1628 860
1627 860
1627 861
1622 861
1622 862
1612 862
1612 861
1611 861
1611 860
1609 860
1609 859
1607 859
1607 858
1605 858
1605 857
1603 857
1603 856
1599 856
1599 855
1593 855
1593 854
1591 854
1591 853
1587 853
1587 852
1584 852
1584 851
1579 851
1579 850
1577 850
1577 851
1573 851
1573 852
1566 852
1566 853
1563 853
1563 854
1558 854
1558 855
1546 855
1546 854
1542 854
1542 853
1541 853
1541 852
1539 852
1539 851
1537 851
1537 850
1536 850
1536 849
1533 849
1533 848
1525 848
1525 847
1521 847
1521 846
1520 846
1520 845
1518 845
1518 844
1516 844
1516 843
1515 843
1515 842
1513 842
1513 841
1512 841
1512 840
1510 840
1510 839
1509 839
1509 838
1508 838
1508 837
1507 837
1507 835
1506 835
1506 834
1505 834
1505 832
1504 832
1504 831
1503 831
1503 829
1502 829
1502 828
1501 828
1501 827
1500 827
1500 826
1499 826
1499 825
1496 825
1496 824
1489 824
1489 825
1482 825
1482 826
1473 826
1473 827
1457 827
1457 826
1454 826
1454 825
1452 825
1452 824
1449 824
1449 823
1447 823
1447 822
1443 822
1443 821
1438 821
1438 822
1420 822
1420 821
1416 821
1416 820
1414 820
1414 819
1413 819
1413 818
1412 818
1412 816
1411 816
1411 815
1410 815
1410 812
1409 812
1409 811
1408 811
1408 810
1406 810
1406 809
1405 809
1405 808
1403 808
1403 807
1402 807
1402 806
1399 806
1399 805
1397 805
1397 804
1396 804
1396 803
1392 803
1392 802
1388 802
1388 801
1374 801
1374 800
1369 800
1369 799
1367 799
1367 798
1366 798
1366 796
1365 796
1365 795
1364 795
1364 793
1363 793
1363 792
1361 792
1361 791
1357 791
1357 790
1354 790
1354 789
1346 789
1346 790
1342 790
1342 789
1336 789
1336 788
1335 788
1335 787
1334 787
1334 786
1333 786
1333 785
1332 785
1332 784
1331 784
1331 783
1330 783
1330 782
1329 782
1329 781
1328 781
1328 780
1327 780
1327 777
1326 777
1326 775
1325 775
1325 771
1324 771
1324 769
1323 769
1323 766
1322 766
1322 765
1321 765
1321 764
1320 764
1320 763
1318 763
1318 762
1317 762
1317 761
1315 761
1315 760
1314 760
1314 759
1313 759
1313 758
1311 758
1311 757
1309 757
1309 756
1307 756
1307 755
1306 755
1306 754
1305 754
1305 753
1303 753
1303 752
1302 752
1302 751
1301 751
1301 750
1300 750
1300 749
1299 749
1299 748
1297 748
1297 747
1296 747
1296 746
1295 746
1295 745
1294 745
1294 744
1293 744
1293 743
1292 743
1292 742
1291 742
1291 741
1290 741
1290 740
1289 740
1289 739
1288 739
1288 738
1286 738
1286 737
1285 737
1285 736
1284 736
1284 735
1283 735
1283 734
1282 734
1282 733
1281 733
1281 732
1280 732
1280 731
1279 731
1279 730
1278 730
1278 729
1277 729
1277 728
1276 728
1276 727
1275 727
1275 726
1273 726
1273 725
1272 725
1272 724
1271 724
1271 723
1270 723
1270 722
1269 722
1269 721
1268 721
1268 720
1267 720
1267 719
1266 719
1266 718
1265 718
1265 717
1264 717
1264 716
1263 716
1263 715
1261 715
1261 714
1260 714
1260 712
1259 712
1259 711
1257 711
1257 710
1255 710
1255 709
1254 709
1254 708
1253 708
1253 707
1252 707
1252 706
1251 706
1251 705
1250 705
1250 704
1249 704
1249 703
1248 703
1248 702
1247 702
1247 701
1246 701
1246 700
1245 700
1245 699
1244 699
1244 697
1243 697
1243 696
1242 696
1242 695
1241 695
1241 694
1240 694
1240 693
1239 693
1239 692
1238 692
1238 691
1237 691
1237 688
1236 688
1236 687
1235 687
1235 686
1234 686
1234 685
1233 685
1233 678
1232 678
1232 674
1231 674
1231 671
1230 671
1230 669
1229 669
1229 668
1228 668
1228 667
1227 667
1227 666
1225 666
1225 665
1224 665
1224 664
1223 664
1223 663
1219 663
1219 662
1218 662
1218 661
1217 661
1217 659
1216 659
1216 658
1215 658
1215 656
1214 656
1214 655
1213 655
1213 654
1212 654
1212 653
1211 653
1211 652
1210 652
1210 651
1209 651
1209 650
1208 650
1208 648
1207 648
1207 647
1206 647
1206 645
1205 645
1205 643
1204 643
1204 642
1203 642
1203 639
1202 639
1202 638
1201 638
1201 636
1200 636
1200 634
1199 634
1199 632
1198 632
1198 629
1197 629
1197 624
1196 624
1196 614
1195 614
1195 612
1194 612
1194 599
1193 599
1193 591
1192 591
1192 587
1191 587
1191 579
1190 579
1190 573
1189 573
1189 569
1188 569
1188 564
1187 564
1187 555
1186 555
1186 538
1185 538
1185 532
1184 532
1184 522
1183 522
1183 515
1182 515
1182 495
1181 495
1181 489
1180 489
1180 486
1181 486
1181 485
1180 485
1180 469
1179 469
1179 457
1178 457
1178 444
1177 444
1177 441
1178 441
1178 440
1177 440
1177 421
1176 421
1176 387
1175 387
1175 369
1174 369
1174 350
1173 350
1173 324
1172 324
1172 318
1171 318
1171 305
1172 305
1172 299
1171 299
1171 292
1170 292
1170 272
1169 272
1169 265
1168 265
1168 256
1167 256
1167 247
1166 247
1166 239
1165 239
1165 228
1164 228
1164 227
1141 227
1141 226
1110 226
1110 227
1093 227
1093 226
1075 226
1075 227
1060 227
1060 228
1049 228
1049 229
1043 229
1043 228
1020 228
1020 227
1017 227
1017 228
999 228
999 229
983 229
983 228
981 228
981 227
971 227
971 226
981 226
981 227
983 227
983 228
999 228
999 227
1017 227
1017 226
1020 226
1020 227
1043 227
1043 228
1049 228
1049 227
1060 227
1060 226
1075 226
1075 225
1093 225
1093 226
1110 226
1110 225
1141 225
1141 226
1164 226
1164 227
1165 227
1165 228
1166 228
1166 239
1167 239
1167 247
1168 247
1168 256
1169 256
1169 265
1170 265
1170 272
1171 272
1171 292
1172 292
1172 299
1173 299
1173 305
1172 305
1172 318
1173 318
1173 324
1174 324
1174 350
1175 350
1175 369
1176 369
1176 387
1177 387
1177 421
1178 421
1178 440
1179 440
1179 441
1178 441
1178 444
1179 444
1179 457
1180 457
1180 469
1181 469
1181 485
1182 485
1182 486
1181 486
1181 489
1182 489
1182 495
1183 495
1183 515
1184 515
1184 522
1185 522
1185 532
1186 532
1186 538
1187 538
1187 555
1188 555
1188 564
1189 564
1189 569
1190 569
1190 573
1191 573
1191 579
1192 579
1192 587
1193 587
1193 591
1194 591
1194 599
1195 599
1195 612
1196 612
1196 614
1197 614
1197 624
1198 624
1198 629
1199 629
1199 632
1200 632
1200 634
1201 634
1201 636
1202 636
1202 638
1203 638
1203 639
1204 639
1204 642
1205 642
1205 643
1206 643
1206 645
1207 645
1207 647
1208 647
1208 648
1209 648
1209 650
1210 650
1210 651
1211 651
1211 652
1212 652
1212 653
1213 653
1213 654
1214 654
1214 655
1215 655
1215 656
1216 656
1216 658
1217 658
1217 659
1218 659
1218 661
1219 661
1219 662
1223 662
1223 663
1224 663
1224 664
1225 664
1225 665
1227 665
1227 666
1228 666
1228 667
1229 667
1229 668
1230 668
1230 669
1231 669
1231 671
1232 671
1232 674
1233 674
1233 678
1234 678
1234 685
1235 685
1235 686
1236 686
1236 687
1238 687
1238 691
1239 691
1239 692
1240 692
1240 693
1241 693
1241 694
1242 694
1242 695
1243 695
1243 696
1244 696
1244 697
1245 697
1245 699
1246 699
1246 700
1247 700
1247 701
1248 701
1248 702
1249 702
1249 703
1250 703
1250 704
1251 704
1251 705
1252 705
1252 706
1253 706
1253 707
1254 707
1254 708
1255 708
1255 709
1257 709
1257 710
1259 710
1259 711
1260 711
1260 712
1261 712
1261 714
1263 714
1263 715
1264 715
1264 716
1265 716
1265 717
1266 717
1266 718
1267 718
1267 719
1268 719
1268 720
1269 720
1269 721
1270 721
1270 722
1271 722
1271 723
1272 723
1272 724
1273 724
1273 725
1275 725
1275 726
1276 726
1276 727
1277 727
1277 728
1278 728
1278 729
1279 729
1279 730
1280 730
1280 731
1281 731
1281 732
1282 732
1282 733
1283 733
1283 734
1284 734
1284 735
1285 735
1285 736
1286 736
1286 737
1288 737
1288 738
1289 738
1289 739
1290 739
1290 740
1291 740
1291 741
1292 741
1292 742
1293 742
1293 743
1294 743
1294 744
1295 744
1295 745
1296 745
1296 746
1297 746
1297 747
1299 747
1299 748
1300 748
1300 749
1301 749
1301 750
1302 750
1302 751
1303 751
1303 752
1305 752
1305 753
1306 753
1306 754
1307 754
1307 755
1309 755
1309 756
1311 756
1311 757
1313 757
1313 758
1314 758
1314 759
1315 759
1315 760
1317 760
1317 761
1318 761
1318 762
1320 762
1320 763
1321 763
1321 764
1322 764
1322 765
1323 765
1323 766
1324 766
1324 769
1325 769
1325 771
1326 771
1326 775
1327 775
1327 777
1328 777
1328 780
1329 780
1329 781
1330 781
1330 782
1331 782
1331 783
1332 783
1332 784
1333 784
1333 785
1334 785
1334 786
1335 786
1335 787
1336 787
1336 788
1342 788
1342 789
1346 789
1346 788
1354 788
1354 789
1357 789
1357 790
1361 790
1361 791
1363 791
1363 792
1364 792
1364 793
1365 793
1365 795
1366 795
1366 796
1367 796
1367 798
1369 798
1369 799
1374 799
1374 800
1388 800
1388 801
1392 801
1392 802
1396 802
1396 803
1397 803
1397 804
1399 804
1399 805
1402 805
1402 806
1403 806
1403 807
1405 807
1405 808
1406 808
1406 809
1408 809
1408 810
1409 810
1409 811
1410 811
1410 812
1411 812
1411 815
1412 815
1412 816
1413 816
1413 818
1414 818
1414 819
1416 819
1416 820
1420 820
1420 821
1438 821
1438 820
1443 820
1443 821
1447 821
1447 822
1449 822
1449 823
1452 823
1452 824
1454 824
1454 825
1457 825
1457 826
1473 826
1473 825
1482 825
1482 824
1489 824
1489 823
1496 823
1496 824
1499 824
1499 825
1500 825
1500 826
1501 826
1501 827
1502 827
1502 828
1503 828
1503 829
1504 829
1504 831
1505 831
1505 832
1506 832
1506 834
1507 834
1507 835
1508 835
1508 837
1509 837
1509 838
1510 838
1510 839
1512 839
1512 840
1513 840
1513 841
1515 841
1515 842
1516 842
1516 843
1518 843
1518 844
1520 844
1520 845
1521 845
1521 846
1525 846
1525 847
1533 847
1533 848
1536 848
1536 849
1537 849
1537 850
1539 850
1539 851
1541 851
1541 852
1542 852
1542 853
1546 853
1546 854
1558 854
1558 853
1563 853
1563 852
1566 852
1566 851
1573 851
1573 850
1577 850
1577 849
1579 849
1579 850
1584 850
1584 851
1587 851
1587 852
1591 852
1591 853
1593 853
1593 854
1599 854
1599 855
1603 855
1603 856
1605 856
1605 857
1607 857
1607 858
1609 858
1609 859
1611 859
1611 860
1612 860
1612 861
1622 861
1622 860
1627 860
1627 859
1628 859
1628 858
1634 858
1634 859
1635 859
1635 860
1636 860
1636 861
1637 861
1637 862
1639 862
1639 863
1642 863
1642 864
1655 864
1655 865
1677 865
1677 864
1681 864
1681 865
1687 865
1687 866
1690 866
1690 867
1697 867
1697 866
1698 866
1698 865
1700 865
1700 864
1702 864
1702 863
1710 863
1710 862
1712 862
1712 863
1713 863
1713 864
1718 864
1718 865
1721 865
1721 866
1723 866
1723 867
1725 867
1725 868
1727 868
1727 869
1738 869
1738 868
1739 868
1739 869
1742 869
1742 870
1746 870
1746 871
1749 871
1749 872
1750 872
1750 873
1751 873
1751 875
1753 875
1753 876
1754 876
1754 877
1755 877
1755 878
1756 878
1756 879
1757 879
1757 880
1768 880
1768 881
1781 881
1781 882
1786 882
1786 883
1787 883
1787 884
1788 884
1788 885
1790 885
1790 886
1791 886
1791 887
1792 887
1792 888
1794 888
1794 889
1795 889
1795 890
1796 890
1796 891
1797 891
1797 892
1799 892
1799 893
1801 893
1801 894
1803 894
1803 895
1804 895
1804 896
1810 896
1810 897
1815 897
1815 898
1816 898
1816 899
1824 899
1824 900
1842 900
1842 899
1843 899
1843 898
1848 898
1848 897
1855 897
1855 896
1862 896
1862 895
1864 895
1864 894
1865 894
1865 893
1866 893
1866 892
1868 892
1868 890
1869 890
1869 889
1871 889
1871 888
1872 888
1872 887
1873 887
1873 886
1874 886
1874 885
1875 885
1875 884
1877 884
1877 883
1878 883
1878 882
1879 882
1879 881
1881 881
1881 880
1882 880
1882 879
1883 879
1883 878
1885 878
1885 877
1887 877
1887 876
1891 876
1891 875
1895 875
1895 874
1898 874
1898 873
1900 873
1900 872
1904 872
1904 871
1906 871
1906 870
1907 870
1907 869
1908 869
1908 868
1910 868
1910 867
1912 867
1912 866
1914 866
1914 865
1915 865
1915 862
1924 862
1924 861
1927 861
1927 860
1936 860
1936 859
1939 859
1939 858
1941 858
1941 856
1942 856
1942 849
1943 849
1943 843
1944 843
1944 842
1945 842
1945 840
1946 840
1946 839
1948 839
1948 838
1958 838
1958 837
1959 837
1959 836
1960 836
1960 835
1961 835
1961 834
1963 834
1963 833
1964 833
1964 832
1965 832
1965 827
1966 827
1966 825
1967 825
1967 823
1968 823
1968 822
1969 822
1969 821
1970 821
1970 820
1971 820
1971 819
1973 819
1973 818
1978 818
1978 817
1979 817
1979 816
1980 816
1980 811
1982 811
1982 810
1983 810
1983 809
1986 809
1986 808
1990 808
1990 807
2014 807
2014 806
2018 806
2018 805
2019 805
2019 804
2022 804
2022 803
2023 803
2023 802
2024 802
2024 797
2025 797
2025 790
2026 790
2026 789
2027 789
2027 788
2028 788
2028 787
2029 787
2029 786
2032 786
2032 785
2033 785
2033 784
2034 784
2034 783
2035 783
2035 782
2036 782
2036 781
2038 781
2038 780
2041 780
2041 779
2045 779
2045 778
2051 778
2051 777
2054 777
2054 776
2055 776
2055 774
2056 774
2056 773
2060 773
2060 772
2061 772
2061 771
2063 771
2063 770
2072 770
2072 771
2078 771
2078 770
2080 770
2080 769
2082 769
2082 768
2083 768
2083 767
2084 767
2084 766
2086 766
2086 765
2087 765
2087 764
2088 764
2088 762
2089 762
2089 761
2090 761
2090 760
2092 760
2092 759
2093 759
2093 758
2094 758
2094 757
2096 757
2096 756
2098 756
2098 755
2099 755
2099 754
2100 754
2100 753
2101 753
2101 752
2102 752
2102 748
2103 748
2103 744
2104 744
2104 739
2105 739
2105 718
2106 718
2106 716
2107 716
2107 714
2108 714
2108 712
2109 712
2109 711
2110 711
2110 710
2111 710
2111 709
2113 709
2113 708
2114 708
2114 707
2115 707
2115 706
2117 706
2117 705
2118 705
2118 704
2120 704
2120 703
2123 703
2123 702
2131 702
2131 701
2133 701
2133 700
2138 700
2138 698
2139 698
2139 696
2140 696
2140 694
2141 694
2141 693
2142 693
2142 692
2143 692
2143 690
2144 690
2144 689
2145 689
2145 688
2146 688
2146 687
2148 687
2148 686
2154 686
2154 685
2155 685
2155 684
2156 684
2156 683
2157 683
2157 670
2158 670
2158 669
2159 669
2159 668
2160 668
2160 667
2161 667
2161 666
2162 666
2162 665
2163 665
2163 664
2165 664
2165 663
2173 663
2173 662
2175 662
2175 661
2177 661
2177 660
2178 660
2178 659
2179 659
2179 656
2180 656
2180 655
2181 655
2181 654
2182 654
2182 652
2183 652
2183 651
2185 651
2185 650
2187 650
2187 649
2188 649
2188 648
2189 648
2189 647
2190 647
2190 646
2191 646
2191 645
2193 645
2193 644
2194 644
2194 643
2196 643
2196 642
2197 642
2197 641
2198 641
2198 640
2199 640
2199 637
2200 637
2200 633
2201 633
2201 632
2202 632
2202 629
2203 629
2203 628
2204 628
2204 626
2205 626
2205 625
2206 625
2206 624
2207 624
2207 623
2208 623
2208 622
2211 622
2211 621
2212 621
2212 620
2213 620
2213 619
2214 619
2214 618
2216 618
2216 617
2217 617
2217 616
2219 616
2219 615
2223 615
2223 614
2225 614
2225 613
2226 613
2226 612
2228 612
2228 611
2229 611
2229 610
2230 610
2230 609
2231 609
2231 608
2233 608
2233 607
2236 607
2236 606
2237 606
2237 583
2238 583
2238 540
2239 540
2239 521
2240 521
2240 520
2244 520
2244 519
2246 519
2246 518
2247 518
2247 516
2248 516
2248 511
2247 511
2247 507
2248 507
2248 506
2249 506
2249 504
2250 504
2250 502
2251 502
2251 501
2253 501
2253 500
2260 500
2260 499
2261 499
2261 459
2260 459
2260 457
2259 457
2259 453
2260 453
2260 447
2261 447
2261 444
2262 444
2262 442
2263 442
2263 441
2265 441
2265 440
2266 440
2266 439
2267 439
2267 438
2268 438
2268 437
2269 437
2269 436
2270 436
2270 435
2271 435
2271 433
2272 433
2272 428
2273 428
2273 424
2274 424
2274 417
2273 417
2273 414
2272 414
2272 411
2273 411
2273 408
2274 408
2274 407
2278 407
2278 406
2282 406
2282 405
2283 405
2283 404
2284 404
2284 403
2285 403
2285 401
2286 401
2286 400
2287 400
2287 399
2288 399
2288 397
2289 397
2289 395
2290 395
2290 394
2291 394
2291 393
2292 393
2292 392
2293 392
2293 391
2294 391
2294 390
2295 390
2295 389
2296 389
2296 388
2297 388
2297 387
2298 387
2298 386
2300 386
2300 385
2301 385
2301 384
2302 384
2302 383
2303 383
2303 381
2304 381
2304 378
2305 378
2305 376
2306 376
2306 374
2307 374
2307 372
2308 372
2308 361
2307 361
2307 360
2308 360
2308 353
2309 353
2309 306
2310 306
2310 297
2309 297
2309 279
2308 279
2308 272
2309 272
2309 271
2310 271
2310 268
2311 268
2311 266
2312 266
2312 264
2313 264
2313 262
2314 262
2314 261
2316 261
2316 260
2317 260
2317 259
2318 259
2318 258
2319 258
2319 257
2320 257
2320 256
2322 256
2322 255
2323 255
2323 254
2324 254
2324 253
2325 253
2325 250
2326 250
2326 249
2327 249
2327 248
2328 248
2328 246
2329 246
2329 244
2330 244
2330 243
2331 243
2331 228
2332 228
2332 217
2333 217
2333 211
2332 211
2332 204
2333 204
2333 185
2334 185
2334 184
2335 184
2335 182
2336 182
2336 180
2339 180
2339 181
2342 181
2342 182
2346 182
2346 183
2352 183
2352 182
2353 182
2353 181
2354 181
2354 180
2355 180
2355 179
2356 179
2356 176
2357 176
2357 172
2358 172
2358 171
2359 171
2359 169
2360 169
2360 167
2361 167
2361 166
2362 166
2362 165
2364 165
2364 164
2376 164
2376 163
2397 163
2397 162
2401 162
2401 161
2406 161
2406 160
2414 160
2414 159
2452 159
2452 158
2460 158
2460 157
2469 157
2469 156
2480 156
2480 155
2491 155
2491 154
2502 154
2502 153
2508 153
2508 152
2514 152
2514 151
2520 151
2520 150
2523 150
2523 151
2520 151
2520 152
2514 152
2514 153
2508 153
2508 154
2502 154
2502 155
2491 155
2491 156
2480 156
2480 157
2469 157
2469 158
2460 158
2460 159
2452 159
2452 160
2414 160
2414 161
2406 161
2406 162
2401 162
2401 163
2397 163
2397 164
2376 164
2376 165
2364 165
2364 166
2362 166
2362 167
2361 167
2361 169
2360 169
2360 171
2359 171
2359 172
2358 172
2358 176
2357 176
2357 179
2356 179
2356 180
2355 180
2355 181
2354 181
2354 182
2353 182
2353 183
2352 183
2352 184
2346 184
2346 183
2342 183
2342 182
2339 182
2339 181
2337 181
2337 183
2336 183
2336 185
2334 185
2334 204
2333 204
