2776 296
2783 296
2783 295
2786 295
2786 294
2788 294
2788 293
2789 293
2789 292
2790 292
2790 291
2791 291
2791 290
2792 290
2792 289
2794 289
2794 288
2796 288
2796 287
2797 287
2797 285
2798 285
2798 283
2799 283
2799 282
2800 282
2800 280
2801 280
2801 279
2802 279
2802 278
2803 278
2803 277
2804 277
2804 276
2805 276
2805 275
2807 275
2807 274
2808 274
2808 273
2809 273
2809 272
2810 272
2810 271
2812 271
2812 269
2813 269
2813 268
2814 268
2814 267
2816 267
2816 266
2818 266
2818 265
2819 265
2819 264
2820 264
2820 263
2821 263
2821 262
2823 262
2823 261
2825 261
2825 260
2828 260
2828 259
2829 259
2829 258
2832 258
2832 257
2833 257
2833 256
2834 256
2834 255
2835 255
2835 254
2836 254
2836 253
2838 253
2838 252
2839 252
2839 251
2840 251
2840 250
2841 250
2841 249
2843 249
2843 248
2848 248
2848 247
2856 247
2856 246
2862 246
2862 245
2867 245
2867 244
2895 244
2895 245
2867 245
2867 246
2862 246
2862 247
2856 247
2856 248
2848 248
2848 249
2843 249
2843 250
2841 250
2841 251
2840 251
2840 252
2839 252
2839 253
2838 253
2838 254
2836 254
2836 255
2835 255
2835 256
2834 256
2834 257
2833 257
2833 258
2832 258
2832 259
2829 259
2829 260
2828 260
2828 261
2825 261
2825 262
2823 262
2823 263
2821 263
2821 264
2820 264
2820 265
2819 265
2819 266
2818 266
2818 267
2816 267
2816 268
2814 268
2814 269
2813 269
2813 271
2812 271
2812 272
2810 272
2810 273
2809 273
2809 274
2808 274
2808 275
2807 275
2807 276
2805 276
2805 277
2804 277
2804 278
2803 278
2803 279
2802 279
2802 280
2801 280
2801 282
2800 282
2800 283
2799 283
2799 285
2798 285
2798 287
2797 287
2797 288
2796 288
2796 289
2794 289
2794 290
2792 290
2792 291
2791 291
2791 292
2790 292
2790 293
2789 293
2789 294
2788 294
2788 295
2786 295
2786 296
2783 296
2783 297
2776 297
2776 296
2763 296
2763 295
2757 295
2757 294
2752 294
2752 295
2751 295
2751 294
2747 294
2747 293
2742 293
2742 294
2734 294
2734 293
2729 293
2729 292
2727 292
2727 291
2724 291
2724 290
2722 290
2722 289
2720 289
2720 288
2718 288
2718 287
2713 287
2713 286
2695 286
2695 285
2689 285
2689 284
2687 284
2687 283
2685 283
2685 282
2683 282
2683 281
2680 281
2680 280
2678 280
2678 279
2668 279
2668 280
2666 280
2666 281
2663 281
2663 282
2661 282
2661 283
2658 283
2658 284
2653 284
2653 285
2636 285
2636 284
2634 284
2634 285
2632 285
2632 284
2626 284
2626 283
2620 283
2620 282
2616 282
2616 281
2612 281
2612 280
2610 280
2610 279
2607 279
2607 278
2604 278
2604 277
2601 277
2601 276
2592 276
2592 277
2589 277
2589 278
2587 278
2587 279
2585 279
2585 280
2583 280
2583 281
2580 281
2580 283
2579 283
2579 284
2578 284
2578 293
2577 293
2577 312
2578 312
2578 327
2577 327
2577 339
2576 339
2576 342
2575 342
2575 343
2574 343
2574 344
2573 344
2573 346
2572 346
2572 347
2571 347
2571 348
2570 348
2570 350
2569 350
2569 352
2568 352
2568 358
2567 358
2567 363
2566 363
2566 365
2565 365
2565 366
2564 366
2564 367
2562 367
2562 368
2560 368
2560 369
2556 369
2556 370
2555 370
2555 371
2553 371
2553 372
2550 372
2550 373
2544 373
2544 372
2542 372
2542 371
2541 371
2541 370
2539 370
2539 369
2538 369
2538 368
2536 368
2536 367
2534 367
2534 366
2532 366
2532 365
2531 365
2531 364
2530 364
2530 363
2529 363
2529 362
2527 362
2527 361
2525 361
2525 360
2521 360
2521 359
2519 359
2519 358
2517 358
2517 357
2502 357
2502 356
2501 356
2501 355
2499 355
2499 354
2485 354
2485 355
2484 355
2484 357
2483 357
2483 359
2482 359
2482 365
2481 365
2481 367
2480 367
2480 368
2479 368
2479 369
2478 369
2478 370
2477 370
2477 371
2476 371
2476 372
2475 372
2475 374
2474 374
2474 375
2473 375
2473 376
2472 376
2472 378
2471 378
2471 379
2470 379
2470 380
2469 380
2469 381
2468 381
2468 382
2466 382
2466 383
2465 383
2465 385
2464 385
2464 386
2463 386
2463 387
2461 387
2461 388
2459 388
2459 389
2457 389
2457 390
2456 390
2456 391
2453 391
2453 392
2450 392
2450 393
2448 393
2448 394
2445 394
2445 395
2441 395
2441 396
2439 396
2439 397
2435 397
2435 398
2430 398
2430 399
2420 399
2420 398
2418 398
2418 397
2416 397
2416 396
2414 396
2414 395
2413 395
2413 394
2410 394
2410 393
2409 393
2409 392
2407 392
2407 391
2405 391
2405 390
2404 390
2404 389
2403 389
2403 388
2402 388
2402 387
2401 387
2401 386
2397 386
2397 385
2395 385
2395 386
2394 386
2394 399
2393 399
2393 404
2392 404
2392 409
2391 409
2391 415
2390 415
2390 416
2389 416
2389 417
2388 417
2388 418
2386 418
2386 419
2385 419
2385 420
2384 420
2384 422
2383 422
2383 423
2382 423
2382 428
2381 428
2381 432
2380 432
2380 433
2379 433
2379 434
2378 434
2378 435
2376 435
2376 436
2373 436
2373 438
2372 438
2372 442
2371 442
2371 450
2372 450
2372 475
2373 475
2373 483
2374 483
2374 489
2375 489
2375 495
2376 495
2376 500
2377 500
2377 507
2378 507
2378 521
2379 521
2379 531
2378 531
2378 534
2377 534
2377 535
2376 535
2376 536
2375 536
2375 537
2373 537
2373 538
2371 538
2371 539
2370 539
2370 540
2367 540
2367 541
2366 541
2366 542
2364 542
2364 543
2360 543
2360 544
2355 544
2355 545
2353 545
2353 546
2351 546
2351 547
2348 547
2348 548
2346 548
2346 549
2342 549
2342 550
2326 550
2326 551
2319 551
2319 550
2318 550
2318 549
2315 549
2315 548
2314 548
2314 547
2313 547
2313 546
2312 546
2312 545
2311 545
2311 542
2303 542
2303 541
2302 541
2302 540
2301 540
2301 538
2300 538
2300 537
2299 537
2299 536
2298 536
2298 534
2297 534
2297 533
2296 533
2296 532
2294 532
2294 531
2288 531
2288 530
2287 530
2287 529
2286 529
2286 528
2285 528
2285 527
2284 527
2284 525
2283 525
2283 524
2282 524
2282 523
2281 523
2281 522
2280 522
2280 521
2279 521
2279 520
2276 520
2276 519
2272 519
2272 518
2266 518
2266 517
2265 517
2265 516
2264 516
2264 515
2263 515
2263 514
2262 514
2262 511
2261 511
2261 510
2260 510
2260 509
2259 509
2259 508
2257 508
2257 507
2256 507
2256 505
2253 505
2253 504
2251 504
2251 503
2249 503
2249 502
2247 502
2247 501
2245 501
2245 500
2243 500
2243 499
2242 499
2242 498
2240 498
2240 497
2239 497
2239 496
2237 496
2237 495
2236 495
2236 494
2235 494
2235 493
2231 493
2231 494
2224 494
2224 495
2221 495
2221 496
2220 496
2220 497
2218 497
2218 498
2212 498
2212 499
2206 499
2206 498
2202 498
2202 497
2200 497
2200 496
2185 496
2185 497
2184 497
2184 498
2183 498
2183 499
2180 499
2180 500
2179 500
2179 501
2178 501
2178 502
2177 502
2177 503
2176 503
2176 504
2174 504
2174 505
2173 505
2173 506
2170 506
2170 507
2169 507
2169 509
2168 509
2168 512
2167 512
2167 514
2166 514
2166 523
2167 523
2167 527
2168 527
2168 532
2167 532
2167 533
2168 533
2168 543
2169 543
2169 549
2170 549
2170 554
2171 554
2171 562
2172 562
2172 582
2171 582
2171 586
2170 586
2170 588
2169 588
2169 589
2168 589
2168 590
2167 590
2167 591
2165 591
2165 592
2164 592
2164 593
2161 593
2161 594
2160 594
2160 597
2159 597
2159 601
2158 601
2158 605
2157 605
2157 606
2156 606
2156 607
2154 607
2154 608
2151 608
2151 609
2148 609
2148 610
2146 610
2146 611
2132 611
2132 610
2131 610
2131 609
2130 609
2130 606
2129 606
2129 605
2128 605
2128 604
2127 604
2127 603
2126 603
2126 602
2118 602
2118 601
2116 601
2116 600
2115 600
2115 599
2114 599
2114 598
2113 598
2113 596
2112 596
2112 589
2109 589
2109 588
2102 588
2102 587
2095 587
2095 586
2094 586
2094 585
2093 585
2093 584
2092 584
2092 583
2086 583
2086 582
2085 582
2085 581
2084 581
2084 580
2083 580
2083 579
2082 579
2082 578
2081 578
2081 576
2080 576
2080 575
2079 575
2079 574
2078 574
2078 572
2077 572
2077 570
2075 570
2075 569
2073 569
2073 568
2066 568
2066 567
2064 567
2064 566
2063 566
2063 565
2062 565
2062 564
2060 564
2060 563
2059 563
2059 561
2058 561
2058 560
2056 560
2056 559
2055 559
2055 558
2054 558
2054 557
2052 557
2052 556
2051 556
2051 555
2050 555
2050 554
2049 554
2049 553
2048 553
2048 552
2038 552
2038 553
2032 553
2032 554
2026 554
2026 555
2019 555
2019 554
2014 554
2014 553
2012 553
2012 552
2010 552
2010 551
2002 551
2002 550
1999 550
1999 549
1998 549
1998 548
1997 548
1997 547
1996 547
1996 546
1995 546
1995 545
1994 545
1994 543
1993 543
1993 541
1992 541
1992 540
1991 540
1991 536
1990 536
1990 524
1989 524
1989 517
1988 517
1988 515
1987 515
1987 512
1986 512
1986 511
1985 511
1985 509
1984 509
1984 506
1983 506
1983 505
1982 505
1982 504
1981 504
1981 503
1980 503
1980 502
1979 502
1979 501
1978 501
1978 500
1977 500
1977 499
1976 499
1976 498
1975 498
1975 497
1974 497
1974 494
1973 494
1973 489
1972 489
1972 488
1971 488
1971 487
1955 487
1955 488
1954 488
1954 500
1953 500
1953 503
1952 503
1952 508
1951 508
1951 510
1950 510
1950 511
1949 511
1949 512
1946 512
1946 513
1941 513
1941 514
1933 514
1933 515
1930 515
1930 517
1929 517
1929 530
1928 530
1928 537
1929 537
1929 540
1928 540
1928 543
1927 543
1927 544
1926 544
1926 546
1925 546
1925 547
1924 547
1924 548
1922 548
1922 549
1921 549
1921 550
1920 550
1920 551
1919 551
1919 552
1918 552
1918 553
1916 553
1916 554
1915 554
1915 555
1914 555
1914 556
1913 556
1913 557
1912 557
1912 559
1911 559
1911 561
1910 561
1910 563
1909 563
1909 565
1908 565
1908 587
1909 587
1909 593
1910 593
1910 599
1911 599
1911 605
1912 605
1912 612
1913 612
1913 615
1914 615
1914 622
1915 622
1915 624
1914 624
1914 631
1913 631
1913 633
1912 633
1912 634
1911 634
1911 635
1910 635
1910 636
1909 636
1909 637
1908 637
1908 638
1907 638
1907 639
1903 639
1903 640
1898 640
1898 641
1885 641
1885 642
1879 642
1879 643
1868 643
1868 642
1861 642
1861 641
1855 641
1855 642
1834 642
1834 641
1828 641
1828 640
1823 640
1823 639
1822 639
1822 638
1817 638
1817 637
1814 637
1814 636
1811 636
1811 635
1808 635
1808 634
1793 634
1793 633
1783 633
1783 632
1778 632
1778 631
1776 631
1776 630
1774 630
1774 629
1773 629
1773 628
1772 628
1772 626
1771 626
1771 624
1770 624
1770 623
1748 623
1748 622
1744 622
1744 621
1743 621
1743 618
1742 618
1742 617
1741 617
1741 616
1740 616
1740 611
1739 611
1739 607
1738 607
1738 605
1737 605
1737 601
1736 601
1736 599
1733 599
1733 598
1724 598
1724 597
1704 597
1704 596
1700 596
1700 597
1689 597
1689 598
1684 598
1684 597
1683 597
1683 596
1681 596
1681 595
1680 595
1680 594
1679 594
1679 591
1678 591
1678 585
1677 585
1677 582
1676 582
1676 580
1675 580
1675 578
1674 578
1674 577
1671 577
1671 576
1654 576
1654 577
1653 577
1653 578
1648 578
1648 577
1647 577
1647 576
1624 576
1624 577
1618 577
1618 578
1617 578
1617 579
1616 579
1616 584
1615 584
1615 588
1614 588
1614 589
1613 589
1613 591
1612 591
1612 592
1611 592
1611 593
1609 593
1609 594
1607 594
1607 595
1598 595
1598 594
1594 594
1594 593
1593 593
1593 592
1592 592
1592 591
1591 591
1591 589
1590 589
1590 587
1589 587
1589 586
1587 586
1587 585
1569 585
1569 586
1564 586
1564 587
1553 587
1553 586
1549 586
1549 585
1545 585
1545 584
1543 584
1543 583
1541 583
1541 582
1534 582
1534 583
1525 583
1525 582
1523 582
1523 581
1521 581
1521 580
1519 580
1519 579
1510 579
1510 580
1508 580
1508 581
1499 581
1499 582
1497 582
1497 581
1484 581
1484 580
1474 580
1474 581
1473 581
1473 580
1469 580
1469 579
1467 579
1467 578
1465 578
1465 577
1463 577
1463 576
1447 576
1447 575
1444 575
1444 574
1441 574
1441 573
1440 573
1440 572
1439 572
1439 570
1438 570
1438 569
1431 569
1431 568
1426 568
1426 567
1423 567
1423 566
1422 566
1422 565
1421 565
1421 564
1420 564
1420 563
1419 563
1419 560
1418 560
1418 552
1417 552
1417 548
1416 548
1416 546
1415 546
1415 544
1414 544
1414 543
1413 543
1413 541
1412 541
1412 540
1411 540
1411 539
1410 539
1410 538
1409 538
1409 536
1408 536
1408 535
1407 535
1407 534
1406 534
1406 532
1405 532
1405 531
1404 531
1404 528
1403 528
1403 523
1402 523
1402 516
1403 516
1403 509
1402 509
1402 501
1401 501
1401 495
1400 495
1400 492
1399 492
1399 489
1398 489
1398 484
1397 484
1397 483
1396 483
1396 482
1394 482
1394 481
1392 481
1392 480
1391 480
1391 479
1387 479
1387 478
1382 478
1382 477
1353 477
1353 478
1348 478
1348 479
1345 479
1345 480
1344 480
1344 483
1343 483
1343 484
1342 484
1342 520
1343 520
1343 525
1344 525
1344 533
1343 533
1343 537
1342 537
1342 539
1341 539
1341 540
1340 540
1340 541
1338 541
1338 542
1335 542
1335 543
1331 543
1331 552
1330 552
1330 554
1329 554
1329 555
1327 555
1327 556
1326 556
1326 557
1322 557
1322 558
1319 558
1319 559
1317 559
1317 560
1315 560
1315 561
1313 561
1313 562
1304 562
1304 561
1303 561
1303 560
1300 560
1300 559
1297 559
1297 558
1294 558
1294 557
1282 557
1282 558
1274 558
1274 560
1273 560
1273 562
1272 562
1272 565
1271 565
1271 568
1270 568
1270 569
1269 569
1269 570
1268 570
1268 571
1267 571
1267 572
1266 572
1266 573
1264 573
1264 574
1261 574
1261 575
1259 575
1259 576
1258 576
1258 577
1257 577
1257 578
1256 578
1256 579
1254 579
1254 580
1252 580
1252 581
1250 581
1250 582
1248 582
1248 583
1233 583
1233 584
1229 584
1229 583
1226 583
1226 584
1222 584
1222 583
1217 583
1217 582
1216 582
1216 581
1212 581
1212 580
1210 580
1210 579
1209 579
1209 578
1208 578
1208 577
1207 577
1207 576
1205 576
1205 575
1203 575
1203 574
1201 574
1201 573
1199 573
1199 572
1198 572
1198 571
1197 571
1197 570
1192 570
1192 569
1191 569
1191 568
1189 568
1189 567
1188 567
1188 566
1187 566
1187 565
1186 565
1186 564
1185 564
1185 563
1183 563
1183 562
1181 562
1181 561
1180 561
1180 560
1179 560
1179 558
1178 558
1178 557
1176 557
1176 556
1175 556
1175 555
1171 555
1171 554
1168 554
1168 553
1166 553
1166 552
1165 552
1165 551
1164 551
1164 550
1163 550
1163 549
1162 549
1162 548
1161 548
1161 547
1160 547
1160 546
1159 546
1159 544
1158 544
1158 542
1157 542
1157 538
1156 538
1156 537
1155 537
1155 536
1152 536
1152 535
1148 535
1148 534
1146 534
1146 533
1145 533
1145 531
1144 531
1144 530
1143 530
1143 524
1142 524
1142 520
1141 520
1141 516
1140 516
1140 515
1139 515
1139 511
1138 511
1138 510
1137 510
1137 509
1136 509
1136 507
1135 507
1135 499
1134 499
1134 494
1133 494
1133 472
1132 472
1132 467
1131 467
1131 427
1130 427
1130 410
1131 410
1131 398
1130 398
1130 390
1129 390
1129 389
1128 389
1128 388
1126 388
1126 387
1125 387
1125 386
1124 386
1124 385
1123 385
1123 384
1121 384
1121 383
1120 383
1120 382
1118 382
1118 381
1114 381
1114 380
1112 380
1112 381
1109 381
1109 382
1108 382
1108 385
1107 385
1107 388
1106 388
1106 389
1105 389
1105 390
1102 390
1102 391
1100 391
1100 390
1095 390
1095 389
1092 389
1092 388
1089 388
1089 387
1085 387
1085 386
1083 386
1083 385
1079 385
1079 384
1078 384
1078 383
1077 383
1077 382
1076 382
1076 381
1074 381
1074 380
1072 380
1072 379
1069 379
1069 378
1068 378
1068 377
1065 377
1065 376
1063 376
1063 375
1060 375
1060 374
1059 374
1059 373
1052 373
1052 372
1051 372
1051 371
1048 371
1048 370
1044 370
1044 369
1043 369
1043 368
1042 368
1042 367
1040 367
1040 366
1039 366
1039 365
1038 365
1038 364
1037 364
1037 363
1036 363
1036 362
1035 362
1035 360
1034 360
1034 359
1033 359
1033 357
1032 357
1032 356
1031 356
1031 354
1030 354
1030 353
1029 353
1029 352
1028 352
1028 351
1027 351
1027 350
1026 350
1026 349
1025 349
1025 347
1024 347
1024 346
1023 346
1023 345
1021 345
1021 344
1020 344
1020 343
1015 343
1015 344
1014 344
1014 348
1013 348
1013 353
1012 353
1012 354
1011 354
1011 357
1010 357
1010 358
1009 358
1009 359
1000 359
1000 358
998 358
998 359
993 359
993 360
991 360
991 361
990 361
990 362
989 362
989 363
987 363
987 364
981 364
981 363
978 363
978 362
976 362
976 361
975 361
975 360
973 360
973 359
966 359
966 360
958 360
958 361
956 361
956 362
948 362
948 361
941 361
941 360
939 360
939 359
936 359
936 358
934 358
934 357
933 357
933 356
931 356
931 355
929 355
929 354
928 354
928 353
926 353
926 352
925 352
925 351
923 351
923 350
921 350
921 349
919 349
919 348
917 348
917 347
916 347
916 346
914 346
914 345
913 345
913 344
912 344
912 343
911 343
911 342
909 342
909 341
908 341
908 340
907 340
907 339
906 339
906 338
905 338
905 337
904 337
904 336
902 336
902 335
901 335
901 334
900 334
900 333
899 333
899 332
898 332
898 331
897 331
897 329
896 329
896 327
895 327
895 325
894 325
894 323
893 323
893 321
891 321
891 320
889 320
889 319
885 319
885 318
883 318
883 317
882 317
882 315
881 315
881 312
880 312
880 308
879 308
879 306
878 306
878 305
876 305
876 304
874 304
874 303
873 303
873 302
872 302
872 301
871 301
871 300
870 300
870 299
869 299
869 298
868 298
868 297
867 297
867 296
866 296
866 294
865 294
865 293
864 293
864 292
863 292
863 291
862 291
862 290
861 290
861 287
860 287
860 281
859 281
859 277
858 277
858 256
859 256
859 249
860 249
860 243
859 243
859 232
860 232
860 207
859 207
859 192
858 192
858 166
857 166
857 163
856 163
856 159
854 159
854 158
853 158
853 157
852 157
852 156
851 156
851 155
849 155
849 154
848 154
848 144
847 144
847 142
846 142
846 141
845 141
845 139
844 139
844 138
843 138
843 137
842 137
842 136
840 136
840 135
839 135
839 134
838 134
838 133
836 133
836 132
834 132
834 131
833 131
833 130
830 130
830 129
828 129
828 128
825 128
825 127
823 127
823 126
822 126
822 125
819 125
819 124
816 124
816 123
811 123
811 122
809 122
809 123
802 123
802 122
799 122
799 123
796 123
796 124
793 124
793 125
788 125
788 126
774 126
774 125
773 125
773 124
771 124
771 123
769 123
769 122
768 122
768 121
748 121
748 122
746 122
746 121
744 121
744 120
743 120
743 119
740 119
740 118
736 118
736 117
734 117
734 116
733 116
733 115
732 115
732 114
730 114
730 113
729 113
729 112
728 112
728 111
727 111
727 110
726 110
726 109
725 109
725 108
724 108
724 107
722 107
722 106
721 106
721 105
719 105
719 104
715 104
715 103
714 103
714 102
713 102
713 101
711 101
711 100
710 100
710 99
708 99
708 98
707 98
707 96
706 96
706 94
705 94
705 93
704 93
704 91
703 91
703 90
702 90
702 89
701 89
701 88
699 88
699 87
697 87
697 88
694 88
694 89
693 89
693 90
691 90
691 91
690 91
690 92
689 92
689 93
686 93
686 94
673 94
673 93
686 93
686 92
689 92
689 91
690 91
690 90
691 90
691 89
693 89
693 88
694 88
694 87
697 87
697 86
699 86
699 87
701 87
701 88
702 88
702 89
703 89
703 90
704 90
704 91
705 91
705 93
706 93
706 94
707 94
707 96
708 96
708 98
710 98
710 99
711 99
711 100
713 100
713 101
714 101
714 102
715 102
715 103
719 103
719 104
721 104
721 105
722 105
722 106
724 106
724 107
725 107
725 108
726 108
726 109
727 109
727 110
728 110
728 111
729 111
729 112
730 112
730 113
732 113
732 114
733 114
733 115
734 115
734 116
736 116
736 117
740 117
740 118
743 118
743 119
744 119
744 120
746 120
746 121
748 121
748 120
768 120
768 121
769 121
769 122
771 122
771 123
773 123
773 124
774 124
774 125
788 125
788 124
793 124
793 123
796 123
796 122
799 122
799 121
802 121
802 122
809 122
809 121
811 121
811 122
816 122
816 123
819 123
819 124
822 124
822 125
823 125
823 126
825 126
825 127
828 127
828 128
830 128
830 129
833 129
833 130
834 130
834 131
836 131
836 132
838 132
838 133
839 133
839 134
840 134
840 135
842 135
842 136
843 136
843 137
844 137
844 138
845 138
845 139
846 139
846 141
847 141
847 142
848 142
848 144
849 144
849 154
851 154
851 155
852 155
852 156
853 156
853 157
854 157
854 158
856 158
856 159
857 159
857 163
858 163
858 166
859 166
859 192
860 192
860 207
861 207
861 232
860 232
860 243
861 243
861 249
860 249
860 256
859 256
859 277
860 277
860 281
861 281
861 287
862 287
862 290
863 290
863 291
864 291
864 292
865 292
865 293
866 293
866 294
867 294
867 296
868 296
868 297
869 297
869 298
870 298
870 299
871 299
871 300
872 300
872 301
873 301
873 302
874 302
874 303
876 303
876 304
878 304
878 305
879 305
879 306
880 306
880 308
881 308
881 312
882 312
882 315
883 315
883 317
885 317
885 318
889 318
889 319
891 319
891 320
893 320
893 321
894 321
894 323
895 323
895 325
896 325
896 327
897 327
897 329
898 329
898 331
899 331
899 332
900 332
900 333
901 333
901 334
902 334
902 335
904 335
904 336
905 336
905 337
906 337
906 338
907 338
907 339
908 339
908 340
909 340
909 341
911 341
911 342
912 342
912 343
913 343
913 344
914 344
914 345
916 345
916 346
917 346
917 347
919 347
919 348
921 348
921 349
923 349
923 350
925 350
925 351
926 351
926 352
928 352
928 353
929 353
929 354
931 354
931 355
933 355
933 356
934 356
934 357
936 357
936 358
939 358
939 359
941 359
941 360
948 360
948 361
956 361
956 360
958 360
958 359
966 359
966 358
973 358
973 359
975 359
975 360
976 360
976 361
978 361
978 362
981 362
981 363
987 363
987 362
989 362
989 361
990 361
990 360
991 360
991 359
993 359
993 358
998 358
998 357
1000 357
1000 358
1009 358
1009 357
1010 357
1010 354
1011 354
1011 353
1012 353
1012 348
1013 348
1013 344
1014 344
1014 343
1015 343
1015 342
1020 342
1020 343
1021 343
1021 344
1023 344
1023 345
1024 345
1024 346
1025 346
1025 347
1026 347
1026 349
1027 349
1027 350
1028 350
1028 351
1029 351
1029 352
1030 352
1030 353
1031 353
1031 354
1032 354
1032 356
1033 356
1033 357
1034 357
1034 359
1035 359
1035 360
1036 360
1036 362
1037 362
1037 363
1038 363
1038 364
1039 364
1039 365
1040 365
1040 366
1042 366
1042 367
1043 367
1043 368
1044 368
1044 369
1048 369
1048 370
1051 370
1051 371
1052 371
1052 372
1059 372
1059 373
1060 373
1060 374
1063 374
1063 375
1065 375
1065 376
1068 376
1068 377
1069 377
1069 378
1072 378
1072 379
1074 379
1074 380
1076 380
1076 381
1077 381
1077 382
1078 382
1078 383
1079 383
1079 384
1083 384
1083 385
1085 385
1085 386
1089 386
1089 387
1092 387
1092 388
1095 388
1095 389
1100 389
1100 390
1102 390
1102 389
1105 389
1105 388
1106 388
1106 385
1107 385
1107 382
1108 382
1108 381
1109 381
1109 380
1112 380
1112 379
1114 379
1114 380
1118 380
1118 381
1120 381
1120 382
1121 382
1121 383
1123 383
1123 384
1124 384
1124 385
1125 385
1125 386
1126 386
1126 387
1128 387
1128 388
1129 388
1129 389
1130 389
1130 390
1131 390
1131 398
1132 398
1132 410
1131 410
1131 427
1132 427
1132 467
1133 467
1133 472
1134 472
1134 494
1135 494
1135 499
1136 499
1136 507
1137 507
1137 509
1138 509
1138 510
1139 510
1139 511
1140 511
1140 515
1141 515
1141 516
1142 516
1142 520
1143 520
1143 524
1144 524
1144 530
1145 530
1145 531
1146 531
1146 533
1148 533
1148 534
1152 534
1152 535
1155 535
1155 536
1156 536
1156 537
1157 537
1157 538
1158 538
1158 542
1159 542
1159 544
1160 544
1160 546
1161 546
1161 547
1162 547
1162 548
1163 548
1163 549
1164 549
1164 550
1165 550
1165 551
1166 551
1166 552
1168 552
1168 553
1171 553
1171 554
1175 554
1175 555
1176 555
1176 556
1178 556
1178 557
1179 557
1179 558
1180 558
1180 560
1181 560
1181 561
1183 561
1183 562
1185 562
1185 563
1186 563
1186 564
1187 564
1187 565
1188 565
1188 566
1189 566
1189 567
1191 567
1191 568
1192 568
1192 569
1197 569
1197 570
1198 570
1198 571
1199 571
1199 572
1201 572
1201 573
1203 573
1203 574
1205 574
1205 575
1207 575
1207 576
1208 576
1208 577
1209 577
1209 578
1210 578
1210 579
1212 579
1212 580
1216 580
1216 581
1217 581
1217 582
1222 582
1222 583
1226 583
1226 582
1229 582
1229 583
1233 583
1233 582
1248 582
1248 581
1250 581
1250 580
1252 580
1252 579
1254 579
1254 578
1256 578
1256 577
1257 577
1257 576
1258 576
1258 575
1259 575
1259 574
1261 574
1261 573
1264 573
1264 572
1266 572
1266 571
1267 571
1267 570
1268 570
1268 569
1269 569
1269 568
1270 568
1270 565
1271 565
1271 562
1272 562
1272 560
1273 560
1273 558
1274 558
1274 557
1282 557
1282 556
1294 556
1294 557
1297 557
1297 558
1300 558
1300 559
1303 559
1303 560
1304 560
1304 561
1313 561
1313 560
1315 560
1315 559
1317 559
1317 558
1319 558
1319 557
1322 557
1322 556
1326 556
1326 555
1327 555
1327 554
1329 554
1329 552
1330 552
1330 543
1331 543
1331 542
1335 542
1335 541
1338 541
1338 540
1340 540
1340 539
1341 539
1341 537
1342 537
1342 533
1343 533
1343 525
1342 525
1342 520
1341 520
1341 484
1342 484
1342 483
1343 483
1343 480
1344 480
1344 479
1345 479
1345 478
1348 478
1348 477
1353 477
1353 476
1382 476
1382 477
1387 477
1387 478
1391 478
1391 479
1392 479
1392 480
1394 480
1394 481
1396 481
1396 482
1397 482
1397 483
1398 483
1398 484
1399 484
1399 489
1400 489
1400 492
1401 492
1401 495
1402 495
1402 501
1403 501
1403 509
1404 509
1404 516
1403 516
1403 523
1404 523
1404 528
1405 528
1405 531
1406 531
1406 532
1407 532
1407 534
1408 534
1408 535
1409 535
1409 536
1410 536
1410 538
1411 538
1411 539
1412 539
1412 540
1413 540
1413 541
1414 541
1414 543
1415 543
1415 544
1416 544
1416 546
1417 546
1417 548
1418 548
1418 552
1419 552
1419 560
1420 560
1420 563
1421 563
1421 564
1422 564
1422 565
1423 565
1423 566
1426 566
1426 567
1431 567
1431 568
1439 568
1439 570
1440 570
1440 572
1441 572
1441 573
1444 573
1444 574
1447 574
1447 575
1463 575
1463 576
1465 576
1465 577
1467 577
1467 578
1469 578
1469 579
1473 579
1473 580
1474 580
1474 579
1484 579
1484 580
1497 580
1497 581
1499 581
1499 580
1508 580
1508 579
1510 579
1510 578
1519 578
1519 579
1521 579
1521 580
1523 580
1523 581
1525 581
1525 582
1534 582
1534 581
1541 581
1541 582
1543 582
1543 583
1545 583
1545 584
1549 584
1549 585
1553 585
1553 586
1564 586
1564 585
1569 585
1569 584
1587 584
1587 585
1589 585
1589 586
1590 586
1590 587
1591 587
1591 589
1592 589
1592 591
1593 591
1593 592
1594 592
1594 593
1598 593
1598 594
1607 594
1607 593
1609 593
1609 592
1611 592
1611 591
1612 591
1612 589
1613 589
1613 588
1614 588
1614 584
1615 584
1615 579
1616 579
1616 578
1617 578
1617 577
1618 577
1618 576
1624 576
1624 575
1647 575
1647 576
1648 576
1648 577
1653 577
1653 576
1654 576
1654 575
1671 575
1671 576
1674 576
1674 577
1675 577
1675 578
1676 578
1676 580
1677 580
1677 582
1678 582
1678 585
1679 585
1679 591
1680 591
1680 594
1681 594
1681 595
1683 595
1683 596
1684 596
1684 597
1689 597
1689 596
1700 596
1700 595
1704 595
1704 596
1724 596
1724 597
1733 597
1733 598
1736 598
1736 599
1737 599
1737 601
1738 601
1738 605
1739 605
1739 607
1740 607
1740 611
1741 611
1741 616
1742 616
1742 617
1743 617
1743 618
1744 618
1744 621
1748 621
1748 622
1770 622
1770 623
1771 623
1771 624
1772 624
1772 626
1773 626
1773 628
1774 628
1774 629
1776 629
1776 630
1778 630
1778 631
1783 631
1783 632
1793 632
1793 633
1808 633
1808 634
1811 634
1811 635
1814 635
1814 636
1817 636
1817 637
1822 637
1822 638
1823 638
1823 639
1828 639
1828 640
1834 640
1834 641
1855 641
1855 640
1861 640
1861 641
1868 641
1868 642
1879 642
1879 641
1885 641
1885 640
1898 640
1898 639
1903 639
1903 638
1907 638
1907 637
1908 637
1908 636
1909 636
1909 635
1910 635
1910 634
1911 634
1911 633
1912 633
1912 631
1913 631
1913 624
1914 624
1914 622
1913 622
1913 615
1912 615
1912 612
1911 612
1911 605
1910 605
1910 599
1909 599
1909 593
1908 593
1908 587
1907 587
1907 565
1908 565
1908 563
1909 563
1909 561
1910 561
1910 559
1911 559
1911 557
1912 557
1912 556
1913 556
1913 555
1914 555
1914 554
1915 554
1915 553
1916 553
1916 552
1918 552
1918 551
1919 551
1919 550
1920 550
1920 548
1922 548
1922 547
1924 547
1924 546
1925 546
1925 544
1926 544
1926 543
1927 543
1927 540
1928 540
1928 537
1927 537
1927 530
1928 530
1928 517
1929 517
1929 515
1930 515
1930 514
1933 514
1933 513
1941 513
1941 512
1946 512
1946 511
1949 511
1949 510
1950 510
1950 508
1951 508
1951 503
1952 503
1952 500
1953 500
1953 488
1954 488
1954 487
1955 487
1955 486
1971 486
1971 487
1972 487
1972 488
1973 488
1973 489
1974 489
1974 494
1975 494
1975 497
1976 497
1976 498
1977 498
1977 499
1978 499
1978 500
1979 500
1979 501
1980 501
1980 502
1981 502
1981 503
1982 503
1982 504
1983 504
1983 505
1984 505
1984 506
1985 506
1985 509
1986 509
1986 511
1987 511
1987 512
1988 512
1988 515
1989 515
1989 517
1990 517
1990 524
1991 524
1991 536
1992 536
1992 540
1993 540
1993 541
1994 541
1994 543
1995 543
1995 545
1996 545
1996 546
1997 546
1997 547
1998 547
1998 548
1999 548
1999 549
2002 549
2002 550
2010 550
2010 551
2012 551
2012 552
2014 552
2014 553
2019 553
2019 554
2026 554
2026 553
2032 553
2032 552
2038 552
2038 551
2048 551
2048 552
2049 552
2049 553
2050 553
2050 554
2051 554
2051 555
2052 555
2052 556
2054 556
2054 557
2055 557
2055 558
2056 558
2056 559
2058 559
2058 560
2059 560
2059 561
2060 561
2060 563
2062 563
2062 564
2063 564
2063 565
2064 565
2064 566
2066 566
2066 567
2073 567
2073 568
2075 568
2075 569
2077 569
2077 570
2078 570
2078 572
2079 572
2079 574
2080 574
2080 575
2081 575
2081 576
2082 576
2082 578
2083 578
2083 579
2084 579
2084 580
2085 580
2085 581
2086 581
2086 582
2092 582
2092 583
2093 583
2093 584
2094 584
2094 585
2095 585
2095 586
2102 586
2102 587
2109 587
2109 588
2113 588
2113 596
2114 596
2114 598
2115 598
2115 599
2116 599
2116 600
2118 600
2118 601
2126 601
2126 602
2127 602
2127 603
2128 603
2128 604
2129 604
2129 605
2130 605
2130 606
2131 606
2131 609
2132 609
2132 610
2146 610
2146 609
2148 609
2148 608
2151 608
2151 607
2154 607
2154 606
2156 606
2156 605
2157 605
2157 601
2158 601
2158 597
2159 597
2159 594
2160 594
2160 592
2164 592
2164 591
2165 591
2165 590
2167 590
2167 589
2168 589
2168 588
2169 588
2169 586
2170 586
2170 582
2171 582
2171 562
2170 562
2170 554
2169 554
2169 549
2168 549
2168 543
2167 543
2167 533
2166 533
2166 532
2167 532
2167 527
2166 527
2166 523
2165 523
2165 514
2166 514
2166 512
2167 512
2167 509
2168 509
2168 507
2169 507
2169 506
2170 506
2170 505
2173 505
2173 504
2174 504
2174 503
2176 503
2176 502
2177 502
2177 501
2178 501
2178 500
2179 500
2179 499
2180 499
2180 498
2183 498
2183 497
2184 497
2184 496
2185 496
2185 495
2200 495
2200 496
2202 496
2202 497
2206 497
2206 498
2212 498
2212 497
2218 497
2218 496
2220 496
2220 495
2221 495
2221 494
2224 494
2224 493
2231 493
2231 492
2235 492
2235 493
2236 493
2236 494
2237 494
2237 495
2239 495
2239 496
2240 496
2240 497
2242 497
2242 498
2243 498
2243 499
2245 499
2245 500
2247 500
2247 501
2249 501
2249 502
2251 502
2251 503
2253 503
2253 504
2256 504
2256 505
2257 505
2257 507
2259 507
2259 508
2260 508
2260 509
2261 509
2261 510
2262 510
2262 511
2263 511
2263 514
2264 514
2264 515
2265 515
2265 516
2266 516
2266 517
2272 517
2272 518
2276 518
2276 519
2279 519
2279 520
2280 520
2280 521
2281 521
2281 522
2282 522
2282 523
2283 523
2283 524
2284 524
2284 525
2285 525
2285 527
2286 527
2286 528
2287 528
2287 529
2288 529
2288 530
2294 530
2294 531
2296 531
2296 532
2297 532
2297 533
2298 533
2298 534
2299 534
2299 536
2300 536
2300 537
2301 537
2301 538
2302 538
2302 540
2303 540
2303 541
2312 541
2312 545
2313 545
2313 546
2314 546
2314 547
2315 547
2315 548
2318 548
2318 549
2319 549
2319 550
2326 550
2326 549
2342 549
2342 548
2346 548
2346 547
2348 547
2348 546
2351 546
2351 545
2353 545
2353 544
2355 544
2355 543
2360 543
2360 542
2364 542
2364 541
2366 541
2366 540
2367 540
2367 539
2370 539
2370 538
2371 538
2371 537
2373 537
2373 536
2375 536
2375 535
2376 535
2376 534
2377 534
2377 531
2378 531
2378 521
2377 521
2377 507
2376 507
2376 500
2375 500
2375 495
2374 495
2374 489
2373 489
2373 483
2372 483
2372 475
2371 475
2371 450
2370 450
2370 442
2371 442
2371 438
2372 438
2372 436
2373 436
2373 435
2376 435
2376 434
2378 434
2378 433
2379 433
2379 432
2380 432
2380 428
2381 428
2381 423
2382 423
2382 422
2383 422
2383 420
2384 420
2384 419
2385 419
2385 418
2386 418
2386 417
2388 417
2388 416
2389 416
2389 415
2390 415
2390 409
2391 409
2391 404
2392 404
2392 399
2393 399
2393 386
2394 386
2394 385
2395 385
2395 384
2397 384
2397 385
2401 385
2401 386
2402 386
2402 387
2403 387
2403 388
2404 388
2404 389
2405 389
2405 390
2407 390
2407 391
2409 391
2409 392
2410 392
2410 393
2413 393
2413 394
2414 394
2414 395
2416 395
2416 396
2418 396
2418 397
2420 397
2420 398
2430 398
2430 397
2435 397
2435 396
2439 396
2439 395
2441 395
2441 394
2445 394
2445 393
2448 393
2448 392
2450 392
2450 391
2453 391
2453 390
2456 390
2456 389
2457 389
2457 388
2459 388
2459 387
2461 387
2461 386
2463 386
2463 385
2464 385
2464 383
2465 383
2465 382
2466 382
2466 381
2468 381
2468 380
2469 380
2469 379
2470 379
2470 378
2471 378
2471 376
2472 376
2472 375
2473 375
2473 374
2474 374
2474 372
2475 372
2475 371
2476 371
2476 370
2477 370
2477 369
2478 369
2478 368
2479 368
2479 367
2480 367
2480 365
2481 365
2481 359
2482 359
2482 357
2483 357
2483 355
2484 355
2484 354
2485 354
2485 353
2499 353
2499 354
2501 354
2501 355
2502 355
2502 356
2517 356
2517 357
2519 357
2519 358
2521 358
2521 359
2525 359
2525 360
2527 360
2527 361
2529 361
2529 362
2530 362
2530 363
2531 363
2531 364
2532 364
2532 365
2534 365
2534 366
2536 366
2536 367
2538 367
2538 368
2539 368
2539 369
2541 369
2541 370
2542 370
2542 371
2544 371
2544 372
2550 372
2550 371
2553 371
2553 370
2555 370
2555 369
2556 369
2556 368
2560 368
2560 367
2562 367
2562 366
2564 366
2564 365
2565 365
2565 363
2566 363
2566 358
2567 358
2567 352
2568 352
2568 350
2569 350
2569 348
2570 348
2570 347
2571 347
2571 346
2572 346
2572 344
2573 344
2573 343
2574 343
2574 342
2575 342
2575 339
2576 339
2576 327
2577 327
2577 312
2576 312
2576 293
2577 293
2577 284
2578 284
2578 283
2579 283
2579 281
2580 281
2580 280
2583 280
2583 279
2585 279
2585 278
2587 278
2587 277
2589 277
2589 276
2592 276
2592 275
2601 275
2601 276
2604 276
2604 277
2607 277
2607 278
2610 278
2610 279
2612 279
2612 280
2616 280
2616 281
2620 281
2620 282
2626 282
2626 283
2632 283
2632 284
2634 284
2634 283
2636 283
2636 284
2653 284
2653 283
2658 283
2658 282
2661 282
2661 281
2663 281
2663 280
2666 280
2666 279
2668 279
2668 278
2678 278
2678 279
2680 279
2680 280
2683 280
2683 281
2685 281
2685 282
2687 282
2687 283
2689 283
2689 284
2695 284
2695 285
2713 285
2713 286
2718 286
2718 287
2720 287
2720 288
2722 288
2722 289
2724 289
2724 290
2727 290
2727 291
2729 291
2729 292
2734 292
2734 293
2742 293
2742 292
2747 292
2747 293
2751 293
2751 294
2752 294
2752 293
2757 293
2757 294
2763 294
2763 295
2776 295
