3233 593
3230 593
3230 594
3227 594
3227 595
3226 595
3226 599
3227 599
3227 636
3226 636
3226 641
3225 641
3225 642
3223 642
3223 643
3221 643
3221 644
3220 644
3220 645
3219 645
3219 646
3218 646
3218 647
3216 647
3216 648
3214 648
3214 649
3212 649
3212 650
3211 650
3211 651
3209 651
3209 652
3208 652
3208 653
3206 653
3206 654
3204 654
3204 668
3203 668
3203 670
3202 670
3202 671
3201 671
3201 672
3200 672
3200 671
3194 671
3194 672
3193 672
3193 673
3192 673
3192 681
3193 681
3193 686
3192 686
3192 689
3191 689
3191 690
3190 690
3190 691
3189 691
3189 692
3188 692
3188 693
3187 693
3187 694
3185 694
3185 695
3184 695
3184 696
3183 696
3183 697
3182 697
3182 698
3181 698
3181 699
3180 699
3180 700
3177 700
3177 701
3171 701
3171 702
3169 702
3169 703
3167 703
3167 704
3166 704
3166 705
3163 705
3163 706
3161 706
3161 707
3156 707
3156 708
3154 708
3154 709
3145 709
3145 708
3142 708
3142 707
3141 707
3141 706
3140 706
3140 705
3139 705
3139 704
3138 704
3138 703
3137 703
3137 701
3136 701
3136 698
3135 698
3135 697
3119 697
3119 696
3118 696
3118 695
3117 695
3117 694
3116 694
3116 693
3115 693
3115 692
3114 692
3114 691
3113 691
3113 690
3112 690
3112 689
3109 689
3109 690
3108 690
3108 691
3106 691
3106 692
3105 692
3105 693
3104 693
3104 695
3103 695
3103 696
3101 696
3101 697
3099 697
3099 698
3097 698
3097 699
3094 699
3094 700
3091 700
3091 701
3090 701
3090 702
3089 702
3089 704
3088 704
3088 710
3087 710
3087 753
3086 753
3086 755
3085 755
3085 756
3084 756
3084 757
3083 757
3083 758
3082 758
3082 759
3080 759
3080 760
3078 760
3078 761
3076 761
3076 762
3064 762
3064 763
3061 763
3061 764
3057 764
3057 765
3056 765
3056 766
3055 766
3055 767
3052 767
3052 766
3050 766
3050 765
3049 765
3049 764
3048 764
3048 761
3047 761
3047 759
3046 759
3046 757
3045 757
3045 756
3044 756
3044 755
3040 755
3040 756
3039 756
3039 757
3038 757
3038 758
3037 758
3037 759
3036 759
3036 760
3033 760
3033 761
3031 761
3031 762
3030 762
3030 763
3029 763
3029 766
3028 766
3028 774
3027 774
3027 775
3026 775
3026 776
3025 776
3025 777
3023 777
3023 778
3020 778
3020 779
3017 779
3017 780
3016 780
3016 781
3015 781
3015 782
3013 782
3013 783
3011 783
3011 784
3009 784
3009 785
3007 785
3007 786
3006 786
3006 788
3005 788
3005 789
3004 789
3004 790
3003 790
3003 792
2998 792
2998 793
2996 793
2996 798
2995 798
2995 800
2994 800
2994 801
2993 801
2993 802
2992 802
2992 803
2991 803
2991 804
2989 804
2989 805
2988 805
2988 806
2987 806
2987 807
2985 807
2985 809
2984 809
2984 810
2983 810
2983 811
2982 811
2982 812
2979 812
2979 813
2973 813
2973 814
2971 814
2971 815
2970 815
2970 816
2967 816
2967 817
2962 817
2962 818
2960 818
2960 819
2958 819
2958 820
2956 820
2956 821
2952 821
2952 822
2950 822
2950 823
2949 823
2949 824
2947 824
2947 825
2943 825
2943 826
2941 826
2941 827
2939 827
2939 828
2937 828
2937 829
2935 829
2935 830
2934 830
2934 831
2930 831
2930 832
2928 832
2928 833
2927 833
2927 837
2926 837
2926 838
2911 838
2911 839
2905 839
2905 840
2902 840
2902 839
2898 839
2898 838
2896 838
2896 837
2894 837
2894 836
2890 836
2890 837
2889 837
2889 838
2887 838
2887 839
2885 839
2885 840
2881 840
2881 841
2879 841
2879 842
2878 842
2878 843
2877 843
2877 846
2876 846
2876 875
2875 875
2875 876
2874 876
2874 877
2873 877
2873 879
2872 879
2872 880
2871 880
2871 881
2870 881
2870 882
2869 882
2869 883
2867 883
2867 885
2866 885
2866 886
2865 886
2865 887
2864 887
2864 888
2863 888
2863 889
2860 889
2860 890
2859 890
2859 891
2857 891
2857 892
2855 892
2855 893
2854 893
2854 894
2853 894
2853 895
2852 895
2852 902
2851 902
2851 907
2850 907
2850 908
2849 908
2849 909
2848 909
2848 910
2846 910
2846 911
2845 911
2845 912
2843 912
2843 913
2841 913
2841 914
2840 914
2840 915
2837 915
2837 916
2835 916
2835 917
2829 917
2829 916
2828 916
2828 915
2827 915
2827 914
2826 914
2826 913
2825 913
2825 912
2824 912
2824 911
2823 911
2823 910
2822 910
2822 909
2821 909
2821 910
2817 910
2817 911
2815 911
2815 912
2811 912
2811 913
2809 913
2809 914
2807 914
2807 915
2805 915
2805 916
2800 916
2800 917
2795 917
2795 918
2792 918
2792 919
2784 919
2784 920
2782 920
2782 921
2778 921
2778 922
2770 922
2770 923
2761 923
2761 926
2760 926
2760 927
2759 927
2759 929
2758 929
2758 930
2757 930
2757 932
2756 932
2756 934
2755 934
2755 937
2754 937
2754 939
2753 939
2753 942
2752 942
2752 946
2751 946
2751 948
2750 948
2750 950
2748 950
2748 949
2740 949
2740 948
2734 948
2734 946
2733 946
2733 945
2723 945
2723 944
2715 944
2715 943
2710 943
2710 942
2701 942
2701 941
2697 941
2697 940
2690 940
2690 939
2687 939
2687 938
2678 938
2678 937
2673 937
2673 938
2670 938
2670 950
2669 950
2669 965
2668 965
2668 981
2667 981
2667 985
2666 985
2666 987
2665 987
2665 988
2664 988
2664 989
2663 989
2663 990
2662 990
2662 991
2661 991
2661 992
2660 992
2660 993
2659 993
2659 994
2658 994
2658 995
2657 995
2657 996
2655 996
2655 997
2654 997
2654 998
2651 998
2651 999
2650 999
2650 1000
2649 1000
2649 1001
2648 1001
2648 1003
2647 1003
2647 1004
2646 1004
2646 1005
2645 1005
2645 1007
2644 1007
2644 1010
2643 1010
2643 1011
2642 1011
2642 1012
2640 1012
2640 1013
2639 1013
2639 1014
2635 1014
2635 1015
2632 1015
2632 1016
2616 1016
2616 1017
2611 1017
2611 1018
2602 1018
2602 1017
2601 1017
2601 1016
2599 1016
2599 1015
2596 1015
2596 1014
2594 1014
2594 1013
2590 1013
2590 1012
2589 1012
2589 1011
2588 1011
2588 1010
2587 1010
2587 1009
2586 1009
2586 1008
2584 1008
2584 1007
2583 1007
2583 1006
2581 1006
2581 1005
2573 1005
2573 1004
2571 1004
2571 1003
2568 1003
2568 1002
2564 1002
2564 1001
2562 1001
2562 1000
2561 1000
2561 999
2559 999
2559 998
2556 998
2556 997
2554 997
2554 996
2553 996
2553 995
2552 995
2552 994
2551 994
2551 993
2550 993
2550 992
2549 992
2549 991
2548 991
2548 990
2547 990
2547 989
2543 989
2543 988
2538 988
2538 987
2535 987
2535 986
2534 986
2534 985
2533 985
2533 984
2532 984
2532 983
2531 983
2531 982
2530 982
2530 981
2528 981
2528 980
2527 980
2527 979
2525 979
2525 978
2524 978
2524 977
2523 977
2523 976
2522 976
2522 975
2521 975
2521 973
2520 973
2520 969
2519 969
2519 968
2518 968
2518 966
2517 966
2517 963
2516 963
2516 962
2515 962
2515 961
2513 961
2513 962
2512 962
2512 970
2511 970
2511 971
2507 971
2507 972
2500 972
2500 973
2498 973
2498 975
2497 975
2497 976
2496 976
2496 977
2494 977
2494 978
2492 978
2492 979
2490 979
2490 980
2489 980
2489 981
2487 981
2487 982
2485 982
2485 983
2484 983
2484 984
2483 984
2483 985
2480 985
2480 986
2466 986
2466 987
2464 987
2464 986
2461 986
2461 985
2460 985
2460 984
2458 984
2458 983
2457 983
2457 982
2443 982
2443 983
2442 983
2442 984
2439 984
2439 985
2438 985
2438 986
2436 986
2436 987
2434 987
2434 988
2431 988
2431 989
2423 989
2423 990
2421 990
2421 991
2420 991
2420 992
2419 992
2419 993
2417 993
2417 994
2416 994
2416 995
2415 995
2415 996
2414 996
2414 997
2413 997
2413 998
2412 998
2412 999
2410 999
2410 1000
2408 1000
2408 1001
2406 1001
2406 1002
2404 1002
2404 1003
2401 1003
2401 1004
2399 1004
2399 1005
2398 1005
2398 1006
2396 1006
2396 1007
2387 1007
2387 1008
2384 1008
2384 1009
2372 1009
2372 1010
2353 1010
2353 1009
2351 1009
2351 1008
2349 1008
2349 1007
2348 1007
2348 1006
2347 1006
2347 1004
2346 1004
2346 1003
2342 1003
2342 1002
2338 1002
2338 1001
2337 1001
2337 1000
2336 1000
2336 999
2335 999
2335 998
2334 998
2334 997
2333 997
2333 995
2332 995
2332 994
2331 994
2331 993
2330 993
2330 992
2329 992
2329 991
2326 991
2326 990
2324 990
2324 989
2322 989
2322 988
2321 988
2321 987
2320 987
2320 986
2318 986
2318 985
2314 985
2314 984
2312 984
2312 983
2311 983
2311 982
2310 982
2310 981
2309 981
2309 980
2308 980
2308 979
2307 979
2307 978
2306 978
2306 977
2304 977
2304 976
2287 976
2287 977
2283 977
2283 978
2282 978
2282 981
2280 981
2280 982
2279 982
2279 983
2278 983
2278 985
2277 985
2277 986
2276 986
2276 987
2275 987
2275 988
2274 988
2274 989
2271 989
2271 990
2267 990
2267 989
2261 989
2261 988
2259 988
2259 987
2254 987
2254 986
2249 986
2249 985
2224 985
2224 986
2220 986
2220 987
2216 987
2216 988
2205 988
2205 989
2203 989
2203 990
2198 990
2198 991
2197 991
2197 992
2193 992
2193 993
2191 993
2191 994
2188 994
2188 995
2185 995
2185 996
2182 996
2182 997
2172 997
2172 996
2167 996
2167 995
2165 995
2165 994
2164 994
2164 993
2163 993
2163 992
2162 992
2162 991
2159 991
2159 990
2158 990
2158 991
2152 991
2152 990
2150 990
2150 989
2148 989
2148 988
2146 988
2146 987
2144 987
2144 986
2142 986
2142 985
2134 985
2134 984
2129 984
2129 983
2125 983
2125 982
2123 982
2123 981
2121 981
2121 980
2116 980
2116 979
2115 979
2115 978
2114 978
2114 977
2113 977
2113 976
2111 976
2111 975
2109 975
2109 974
2100 974
2100 973
2095 973
2095 970
2094 970
2094 969
2092 969
2092 968
2081 968
2081 967
2080 967
2080 966
2079 966
2079 963
2078 963
2078 961
2077 961
2077 959
2076 959
2076 958
2075 958
2075 957
2074 957
2074 956
2072 956
2072 955
2071 955
2071 956
2069 956
2069 955
2064 955
2064 954
2062 954
2062 953
2060 953
2060 952
2056 952
2056 951
2054 951
2054 950
2052 950
2052 949
2048 949
2048 950
2042 950
2042 954
2041 954
2041 958
2035 958
2035 959
2034 959
2034 961
2033 961
2033 962
2032 962
2032 963
2031 963
2031 964
2030 964
2030 965
2024 965
2024 964
2022 964
2022 963
2020 963
2020 962
2019 962
2019 961
2018 961
2018 950
2017 950
2017 941
2016 941
2016 939
2015 939
2015 938
2012 938
2012 937
2001 937
2001 938
2000 938
2000 940
1999 940
1999 941
1997 941
1997 942
1987 942
1987 941
1981 941
1981 940
1979 940
1979 939
1977 939
1977 938
1973 938
1973 939
1967 939
1967 938
1957 938
1957 937
1955 937
1955 936
1954 936
1954 935
1953 935
1953 934
1952 934
1952 933
1951 933
1951 932
1950 932
1950 930
1949 930
1949 926
1948 926
1948 925
1947 925
1947 924
1946 924
1946 923
1944 923
1944 922
1942 922
1942 921
1941 921
1941 919
1940 919
1940 917
1939 917
1939 913
1938 913
1938 912
1920 912
1920 913
1917 913
1917 914
1916 914
1916 915
1915 915
1915 916
1908 916
1908 917
1907 917
1907 925
1906 925
1906 926
1901 926
1901 927
1894 927
1894 928
1889 928
1889 927
1885 927
1885 926
1884 926
1884 925
1882 925
1882 924
1881 924
1881 923
1880 923
1880 922
1879 922
1879 921
1878 921
1878 918
1877 918
1877 917
1871 917
1871 916
1863 916
1863 917
1857 917
1857 916
1854 916
1854 915
1853 915
1853 914
1837 914
1837 913
1825 913
1825 912
1822 912
1822 911
1818 911
1818 910
1814 910
1814 909
1812 909
1812 908
1807 908
1807 907
1798 907
1798 906
1795 906
1795 905
1793 905
1793 904
1791 904
1791 903
1788 903
1788 902
1786 902
1786 901
1785 901
1785 900
1784 900
1784 898
1783 898
1783 897
1782 897
1782 895
1781 895
1781 893
1780 893
1780 891
1779 891
1779 889
1776 889
1776 888
1772 888
1772 887
1771 887
1771 886
1770 886
1770 885
1750 885
1750 884
1747 884
1747 883
1746 883
1746 882
1745 882
1745 881
1744 881
1744 880
1743 880
1743 878
1742 878
1742 876
1741 876
1741 875
1740 875
1740 874
1739 874
1739 873
1735 873
1735 872
1732 872
1732 871
1729 871
1729 870
1728 870
1728 869
1727 869
1727 868
1726 868
1726 867
1725 867
1725 866
1724 866
1724 863
1723 863
1723 860
1722 860
1722 855
1721 855
1721 853
1720 853
1720 850
1719 850
1719 847
1718 847
1718 845
1717 845
1717 841
1716 841
1716 833
1715 833
1715 831
1713 831
1713 830
1701 830
1701 829
1699 829
1699 828
1696 828
1696 827
1691 827
1691 828
1685 828
1685 829
1680 829
1680 828
1676 828
1676 827
1672 827
1672 826
1651 826
1651 825
1650 825
1650 824
1649 824
1649 823
1648 823
1648 822
1647 822
1647 821
1646 821
1646 819
1645 819
1645 815
1644 815
1644 812
1643 812
1643 811
1642 811
1642 810
1641 810
1641 809
1640 809
1640 808
1639 808
1639 807
1638 807
1638 804
1637 804
1637 800
1636 800
1636 796
1635 796
1635 794
1629 794
1629 795
1625 795
1625 796
1620 796
1620 797
1610 797
1610 796
1607 796
1607 795
1605 795
1605 794
1604 794
1604 793
1602 793
1602 792
1600 792
1600 791
1599 791
1599 790
1580 790
1580 791
1569 791
1569 790
1565 790
1565 789
1559 789
1559 788
1557 788
1557 787
1556 787
1556 786
1555 786
1555 785
1553 785
1553 784
1551 784
1551 783
1547 783
1547 782
1545 782
1545 781
1544 781
1544 780
1543 780
1543 779
1542 779
1542 778
1541 778
1541 777
1540 777
1540 775
1539 775
1539 774
1538 774
1538 773
1537 773
1537 772
1531 772
1531 771
1523 771
1523 770
1521 770
1521 769
1520 769
1520 768
1519 768
1519 767
1517 767
1517 766
1516 766
1516 765
1509 765
1509 764
1508 764
1508 763
1506 763
1506 762
1504 762
1504 761
1499 761
1499 760
1497 760
1497 759
1496 759
1496 754
1495 754
1495 746
1494 746
1494 743
1493 743
1493 740
1492 740
1492 738
1491 738
1491 737
1485 737
1485 736
1480 736
1480 735
1477 735
1477 734
1468 734
1468 733
1462 733
1462 734
1459 734
1459 735
1457 735
1457 736
1456 736
1456 737
1455 737
1455 738
1453 738
1453 739
1452 739
1452 740
1451 740
1451 741
1449 741
1449 742
1446 742
1446 743
1445 743
1445 744
1444 744
1444 749
1443 749
1443 750
1442 750
1442 751
1438 751
1438 752
1436 752
1436 753
1434 753
1434 755
1433 755
1433 756
1432 756
1432 757
1428 757
1428 756
1426 756
1426 755
1425 755
1425 754
1424 754
1424 752
1423 752
1423 750
1422 750
1422 749
1421 749
1421 748
1420 748
1420 747
1418 747
1418 746
1416 746
1416 745
1414 745
1414 744
1413 744
1413 743
1411 743
1411 742
1410 742
1410 741
1409 741
1409 740
1408 740
1408 739
1407 739
1407 735
1406 735
1406 719
1405 719
1405 712
1404 712
1404 710
1403 710
1403 708
1402 708
1402 707
1400 707
1400 706
1399 706
1399 705
1398 705
1398 704
1397 704
1397 703
1394 703
1394 702
1382 702
1382 701
1376 701
1376 700
1374 700
1374 701
1370 701
1370 700
1368 700
1368 699
1367 699
1367 698
1365 698
1365 697
1357 697
1357 696
1355 696
1355 695
1354 695
1354 694
1352 694
1352 693
1350 693
1350 692
1348 692
1348 691
1347 691
1347 690
1345 690
1345 689
1344 689
1344 688
1341 688
1341 687
1332 687
1332 686
1330 686
1330 685
1328 685
1328 684
1326 684
1326 683
1316 683
1316 684
1310 684
1310 685
1308 685
1308 686
1302 686
1302 687
1300 687
1300 688
1298 688
1298 689
1296 689
1296 688
1291 688
1291 687
1284 687
1284 686
1282 686
1282 685
1281 685
1281 682
1280 682
1280 680
1281 680
1281 679
1280 679
1280 676
1279 676
1279 675
1278 675
1278 672
1277 672
1277 669
1276 669
1276 668
1275 668
1275 667
1274 667
1274 666
1268 666
1268 665
1265 665
1265 664
1264 664
1264 663
1263 663
1263 662
1262 662
1262 659
1261 659
1261 657
1260 657
1260 654
1258 654
1258 653
1248 653
1248 652
1236 652
1236 653
1232 653
1232 654
1226 654
1226 653
1209 653
1209 652
1206 652
1206 651
1205 651
1205 650
1203 650
1203 649
1201 649
1201 648
1198 648
1198 647
1197 647
1197 646
1196 646
1196 645
1195 645
1195 644
1194 644
1194 643
1193 643
1193 642
1190 642
1190 641
1186 641
1186 640
1185 640
1185 639
1184 639
1184 638
1183 638
1183 637
1182 637
1182 636
1181 636
1181 635
1178 635
1178 634
1177 634
1177 633
1174 633
1174 632
1173 632
1173 631
1172 631
1172 630
1171 630
1171 629
1170 629
1170 628
1169 628
1169 627
1168 627
1168 625
1167 625
1167 624
1164 624
1164 623
1161 623
1161 622
1160 622
1160 621
1159 621
1159 620
1158 620
1158 619
1156 619
1156 618
1153 618
1153 617
1150 617
1150 616
1148 616
1148 615
1147 615
1147 614
1146 614
1146 613
1145 613
1145 612
1144 612
1144 611
1143 611
1143 610
1142 610
1142 608
1141 608
1141 605
1140 605
1140 603
1139 603
1139 602
1138 602
1138 601
1135 601
1135 600
1134 600
1134 599
1133 599
1133 598
1132 598
1132 597
1131 597
1131 596
1129 596
1129 595
1126 595
1126 594
1118 594
1118 593
1109 593
1109 594
1098 594
1098 593
1096 593
1096 592
1094 592
1094 591
1092 591
1092 590
1091 590
1091 588
1090 588
1090 586
1089 586
1089 584
1088 584
1088 583
1087 583
1087 582
1086 582
1086 581
1085 581
1085 580
1084 580
1084 579
1083 579
1083 578
1070 578
1070 577
1066 577
1066 576
1064 576
1064 575
1063 575
1063 574
1062 574
1062 573
1059 573
1059 572
1054 572
1054 571
1052 571
1052 570
1051 570
1051 569
1050 569
1050 568
1049 568
1049 567
1048 567
1048 565
1047 565
1047 564
1044 564
1044 563
1043 563
1043 562
1042 562
1042 561
1041 561
1041 559
1040 559
1040 557
1039 557
1039 551
1038 551
1038 534
1037 534
1037 530
1036 530
1036 528
1035 528
1035 526
1034 526
1034 523
1033 523
1033 515
1032 515
1032 508
1031 508
1031 506
1029 506
1029 505
1027 505
1027 504
1026 504
1026 503
1025 503
1025 502
1024 502
1024 501
1023 501
1023 499
1022 499
1022 498
1021 498
1021 497
1020 497
1020 496
1019 496
1019 495
1018 495
1018 494
1017 494
1017 493
1014 493
1014 492
1012 492
1012 491
1011 491
1011 490
1008 490
1008 489
1007 489
1007 488
1005 488
1005 487
1004 487
1004 486
1003 486
1003 485
1001 485
1001 484
1000 484
1000 483
999 483
999 482
998 482
998 481
997 481
997 480
996 480
996 479
995 479
995 478
994 478
994 475
993 475
993 471
992 471
992 470
988 470
988 469
986 469
986 468
985 468
985 464
984 464
984 462
983 462
983 461
982 461
982 460
980 460
980 459
978 459
978 458
976 458
976 457
974 457
974 456
973 456
973 455
972 455
972 454
963 454
963 453
957 453
957 452
955 452
955 451
954 451
954 450
953 450
953 449
952 449
952 447
951 447
951 446
949 446
949 445
946 445
946 444
944 444
944 443
943 443
943 442
942 442
942 441
941 441
941 440
940 440
940 438
939 438
939 437
938 437
938 436
935 436
935 435
932 435
932 434
931 434
931 433
930 433
930 432
929 432
929 431
928 431
928 430
927 430
927 427
926 427
926 419
925 419
925 411
924 411
924 410
922 410
922 409
920 409
920 408
918 408
918 407
917 407
917 406
916 406
916 405
915 405
915 402
914 402
914 399
913 399
913 397
912 397
912 396
911 396
911 395
909 395
909 394
908 394
908 393
907 393
907 392
906 392
906 388
905 388
905 387
904 387
904 386
903 386
903 385
902 385
902 384
901 384
901 383
900 383
900 382
899 382
899 381
898 381
898 380
897 380
897 379
896 379
896 374
895 374
895 369
894 369
894 359
893 359
893 355
892 355
892 351
891 351
891 347
890 347
890 345
889 345
889 344
888 344
888 342
887 342
887 341
886 341
886 339
885 339
885 338
884 338
884 336
883 336
883 335
882 335
882 334
881 334
881 333
880 333
880 332
879 332
879 331
873 331
873 330
856 330
856 329
840 329
840 328
838 328
838 327
828 327
828 326
826 326
826 325
825 325
825 324
823 324
823 325
820 325
820 326
819 326
819 325
816 325
816 324
812 324
812 323
807 323
807 322
805 322
805 321
803 321
803 320
802 320
802 319
801 319
801 317
802 317
802 319
803 319
803 320
805 320
805 321
807 321
807 322
812 322
812 323
816 323
816 324
819 324
819 325
820 325
820 324
823 324
823 323
825 323
825 324
826 324
826 325
828 325
828 326
838 326
838 327
840 327
840 328
856 328
856 329
873 329
873 330
879 330
879 331
880 331
880 332
881 332
881 333
882 333
882 334
883 334
883 335
884 335
884 336
885 336
885 338
886 338
886 339
887 339
887 341
888 341
888 342
889 342
889 344
890 344
890 345
891 345
891 347
892 347
892 351
893 351
893 355
894 355
894 359
895 359
895 369
896 369
896 374
897 374
897 379
898 379
898 380
899 380
899 381
900 381
900 382
901 382
901 383
902 383
902 384
903 384
903 385
904 385
904 386
905 386
905 387
906 387
906 388
907 388
907 392
908 392
908 393
909 393
909 394
911 394
911 395
912 395
912 396
913 396
913 397
914 397
914 399
915 399
915 402
916 402
916 405
917 405
917 406
918 406
918 407
920 407
920 408
922 408
922 409
924 409
924 410
925 410
925 411
926 411
926 419
927 419
927 427
928 427
928 430
929 430
929 431
930 431
930 432
931 432
931 433
932 433
932 434
935 434
935 435
938 435
938 436
939 436
939 437
940 437
940 438
941 438
941 440
942 440
942 441
943 441
943 442
944 442
944 443
946 443
946 444
949 444
949 445
951 445
951 446
952 446
952 447
953 447
953 449
954 449
954 450
955 450
955 451
957 451
957 452
963 452
963 453
972 453
972 454
973 454
973 455
974 455
974 456
976 456
976 457
978 457
978 458
980 458
980 459
982 459
982 460
983 460
983 461
984 461
984 462
985 462
985 464
986 464
986 468
988 468
988 469
992 469
992 470
993 470
993 471
994 471
994 475
995 475
995 478
996 478
996 479
997 479
997 480
998 480
998 481
999 481
999 482
1000 482
1000 483
1001 483
1001 484
1003 484
1003 485
1004 485
1004 486
1005 486
1005 487
1007 487
1007 488
1008 488
1008 489
1011 489
1011 490
1012 490
1012 491
1014 491
1014 492
1017 492
1017 493
1018 493
1018 494
1019 494
1019 495
1020 495
1020 496
1021 496
1021 497
1022 497
1022 498
1023 498
1023 499
1024 499
1024 501
1025 501
1025 502
1026 502
1026 503
1027 503
1027 504
1029 504
1029 505
1031 505
1031 506
1032 506
1032 508
1033 508
1033 515
1034 515
1034 523
1035 523
1035 526
1036 526
1036 528
1037 528
1037 530
1038 530
1038 534
1039 534
1039 551
1040 551
1040 557
1041 557
1041 559
1042 559
1042 561
1043 561
1043 562
1044 562
1044 563
1047 563
1047 564
1048 564
1048 565
1049 565
1049 567
1050 567
1050 568
1051 568
1051 569
1052 569
1052 570
1054 570
1054 571
1059 571
1059 572
1062 572
1062 573
1063 573
1063 574
1064 574
1064 575
1066 575
1066 576
1070 576
1070 577
1083 577
1083 578
1084 578
1084 579
1085 579
1085 580
1086 580
1086 581
1087 581
1087 582
1088 582
1088 583
1089 583
1089 584
1090 584
1090 586
1091 586
1091 588
1092 588
1092 590
1094 590
1094 591
1096 591
1096 592
1098 592
1098 593
1109 593
1109 592
1118 592
1118 593
1126 593
1126 594
1129 594
1129 595
1131 595
1131 596
1132 596
1132 597
1133 597
1133 598
1134 598
1134 599
1135 599
1135 600
1138 600
1138 601
1139 601
1139 602
1140 602
1140 603
1141 603
1141 605
1142 605
1142 608
1143 608
1143 610
1144 610
1144 611
1145 611
1145 612
1146 612
1146 613
1147 613
1147 614
1148 614
1148 615
1150 615
1150 616
1153 616
1153 617
1156 617
1156 618
1158 618
1158 619
1159 619
1159 620
1160 620
1160 621
1161 621
1161 622
1164 622
1164 623
1167 623
1167 624
1168 624
1168 625
1169 625
1169 627
1170 627
1170 628
1171 628
1171 629
1172 629
1172 630
1173 630
1173 631
1174 631
1174 632
1177 632
1177 633
1178 633
1178 634
1181 634
1181 635
1182 635
1182 636
1183 636
1183 637
1184 637
1184 638
1185 638
1185 639
1186 639
1186 640
1190 640
1190 641
1193 641
1193 642
1194 642
1194 643
1195 643
1195 644
1196 644
1196 645
1197 645
1197 646
1198 646
1198 647
1201 647
1201 648
1203 648
1203 649
1205 649
1205 650
1206 650
1206 651
1209 651
1209 652
1226 652
1226 653
1232 653
1232 652
1236 652
1236 651
1248 651
1248 652
1258 652
1258 653
1260 653
1260 654
1261 654
1261 657
1262 657
1262 659
1263 659
1263 662
1264 662
1264 663
1265 663
1265 664
1268 664
1268 665
1274 665
1274 666
1275 666
1275 667
1276 667
1276 668
1277 668
1277 669
1278 669
1278 672
1279 672
1279 675
1280 675
1280 676
1281 676
1281 679
1282 679
1282 680
1281 680
1281 682
1282 682
1282 685
1284 685
1284 686
1291 686
1291 687
1296 687
1296 688
1298 688
1298 687
1300 687
1300 686
1302 686
1302 685
1308 685
1308 684
1310 684
1310 683
1316 683
1316 682
1326 682
1326 683
1328 683
1328 684
1330 684
1330 685
1332 685
1332 686
1341 686
1341 687
1344 687
1344 688
1345 688
1345 689
1347 689
1347 690
1348 690
1348 691
1350 691
1350 692
1352 692
1352 693
1354 693
1354 694
1355 694
1355 695
1357 695
1357 696
1365 696
1365 697
1367 697
1367 698
1368 698
1368 699
1370 699
1370 700
1374 700
1374 699
1376 699
1376 700
1382 700
1382 701
1394 701
1394 702
1397 702
1397 703
1398 703
1398 704
1399 704
1399 705
1400 705
1400 706
1402 706
1402 707
1403 707
1403 708
1404 708
1404 710
1405 710
1405 712
1406 712
1406 719
1407 719
1407 735
1408 735
1408 739
1409 739
1409 740
1410 740
1410 741
1411 741
1411 742
1413 742
1413 743
1414 743
1414 744
1416 744
1416 745
1418 745
1418 746
1420 746
1420 747
1421 747
1421 748
1422 748
1422 749
1423 749
1423 750
1424 750
1424 752
1425 752
1425 754
1426 754
1426 755
1428 755
1428 756
1432 756
1432 755
1433 755
1433 753
1434 753
1434 752
1436 752
1436 751
1438 751
1438 750
1442 750
1442 749
1443 749
1443 743
1445 743
1445 742
1446 742
1446 741
1449 741
1449 740
1451 740
1451 739
1452 739
1452 738
1453 738
1453 737
1455 737
1455 736
1456 736
1456 734
1459 734
1459 733
1462 733
1462 732
1468 732
1468 733
1477 733
1477 734
1480 734
1480 735
1485 735
1485 736
1491 736
1491 737
1492 737
1492 738
1493 738
1493 740
1494 740
1494 743
1495 743
1495 746
1496 746
1496 754
1497 754
1497 759
1499 759
1499 760
1504 760
1504 761
1506 761
1506 762
1508 762
1508 763
1509 763
1509 764
1516 764
1516 765
1517 765
1517 766
1519 766
1519 767
1520 767
1520 768
1521 768
1521 769
1523 769
1523 770
1531 770
1531 771
1537 771
1537 772
1538 772
1538 773
1539 773
1539 774
1540 774
1540 775
1541 775
1541 777
1542 777
1542 778
1543 778
1543 779
1544 779
1544 780
1545 780
1545 781
1547 781
1547 782
1551 782
1551 783
1553 783
1553 784
1555 784
1555 785
1556 785
1556 786
1557 786
1557 787
1559 787
1559 788
1565 788
1565 789
1569 789
1569 790
1580 790
1580 789
1599 789
1599 790
1600 790
1600 791
1602 791
1602 792
1604 792
1604 793
1605 793
1605 794
1607 794
1607 795
1610 795
1610 796
1620 796
1620 795
1625 795
1625 794
1629 794
1629 793
1635 793
1635 794
1636 794
1636 796
1637 796
1637 800
1638 800
1638 804
1639 804
1639 807
1640 807
1640 808
1641 808
1641 809
1642 809
1642 810
1643 810
1643 811
1644 811
1644 812
1645 812
1645 815
1646 815
1646 819
1647 819
1647 821
1648 821
1648 822
1649 822
1649 823
1650 823
1650 824
1651 824
1651 825
1672 825
1672 826
1676 826
1676 827
1680 827
1680 828
1685 828
1685 827
1691 827
1691 826
1696 826
1696 827
1699 827
1699 828
1701 828
1701 829
1713 829
1713 830
1715 830
1715 831
1716 831
1716 833
1717 833
1717 841
1718 841
1718 845
1719 845
1719 847
1720 847
1720 850
1721 850
1721 853
1722 853
1722 855
1723 855
1723 860
1724 860
1724 863
1725 863
1725 866
1726 866
1726 867
1727 867
1727 868
1728 868
1728 869
1729 869
1729 870
1732 870
1732 871
1735 871
1735 872
1739 872
1739 873
1740 873
1740 874
1741 874
1741 875
1742 875
1742 876
1743 876
1743 878
1744 878
1744 880
1745 880
1745 881
1746 881
1746 882
1747 882
1747 883
1750 883
1750 884
1770 884
1770 885
1771 885
1771 886
1772 886
1772 887
1776 887
1776 888
1779 888
1779 889
1780 889
1780 891
1781 891
1781 893
1782 893
1782 895
1783 895
1783 897
1784 897
1784 898
1785 898
1785 900
1786 900
1786 901
1788 901
1788 902
1791 902
1791 903
1793 903
1793 904
1795 904
1795 905
1798 905
1798 906
1807 906
1807 907
1812 907
1812 908
1814 908
1814 909
1818 909
1818 910
1822 910
1822 911
1825 911
1825 912
1837 912
1837 913
1853 913
1853 914
1854 914
1854 915
1857 915
1857 916
1863 916
1863 915
1871 915
1871 916
1877 916
1877 917
1879 917
1879 921
1880 921
1880 922
1881 922
1881 923
1882 923
1882 924
1884 924
1884 925
1885 925
1885 926
1889 926
1889 927
1894 927
1894 926
1901 926
1901 925
1906 925
1906 916
1908 916
1908 915
1915 915
1915 914
1916 914
1916 913
1917 913
1917 912
1920 912
1920 911
1938 911
1938 912
1939 912
1939 913
1940 913
1940 917
1941 917
1941 919
1942 919
1942 921
1944 921
1944 922
1946 922
1946 923
1947 923
1947 924
1948 924
1948 925
1949 925
1949 926
1950 926
1950 930
1951 930
1951 932
1952 932
1952 933
1953 933
1953 934
1954 934
1954 935
1955 935
1955 936
1957 936
1957 937
1967 937
1967 938
1973 938
1973 937
1977 937
1977 938
1979 938
1979 939
1981 939
1981 940
1987 940
1987 941
1997 941
1997 940
1999 940
1999 938
2000 938
2000 937
2001 937
2001 936
2012 936
2012 937
2015 937
2015 938
2016 938
2016 939
2017 939
2017 941
2018 941
2018 950
2019 950
2019 961
2020 961
2020 962
2022 962
2022 963
2024 963
2024 964
2030 964
2030 963
2031 963
2031 962
2032 962
2032 961
2033 961
2033 959
2034 959
2034 958
2035 958
2035 957
2040 957
2040 954
2041 954
2041 950
2042 950
2042 949
2048 949
2048 948
2052 948
2052 949
2054 949
2054 950
2056 950
2056 951
2060 951
2060 952
2062 952
2062 953
2064 953
2064 954
2069 954
2069 955
2071 955
2071 954
2072 954
2072 955
2074 955
2074 956
2075 956
2075 957
2076 957
2076 958
2077 958
2077 959
2079 959
2079 963
2080 963
2080 966
2081 966
2081 967
2092 967
2092 968
2094 968
2094 969
2095 969
2095 970
2096 970
2096 972
2100 972
2100 973
2109 973
2109 974
2111 974
2111 975
2113 975
2113 976
2114 976
2114 977
2115 977
2115 978
2116 978
2116 979
2121 979
2121 980
2123 980
2123 981
2125 981
2125 982
2129 982
2129 983
2134 983
2134 984
2142 984
2142 985
2144 985
2144 986
2146 986
2146 987
2148 987
2148 988
2150 988
2150 989
2152 989
2152 990
2158 990
2158 989
2159 989
2159 990
2162 990
2162 991
2163 991
2163 992
2164 992
2164 993
2165 993
2165 994
2167 994
2167 995
2172 995
2172 996
2182 996
2182 995
2185 995
2185 994
2188 994
2188 993
2191 993
2191 992
2193 992
2193 991
2197 991
2197 990
2198 990
2198 989
2203 989
2203 988
2205 988
2205 987
2216 987
2216 986
2220 986
2220 985
2224 985
2224 984
2249 984
2249 985
2254 985
2254 986
2259 986
2259 987
2261 987
2261 988
2267 988
2267 989
2271 989
2271 988
2274 988
2274 987
2275 987
2275 986
2276 986
2276 985
2277 985
2277 983
2278 983
2278 982
2279 982
2279 981
2280 981
2280 980
2281 980
2281 978
2282 978
2282 977
2283 977
2283 976
2287 976
2287 975
2304 975
2304 976
2306 976
2306 977
2307 977
2307 978
2308 978
2308 979
2309 979
2309 980
2310 980
2310 981
2311 981
2311 982
2312 982
2312 983
2314 983
2314 984
2318 984
2318 985
2320 985
2320 986
2321 986
2321 987
2322 987
2322 988
2324 988
2324 989
2326 989
2326 990
2329 990
2329 991
2330 991
2330 992
2331 992
2331 993
2332 993
2332 994
2333 994
2333 995
2334 995
2334 997
2335 997
2335 998
2336 998
2336 999
2337 999
2337 1000
2338 1000
2338 1001
2342 1001
2342 1002
2346 1002
2346 1003
2347 1003
2347 1004
2348 1004
2348 1006
2349 1006
2349 1007
2351 1007
2351 1008
2353 1008
2353 1009
2372 1009
2372 1008
2384 1008
2384 1007
2387 1007
2387 1006
2396 1006
2396 1005
2398 1005
2398 1004
2399 1004
2399 1003
2401 1003
2401 1002
2404 1002
2404 1001
2406 1001
2406 1000
2408 1000
2408 999
2410 999
2410 998
2412 998
2412 997
2413 997
2413 996
2414 996
2414 995
2415 995
2415 994
2416 994
2416 993
2417 993
2417 992
2419 992
2419 991
2420 991
2420 990
2421 990
2421 989
2423 989
2423 988
2431 988
2431 987
2434 987
2434 986
2436 986
2436 985
2438 985
2438 984
2439 984
2439 983
2442 983
2442 982
2443 982
2443 981
2457 981
2457 982
2458 982
2458 983
2460 983
2460 984
2461 984
2461 985
2464 985
2464 986
2466 986
2466 985
2480 985
2480 984
2483 984
2483 983
2484 983
2484 982
2485 982
2485 981
2487 981
2487 980
2489 980
2489 979
2490 979
2490 978
2492 978
2492 977
2494 977
2494 976
2496 976
2496 975
2497 975
2497 973
2498 973
2498 972
2500 972
2500 971
2507 971
2507 970
2511 970
2511 962
2512 962
2512 960
2515 960
2515 961
2516 961
2516 962
2517 962
2517 963
2518 963
2518 966
2519 966
2519 968
2520 968
2520 969
2521 969
2521 973
2522 973
2522 975
2523 975
2523 976
2524 976
2524 977
2525 977
2525 978
2527 978
2527 979
2528 979
2528 980
2530 980
2530 981
2531 981
2531 982
2532 982
2532 983
2533 983
2533 984
2534 984
2534 985
2535 985
2535 986
2538 986
2538 987
2543 987
2543 988
2547 988
2547 989
2548 989
2548 990
2549 990
2549 991
2550 991
2550 992
2551 992
2551 993
2552 993
2552 994
2553 994
2553 995
2554 995
2554 996
2556 996
2556 997
2559 997
2559 998
2561 998
2561 999
2562 999
2562 1000
2564 1000
2564 1001
2568 1001
2568 1002
2571 1002
2571 1003
2573 1003
2573 1004
2581 1004
2581 1005
2583 1005
2583 1006
2584 1006
2584 1007
2586 1007
2586 1008
2587 1008
2587 1009
2588 1009
2588 1010
2589 1010
2589 1011
2590 1011
2590 1012
2594 1012
2594 1013
2596 1013
2596 1014
2599 1014
2599 1015
2601 1015
2601 1016
2602 1016
2602 1017
2611 1017
2611 1016
2616 1016
2616 1015
2632 1015
2632 1014
2635 1014
2635 1013
2639 1013
2639 1012
2640 1012
2640 1011
2642 1011
2642 1010
2643 1010
2643 1007
2644 1007
2644 1005
2645 1005
2645 1004
2646 1004
2646 1003
2647 1003
2647 1001
2648 1001
2648 1000
2649 1000
2649 999
2650 999
2650 998
2651 998
2651 997
2654 997
2654 996
2655 996
2655 995
2657 995
2657 994
2658 994
2658 993
2659 993
2659 992
2660 992
2660 991
2661 991
2661 990
2662 990
2662 989
2663 989
2663 988
2664 988
2664 987
2665 987
2665 985
2666 985
2666 981
2667 981
2667 965
2668 965
2668 950
2669 950
2669 938
2670 938
2670 937
2673 937
2673 936
2678 936
2678 937
2687 937
2687 938
2690 938
2690 939
2697 939
2697 940
2701 940
2701 941
2710 941
2710 942
2715 942
2715 943
2723 943
2723 944
2733 944
2733 945
2734 945
2734 946
2735 946
2735 947
2740 947
2740 948
2748 948
2748 949
2749 949
2749 948
2750 948
2750 946
2751 946
2751 942
2752 942
2752 939
2753 939
2753 937
2754 937
2754 934
2755 934
2755 932
2756 932
2756 930
2757 930
2757 929
2758 929
2758 927
2759 927
2759 926
2760 926
2760 923
2761 923
2761 922
2770 922
2770 921
2778 921
2778 920
2782 920
2782 919
2784 919
2784 918
2792 918
2792 917
2795 917
2795 916
2800 916
2800 915
2805 915
2805 914
2807 914
2807 913
2809 913
2809 912
2811 912
2811 911
2815 911
2815 910
2817 910
2817 909
2821 909
2821 908
2822 908
2822 909
2823 909
2823 910
2824 910
2824 911
2825 911
2825 912
2826 912
2826 913
2827 913
2827 914
2828 914
2828 915
2829 915
2829 916
2835 916
2835 915
2837 915
2837 914
2840 914
2840 913
2841 913
2841 912
2843 912
2843 911
2845 911
2845 910
2846 910
2846 909
2848 909
2848 908
2849 908
2849 907
2850 907
2850 902
2851 902
2851 895
2852 895
2852 894
2853 894
2853 893
2854 893
2854 892
2855 892
2855 891
2857 891
2857 890
2859 890
2859 889
2860 889
2860 888
2863 888
2863 887
2864 887
2864 886
2865 886
2865 885
2866 885
2866 883
2867 883
2867 882
2869 882
2869 881
2870 881
2870 880
2871 880
2871 879
2872 879
2872 877
2873 877
2873 876
2874 876
2874 875
2875 875
2875 846
2876 846
2876 843
2877 843
2877 842
2878 842
2878 841
2879 841
2879 840
2881 840
2881 839
2885 839
2885 838
2887 838
2887 837
2889 837
2889 836
2890 836
2890 835
2894 835
2894 836
2896 836
2896 837
2898 837
2898 838
2902 838
2902 839
2905 839
2905 838
2911 838
2911 837
2926 837
2926 833
2927 833
2927 832
2928 832
2928 831
2930 831
2930 830
2934 830
2934 829
2935 829
2935 828
2937 828
2937 827
2939 827
2939 826
2941 826
2941 825
2943 825
2943 824
2947 824
2947 823
2949 823
2949 822
2950 822
2950 821
2952 821
2952 820
2956 820
2956 819
2958 819
2958 818
2960 818
2960 817
2962 817
2962 816
2967 816
2967 815
2970 815
2970 814
2971 814
2971 813
2973 813
2973 812
2979 812
2979 811
2982 811
2982 810
2983 810
2983 809
2984 809
2984 807
2985 807
2985 806
2987 806
2987 805
2988 805
2988 804
2989 804
2989 803
2991 803
2991 802
2992 802
2992 801
2993 801
2993 800
2994 800
2994 798
2995 798
2995 793
2996 793
2996 792
2998 792
2998 791
3002 791
3002 790
3003 790
3003 789
3004 789
3004 788
3005 788
3005 786
3006 786
3006 785
3007 785
3007 784
3009 784
3009 783
3011 783
3011 782
3013 782
3013 781
3015 781
3015 780
3016 780
3016 779
3017 779
3017 778
3020 778
3020 777
3023 777
3023 776
3025 776
3025 775
3026 775
3026 774
3027 774
3027 766
3028 766
3028 763
3029 763
3029 762
3030 762
3030 761
3031 761
3031 760
3033 760
3033 759
3036 759
3036 758
3037 758
3037 757
3038 757
3038 756
3039 756
3039 755
3040 755
3040 754
3044 754
3044 755
3045 755
3045 756
3046 756
3046 757
3047 757
3047 759
3048 759
3048 761
3049 761
3049 764
3050 764
3050 765
3052 765
3052 766
3055 766
3055 765
3056 765
3056 764
3057 764
3057 763
3061 763
3061 762
3064 762
3064 761
3076 761
3076 760
3078 760
3078 759
3080 759
3080 758
3082 758
3082 757
3083 757
3083 756
3084 756
3084 755
3085 755
3085 753
3086 753
3086 710
3087 710
3087 704
3088 704
3088 702
3089 702
3089 701
3090 701
3090 700
3091 700
3091 699
3094 699
3094 698
3097 698
3097 697
3099 697
3099 696
3101 696
3101 695
3103 695
3103 693
3104 693
3104 692
3105 692
3105 691
3106 691
3106 690
3108 690
3108 689
3109 689
3109 688
3112 688
3112 689
3113 689
3113 690
3114 690
3114 691
3115 691
3115 692
3116 692
3116 693
3117 693
3117 694
3118 694
3118 695
3119 695
3119 696
3135 696
3135 697
3136 697
3136 698
3137 698
3137 701
3138 701
3138 703
3139 703
3139 704
3140 704
3140 705
3141 705
3141 706
3142 706
3142 707
3145 707
3145 708
3154 708
3154 707
3156 707
3156 706
3161 706
3161 705
3163 705
3163 704
3166 704
3166 703
3167 703
3167 702
3169 702
3169 701
3171 701
3171 700
3177 700
3177 699
3180 699
3180 698
3181 698
3181 697
3182 697
3182 696
3183 696
3183 695
3184 695
3184 694
3185 694
3185 693
3187 693
3187 692
3188 692
3188 691
3189 691
3189 690
3190 690
3190 689
3191 689
3191 686
3192 686
3192 681
3191 681
3191 673
3192 673
3192 672
3193 672
3193 671
3194 671
3194 670
3200 670
3200 671
3201 671
3201 670
3202 670
3202 668
3203 668
3203 654
3204 654
3204 653
3206 653
3206 652
3208 652
3208 651
3209 651
3209 650
3211 650
3211 649
3212 649
3212 648
3214 648
3214 647
3216 647
3216 646
3218 646
3218 645
3219 645
3219 644
3220 644
3220 643
3221 643
3221 642
3223 642
3223 641
3225 641
3225 636
3226 636
3226 599
3225 599
3225 595
3226 595
3226 594
3227 594
3227 593
3230 593
3230 592
3233 592
3233 591
3236 591
3236 590
3238 590
3238 589
3246 589
3246 588
3248 588
3248 587
3249 587
3249 586
3250 586
3250 585
3252 585
3252 584
3271 584
3271 583
3272 583
3272 582
3273 582
3273 581
3274 581
3274 580
3275 580
3275 579
3276 579
3276 578
3277 578
3277 577
3278 577
3278 576
3279 576
3279 575
3282 575
3282 574
3284 574
3284 573
3285 573
3285 570
3286 570
3286 569
3285 569
3285 568
3284 568
3284 561
3285 561
3285 555
3286 555
3286 554
3290 554
3290 553
3294 553
3294 552
3295 552
3295 551
3296 551
3296 547
3297 547
3297 546
3298 546
3298 545
3299 545
3299 544
3302 544
3302 543
3304 543
3304 542
3305 542
3305 541
3307 541
3307 540
3308 540
3308 539
3309 539
3309 538
3311 538
3311 537
3312 537
3312 536
3313 536
3313 535
3316 535
3316 534
3317 534
3317 533
3318 533
3318 532
3319 532
3319 528
3320 528
3320 525
3321 525
3321 524
3323 524
3323 523
3325 523
3325 522
3327 522
3327 521
3328 521
3328 520
3329 520
3329 519
3330 519
3330 517
3331 517
3331 516
3333 516
3333 515
3334 515
3334 514
3335 514
3335 513
3336 513
3336 512
3340 512
3340 511
3342 511
3342 509
3343 509
3343 496
3344 496
3344 495
3347 495
3347 494
3348 494
3348 493
3350 493
3350 492
3351 492
3351 491
3353 491
3353 488
3354 488
3354 453
3355 453
3355 452
3357 452
3357 451
3360 451
3360 450
3361 450
3361 449
3363 449
3363 448
3364 448
3364 447
3365 447
3365 439
3366 439
3366 438
3367 438
3367 437
3375 437
3375 436
3390 436
3390 435
3399 435
3399 434
3400 434
3400 410
3401 410
3401 409
3402 409
3402 408
3434 408
3434 407
3435 407
3435 406
3436 406
3436 403
3437 403
3437 401
3441 401
3441 400
3442 400
3442 399
3443 399
3443 398
3444 398
3444 397
3446 397
3446 396
3448 396
3448 395
3450 395
3450 394
3451 394
3451 392
3453 392
3453 391
3454 391
3454 390
3455 390
3455 389
3456 389
3456 388
3457 388
3457 387
3458 387
3458 386
3459 386
3459 385
3461 385
3461 384
3462 384
3462 383
3463 383
3463 381
3464 381
3464 380
3465 380
3465 381
3464 381
3464 383
3463 383
3463 384
3462 384
3462 385
3461 385
3461 386
3459 386
3459 387
3458 387
3458 388
3457 388
3457 389
3456 389
3456 390
3455 390
3455 391
3454 391
3454 392
3453 392
3453 393
3452 393
3452 395
3450 395
3450 396
3448 396
3448 397
3446 397
3446 398
3444 398
3444 399
3443 399
3443 400
3442 400
3442 401
3441 401
3441 402
3438 402
3438 403
3437 403
3437 406
3436 406
3436 407
3435 407
3435 408
3434 408
3434 409
3402 409
3402 410
3401 410
3401 434
3400 434
3400 435
3399 435
3399 436
3390 436
3390 437
3375 437
3375 438
3367 438
3367 439
3366 439
3366 447
3365 447
3365 448
3364 448
3364 449
3363 449
3363 450
3361 450
3361 451
3360 451
3360 452
3357 452
3357 453
3355 453
3355 488
3354 488
3354 491
3353 491
3353 492
3351 492
3351 493
3350 493
3350 494
3348 494
3348 495
3347 495
3347 496
3344 496
3344 509
3343 509
3343 511
3342 511
3342 512
3340 512
3340 513
3336 513
3336 514
3335 514
3335 515
3334 515
3334 516
3333 516
3333 517
3331 517
3331 519
3330 519
3330 520
3329 520
3329 521
3328 521
3328 522
3327 522
3327 523
3325 523
3325 524
3323 524
3323 525
3321 525
3321 528
3320 528
3320 532
3319 532
3319 533
3318 533
3318 534
3317 534
3317 535
3316 535
3316 536
3313 536
3313 537
3312 537
3312 538
3311 538
3311 539
3309 539
3309 540
3308 540
3308 541
3307 541
3307 542
3305 542
3305 543
3304 543
3304 544
3302 544
3302 545
3299 545
3299 546
3298 546
3298 547
3297 547
3297 551
3296 551
3296 552
3295 552
3295 553
3294 553
3294 554
3290 554
3290 555
3286 555
3286 562
3285 562
3285 568
3286 568
3286 569
3287 569
3287 570
3286 570
3286 573
3285 573
3285 574
3284 574
3284 575
3282 575
3282 576
3279 576
3279 577
3278 577
3278 578
3277 578
3277 579
3276 579
3276 580
3275 580
3275 581
3274 581
3274 582
3273 582
3273 583
3272 583
3272 584
3271 584
3271 585
3252 585
3252 586
3250 586
3250 587
3249 587
3249 588
3248 588
3248 589
3246 589
3246 590
3238 590
3238 591
3236 591
3236 592
3233 592
