3035 424
3036 424
3036 425
3037 425
3037 426
3038 426
3038 427
3039 427
3039 429
3040 429
3040 430
3041 430
3041 431
3042 431
3042 433
3043 433
3043 436
3042 436
3042 457
3043 457
3043 459
3044 459
3044 461
3045 461
3045 462
3047 462
3047 463
3048 463
3048 464
3050 464
3050 465
3051 465
3051 466
3052 466
3052 494
3053 494
3053 497
3054 497
3054 498
3055 498
3055 499
3056 499
3056 500
3058 500
3058 501
3059 501
3059 502
3061 502
3061 503
3062 503
3062 504
3063 504
3063 505
3064 505
3064 506
3065 506
3065 507
3066 507
3066 508
3067 508
3067 509
3068 509
3068 510
3069 510
3069 511
3071 511
3071 512
3073 512
3073 513
3088 513
3088 514
3090 514
3090 513
3091 513
3091 506
3092 506
3092 502
3093 502
3093 501
3094 501
3094 500
3109 500
3109 501
3116 501
3116 502
3125 502
3125 503
3132 503
3132 502
3135 502
3135 501
3137 501
3137 500
3138 500
3138 499
3139 499
3139 498
3140 498
3140 497
3142 497
3142 496
3143 496
3143 495
3144 495
3144 494
3145 494
3145 493
3146 493
3146 492
3147 492
3147 491
3148 491
3148 490
3149 490
3149 488
3150 488
3150 487
3152 487
3152 486
3153 486
3153 485
3156 485
3156 484
3158 484
3158 483
3160 483
3160 482
3162 482
3162 481
3163 481
3163 474
3164 474
3164 473
3166 473
3166 472
3169 472
3169 471
3171 471
3171 470
3173 470
3173 469
3175 469
3175 466
3176 466
3176 465
3177 465
3177 464
3178 464
3178 463
3179 463
3179 462
3181 462
3181 461
3183 461
3183 460
3185 460
3185 459
3187 459
3187 458
3188 458
3188 454
3189 454
3189 449
3190 449
3190 448
3191 448
3191 447
3192 447
3192 446
3196 446
3196 445
3197 445
3197 444
3200 444
3200 442
3201 442
3201 437
3202 437
3202 433
3203 433
3203 432
3206 432
3206 431
3208 431
3208 430
3209 430
3209 429
3211 429
3211 428
3214 428
3214 427
3215 427
3215 425
3216 425
3216 424
3217 424
3217 423
3219 423
3219 422
3222 422
3222 421
3224 421
3224 420
3225 420
3225 419
3226 419
3226 416
3227 416
3227 403
3228 403
3228 385
3229 385
3229 368
3230 368
3230 361
3231 361
3231 355
3232 355
3232 349
3233 349
3233 348
3236 348
3236 349
3246 349
3246 348
3247 348
3247 349
3253 349
3253 350
3266 350
3266 349
3268 349
3268 348
3271 348
3271 347
3278 347
3278 346
3279 346
3279 347
3281 347
3281 346
3290 346
3290 345
3291 345
3291 344
3292 344
3292 343
3293 343
3293 342
3295 342
3295 341
3298 341
3298 344
3299 344
3299 345
3300 345
3300 350
3299 350
3299 355
3298 355
3298 361
3297 361
3297 367
3296 367
3296 380
3297 380
3297 382
3298 382
3298 384
3299 384
3299 387
3300 387
3300 409
3301 409
3301 412
3302 412
3302 414
3303 414
3303 416
3304 416
3304 418
3305 418
3305 419
3306 419
3306 420
3307 420
3307 422
3308 422
3308 424
3309 424
3309 425
3313 425
3313 424
3317 424
3317 423
3322 423
3322 424
3323 424
3323 425
3325 425
3325 426
3327 426
3327 427
3329 427
3329 428
3333 428
3333 429
3335 429
3335 430
3336 430
3336 431
3339 431
3339 432
3341 432
3341 433
3348 433
3348 432
3356 432
3356 431
3357 431
3357 430
3359 430
3359 429
3364 429
3364 428
3367 428
3367 427
3368 427
3368 426
3372 426
3372 427
3374 427
3374 428
3383 428
3383 429
3390 429
3390 428
3395 428
3395 427
3399 427
3399 426
3401 426
3401 425
3402 425
3402 423
3403 423
3403 418
3404 418
3404 417
3406 417
3406 416
3413 416
3413 415
3415 415
3415 414
3416 414
3416 413
3417 413
3417 412
3419 412
3419 411
3425 411
3425 412
3426 412
3426 413
3429 413
3429 414
3430 414
3430 415
3431 415
3431 416
3432 416
3432 417
3433 417
3433 418
3438 418
3438 419
3439 419
3439 420
3440 420
3440 421
3442 421
3442 422
3452 422
3452 423
3454 423
3454 422
3464 422
3464 421
3469 421
3469 420
3474 420
3474 419
3480 419
3480 418
3496 418
3496 417
3497 417
3497 415
3502 415
3502 414
3503 414
3503 413
3504 413
3504 412
3507 412
3507 411
3509 411
3509 410
3510 410
3510 400
3509 400
3509 394
3510 394
3510 393
3511 393
3511 392
3512 392
3512 391
3513 391
3513 390
3521 390
3521 389
3523 389
3523 388
3524 388
3524 387
3525 387
3525 386
3526 386
3526 385
3527 385
3527 384
3530 384
3530 383
3531 383
3531 382
3536 382
3536 381
3541 381
3541 380
3544 380
3544 379
3545 379
3545 378
3546 378
3546 371
3547 371
3547 362
3548 362
3548 349
3549 349
3549 347
3550 347
3550 346
3551 346
3551 345
3552 345
3552 344
3553 344
3553 343
3554 343
3554 342
3556 342
3556 341
3559 341
3559 340
3560 340
3560 338
3561 338
3561 332
3562 332
3562 325
3563 325
3563 323
3564 323
3564 322
3565 322
3565 321
3567 321
3567 320
3569 320
3569 319
3571 319
3571 318
3573 318
3573 317
3577 317
3577 316
3579 316
3579 315
3582 315
3582 314
3585 314
3585 313
3586 313
3586 310
3587 310
3587 307
3588 307
3588 306
3589 306
3589 305
3591 305
3591 304
3596 304
3596 303
3597 303
3597 302
3598 302
3598 298
3599 298
3599 289
3600 289
3600 276
3601 276
3601 263
3602 263
3602 256
3603 256
3603 254
3604 254
3604 253
3605 253
3605 252
3606 252
3606 251
3607 251
3607 250
3608 250
3608 249
3609 249
3609 248
3610 248
3610 246
3611 246
3611 245
3612 245
3612 244
3614 244
3614 242
3615 242
3615 234
3616 234
3616 219
3617 219
3617 205
3618 205
3618 197
3619 197
3619 171
3620 171
3620 170
3621 170
3621 169
3623 169
3623 168
3627 168
3627 167
3628 167
3628 166
3629 166
3629 165
3630 165
3630 164
3631 164
3631 163
3632 163
3632 161
3633 161
3633 160
3634 160
3634 159
3635 159
3635 158
3636 158
3636 157
3637 157
3637 156
3638 156
3638 155
3640 155
3640 154
3641 154
3641 153
3642 153
3642 152
3643 152
3643 151
3644 151
3644 150
3646 150
3646 148
3647 148
3647 142
3654 142
3654 143
3655 143
3655 174
3656 174
3656 177
3657 177
3657 178
3658 178
3658 179
3660 179
3660 180
3661 180
3661 181
3663 181
3663 182
3669 182
3669 181
3672 181
3672 180
3673 180
3673 179
3674 179
3674 178
3675 178
3675 177
3676 177
3676 176
3677 176
3677 175
3678 175
3678 172
3679 172
3679 170
3680 170
3680 162
3681 162
3681 151
3682 151
3682 141
3683 141
3683 131
3684 131
3684 122
3685 122
3685 121
3686 121
3686 120
3687 120
3687 119
3689 119
3689 118
3691 118
3691 117
3694 117
3694 116
3697 116
3697 115
3699 115
3699 114
3703 114
3703 115
3704 115
3704 116
3705 116
3705 118
3706 118
3706 122
3707 122
3707 125
3708 125
3708 127
3709 127
3709 128
3710 128
3710 130
3711 130
3711 131
3714 131
3714 132
3718 132
3718 133
3726 133
3726 134
3734 134
3734 135
3736 135
3736 136
3737 136
3737 137
3738 137
3738 157
3739 157
3739 162
3743 162
3743 163
3760 163
3760 162
3764 162
3764 161
3766 161
3766 157
3767 157
3767 155
3766 155
3766 150
3767 150
3767 144
3768 144
3768 141
3769 141
3769 138
3770 138
3770 136
3771 136
3771 138
3770 138
3770 141
3769 141
3769 144
3768 144
3768 150
3767 150
3767 155
3768 155
3768 157
3767 157
3767 161
3766 161
3766 162
3764 162
3764 163
3760 163
3760 164
3743 164
3743 163
3739 163
3739 162
3738 162
3738 157
3737 157
3737 137
3736 137
3736 136
3734 136
3734 135
3726 135
3726 134
3718 134
3718 133
3714 133
3714 132
3711 132
3711 131
3710 131
3710 130
3709 130
3709 128
3708 128
3708 127
3707 127
3707 125
3706 125
3706 122
3705 122
3705 118
3704 118
3704 116
3703 116
3703 115
3699 115
3699 116
3697 116
3697 117
3694 117
3694 118
3691 118
3691 119
3689 119
3689 120
3687 120
3687 121
3686 121
3686 122
3685 122
3685 131
3684 131
3684 141
3683 141
3683 151
3682 151
3682 162
3681 162
3681 170
3680 170
3680 172
3679 172
3679 175
3678 175
3678 176
3677 176
3677 177
3676 177
3676 178
3675 178
3675 179
3674 179
3674 180
3673 180
3673 181
3672 181
3672 182
3669 182
3669 183
3663 183
3663 182
3661 182
3661 181
3660 181
3660 180
3658 180
3658 179
3657 179
3657 178
3656 178
3656 177
3655 177
3655 174
3654 174
3654 143
3648 143
3648 148
3647 148
3647 150
3646 150
3646 151
3644 151
3644 152
3643 152
3643 153
3642 153
3642 154
3641 154
3641 155
3640 155
3640 156
3638 156
3638 157
3637 157
3637 158
3636 158
3636 159
3635 159
3635 160
3634 160
3634 161
3633 161
3633 163
3632 163
3632 164
3631 164
3631 165
3630 165
3630 166
3629 166
3629 167
3628 167
3628 168
3627 168
3627 169
3623 169
3623 170
3621 170
3621 171
3620 171
3620 197
3619 197
3619 205
3618 205
3618 219
3617 219
3617 234
3616 234
3616 242
3615 242
3615 244
3614 244
3614 245
3612 245
3612 246
3611 246
3611 248
3610 248
3610 249
3609 249
3609 250
3608 250
3608 251
3607 251
3607 252
3606 252
3606 253
3605 253
3605 254
3604 254
3604 256
3603 256
3603 263
3602 263
3602 276
3601 276
3601 289
3600 289
3600 298
3599 298
3599 302
3598 302
3598 303
3597 303
3597 304
3596 304
3596 305
3591 305
3591 306
3589 306
3589 307
3588 307
3588 310
3587 310
3587 313
3586 313
3586 314
3585 314
3585 315
3582 315
3582 316
3579 316
3579 317
3577 317
3577 318
3573 318
3573 319
3571 319
3571 320
3569 320
3569 321
3567 321
3567 322
3565 322
3565 323
3564 323
3564 325
3563 325
3563 332
3562 332
3562 338
3561 338
3561 340
3560 340
3560 341
3559 341
3559 342
3556 342
3556 343
3554 343
3554 344
3553 344
3553 345
3552 345
3552 346
3551 346
3551 347
3550 347
3550 349
3549 349
3549 362
3548 362
3548 371
3547 371
3547 378
3546 378
3546 379
3545 379
3545 380
3544 380
3544 381
3541 381
3541 382
3536 382
3536 383
3531 383
3531 384
3530 384
3530 385
3527 385
3527 386
3526 386
3526 387
3525 387
3525 388
3524 388
3524 389
3523 389
3523 390
3521 390
3521 391
3513 391
3513 392
3512 392
3512 393
3511 393
3511 394
3510 394
3510 400
3511 400
3511 410
3510 410
3510 411
3509 411
3509 412
3507 412
3507 413
3504 413
3504 414
3503 414
3503 415
3502 415
3502 416
3498 416
3498 417
3497 417
3497 418
3496 418
3496 419
3480 419
3480 420
3474 420
3474 421
3469 421
3469 422
3464 422
3464 423
3454 423
3454 424
3452 424
3452 423
3442 423
3442 422
3439 422
3439 420
3438 420
3438 419
3433 419
3433 418
3432 418
3432 417
3431 417
3431 416
3430 416
3430 415
3429 415
3429 414
3426 414
3426 413
3425 413
3425 412
3419 412
3419 413
3417 413
3417 414
3416 414
3416 415
3415 415
3415 416
3413 416
3413 417
3406 417
3406 418
3404 418
3404 423
3403 423
3403 425
3402 425
3402 426
3401 426
3401 427
3399 427
3399 428
3395 428
3395 429
3390 429
3390 430
3383 430
3383 429
3374 429
3374 428
3372 428
3372 427
3368 427
3368 428
3367 428
3367 429
3364 429
3364 430
3359 430
3359 431
3357 431
3357 432
3356 432
3356 433
3348 433
3348 434
3341 434
3341 433
3339 433
3339 432
3336 432
3336 431
3335 431
3335 430
3333 430
3333 429
3329 429
3329 428
3327 428
3327 427
3325 427
3325 426
3323 426
3323 425
3322 425
3322 424
3317 424
3317 425
3313 425
3313 426
3309 426
3309 425
3308 425
3308 424
3307 424
3307 422
3306 422
3306 420
3305 420
3305 419
3304 419
3304 418
3303 418
3303 416
3302 416
3302 414
3301 414
3301 412
3300 412
3300 409
3299 409
3299 387
3298 387
3298 384
3297 384
3297 382
3296 382
3296 380
3295 380
3295 367
3296 367
3296 361
3297 361
3297 355
3298 355
3298 350
3299 350
3299 345
3298 345
3298 344
3297 344
3297 342
3295 342
3295 343
3293 343
3293 344
3292 344
3292 345
3291 345
3291 346
3290 346
3290 347
3281 347
3281 348
3279 348
3279 347
3278 347
3278 348
3271 348
3271 349
3268 349
3268 350
3266 350
3266 351
3253 351
3253 350
3247 350
3247 349
3246 349
3246 350
3236 350
3236 349
3233 349
3233 355
3232 355
3232 361
3231 361
3231 368
3230 368
3230 385
3229 385
3229 403
3228 403
3228 416
3227 416
3227 419
3226 419
3226 420
3225 420
3225 421
3224 421
3224 422
3222 422
3222 423
3219 423
3219 424
3217 424
3217 425
3216 425
3216 427
3215 427
3215 428
3214 428
3214 429
3211 429
3211 430
3209 430
3209 431
3208 431
3208 432
3206 432
3206 433
3203 433
3203 437
3202 437
3202 442
3201 442
3201 444
3200 444
3200 445
3197 445
3197 446
3196 446
3196 447
3192 447
3192 448
3191 448
3191 449
3190 449
3190 454
3189 454
3189 458
3188 458
3188 459
3187 459
3187 460
3185 460
3185 461
3183 461
3183 462
3181 462
3181 463
3179 463
3179 464
3178 464
3178 465
3177 465
3177 466
3176 466
3176 469
3175 469
3175 470
3173 470
3173 471
3171 471
3171 472
3169 472
3169 473
3166 473
3166 474
3164 474
3164 481
3163 481
3163 482
3162 482
3162 483
3160 483
3160 484
3158 484
3158 485
3156 485
3156 486
3153 486
3153 487
3152 487
3152 488
3150 488
3150 490
3149 490
3149 491
3148 491
3148 492
3147 492
3147 493
3146 493
3146 494
3145 494
3145 495
3144 495
3144 496
3143 496
3143 497
3142 497
3142 498
3140 498
3140 499
3139 499
3139 500
3138 500
3138 501
3137 501
3137 502
3135 502
3135 503
3132 503
3132 504
3125 504
3125 503
3116 503
3116 502
3109 502
3109 501
3094 501
3094 502
3093 502
3093 506
3092 506
3092 513
3091 513
3091 514
3090 514
3090 515
3088 515
3088 514
3073 514
3073 513
3071 513
3071 512
3069 512
3069 511
3068 511
3068 510
3067 510
3067 509
3066 509
3066 508
3065 508
3065 507
3064 507
3064 506
3063 506
3063 505
3062 505
3062 504
3061 504
3061 503
3059 503
3059 502
3058 502
3058 501
3056 501
3056 500
3055 500
3055 499
3054 499
3054 498
3053 498
3053 497
3052 497
3052 494
3051 494
3051 466
3050 466
3050 465
3048 465
3048 464
3047 464
3047 463
3045 463
3045 462
3044 462
3044 461
3043 461
3043 459
3042 459
3042 457
3041 457
3041 436
3042 436
3042 433
3041 433
3041 431
3040 431
3040 430
3039 430
3039 429
3038 429
3038 427
3037 427
3037 426
3036 426
3036 425
3035 425
3035 424
3034 424
3034 423
3033 423
3033 422
3032 422
3032 421
3031 421
3031 420
3030 420
3030 419
3028 419
3028 418
3025 418
3025 417
3022 417
3022 415
3021 415
3021 413
3019 413
3019 412
3018 412
3018 411
3016 411
3016 412
3014 412
3014 413
3012 413
3012 414
3010 414
3010 415
3002 415
3002 414
2998 414
2998 415
2991 415
2991 416
2990 416
2990 417
2989 417
2989 419
2987 419
2987 420
2984 420
2984 421
2982 421
2982 422
2981 422
2981 423
2980 423
2980 424
2979 424
2979 426
2978 426
2978 432
2977 432
2977 436
2976 436
2976 437
2975 437
2975 438
2974 438
2974 439
2973 439
2973 440
2972 440
2972 441
2971 441
2971 442
2970 442
2970 443
2969 443
2969 444
2968 444
2968 445
2967 445
2967 447
2966 447
2966 453
2965 453
2965 459
2964 459
2964 462
2963 462
2963 464
2962 464
2962 465
2961 465
2961 466
2959 466
2959 467
2958 467
2958 468
2955 468
2955 469
2953 469
2953 470
2952 470
2952 472
2951 472
2951 473
2949 473
2949 474
2948 474
2948 475
2946 475
2946 476
2945 476
2945 477
2944 477
2944 478
2943 478
2943 479
2942 479
2942 480
2941 480
2941 482
2940 482
2940 483
2939 483
2939 484
2938 484
2938 485
2937 485
2937 486
2936 486
2936 487
2933 487
2933 488
2930 488
2930 489
2928 489
2928 490
2927 490
2927 491
2926 491
2926 492
2923 492
2923 493
2921 493
2921 494
2919 494
2919 495
2918 495
2918 496
2913 496
2913 495
2900 495
2900 494
2893 494
2893 495
2892 495
2892 496
2891 496
2891 503
2890 503
2890 505
2889 505
2889 507
2888 507
2888 508
2887 508
2887 509
2886 509
2886 511
2885 511
2885 512
2883 512
2883 513
2881 513
2881 514
2879 514
2879 516
2878 516
2878 518
2877 518
2877 519
2875 519
2875 520
2873 520
2873 521
2867 521
2867 520
2866 520
2866 519
2861 519
2861 518
2859 518
2859 519
2855 519
2855 520
2854 520
2854 524
2853 524
2853 535
2852 535
2852 545
2851 545
2851 551
2850 551
2850 564
2849 564
2849 570
2848 570
2848 572
2847 572
2847 573
2846 573
2846 574
2845 574
2845 575
2842 575
2842 576
2840 576
2840 575
2836 575
2836 574
2831 574
2831 573
2828 573
2828 572
2826 572
2826 573
2822 573
2822 574
2819 574
2819 576
2818 576
2818 579
2817 579
2817 584
2816 584
2816 591
2815 591
2815 601
2814 601
2814 611
2813 611
2813 625
2812 625
2812 634
2811 634
2811 639
2810 639
2810 652
2809 652
2809 658
2808 658
2808 669
2807 669
2807 675
2806 675
2806 681
2805 681
2805 684
2804 684
2804 690
2803 690
2803 700
2802 700
2802 708
2801 708
2801 720
2800 720
2800 728
2799 728
2799 743
2798 743
2798 754
2797 754
2797 761
2796 761
2796 762
2795 762
2795 763
2794 763
2794 764
2793 764
2793 765
2792 765
2792 766
2791 766
2791 767
2790 767
2790 768
2788 768
2788 769
2784 769
2784 770
2783 770
2783 771
2782 771
2782 772
2781 772
2781 779
2780 779
2780 782
2779 782
2779 785
2778 785
2778 787
2777 787
2777 788
2776 788
2776 789
2775 789
2775 790
2774 790
2774 791
2773 791
2773 792
2772 792
2772 793
2771 793
2771 794
2770 794
2770 796
2769 796
2769 797
2768 797
2768 800
2767 800
2767 804
2766 804
2766 808
2765 808
2765 811
2764 811
2764 815
2763 815
2763 818
2762 818
2762 822
2761 822
2761 824
2760 824
2760 827
2759 827
2759 832
2758 832
2758 833
2757 833
2757 834
2756 834
2756 836
2755 836
2755 837
2754 837
2754 838
2753 838
2753 839
2752 839
2752 841
2751 841
2751 842
2750 842
2750 847
2749 847
2749 860
2748 860
2748 863
2747 863
2747 869
2746 869
2746 874
2745 874
2745 878
2744 878
2744 883
2743 883
2743 884
2741 884
2741 885
2732 885
2732 886
2730 886
2730 887
2719 887
2719 886
2716 886
2716 887
2712 887
2712 888
2694 888
2694 889
2693 889
2693 891
2692 891
2692 909
2693 909
2693 912
2694 912
2694 918
2693 918
2693 919
2687 919
2687 918
2684 918
2684 917
2683 917
2683 916
2681 916
2681 915
2679 915
2679 914
2678 914
2678 913
2677 913
2677 909
2676 909
2676 906
2675 906
2675 899
2669 899
2669 900
2665 900
2665 901
2656 901
2656 900
2653 900
2653 899
2652 899
2652 898
2651 898
2651 897
2650 897
2650 895
2649 895
2649 894
2648 894
2648 893
2647 893
2647 892
2646 892
2646 891
2644 891
2644 890
2643 890
2643 889
2641 889
2641 888
2634 888
2634 887
2629 887
2629 886
2626 886
2626 887
2625 887
2625 888
2624 888
2624 889
2623 889
2623 894
2622 894
2622 899
2621 899
2621 904
2620 904
2620 908
2619 908
2619 909
2618 909
2618 910
2617 910
2617 909
2613 909
2613 910
2605 910
2605 911
2603 911
2603 912
2595 912
2595 911
2593 911
2593 910
2592 910
2592 909
2591 909
2591 907
2590 907
2590 906
2589 906
2589 905
2588 905
2588 904
2583 904
2583 905
2579 905
2579 904
2575 904
2575 903
2574 903
2574 902
2573 902
2573 901
2572 901
2572 900
2570 900
2570 899
2569 899
2569 898
2567 898
2567 897
2565 897
2565 896
2564 896
2564 895
2563 895
2563 894
2562 894
2562 893
2561 893
2561 891
2560 891
2560 890
2559 890
2559 888
2558 888
2558 887
2557 887
2557 886
2555 886
2555 885
2553 885
2553 884
2552 884
2552 883
2551 883
2551 880
2550 880
2550 873
2549 873
2549 871
2548 871
2548 865
2547 865
2547 858
2546 858
2546 848
2545 848
2545 843
2544 843
2544 841
2543 841
2543 840
2542 840
2542 839
2541 839
2541 838
2539 838
2539 837
2537 837
2537 836
2536 836
2536 835
2533 835
2533 834
2530 834
2530 833
2528 833
2528 832
2526 832
2526 831
2524 831
2524 830
2521 830
2521 829
2518 829
2518 828
2516 828
2516 827
2515 827
2515 826
2513 826
2513 825
2511 825
2511 824
2509 824
2509 823
2506 823
2506 822
2503 822
2503 821
2501 821
2501 820
2499 820
2499 819
2497 819
2497 818
2482 818
2482 819
2480 819
2480 820
2478 820
2478 821
2477 821
2477 822
2475 822
2475 823
2474 823
2474 824
2473 824
2473 825
2462 825
2462 824
2460 824
2460 827
2459 827
2459 830
2458 830
2458 832
2457 832
2457 835
2446 835
2446 834
2445 834
2445 833
2442 833
2442 832
2441 832
2441 831
2439 831
2439 830
2438 830
2438 829
2437 829
2437 828
2435 828
2435 827
2432 827
2432 826
2421 826
2421 825
2417 825
2417 824
2414 824
2414 823
2412 823
2412 822
2411 822
2411 821
2410 821
2410 820
2409 820
2409 819
2408 819
2408 818
2407 818
2407 816
2406 816
2406 815
2405 815
2405 814
2404 814
2404 813
2403 813
2403 812
2401 812
2401 811
2400 811
2400 810
2398 810
2398 809
2396 809
2396 808
2395 808
2395 807
2394 807
2394 806
2393 806
2393 804
2392 804
2392 792
2391 792
2391 779
2390 779
2390 760
2389 760
2389 751
2388 751
2388 726
2387 726
2387 714
2386 714
2386 697
2385 697
2385 692
2384 692
2384 690
2383 690
2383 687
2382 687
2382 686
2381 686
2381 684
2380 684
2380 683
2379 683
2379 682
2377 682
2377 681
2372 681
2372 682
2369 682
2369 683
2367 683
2367 684
2361 684
2361 685
2360 685
2360 686
2358 686
2358 687
2345 687
2345 688
2344 688
2344 707
2343 707
2343 713
2342 713
2342 771
2341 771
2341 773
2340 773
2340 778
2339 778
2339 784
2338 784
2338 798
2339 798
2339 818
2338 818
2338 823
2337 823
2337 827
2336 827
2336 832
2335 832
2335 833
2334 833
2334 842
2335 842
2335 844
2336 844
2336 853
2335 853
2335 855
2334 855
2334 861
2333 861
2333 863
2332 863
2332 866
2331 866
2331 870
2330 870
2330 871
2329 871
2329 872
2328 872
2328 877
2327 877
2327 878
2326 878
2326 879
2325 879
2325 880
2324 880
2324 881
2323 881
2323 882
2321 882
2321 883
2319 883
2319 884
2316 884
2316 885
2315 885
2315 886
2314 886
2314 887
2312 887
2312 888
2311 888
2311 889
2310 889
2310 890
2309 890
2309 891
2308 891
2308 892
2307 892
2307 893
2306 893
2306 895
2305 895
2305 896
2304 896
2304 898
2303 898
2303 901
2302 901
2302 902
2301 902
2301 903
2300 903
2300 904
2298 904
2298 905
2291 905
2291 904
2290 904
2290 903
2281 903
2281 902
2280 902
2280 901
2279 901
2279 900
2278 900
2278 899
2277 899
2277 898
2276 898
2276 897
2275 897
2275 896
2274 896
2274 895
2271 895
2271 894
2270 894
2270 893
2269 893
2269 892
2268 892
2268 891
2267 891
2267 890
2266 890
2266 889
2263 889
2263 888
2251 888
2251 889
2250 889
2250 888
2248 888
2248 887
2246 887
2246 886
2243 886
2243 885
2239 885
2239 884
2237 884
2237 883
2236 883
2236 882
2235 882
2235 880
2234 880
2234 876
2233 876
2233 874
2232 874
2232 871
2231 871
2231 869
2230 869
2230 847
2231 847
2231 840
2230 840
2230 827
2229 827
2229 823
2228 823
2228 822
2227 822
2227 819
2226 819
2226 818
2225 818
2225 817
2224 817
2224 816
2223 816
2223 815
2222 815
2222 814
2221 814
2221 812
2220 812
2220 810
2219 810
2219 802
2218 802
2218 801
2217 801
2217 799
2216 799
2216 798
2213 798
2213 797
2206 797
2206 796
2185 796
2185 797
2181 797
2181 798
2180 798
2180 799
2178 799
2178 800
2176 800
2176 801
2174 801
2174 802
2172 802
2172 803
2170 803
2170 804
2168 804
2168 805
2158 805
2158 804
2157 804
2157 803
2154 803
2154 802
2145 802
2145 801
2138 801
2138 800
2135 800
2135 799
2124 799
2124 800
2115 800
2115 799
2114 799
2114 798
2112 798
2112 797
2111 797
2111 796
2108 796
2108 794
2107 794
2107 793
2106 793
2106 792
2096 792
2096 793
2088 793
2088 794
2087 794
2087 793
2086 793
2086 792
2079 792
2079 800
2080 800
2080 802
2081 802
2081 806
2080 806
2080 808
2076 808
2076 807
2073 807
2073 806
2072 806
2072 805
2071 805
2071 804
2061 804
2061 803
2055 803
2055 804
2053 804
2053 805
2050 805
2050 806
2046 806
2046 805
2042 805
2042 804
2040 804
2040 803
2039 803
2039 802
2038 802
2038 801
2037 801
2037 798
2036 798
2036 797
2035 797
2035 796
2034 796
2034 795
2033 795
2033 794
2032 794
2032 791
2031 791
2031 780
2030 780
2030 776
2029 776
2029 774
2028 774
2028 772
2027 772
2027 770
2026 770
2026 769
2025 769
2025 768
2024 768
2024 766
2023 766
2023 764
2022 764
2022 760
2021 760
2021 757
2020 757
2020 756
2019 756
2019 755
2018 755
2018 754
2013 754
2013 753
2009 753
2009 754
2001 754
2001 755
1988 755
1988 754
1987 754
1987 753
1985 753
1985 752
1984 752
1984 751
1982 751
1982 750
1981 750
1981 749
1977 749
1977 748
1969 748
1969 747
1968 747
1968 746
1967 746
1967 745
1954 745
1954 746
1943 746
1943 745
1932 745
1932 744
1927 744
1927 743
1919 743
1919 755
1920 755
1920 760
1921 760
1921 763
1920 763
1920 764
1917 764
1917 765
1911 765
1911 766
1909 766
1909 767
1908 767
1908 768
1906 768
1906 769
1905 769
1905 770
1904 770
1904 771
1902 771
1902 772
1900 772
1900 773
1892 773
1892 772
1889 772
1889 771
1887 771
1887 770
1886 770
1886 769
1885 769
1885 768
1883 768
1883 767
1882 767
1882 766
1881 766
1881 765
1880 765
1880 764
1879 764
1879 763
1878 763
1878 762
1877 762
1877 760
1876 760
1876 755
1875 755
1875 752
1874 752
1874 749
1873 749
1873 747
1869 747
1869 746
1853 746
1853 747
1851 747
1851 748
1847 748
1847 749
1838 749
1838 750
1833 750
1833 751
1832 751
1832 760
1831 760
1831 774
1830 774
1830 785
1829 785
1829 796
1828 796
1828 806
1827 806
1827 819
1826 819
1826 832
1825 832
1825 842
1824 842
1824 853
1823 853
1823 859
1822 859
1822 871
1821 871
1821 876
1820 876
1820 879
1819 879
1819 880
1818 880
1818 882
1817 882
1817 884
1816 884
1816 885
1815 885
1815 889
1814 889
1814 890
1811 890
1811 889
1807 889
1807 888
1804 888
1804 887
1802 887
1802 886
1799 886
1799 885
1797 885
1797 884
1786 884
1786 883
1780 883
1780 882
1777 882
1777 881
1776 881
1776 880
1775 880
1775 879
1773 879
1773 878
1772 878
1772 877
1771 877
1771 876
1769 876
1769 875
1768 875
1768 874
1767 874
1767 873
1765 873
1765 872
1762 872
1762 871
1760 871
1760 870
1758 870
1758 869
1757 869
1757 868
1755 868
1755 867
1753 867
1753 866
1750 866
1750 865
1748 865
1748 864
1746 864
1746 863
1743 863
1743 862
1740 862
1740 861
1735 861
1735 860
1732 860
1732 859
1730 859
1730 858
1726 858
1726 857
1723 857
1723 856
1721 856
1721 855
1718 855
1718 854
1717 854
1717 853
1716 853
1716 851
1715 851
1715 850
1714 850
1714 849
1713 849
1713 837
1712 837
1712 835
1711 835
1711 834
1709 834
1709 833
1707 833
1707 832
1706 832
1706 830
1705 830
1705 829
1704 829
1704 827
1703 827
1703 825
1702 825
1702 821
1701 821
1701 793
1698 793
1698 792
1691 792
1691 791
1688 791
1688 790
1686 790
1686 789
1682 789
1682 788
1681 788
1681 787
1677 787
1677 786
1676 786
1676 785
1674 785
1674 784
1673 784
1673 783
1671 783
1671 782
1668 782
1668 781
1666 781
1666 780
1664 780
1664 779
1663 779
1663 778
1658 778
1658 777
1656 777
1656 776
1651 776
1651 775
1638 775
1638 774
1628 774
1628 773
1616 773
1616 772
1593 772
1593 773
1578 773
1578 774
1565 774
1565 775
1562 775
1562 776
1559 776
1559 777
1553 777
1553 776
1552 776
1552 777
1542 777
1542 776
1536 776
1536 775
1533 775
1533 774
1529 774
1529 773
1525 773
1525 774
1501 774
1501 773
1500 773
1500 772
1499 772
1499 771
1498 771
1498 770
1497 770
1497 769
1496 769
1496 768
1495 768
1495 767
1494 767
1494 765
1493 765
1493 762
1492 762
1492 761
1491 761
1491 759
1490 759
1490 758
1489 758
1489 757
1488 757
1488 756
1487 756
1487 755
1486 755
1486 754
1485 754
1485 753
1482 753
1482 754
1473 754
1473 755
1470 755
1470 756
1465 756
1465 757
1461 757
1461 761
1460 761
1460 762
1459 762
1459 765
1458 765
1458 777
1457 777
1457 779
1456 779
1456 780
1455 780
1455 781
1454 781
1454 782
1445 782
1445 781
1440 781
1440 780
1437 780
1437 778
1435 778
1435 777
1434 777
1434 776
1433 776
1433 775
1432 775
1432 764
1433 764
1433 757
1432 757
1432 756
1429 756
1429 755
1427 755
1427 754
1426 754
1426 753
1425 753
1425 752
1424 752
1424 751
1423 751
1423 750
1422 750
1422 725
1421 725
1421 723
1420 723
1420 722
1419 722
1419 721
1418 721
1418 720
1416 720
1416 719
1415 719
1415 718
1414 718
1414 717
1413 717
1413 716
1412 716
1412 715
1411 715
1411 714
1410 714
1410 710
1409 710
1409 706
1408 706
1408 704
1407 704
1407 703
1406 703
1406 702
1405 702
1405 701
1404 701
1404 700
1403 700
1403 699
1402 699
1402 698
1401 698
1401 697
1400 697
1400 696
1399 696
1399 695
1397 695
1397 694
1392 694
1392 693
1390 693
1390 698
1389 698
1389 733
1390 733
1390 739
1389 739
1389 748
1388 748
1388 749
1387 749
1387 750
1385 750
1385 751
1370 751
1370 750
1368 750
1368 749
1367 749
1367 748
1366 748
1366 747
1365 747
1365 745
1364 745
1364 744
1363 744
1363 743
1362 743
1362 725
1363 725
1363 703
1362 703
1362 701
1361 701
1361 700
1356 700
1356 701
1352 701
1352 702
1351 702
1351 703
1347 703
1347 704
1346 704
1346 705
1345 705
1345 706
1343 706
1343 707
1326 707
1326 708
1325 708
1325 709
1324 709
1324 710
1323 710
1323 711
1322 711
1322 712
1321 712
1321 713
1319 713
1319 714
1317 714
1317 715
1316 715
1316 716
1305 716
1305 715
1299 715
1299 714
1297 714
1297 713
1296 713
1296 712
1295 712
1295 711
1294 711
1294 710
1293 710
1293 709
1292 709
1292 708
1291 708
1291 707
1289 707
1289 706
1288 706
1288 705
1287 705
1287 704
1285 704
1285 703
1284 703
1284 702
1279 702
1279 701
1277 701
1277 700
1275 700
1275 699
1273 699
1273 700
1270 700
1270 701
1268 701
1268 702
1267 702
1267 703
1260 703
1260 702
1254 702
1254 701
1252 701
1252 700
1249 700
1249 699
1248 699
1248 698
1247 698
1247 697
1246 697
1246 696
1245 696
1245 695
1243 695
1243 694
1240 694
1240 695
1236 695
1236 696
1232 696
1232 697
1231 697
1231 698
1229 698
1229 699
1228 699
1228 700
1227 700
1227 701
1226 701
1226 702
1217 702
1217 703
1215 703
1215 704
1212 704
1212 705
1206 705
1206 716
1205 716
1205 717
1204 717
1204 718
1203 718
1203 719
1201 719
1201 720
1199 720
1199 721
1196 721
1196 722
1195 722
1195 723
1194 723
1194 724
1193 724
1193 725
1192 725
1192 726
1191 726
1191 728
1190 728
1190 729
1189 729
1189 730
1188 730
1188 731
1187 731
1187 732
1186 732
1186 733
1180 733
1180 734
1178 734
1178 735
1176 735
1176 736
1175 736
1175 737
1168 737
1168 736
1165 736
1165 737
1163 737
1163 738
1162 738
1162 739
1161 739
1161 740
1160 740
1160 741
1159 741
1159 742
1157 742
1157 744
1156 744
1156 745
1155 745
1155 746
1154 746
1154 747
1153 747
1153 748
1137 748
1137 749
1136 749
1136 750
1135 750
1135 751
1134 751
1134 752
1133 752
1133 753
1132 753
1132 754
1131 754
1131 755
1130 755
1130 756
1129 756
1129 758
1128 758
1128 759
1125 759
1125 758
1119 758
1119 759
1117 759
1117 758
1115 758
1115 757
1113 757
1113 756
1112 756
1112 755
1101 755
1101 754
1098 754
1098 753
1096 753
1096 752
1095 752
1095 751
1094 751
1094 750
1093 750
1093 749
1092 749
1092 748
1091 748
1091 746
1090 746
1090 745
1089 745
1089 743
1088 743
1088 741
1087 741
1087 739
1086 739
1086 734
1085 734
1085 733
1084 733
1084 732
1082 732
1082 731
1080 731
1080 730
1077 730
1077 729
1076 729
1076 728
1075 728
1075 727
1072 727
1072 726
1071 726
1071 725
1069 725
1069 724
1068 724
1068 723
1067 723
1067 722
1066 722
1066 720
1065 720
1065 718
1064 718
1064 716
1063 716
1063 714
1062 714
1062 712
1061 712
1061 711
1060 711
1060 709
1059 709
1059 708
1056 708
1056 707
1053 707
1053 706
1052 706
1052 705
1051 705
1051 704
1050 704
1050 702
1049 702
1049 701
1048 701
1048 700
1047 700
1047 698
1046 698
1046 697
1045 697
1045 692
1044 692
1044 675
1043 675
1043 676
1040 676
1040 677
1039 677
1039 678
1038 678
1038 679
1037 679
1037 680
1036 680
1036 681
1035 681
1035 682
1034 682
1034 684
1033 684
1033 686
1032 686
1032 687
1031 687
1031 689
1030 689
1030 690
1028 690
1028 691
1017 691
1017 690
1014 690
1014 689
1010 689
1010 690
1009 690
1009 691
1008 691
1008 692
1007 692
1007 693
1006 693
1006 694
1004 694
1004 695
1003 695
1003 694
980 694
980 695
972 695
972 694
969 694
969 693
967 693
967 692
966 692
966 691
965 691
965 690
962 690
962 689
959 689
959 690
957 690
957 691
950 691
950 692
948 692
948 693
946 693
946 694
940 694
940 693
934 693
934 692
933 692
933 691
930 691
930 690
927 690
927 689
926 689
926 690
916 690
916 691
898 691
898 690
896 690
896 689
894 689
894 688
892 688
892 687
890 687
890 686
887 686
887 685
884 685
884 684
883 684
883 683
881 683
881 682
880 682
880 681
879 681
879 680
878 680
878 679
875 679
875 678
872 678
872 677
863 677
863 676
856 676
856 677
851 677
851 678
839 678
839 677
832 677
832 678
831 678
831 679
829 679
829 680
827 680
827 681
819 681
819 682
811 682
811 681
810 681
810 680
809 680
809 679
808 679
808 678
807 678
807 677
806 677
806 676
805 676
805 675
795 675
795 674
792 674
792 673
789 673
789 672
787 672
787 671
786 671
786 670
785 670
785 669
784 669
784 668
783 668
783 667
782 667
782 666
781 666
781 665
779 665
779 664
773 664
773 663
770 663
770 662
766 662
766 661
764 661
764 660
761 660
761 659
759 659
759 658
755 658
755 657
748 657
748 656
745 656
745 655
743 655
743 654
741 654
741 653
740 653
740 652
737 652
737 651
736 651
736 650
733 650
733 649
731 649
731 648
728 648
728 647
727 647
727 646
726 646
726 645
724 645
724 644
723 644
723 643
722 643
722 642
721 642
721 641
720 641
720 640
719 640
719 639
718 639
718 638
717 638
717 637
716 637
716 636
715 636
715 635
714 635
714 633
713 633
713 631
712 631
712 628
711 628
711 623
710 623
710 616
711 616
711 609
710 609
710 603
711 603
711 588
710 588
710 583
709 583
709 577
710 577
710 575
709 575
709 565
708 565
708 564
706 564
706 563
701 563
701 562
697 562
697 561
696 561
696 560
693 560
693 559
692 559
692 558
691 558
691 557
689 557
689 556
688 556
688 555
687 555
687 553
686 553
686 550
685 550
685 544
684 544
684 543
681 543
681 555
682 555
682 567
681 567
681 570
680 570
680 572
679 572
679 579
678 579
678 580
672 580
672 581
671 581
671 586
670 586
670 588
669 588
669 589
666 589
666 590
659 590
659 592
658 592
658 594
657 594
657 595
656 595
656 596
655 596
655 597
654 597
654 598
653 598
653 599
651 599
651 600
637 600
637 599
635 599
635 600
634 600
634 601
633 601
633 603
632 603
632 606
631 606
631 607
630 607
630 608
629 608
629 609
626 609
626 610
617 610
617 611
612 611
612 612
604 612
604 611
594 611
594 610
581 610
581 611
578 611
578 612
572 612
572 613
545 613
545 614
543 614
543 615
541 615
541 616
539 616
539 617
534 617
534 618
531 618
531 619
528 619
528 620
525 620
525 621
524 621
524 622
523 622
523 623
522 623
522 625
514 625
514 626
513 626
513 627
512 627
512 628
510 628
510 629
509 629
509 628
507 628
507 627
504 627
504 626
503 626
503 625
502 625
502 624
501 624
501 622
490 622
490 621
487 621
487 619
486 619
486 618
485 618
485 617
484 617
484 616
483 616
483 615
480 615
480 614
471 614
471 613
467 613
467 612
471 612
471 613
480 613
480 614
483 614
483 615
484 615
484 616
485 616
485 617
486 617
486 618
487 618
487 619
488 619
488 620
490 620
490 621
502 621
502 624
503 624
503 625
504 625
504 626
507 626
507 627
509 627
509 628
510 628
510 627
512 627
512 626
513 626
513 624
521 624
521 622
523 622
523 621
524 621
524 620
525 620
525 619
528 619
528 618
531 618
531 617
534 617
534 616
539 616
539 615
541 615
541 614
543 614
543 613
545 613
545 612
572 612
572 611
578 611
578 610
581 610
581 609
594 609
594 610
604 610
604 611
612 611
612 610
617 610
617 609
626 609
626 608
629 608
629 607
630 607
630 606
631 606
631 603
632 603
632 601
633 601
633 600
634 600
634 599
635 599
635 598
637 598
637 599
651 599
651 598
653 598
653 597
654 597
654 596
655 596
655 595
656 595
656 594
657 594
657 592
658 592
658 589
666 589
666 588
669 588
669 586
670 586
670 580
672 580
672 579
678 579
678 572
679 572
679 570
680 570
680 567
681 567
681 555
680 555
680 543
681 543
681 542
684 542
684 543
685 543
685 544
686 544
686 550
687 550
687 553
688 553
688 555
689 555
689 556
691 556
691 557
692 557
692 558
693 558
693 559
696 559
696 560
697 560
697 561
701 561
701 562
706 562
706 563
708 563
708 564
709 564
709 565
710 565
710 575
711 575
711 577
710 577
710 583
711 583
711 588
712 588
712 603
711 603
711 609
712 609
712 616
711 616
711 623
712 623
712 628
713 628
713 631
714 631
714 633
715 633
715 635
716 635
716 636
717 636
717 637
718 637
718 638
719 638
719 639
720 639
720 640
721 640
721 641
722 641
722 642
723 642
723 643
724 643
724 644
726 644
726 645
727 645
727 646
728 646
728 647
731 647
731 648
733 648
733 649
736 649
736 650
737 650
737 651
740 651
740 652
741 652
741 653
743 653
743 654
745 654
745 655
748 655
748 656
755 656
755 657
759 657
759 658
761 658
761 659
764 659
764 660
766 660
766 661
770 661
770 662
773 662
773 663
779 663
779 664
781 664
781 665
782 665
782 666
783 666
783 667
784 667
784 668
785 668
785 669
786 669
786 670
787 670
787 671
789 671
789 672
792 672
792 673
795 673
795 674
805 674
805 675
806 675
806 676
807 676
807 677
808 677
808 678
809 678
809 679
810 679
810 680
811 680
811 681
819 681
819 680
827 680
827 679
829 679
829 678
831 678
831 677
832 677
832 676
839 676
839 677
851 677
851 676
856 676
856 675
863 675
863 676
872 676
872 677
875 677
875 678
878 678
878 679
879 679
879 680
880 680
880 681
881 681
881 682
883 682
883 683
884 683
884 684
887 684
887 685
890 685
890 686
892 686
892 687
894 687
894 688
896 688
896 689
898 689
898 690
916 690
916 689
926 689
926 688
927 688
927 689
930 689
930 690
933 690
933 691
934 691
934 692
940 692
940 693
946 693
946 692
948 692
948 691
950 691
950 690
957 690
957 689
959 689
959 688
962 688
962 689
965 689
965 690
966 690
966 691
967 691
967 692
969 692
969 693
972 693
972 694
980 694
980 693
1003 693
1003 694
1004 694
1004 693
1006 693
1006 692
1007 692
1007 691
1008 691
1008 690
1009 690
1009 689
1010 689
1010 688
1014 688
1014 689
1017 689
1017 690
1028 690
1028 689
1030 689
1030 687
1031 687
1031 686
1032 686
1032 684
1033 684
1033 682
1034 682
1034 681
1035 681
1035 680
1036 680
1036 679
1037 679
1037 678
1038 678
1038 677
1039 677
1039 676
1040 676
1040 675
1043 675
1043 674
1045 674
1045 692
1046 692
1046 697
1047 697
1047 698
1048 698
1048 700
1049 700
1049 701
1050 701
1050 702
1051 702
1051 704
1052 704
1052 705
1053 705
1053 706
1056 706
1056 707
1059 707
1059 708
1060 708
1060 709
1061 709
1061 711
1062 711
1062 712
1063 712
1063 714
1064 714
1064 716
1065 716
1065 718
1066 718
1066 720
1067 720
1067 722
1068 722
1068 723
1069 723
1069 724
1071 724
1071 725
1072 725
1072 726
1075 726
1075 727
1076 727
1076 728
1077 728
1077 729
1080 729
1080 730
1082 730
1082 731
1084 731
1084 732
1085 732
1085 733
1086 733
1086 734
1087 734
1087 739
1088 739
1088 741
1089 741
1089 743
1090 743
1090 745
1091 745
1091 746
1092 746
1092 748
1093 748
1093 749
1094 749
1094 750
1095 750
1095 751
1096 751
1096 752
1098 752
1098 753
1101 753
1101 754
1112 754
1112 755
1113 755
1113 756
1115 756
1115 757
1117 757
1117 758
1119 758
1119 757
1125 757
1125 758
1128 758
1128 756
1129 756
1129 755
1130 755
1130 754
1131 754
1131 753
1132 753
1132 752
1133 752
1133 751
1134 751
1134 750
1135 750
1135 749
1136 749
1136 748
1137 748
1137 747
1153 747
1153 746
1154 746
1154 745
1155 745
1155 744
1156 744
1156 742
1157 742
1157 741
1159 741
1159 740
1160 740
1160 739
1161 739
1161 738
1162 738
1162 737
1163 737
1163 736
1165 736
1165 735
1168 735
1168 736
1175 736
1175 735
1176 735
1176 734
1178 734
1178 733
1180 733
1180 732
1186 732
1186 731
1187 731
1187 730
1188 730
1188 729
1189 729
1189 728
1190 728
1190 726
1191 726
1191 725
1192 725
1192 724
1193 724
1193 723
1194 723
1194 722
1195 722
1195 721
1196 721
1196 720
1199 720
1199 719
1201 719
1201 718
1203 718
1203 717
1204 717
1204 716
1205 716
1205 704
1212 704
1212 703
1215 703
1215 702
1217 702
1217 701
1226 701
1226 700
1227 700
1227 699
1228 699
1228 698
1229 698
1229 697
1231 697
1231 696
1232 696
1232 695
1236 695
1236 694
1240 694
1240 693
1243 693
1243 694
1245 694
1245 695
1246 695
1246 696
1247 696
1247 697
1248 697
1248 698
1249 698
1249 699
1252 699
1252 700
1254 700
1254 701
1260 701
1260 702
1267 702
1267 701
1268 701
1268 700
1270 700
1270 699
1273 699
1273 698
1275 698
1275 699
1277 699
1277 700
1279 700
1279 701
1284 701
1284 702
1285 702
1285 703
1287 703
1287 704
1288 704
1288 705
1289 705
1289 706
1291 706
1291 707
1292 707
1292 708
1293 708
1293 709
1294 709
1294 710
1295 710
1295 711
1296 711
1296 712
1297 712
1297 713
1299 713
1299 714
1305 714
1305 715
1316 715
1316 714
1317 714
1317 713
1319 713
1319 712
1321 712
1321 711
1322 711
1322 710
1323 710
1323 709
1324 709
1324 708
1325 708
1325 707
1326 707
1326 706
1343 706
1343 705
1345 705
1345 704
1346 704
1346 703
1347 703
1347 702
1351 702
1351 701
1352 701
1352 700
1356 700
1356 699
1361 699
1361 700
1362 700
1362 701
1363 701
1363 703
1364 703
1364 725
1363 725
1363 743
1364 743
1364 744
1365 744
1365 745
1366 745
1366 747
1367 747
1367 748
1368 748
1368 749
1370 749
1370 750
1385 750
1385 749
1387 749
1387 748
1388 748
1388 739
1389 739
1389 733
1388 733
1388 698
1389 698
1389 693
1390 693
1390 692
1392 692
1392 693
1397 693
1397 694
1399 694
1399 695
1400 695
1400 696
1401 696
1401 697
1402 697
1402 698
1403 698
1403 699
1404 699
1404 700
1405 700
1405 701
1406 701
1406 702
1407 702
1407 703
1408 703
1408 704
1409 704
1409 706
1410 706
1410 710
1411 710
1411 714
1412 714
1412 715
1413 715
1413 716
1414 716
1414 717
1415 717
1415 718
1416 718
1416 719
1418 719
1418 720
1419 720
1419 721
1420 721
1420 722
1421 722
1421 723
1422 723
1422 725
1423 725
1423 750
1424 750
1424 751
1425 751
1425 752
1426 752
1426 753
1427 753
1427 754
1429 754
1429 755
1432 755
1432 756
1433 756
1433 757
1434 757
1434 764
1433 764
1433 775
1434 775
1434 776
1435 776
1435 777
1437 777
1437 778
1438 778
1438 779
1440 779
1440 780
1445 780
1445 781
1454 781
1454 780
1455 780
1455 779
1456 779
1456 777
1457 777
1457 765
1458 765
1458 762
1459 762
1459 761
1460 761
1460 757
1461 757
1461 756
1465 756
1465 755
1470 755
1470 754
1473 754
1473 753
1482 753
1482 752
1485 752
1485 753
1486 753
1486 754
1487 754
1487 755
1488 755
1488 756
1489 756
1489 757
1490 757
1490 758
1491 758
1491 759
1492 759
1492 761
1493 761
1493 762
1494 762
1494 765
1495 765
1495 767
1496 767
1496 768
1497 768
1497 769
1498 769
1498 770
1499 770
1499 771
1500 771
1500 772
1501 772
1501 773
1525 773
1525 772
1529 772
1529 773
1533 773
1533 774
1536 774
1536 775
1542 775
1542 776
1552 776
1552 775
1553 775
1553 776
1559 776
1559 775
1562 775
1562 774
1565 774
1565 773
1578 773
1578 772
1593 772
1593 771
1616 771
1616 772
1628 772
1628 773
1638 773
1638 774
1651 774
1651 775
1656 775
1656 776
1658 776
1658 777
1663 777
1663 778
1664 778
1664 779
1666 779
1666 780
1668 780
1668 781
1671 781
1671 782
1673 782
1673 783
1674 783
1674 784
1676 784
1676 785
1677 785
1677 786
1681 786
1681 787
1682 787
1682 788
1686 788
1686 789
1688 789
1688 790
1691 790
1691 791
1698 791
1698 792
1701 792
1701 793
1702 793
1702 821
1703 821
1703 825
1704 825
1704 827
1705 827
1705 829
1706 829
1706 830
1707 830
1707 832
1709 832
1709 833
1711 833
1711 834
1712 834
1712 835
1713 835
1713 837
1714 837
1714 849
1715 849
1715 850
1716 850
1716 851
1717 851
1717 853
1718 853
1718 854
1721 854
1721 855
1723 855
1723 856
1726 856
1726 857
1730 857
1730 858
1732 858
1732 859
1735 859
1735 860
1740 860
1740 861
1743 861
1743 862
1746 862
1746 863
1748 863
1748 864
1750 864
1750 865
1753 865
1753 866
1755 866
1755 867
1757 867
1757 868
1758 868
1758 869
1760 869
1760 870
1762 870
1762 871
1765 871
1765 872
1767 872
1767 873
1768 873
1768 874
1769 874
1769 875
1771 875
1771 876
1772 876
1772 877
1773 877
1773 878
1775 878
1775 879
1776 879
1776 880
1777 880
1777 881
1780 881
1780 882
1786 882
1786 883
1797 883
1797 884
1799 884
1799 885
1802 885
1802 886
1804 886
1804 887
1807 887
1807 888
1811 888
1811 889
1814 889
1814 885
1815 885
1815 884
1816 884
1816 882
1817 882
1817 880
1818 880
1818 879
1819 879
1819 876
1820 876
1820 871
1821 871
1821 859
1822 859
1822 853
1823 853
1823 842
1824 842
1824 832
1825 832
1825 819
1826 819
1826 806
1827 806
1827 796
1828 796
1828 785
1829 785
1829 774
1830 774
1830 760
1831 760
1831 751
1832 751
1832 749
1838 749
1838 748
1847 748
1847 747
1851 747
1851 746
1853 746
1853 745
1869 745
1869 746
1873 746
1873 747
1874 747
1874 749
1875 749
1875 752
1876 752
1876 755
1877 755
1877 760
1878 760
1878 762
1879 762
1879 763
1880 763
1880 764
1881 764
1881 765
1882 765
1882 766
1883 766
1883 767
1885 767
1885 768
1886 768
1886 769
1887 769
1887 770
1889 770
1889 771
1892 771
1892 772
1900 772
1900 771
1902 771
1902 770
1904 770
1904 769
1905 769
1905 768
1906 768
1906 767
1908 767
1908 766
1909 766
1909 765
1911 765
1911 764
1917 764
1917 763
1920 763
1920 760
1919 760
1919 755
1918 755
1918 743
1919 743
1919 742
1927 742
1927 743
1932 743
1932 744
1943 744
1943 745
1954 745
1954 744
1967 744
1967 745
1968 745
1968 746
1969 746
1969 747
1977 747
1977 748
1981 748
1981 749
1982 749
1982 750
1984 750
1984 751
1985 751
1985 752
1987 752
1987 753
1988 753
1988 754
2001 754
2001 753
2009 753
2009 752
2013 752
2013 753
2018 753
2018 754
2019 754
2019 755
2020 755
2020 756
2021 756
2021 757
2022 757
2022 760
2023 760
2023 764
2024 764
2024 766
2025 766
2025 768
2026 768
2026 769
2027 769
2027 770
2028 770
2028 772
2029 772
2029 774
2030 774
2030 776
2031 776
2031 780
2032 780
2032 791
2033 791
2033 794
2034 794
2034 795
2035 795
2035 796
2036 796
2036 797
2037 797
2037 798
2038 798
2038 801
2039 801
2039 802
2040 802
2040 803
2042 803
2042 804
2046 804
2046 805
2050 805
2050 804
2053 804
2053 803
2055 803
2055 802
2061 802
2061 803
2071 803
2071 804
2072 804
2072 805
2073 805
2073 806
2076 806
2076 807
2079 807
2079 806
2080 806
2080 802
2079 802
2079 800
2078 800
2078 792
2079 792
2079 791
2086 791
2086 792
2087 792
2087 793
2088 793
2088 792
2096 792
2096 791
2106 791
2106 792
2107 792
2107 793
2108 793
2108 794
2109 794
2109 795
2111 795
2111 796
2112 796
2112 797
2114 797
2114 798
2115 798
2115 799
2124 799
2124 798
2135 798
2135 799
2138 799
2138 800
2145 800
2145 801
2154 801
2154 802
2157 802
2157 803
2158 803
2158 804
2168 804
2168 803
2170 803
2170 802
2172 802
2172 801
2174 801
2174 800
2176 800
2176 799
2178 799
2178 798
2180 798
2180 797
2181 797
2181 796
2185 796
2185 795
2206 795
2206 796
2213 796
2213 797
2216 797
2216 798
2217 798
2217 799
2218 799
2218 801
2219 801
2219 802
2220 802
2220 810
2221 810
2221 812
2222 812
2222 814
2223 814
2223 815
2224 815
2224 816
2225 816
2225 817
2226 817
2226 818
2227 818
2227 819
2228 819
2228 822
2229 822
2229 823
2230 823
2230 827
2231 827
2231 840
2232 840
2232 847
2231 847
2231 869
2232 869
2232 871
2233 871
2233 874
2234 874
2234 876
2235 876
2235 880
2236 880
2236 882
2237 882
2237 883
2239 883
2239 884
2243 884
2243 885
2246 885
2246 886
2248 886
2248 887
2250 887
2250 888
2251 888
2251 887
2263 887
2263 888
2266 888
2266 889
2267 889
2267 890
2268 890
2268 891
2269 891
2269 892
2270 892
2270 893
2271 893
2271 894
2274 894
2274 895
2275 895
2275 896
2276 896
2276 897
2277 897
2277 898
2278 898
2278 899
2279 899
2279 900
2280 900
2280 901
2281 901
2281 902
2290 902
2290 903
2291 903
2291 904
2298 904
2298 903
2300 903
2300 902
2301 902
2301 901
2302 901
2302 898
2303 898
2303 896
2304 896
2304 895
2305 895
2305 893
2306 893
2306 892
2307 892
2307 891
2308 891
2308 890
2309 890
2309 889
2310 889
2310 888
2311 888
2311 887
2312 887
2312 886
2314 886
2314 885
2315 885
2315 884
2316 884
2316 883
2319 883
2319 882
2321 882
2321 881
2323 881
2323 880
2324 880
2324 879
2325 879
2325 878
2326 878
2326 877
2327 877
2327 871
2329 871
2329 870
2330 870
2330 866
2331 866
2331 863
2332 863
2332 861
2333 861
2333 855
2334 855
2334 853
2335 853
2335 844
2334 844
2334 842
2333 842
2333 833
2334 833
2334 832
2335 832
2335 827
2336 827
2336 823
2337 823
2337 818
2338 818
2338 798
2337 798
2337 784
2338 784
2338 778
2339 778
2339 773
2340 773
2340 771
2341 771
2341 713
2342 713
2342 707
2343 707
2343 688
2344 688
2344 687
2345 687
2345 686
2358 686
2358 685
2360 685
2360 684
2361 684
2361 683
2367 683
2367 682
2369 682
2369 681
2372 681
2372 680
2377 680
2377 681
2379 681
2379 682
2380 682
2380 683
2381 683
2381 684
2382 684
2382 686
2383 686
2383 687
2384 687
2384 690
2385 690
2385 692
2386 692
2386 697
2387 697
2387 714
2388 714
2388 726
2389 726
2389 751
2390 751
2390 760
2391 760
2391 779
2392 779
2392 792
2393 792
2393 804
2394 804
2394 806
2395 806
2395 807
2396 807
2396 808
2398 808
2398 809
2400 809
2400 810
2401 810
2401 811
2403 811
2403 812
2404 812
2404 813
2405 813
2405 814
2406 814
2406 815
2407 815
2407 816
2408 816
2408 818
2409 818
2409 819
2410 819
2410 820
2411 820
2411 821
2412 821
2412 822
2414 822
2414 823
2417 823
2417 824
2421 824
2421 825
2432 825
2432 826
2435 826
2435 827
2437 827
2437 828
2438 828
2438 829
2439 829
2439 830
2441 830
2441 831
2442 831
2442 832
2445 832
2445 833
2446 833
2446 834
2456 834
2456 832
2457 832
2457 830
2458 830
2458 827
2459 827
2459 824
2460 824
2460 823
2462 823
2462 824
2473 824
2473 823
2474 823
2474 822
2475 822
2475 821
2477 821
2477 820
2478 820
2478 819
2480 819
2480 818
2482 818
2482 817
2497 817
2497 818
2499 818
2499 819
2501 819
2501 820
2503 820
2503 821
2506 821
2506 822
2509 822
2509 823
2511 823
2511 824
2513 824
2513 825
2515 825
2515 826
2516 826
2516 827
2518 827
2518 828
2521 828
2521 829
2524 829
2524 830
2526 830
2526 831
2528 831
2528 832
2530 832
2530 833
2533 833
2533 834
2536 834
2536 835
2537 835
2537 836
2539 836
2539 837
2541 837
2541 838
2542 838
2542 839
2543 839
2543 840
2544 840
2544 841
2545 841
2545 843
2546 843
2546 848
2547 848
2547 858
2548 858
2548 865
2549 865
2549 871
2550 871
2550 873
2551 873
2551 880
2552 880
2552 883
2553 883
2553 884
2555 884
2555 885
2557 885
2557 886
2558 886
2558 887
2559 887
2559 888
2560 888
2560 890
2561 890
2561 891
2562 891
2562 893
2563 893
2563 894
2564 894
2564 895
2565 895
2565 896
2567 896
2567 897
2569 897
2569 898
2570 898
2570 899
2572 899
2572 900
2573 900
2573 901
2574 901
2574 902
2575 902
2575 903
2579 903
2579 904
2583 904
2583 903
2588 903
2588 904
2589 904
2589 905
2590 905
2590 906
2591 906
2591 907
2592 907
2592 909
2593 909
2593 910
2595 910
2595 911
2603 911
2603 910
2605 910
2605 909
2613 909
2613 908
2617 908
2617 909
2618 909
2618 908
2619 908
2619 904
2620 904
2620 899
2621 899
2621 894
2622 894
2622 889
2623 889
2623 888
2624 888
2624 887
2625 887
2625 886
2626 886
2626 885
2629 885
2629 886
2634 886
2634 887
2641 887
2641 888
2643 888
2643 889
2644 889
2644 890
2646 890
2646 891
2647 891
2647 892
2648 892
2648 893
2649 893
2649 894
2650 894
2650 895
2651 895
2651 897
2652 897
2652 898
2653 898
2653 899
2656 899
2656 900
2665 900
2665 899
2669 899
2669 898
2676 898
2676 906
2677 906
2677 909
2678 909
2678 913
2679 913
2679 914
2681 914
2681 915
2683 915
2683 916
2684 916
2684 917
2687 917
2687 918
2693 918
2693 912
2692 912
2692 909
2691 909
2691 891
2692 891
2692 889
2693 889
2693 888
2694 888
2694 887
2712 887
2712 886
2716 886
2716 885
2719 885
2719 886
2730 886
2730 885
2732 885
2732 884
2741 884
2741 883
2743 883
2743 878
2744 878
2744 874
2745 874
2745 869
2746 869
2746 863
2747 863
2747 860
2748 860
2748 847
2749 847
2749 842
2750 842
2750 841
2751 841
2751 839
2752 839
2752 838
2753 838
2753 837
2754 837
2754 836
2755 836
2755 834
2756 834
2756 833
2757 833
2757 832
2758 832
2758 827
2759 827
2759 824
2760 824
2760 822
2761 822
2761 818
2762 818
2762 815
2763 815
2763 811
2764 811
2764 808
2765 808
2765 804
2766 804
2766 800
2767 800
2767 797
2768 797
2768 796
2769 796
2769 794
2770 794
2770 793
2771 793
2771 792
2772 792
2772 791
2773 791
2773 790
2774 790
2774 789
2775 789
2775 788
2776 788
2776 787
2777 787
2777 785
2778 785
2778 782
2779 782
2779 779
2780 779
2780 772
2781 772
2781 771
2782 771
2782 770
2783 770
2783 769
2784 769
2784 768
2788 768
2788 767
2790 767
2790 766
2791 766
2791 765
2792 765
2792 764
2793 764
2793 763
2794 763
2794 762
2795 762
2795 761
2796 761
2796 754
2797 754
2797 743
2798 743
2798 728
2799 728
2799 720
2800 720
2800 708
2801 708
2801 700
2802 700
2802 690
2803 690
2803 684
2804 684
2804 681
2805 681
2805 675
2806 675
2806 669
2807 669
2807 658
2808 658
2808 652
2809 652
2809 639
2810 639
2810 634
2811 634
2811 625
2812 625
2812 611
2813 611
2813 601
2814 601
2814 591
2815 591
2815 584
2816 584
2816 579
2817 579
2817 576
2818 576
2818 574
2819 574
2819 573
2822 573
2822 572
2826 572
2826 571
2828 571
2828 572
2831 572
2831 573
2836 573
2836 574
2840 574
2840 575
2842 575
2842 574
2845 574
2845 573
2846 573
2846 572
2847 572
2847 570
2848 570
2848 564
2849 564
2849 551
2850 551
2850 545
2851 545
2851 535
2852 535
2852 524
2853 524
2853 520
2854 520
2854 519
2855 519
2855 518
2859 518
2859 517
2861 517
2861 518
2866 518
2866 519
2867 519
2867 520
2873 520
2873 519
2875 519
2875 518
2877 518
2877 516
2878 516
2878 514
2879 514
2879 513
2881 513
2881 512
2883 512
2883 511
2885 511
2885 509
2886 509
2886 508
2887 508
2887 507
2888 507
2888 505
2889 505
2889 503
2890 503
2890 496
2891 496
2891 494
2893 494
2893 493
2900 493
2900 494
2913 494
2913 495
2918 495
2918 494
2919 494
2919 493
2921 493
2921 492
2923 492
2923 491
2926 491
2926 490
2927 490
2927 489
2928 489
2928 488
2930 488
2930 487
2933 487
2933 486
2936 486
2936 485
2937 485
2937 484
2938 484
2938 483
2939 483
2939 482
2940 482
2940 480
2941 480
2941 479
2942 479
2942 478
2943 478
2943 477
2944 477
2944 476
2945 476
2945 475
2946 475
2946 474
2948 474
2948 473
2949 473
2949 472
2951 472
2951 470
2952 470
2952 469
2953 469
2953 468
2955 468
2955 467
2958 467
2958 466
2959 466
2959 465
2961 465
2961 464
2962 464
2962 462
2963 462
2963 459
2964 459
2964 453
2965 453
2965 447
2966 447
2966 445
2967 445
2967 444
2968 444
2968 443
2969 443
2969 442
2970 442
2970 441
2971 441
2971 440
2972 440
2972 439
2973 439
2973 438
2974 438
2974 437
2975 437
2975 436
2976 436
2976 432
2977 432
2977 426
2978 426
2978 424
2979 424
2979 423
2980 423
2980 422
2981 422
2981 421
2982 421
2982 420
2984 420
2984 419
2987 419
2987 418
2988 418
2988 417
2989 417
2989 416
2990 416
2990 414
2998 414
2998 413
3002 413
3002 414
3010 414
3010 413
3012 413
3012 412
3014 412
3014 411
3016 411
3016 410
3018 410
3018 411
3019 411
3019 412
3021 412
3021 413
3022 413
3022 415
3023 415
3023 416
3025 416
3025 417
3028 417
3028 418
3030 418
3030 419
3031 419
3031 420
3032 420
3032 421
3033 421
3033 422
3034 422
3034 423
3035 423
