2758 774
2757 774
2757 775
2756 775
2756 776
2755 776
2755 777
2753 777
2753 778
2752 778
2752 779
2750 779
2750 780
2749 780
2749 781
2744 781
2744 782
2742 782
2742 783
2737 783
2737 784
2736 784
2736 783
2726 783
2726 782
2721 782
2721 789
2722 789
2722 793
2723 793
2723 797
2724 797
2724 800
2723 800
2723 801
2722 801
2722 802
2718 802
2718 803
2717 803
2717 804
2712 804
2712 805
2710 805
2710 806
2699 806
2699 807
2684 807
2684 808
2679 808
2679 809
2678 809
2678 810
2677 810
2677 811
2667 811
2667 810
2666 810
2666 809
2664 809
2664 808
2650 808
2650 809
2626 809
2626 810
2610 810
2610 809
2609 809
2609 810
2605 810
2605 809
2599 809
2599 810
2596 810
2596 811
2595 811
2595 812
2593 812
2593 813
2589 813
2589 814
2586 814
2586 815
2583 815
2583 816
2576 816
2576 817
2565 817
2565 818
2563 818
2563 817
2560 817
2560 816
2559 816
2559 815
2558 815
2558 814
2557 814
2557 812
2556 812
2556 809
2555 809
2555 806
2554 806
2554 790
2553 790
2553 786
2552 786
2552 784
2551 784
2551 782
2550 782
2550 779
2549 779
2549 774
2548 774
2548 772
2547 772
2547 771
2545 771
2545 770
2544 770
2544 769
2542 769
2542 768
2540 768
2540 767
2539 767
2539 766
2538 766
2538 765
2537 765
2537 763
2536 763
2536 759
2535 759
2535 755
2536 755
2536 750
2535 750
2535 747
2534 747
2534 746
2533 746
2533 745
2532 745
2532 744
2531 744
2531 743
2530 743
2530 742
2528 742
2528 741
2527 741
2527 740
2526 740
2526 739
2525 739
2525 738
2524 738
2524 736
2523 736
2523 733
2522 733
2522 708
2521 708
2521 705
2520 705
2520 703
2519 703
2519 702
2512 702
2512 701
2507 701
2507 705
2506 705
2506 707
2505 707
2505 708
2503 708
2503 709
2502 709
2502 710
2501 710
2501 712
2500 712
2500 713
2499 713
2499 714
2498 714
2498 715
2497 715
2497 716
2496 716
2496 717
2492 717
2492 718
2491 718
2491 727
2490 727
2490 728
2489 728
2489 729
2488 729
2488 730
2486 730
2486 731
2483 731
2483 732
2476 732
2476 733
2475 733
2475 745
2476 745
2476 747
2475 747
2475 745
2474 745
2474 746
2463 746
2463 752
2464 752
2464 772
2465 772
2465 775
2464 775
2464 776
2457 776
2457 777
2453 777
2453 778
2452 778
2452 790
2451 790
2451 806
2450 806
2450 836
2449 836
2449 841
2448 841
2448 845
2447 845
2447 847
2446 847
2446 849
2445 849
2445 850
2444 850
2444 851
2443 851
2443 852
2440 852
2440 853
2436 853
2436 854
2433 854
2433 855
2432 855
2432 857
2431 857
2431 858
2430 858
2430 860
2429 860
2429 864
2428 864
2428 872
2427 872
2427 874
2426 874
2426 876
2425 876
2425 878
2424 878
2424 880
2423 880
2423 881
2422 881
2422 882
2421 882
2421 890
2420 890
2420 891
2417 891
2417 892
2411 892
2411 893
2410 893
2410 894
2408 894
2408 895
2407 895
2407 896
2405 896
2405 897
2404 897
2404 898
2402 898
2402 899
2401 899
2401 900
2399 900
2399 901
2394 901
2394 902
2388 902
2388 901
2386 901
2386 900
2382 900
2382 899
2368 899
2368 900
2357 900
2357 901
2355 901
2355 902
2352 902
2352 903
2348 903
2348 904
2344 904
2344 905
2337 905
2337 906
2336 906
2336 905
2333 905
2333 904
2324 904
2324 903
2322 903
2322 902
2321 902
2321 901
2320 901
2320 899
2319 899
2319 898
2318 898
2318 896
2317 896
2317 892
2316 892
2316 890
2313 890
2313 889
2311 889
2311 888
2310 888
2310 887
2308 887
2308 886
2307 886
2307 885
2306 885
2306 883
2305 883
2305 882
2304 882
2304 873
2303 873
2303 869
2302 869
2302 868
2300 868
2300 867
2298 867
2298 866
2296 866
2296 865
2295 865
2295 864
2294 864
2294 863
2293 863
2293 862
2292 862
2292 861
2291 861
2291 860
2290 860
2290 859
2289 859
2289 858
2288 858
2288 857
2286 857
2286 856
2284 856
2284 855
2282 855
2282 854
2280 854
2280 853
2277 853
2277 852
2274 852
2274 851
2273 851
2273 850
2272 850
2272 849
2271 849
2271 848
2270 848
2270 847
2269 847
2269 846
2268 846
2268 842
2267 842
2267 837
2266 837
2266 836
2265 836
2265 834
2264 834
2264 833
2262 833
2262 832
2260 832
2260 831
2259 831
2259 829
2258 829
2258 828
2257 828
2257 827
2256 827
2256 825
2255 825
2255 823
2254 823
2254 822
2253 822
2253 817
2252 817
2252 811
2251 811
2251 797
2250 797
2250 794
2249 794
2249 792
2248 792
2248 791
2247 791
2247 790
2246 790
2246 789
2245 789
2245 788
2244 788
2244 787
2243 787
2243 786
2241 786
2241 785
2239 785
2239 784
2238 784
2238 783
2237 783
2237 782
2236 782
2236 780
2235 780
2235 778
2234 778
2234 777
2233 777
2233 775
2230 775
2230 774
2221 774
2221 775
2220 775
2220 777
2219 777
2219 778
2218 778
2218 779
2215 779
2215 780
2214 780
2214 779
2205 779
2205 778
2199 778
2199 779
2198 779
2198 815
2199 815
2199 820
2198 820
2198 830
2197 830
2197 838
2196 838
2196 840
2195 840
2195 841
2194 841
2194 842
2193 842
2193 843
2192 843
2192 844
2189 844
2189 845
2188 845
2188 852
2187 852
2187 853
2186 853
2186 854
2185 854
2185 855
2183 855
2183 856
2177 856
2177 866
2176 866
2176 868
2175 868
2175 869
2174 869
2174 870
2172 870
2172 871
2170 871
2170 872
2168 872
2168 879
2167 879
2167 881
2166 881
2166 882
2165 882
2165 883
2164 883
2164 885
2163 885
2163 886
2162 886
2162 887
2161 887
2161 888
2159 888
2159 889
2153 889
2153 888
2152 888
2152 887
2149 887
2149 886
2148 886
2148 885
2145 885
2145 884
2137 884
2137 885
2133 885
2133 886
2129 886
2129 887
2113 887
2113 886
2110 886
2110 885
2109 885
2109 884
2102 884
2102 885
2095 885
2095 886
2092 886
2092 887
2091 887
2091 897
2090 897
2090 905
2092 905
2092 906
2090 906
2090 907
2089 907
2089 908
2086 908
2086 909
2084 909
2084 910
2082 910
2082 911
2079 911
2079 912
2062 912
2062 913
2050 913
2050 912
2048 912
2048 911
2047 911
2047 910
2046 910
2046 908
2045 908
2045 907
2044 907
2044 906
2043 906
2043 904
2042 904
2042 902
2041 902
2041 899
2040 899
2040 897
2039 897
2039 895
2038 895
2038 893
2037 893
2037 892
2036 892
2036 890
2035 890
2035 888
2034 888
2034 886
2033 886
2033 885
2032 885
2032 884
2031 884
2031 879
2030 879
2030 877
2029 877
2029 876
2028 876
2028 875
2027 875
2027 874
2026 874
2026 873
2024 873
2024 872
2023 872
2023 871
2021 871
2021 870
2019 870
2019 869
2018 869
2018 868
2017 868
2017 867
2016 867
2016 866
2015 866
2015 864
2014 864
2014 863
2013 863
2013 862
2012 862
2012 859
2011 859
2011 858
2010 858
2010 855
2009 855
2009 851
2008 851
2008 847
2007 847
2007 845
2006 845
2006 844
2005 844
2005 843
2003 843
2003 842
1999 842
1999 841
1996 841
1996 840
1992 840
1992 839
1988 839
1988 838
1984 838
1984 837
1983 837
1983 836
1980 836
1980 835
1978 835
1978 834
1975 834
1975 833
1972 833
1972 832
1971 832
1971 831
1970 831
1970 830
1969 830
1969 829
1967 829
1967 828
1966 828
1966 827
1965 827
1965 825
1964 825
1964 823
1963 823
1963 818
1962 818
1962 813
1961 813
1961 807
1960 807
1960 803
1959 803
1959 800
1958 800
1958 788
1957 788
1957 765
1956 765
1956 764
1955 764
1955 761
1956 761
1956 752
1955 752
1955 746
1947 746
1947 745
1938 745
1938 746
1937 746
1937 747
1934 747
1934 748
1930 748
1930 749
1927 749
1927 750
1919 750
1919 751
1916 751
1916 752
1914 752
1914 753
1913 753
1913 754
1912 754
1912 755
1911 755
1911 756
1910 756
1910 757
1909 757
1909 758
1908 758
1908 759
1907 759
1907 760
1904 760
1904 761
1903 761
1903 762
1902 762
1902 763
1901 763
1901 764
1900 764
1900 765
1897 765
1897 766
1895 766
1895 767
1893 767
1893 768
1891 768
1891 769
1889 769
1889 770
1887 770
1887 771
1886 771
1886 772
1882 772
1882 773
1876 773
1876 774
1874 774
1874 775
1873 775
1873 776
1869 776
1869 777
1865 777
1865 778
1852 778
1852 779
1851 779
1851 780
1850 780
1850 781
1848 781
1848 782
1846 782
1846 783
1845 783
1845 784
1844 784
1844 785
1843 785
1843 786
1841 786
1841 787
1839 787
1839 788
1836 788
1836 789
1834 789
1834 790
1830 790
1830 791
1829 791
1829 792
1828 792
1828 793
1822 793
1822 794
1818 794
1818 795
1808 795
1808 794
1801 794
1801 793
1798 793
1798 792
1797 792
1797 793
1794 793
1794 792
1793 792
1793 791
1792 791
1792 790
1791 790
1791 788
1790 788
1790 787
1789 787
1789 784
1788 784
1788 781
1787 781
1787 778
1786 778
1786 777
1785 777
1785 776
1784 776
1784 775
1783 775
1783 774
1782 774
1782 773
1781 773
1781 772
1779 772
1779 771
1778 771
1778 770
1777 770
1777 769
1776 769
1776 768
1775 768
1775 767
1774 767
1774 766
1773 766
1773 762
1772 762
1772 761
1771 761
1771 760
1770 760
1770 759
1767 759
1767 758
1764 758
1764 757
1763 757
1763 756
1760 756
1760 755
1758 755
1758 754
1756 754
1756 753
1755 753
1755 752
1754 752
1754 750
1753 750
1753 749
1752 749
1752 744
1751 744
1751 742
1750 742
1750 741
1748 741
1748 740
1743 740
1743 739
1741 739
1741 738
1739 738
1739 737
1738 737
1738 736
1737 736
1737 735
1736 735
1736 734
1735 734
1735 732
1734 732
1734 731
1733 731
1733 729
1732 729
1732 728
1731 728
1731 714
1730 714
1730 708
1729 708
1729 707
1728 707
1728 706
1727 706
1727 705
1724 705
1724 704
1722 704
1722 703
1719 703
1719 702
1718 702
1718 701
1717 701
1717 700
1716 700
1716 699
1714 699
1714 698
1712 698
1712 697
1710 697
1710 696
1708 696
1708 695
1706 695
1706 694
1704 694
1704 693
1703 693
1703 692
1702 692
1702 691
1701 691
1701 690
1700 690
1700 689
1699 689
1699 688
1697 688
1697 687
1696 687
1696 686
1694 686
1694 685
1683 685
1683 686
1681 686
1681 688
1680 688
1680 693
1681 693
1681 703
1682 703
1682 713
1681 713
1681 715
1680 715
1680 716
1678 716
1678 717
1677 717
1677 718
1672 718
1672 719
1663 719
1663 718
1662 718
1662 717
1661 717
1661 716
1660 716
1660 715
1659 715
1659 713
1658 713
1658 707
1657 707
1657 695
1656 695
1656 678
1655 678
1655 660
1654 660
1654 654
1655 654
1655 652
1654 652
1654 647
1653 647
1653 645
1651 645
1651 644
1649 644
1649 643
1648 643
1648 642
1646 642
1646 641
1645 641
1645 640
1644 640
1644 639
1643 639
1643 637
1642 637
1642 634
1641 634
1641 626
1640 626
1640 616
1637 616
1637 615
1635 615
1635 614
1632 614
1632 613
1631 613
1631 612
1629 612
1629 611
1627 611
1627 610
1622 610
1622 609
1618 609
1618 608
1610 608
1610 607
1608 607
1608 606
1603 606
1603 605
1597 605
1597 604
1592 604
1592 603
1583 603
1583 602
1576 602
1576 603
1574 603
1574 602
1572 602
1572 601
1571 601
1571 600
1568 600
1568 599
1559 599
1559 598
1553 598
1553 597
1551 597
1551 596
1550 596
1550 595
1549 595
1549 593
1548 593
1548 591
1547 591
1547 581
1546 581
1546 558
1545 558
1545 555
1540 555
1540 556
1534 556
1534 557
1530 557
1530 558
1525 558
1525 559
1522 559
1522 558
1520 558
1520 560
1512 560
1512 561
1509 561
1509 562
1508 562
1508 563
1504 563
1504 564
1495 564
1495 566
1494 566
1494 576
1495 576
1495 584
1496 584
1496 610
1497 610
1497 614
1498 614
1498 623
1497 623
1497 624
1496 624
1496 625
1494 625
1494 626
1483 626
1483 625
1477 625
1477 624
1476 624
1476 622
1475 622
1475 620
1474 620
1474 614
1473 614
1473 575
1472 575
1472 571
1471 571
1471 570
1469 570
1469 571
1464 571
1464 573
1463 573
1463 578
1462 578
1462 579
1461 579
1461 580
1460 580
1460 581
1455 581
1455 582
1454 582
1454 585
1453 585
1453 596
1452 596
1452 597
1450 597
1450 598
1441 598
1441 597
1422 597
1422 596
1418 596
1418 595
1416 595
1416 594
1414 594
1414 593
1413 593
1413 592
1412 592
1412 591
1411 591
1411 590
1410 590
1410 589
1409 589
1409 588
1408 588
1408 584
1407 584
1407 581
1406 581
1406 576
1405 576
1405 575
1402 575
1402 574
1400 574
1400 573
1399 573
1399 572
1398 572
1398 571
1395 571
1395 570
1389 570
1389 571
1380 571
1380 570
1377 570
1377 569
1376 569
1376 568
1375 568
1375 567
1374 567
1374 566
1372 566
1372 565
1369 565
1369 566
1357 566
1357 567
1350 567
1350 566
1338 566
1338 567
1333 567
1333 566
1327 566
1327 565
1324 565
1324 564
1318 564
1318 563
1317 563
1317 562
1316 562
1316 561
1314 561
1314 560
1308 560
1308 559
1305 559
1305 558
1304 558
1304 557
1303 557
1303 556
1302 556
1302 554
1301 554
1301 551
1300 551
1300 549
1299 549
1299 541
1298 541
1298 540
1297 540
1297 539
1294 539
1294 538
1293 538
1293 537
1292 537
1292 536
1291 536
1291 534
1290 534
1290 533
1289 533
1289 532
1288 532
1288 531
1287 531
1287 530
1284 530
1284 529
1281 529
1281 528
1280 528
1280 527
1279 527
1279 526
1278 526
1278 525
1277 525
1277 523
1276 523
1276 520
1275 520
1275 516
1274 516
1274 512
1275 512
1275 510
1274 510
1274 491
1273 491
1273 489
1272 489
1272 488
1271 488
1271 487
1269 487
1269 486
1268 486
1268 485
1267 485
1267 484
1266 484
1266 483
1265 483
1265 482
1264 482
1264 480
1263 480
1263 479
1261 479
1261 478
1251 478
1251 479
1249 479
1249 480
1247 480
1247 481
1240 481
1240 488
1241 488
1241 493
1240 493
1240 496
1239 496
1239 497
1238 497
1238 498
1236 498
1236 499
1230 499
1230 500
1227 500
1227 501
1226 501
1226 502
1223 502
1223 503
1222 503
1222 505
1221 505
1221 507
1220 507
1220 508
1219 508
1219 509
1218 509
1218 510
1217 510
1217 511
1216 511
1216 512
1215 512
1215 513
1214 513
1214 514
1211 514
1211 515
1209 515
1209 516
1208 516
1208 521
1207 521
1207 524
1206 524
1206 527
1205 527
1205 530
1204 530
1204 531
1199 531
1199 532
1188 532
1188 531
1186 531
1186 530
1185 530
1185 529
1184 529
1184 528
1183 528
1183 527
1182 527
1182 525
1181 525
1181 521
1180 521
1180 511
1179 511
1179 493
1178 493
1178 489
1177 489
1177 485
1176 485
1176 484
1175 484
1175 483
1174 483
1174 482
1173 482
1173 481
1172 481
1172 480
1171 480
1171 479
1170 479
1170 477
1169 477
1169 475
1168 475
1168 473
1167 473
1167 470
1166 470
1166 469
1165 469
1165 468
1164 468
1164 467
1163 467
1163 466
1162 466
1162 465
1160 465
1160 464
1159 464
1159 463
1158 463
1158 462
1157 462
1157 461
1156 461
1156 460
1155 460
1155 458
1154 458
1154 457
1153 457
1153 451
1152 451
1152 450
1150 450
1150 449
1148 449
1148 448
1143 448
1143 447
1137 447
1137 446
1135 446
1135 445
1130 445
1130 446
1116 446
1116 445
1112 445
1112 444
1111 444
1111 443
1110 443
1110 442
1109 442
1109 441
1108 441
1108 440
1107 440
1107 438
1106 438
1106 435
1105 435
1105 431
1104 431
1104 430
1101 430
1101 429
1100 429
1100 428
1099 428
1099 427
1098 427
1098 426
1097 426
1097 425
1096 425
1096 424
1095 424
1095 422
1094 422
1094 421
1093 421
1093 418
1092 418
1092 413
1093 413
1093 412
1092 412
1092 401
1093 401
1093 398
1092 398
1092 391
1091 391
1091 389
1089 389
1089 388
1087 388
1087 387
1085 387
1085 386
1084 386
1084 385
1083 385
1083 384
1082 384
1082 383
1081 383
1081 382
1078 382
1078 381
1075 381
1075 380
1074 380
1074 379
1072 379
1072 378
1064 378
1064 377
1063 377
1063 376
1062 376
1062 375
1061 375
1061 374
1060 374
1060 373
1059 373
1059 372
1058 372
1058 370
1057 370
1057 368
1056 368
1056 366
1050 366
1050 367
1047 367
1047 368
1045 368
1045 369
1043 369
1043 370
1038 370
1038 371
1025 371
1025 370
1016 370
1016 369
1015 369
1015 368
1014 368
1014 367
1013 367
1013 366
1012 366
1012 364
1011 364
1011 363
1010 363
1010 362
1009 362
1009 361
1008 361
1008 360
1003 360
1003 359
1000 359
1000 358
993 358
993 357
992 357
992 356
991 356
991 355
990 355
990 354
989 354
989 353
988 353
988 352
987 352
987 351
986 351
986 348
985 348
985 344
983 344
983 343
980 343
980 342
979 342
979 341
978 341
978 340
977 340
977 339
976 339
976 338
975 338
975 336
974 336
974 335
973 335
973 334
972 334
972 333
969 333
969 332
967 332
967 331
966 331
966 330
965 330
965 329
964 329
964 328
963 328
963 326
962 326
962 325
961 325
961 323
959 323
959 322
957 322
957 321
955 321
955 320
954 320
954 319
953 319
953 318
952 318
952 317
951 317
951 315
950 315
950 313
949 313
949 310
948 310
948 290
947 290
947 289
946 289
946 288
944 288
944 287
943 287
943 286
941 286
941 285
940 285
940 284
939 284
939 283
938 283
938 281
937 281
937 280
936 280
936 275
935 275
935 257
934 257
934 255
933 255
933 254
931 254
931 253
917 253
917 250
916 250
916 249
915 249
915 247
914 247
914 246
913 246
913 244
912 244
912 242
913 242
913 244
914 244
914 246
915 246
915 247
916 247
916 249
917 249
917 250
918 250
918 252
931 252
931 253
933 253
933 254
934 254
934 255
935 255
935 257
936 257
936 275
937 275
937 280
938 280
938 281
939 281
939 283
940 283
940 284
941 284
941 285
943 285
943 286
944 286
944 287
946 287
946 288
947 288
947 289
948 289
948 290
949 290
949 310
950 310
950 313
951 313
951 315
952 315
952 317
953 317
953 318
954 318
954 319
955 319
955 320
957 320
957 321
959 321
959 322
961 322
961 323
962 323
962 325
963 325
963 326
964 326
964 328
965 328
965 329
966 329
966 330
967 330
967 331
969 331
969 332
972 332
972 333
973 333
973 334
974 334
974 335
975 335
975 336
976 336
976 338
977 338
977 339
978 339
978 340
979 340
979 341
980 341
980 342
983 342
983 343
985 343
985 344
986 344
986 348
987 348
987 351
988 351
988 352
989 352
989 353
990 353
990 354
991 354
991 355
992 355
992 356
993 356
993 357
1000 357
1000 358
1003 358
1003 359
1008 359
1008 360
1009 360
1009 361
1010 361
1010 362
1011 362
1011 363
1012 363
1012 364
1013 364
1013 366
1014 366
1014 367
1015 367
1015 368
1016 368
1016 369
1025 369
1025 370
1038 370
1038 369
1043 369
1043 368
1045 368
1045 367
1047 367
1047 366
1050 366
1050 365
1056 365
1056 366
1057 366
1057 368
1058 368
1058 370
1059 370
1059 372
1060 372
1060 373
1061 373
1061 374
1062 374
1062 375
1063 375
1063 376
1064 376
1064 377
1072 377
1072 378
1074 378
1074 379
1075 379
1075 380
1078 380
1078 381
1081 381
1081 382
1082 382
1082 383
1083 383
1083 384
1084 384
1084 385
1085 385
1085 386
1087 386
1087 387
1089 387
1089 388
1091 388
1091 389
1092 389
1092 391
1093 391
1093 398
1094 398
1094 401
1093 401
1093 412
1094 412
1094 413
1093 413
1093 418
1094 418
1094 421
1095 421
1095 422
1096 422
1096 424
1097 424
1097 425
1098 425
1098 426
1099 426
1099 427
1100 427
1100 428
1101 428
1101 429
1104 429
1104 430
1105 430
1105 431
1106 431
1106 435
1107 435
1107 438
1108 438
1108 440
1109 440
1109 441
1110 441
1110 442
1111 442
1111 443
1112 443
1112 444
1116 444
1116 445
1130 445
1130 444
1135 444
1135 445
1137 445
1137 446
1143 446
1143 447
1148 447
1148 448
1150 448
1150 449
1152 449
1152 450
1153 450
1153 451
1154 451
1154 457
1155 457
1155 458
1156 458
1156 460
1157 460
1157 461
1158 461
1158 462
1159 462
1159 463
1160 463
1160 464
1162 464
1162 465
1163 465
1163 466
1164 466
1164 467
1165 467
1165 468
1166 468
1166 469
1167 469
1167 470
1168 470
1168 473
1169 473
1169 475
1170 475
1170 477
1171 477
1171 479
1172 479
1172 480
1173 480
1173 481
1174 481
1174 482
1175 482
1175 483
1176 483
1176 484
1177 484
1177 485
1178 485
1178 489
1179 489
1179 493
1180 493
1180 511
1181 511
1181 521
1182 521
1182 525
1183 525
1183 527
1184 527
1184 528
1185 528
1185 529
1186 529
1186 530
1188 530
1188 531
1199 531
1199 530
1204 530
1204 527
1205 527
1205 524
1206 524
1206 521
1207 521
1207 516
1208 516
1208 515
1209 515
1209 514
1211 514
1211 513
1214 513
1214 512
1215 512
1215 511
1216 511
1216 510
1217 510
1217 509
1218 509
1218 508
1219 508
1219 507
1220 507
1220 505
1221 505
1221 503
1222 503
1222 502
1223 502
1223 501
1226 501
1226 500
1227 500
1227 499
1230 499
1230 498
1236 498
1236 497
1238 497
1238 496
1239 496
1239 493
1240 493
1240 488
1239 488
1239 481
1240 481
1240 480
1247 480
1247 479
1249 479
1249 478
1251 478
1251 477
1261 477
1261 478
1263 478
1263 479
1264 479
1264 480
1265 480
1265 482
1266 482
1266 483
1267 483
1267 484
1268 484
1268 485
1269 485
1269 486
1271 486
1271 487
1272 487
1272 488
1273 488
1273 489
1274 489
1274 491
1275 491
1275 510
1276 510
1276 512
1275 512
1275 516
1276 516
1276 520
1277 520
1277 523
1278 523
1278 525
1279 525
1279 526
1280 526
1280 527
1281 527
1281 528
1284 528
1284 529
1287 529
1287 530
1288 530
1288 531
1289 531
1289 532
1290 532
1290 533
1291 533
1291 534
1292 534
1292 536
1293 536
1293 537
1294 537
1294 538
1297 538
1297 539
1298 539
1298 540
1299 540
1299 541
1300 541
1300 549
1301 549
1301 551
1302 551
1302 554
1303 554
1303 556
1304 556
1304 557
1305 557
1305 558
1308 558
1308 559
1314 559
1314 560
1316 560
1316 561
1317 561
1317 562
1318 562
1318 563
1324 563
1324 564
1327 564
1327 565
1333 565
1333 566
1338 566
1338 565
1350 565
1350 566
1357 566
1357 565
1369 565
1369 564
1372 564
1372 565
1374 565
1374 566
1375 566
1375 567
1376 567
1376 568
1377 568
1377 569
1380 569
1380 570
1389 570
1389 569
1395 569
1395 570
1398 570
1398 571
1399 571
1399 572
1400 572
1400 573
1402 573
1402 574
1405 574
1405 575
1407 575
1407 581
1408 581
1408 584
1409 584
1409 588
1410 588
1410 589
1411 589
1411 590
1412 590
1412 591
1413 591
1413 592
1414 592
1414 593
1416 593
1416 594
1418 594
1418 595
1422 595
1422 596
1441 596
1441 597
1450 597
1450 596
1452 596
1452 585
1453 585
1453 582
1454 582
1454 581
1455 581
1455 580
1460 580
1460 579
1461 579
1461 578
1462 578
1462 573
1463 573
1463 571
1464 571
1464 570
1469 570
1469 569
1471 569
1471 568
1472 568
1472 569
1471 569
1471 570
1472 570
1472 571
1473 571
1473 575
1474 575
1474 614
1475 614
1475 620
1476 620
1476 622
1477 622
1477 624
1483 624
1483 625
1494 625
1494 624
1496 624
1496 623
1497 623
1497 614
1496 614
1496 610
1495 610
1495 584
1494 584
1494 576
1493 576
1493 566
1494 566
1494 564
1495 564
1495 563
1504 563
1504 562
1508 562
1508 561
1509 561
1509 560
1512 560
1512 559
1519 559
1519 557
1522 557
1522 558
1525 558
1525 557
1530 557
1530 556
1534 556
1534 555
1540 555
1540 554
1544 554
1544 552
1545 552
1545 555
1546 555
1546 558
1547 558
1547 581
1548 581
1548 591
1549 591
1549 593
1550 593
1550 595
1551 595
1551 596
1553 596
1553 597
1559 597
1559 598
1568 598
1568 599
1571 599
1571 600
1572 600
1572 601
1574 601
1574 602
1576 602
1576 601
1583 601
1583 602
1592 602
1592 603
1597 603
1597 604
1603 604
1603 605
1608 605
1608 606
1610 606
1610 607
1618 607
1618 608
1622 608
1622 609
1627 609
1627 610
1629 610
1629 611
1631 611
1631 612
1632 612
1632 613
1635 613
1635 614
1637 614
1637 615
1640 615
1640 616
1641 616
1641 626
1642 626
1642 634
1643 634
1643 637
1644 637
1644 639
1645 639
1645 640
1646 640
1646 641
1648 641
1648 642
1649 642
1649 643
1651 643
1651 644
1653 644
1653 645
1654 645
1654 647
1655 647
1655 652
1656 652
1656 654
1655 654
1655 660
1656 660
1656 678
1657 678
1657 695
1658 695
1658 707
1659 707
1659 713
1660 713
1660 715
1661 715
1661 716
1662 716
1662 717
1663 717
1663 718
1672 718
1672 717
1677 717
1677 716
1678 716
1678 715
1680 715
1680 713
1681 713
1681 703
1680 703
1680 693
1679 693
1679 688
1680 688
1680 686
1681 686
1681 685
1683 685
1683 684
1694 684
1694 685
1696 685
1696 686
1697 686
1697 687
1699 687
1699 688
1700 688
1700 689
1701 689
1701 690
1702 690
1702 691
1703 691
1703 692
1704 692
1704 693
1706 693
1706 694
1708 694
1708 695
1710 695
1710 696
1712 696
1712 697
1714 697
1714 698
1716 698
1716 699
1717 699
1717 700
1718 700
1718 701
1719 701
1719 702
1722 702
1722 703
1724 703
1724 704
1727 704
1727 705
1728 705
1728 706
1729 706
1729 707
1730 707
1730 708
1731 708
1731 714
1732 714
1732 728
1733 728
1733 729
1734 729
1734 731
1735 731
1735 732
1736 732
1736 734
1737 734
1737 735
1738 735
1738 736
1739 736
1739 737
1741 737
1741 738
1743 738
1743 739
1748 739
1748 740
1750 740
1750 741
1751 741
1751 742
1752 742
1752 744
1753 744
1753 749
1754 749
1754 750
1755 750
1755 752
1756 752
1756 753
1758 753
1758 754
1760 754
1760 755
1763 755
1763 756
1764 756
1764 757
1767 757
1767 758
1770 758
1770 759
1771 759
1771 760
1772 760
1772 761
1773 761
1773 762
1774 762
1774 766
1775 766
1775 767
1776 767
1776 768
1777 768
1777 769
1778 769
1778 770
1779 770
1779 771
1781 771
1781 772
1782 772
1782 773
1783 773
1783 774
1784 774
1784 775
1785 775
1785 776
1786 776
1786 777
1787 777
1787 778
1788 778
1788 781
1789 781
1789 784
1790 784
1790 787
1791 787
1791 788
1792 788
1792 790
1793 790
1793 791
1794 791
1794 792
1797 792
1797 791
1798 791
1798 792
1801 792
1801 793
1808 793
1808 794
1818 794
1818 793
1822 793
1822 792
1828 792
1828 791
1829 791
1829 790
1830 790
1830 789
1834 789
1834 788
1836 788
1836 787
1839 787
1839 786
1841 786
1841 785
1843 785
1843 784
1844 784
1844 783
1845 783
1845 782
1846 782
1846 781
1848 781
1848 780
1850 780
1850 779
1851 779
1851 778
1852 778
1852 777
1865 777
1865 776
1869 776
1869 775
1873 775
1873 774
1874 774
1874 773
1876 773
1876 772
1882 772
1882 771
1886 771
1886 770
1887 770
1887 769
1889 769
1889 768
1891 768
1891 767
1893 767
1893 766
1895 766
1895 765
1897 765
1897 764
1900 764
1900 763
1901 763
1901 762
1902 762
1902 761
1903 761
1903 760
1904 760
1904 759
1907 759
1907 758
1908 758
1908 757
1909 757
1909 756
1910 756
1910 755
1911 755
1911 754
1912 754
1912 753
1913 753
1913 752
1914 752
1914 751
1916 751
1916 750
1919 750
1919 749
1927 749
1927 748
1930 748
1930 747
1934 747
1934 746
1937 746
1937 745
1938 745
1938 744
1947 744
1947 745
1955 745
1955 746
1956 746
1956 752
1957 752
1957 761
1956 761
1956 764
1957 764
1957 765
1958 765
1958 788
1959 788
1959 800
1960 800
1960 803
1961 803
1961 807
1962 807
1962 813
1963 813
1963 818
1964 818
1964 823
1965 823
1965 825
1966 825
1966 827
1967 827
1967 828
1969 828
1969 829
1970 829
1970 830
1971 830
1971 831
1972 831
1972 832
1975 832
1975 833
1978 833
1978 834
1980 834
1980 835
1983 835
1983 836
1984 836
1984 837
1988 837
1988 838
1992 838
1992 839
1996 839
1996 840
1999 840
1999 841
2003 841
2003 842
2005 842
2005 843
2006 843
2006 844
2007 844
2007 845
2008 845
2008 847
2009 847
2009 851
2010 851
2010 855
2011 855
2011 858
2012 858
2012 859
2013 859
2013 862
2014 862
2014 863
2015 863
2015 864
2016 864
2016 866
2017 866
2017 867
2018 867
2018 868
2019 868
2019 869
2021 869
2021 870
2023 870
2023 871
2024 871
2024 872
2026 872
2026 873
2027 873
2027 874
2028 874
2028 875
2029 875
2029 876
2030 876
2030 877
2031 877
2031 879
2032 879
2032 884
2033 884
2033 885
2034 885
2034 886
2035 886
2035 888
2036 888
2036 890
2037 890
2037 892
2038 892
2038 893
2039 893
2039 895
2040 895
2040 897
2041 897
2041 899
2042 899
2042 902
2043 902
2043 904
2044 904
2044 906
2045 906
2045 907
2046 907
2046 908
2047 908
2047 910
2048 910
2048 911
2050 911
2050 912
2062 912
2062 911
2079 911
2079 910
2082 910
2082 909
2084 909
2084 908
2086 908
2086 907
2089 907
2089 897
2090 897
2090 886
2091 886
2091 885
2095 885
2095 884
2102 884
2102 883
2109 883
2109 884
2110 884
2110 885
2113 885
2113 886
2129 886
2129 885
2133 885
2133 884
2137 884
2137 883
2145 883
2145 884
2148 884
2148 885
2149 885
2149 886
2152 886
2152 887
2153 887
2153 888
2159 888
2159 887
2161 887
2161 886
2162 886
2162 885
2163 885
2163 883
2164 883
2164 882
2165 882
2165 881
2166 881
2166 879
2167 879
2167 871
2170 871
2170 870
2172 870
2172 869
2174 869
2174 868
2175 868
2175 866
2176 866
2176 856
2177 856
2177 855
2183 855
2183 854
2185 854
2185 853
2186 853
2186 852
2187 852
2187 844
2189 844
2189 843
2192 843
2192 842
2193 842
2193 841
2194 841
2194 840
2195 840
2195 838
2196 838
2196 830
2197 830
2197 820
2198 820
2198 815
2197 815
2197 779
2198 779
2198 778
2199 778
2199 777
2205 777
2205 778
2214 778
2214 779
2215 779
2215 778
2218 778
2218 777
2219 777
2219 775
2220 775
2220 773
2230 773
2230 774
2233 774
2233 775
2234 775
2234 777
2235 777
2235 778
2236 778
2236 780
2237 780
2237 782
2238 782
2238 783
2239 783
2239 784
2241 784
2241 785
2243 785
2243 786
2244 786
2244 787
2245 787
2245 788
2246 788
2246 789
2247 789
2247 790
2248 790
2248 791
2249 791
2249 792
2250 792
2250 794
2251 794
2251 797
2252 797
2252 811
2253 811
2253 817
2254 817
2254 822
2255 822
2255 823
2256 823
2256 825
2257 825
2257 827
2258 827
2258 828
2259 828
2259 829
2260 829
2260 831
2262 831
2262 832
2264 832
2264 833
2265 833
2265 834
2266 834
2266 836
2267 836
2267 837
2268 837
2268 842
2269 842
2269 846
2270 846
2270 847
2271 847
2271 848
2272 848
2272 849
2273 849
2273 850
2274 850
2274 851
2277 851
2277 852
2280 852
2280 853
2282 853
2282 854
2284 854
2284 855
2286 855
2286 856
2288 856
2288 857
2289 857
2289 858
2290 858
2290 859
2291 859
2291 860
2292 860
2292 861
2293 861
2293 862
2294 862
2294 863
2295 863
2295 864
2296 864
2296 865
2298 865
2298 866
2300 866
2300 867
2302 867
2302 868
2303 868
2303 869
2304 869
2304 873
2305 873
2305 882
2306 882
2306 883
2307 883
2307 885
2308 885
2308 886
2310 886
2310 887
2311 887
2311 888
2313 888
2313 889
2316 889
2316 890
2317 890
2317 892
2318 892
2318 896
2319 896
2319 898
2320 898
2320 899
2321 899
2321 901
2322 901
2322 902
2324 902
2324 903
2333 903
2333 904
2336 904
2336 905
2337 905
2337 904
2344 904
2344 903
2348 903
2348 902
2352 902
2352 901
2355 901
2355 900
2357 900
2357 899
2368 899
2368 898
2382 898
2382 899
2386 899
2386 900
2388 900
2388 901
2393 901
2393 900
2399 900
2399 899
2401 899
2401 898
2402 898
2402 897
2404 897
2404 896
2405 896
2405 895
2407 895
2407 894
2408 894
2408 893
2410 893
2410 892
2411 892
2411 891
2417 891
2417 890
2420 890
2420 882
2421 882
2421 881
2422 881
2422 880
2423 880
2423 878
2424 878
2424 876
2425 876
2425 874
2426 874
2426 872
2427 872
2427 864
2428 864
2428 860
2429 860
2429 858
2430 858
2430 857
2431 857
2431 855
2432 855
2432 854
2433 854
2433 853
2436 853
2436 852
2440 852
2440 851
2443 851
2443 850
2444 850
2444 849
2445 849
2445 847
2446 847
2446 845
2447 845
2447 841
2448 841
2448 836
2449 836
2449 806
2450 806
2450 790
2451 790
2451 778
2452 778
2452 777
2453 777
2453 776
2457 776
2457 775
2464 775
2464 772
2463 772
2463 752
2462 752
2462 746
2463 746
2463 745
2474 745
2474 733
2475 733
2475 732
2476 732
2476 731
2483 731
2483 730
2486 730
2486 729
2488 729
2488 728
2489 728
2489 727
2490 727
2490 718
2491 718
2491 717
2492 717
2492 716
2496 716
2496 715
2497 715
2497 714
2498 714
2498 713
2499 713
2499 712
2500 712
2500 710
2501 710
2501 709
2502 709
2502 708
2503 708
2503 707
2505 707
2505 705
2506 705
2506 700
2512 700
2512 701
2519 701
2519 702
2520 702
2520 703
2521 703
2521 705
2522 705
2522 708
2523 708
2523 733
2524 733
2524 736
2525 736
2525 738
2526 738
2526 739
2527 739
2527 740
2528 740
2528 741
2530 741
2530 742
2531 742
2531 743
2532 743
2532 744
2533 744
2533 745
2534 745
2534 746
2535 746
2535 747
2536 747
2536 750
2537 750
2537 755
2536 755
2536 759
2537 759
2537 763
2538 763
2538 765
2539 765
2539 766
2540 766
2540 767
2542 767
2542 768
2544 768
2544 769
2545 769
2545 770
2547 770
2547 771
2548 771
2548 772
2549 772
2549 774
2550 774
2550 779
2551 779
2551 782
2552 782
2552 784
2553 784
2553 786
2554 786
2554 790
2555 790
2555 806
2556 806
2556 809
2557 809
2557 812
2558 812
2558 814
2559 814
2559 815
2560 815
2560 816
2563 816
2563 817
2565 817
2565 816
2576 816
2576 815
2583 815
2583 814
2586 814
2586 813
2589 813
2589 812
2593 812
2593 811
2595 811
2595 810
2596 810
2596 809
2599 809
2599 808
2605 808
2605 809
2609 809
2609 808
2610 808
2610 809
2626 809
2626 808
2650 808
2650 807
2664 807
2664 808
2666 808
2666 809
2667 809
2667 810
2677 810
2677 809
2678 809
2678 808
2679 808
2679 807
2684 807
2684 806
2699 806
2699 805
2710 805
2710 804
2712 804
2712 803
2717 803
2717 802
2718 802
2718 801
2722 801
2722 800
2723 800
2723 797
2722 797
2722 793
2721 793
2721 789
2720 789
2720 782
2721 782
2721 781
2726 781
2726 782
2736 782
2736 783
2737 783
2737 782
2742 782
2742 781
2744 781
2744 780
2749 780
2749 779
2750 779
2750 778
2752 778
2752 777
2753 777
2753 776
2755 776
2755 775
2756 775
2756 774
2757 774
2757 773
2758 773
2758 772
2759 772
2759 771
2760 771
2760 769
2761 769
2761 768
2762 768
2762 767
2763 767
2763 766
2765 766
2765 765
2766 765
2766 764
2771 764
2771 763
2773 763
2773 762
2774 762
2774 761
2775 761
2775 760
2780 760
2780 759
2783 759
2783 760
2787 760
2787 759
2804 759
2804 760
2817 760
2817 759
2820 759
2820 760
2829 760
2829 759
2831 759
2831 758
2839 758
2839 759
2840 759
2840 760
2841 760
2841 761
2842 761
2842 763
2843 763
2843 767
2842 767
2842 771
2843 771
2843 781
2844 781
2844 785
2845 785
2845 787
2846 787
2846 788
2847 788
2847 789
2848 789
2848 790
2850 790
2850 791
2852 791
2852 792
2862 792
2862 791
2864 791
2864 790
2865 790
2865 787
2866 787
2866 783
2865 783
2865 757
2864 757
2864 756
2865 756
2865 751
2866 751
2866 750
2868 750
2868 749
2872 749
2872 748
2874 748
2874 745
2875 745
2875 737
2876 737
2876 736
2875 736
2875 715
2876 715
2876 713
2877 713
2877 712
2878 712
2878 711
2885 711
2885 709
2886 709
2886 697
2887 697
2887 693
2888 693
2888 692
2894 692
2894 691
2897 691
2897 690
2899 690
2899 687
2900 687
2900 681
2901 681
2901 680
2905 680
2905 679
2908 679
2908 677
2909 677
2909 670
2913 670
2913 669
2916 669
2916 668
2917 668
2917 667
2918 667
2918 666
2919 666
2919 632
2920 632
2920 628
2921 628
2921 626
2922 626
2922 625
2923 625
2923 624
2924 624
2924 623
2925 623
2925 622
2926 622
2926 621
2927 621
2927 620
2928 620
2928 619
2929 619
2929 617
2930 617
2930 616
2931 616
2931 615
2932 615
2932 614
2934 614
2934 613
2935 613
2935 612
2936 612
2936 611
2937 611
2937 610
2938 610
2938 601
2939 601
2939 549
2940 549
2940 541
2941 541
2941 538
2942 538
2942 537
2943 537
2943 536
2950 536
2950 535
2951 535
2951 534
2954 534
2954 533
2958 533
2958 534
2960 534
2960 533
2961 533
2961 532
2962 532
2962 531
2963 531
2963 530
2964 530
2964 527
2965 527
2965 523
2964 523
2964 494
2965 494
2965 490
2966 490
2966 489
2970 489
2970 488
2971 488
2971 489
2984 489
2984 490
2991 490
2991 491
2994 491
2994 492
2996 492
2996 493
2998 493
2998 494
2999 494
2999 495
3000 495
3000 496
3001 496
3001 497
3002 497
3002 499
3003 499
3003 500
3004 500
3004 501
3005 501
3005 502
3007 502
3007 503
3008 503
3008 504
3018 504
3018 503
3021 503
3021 504
3022 504
3022 507
3023 507
3023 520
3024 520
3024 521
3025 521
3025 525
3026 525
3026 526
3027 526
3027 527
3029 527
3029 528
3031 528
3031 529
3036 529
3036 530
3037 530
3037 531
3039 531
3039 532
3043 532
3043 533
3044 533
3044 534
3045 534
3045 535
3046 535
3046 536
3047 536
3047 537
3048 537
3048 538
3049 538
3049 540
3051 540
3051 541
3052 541
3052 542
3055 542
3055 543
3065 543
3065 544
3078 544
3078 543
3079 543
3079 542
3081 542
3081 541
3082 541
3082 540
3083 540
3083 539
3086 539
3086 538
3087 538
3087 537
3092 537
3092 536
3093 536
3093 535
3094 535
3094 534
3096 534
3096 533
3098 533
3098 532
3100 532
3100 531
3101 531
3101 530
3102 530
3102 529
3103 529
3103 528
3104 528
3104 527
3105 527
3105 525
3106 525
3106 524
3107 524
3107 523
3108 523
3108 522
3111 522
3111 521
3112 521
3112 520
3113 520
3113 519
3115 519
3115 518
3116 518
3116 502
3117 502
3117 500
3118 500
3118 499
3119 499
3119 498
3120 498
3120 497
3123 497
3123 496
3124 496
3124 495
3125 495
3125 494
3126 494
3126 493
3127 493
3127 488
3128 488
3128 478
3127 478
3127 477
3128 477
3128 472
3127 472
3127 465
3128 465
3128 463
3129 463
3129 462
3131 462
3131 461
3132 461
3132 460
3134 460
3134 459
3135 459
3135 458
3137 458
3137 456
3138 456
3138 453
3139 453
3139 432
3138 432
3138 405
3139 405
3139 404
3140 404
3140 403
3141 403
3141 402
3142 402
3142 401
3143 401
3143 402
3153 402
3153 403
3154 403
3154 404
3156 404
3156 405
3159 405
3159 406
3160 406
3160 407
3161 407
3161 408
3162 408
3162 409
3163 409
3163 410
3164 410
3164 411
3165 411
3165 412
3166 412
3166 413
3173 413
3173 414
3174 414
3174 415
3175 415
3175 416
3176 416
3176 417
3179 417
3179 418
3181 418
3181 419
3194 419
3194 420
3207 420
3207 423
3208 423
3208 426
3209 426
3209 427
3210 427
3210 428
3212 428
3212 429
3222 429
3222 428
3227 428
3227 429
3222 429
3222 430
3212 430
3212 429
3210 429
3210 428
3209 428
3209 427
3208 427
3208 426
3207 426
3207 423
3206 423
3206 421
3194 421
3194 420
3181 420
3181 419
3179 419
3179 418
3176 418
3176 417
3175 417
3175 416
3174 416
3174 415
3173 415
3173 414
3166 414
3166 413
3165 413
3165 412
3164 412
3164 411
3163 411
3163 410
3162 410
3162 409
3161 409
3161 408
3160 408
3160 407
3159 407
3159 406
3156 406
3156 405
3154 405
3154 404
3153 404
3153 403
3143 403
3143 402
3142 402
3142 403
3141 403
3141 404
3140 404
3140 405
3139 405
3139 432
3140 432
3140 453
3139 453
3139 456
3138 456
3138 458
3137 458
3137 459
3135 459
3135 460
3134 460
3134 461
3132 461
3132 462
3131 462
3131 463
3129 463
3129 465
3128 465
3128 472
3129 472
3129 477
3128 477
3128 478
3129 478
3129 488
3128 488
3128 493
3127 493
3127 494
3126 494
3126 495
3125 495
3125 496
3124 496
3124 497
3123 497
3123 498
3120 498
3120 499
3119 499
3119 500
3118 500
3118 502
3117 502
3117 518
3116 518
3116 519
3115 519
3115 520
3113 520
3113 521
3112 521
3112 522
3111 522
3111 523
3108 523
3108 524
3107 524
3107 525
3106 525
3106 527
3105 527
3105 528
3104 528
3104 529
3103 529
3103 530
3102 530
3102 531
3101 531
3101 532
3100 532
3100 533
3098 533
3098 534
3096 534
3096 535
3094 535
3094 536
3093 536
3093 537
3092 537
3092 538
3087 538
3087 539
3086 539
3086 540
3083 540
3083 541
3082 541
3082 542
3081 542
3081 543
3079 543
3079 544
3078 544
3078 545
3065 545
3065 544
3055 544
3055 543
3052 543
3052 542
3051 542
3051 541
3049 541
3049 540
3048 540
3048 538
3047 538
3047 537
3046 537
3046 536
3045 536
3045 535
3044 535
3044 534
3043 534
3043 533
3039 533
3039 532
3037 532
3037 531
3036 531
3036 530
3031 530
3031 529
3029 529
3029 528
3027 528
3027 527
3026 527
3026 526
3025 526
3025 525
3024 525
3024 521
3023 521
3023 520
3022 520
3022 507
3021 507
3021 504
3018 504
3018 505
3008 505
3008 504
3007 504
3007 503
3005 503
3005 502
3004 502
3004 501
3003 501
3003 500
3002 500
3002 499
3001 499
3001 497
3000 497
3000 496
2999 496
2999 495
2998 495
2998 494
2996 494
2996 493
2994 493
2994 492
2991 492
2991 491
2984 491
2984 490
2971 490
2971 489
2970 489
2970 490
2966 490
2966 494
2965 494
2965 523
2966 523
2966 527
2965 527
2965 530
2964 530
2964 531
2963 531
2963 532
2962 532
2962 533
2961 533
2961 534
2960 534
2960 535
2958 535
2958 534
2954 534
2954 535
2951 535
2951 536
2950 536
2950 537
2943 537
2943 538
2942 538
2942 541
2941 541
2941 549
2940 549
2940 601
2939 601
2939 610
2938 610
2938 611
2937 611
2937 612
2936 612
2936 613
2935 613
2935 614
2934 614
2934 615
2932 615
2932 616
2931 616
2931 617
2930 617
2930 619
2929 619
2929 620
2928 620
2928 621
2927 621
2927 622
2926 622
2926 623
2925 623
2925 624
2924 624
2924 625
2923 625
2923 626
2922 626
2922 628
2921 628
2921 632
2920 632
2920 666
2919 666
2919 667
2918 667
2918 668
2917 668
2917 669
2916 669
2916 670
2913 670
2913 671
2910 671
2910 677
2909 677
2909 679
2908 679
2908 680
2905 680
2905 681
2901 681
2901 687
2900 687
2900 690
2899 690
2899 691
2897 691
2897 692
2894 692
2894 693
2888 693
2888 697
2887 697
2887 709
2886 709
2886 711
2885 711
2885 712
2878 712
2878 713
2877 713
2877 715
2876 715
2876 736
2877 736
2877 737
2876 737
2876 745
2875 745
2875 748
2874 748
2874 749
2872 749
2872 750
2868 750
2868 751
2866 751
2866 756
2865 756
2865 757
2866 757
2866 783
2867 783
2867 787
2866 787
2866 790
2865 790
2865 791
2864 791
2864 792
2862 792
2862 793
2852 793
2852 792
2850 792
2850 791
2848 791
2848 790
2847 790
2847 789
2846 789
2846 788
2845 788
2845 787
2844 787
2844 785
2843 785
2843 781
2842 781
2842 771
2841 771
2841 767
2842 767
2842 763
2841 763
2841 761
2840 761
2840 760
2839 760
2839 759
2831 759
2831 760
2829 760
2829 761
2820 761
2820 760
2817 760
2817 761
2804 761
2804 760
2787 760
2787 761
2783 761
2783 760
2780 760
2780 761
2775 761
2775 762
2774 762
2774 764
2771 764
2771 765
2766 765
2766 766
2765 766
2765 767
2763 767
2763 768
2762 768
2762 769
2761 769
2761 771
2760 771
2760 772
2759 772
2759 773
2758 773
