1503 298
1504 298
1504 299
1509 299
1509 298
1512 298
1512 297
1518 297
1518 296
1521 296
1521 295
1522 295
1522 294
1523 294
1523 292
1524 292
1524 288
1525 288
1525 287
1527 287
1527 286
1530 286
1530 285
1531 285
1531 284
1537 284
1537 283
1541 283
1541 282
1544 282
1544 281
1546 281
1546 279
1547 279
1547 278
1548 278
1548 277
1549 277
1549 276
1550 276
1550 275
1551 275
1551 274
1553 274
1553 273
1555 273
1555 274
1560 274
1560 275
1563 275
1563 276
1564 276
1564 277
1565 277
1565 292
1566 292
1566 302
1567 302
1567 303
1568 303
1568 304
1573 304
1573 305
1576 305
1576 304
1577 304
1577 303
1583 303
1583 302
1591 302
1591 301
1590 301
1590 300
1591 300
1591 301
1595 301
1595 299
1596 299
1596 287
1595 287
1595 283
1596 283
1596 278
1595 278
1595 254
1596 254
1596 253
1597 253
1597 252
1602 252
1602 253
1604 253
1604 254
1605 254
1605 255
1606 255
1606 257
1607 257
1607 258
1610 258
1610 259
1619 259
1619 258
1622 258
1622 257
1623 257
1623 252
1624 252
1624 251
1623 251
1623 231
1624 231
1624 230
1625 230
1625 229
1627 229
1627 228
1629 228
1629 227
1630 227
1630 226
1631 226
1631 225
1637 225
1637 226
1639 226
1639 227
1640 227
1640 228
1642 228
1642 229
1643 229
1643 230
1645 230
1645 231
1646 231
1646 230
1653 230
1653 229
1656 229
1656 228
1658 228
1658 227
1677 227
1677 226
1680 226
1680 192
1684 192
1684 193
1686 193
1686 194
1687 194
1687 195
1688 195
1688 197
1689 197
1689 198
1694 198
1694 197
1696 197
1696 196
1697 196
1697 194
1698 194
1698 193
1699 193
1699 190
1700 190
1700 189
1701 189
1701 188
1702 188
1702 187
1704 187
1704 186
1705 186
1705 184
1704 184
1704 182
1703 182
1703 181
1702 181
1702 178
1701 178
1701 173
1702 173
1702 172
1703 172
1703 171
1704 171
1704 170
1706 170
1706 169
1708 169
1708 168
1709 168
1709 167
1710 167
1710 165
1711 165
1711 162
1716 162
1716 163
1718 163
1718 164
1720 164
1720 165
1722 165
1722 166
1723 166
1723 167
1724 167
1724 168
1726 168
1726 169
1727 169
1727 170
1729 170
1729 171
1730 171
1730 172
1732 172
1732 173
1735 173
1735 174
1736 174
1736 175
1739 175
1739 174
1747 174
1747 173
1753 173
1753 172
1760 172
1760 171
1770 171
1770 170
1773 170
1773 168
1774 168
1774 163
1777 163
1777 162
1782 162
1782 161
1783 161
1783 160
1784 160
1784 99
1785 99
1785 98
1788 98
1788 97
1789 97
1789 96
1790 96
1790 95
1795 95
1795 96
1802 96
1802 97
1804 97
1804 101
1808 101
1808 102
1812 102
1812 101
1816 101
1816 100
1817 100
1817 99
1818 99
1818 100
1817 100
1817 101
1816 101
1816 102
1812 102
1812 103
1808 103
1808 102
1804 102
1804 101
1803 101
1803 98
1802 98
1802 97
1795 97
1795 96
1790 96
1790 97
1789 97
1789 98
1788 98
1788 99
1785 99
1785 160
1784 160
1784 161
1783 161
1783 162
1782 162
1782 163
1777 163
1777 164
1775 164
1775 168
1774 168
1774 170
1773 170
1773 171
1770 171
1770 172
1760 172
1760 173
1753 173
1753 174
1747 174
1747 175
1739 175
1739 176
1736 176
1736 175
1735 175
1735 174
1732 174
1732 173
1730 173
1730 172
1729 172
1729 171
1727 171
1727 170
1726 170
1726 169
1724 169
1724 168
1723 168
1723 167
1722 167
1722 166
1720 166
1720 165
1718 165
1718 164
1716 164
1716 163
1712 163
1712 165
1711 165
1711 167
1710 167
1710 168
1709 168
1709 169
1708 169
1708 170
1706 170
1706 171
1704 171
1704 172
1703 172
1703 173
1702 173
1702 178
1703 178
1703 181
1704 181
1704 182
1705 182
1705 184
1706 184
1706 186
1705 186
1705 187
1704 187
1704 188
1702 188
1702 189
1701 189
1701 190
1700 190
1700 193
1699 193
1699 194
1698 194
1698 196
1697 196
1697 197
1696 197
1696 198
1694 198
1694 199
1689 199
1689 198
1688 198
1688 197
1687 197
1687 195
1686 195
1686 194
1684 194
1684 193
1681 193
1681 226
1680 226
1680 227
1677 227
1677 228
1658 228
1658 229
1656 229
1656 230
1653 230
1653 231
1646 231
1646 232
1645 232
1645 231
1643 231
1643 230
1642 230
1642 229
1640 229
1640 228
1639 228
1639 227
1637 227
1637 226
1631 226
1631 227
1630 227
1630 228
1629 228
1629 229
1627 229
1627 230
1625 230
1625 231
1624 231
1624 251
1625 251
1625 252
1624 252
1624 257
1623 257
1623 258
1622 258
1622 259
1619 259
1619 260
1610 260
1610 259
1607 259
1607 258
1606 258
1606 257
1605 257
1605 255
1604 255
1604 254
1602 254
1602 253
1597 253
1597 254
1596 254
1596 278
1597 278
1597 283
1596 283
1596 287
1597 287
1597 299
1596 299
1596 301
1595 301
1595 302
1591 302
1591 303
1583 303
1583 304
1577 304
1577 305
1576 305
1576 306
1573 306
1573 305
1568 305
1568 304
1567 304
1567 303
1566 303
1566 302
1565 302
1565 292
1564 292
1564 277
1563 277
1563 276
1560 276
1560 275
1555 275
1555 274
1553 274
1553 275
1551 275
1551 276
1550 276
1550 277
1549 277
1549 278
1548 278
1548 279
1547 279
1547 281
1546 281
1546 282
1544 282
1544 283
1541 283
1541 284
1537 284
1537 285
1531 285
1531 286
1530 286
1530 287
1527 287
1527 288
1525 288
1525 292
1524 292
1524 294
1523 294
1523 295
1522 295
1522 296
1521 296
1521 297
1518 297
1518 298
1512 298
1512 299
1509 299
1509 300
1504 300
1504 299
1502 299
1502 297
1492 297
1492 298
1489 298
1489 301
1483 301
1483 302
1482 302
1482 303
1481 303
1481 304
1480 304
1480 305
1478 305
1478 306
1477 306
1477 307
1476 307
1476 308
1475 308
1475 309
1473 309
1473 311
1469 311
1469 312
1468 312
1468 313
1467 313
1467 314
1466 314
1466 315
1465 315
1465 316
1461 316
1461 317
1460 317
1460 318
1458 318
1458 319
1454 319
1454 320
1453 320
1453 321
1452 321
1452 322
1451 322
1451 323
1450 323
1450 324
1447 324
1447 329
1448 329
1448 335
1447 335
1447 337
1446 337
1446 338
1442 338
1442 339
1435 339
1435 340
1429 340
1429 341
1426 341
1426 342
1425 342
1425 343
1424 343
1424 344
1423 344
1423 345
1420 345
1420 346
1418 346
1418 347
1417 347
1417 348
1416 348
1416 349
1413 349
1413 350
1412 350
1412 351
1410 351
1410 352
1405 352
1405 353
1404 353
1404 354
1400 354
1400 355
1398 355
1398 356
1396 356
1396 357
1395 357
1395 358
1394 358
1394 359
1393 359
1393 360
1391 360
1391 361
1390 361
1390 362
1389 362
1389 363
1388 363
1388 364
1387 364
1387 365
1386 365
1386 366
1385 366
1385 367
1383 367
1383 368
1381 368
1381 369
1378 369
1378 370
1374 370
1374 371
1373 371
1373 373
1372 373
1372 375
1371 375
1371 376
1367 376
1367 377
1364 377
1364 378
1355 378
1355 379
1353 379
1353 380
1352 380
1352 381
1345 381
1345 380
1343 380
1343 379
1340 379
1340 378
1339 378
1339 377
1337 377
1337 376
1336 376
1336 375
1335 375
1335 374
1334 374
1334 373
1328 373
1328 374
1327 374
1327 375
1325 375
1325 376
1323 376
1323 377
1322 377
1322 378
1320 378
1320 382
1319 382
1319 391
1318 391
1318 400
1317 400
1317 402
1316 402
1316 403
1315 403
1315 404
1314 404
1314 405
1313 405
1313 406
1311 406
1311 407
1306 407
1306 408
1302 408
1302 409
1299 409
1299 410
1296 410
1296 411
1295 411
1295 412
1294 412
1294 413
1292 413
1292 414
1291 414
1291 415
1289 415
1289 416
1287 416
1287 417
1286 417
1286 418
1285 418
1285 419
1281 419
1281 420
1278 420
1278 421
1276 421
1276 420
1274 420
1274 421
1273 421
1273 422
1271 422
1271 421
1269 421
1269 420
1268 420
1268 419
1267 419
1267 418
1266 418
1266 417
1265 417
1265 416
1261 416
1261 415
1258 415
1258 414
1257 414
1257 413
1255 413
1255 412
1253 412
1253 411
1249 411
1249 412
1247 412
1247 413
1246 413
1246 414
1244 414
1244 415
1243 415
1243 417
1242 417
1242 418
1235 418
1235 425
1234 425
1234 426
1230 426
1230 427
1227 427
1227 431
1226 431
1226 432
1225 432
1225 433
1219 433
1219 434
1216 434
1216 435
1214 435
1214 436
1211 436
1211 435
1207 435
1207 436
1204 436
1204 437
1202 437
1202 438
1201 438
1201 439
1199 439
1199 440
1196 440
1196 441
1195 441
1195 440
1191 440
1191 442
1189 442
1189 444
1188 444
1188 449
1187 449
1187 450
1186 450
1186 453
1185 453
1185 454
1184 454
1184 455
1179 455
1179 456
1175 456
1175 457
1158 457
1158 456
1157 456
1157 455
1156 455
1156 454
1155 454
1155 453
1154 453
1154 452
1153 452
1153 448
1152 448
1152 447
1151 447
1151 445
1150 445
1150 444
1149 444
1149 440
1148 440
1148 434
1147 434
1147 430
1146 430
1146 429
1143 429
1143 428
1137 428
1137 429
1136 429
1136 430
1134 430
1134 431
1131 431
1131 432
1129 432
1129 434
1128 434
1128 438
1127 438
1127 440
1126 440
1126 441
1115 441
1115 442
1111 442
1111 443
1110 443
1110 442
1099 442
1099 441
1096 441
1096 440
1092 440
1092 439
1090 439
1090 440
1088 440
1088 441
1081 441
1081 440
1078 440
1078 439
1069 439
1069 438
1066 438
1066 437
1065 437
1065 436
1063 436
1063 435
1062 435
1062 434
1061 434
1061 433
1060 433
1060 432
1059 432
1059 431
1058 431
1058 427
1057 427
1057 420
1056 420
1056 418
1052 418
1052 419
1051 419
1051 418
1045 418
1045 419
1042 419
1042 423
1043 423
1043 426
1044 426
1044 430
1043 430
1043 431
1042 431
1042 432
1038 432
1038 434
1037 434
1037 435
1035 435
1035 436
1032 436
1032 435
1025 435
1025 434
1023 434
1023 433
1022 433
1022 428
1021 428
1021 421
1020 421
1020 417
1019 417
1019 416
1017 416
1017 415
1016 415
1016 414
1014 414
1014 413
1013 413
1013 412
1012 412
1012 411
1011 411
1011 410
1010 410
1010 412
1008 412
1008 413
1007 413
1007 414
1005 414
1005 415
1003 415
1003 416
1002 416
1002 417
1000 417
1000 418
999 418
999 419
998 419
998 420
997 420
997 421
994 421
994 422
992 422
992 423
987 423
987 424
985 424
985 426
984 426
984 427
981 427
981 429
980 429
980 430
978 430
978 431
969 431
969 430
957 430
957 429
954 429
954 428
952 428
952 427
945 427
945 426
940 426
940 427
933 427
933 426
932 426
932 425
931 425
931 423
930 423
930 422
929 422
929 419
928 419
928 415
927 415
927 413
925 413
925 412
924 412
924 411
923 411
923 410
922 410
922 409
919 409
919 408
918 408
918 407
914 407
914 408
912 408
912 410
911 410
911 411
909 411
909 412
907 412
907 413
905 413
905 414
899 414
899 415
897 415
897 414
884 414
884 413
881 413
881 412
880 412
880 411
879 411
879 408
878 408
878 407
877 407
877 406
875 406
875 405
874 405
874 404
873 404
873 403
872 403
872 396
871 396
871 388
870 388
870 387
869 387
869 386
867 386
867 385
866 385
866 384
864 384
864 383
862 383
862 382
861 382
861 381
860 381
860 380
859 380
859 378
858 378
858 374
853 374
853 376
852 376
852 377
851 377
851 378
850 378
850 379
849 379
849 380
848 380
848 381
846 381
846 382
845 382
845 383
844 383
844 384
843 384
843 385
842 385
842 386
838 386
838 387
830 387
830 388
828 388
828 389
826 389
826 390
825 390
825 391
824 391
824 392
823 392
823 393
821 393
821 394
820 394
820 395
818 395
818 396
809 396
809 395
808 395
808 394
807 394
807 392
806 392
806 391
802 391
802 390
801 390
801 389
800 389
800 388
799 388
799 386
798 386
798 382
797 382
797 380
796 380
796 379
795 379
795 378
794 378
794 377
793 377
793 376
792 376
792 375
791 375
791 373
789 373
789 372
788 372
788 371
787 371
787 370
786 370
786 369
785 369
785 364
784 364
784 360
783 360
783 358
782 358
782 357
774 357
774 356
773 356
773 355
767 355
767 356
766 356
766 357
765 357
765 358
759 358
759 359
752 359
752 360
746 360
746 361
744 361
744 362
743 362
743 363
741 363
741 364
732 364
732 365
719 365
719 364
714 364
714 363
712 363
712 362
710 362
710 361
709 361
709 360
708 360
708 355
707 355
707 352
708 352
708 343
707 343
707 331
706 331
706 319
705 319
705 313
704 313
704 308
703 308
703 305
702 305
702 298
701 298
701 297
700 297
700 295
699 295
699 294
698 294
698 293
697 293
697 291
696 291
696 289
695 289
695 286
694 286
694 285
692 285
692 284
691 284
691 283
684 283
684 282
670 282
670 281
667 281
667 280
665 280
665 279
661 279
661 278
660 278
660 277
656 277
656 276
654 276
654 275
653 275
653 274
651 274
651 273
648 273
648 274
643 274
643 273
641 273
641 272
640 272
640 271
639 271
639 270
638 270
638 269
637 269
637 268
636 268
636 266
635 266
635 263
634 263
634 255
633 255
633 250
632 250
632 246
631 246
631 245
630 245
630 243
629 243
629 242
628 242
628 241
627 241
627 240
626 240
626 238
625 238
625 237
624 237
624 236
623 236
623 235
621 235
621 234
617 234
617 233
611 233
611 232
608 232
608 231
606 231
606 230
604 230
604 229
602 229
602 228
601 228
601 227
600 227
600 226
599 226
599 224
598 224
598 222
597 222
597 221
596 221
596 205
595 205
595 203
593 203
593 202
591 202
591 201
590 201
590 200
589 200
589 199
586 199
586 198
583 198
583 197
582 197
582 196
581 196
581 194
580 194
580 190
579 190
579 189
578 189
578 188
577 188
577 187
575 187
575 186
574 186
574 185
573 185
573 184
572 184
572 183
571 183
571 182
570 182
570 180
569 180
569 179
568 179
568 178
567 178
567 177
565 177
565 176
562 176
562 175
560 175
560 174
558 174
558 173
556 173
556 172
554 172
554 171
553 171
553 170
552 170
552 168
551 168
551 167
550 167
550 166
549 166
549 165
548 165
548 162
547 162
547 160
546 160
546 159
545 159
545 158
544 158
544 156
543 156
543 155
542 155
542 154
541 154
541 153
540 153
540 152
538 152
538 151
537 151
537 150
536 150
536 149
535 149
535 148
534 148
534 147
533 147
533 146
532 146
532 145
531 145
531 144
530 144
530 143
528 143
528 144
522 144
522 143
520 143
520 142
519 142
519 141
515 141
515 140
514 140
514 139
513 139
513 134
512 134
512 133
511 133
511 132
510 132
510 129
509 129
509 128
505 128
505 127
504 127
504 126
503 126
503 125
502 125
502 126
495 126
495 127
490 127
490 126
495 126
495 125
502 125
502 124
504 124
504 126
505 126
505 127
510 127
510 129
511 129
511 132
512 132
512 133
513 133
513 134
514 134
514 139
515 139
515 140
519 140
519 141
520 141
520 142
522 142
522 143
528 143
528 142
530 142
530 143
531 143
531 144
532 144
532 145
533 145
533 146
534 146
534 147
535 147
535 148
536 148
536 149
537 149
537 150
538 150
538 151
540 151
540 152
541 152
541 153
542 153
542 154
543 154
543 155
544 155
544 156
545 156
545 158
546 158
546 159
547 159
547 160
548 160
548 162
549 162
549 165
550 165
550 166
551 166
551 167
552 167
552 168
553 168
553 170
554 170
554 171
556 171
556 172
558 172
558 173
560 173
560 174
562 174
562 175
565 175
565 176
567 176
567 177
568 177
568 178
569 178
569 179
570 179
570 180
571 180
571 182
572 182
572 183
573 183
573 184
574 184
574 185
575 185
575 186
577 186
577 187
578 187
578 188
579 188
579 189
580 189
580 190
581 190
581 194
582 194
582 196
583 196
583 197
586 197
586 198
589 198
589 199
590 199
590 200
591 200
591 201
593 201
593 202
595 202
595 203
596 203
596 205
597 205
597 221
598 221
598 222
599 222
599 224
600 224
600 226
601 226
601 227
602 227
602 228
604 228
604 229
606 229
606 230
608 230
608 231
611 231
611 232
617 232
617 233
621 233
621 234
623 234
623 235
624 235
624 236
625 236
625 237
626 237
626 238
627 238
627 240
628 240
628 241
629 241
629 242
630 242
630 243
631 243
631 245
632 245
632 246
633 246
633 250
634 250
634 255
635 255
635 263
636 263
636 266
637 266
637 268
638 268
638 269
639 269
639 270
640 270
640 271
641 271
641 272
643 272
643 273
648 273
648 272
651 272
651 273
653 273
653 274
654 274
654 275
656 275
656 276
660 276
660 277
661 277
661 278
665 278
665 279
667 279
667 280
670 280
670 281
684 281
684 282
691 282
691 283
692 283
692 284
694 284
694 285
695 285
695 286
696 286
696 289
697 289
697 291
698 291
698 293
699 293
699 294
700 294
700 295
701 295
701 297
702 297
702 298
703 298
703 305
704 305
704 308
705 308
705 313
706 313
706 319
707 319
707 331
708 331
708 343
709 343
709 352
708 352
708 355
709 355
709 360
710 360
710 361
712 361
712 362
714 362
714 363
719 363
719 364
732 364
732 363
741 363
741 362
743 362
743 361
744 361
744 360
746 360
746 359
752 359
752 358
759 358
759 357
765 357
765 356
766 356
766 355
767 355
767 354
773 354
773 355
774 355
774 356
782 356
782 357
783 357
783 358
784 358
784 360
785 360
785 364
786 364
786 369
787 369
787 370
788 370
788 371
789 371
789 372
791 372
791 373
792 373
792 375
793 375
793 376
794 376
794 377
795 377
795 378
796 378
796 379
797 379
797 380
798 380
798 382
799 382
799 386
800 386
800 388
801 388
801 389
802 389
802 390
806 390
806 391
807 391
807 392
808 392
808 394
809 394
809 395
818 395
818 394
820 394
820 393
821 393
821 392
823 392
823 391
824 391
824 390
825 390
825 389
826 389
826 388
828 388
828 387
830 387
830 386
838 386
838 385
842 385
842 384
843 384
843 383
844 383
844 382
845 382
845 381
846 381
846 380
848 380
848 379
849 379
849 378
850 378
850 377
851 377
851 376
852 376
852 374
853 374
853 373
859 373
859 378
860 378
860 380
861 380
861 381
862 381
862 382
864 382
864 383
866 383
866 384
867 384
867 385
869 385
869 386
870 386
870 387
871 387
871 388
872 388
872 396
873 396
873 403
874 403
874 404
875 404
875 405
877 405
877 406
878 406
878 407
879 407
879 408
880 408
880 411
881 411
881 412
884 412
884 413
897 413
897 414
899 414
899 413
905 413
905 412
907 412
907 411
909 411
909 410
911 410
911 408
912 408
912 407
914 407
914 406
918 406
918 407
919 407
919 408
922 408
922 409
923 409
923 410
924 410
924 411
925 411
925 412
927 412
927 413
928 413
928 415
929 415
929 419
930 419
930 422
931 422
931 423
932 423
932 425
933 425
933 426
940 426
940 425
946 425
946 426
952 426
952 427
954 427
954 428
957 428
957 429
969 429
969 430
978 430
978 429
980 429
980 426
984 426
984 424
985 424
985 423
987 423
987 422
992 422
992 421
994 421
994 420
997 420
997 419
998 419
998 418
999 418
999 417
1000 417
1000 416
1002 416
1002 415
1003 415
1003 414
1005 414
1005 413
1007 413
1007 412
1008 412
1008 411
1009 411
1009 410
1010 410
1010 409
1011 409
1011 410
1012 410
1012 411
1013 411
1013 412
1014 412
1014 413
1016 413
1016 414
1017 414
1017 415
1019 415
1019 416
1020 416
1020 417
1021 417
1021 421
1022 421
1022 428
1023 428
1023 433
1025 433
1025 434
1032 434
1032 435
1035 435
1035 434
1037 434
1037 432
1038 432
1038 431
1042 431
1042 430
1043 430
1043 426
1042 426
1042 423
1041 423
1041 419
1042 419
1042 418
1045 418
1045 417
1051 417
1051 418
1052 418
1052 417
1056 417
1056 418
1057 418
1057 420
1058 420
1058 427
1059 427
1059 431
1060 431
1060 432
1061 432
1061 433
1062 433
1062 434
1063 434
1063 435
1065 435
1065 436
1066 436
1066 437
1069 437
1069 438
1078 438
1078 439
1081 439
1081 440
1088 440
1088 439
1090 439
1090 438
1092 438
1092 439
1096 439
1096 440
1099 440
1099 441
1110 441
1110 442
1111 442
1111 441
1115 441
1115 440
1126 440
1126 438
1127 438
1127 434
1128 434
1128 432
1129 432
1129 431
1131 431
1131 430
1134 430
1134 429
1136 429
1136 428
1137 428
1137 427
1143 427
1143 428
1146 428
1146 429
1147 429
1147 430
1148 430
1148 434
1149 434
1149 440
1150 440
1150 444
1151 444
1151 445
1152 445
1152 447
1153 447
1153 448
1154 448
1154 452
1155 452
1155 453
1156 453
1156 454
1157 454
1157 455
1158 455
1158 456
1175 456
1175 455
1179 455
1179 454
1184 454
1184 453
1185 453
1185 450
1186 450
1186 449
1187 449
1187 444
1188 444
1188 442
1189 442
1189 441
1190 441
1190 440
1191 440
1191 439
1195 439
1195 440
1196 440
1196 439
1199 439
1199 438
1201 438
1201 437
1202 437
1202 436
1204 436
1204 435
1207 435
1207 434
1211 434
1211 435
1214 435
1214 434
1216 434
1216 433
1219 433
1219 432
1225 432
1225 431
1226 431
1226 427
1227 427
1227 426
1230 426
1230 425
1234 425
1234 418
1235 418
1235 417
1242 417
1242 415
1243 415
1243 414
1244 414
1244 413
1246 413
1246 412
1247 412
1247 411
1249 411
1249 410
1253 410
1253 411
1255 411
1255 412
1257 412
1257 413
1258 413
1258 414
1262 414
1262 415
1265 415
1265 416
1266 416
1266 417
1267 417
1267 418
1268 418
1268 419
1269 419
1269 420
1271 420
1271 421
1273 421
1273 420
1274 420
1274 419
1276 419
1276 420
1278 420
1278 419
1281 419
1281 418
1285 418
1285 417
1286 417
1286 416
1287 416
1287 415
1289 415
1289 414
1291 414
1291 413
1292 413
1292 412
1294 412
1294 411
1295 411
1295 410
1296 410
1296 409
1299 409
1299 408
1302 408
1302 407
1306 407
1306 406
1311 406
1311 405
1313 405
1313 404
1314 404
1314 403
1315 403
1315 402
1316 402
1316 400
1317 400
1317 391
1318 391
1318 382
1319 382
1319 378
1320 378
1320 377
1322 377
1322 376
1323 376
1323 375
1325 375
1325 374
1327 374
1327 373
1328 373
1328 372
1334 372
1334 373
1335 373
1335 374
1336 374
1336 375
1337 375
1337 376
1339 376
1339 377
1340 377
1340 378
1343 378
1343 379
1345 379
1345 380
1352 380
1352 379
1353 379
1353 378
1355 378
1355 377
1364 377
1364 376
1367 376
1367 375
1371 375
1371 373
1372 373
1372 371
1373 371
1373 370
1374 370
1374 369
1378 369
1378 368
1381 368
1381 367
1383 367
1383 366
1385 366
1385 365
1386 365
1386 364
1387 364
1387 363
1388 363
1388 362
1389 362
1389 361
1390 361
1390 360
1391 360
1391 359
1393 359
1393 358
1394 358
1394 357
1395 357
1395 356
1396 356
1396 355
1398 355
1398 354
1400 354
1400 353
1404 353
1404 352
1405 352
1405 351
1410 351
1410 350
1412 350
1412 349
1413 349
1413 348
1416 348
1416 347
1417 347
1417 346
1418 346
1418 345
1420 345
1420 344
1423 344
1423 343
1424 343
1424 342
1425 342
1425 341
1426 341
1426 340
1429 340
1429 339
1435 339
1435 338
1442 338
1442 337
1446 337
1446 335
1447 335
1447 329
1446 329
1446 324
1447 324
1447 323
1450 323
1450 321
1452 321
1452 320
1453 320
1453 319
1454 319
1454 318
1458 318
1458 317
1460 317
1460 316
1461 316
1461 315
1465 315
1465 314
1466 314
1466 313
1467 313
1467 312
1468 312
1468 311
1469 311
1469 310
1472 310
1472 309
1473 309
1473 308
1475 308
1475 307
1476 307
1476 306
1477 306
1477 305
1478 305
1478 304
1480 304
1480 303
1481 303
1481 302
1482 302
1482 301
1483 301
1483 300
1488 300
1488 297
1492 297
1492 296
1503 296
