2938 445
2928 445
2928 444
2923 444
2923 443
2921 443
2921 444
2920 444
2920 451
2919 451
2919 456
2918 456
2918 460
2919 460
2919 472
2918 472
2918 485
2917 485
2917 488
2916 488
2916 509
2915 509
2915 517
2914 517
2914 525
2913 525
2913 539
2912 539
2912 543
2911 543
2911 545
2910 545
2910 547
2909 547
2909 548
2908 548
2908 549
2907 549
2907 551
2906 551
2906 564
2905 564
2905 570
2904 570
2904 574
2903 574
2903 575
2902 575
2902 576
2901 576
2901 577
2900 577
2900 578
2899 578
2899 579
2898 579
2898 580
2896 580
2896 581
2895 581
2895 583
2894 583
2894 584
2893 584
2893 585
2892 585
2892 588
2891 588
2891 589
2889 589
2889 590
2887 590
2887 591
2883 591
2883 590
2882 590
2882 589
2876 589
2876 590
2873 590
2873 591
2872 591
2872 592
2871 592
2871 593
2870 593
2870 594
2869 594
2869 595
2868 595
2868 596
2867 596
2867 597
2861 597
2861 598
2860 598
2860 599
2858 599
2858 601
2857 601
2857 602
2856 602
2856 603
2854 603
2854 604
2849 604
2849 603
2847 603
2847 602
2836 602
2836 603
2835 603
2835 605
2834 605
2834 606
2832 606
2832 607
2831 607
2831 608
2826 608
2826 609
2821 609
2821 610
2806 610
2806 611
2799 611
2799 612
2795 612
2795 613
2793 613
2793 614
2791 614
2791 615
2789 615
2789 623
2788 623
2788 625
2789 625
2789 627
2788 627
2788 630
2787 630
2787 633
2786 633
2786 634
2785 634
2785 635
2783 635
2783 636
2773 636
2773 637
2771 637
2771 638
2759 638
2759 637
2750 637
2750 636
2746 636
2746 635
2744 635
2744 634
2743 634
2743 633
2742 633
2742 632
2741 632
2741 630
2738 630
2738 629
2737 629
2737 628
2733 628
2733 627
2728 627
2728 626
2723 626
2723 625
2719 625
2719 624
2708 624
2708 625
2707 625
2707 626
2706 626
2706 627
2705 627
2705 628
2704 628
2704 631
2701 631
2701 632
2695 632
2695 633
2694 633
2694 637
2693 637
2693 641
2694 641
2694 642
2693 642
2693 657
2695 657
2695 659
2694 659
2694 661
2693 661
2693 665
2692 665
2692 667
2691 667
2691 668
2688 668
2688 669
2687 669
2687 668
2685 668
2685 667
2682 667
2682 668
2681 668
2681 670
2680 670
2680 671
2679 671
2679 672
2678 672
2678 673
2667 673
2667 674
2666 674
2666 675
2665 675
2665 676
2664 676
2664 677
2663 677
2663 679
2662 679
2662 680
2661 680
2661 681
2660 681
2660 682
2659 682
2659 683
2658 683
2658 684
2657 684
2657 685
2651 685
2651 686
2650 686
2650 687
2649 687
2649 688
2642 688
2642 689
2636 689
2636 688
2634 688
2634 687
2633 687
2633 685
2632 685
2632 684
2631 684
2631 682
2630 682
2630 656
2629 656
2629 655
2627 655
2627 654
2623 654
2623 653
2608 653
2608 654
2604 654
2604 655
2603 655
2603 656
2602 656
2602 657
2601 657
2601 658
2600 658
2600 659
2599 659
2599 660
2598 660
2598 661
2581 661
2581 662
2580 662
2580 661
2575 661
2575 660
2569 660
2569 659
2564 659
2564 658
2554 658
2554 657
2534 657
2534 658
2532 658
2532 659
2529 659
2529 660
2528 660
2528 663
2527 663
2527 664
2526 664
2526 682
2525 682
2525 699
2524 699
2524 720
2523 720
2523 746
2522 746
2522 750
2521 750
2521 754
2520 754
2520 757
2519 757
2519 760
2518 760
2518 763
2517 763
2517 767
2516 767
2516 770
2515 770
2515 771
2514 771
2514 774
2513 774
2513 775
2509 775
2509 776
2508 776
2508 778
2502 778
2502 779
2500 779
2500 780
2498 780
2498 781
2497 781
2497 785
2496 785
2496 790
2495 790
2495 791
2494 791
2494 792
2492 792
2492 793
2491 793
2491 794
2486 794
2486 795
2481 795
2481 794
2477 794
2477 793
2474 793
2474 794
2470 794
2470 795
2463 795
2463 794
2459 794
2459 795
2446 795
2446 796
2440 796
2440 795
2431 795
2431 794
2426 794
2426 793
2420 793
2420 792
2418 792
2418 791
2417 791
2417 790
2416 790
2416 789
2415 789
2415 788
2414 788
2414 787
2412 787
2412 786
2407 786
2407 785
2401 785
2401 786
2391 786
2391 787
2390 787
2390 788
2387 788
2387 789
2386 789
2386 790
2384 790
2384 791
2376 791
2376 792
2370 792
2370 791
2367 791
2367 790
2364 790
2364 789
2361 789
2361 788
2360 788
2360 787
2359 787
2359 786
2358 786
2358 785
2357 785
2357 784
2356 784
2356 783
2355 783
2355 781
2354 781
2354 780
2353 780
2353 763
2352 763
2352 762
2351 762
2351 761
2350 761
2350 760
2349 760
2349 759
2348 759
2348 758
2346 758
2346 757
2344 757
2344 756
2343 756
2343 757
2339 757
2339 756
2333 756
2333 757
2326 757
2326 756
2312 756
2312 791
2311 791
2311 793
2310 793
2310 797
2309 797
2309 798
2308 798
2308 799
2304 799
2304 800
2302 800
2302 801
2300 801
2300 804
2299 804
2299 806
2298 806
2298 808
2297 808
2297 809
2296 809
2296 810
2295 810
2295 811
2293 811
2293 812
2290 812
2290 813
2288 813
2288 814
2287 814
2287 825
2286 825
2286 827
2285 827
2285 829
2284 829
2284 830
2283 830
2283 831
2282 831
2282 832
2281 832
2281 833
2277 833
2277 834
2274 834
2274 835
2272 835
2272 836
2267 836
2267 837
2250 837
2250 842
2249 842
2249 851
2248 851
2248 853
2247 853
2247 854
2243 854
2243 855
2222 855
2222 854
2220 854
2220 853
2218 853
2218 852
2211 852
2211 851
2209 851
2209 850
2207 850
2207 849
2206 849
2206 848
2205 848
2205 847
2204 847
2204 845
2197 845
2197 844
2196 844
2196 843
2192 843
2192 842
2191 842
2191 841
2190 841
2190 840
2189 840
2189 838
2188 838
2188 836
2187 836
2187 835
2183 835
2183 834
2182 834
2182 833
2181 833
2181 832
2180 832
2180 831
2179 831
2179 830
2178 830
2178 828
2177 828
2177 827
2176 827
2176 821
2175 821
2175 811
2174 811
2174 804
2173 804
2173 790
2171 790
2171 789
2169 789
2169 788
2168 788
2168 787
2166 787
2166 786
2165 786
2165 785
2164 785
2164 784
2163 784
2163 783
2162 783
2162 782
2161 782
2161 781
2160 781
2160 780
2159 780
2159 779
2158 779
2158 778
2157 778
2157 777
2156 777
2156 776
2155 776
2155 775
2154 775
2154 774
2153 774
2153 773
2152 773
2152 772
2151 772
2151 757
2150 757
2150 734
2149 734
2149 733
2132 733
2132 734
2128 734
2128 735
2124 735
2124 736
2122 736
2122 737
2123 737
2123 742
2122 742
2122 746
2121 746
2121 747
2120 747
2120 748
2119 748
2119 749
2117 749
2117 750
2116 750
2116 751
2109 751
2109 750
2104 750
2104 749
2097 749
2097 748
2096 748
2096 749
2090 749
2090 750
2085 750
2085 749
2080 749
2080 748
2079 748
2079 747
2077 747
2077 746
2076 746
2076 745
2074 745
2074 744
2073 744
2073 743
2072 743
2072 740
2071 740
2071 736
2070 736
2070 734
2057 734
2057 735
2055 735
2055 734
2054 734
2054 735
2051 735
2051 736
2043 736
2043 737
2035 737
2035 738
2030 738
2030 739
2029 739
2029 738
2024 738
2024 739
2020 739
2020 740
2013 740
2013 739
2012 739
2012 740
1993 740
1993 741
1989 741
1989 742
1985 742
1985 743
1984 743
1984 744
1982 744
1982 745
1972 745
1972 746
1968 746
1968 747
1958 747
1958 748
1957 748
1957 749
1936 749
1936 748
1933 748
1933 747
1932 747
1932 746
1931 746
1931 745
1930 745
1930 744
1929 744
1929 743
1928 743
1928 741
1927 741
1927 739
1926 739
1926 723
1922 723
1922 722
1920 722
1920 721
1919 721
1919 720
1918 720
1918 718
1917 718
1917 716
1916 716
1916 714
1915 714
1915 712
1914 712
1914 711
1913 711
1913 709
1907 709
1907 710
1906 710
1906 712
1903 712
1903 713
1901 713
1901 715
1900 715
1900 716
1899 716
1899 717
1898 717
1898 718
1897 718
1897 720
1896 720
1896 721
1895 721
1895 724
1894 724
1894 725
1893 725
1893 727
1892 727
1892 728
1891 728
1891 729
1890 729
1890 730
1889 730
1889 731
1887 731
1887 732
1886 732
1886 733
1885 733
1885 734
1884 734
1884 740
1883 740
1883 745
1884 745
1884 749
1883 749
1883 763
1882 763
1882 764
1881 764
1881 765
1879 765
1879 766
1878 766
1878 767
1876 767
1876 768
1874 768
1874 769
1871 769
1871 771
1870 771
1870 772
1869 772
1869 773
1868 773
1868 774
1866 774
1866 775
1860 775
1860 776
1859 776
1859 788
1860 788
1860 793
1859 793
1859 796
1858 796
1858 798
1857 798
1857 799
1854 799
1854 800
1848 800
1848 799
1841 799
1841 798
1835 798
1835 811
1836 811
1836 820
1835 820
1835 826
1834 826
1834 828
1832 828
1832 829
1830 829
1830 830
1827 830
1827 831
1824 831
1824 830
1823 830
1823 829
1821 829
1821 830
1819 830
1819 832
1810 832
1810 833
1808 833
1808 832
1798 832
1798 833
1791 833
1791 832
1786 832
1786 831
1783 831
1783 830
1780 830
1780 829
1779 829
1779 828
1776 828
1776 827
1775 827
1775 826
1773 826
1773 825
1772 825
1772 824
1771 824
1771 823
1770 823
1770 822
1768 822
1768 821
1767 821
1767 820
1766 820
1766 817
1765 817
1765 815
1766 815
1766 811
1765 811
1765 809
1764 809
1764 808
1763 808
1763 807
1760 807
1760 806
1756 806
1756 805
1754 805
1754 806
1751 806
1751 807
1750 807
1750 808
1737 808
1737 809
1725 809
1725 808
1714 808
1714 809
1707 809
1707 808
1704 808
1704 809
1692 809
1692 808
1689 808
1689 807
1687 807
1687 806
1685 806
1685 805
1684 805
1684 804
1683 804
1683 802
1682 802
1682 801
1681 801
1681 800
1680 800
1680 799
1679 799
1679 798
1678 798
1678 797
1677 797
1677 794
1674 794
1674 793
1669 793
1669 792
1668 792
1668 791
1667 791
1667 790
1666 790
1666 789
1665 789
1665 788
1664 788
1664 787
1663 787
1663 785
1662 785
1662 782
1661 782
1661 778
1660 778
1660 777
1657 777
1657 776
1653 776
1653 775
1652 775
1652 774
1651 774
1651 773
1650 773
1650 771
1649 771
1649 769
1648 769
1648 765
1647 765
1647 763
1645 763
1645 762
1644 762
1644 761
1641 761
1641 760
1640 760
1640 759
1639 759
1639 758
1638 758
1638 756
1637 756
1637 755
1636 755
1636 749
1635 749
1635 745
1634 745
1634 744
1632 744
1632 743
1630 743
1630 742
1629 742
1629 741
1628 741
1628 740
1627 740
1627 739
1626 739
1626 737
1625 737
1625 735
1624 735
1624 721
1623 721
1623 720
1622 720
1622 719
1620 719
1620 718
1619 718
1619 717
1617 717
1617 716
1616 716
1616 715
1615 715
1615 714
1614 714
1614 712
1613 712
1613 707
1612 707
1612 700
1611 700
1611 699
1607 699
1607 698
1605 698
1605 697
1604 697
1604 696
1603 696
1603 694
1602 694
1602 693
1601 693
1601 689
1600 689
1600 683
1599 683
1599 682
1594 682
1594 681
1593 681
1593 680
1591 680
1591 679
1590 679
1590 678
1589 678
1589 677
1588 677
1588 676
1573 676
1573 675
1570 675
1570 674
1567 674
1567 673
1559 673
1559 672
1558 672
1558 673
1557 673
1557 675
1556 675
1556 681
1555 681
1555 698
1554 698
1554 700
1553 700
1553 702
1552 702
1552 703
1551 703
1551 704
1550 704
1550 705
1548 705
1548 706
1546 706
1546 707
1544 707
1544 708
1543 708
1543 719
1542 719
1542 721
1541 721
1541 722
1540 722
1540 723
1539 723
1539 724
1538 724
1538 725
1535 725
1535 726
1534 726
1534 727
1531 727
1531 730
1530 730
1530 735
1529 735
1529 737
1528 737
1528 738
1527 738
1527 739
1525 739
1525 740
1524 740
1524 741
1520 741
1520 742
1519 742
1519 743
1518 743
1518 762
1519 762
1519 763
1520 763
1520 764
1519 764
1519 765
1518 765
1518 766
1516 766
1516 767
1514 767
1514 768
1513 768
1513 769
1509 769
1509 770
1508 770
1508 771
1506 771
1506 772
1505 772
1505 773
1504 773
1504 774
1500 774
1500 775
1497 775
1497 776
1495 776
1495 775
1487 775
1487 776
1486 776
1486 777
1485 777
1485 778
1484 778
1484 779
1480 779
1480 778
1472 778
1472 779
1469 779
1469 778
1463 778
1463 779
1461 779
1461 780
1459 780
1459 781
1442 781
1442 780
1441 780
1441 779
1430 779
1430 778
1427 778
1427 777
1419 777
1419 776
1415 776
1415 775
1410 775
1410 776
1408 776
1408 777
1407 777
1407 778
1406 778
1406 779
1404 779
1404 780
1403 780
1403 781
1401 781
1401 782
1399 782
1399 783
1396 783
1396 784
1384 784
1384 783
1382 783
1382 782
1380 782
1380 781
1378 781
1378 780
1376 780
1376 779
1373 779
1373 778
1360 778
1360 777
1357 777
1357 776
1356 776
1356 775
1354 775
1354 774
1352 774
1352 773
1350 773
1350 772
1345 772
1345 771
1344 771
1344 770
1343 770
1343 769
1341 769
1341 768
1338 768
1338 769
1331 769
1331 768
1319 768
1319 767
1311 767
1311 766
1310 766
1310 765
1308 765
1308 764
1307 764
1307 763
1306 763
1306 761
1305 761
1305 756
1304 756
1304 745
1305 745
1305 739
1303 739
1303 738
1301 738
1301 737
1300 737
1300 736
1299 736
1299 735
1298 735
1298 734
1297 734
1297 731
1296 731
1296 709
1295 709
1295 693
1294 693
1294 666
1293 666
1293 662
1294 662
1294 637
1293 637
1293 634
1294 634
1294 629
1293 629
1293 611
1292 611
1292 606
1291 606
1291 605
1290 605
1290 603
1289 603
1289 602
1288 602
1288 600
1287 600
1287 593
1286 593
1286 589
1285 589
1285 588
1284 588
1284 587
1271 587
1271 588
1270 588
1270 589
1266 589
1266 590
1261 590
1261 591
1259 591
1259 592
1257 592
1257 593
1255 593
1255 594
1254 594
1254 595
1253 595
1253 596
1252 596
1252 597
1251 597
1251 599
1250 599
1250 600
1249 600
1249 602
1248 602
1248 603
1247 603
1247 604
1242 604
1242 605
1235 605
1235 607
1234 607
1234 610
1233 610
1233 611
1232 611
1232 612
1231 612
1231 613
1230 613
1230 614
1229 614
1229 615
1228 615
1228 617
1227 617
1227 618
1226 618
1226 619
1224 619
1224 620
1223 620
1223 621
1222 621
1222 622
1221 622
1221 623
1219 623
1219 624
1218 624
1218 625
1217 625
1217 626
1216 626
1216 629
1215 629
1215 630
1213 630
1213 632
1212 632
1212 633
1208 633
1208 634
1206 634
1206 635
1205 635
1205 636
1204 636
1204 637
1198 637
1198 638
1194 638
1194 639
1193 639
1193 640
1190 640
1190 641
1189 641
1189 642
1182 642
1182 643
1181 643
1181 644
1172 644
1172 645
1168 645
1168 646
1166 646
1166 647
1165 647
1165 648
1158 648
1158 649
1145 649
1145 648
1134 648
1134 647
1133 647
1133 646
1131 646
1131 645
1127 645
1127 644
1117 644
1117 643
1116 643
1116 642
1103 642
1103 641
1096 641
1096 640
1093 640
1093 639
1092 639
1092 638
1088 638
1088 637
1084 637
1084 636
1083 636
1083 634
1079 634
1079 633
1077 633
1077 632
1075 632
1075 631
1074 631
1074 629
1073 629
1073 628
1072 628
1072 627
1071 627
1071 626
1069 626
1069 625
1068 625
1068 622
1067 622
1067 620
1066 620
1066 618
1065 618
1065 617
1064 617
1064 616
1063 616
1063 613
1062 613
1062 612
1061 612
1061 611
1060 611
1060 609
1059 609
1059 598
1058 598
1058 593
1057 593
1057 582
1056 582
1056 538
1055 538
1055 524
1054 524
1054 522
1055 522
1055 489
1054 489
1054 483
1053 483
1053 480
1052 480
1052 478
1051 478
1051 474
1050 474
1050 471
1049 471
1049 468
1045 468
1045 467
1043 467
1043 466
1041 466
1041 465
1035 465
1035 466
1034 466
1034 465
1030 465
1030 464
1027 464
1027 465
1024 465
1024 466
1023 466
1023 467
1012 467
1012 466
1007 466
1007 465
1006 465
1006 464
1004 464
1004 463
1003 463
1003 462
1002 462
1002 461
1001 461
1001 458
1000 458
1000 457
999 457
999 456
998 456
998 454
995 454
995 453
994 453
994 452
993 452
993 451
992 451
992 450
991 450
991 448
990 448
990 445
989 445
989 436
990 436
990 427
989 427
989 425
986 425
986 424
984 424
984 423
974 423
974 422
971 422
971 421
970 421
970 420
969 420
969 419
968 419
968 418
961 418
961 417
953 417
953 416
947 416
947 417
940 417
940 416
937 416
937 415
933 415
933 414
925 414
925 413
924 413
924 412
923 412
923 411
922 411
922 410
920 410
920 409
919 409
919 408
917 408
917 407
916 407
916 406
913 406
913 405
912 405
912 404
911 404
911 403
910 403
910 402
909 402
909 400
908 400
908 398
907 398
907 376
906 376
906 368
905 368
905 366
904 366
904 362
905 362
905 361
904 361
904 360
903 360
903 358
902 358
902 356
900 356
900 355
896 355
896 356
895 356
895 357
893 357
893 358
892 358
892 359
891 359
891 360
884 360
884 361
883 361
883 363
882 363
882 364
881 364
881 365
880 365
880 367
879 367
879 368
878 368
878 369
877 369
877 370
876 370
876 371
875 371
875 372
874 372
874 373
873 373
873 375
872 375
872 376
871 376
871 377
870 377
870 378
869 378
869 379
868 379
868 380
867 380
867 381
866 381
866 382
860 382
860 381
866 381
866 380
867 380
867 379
868 379
868 378
869 378
869 377
870 377
870 376
871 376
871 375
872 375
872 373
873 373
873 372
874 372
874 371
875 371
875 370
876 370
876 369
877 369
877 368
878 368
878 367
879 367
879 365
880 365
880 364
881 364
881 363
882 363
882 361
883 361
883 360
884 360
884 359
891 359
891 358
892 358
892 357
893 357
893 356
895 356
895 355
896 355
896 354
900 354
900 355
902 355
902 356
903 356
903 358
904 358
904 360
905 360
905 361
906 361
906 362
905 362
905 366
906 366
906 368
907 368
907 376
908 376
908 398
909 398
909 400
910 400
910 402
911 402
911 403
912 403
912 404
913 404
913 405
916 405
916 406
917 406
917 407
919 407
919 408
920 408
920 409
922 409
922 410
923 410
923 411
924 411
924 412
925 412
925 413
933 413
933 414
937 414
937 415
940 415
940 416
947 416
947 415
953 415
953 416
961 416
961 417
968 417
968 418
969 418
969 419
970 419
970 420
971 420
971 421
974 421
974 422
984 422
984 423
986 423
986 424
989 424
989 425
990 425
990 427
991 427
991 436
990 436
990 445
991 445
991 448
992 448
992 450
993 450
993 451
994 451
994 452
995 452
995 453
998 453
998 454
999 454
999 456
1000 456
1000 457
1001 457
1001 458
1002 458
1002 461
1003 461
1003 462
1004 462
1004 463
1006 463
1006 464
1007 464
1007 465
1012 465
1012 466
1023 466
1023 465
1024 465
1024 464
1027 464
1027 463
1030 463
1030 464
1034 464
1034 465
1035 465
1035 464
1041 464
1041 465
1043 465
1043 466
1045 466
1045 467
1049 467
1049 468
1050 468
1050 471
1051 471
1051 474
1052 474
1052 478
1053 478
1053 480
1054 480
1054 483
1055 483
1055 489
1056 489
1056 522
1055 522
1055 524
1056 524
1056 538
1057 538
1057 582
1058 582
1058 593
1059 593
1059 598
1060 598
1060 609
1061 609
1061 611
1062 611
1062 612
1063 612
1063 613
1064 613
1064 616
1065 616
1065 617
1066 617
1066 618
1067 618
1067 620
1068 620
1068 622
1069 622
1069 625
1071 625
1071 626
1072 626
1072 627
1073 627
1073 628
1074 628
1074 629
1075 629
1075 631
1077 631
1077 632
1079 632
1079 633
1083 633
1083 634
1084 634
1084 636
1088 636
1088 637
1092 637
1092 638
1093 638
1093 639
1096 639
1096 640
1103 640
1103 641
1116 641
1116 642
1117 642
1117 643
1127 643
1127 644
1131 644
1131 645
1133 645
1133 646
1134 646
1134 647
1145 647
1145 648
1158 648
1158 647
1165 647
1165 646
1166 646
1166 645
1168 645
1168 644
1172 644
1172 643
1181 643
1181 642
1182 642
1182 641
1189 641
1189 640
1190 640
1190 639
1193 639
1193 638
1194 638
1194 637
1198 637
1198 636
1204 636
1204 635
1205 635
1205 634
1206 634
1206 633
1208 633
1208 632
1212 632
1212 630
1213 630
1213 629
1215 629
1215 626
1216 626
1216 625
1217 625
1217 624
1218 624
1218 623
1219 623
1219 622
1221 622
1221 621
1222 621
1222 620
1223 620
1223 619
1224 619
1224 618
1226 618
1226 617
1227 617
1227 615
1228 615
1228 614
1229 614
1229 613
1230 613
1230 612
1231 612
1231 611
1232 611
1232 610
1233 610
1233 607
1234 607
1234 605
1235 605
1235 604
1242 604
1242 603
1247 603
1247 602
1248 602
1248 600
1249 600
1249 599
1250 599
1250 597
1251 597
1251 596
1252 596
1252 595
1253 595
1253 594
1254 594
1254 593
1255 593
1255 592
1257 592
1257 591
1259 591
1259 590
1261 590
1261 589
1266 589
1266 588
1270 588
1270 587
1271 587
1271 586
1284 586
1284 587
1285 587
1285 588
1286 588
1286 589
1287 589
1287 593
1288 593
1288 600
1289 600
1289 602
1290 602
1290 603
1291 603
1291 605
1292 605
1292 606
1293 606
1293 611
1294 611
1294 629
1295 629
1295 634
1294 634
1294 637
1295 637
1295 662
1294 662
1294 666
1295 666
1295 693
1296 693
1296 709
1297 709
1297 731
1298 731
1298 734
1299 734
1299 735
1300 735
1300 736
1301 736
1301 737
1303 737
1303 738
1305 738
1305 739
1306 739
1306 745
1305 745
1305 756
1306 756
1306 761
1307 761
1307 763
1308 763
1308 764
1310 764
1310 765
1311 765
1311 766
1319 766
1319 767
1331 767
1331 768
1338 768
1338 767
1341 767
1341 768
1344 768
1344 770
1345 770
1345 771
1350 771
1350 772
1352 772
1352 773
1354 773
1354 774
1356 774
1356 775
1357 775
1357 776
1360 776
1360 777
1373 777
1373 778
1376 778
1376 779
1378 779
1378 780
1380 780
1380 781
1382 781
1382 782
1384 782
1384 783
1396 783
1396 782
1399 782
1399 781
1401 781
1401 780
1403 780
1403 779
1404 779
1404 778
1406 778
1406 777
1407 777
1407 776
1408 776
1408 775
1410 775
1410 774
1415 774
1415 775
1419 775
1419 776
1427 776
1427 777
1430 777
1430 778
1441 778
1441 779
1442 779
1442 780
1459 780
1459 779
1461 779
1461 778
1463 778
1463 777
1469 777
1469 778
1472 778
1472 777
1480 777
1480 778
1484 778
1484 776
1485 776
1485 775
1487 775
1487 774
1495 774
1495 775
1497 775
1497 774
1500 774
1500 773
1504 773
1504 772
1505 772
1505 771
1506 771
1506 770
1508 770
1508 769
1509 769
1509 768
1513 768
1513 766
1512 766
1512 765
1513 765
1513 766
1516 766
1516 765
1518 765
1518 764
1519 764
1519 763
1518 763
1518 762
1517 762
1517 743
1518 743
1518 742
1519 742
1519 741
1520 741
1520 740
1524 740
1524 739
1525 739
1525 738
1527 738
1527 737
1528 737
1528 735
1529 735
1529 730
1530 730
1530 727
1531 727
1531 726
1534 726
1534 725
1535 725
1535 724
1538 724
1538 723
1539 723
1539 722
1540 722
1540 721
1541 721
1541 719
1542 719
1542 708
1543 708
1543 707
1544 707
1544 706
1546 706
1546 705
1548 705
1548 704
1550 704
1550 703
1551 703
1551 702
1552 702
1552 700
1553 700
1553 698
1554 698
1554 681
1555 681
1555 675
1556 675
1556 673
1557 673
1557 672
1558 672
1558 671
1559 671
1559 672
1567 672
1567 673
1570 673
1570 674
1573 674
1573 675
1588 675
1588 676
1589 676
1589 677
1590 677
1590 678
1591 678
1591 679
1593 679
1593 680
1594 680
1594 681
1599 681
1599 682
1600 682
1600 683
1601 683
1601 689
1602 689
1602 693
1603 693
1603 694
1604 694
1604 696
1605 696
1605 697
1607 697
1607 698
1611 698
1611 699
1612 699
1612 700
1613 700
1613 707
1614 707
1614 712
1615 712
1615 714
1616 714
1616 715
1617 715
1617 716
1619 716
1619 717
1620 717
1620 718
1622 718
1622 719
1623 719
1623 720
1624 720
1624 721
1625 721
1625 735
1626 735
1626 737
1627 737
1627 739
1628 739
1628 740
1629 740
1629 741
1630 741
1630 742
1632 742
1632 743
1634 743
1634 744
1635 744
1635 745
1636 745
1636 749
1637 749
1637 755
1638 755
1638 756
1639 756
1639 758
1640 758
1640 759
1641 759
1641 760
1644 760
1644 761
1645 761
1645 762
1647 762
1647 763
1648 763
1648 765
1649 765
1649 769
1650 769
1650 771
1651 771
1651 773
1652 773
1652 774
1653 774
1653 775
1657 775
1657 776
1660 776
1660 777
1661 777
1661 778
1662 778
1662 782
1663 782
1663 785
1664 785
1664 787
1665 787
1665 788
1666 788
1666 789
1667 789
1667 790
1668 790
1668 791
1669 791
1669 792
1674 792
1674 793
1677 793
1677 794
1678 794
1678 797
1679 797
1679 798
1680 798
1680 799
1681 799
1681 800
1682 800
1682 801
1683 801
1683 802
1684 802
1684 804
1685 804
1685 805
1687 805
1687 806
1689 806
1689 807
1692 807
1692 808
1704 808
1704 807
1707 807
1707 808
1714 808
1714 807
1725 807
1725 808
1737 808
1737 807
1750 807
1750 806
1751 806
1751 805
1754 805
1754 804
1756 804
1756 805
1760 805
1760 806
1763 806
1763 807
1764 807
1764 808
1765 808
1765 809
1766 809
1766 811
1767 811
1767 815
1766 815
1766 817
1767 817
1767 820
1768 820
1768 821
1770 821
1770 822
1771 822
1771 823
1772 823
1772 824
1773 824
1773 825
1775 825
1775 826
1776 826
1776 827
1779 827
1779 828
1780 828
1780 829
1783 829
1783 830
1786 830
1786 831
1791 831
1791 832
1798 832
1798 831
1808 831
1808 832
1810 832
1810 831
1818 831
1818 830
1819 830
1819 829
1821 829
1821 828
1823 828
1823 829
1824 829
1824 830
1827 830
1827 829
1830 829
1830 828
1832 828
1832 827
1833 827
1833 826
1834 826
1834 820
1835 820
1835 811
1834 811
1834 798
1835 798
1835 797
1841 797
1841 798
1848 798
1848 799
1854 799
1854 798
1857 798
1857 796
1858 796
1858 793
1859 793
1859 788
1858 788
1858 776
1859 776
1859 775
1860 775
1860 774
1866 774
1866 773
1868 773
1868 772
1869 772
1869 771
1870 771
1870 769
1871 769
1871 768
1874 768
1874 767
1876 767
1876 766
1878 766
1878 765
1879 765
1879 764
1881 764
1881 763
1882 763
1882 749
1883 749
1883 745
1882 745
1882 740
1883 740
1883 734
1884 734
1884 733
1885 733
1885 732
1886 732
1886 731
1887 731
1887 730
1889 730
1889 729
1890 729
1890 728
1891 728
1891 727
1892 727
1892 725
1893 725
1893 724
1894 724
1894 721
1895 721
1895 720
1896 720
1896 718
1897 718
1897 717
1898 717
1898 716
1899 716
1899 715
1900 715
1900 713
1901 713
1901 712
1903 712
1903 711
1905 711
1905 710
1906 710
1906 708
1913 708
1913 709
1914 709
1914 711
1915 711
1915 712
1916 712
1916 714
1917 714
1917 716
1918 716
1918 718
1919 718
1919 720
1920 720
1920 721
1922 721
1922 722
1926 722
1926 723
1927 723
1927 739
1928 739
1928 741
1929 741
1929 743
1930 743
1930 744
1931 744
1931 745
1932 745
1932 746
1933 746
1933 747
1936 747
1936 748
1957 748
1957 747
1958 747
1958 746
1968 746
1968 745
1972 745
1972 744
1982 744
1982 743
1984 743
1984 742
1985 742
1985 741
1989 741
1989 740
1993 740
1993 739
2012 739
2012 738
2013 738
2013 739
2020 739
2020 738
2024 738
2024 737
2029 737
2029 738
2030 738
2030 737
2035 737
2035 736
2043 736
2043 735
2051 735
2051 734
2054 734
2054 733
2055 733
2055 734
2057 734
2057 733
2070 733
2070 734
2071 734
2071 736
2072 736
2072 740
2073 740
2073 743
2074 743
2074 744
2076 744
2076 745
2077 745
2077 746
2079 746
2079 747
2080 747
2080 748
2085 748
2085 749
2090 749
2090 748
2096 748
2096 747
2097 747
2097 748
2104 748
2104 749
2109 749
2109 750
2116 750
2116 749
2117 749
2117 748
2119 748
2119 747
2120 747
2120 746
2121 746
2121 742
2122 742
2122 737
2121 737
2121 736
2122 736
2122 735
2124 735
2124 734
2128 734
2128 733
2132 733
2132 732
2149 732
2149 733
2150 733
2150 734
2151 734
2151 757
2152 757
2152 772
2153 772
2153 773
2154 773
2154 774
2155 774
2155 775
2156 775
2156 776
2157 776
2157 777
2158 777
2158 778
2159 778
2159 779
2160 779
2160 780
2161 780
2161 781
2162 781
2162 782
2163 782
2163 783
2164 783
2164 784
2165 784
2165 785
2166 785
2166 786
2168 786
2168 787
2169 787
2169 788
2171 788
2171 789
2173 789
2173 790
2174 790
2174 804
2175 804
2175 811
2176 811
2176 821
2177 821
2177 827
2178 827
2178 828
2179 828
2179 830
2180 830
2180 831
2181 831
2181 832
2182 832
2182 833
2183 833
2183 834
2187 834
2187 835
2188 835
2188 836
2189 836
2189 838
2190 838
2190 840
2191 840
2191 841
2192 841
2192 842
2196 842
2196 843
2197 843
2197 844
2204 844
2204 845
2205 845
2205 847
2206 847
2206 848
2207 848
2207 849
2209 849
2209 850
2211 850
2211 851
2218 851
2218 852
2220 852
2220 853
2222 853
2222 854
2243 854
2243 853
2247 853
2247 851
2248 851
2248 842
2249 842
2249 836
2267 836
2267 835
2272 835
2272 834
2274 834
2274 833
2277 833
2277 832
2281 832
2281 831
2282 831
2282 830
2283 830
2283 829
2284 829
2284 827
2285 827
2285 825
2286 825
2286 814
2287 814
2287 813
2288 813
2288 812
2290 812
2290 811
2293 811
2293 810
2295 810
2295 809
2296 809
2296 808
2297 808
2297 806
2298 806
2298 804
2299 804
2299 801
2300 801
2300 800
2302 800
2302 799
2304 799
2304 798
2308 798
2308 797
2309 797
2309 793
2310 793
2310 791
2311 791
2311 756
2312 756
2312 755
2326 755
2326 756
2333 756
2333 755
2339 755
2339 756
2343 756
2343 755
2344 755
2344 756
2346 756
2346 757
2348 757
2348 758
2349 758
2349 759
2350 759
2350 760
2351 760
2351 761
2352 761
2352 762
2353 762
2353 763
2354 763
2354 780
2355 780
2355 781
2356 781
2356 783
2357 783
2357 784
2358 784
2358 785
2359 785
2359 786
2360 786
2360 787
2361 787
2361 788
2364 788
2364 789
2367 789
2367 790
2370 790
2370 791
2376 791
2376 790
2384 790
2384 789
2386 789
2386 788
2387 788
2387 787
2390 787
2390 786
2391 786
2391 785
2401 785
2401 784
2407 784
2407 785
2412 785
2412 786
2414 786
2414 787
2415 787
2415 788
2416 788
2416 789
2417 789
2417 790
2418 790
2418 791
2420 791
2420 792
2426 792
2426 793
2431 793
2431 794
2440 794
2440 795
2446 795
2446 794
2459 794
2459 793
2463 793
2463 794
2470 794
2470 793
2474 793
2474 792
2477 792
2477 793
2481 793
2481 794
2486 794
2486 793
2491 793
2491 792
2492 792
2492 791
2494 791
2494 790
2495 790
2495 785
2496 785
2496 781
2497 781
2497 780
2498 780
2498 779
2500 779
2500 778
2502 778
2502 777
2507 777
2507 776
2508 776
2508 775
2509 775
2509 774
2513 774
2513 771
2514 771
2514 770
2515 770
2515 767
2516 767
2516 763
2517 763
2517 760
2518 760
2518 757
2519 757
2519 754
2520 754
2520 750
2521 750
2521 746
2522 746
2522 720
2523 720
2523 699
2524 699
2524 682
2525 682
2525 664
2526 664
2526 662
2527 662
2527 660
2528 660
2528 659
2529 659
2529 658
2532 658
2532 657
2534 657
2534 656
2554 656
2554 657
2564 657
2564 658
2569 658
2569 659
2575 659
2575 660
2580 660
2580 661
2581 661
2581 660
2598 660
2598 659
2599 659
2599 658
2600 658
2600 657
2601 657
2601 656
2602 656
2602 655
2603 655
2603 654
2604 654
2604 653
2608 653
2608 652
2623 652
2623 653
2627 653
2627 654
2629 654
2629 655
2630 655
2630 656
2631 656
2631 682
2632 682
2632 684
2633 684
2633 685
2634 685
2634 687
2636 687
2636 688
2642 688
2642 687
2649 687
2649 686
2650 686
2650 685
2651 685
2651 684
2657 684
2657 683
2658 683
2658 682
2659 682
2659 681
2660 681
2660 680
2661 680
2661 679
2662 679
2662 677
2663 677
2663 676
2664 676
2664 675
2665 675
2665 674
2666 674
2666 673
2667 673
2667 672
2678 672
2678 671
2679 671
2679 670
2680 670
2680 668
2681 668
2681 667
2682 667
2682 666
2685 666
2685 667
2691 667
2691 665
2692 665
2692 661
2693 661
2693 659
2694 659
2694 658
2693 658
2693 657
2692 657
2692 642
2693 642
2693 641
2692 641
2692 637
2693 637
2693 633
2694 633
2694 632
2695 632
2695 631
2701 631
2701 630
2703 630
2703 628
2704 628
2704 627
2705 627
2705 626
2706 626
2706 625
2707 625
2707 624
2708 624
2708 623
2719 623
2719 624
2723 624
2723 625
2728 625
2728 626
2733 626
2733 627
2737 627
2737 628
2738 628
2738 629
2741 629
2741 630
2742 630
2742 632
2743 632
2743 633
2744 633
2744 634
2746 634
2746 635
2750 635
2750 636
2759 636
2759 637
2771 637
2771 636
2773 636
2773 635
2783 635
2783 634
2785 634
2785 633
2786 633
2786 630
2787 630
2787 627
2788 627
2788 625
2787 625
2787 623
2788 623
2788 615
2789 615
2789 614
2791 614
2791 613
2793 613
2793 612
2795 612
2795 611
2799 611
2799 610
2806 610
2806 609
2821 609
2821 608
2826 608
2826 607
2831 607
2831 606
2832 606
2832 605
2834 605
2834 603
2835 603
2835 602
2836 602
2836 601
2847 601
2847 602
2849 602
2849 603
2854 603
2854 602
2856 602
2856 601
2857 601
2857 599
2858 599
2858 598
2860 598
2860 597
2861 597
2861 596
2867 596
2867 595
2868 595
2868 594
2869 594
2869 593
2870 593
2870 592
2871 592
2871 591
2872 591
2872 590
2873 590
2873 589
2876 589
2876 588
2882 588
2882 589
2883 589
2883 590
2887 590
2887 589
2889 589
2889 588
2891 588
2891 585
2892 585
2892 584
2893 584
2893 583
2894 583
2894 581
2895 581
2895 580
2896 580
2896 579
2898 579
2898 578
2899 578
2899 577
2900 577
2900 576
2901 576
2901 575
2902 575
2902 574
2903 574
2903 570
2904 570
2904 564
2905 564
2905 551
2906 551
2906 549
2907 549
2907 548
2908 548
2908 547
2909 547
2909 545
2910 545
2910 543
2911 543
2911 539
2912 539
2912 525
2913 525
2913 517
2914 517
2914 509
2915 509
2915 488
2916 488
2916 485
2917 485
2917 472
2918 472
2918 460
2917 460
2917 456
2918 456
2918 451
2919 451
2919 443
2921 443
2921 442
2923 442
2923 443
2928 443
2928 444
2938 444
2938 443
2940 443
2940 442
2942 442
2942 441
2943 441
2943 439
2944 439
2944 437
2945 437
2945 435
2946 435
2946 434
2947 434
2947 432
2948 432
2948 431
2949 431
2949 430
2950 430
2950 429
2951 429
2951 428
2952 428
2952 427
2953 427
2953 426
2954 426
2954 425
2955 425
2955 424
2956 424
2956 422
2957 422
2957 420
2958 420
2958 419
2959 419
2959 418
2960 418
2960 417
2961 417
2961 416
2964 416
2964 415
2968 415
2968 416
2971 416
2971 417
2973 417
2973 418
2974 418
2974 422
2975 422
2975 426
2976 426
2976 428
2983 428
2983 427
2984 427
2984 426
2987 426
2987 424
2991 424
2991 425
2993 425
2993 424
2995 424
2995 423
2996 423
2996 422
2998 422
2998 421
2999 421
2999 420
3001 420
3001 419
3002 419
3002 418
3004 418
3004 417
3006 417
3006 416
3008 416
3008 415
3009 415
3009 411
3013 411
3013 410
3016 410
3016 408
3018 408
3018 407
3019 407
3019 405
3021 405
3021 401
3022 401
3022 391
3023 391
3023 382
3024 382
3024 361
3025 361
3025 351
3026 351
3026 348
3027 348
3027 346
3028 346
3028 345
3029 345
3029 344
3030 344
3030 342
3031 342
3031 341
3032 341
3032 340
3033 340
3033 339
3034 339
3034 338
3036 338
3036 337
3037 337
3037 335
3038 335
3038 331
3039 331
3039 318
3040 318
3040 316
3039 316
3039 314
3040 314
3040 293
3041 293
3041 291
3042 291
3042 290
3045 290
3045 289
3046 289
3046 288
3047 288
3047 287
3048 287
3048 285
3049 285
3049 284
3050 284
3050 283
3051 283
3051 274
3052 274
3052 269
3051 269
3051 268
3052 268
3052 254
3053 254
3053 253
3054 253
3054 252
3055 252
3055 249
3057 249
3057 248
3062 248
3062 247
3064 247
3064 246
3065 246
3065 245
3066 245
3066 243
3067 243
3067 240
3068 240
3068 233
3069 233
3069 230
3070 230
3070 229
3072 229
3072 228
3073 228
3073 227
3074 227
3074 226
3076 226
3076 225
3077 225
3077 224
3078 224
3078 223
3079 223
3079 222
3080 222
3080 211
3081 211
3081 207
3082 207
3082 206
3083 206
3083 205
3084 205
3084 204
3085 204
3085 203
3087 203
3087 202
3088 202
3088 201
3092 201
3092 200
3093 200
3093 199
3094 199
3094 197
3095 197
3095 195
3096 195
3096 193
3097 193
3097 191
3098 191
3098 190
3099 190
3099 189
3100 189
3100 188
3101 188
3101 187
3102 187
3102 186
3103 186
3103 185
3110 185
3110 184
3111 184
3111 183
3112 183
3112 182
3113 182
3113 181
3114 181
3114 180
3116 180
3116 179
3117 179
3117 178
3118 178
3118 177
3128 177
3128 178
3118 178
3118 179
3117 179
3117 180
3116 180
3116 181
3114 181
3114 182
3113 182
3113 183
3112 183
3112 184
3111 184
3111 185
3110 185
3110 186
3103 186
3103 187
3102 187
3102 188
3101 188
3101 189
3100 189
3100 190
3099 190
3099 191
3098 191
3098 193
3097 193
3097 195
3096 195
3096 197
3095 197
3095 199
3094 199
3094 200
3093 200
3093 202
3088 202
3088 203
3087 203
3087 204
3085 204
3085 205
3084 205
3084 206
3083 206
3083 207
3082 207
3082 211
3081 211
3081 222
3080 222
3080 223
3079 223
3079 224
3078 224
3078 225
3077 225
3077 226
3076 226
3076 227
3074 227
3074 228
3073 228
3073 229
3072 229
3072 230
3070 230
3070 233
3069 233
3069 240
3068 240
3068 243
3067 243
3067 245
3066 245
3066 246
3065 246
3065 247
3064 247
3064 248
3062 248
3062 249
3057 249
3057 250
3056 250
3056 252
3055 252
3055 253
3054 253
3054 254
3053 254
3053 268
3052 268
3052 269
3053 269
3053 274
3052 274
3052 283
3051 283
3051 284
3050 284
3050 285
3049 285
3049 287
3048 287
3048 288
3047 288
3047 289
3046 289
3046 290
3045 290
3045 291
3042 291
3042 293
3041 293
3041 314
3040 314
3040 316
3041 316
3041 318
3040 318
3040 331
3039 331
3039 335
3038 335
3038 337
3037 337
3037 338
3036 338
3036 339
3034 339
3034 340
3033 340
3033 341
3032 341
3032 342
3031 342
3031 344
3030 344
3030 345
3029 345
3029 346
3028 346
3028 348
3027 348
3027 351
3026 351
3026 361
3025 361
3025 382
3024 382
3024 391
3023 391
3023 401
3022 401
3022 405
3021 405
3021 406
3020 406
3020 407
3019 407
3019 408
3018 408
3018 409
3017 409
3017 410
3016 410
3016 411
3013 411
3013 412
3010 412
3010 415
3009 415
3009 416
3008 416
3008 417
3006 417
3006 418
3004 418
3004 419
3002 419
3002 420
3001 420
3001 421
2999 421
2999 422
2998 422
2998 423
2996 423
2996 424
2995 424
2995 425
2993 425
2993 426
2991 426
2991 425
2988 425
2988 426
2987 426
2987 427
2984 427
2984 428
2983 428
2983 429
2976 429
2976 428
2975 428
2975 426
2974 426
2974 422
2973 422
2973 418
2971 418
2971 417
2968 417
2968 416
2964 416
2964 417
2961 417
2961 418
2960 418
2960 419
2959 419
2959 420
2958 420
2958 422
2957 422
2957 424
2956 424
2956 425
2955 425
2955 426
2954 426
2954 427
2953 427
2953 428
2952 428
2952 429
2951 429
2951 430
2950 430
2950 432
2948 432
2948 434
2947 434
2947 435
2946 435
2946 437
2945 437
2945 439
2944 439
2944 441
2943 441
2943 442
2942 442
2942 443
2940 443
2940 444
2938 444
