1968 821
1969 821
1969 822
1970 822
1970 823
1971 823
1971 824
1972 824
1972 825
1974 825
1974 826
1977 826
1977 827
1978 827
1978 828
1979 828
1979 829
1980 829
1980 830
1981 830
1981 831
1982 831
1982 833
1983 833
1983 834
1985 834
1985 835
1990 835
1990 836
1994 836
1994 837
1997 837
1997 838
1998 838
1998 839
2001 839
2001 840
2002 840
2002 839
2005 839
2005 840
2011 840
2011 841
2019 841
2019 842
2022 842
2022 843
2027 843
2027 844
2028 844
2028 843
2031 843
2031 842
2044 842
2044 843
2049 843
2049 844
2060 844
2060 845
2061 845
2061 846
2062 846
2062 847
2064 847
2064 848
2067 848
2067 849
2069 849
2069 850
2071 850
2071 851
2072 851
2072 852
2073 852
2073 853
2075 853
2075 854
2090 854
2090 853
2092 853
2092 845
2093 845
2093 843
2094 843
2094 842
2095 842
2095 841
2100 841
2100 840
2101 840
2101 839
2102 839
2102 838
2103 838
2103 837
2104 837
2104 836
2105 836
2105 835
2106 835
2106 834
2109 834
2109 833
2110 833
2110 832
2113 832
2113 831
2114 831
2114 832
2116 832
2116 833
2117 833
2117 834
2118 834
2118 841
2119 841
2119 843
2120 843
2120 845
2121 845
2121 846
2122 846
2122 848
2123 848
2123 849
2124 849
2124 850
2125 850
2125 851
2133 851
2133 852
2137 852
2137 853
2142 853
2142 854
2148 854
2148 853
2150 853
2150 852
2151 852
2151 851
2153 851
2153 850
2155 850
2155 849
2158 849
2158 848
2161 848
2161 840
2162 840
2162 837
2163 837
2163 835
2164 835
2164 833
2165 833
2165 832
2166 832
2166 831
2167 831
2167 830
2169 830
2169 829
2173 829
2173 828
2174 828
2174 827
2183 827
2183 826
2185 826
2185 825
2187 825
2187 824
2193 824
2193 825
2194 825
2194 824
2199 824
2199 825
2201 825
2201 826
2206 826
2206 827
2210 827
2210 828
2212 828
2212 829
2213 829
2213 830
2214 830
2214 831
2216 831
2216 832
2217 832
2217 833
2219 833
2219 834
2231 834
2231 833
2236 833
2236 832
2242 832
2242 831
2246 831
2246 830
2255 830
2255 829
2258 829
2258 827
2259 827
2259 825
2260 825
2260 824
2261 824
2261 822
2262 822
2262 821
2266 821
2266 820
2268 820
2268 819
2269 819
2269 818
2270 818
2270 816
2271 816
2271 815
2272 815
2272 814
2273 814
2273 813
2274 813
2274 811
2275 811
2275 810
2276 810
2276 809
2277 809
2277 808
2278 808
2278 807
2279 807
2279 806
2280 806
2280 804
2281 804
2281 802
2282 802
2282 799
2283 799
2283 797
2284 797
2284 796
2285 796
2285 795
2286 795
2286 794
2287 794
2287 793
2289 793
2289 792
2291 792
2291 791
2292 791
2292 790
2293 790
2293 789
2294 789
2294 788
2300 788
2300 789
2301 789
2301 790
2302 790
2302 797
2303 797
2303 805
2304 805
2304 806
2305 806
2305 807
2306 807
2306 808
2307 808
2307 809
2308 809
2308 810
2309 810
2309 811
2311 811
2311 812
2312 812
2312 813
2313 813
2313 814
2314 814
2314 816
2315 816
2315 818
2316 818
2316 819
2317 819
2317 820
2318 820
2318 821
2319 821
2319 822
2320 822
2320 823
2322 823
2322 824
2323 824
2323 825
2324 825
2324 826
2325 826
2325 827
2326 827
2326 828
2327 828
2327 831
2328 831
2328 833
2329 833
2329 834
2330 834
2330 835
2331 835
2331 836
2333 836
2333 837
2334 837
2334 838
2335 838
2335 839
2336 839
2336 840
2337 840
2337 841
2338 841
2338 842
2339 842
2339 847
2340 847
2340 849
2341 849
2341 850
2342 850
2342 851
2343 851
2343 852
2346 852
2346 853
2350 853
2350 855
2351 855
2351 858
2362 858
2362 857
2364 857
2364 856
2375 856
2375 855
2376 855
2376 854
2377 854
2377 853
2378 853
2378 851
2379 851
2379 850
2381 850
2381 849
2384 849
2384 848
2386 848
2386 845
2387 845
2387 841
2386 841
2386 839
2387 839
2387 833
2388 833
2388 831
2389 831
2389 829
2390 829
2390 828
2391 828
2391 827
2392 827
2392 825
2393 825
2393 824
2395 824
2395 823
2397 823
2397 822
2398 822
2398 821
2399 821
2399 820
2400 820
2400 819
2402 819
2402 818
2403 818
2403 817
2404 817
2404 816
2406 816
2406 815
2407 815
2407 814
2408 814
2408 810
2409 810
2409 802
2410 802
2410 790
2411 790
2411 787
2410 787
2410 739
2411 739
2411 736
2412 736
2412 735
2415 735
2415 734
2424 734
2424 735
2426 735
2426 736
2441 736
2441 735
2449 735
2449 734
2454 734
2454 733
2457 733
2457 732
2459 732
2459 731
2460 731
2460 730
2462 730
2462 729
2465 729
2465 728
2468 728
2468 727
2469 727
2469 726
2470 726
2470 725
2472 725
2472 724
2476 724
2476 723
2479 723
2479 722
2480 722
2480 721
2481 721
2481 720
2482 720
2482 719
2483 719
2483 718
2484 718
2484 717
2485 717
2485 716
2486 716
2486 715
2487 715
2487 714
2489 714
2489 713
2492 713
2492 712
2493 712
2493 711
2495 711
2495 710
2500 710
2500 711
2502 711
2502 710
2506 710
2506 709
2509 709
2509 708
2510 708
2510 707
2511 707
2511 706
2512 706
2512 705
2513 705
2513 704
2517 704
2517 703
2526 703
2526 702
2529 702
2529 701
2538 701
2538 702
2541 702
2541 701
2548 701
2548 700
2551 700
2551 699
2552 699
2552 698
2553 698
2553 697
2554 697
2554 696
2555 696
2555 695
2557 695
2557 694
2558 694
2558 693
2560 693
2560 692
2561 692
2561 691
2569 691
2569 690
2571 690
2571 689
2572 689
2572 687
2573 687
2573 685
2574 685
2574 684
2575 684
2575 683
2576 683
2576 680
2577 680
2577 679
2578 679
2578 678
2579 678
2579 677
2580 677
2580 675
2581 675
2581 674
2582 674
2582 673
2583 673
2583 672
2584 672
2584 671
2585 671
2585 670
2587 670
2587 669
2588 669
2588 668
2606 668
2606 667
2607 667
2607 666
2609 666
2609 665
2610 665
2610 664
2611 664
2611 663
2612 663
2612 662
2613 662
2613 661
2615 661
2615 660
2616 660
2616 659
2618 659
2618 658
2619 658
2619 657
2621 657
2621 656
2623 656
2623 655
2625 655
2625 654
2630 654
2630 653
2632 653
2632 652
2633 652
2633 651
2634 651
2634 650
2636 650
2636 649
2637 649
2637 648
2638 648
2638 647
2639 647
2639 646
2641 646
2641 645
2643 645
2643 644
2644 644
2644 643
2647 643
2647 642
2651 642
2651 643
2653 643
2653 644
2655 644
2655 645
2656 645
2656 646
2657 646
2657 647
2658 647
2658 648
2660 648
2660 649
2676 649
2676 648
2677 648
2677 647
2678 647
2678 642
2679 642
2679 640
2680 640
2680 639
2681 639
2681 637
2682 637
2682 636
2683 636
2683 635
2684 635
2684 634
2686 634
2686 633
2688 633
2688 632
2689 632
2689 630
2690 630
2690 628
2691 628
2691 598
2692 598
2692 595
2693 595
2693 594
2694 594
2694 593
2695 593
2695 592
2696 592
2696 591
2698 591
2698 590
2699 590
2699 589
2700 589
2700 588
2701 588
2701 586
2702 586
2702 585
2703 585
2703 573
2704 573
2704 562
2705 562
2705 561
2706 561
2706 560
2707 560
2707 559
2708 559
2708 558
2709 558
2709 557
2710 557
2710 556
2711 556
2711 554
2712 554
2712 553
2713 553
2713 552
2715 552
2715 550
2716 550
2716 549
2717 549
2717 548
2719 548
2719 547
2720 547
2720 546
2721 546
2721 545
2723 545
2723 544
2724 544
2724 543
2725 543
2725 541
2726 541
2726 538
2727 538
2727 514
2729 514
2729 513
2731 513
2731 514
2748 514
2748 513
2751 513
2751 512
2758 512
2758 511
2762 511
2762 510
2763 510
2763 509
2765 509
2765 508
2772 508
2772 507
2774 507
2774 506
2777 506
2777 507
2780 507
2780 508
2795 508
2795 507
2796 507
2796 506
2797 506
2797 505
2798 505
2798 504
2799 504
2799 502
2800 502
2800 500
2801 500
2801 499
2803 499
2803 498
2804 498
2804 497
2808 497
2808 496
2810 496
2810 493
2811 493
2811 492
2812 492
2812 491
2819 491
2819 490
2821 490
2821 489
2822 489
2822 487
2823 487
2823 485
2824 485
2824 482
2825 482
2825 481
2826 481
2826 480
2827 480
2827 478
2828 478
2828 477
2831 477
2831 476
2833 476
2833 475
2840 475
2840 474
2844 474
2844 473
2845 473
2845 472
2846 472
2846 470
2847 470
2847 469
2848 469
2848 468
2850 468
2850 467
2852 467
2852 466
2856 466
2856 464
2857 464
2857 458
2856 458
2856 451
2857 451
2857 448
2858 448
2858 447
2859 447
2859 446
2861 446
2861 445
2862 445
2862 444
2863 444
2863 443
2864 443
2864 442
2865 442
2865 441
2866 441
2866 437
2867 437
2867 432
2868 432
2868 402
2867 402
2867 392
2868 392
2868 389
2867 389
2867 383
2868 383
2868 378
2869 378
2869 377
2876 377
2876 376
2878 376
2878 375
2879 375
2879 374
2881 374
2881 373
2882 373
2882 372
2883 372
2883 371
2884 371
2884 370
2885 370
2885 369
2887 369
2887 368
2890 368
2890 357
2891 357
2891 342
2892 342
2892 340
2893 340
2893 339
2894 339
2894 338
2896 338
2896 337
2898 337
2898 336
2899 336
2899 335
2900 335
2900 334
2901 334
2901 332
2902 332
2902 329
2903 329
2903 328
2904 328
2904 327
2905 327
2905 326
2907 326
2907 325
2908 325
2908 324
2910 324
2910 323
2911 323
2911 322
2912 322
2912 320
2913 320
2913 319
2914 319
2914 317
2915 317
2915 315
2916 315
2916 314
2917 314
2917 313
2918 313
2918 311
2919 311
2919 309
2920 309
2920 307
2921 307
2921 309
2920 309
2920 311
2919 311
2919 313
2918 313
2918 314
2917 314
2917 315
2916 315
2916 317
2915 317
2915 319
2914 319
2914 320
2913 320
2913 322
2912 322
2912 323
2911 323
2911 324
2910 324
2910 325
2908 325
2908 326
2907 326
2907 327
2905 327
2905 328
2904 328
2904 329
2903 329
2903 332
2902 332
2902 334
2901 334
2901 335
2900 335
2900 336
2899 336
2899 337
2898 337
2898 338
2896 338
2896 339
2894 339
2894 340
2893 340
2893 342
2892 342
2892 357
2891 357
2891 369
2887 369
2887 370
2885 370
2885 371
2884 371
2884 372
2883 372
2883 373
2882 373
2882 374
2881 374
2881 375
2879 375
2879 376
2878 376
2878 377
2876 377
2876 378
2869 378
2869 383
2868 383
2868 389
2869 389
2869 392
2868 392
2868 402
2869 402
2869 432
2868 432
2868 437
2867 437
2867 441
2866 441
2866 442
2865 442
2865 443
2864 443
2864 444
2863 444
2863 445
2862 445
2862 446
2861 446
2861 447
2859 447
2859 448
2858 448
2858 451
2857 451
2857 458
2858 458
2858 464
2857 464
2857 466
2856 466
2856 467
2852 467
2852 468
2850 468
2850 469
2848 469
2848 470
2847 470
2847 472
2846 472
2846 473
2845 473
2845 474
2844 474
2844 475
2840 475
2840 476
2833 476
2833 477
2831 477
2831 478
2828 478
2828 480
2827 480
2827 481
2826 481
2826 482
2825 482
2825 485
2824 485
2824 487
2823 487
2823 489
2822 489
2822 490
2821 490
2821 491
2819 491
2819 492
2812 492
2812 493
2811 493
2811 496
2810 496
2810 497
2808 497
2808 498
2804 498
2804 499
2803 499
2803 500
2801 500
2801 502
2800 502
2800 504
2799 504
2799 505
2798 505
2798 506
2797 506
2797 507
2796 507
2796 508
2795 508
2795 509
2780 509
2780 508
2777 508
2777 507
2774 507
2774 508
2772 508
2772 509
2765 509
2765 510
2763 510
2763 511
2762 511
2762 512
2758 512
2758 513
2751 513
2751 514
2748 514
2748 515
2731 515
2731 514
2729 514
2729 515
2728 515
2728 538
2727 538
2727 541
2726 541
2726 543
2725 543
2725 544
2724 544
2724 545
2723 545
2723 546
2721 546
2721 547
2720 547
2720 548
2719 548
2719 549
2717 549
2717 550
2716 550
2716 552
2715 552
2715 553
2713 553
2713 554
2712 554
2712 556
2711 556
2711 557
2710 557
2710 558
2709 558
2709 559
2708 559
2708 560
2707 560
2707 561
2706 561
2706 562
2705 562
2705 573
2704 573
2704 585
2703 585
2703 586
2702 586
2702 588
2701 588
2701 589
2700 589
2700 590
2699 590
2699 591
2698 591
2698 592
2696 592
2696 593
2695 593
2695 594
2694 594
2694 595
2693 595
2693 598
2692 598
2692 628
2691 628
2691 630
2690 630
2690 632
2689 632
2689 633
2688 633
2688 634
2686 634
2686 635
2684 635
2684 636
2683 636
2683 637
2682 637
2682 639
2681 639
2681 640
2680 640
2680 642
2679 642
2679 647
2678 647
2678 648
2677 648
2677 649
2676 649
2676 650
2660 650
2660 649
2658 649
2658 648
2657 648
2657 647
2656 647
2656 646
2655 646
2655 645
2653 645
2653 644
2651 644
2651 643
2647 643
2647 644
2644 644
2644 645
2643 645
2643 646
2641 646
2641 647
2639 647
2639 648
2638 648
2638 649
2637 649
2637 650
2636 650
2636 651
2634 651
2634 652
2633 652
2633 653
2632 653
2632 654
2630 654
2630 655
2625 655
2625 656
2623 656
2623 657
2621 657
2621 658
2619 658
2619 659
2618 659
2618 660
2616 660
2616 661
2615 661
2615 662
2613 662
2613 663
2612 663
2612 664
2611 664
2611 665
2610 665
2610 666
2609 666
2609 667
2607 667
2607 668
2606 668
2606 669
2588 669
2588 670
2587 670
2587 671
2585 671
2585 672
2584 672
2584 673
2583 673
2583 674
2582 674
2582 675
2581 675
2581 677
2580 677
2580 678
2579 678
2579 679
2578 679
2578 680
2577 680
2577 683
2576 683
2576 684
2575 684
2575 685
2574 685
2574 687
2573 687
2573 689
2572 689
2572 690
2571 690
2571 691
2569 691
2569 692
2561 692
2561 693
2560 693
2560 694
2558 694
2558 695
2557 695
2557 696
2555 696
2555 697
2554 697
2554 698
2553 698
2553 699
2552 699
2552 700
2551 700
2551 701
2548 701
2548 702
2541 702
2541 703
2538 703
2538 702
2529 702
2529 703
2526 703
2526 704
2517 704
2517 705
2513 705
2513 706
2512 706
2512 707
2511 707
2511 709
2509 709
2509 710
2506 710
2506 711
2502 711
2502 712
2500 712
2500 711
2495 711
2495 712
2493 712
2493 713
2492 713
2492 714
2489 714
2489 715
2487 715
2487 716
2486 716
2486 717
2485 717
2485 718
2484 718
2484 719
2483 719
2483 720
2482 720
2482 721
2481 721
2481 722
2480 722
2480 723
2479 723
2479 724
2476 724
2476 725
2472 725
2472 726
2470 726
2470 727
2469 727
2469 728
2468 728
2468 729
2465 729
2465 730
2462 730
2462 731
2460 731
2460 732
2459 732
2459 733
2457 733
2457 734
2454 734
2454 735
2449 735
2449 736
2441 736
2441 737
2426 737
2426 736
2424 736
2424 735
2415 735
2415 736
2412 736
2412 739
2411 739
2411 787
2412 787
2412 790
2411 790
2411 802
2410 802
2410 810
2409 810
2409 814
2408 814
2408 815
2407 815
2407 816
2406 816
2406 817
2404 817
2404 818
2403 818
2403 819
2402 819
2402 820
2400 820
2400 821
2399 821
2399 822
2398 822
2398 823
2397 823
2397 824
2395 824
2395 825
2393 825
2393 827
2392 827
2392 828
2391 828
2391 829
2390 829
2390 831
2389 831
2389 833
2388 833
2388 839
2387 839
2387 841
2388 841
2388 845
2387 845
2387 848
2386 848
2386 849
2384 849
2384 850
2381 850
2381 851
2379 851
2379 853
2378 853
2378 854
2377 854
2377 855
2376 855
2376 856
2375 856
2375 857
2364 857
2364 858
2362 858
2362 859
2350 859
2350 856
2349 856
2349 854
2346 854
2346 853
2343 853
2343 852
2342 852
2342 851
2341 851
2341 850
2340 850
2340 849
2339 849
2339 848
2338 848
2338 842
2337 842
2337 841
2336 841
2336 840
2335 840
2335 839
2334 839
2334 838
2333 838
2333 837
2331 837
2331 836
2330 836
2330 835
2329 835
2329 834
2328 834
2328 833
2327 833
2327 831
2326 831
2326 828
2325 828
2325 827
2324 827
2324 826
2323 826
2323 825
2322 825
2322 824
2320 824
2320 823
2319 823
2319 822
2318 822
2318 821
2317 821
2317 820
2316 820
2316 819
2315 819
2315 818
2314 818
2314 816
2313 816
2313 814
2312 814
2312 813
2311 813
2311 812
2309 812
2309 811
2308 811
2308 810
2307 810
2307 809
2306 809
2306 808
2305 808
2305 807
2304 807
2304 806
2303 806
2303 805
2302 805
2302 797
2301 797
2301 790
2300 790
2300 789
2294 789
2294 790
2293 790
2293 791
2292 791
2292 792
2291 792
2291 793
2289 793
2289 794
2287 794
2287 795
2286 795
2286 796
2285 796
2285 797
2284 797
2284 799
2283 799
2283 802
2282 802
2282 804
2281 804
2281 806
2280 806
2280 807
2279 807
2279 808
2278 808
2278 809
2277 809
2277 810
2276 810
2276 811
2275 811
2275 813
2274 813
2274 814
2273 814
2273 815
2272 815
2272 816
2271 816
2271 818
2270 818
2270 819
2269 819
2269 820
2268 820
2268 821
2266 821
2266 822
2262 822
2262 824
2261 824
2261 825
2260 825
2260 827
2259 827
2259 829
2258 829
2258 830
2255 830
2255 831
2246 831
2246 832
2242 832
2242 833
2236 833
2236 834
2231 834
2231 835
2219 835
2219 834
2217 834
2217 833
2216 833
2216 832
2214 832
2214 831
2213 831
2213 830
2212 830
2212 829
2210 829
2210 828
2206 828
2206 827
2201 827
2201 826
2199 826
2199 825
2194 825
2194 826
2193 826
2193 825
2187 825
2187 826
2185 826
2185 827
2183 827
2183 828
2174 828
2174 829
2173 829
2173 830
2169 830
2169 831
2167 831
2167 832
2166 832
2166 833
2165 833
2165 835
2164 835
2164 837
2163 837
2163 840
2162 840
2162 848
2161 848
2161 849
2158 849
2158 850
2155 850
2155 851
2153 851
2153 852
2151 852
2151 853
2150 853
2150 854
2148 854
2148 855
2142 855
2142 854
2137 854
2137 853
2133 853
2133 852
2125 852
2125 851
2124 851
2124 850
2123 850
2123 849
2122 849
2122 848
2121 848
2121 846
2120 846
2120 845
2119 845
2119 843
2118 843
2118 841
2117 841
2117 834
2116 834
2116 833
2114 833
2114 832
2113 832
2113 833
2110 833
2110 834
2109 834
2109 835
2106 835
2106 836
2105 836
2105 837
2104 837
2104 838
2103 838
2103 839
2102 839
2102 840
2101 840
2101 841
2100 841
2100 842
2095 842
2095 843
2094 843
2094 845
2093 845
2093 853
2092 853
2092 854
2090 854
2090 855
2075 855
2075 854
2073 854
2073 853
2072 853
2072 852
2071 852
2071 851
2069 851
2069 850
2067 850
2067 849
2064 849
2064 848
2062 848
2062 847
2061 847
2061 846
2060 846
2060 845
2049 845
2049 844
2044 844
2044 843
2031 843
2031 844
2028 844
2028 845
2027 845
2027 844
2022 844
2022 843
2019 843
2019 842
2011 842
2011 841
2005 841
2005 840
2002 840
2002 841
2001 841
2001 840
1998 840
1998 839
1997 839
1997 838
1994 838
1994 837
1990 837
1990 836
1985 836
1985 835
1982 835
1982 833
1981 833
1981 831
1980 831
1980 830
1979 830
1979 829
1978 829
1978 828
1977 828
1977 827
1974 827
1974 826
1972 826
1972 825
1971 825
1971 824
1970 824
1970 823
1969 823
1969 822
1968 822
1968 821
1967 821
1967 820
1966 820
1966 819
1965 819
1965 818
1964 818
1964 817
1963 817
1963 816
1961 816
1961 815
1959 815
1959 814
1957 814
1957 813
1950 813
1950 812
1947 812
1947 811
1944 811
1944 810
1940 810
1940 811
1939 811
1939 812
1938 812
1938 813
1937 813
1937 814
1935 814
1935 815
1933 815
1933 816
1932 816
1932 818
1931 818
1931 819
1929 819
1929 820
1928 820
1928 821
1926 821
1926 822
1925 822
1925 823
1916 823
1916 824
1914 824
1914 823
1911 823
1911 822
1909 822
1909 821
1908 821
1908 820
1907 820
1907 819
1906 819
1906 818
1905 818
1905 817
1902 817
1902 818
1894 818
1894 819
1891 819
1891 821
1890 821
1890 822
1889 822
1889 823
1888 823
1888 824
1887 824
1887 825
1886 825
1886 826
1884 826
1884 827
1879 827
1879 828
1875 828
1875 829
1871 829
1871 830
1869 830
1869 831
1866 831
1866 832
1864 832
1864 833
1862 833
1862 834
1861 834
1861 835
1859 835
1859 836
1857 836
1857 837
1855 837
1855 838
1852 838
1852 837
1850 837
1850 836
1848 836
1848 835
1839 835
1839 834
1837 834
1837 833
1834 833
1834 832
1833 832
1833 831
1831 831
1831 830
1829 830
1829 829
1827 829
1827 828
1824 828
1824 827
1822 827
1822 826
1820 826
1820 825
1819 825
1819 824
1818 824
1818 823
1817 823
1817 822
1812 822
1812 821
1807 821
1807 820
1803 820
1803 819
1794 819
1794 818
1791 818
1791 817
1788 817
1788 816
1772 816
1772 815
1767 815
1767 814
1761 814
1761 813
1758 813
1758 812
1757 812
1757 811
1756 811
1756 810
1755 810
1755 809
1754 809
1754 808
1753 808
1753 805
1752 805
1752 799
1751 799
1751 798
1747 798
1747 797
1745 797
1745 796
1744 796
1744 795
1743 795
1743 794
1742 794
1742 793
1741 793
1741 792
1740 792
1740 790
1739 790
1739 785
1738 785
1738 767
1737 767
1737 766
1736 766
1736 765
1735 765
1735 764
1731 764
1731 763
1729 763
1729 762
1728 762
1728 760
1727 760
1727 759
1726 759
1726 757
1725 757
1725 756
1723 756
1723 755
1719 755
1719 754
1718 754
1718 753
1717 753
1717 752
1716 752
1716 751
1713 751
1713 750
1708 750
1708 749
1706 749
1706 748
1705 748
1705 747
1704 747
1704 746
1703 746
1703 744
1702 744
1702 742
1701 742
1701 740
1700 740
1700 739
1699 739
1699 738
1690 738
1690 746
1691 746
1691 748
1692 748
1692 750
1693 750
1693 753
1692 753
1692 755
1691 755
1691 756
1690 756
1690 757
1689 757
1689 758
1688 758
1688 759
1686 759
1686 760
1678 760
1678 761
1677 761
1677 762
1676 762
1676 763
1674 763
1674 764
1665 764
1665 765
1664 765
1664 766
1662 766
1662 767
1647 767
1647 766
1639 766
1639 765
1636 765
1636 764
1635 764
1635 763
1634 763
1634 762
1633 762
1633 761
1632 761
1632 759
1631 759
1631 757
1630 757
1630 756
1627 756
1627 755
1623 755
1623 754
1622 754
1622 753
1621 753
1621 752
1620 752
1620 750
1619 750
1619 748
1618 748
1618 734
1617 734
1617 731
1615 731
1615 730
1613 730
1613 729
1611 729
1611 728
1610 728
1610 727
1609 727
1609 726
1608 726
1608 725
1606 725
1606 724
1597 724
1597 723
1595 723
1595 722
1588 722
1588 721
1587 721
1587 720
1585 720
1585 719
1571 719
1571 720
1570 720
1570 728
1572 728
1572 729
1571 729
1571 734
1570 734
1570 739
1567 739
1567 740
1562 740
1562 741
1554 741
1554 740
1552 740
1552 739
1550 739
1550 738
1549 738
1549 737
1548 737
1548 736
1547 736
1547 735
1546 735
1546 734
1542 734
1542 735
1540 735
1540 736
1539 736
1539 737
1538 737
1538 738
1537 738
1537 739
1536 739
1536 740
1535 740
1535 741
1534 741
1534 742
1533 742
1533 743
1530 743
1530 744
1525 744
1525 752
1526 752
1526 758
1525 758
1525 759
1523 759
1523 760
1522 760
1522 761
1520 761
1520 762
1518 762
1518 763
1512 763
1512 764
1510 764
1510 765
1507 765
1507 766
1496 766
1496 765
1494 765
1494 764
1492 764
1492 763
1488 763
1488 762
1484 762
1484 761
1481 761
1481 760
1480 760
1480 759
1479 759
1479 758
1478 758
1478 757
1477 757
1477 756
1476 756
1476 753
1475 753
1475 747
1474 747
1474 746
1473 746
1473 745
1467 745
1467 746
1466 746
1466 747
1458 747
1458 746
1457 746
1457 745
1456 745
1456 744
1455 744
1455 742
1454 742
1454 741
1453 741
1453 740
1448 740
1448 739
1445 739
1445 738
1443 738
1443 737
1442 737
1442 735
1441 735
1441 732
1440 732
1440 731
1439 731
1439 730
1438 730
1438 729
1435 729
1435 728
1434 728
1434 727
1432 727
1432 726
1431 726
1431 725
1430 725
1430 724
1429 724
1429 723
1428 723
1428 722
1425 722
1425 721
1422 721
1422 720
1421 720
1421 719
1420 719
1420 718
1419 718
1419 717
1418 717
1418 716
1417 716
1417 715
1416 715
1416 714
1415 714
1415 713
1414 713
1414 708
1413 708
1413 693
1411 693
1411 692
1410 692
1410 691
1408 691
1408 690
1407 690
1407 689
1406 689
1406 688
1405 688
1405 687
1404 687
1404 686
1403 686
1403 685
1402 685
1402 683
1401 683
1401 674
1400 674
1400 660
1399 660
1399 659
1397 659
1397 658
1396 658
1396 657
1395 657
1395 656
1394 656
1394 655
1393 655
1393 654
1392 654
1392 653
1391 653
1391 652
1390 652
1390 651
1389 651
1389 650
1388 650
1388 646
1389 646
1389 642
1388 642
1388 638
1386 638
1386 637
1384 637
1384 636
1383 636
1383 635
1382 635
1382 634
1381 634
1381 633
1380 633
1380 632
1379 632
1379 631
1378 631
1378 630
1377 630
1377 629
1376 629
1376 620
1375 620
1375 619
1374 619
1374 618
1372 618
1372 617
1370 617
1370 616
1362 616
1362 615
1361 615
1361 614
1359 614
1359 613
1357 613
1357 612
1341 612
1341 611
1338 611
1338 610
1336 610
1336 609
1335 609
1335 608
1334 608
1334 607
1333 607
1333 606
1332 606
1332 605
1331 605
1331 604
1330 604
1330 603
1329 603
1329 602
1328 602
1328 601
1326 601
1326 600
1325 600
1325 599
1323 599
1323 598
1322 598
1322 597
1321 597
1321 596
1319 596
1319 595
1318 595
1318 594
1315 594
1315 593
1313 593
1313 592
1311 592
1311 591
1306 591
1306 592
1303 592
1303 593
1292 593
1292 592
1290 592
1290 591
1289 591
1289 590
1288 590
1288 589
1287 589
1287 588
1286 588
1286 587
1285 587
1285 586
1284 586
1284 585
1283 585
1283 584
1282 584
1282 580
1281 580
1281 555
1280 555
1280 552
1279 552
1279 551
1277 551
1277 550
1275 550
1275 549
1274 549
1274 548
1273 548
1273 547
1272 547
1272 545
1271 545
1271 544
1270 544
1270 542
1269 542
1269 536
1270 536
1270 531
1269 531
1269 522
1268 522
1268 480
1267 480
1267 471
1266 471
1266 470
1265 470
1265 469
1264 469
1264 467
1263 467
1263 466
1261 466
1261 465
1260 465
1260 464
1255 464
1255 463
1254 463
1254 462
1253 462
1253 461
1251 461
1251 460
1250 460
1250 459
1246 459
1246 458
1242 458
1242 457
1240 457
1240 456
1239 456
1239 455
1238 455
1238 454
1237 454
1237 453
1236 453
1236 452
1235 452
1235 451
1234 451
1234 450
1232 450
1232 449
1228 449
1228 448
1206 448
1206 449
1204 449
1204 450
1202 450
1202 451
1200 451
1200 452
1199 452
1199 453
1197 453
1197 454
1195 454
1195 455
1193 455
1193 456
1192 456
1192 457
1190 457
1190 458
1189 458
1189 459
1187 459
1187 460
1185 460
1185 461
1183 461
1183 462
1181 462
1181 463
1179 463
1179 464
1177 464
1177 465
1175 465
1175 466
1170 466
1170 467
1161 467
1161 465
1159 465
1159 464
1154 464
1154 463
1152 463
1152 462
1149 462
1149 461
1144 461
1144 460
1141 460
1141 459
1139 459
1139 457
1137 457
1137 456
1136 456
1136 455
1135 455
1135 454
1134 454
1134 453
1132 453
1132 452
1131 452
1131 451
1130 451
1130 450
1129 450
1129 449
1130 449
1130 450
1131 450
1131 451
1132 451
1132 452
1134 452
1134 453
1135 453
1135 454
1136 454
1136 455
1137 455
1137 456
1139 456
1139 457
1140 457
1140 458
1141 458
1141 459
1144 459
1144 460
1149 460
1149 461
1152 461
1152 462
1154 462
1154 463
1159 463
1159 464
1161 464
1161 465
1162 465
1162 466
1170 466
1170 465
1175 465
1175 464
1177 464
1177 463
1179 463
1179 462
1181 462
1181 461
1183 461
1183 460
1185 460
1185 459
1187 459
1187 458
1189 458
1189 457
1190 457
1190 456
1192 456
1192 455
1193 455
1193 454
1195 454
1195 453
1197 453
1197 452
1199 452
1199 451
1200 451
1200 450
1202 450
1202 449
1204 449
1204 448
1206 448
1206 447
1228 447
1228 448
1232 448
1232 449
1234 449
1234 450
1235 450
1235 451
1236 451
1236 452
1237 452
1237 453
1238 453
1238 454
1239 454
1239 455
1240 455
1240 456
1242 456
1242 457
1246 457
1246 458
1250 458
1250 459
1251 459
1251 460
1253 460
1253 461
1254 461
1254 462
1255 462
1255 463
1260 463
1260 464
1261 464
1261 465
1263 465
1263 466
1264 466
1264 467
1265 467
1265 469
1266 469
1266 470
1267 470
1267 471
1268 471
1268 480
1269 480
1269 522
1270 522
1270 531
1271 531
1271 536
1270 536
1270 542
1271 542
1271 544
1272 544
1272 545
1273 545
1273 547
1274 547
1274 548
1275 548
1275 549
1277 549
1277 550
1279 550
1279 551
1280 551
1280 552
1281 552
1281 555
1282 555
1282 580
1283 580
1283 584
1284 584
1284 585
1285 585
1285 586
1286 586
1286 587
1287 587
1287 588
1288 588
1288 589
1289 589
1289 590
1290 590
1290 591
1292 591
1292 592
1303 592
1303 591
1306 591
1306 590
1311 590
1311 591
1313 591
1313 592
1315 592
1315 593
1318 593
1318 594
1319 594
1319 595
1321 595
1321 596
1322 596
1322 597
1323 597
1323 598
1325 598
1325 599
1326 599
1326 600
1328 600
1328 601
1329 601
1329 602
1330 602
1330 603
1331 603
1331 604
1332 604
1332 605
1333 605
1333 606
1334 606
1334 607
1335 607
1335 608
1336 608
1336 609
1338 609
1338 610
1341 610
1341 611
1357 611
1357 612
1359 612
1359 613
1361 613
1361 614
1362 614
1362 615
1370 615
1370 616
1372 616
1372 617
1374 617
1374 618
1375 618
1375 619
1376 619
1376 620
1377 620
1377 629
1378 629
1378 630
1379 630
1379 631
1380 631
1380 632
1381 632
1381 633
1382 633
1382 634
1383 634
1383 635
1384 635
1384 636
1386 636
1386 637
1388 637
1388 638
1389 638
1389 642
1390 642
1390 646
1389 646
1389 650
1390 650
1390 651
1391 651
1391 652
1392 652
1392 653
1393 653
1393 654
1394 654
1394 655
1395 655
1395 656
1396 656
1396 657
1397 657
1397 658
1399 658
1399 659
1400 659
1400 660
1401 660
1401 674
1402 674
1402 683
1403 683
1403 685
1404 685
1404 686
1405 686
1405 687
1406 687
1406 688
1407 688
1407 689
1408 689
1408 690
1410 690
1410 691
1411 691
1411 692
1413 692
1413 693
1414 693
1414 708
1415 708
1415 713
1416 713
1416 714
1417 714
1417 715
1418 715
1418 716
1419 716
1419 717
1420 717
1420 718
1421 718
1421 719
1422 719
1422 720
1425 720
1425 721
1428 721
1428 722
1429 722
1429 723
1430 723
1430 724
1431 724
1431 725
1432 725
1432 726
1434 726
1434 727
1435 727
1435 728
1438 728
1438 729
1439 729
1439 730
1440 730
1440 731
1441 731
1441 732
1442 732
1442 735
1443 735
1443 737
1445 737
1445 738
1448 738
1448 739
1453 739
1453 740
1455 740
1455 742
1456 742
1456 744
1457 744
1457 745
1458 745
1458 746
1466 746
1466 745
1467 745
1467 744
1473 744
1473 745
1474 745
1474 746
1475 746
1475 747
1476 747
1476 753
1477 753
1477 756
1478 756
1478 757
1479 757
1479 758
1480 758
1480 759
1481 759
1481 760
1484 760
1484 761
1488 761
1488 762
1492 762
1492 763
1494 763
1494 764
1496 764
1496 765
1507 765
1507 764
1510 764
1510 763
1512 763
1512 762
1518 762
1518 761
1520 761
1520 760
1522 760
1522 759
1523 759
1523 758
1525 758
1525 752
1524 752
1524 744
1525 744
1525 743
1530 743
1530 742
1533 742
1533 741
1534 741
1534 740
1535 740
1535 739
1536 739
1536 738
1537 738
1537 737
1538 737
1538 736
1539 736
1539 735
1540 735
1540 734
1542 734
1542 733
1546 733
1546 734
1547 734
1547 735
1548 735
1548 736
1549 736
1549 737
1550 737
1550 738
1552 738
1552 739
1554 739
1554 740
1562 740
1562 739
1567 739
1567 738
1569 738
1569 734
1570 734
1570 728
1569 728
1569 720
1570 720
1570 719
1571 719
1571 718
1585 718
1585 719
1587 719
1587 720
1588 720
1588 721
1595 721
1595 722
1597 722
1597 723
1606 723
1606 724
1608 724
1608 725
1609 725
1609 726
1610 726
1610 727
1611 727
1611 728
1613 728
1613 729
1615 729
1615 730
1617 730
1617 731
1618 731
1618 734
1619 734
1619 748
1620 748
1620 750
1621 750
1621 752
1622 752
1622 753
1623 753
1623 754
1627 754
1627 755
1630 755
1630 756
1631 756
1631 757
1632 757
1632 759
1633 759
1633 761
1634 761
1634 762
1635 762
1635 763
1636 763
1636 764
1639 764
1639 765
1647 765
1647 766
1662 766
1662 765
1664 765
1664 764
1665 764
1665 763
1674 763
1674 762
1676 762
1676 761
1677 761
1677 760
1678 760
1678 759
1686 759
1686 758
1688 758
1688 757
1689 757
1689 756
1690 756
1690 755
1691 755
1691 753
1692 753
1692 750
1691 750
1691 748
1690 748
1690 746
1689 746
1689 738
1690 738
1690 737
1699 737
1699 738
1700 738
1700 739
1701 739
1701 740
1702 740
1702 742
1703 742
1703 744
1704 744
1704 746
1705 746
1705 747
1706 747
1706 748
1708 748
1708 749
1713 749
1713 750
1716 750
1716 751
1717 751
1717 752
1718 752
1718 753
1719 753
1719 754
1723 754
1723 755
1725 755
1725 756
1726 756
1726 757
1727 757
1727 759
1728 759
1728 760
1729 760
1729 762
1731 762
1731 763
1735 763
1735 764
1736 764
1736 765
1737 765
1737 766
1738 766
1738 767
1739 767
1739 785
1740 785
1740 790
1741 790
1741 792
1742 792
1742 793
1743 793
1743 794
1744 794
1744 795
1745 795
1745 796
1747 796
1747 797
1751 797
1751 798
1752 798
1752 799
1753 799
1753 805
1754 805
1754 808
1755 808
1755 809
1756 809
1756 810
1757 810
1757 811
1758 811
1758 812
1761 812
1761 813
1767 813
1767 814
1772 814
1772 815
1788 815
1788 816
1791 816
1791 817
1794 817
1794 818
1803 818
1803 819
1807 819
1807 820
1812 820
1812 821
1817 821
1817 822
1818 822
1818 823
1819 823
1819 824
1820 824
1820 825
1822 825
1822 826
1824 826
1824 827
1827 827
1827 828
1829 828
1829 829
1831 829
1831 830
1833 830
1833 831
1834 831
1834 832
1837 832
1837 833
1839 833
1839 834
1848 834
1848 835
1850 835
1850 836
1852 836
1852 837
1855 837
1855 836
1857 836
1857 835
1859 835
1859 834
1861 834
1861 833
1862 833
1862 832
1864 832
1864 831
1866 831
1866 830
1869 830
1869 829
1871 829
1871 828
1875 828
1875 827
1879 827
1879 826
1884 826
1884 825
1886 825
1886 824
1887 824
1887 823
1888 823
1888 822
1889 822
1889 821
1890 821
1890 819
1891 819
1891 818
1894 818
1894 817
1902 817
1902 816
1905 816
1905 817
1906 817
1906 818
1907 818
1907 819
1908 819
1908 820
1909 820
1909 821
1911 821
1911 822
1914 822
1914 823
1916 823
1916 822
1925 822
1925 821
1926 821
1926 820
1928 820
1928 819
1929 819
1929 818
1931 818
1931 816
1932 816
1932 815
1933 815
1933 814
1935 814
1935 813
1937 813
1937 812
1938 812
1938 811
1939 811
1939 810
1940 810
1940 809
1944 809
1944 810
1947 810
1947 811
1950 811
1950 812
1957 812
1957 813
1959 813
1959 814
1961 814
1961 815
1963 815
1963 816
1964 816
1964 817
1965 817
1965 818
1966 818
1966 819
1967 819
1967 820
1968 820
