3372 393
3371 393
3371 394
3369 394
3369 395
3367 395
3367 396
3366 396
3366 397
3365 397
3365 399
3364 399
3364 400
3363 400
3363 406
3362 406
3362 407
3361 407
3361 408
3359 408
3359 409
3357 409
3357 410
3356 410
3356 411
3355 411
3355 412
3354 412
3354 413
3353 413
3353 417
3352 417
3352 419
3351 419
3351 420
3349 420
3349 421
3344 421
3344 422
3340 422
3340 423
3324 423
3324 422
3321 422
3321 421
3320 421
3320 419
3319 419
3319 418
3318 418
3318 416
3317 416
3317 415
3316 415
3316 414
3315 414
3315 413
3313 413
3313 412
3309 412
3309 411
3302 411
3302 412
3292 412
3292 413
3290 413
3290 414
3286 414
3286 415
3284 415
3284 416
3283 416
3283 417
3282 417
3282 418
3280 418
3280 419
3254 419
3254 418
3251 418
3251 417
3250 417
3250 416
3249 416
3249 414
3248 414
3248 410
3247 410
3247 403
3246 403
3246 383
3245 383
3245 376
3244 376
3244 374
3243 374
3243 373
3239 373
3239 372
3238 372
3238 371
3237 371
3237 370
3235 370
3235 369
3232 369
3232 368
3228 368
3228 367
3225 367
3225 366
3223 366
3223 365
3221 365
3221 364
3220 364
3220 365
3215 365
3215 366
3211 366
3211 367
3210 367
3210 368
3209 368
3209 369
3208 369
3208 393
3209 393
3209 413
3210 413
3210 419
3209 419
3209 420
3208 420
3208 421
3207 421
3207 422
3191 422
3191 421
3188 421
3188 422
3179 422
3179 423
3153 423
3153 424
3151 424
3151 425
3150 425
3150 426
3149 426
3149 427
3141 427
3141 428
3140 428
3140 430
3139 430
3139 431
3140 431
3140 457
3139 457
3139 458
3138 458
3138 459
3137 459
3137 460
3134 460
3134 461
3131 461
3131 462
3130 462
3130 463
3121 463
3121 464
3120 464
3120 465
3118 465
3118 466
3116 466
3116 467
3115 467
3115 468
3113 468
3113 469
3112 469
3112 470
3111 470
3111 471
3109 471
3109 472
3108 472
3108 473
3106 473
3106 474
3097 474
3097 475
3090 475
3090 474
3082 474
3082 473
3079 473
3079 472
3077 472
3077 471
3075 471
3075 470
3074 470
3074 468
3073 468
3073 465
3072 465
3072 458
3071 458
3071 456
3070 456
3070 455
3069 455
3069 454
3068 454
3068 453
3067 453
3067 452
3066 452
3066 451
3065 451
3065 450
3064 450
3064 449
3063 449
3063 448
3062 448
3062 447
3061 447
3061 443
3060 443
3060 437
3059 437
3059 436
3058 436
3058 435
3055 435
3055 434
3042 434
3042 433
3040 433
3040 432
3039 432
3039 431
3037 431
3037 430
3034 430
3034 429
3032 429
3032 428
3028 428
3028 427
3026 427
3026 426
3022 426
3022 425
3018 425
3018 424
3016 424
3016 423
3015 423
3015 421
3014 421
3014 415
3013 415
3013 406
3012 406
3012 405
3008 405
3008 404
3003 404
3003 403
2999 403
2999 402
2988 402
2988 403
2987 403
2987 404
2981 404
2981 405
2980 405
2980 409
2979 409
2979 411
2978 411
2978 412
2977 412
2977 414
2976 414
2976 416
2969 416
2969 417
2968 417
2968 418
2967 418
2967 419
2966 419
2966 420
2964 420
2964 421
2963 421
2963 422
2962 422
2962 423
2959 423
2959 422
2954 422
2954 423
2948 423
2948 422
2941 422
2941 421
2933 421
2933 420
2932 420
2932 419
2931 419
2931 418
2930 418
2930 417
2929 417
2929 415
2928 415
2928 412
2927 412
2927 410
2926 410
2926 409
2925 409
2925 408
2921 408
2921 409
2918 409
2918 410
2917 410
2917 417
2916 417
2916 426
2915 426
2915 431
2907 431
2907 432
2906 432
2906 433
2904 433
2904 434
2899 434
2899 435
2898 435
2898 436
2897 436
2897 437
2896 437
2896 438
2895 438
2895 439
2894 439
2894 440
2886 440
2886 441
2884 441
2884 442
2882 442
2882 443
2874 443
2874 444
2873 444
2873 445
2872 445
2872 446
2869 446
2869 447
2867 447
2867 446
2863 446
2863 447
2862 447
2862 448
2861 448
2861 450
2860 450
2860 451
2861 451
2861 468
2860 468
2860 469
2859 469
2859 470
2858 470
2858 471
2857 471
2857 473
2856 473
2856 475
2854 475
2854 476
2851 476
2851 477
2850 477
2850 478
2849 478
2849 484
2850 484
2850 486
2849 486
2849 488
2850 488
2850 499
2849 499
2849 500
2848 500
2848 503
2847 503
2847 504
2845 504
2845 505
2844 505
2844 506
2841 506
2841 507
2832 507
2832 508
2831 508
2831 509
2829 509
2829 510
2827 510
2827 511
2826 511
2826 512
2825 512
2825 513
2824 513
2824 514
2821 514
2821 515
2818 515
2818 516
2817 516
2817 515
2810 515
2810 516
2809 516
2809 517
2808 517
2808 518
2807 518
2807 520
2806 520
2806 522
2805 522
2805 523
2804 523
2804 524
2803 524
2803 525
2800 525
2800 526
2798 526
2798 527
2795 527
2795 528
2793 528
2793 529
2790 529
2790 530
2789 530
2789 531
2787 531
2787 532
2785 532
2785 533
2776 533
2776 532
2773 532
2773 531
2769 531
2769 530
2768 530
2768 529
2767 529
2767 527
2766 527
2766 526
2765 526
2765 524
2764 524
2764 523
2763 523
2763 520
2762 520
2762 517
2761 517
2761 514
2760 514
2760 510
2759 510
2759 505
2758 505
2758 504
2757 504
2757 503
2755 503
2755 502
2752 502
2752 501
2751 501
2751 499
2750 499
2750 498
2749 498
2749 495
2748 495
2748 486
2747 486
2747 482
2746 482
2746 477
2745 477
2745 476
2744 476
2744 475
2743 475
2743 474
2742 474
2742 473
2741 473
2741 472
2740 472
2740 471
2739 471
2739 470
2738 470
2738 469
2737 469
2737 464
2736 464
2736 463
2735 463
2735 458
2734 458
2734 455
2733 455
2733 454
2732 454
2732 453
2731 453
2731 452
2730 452
2730 451
2729 451
2729 450
2728 450
2728 449
2727 449
2727 448
2726 448
2726 447
2725 447
2725 446
2723 446
2723 445
2722 445
2722 443
2721 443
2721 441
2720 441
2720 440
2719 440
2719 438
2718 438
2718 437
2717 437
2717 435
2716 435
2716 434
2715 434
2715 433
2713 433
2713 432
2711 432
2711 431
2709 431
2709 430
2707 430
2707 429
2705 429
2705 428
2704 428
2704 427
2703 427
2703 426
2702 426
2702 425
2701 425
2701 424
2700 424
2700 423
2699 423
2699 422
2698 422
2698 421
2697 421
2697 407
2696 407
2696 404
2695 404
2695 403
2694 403
2694 402
2692 402
2692 401
2691 401
2691 400
2690 400
2690 399
2687 399
2687 398
2686 398
2686 397
2683 397
2683 396
2680 396
2680 397
2679 397
2679 398
2678 398
2678 424
2679 424
2679 427
2678 427
2678 431
2674 431
2674 432
2671 432
2671 433
2670 433
2670 434
2669 434
2669 435
2668 435
2668 438
2667 438
2667 447
2668 447
2668 502
2667 502
2667 509
2668 509
2668 521
2667 521
2667 523
2666 523
2666 524
2665 524
2665 525
2664 525
2664 526
2663 526
2663 528
2662 528
2662 529
2661 529
2661 530
2660 530
2660 531
2659 531
2659 532
2658 532
2658 533
2657 533
2657 534
2656 534
2656 569
2655 569
2655 571
2654 571
2654 573
2653 573
2653 574
2652 574
2652 575
2650 575
2650 576
2649 576
2649 577
2648 577
2648 579
2647 579
2647 581
2646 581
2646 584
2645 584
2645 586
2644 586
2644 588
2643 588
2643 589
2642 589
2642 590
2641 590
2641 591
2640 591
2640 592
2639 592
2639 593
2638 593
2638 594
2637 594
2637 595
2636 595
2636 596
2635 596
2635 598
2634 598
2634 600
2633 600
2633 604
2632 604
2632 607
2631 607
2631 608
2629 608
2629 609
2628 609
2628 610
2627 610
2627 611
2626 611
2626 612
2625 612
2625 613
2624 613
2624 614
2623 614
2623 615
2617 615
2617 616
2613 616
2613 617
2612 617
2612 637
2611 637
2611 640
2610 640
2610 643
2609 643
2609 644
2608 644
2608 645
2601 645
2601 646
2599 646
2599 647
2597 647
2597 648
2579 648
2579 649
2572 649
2572 650
2567 650
2567 649
2563 649
2563 648
2561 648
2561 647
2559 647
2559 646
2558 646
2558 645
2557 645
2557 644
2556 644
2556 643
2555 643
2555 642
2554 642
2554 641
2553 641
2553 640
2552 640
2552 639
2551 639
2551 637
2550 637
2550 634
2549 634
2549 631
2548 631
2548 630
2547 630
2547 629
2546 629
2546 628
2545 628
2545 627
2544 627
2544 626
2542 626
2542 625
2540 625
2540 624
2538 624
2538 623
2537 623
2537 622
2536 622
2536 621
2535 621
2535 620
2534 620
2534 619
2533 619
2533 618
2532 618
2532 615
2531 615
2531 613
2530 613
2530 609
2529 609
2529 608
2528 608
2528 607
2526 607
2526 606
2525 606
2525 605
2523 605
2523 604
2522 604
2522 603
2521 603
2521 602
2520 602
2520 598
2519 598
2519 595
2518 595
2518 593
2517 593
2517 592
2516 592
2516 591
2515 591
2515 590
2482 590
2482 591
2478 591
2478 590
2476 590
2476 589
2475 589
2475 588
2474 588
2474 587
2473 587
2473 586
2472 586
2472 582
2471 582
2471 577
2470 577
2470 571
2469 571
2469 554
2468 554
2468 546
2467 546
2467 542
2466 542
2466 540
2465 540
2465 538
2464 538
2464 537
2463 537
2463 536
2451 536
2451 537
2444 537
2444 538
2443 538
2443 539
2442 539
2442 549
2441 549
2441 551
2440 551
2440 552
2439 552
2439 553
2437 553
2437 554
2436 554
2436 555
2430 555
2430 556
2428 556
2428 557
2426 557
2426 558
2425 558
2425 559
2421 559
2421 560
2420 560
2420 562
2419 562
2419 564
2418 564
2418 566
2417 566
2417 567
2415 567
2415 568
2414 568
2414 569
2413 569
2413 570
2410 570
2410 571
2409 571
2409 572
2408 572
2408 579
2407 579
2407 580
2406 580
2406 581
2404 581
2404 582
2403 582
2403 583
2400 583
2400 584
2398 584
2398 585
2397 585
2397 586
2396 586
2396 587
2395 587
2395 588
2394 588
2394 589
2391 589
2391 590
2389 590
2389 591
2382 591
2382 590
2376 590
2376 591
2373 591
2373 592
2370 592
2370 593
2368 593
2368 594
2366 594
2366 595
2361 595
2361 594
2360 594
2360 593
2359 593
2359 591
2358 591
2358 589
2357 589
2357 586
2356 586
2356 583
2355 583
2355 576
2354 576
2354 571
2353 571
2353 569
2352 569
2352 568
2351 568
2351 567
2349 567
2349 566
2345 566
2345 565
2342 565
2342 564
2341 564
2341 563
2339 563
2339 562
2337 562
2337 561
2327 561
2327 560
2325 560
2325 561
2321 561
2321 560
2317 560
2317 559
2316 559
2316 558
2314 558
2314 557
2313 557
2313 556
2312 556
2312 555
2311 555
2311 554
2310 554
2310 553
2308 553
2308 552
2301 552
2301 551
2300 551
2300 550
2299 550
2299 549
2298 549
2298 548
2297 548
2297 545
2296 545
2296 532
2295 532
2295 528
2294 528
2294 527
2293 527
2293 526
2292 526
2292 525
2288 525
2288 524
2286 524
2286 522
2285 522
2285 521
2284 521
2284 520
2283 520
2283 519
2281 519
2281 518
2272 518
2272 519
2265 519
2265 520
2264 520
2264 521
2263 521
2263 522
2261 522
2261 523
2260 523
2260 524
2250 524
2250 523
2240 523
2240 524
2239 524
2239 529
2240 529
2240 539
2241 539
2241 546
2223 546
2223 547
2222 547
2222 553
2223 553
2223 556
2224 556
2224 559
2225 559
2225 561
2226 561
2226 563
2227 563
2227 567
2226 567
2226 569
2225 569
2225 570
2224 570
2224 571
2223 571
2223 572
2221 572
2221 573
2219 573
2219 574
2217 574
2217 575
2215 575
2215 576
2206 576
2206 577
2205 577
2205 589
2204 589
2204 602
2205 602
2205 606
2204 606
2204 613
2203 613
2203 615
2202 615
2202 616
2200 616
2200 617
2188 617
2188 616
2181 616
2181 615
2180 615
2180 616
2178 616
2178 617
2177 617
2177 618
2176 618
2176 620
2174 620
2174 621
2170 621
2170 622
2168 622
2168 623
2162 623
2162 624
2158 624
2158 625
2157 625
2157 631
2156 631
2156 632
2155 632
2155 635
2154 635
2154 638
2153 638
2153 645
2152 645
2152 648
2151 648
2151 649
2150 649
2150 650
2149 650
2149 651
2148 651
2148 652
2144 652
2144 651
2141 651
2141 650
2132 650
2132 649
2127 649
2127 648
2124 648
2124 647
2123 647
2123 646
2122 646
2122 645
2121 645
2121 643
2120 643
2120 642
2119 642
2119 641
2115 641
2115 640
2112 640
2112 639
2107 639
2107 638
2101 638
2101 637
2099 637
2099 636
2096 636
2096 635
2095 635
2095 634
2093 634
2093 633
2092 633
2092 632
2091 632
2091 630
2090 630
2090 629
2089 629
2089 627
2088 627
2088 624
2089 624
2089 622
2090 622
2090 618
2091 618
2091 609
2090 609
2090 604
2089 604
2089 599
2088 599
2088 593
2087 593
2087 590
2086 590
2086 584
2085 584
2085 569
2084 569
2084 538
2083 538
2083 521
2082 521
2082 520
2081 520
2081 519
2080 519
2080 518
2079 518
2079 517
2077 517
2077 516
2075 516
2075 515
2073 515
2073 514
2072 514
2072 513
2071 513
2071 510
2070 510
2070 499
2069 499
2069 494
2068 494
2068 490
2067 490
2067 487
2066 487
2066 485
2065 485
2065 484
2064 484
2064 483
2063 483
2063 482
2062 482
2062 481
2061 481
2061 480
2057 480
2057 479
2054 479
2054 478
2053 478
2053 477
2052 477
2052 478
2044 478
2044 480
2043 480
2043 482
2042 482
2042 483
2038 483
2038 484
2037 484
2037 485
2036 485
2036 486
2035 486
2035 487
2034 487
2034 495
2035 495
2035 500
2036 500
2036 511
2035 511
2035 513
2034 513
2034 514
2032 514
2032 515
2028 515
2028 516
2027 516
2027 527
2025 527
2025 528
2023 528
2023 529
2012 529
2012 530
2011 530
2011 534
2012 534
2012 555
2011 555
2011 556
2009 556
2009 557
2000 557
2000 558
1998 558
1998 559
1997 559
1997 576
1998 576
1998 578
1999 578
1999 580
2000 580
2000 581
2001 581
2001 583
2002 583
2002 588
2003 588
2003 590
2002 590
2002 594
2001 594
2001 595
2000 595
2000 596
1998 596
1998 595
1990 595
1990 596
1989 596
1989 597
1988 597
1988 598
1987 598
1987 599
1988 599
1988 603
1989 603
1989 606
1990 606
1990 608
1991 608
1991 609
1992 609
1992 622
1991 622
1991 623
1990 623
1990 624
1989 624
1989 625
1984 625
1984 626
1981 626
1981 627
1980 627
1980 629
1979 629
1979 631
1971 631
1971 632
1967 632
1967 633
1958 633
1958 634
1955 634
1955 635
1953 635
1953 636
1945 636
1945 637
1940 637
1940 638
1937 638
1937 639
1929 639
1929 640
1923 640
1923 641
1910 641
1910 640
1907 640
1907 639
1905 639
1905 638
1901 638
1901 637
1899 637
1899 636
1896 636
1896 635
1894 635
1894 634
1887 634
1887 633
1886 633
1886 634
1878 634
1878 633
1876 633
1876 632
1875 632
1875 631
1873 631
1873 630
1872 630
1872 629
1870 629
1870 628
1868 628
1868 627
1866 627
1866 626
1864 626
1864 625
1863 625
1863 624
1862 624
1862 623
1861 623
1861 621
1860 621
1860 614
1859 614
1859 612
1858 612
1858 564
1857 564
1857 527
1856 527
1856 494
1855 494
1855 456
1854 456
1854 454
1853 454
1853 452
1852 452
1852 451
1851 451
1851 450
1849 450
1849 451
1848 451
1848 452
1846 452
1846 453
1843 453
1843 454
1842 454
1842 455
1841 455
1841 456
1840 456
1840 457
1839 457
1839 458
1838 458
1838 459
1837 459
1837 460
1836 460
1836 461
1832 461
1832 462
1826 462
1826 463
1825 463
1825 464
1822 464
1822 465
1819 465
1819 471
1818 471
1818 473
1817 473
1817 474
1816 474
1816 477
1815 477
1815 478
1813 478
1813 479
1811 479
1811 480
1804 480
1804 481
1803 481
1803 482
1802 482
1802 486
1803 486
1803 492
1804 492
1804 495
1805 495
1805 498
1806 498
1806 505
1805 505
1805 507
1804 507
1804 509
1803 509
1803 511
1801 511
1801 512
1798 512
1798 513
1790 513
1790 514
1789 514
1789 517
1790 517
1790 520
1791 520
1791 522
1792 522
1792 523
1793 523
1793 525
1794 525
1794 531
1793 531
1793 532
1792 532
1792 535
1790 535
1790 536
1780 536
1780 537
1777 537
1777 538
1773 538
1773 539
1772 539
1772 540
1771 540
1771 541
1770 541
1770 542
1771 542
1771 547
1772 547
1772 550
1773 550
1773 558
1772 558
1772 560
1771 560
1771 562
1770 562
1770 563
1769 563
1769 564
1768 564
1768 565
1767 565
1767 566
1766 566
1766 567
1765 567
1765 570
1764 570
1764 571
1763 571
1763 572
1762 572
1762 573
1761 573
1761 575
1760 575
1760 577
1759 577
1759 578
1758 578
1758 579
1757 579
1757 580
1756 580
1756 582
1755 582
1755 583
1754 583
1754 584
1753 584
1753 585
1752 585
1752 586
1751 586
1751 587
1749 587
1749 588
1742 588
1742 589
1740 589
1740 590
1736 590
1736 591
1733 591
1733 592
1711 592
1711 591
1709 591
1709 590
1708 590
1708 589
1707 589
1707 588
1706 588
1706 587
1705 587
1705 586
1704 586
1704 585
1703 585
1703 584
1701 584
1701 583
1699 583
1699 582
1698 582
1698 581
1696 581
1696 580
1695 580
1695 578
1694 578
1694 576
1693 576
1693 554
1692 554
1692 549
1693 549
1693 546
1692 546
1692 540
1691 540
1691 538
1690 538
1690 537
1689 537
1689 536
1687 536
1687 535
1685 535
1685 534
1683 534
1683 533
1682 533
1682 532
1681 532
1681 531
1680 531
1680 529
1679 529
1679 522
1678 522
1678 510
1677 510
1677 484
1676 484
1676 480
1677 480
1677 467
1676 467
1676 436
1675 436
1675 411
1674 411
1674 410
1673 410
1673 409
1670 409
1670 408
1666 408
1666 409
1665 409
1665 410
1664 410
1664 411
1663 411
1663 412
1662 412
1662 413
1661 413
1661 414
1649 414
1649 415
1647 415
1647 416
1644 416
1644 417
1643 417
1643 418
1642 418
1642 419
1641 419
1641 420
1640 420
1640 421
1638 421
1638 422
1637 422
1637 424
1636 424
1636 425
1635 425
1635 426
1634 426
1634 427
1632 427
1632 428
1631 428
1631 429
1630 429
1630 430
1629 430
1629 431
1628 431
1628 433
1626 433
1626 434
1625 434
1625 435
1623 435
1623 436
1621 436
1621 437
1620 437
1620 438
1619 438
1619 439
1618 439
1618 440
1617 440
1617 441
1616 441
1616 442
1615 442
1615 443
1613 443
1613 444
1611 444
1611 445
1609 445
1609 446
1608 446
1608 447
1607 447
1607 448
1606 448
1606 449
1605 449
1605 450
1602 450
1602 451
1600 451
1600 452
1598 452
1598 453
1597 453
1597 454
1596 454
1596 455
1595 455
1595 456
1593 456
1593 457
1592 457
1592 458
1589 458
1589 459
1588 459
1588 460
1587 460
1587 461
1586 461
1586 462
1585 462
1585 463
1584 463
1584 464
1583 464
1583 465
1582 465
1582 467
1581 467
1581 468
1580 468
1580 469
1578 469
1578 470
1569 470
1569 471
1565 471
1565 472
1555 472
1555 471
1553 471
1553 470
1552 470
1552 469
1551 469
1551 468
1550 468
1550 467
1549 467
1549 466
1548 466
1548 461
1547 461
1547 460
1542 460
1542 459
1539 459
1539 458
1538 458
1538 457
1537 457
1537 456
1536 456
1536 455
1532 455
1532 454
1530 454
1530 455
1519 455
1519 454
1515 454
1515 453
1514 453
1514 452
1513 452
1513 451
1512 451
1512 449
1511 449
1511 442
1510 442
1510 441
1509 441
1509 440
1503 440
1503 439
1500 439
1500 438
1497 438
1497 437
1495 437
1495 436
1491 436
1491 435
1490 435
1490 434
1489 434
1489 433
1488 433
1488 432
1487 432
1487 407
1486 407
1486 404
1485 404
1485 403
1483 403
1483 402
1480 402
1480 401
1479 401
1479 400
1478 400
1478 399
1477 399
1477 398
1476 398
1476 397
1475 397
1475 387
1474 387
1474 366
1473 366
1473 353
1472 353
1472 348
1473 348
1473 342
1472 342
1472 330
1471 330
1471 329
1468 329
1468 328
1466 328
1466 327
1465 327
1465 326
1464 326
1464 325
1463 325
1463 324
1462 324
1462 321
1461 321
1461 316
1460 316
1460 314
1459 314
1459 313
1443 313
1443 314
1439 314
1439 315
1436 315
1436 316
1434 316
1434 317
1430 317
1430 318
1427 318
1427 319
1424 319
1424 320
1406 320
1406 319
1405 319
1405 318
1404 318
1404 317
1403 317
1403 315
1402 315
1402 309
1401 309
1401 308
1399 308
1399 307
1395 307
1395 306
1393 306
1393 305
1392 305
1392 304
1391 304
1391 302
1390 302
1390 301
1389 301
1389 300
1388 300
1388 299
1385 299
1385 298
1382 298
1382 297
1381 297
1381 296
1380 296
1380 294
1379 294
1379 291
1378 291
1378 274
1377 274
1377 267
1376 267
1376 266
1371 266
1371 265
1368 265
1368 264
1361 264
1361 263
1358 263
1358 262
1357 262
1357 261
1356 261
1356 260
1355 260
1355 258
1354 258
1354 256
1353 256
1353 245
1352 245
1352 218
1351 218
1351 209
1350 209
1350 180
1349 180
1349 166
1348 166
1348 159
1347 159
1347 158
1346 158
1346 157
1342 157
1342 158
1340 158
1340 159
1339 159
1339 160
1337 160
1337 161
1327 161
1327 162
1325 162
1325 163
1324 163
1324 164
1308 164
1308 165
1307 165
1307 166
1306 166
1306 168
1305 168
1305 169
1304 169
1304 171
1303 171
1303 172
1302 172
1302 173
1298 173
1298 174
1294 174
1294 175
1293 175
1293 176
1292 176
1292 178
1291 178
1291 179
1290 179
1290 180
1289 180
1289 183
1288 183
1288 185
1287 185
1287 186
1286 186
1286 188
1285 188
1285 190
1284 190
1284 191
1283 191
1283 193
1282 193
1282 194
1281 194
1281 196
1280 196
1280 198
1279 198
1279 199
1277 199
1277 200
1270 200
1270 201
1269 201
1269 202
1268 202
1268 207
1269 207
1269 212
1270 212
1270 214
1271 214
1271 217
1272 217
1272 218
1273 218
1273 219
1274 219
1274 226
1273 226
1273 227
1272 227
1272 230
1271 230
1271 232
1270 232
1270 234
1269 234
1269 237
1251 237
1251 238
1249 238
1249 239
1248 239
1248 240
1246 240
1246 241
1245 241
1245 242
1244 242
1244 243
1227 243
1227 244
1223 244
1223 245
1217 245
1217 246
1195 246
1195 245
1193 245
1193 244
1191 244
1191 243
1189 243
1189 242
1188 242
1188 240
1187 240
1187 239
1186 239
1186 237
1185 237
1185 236
1184 236
1184 235
1183 235
1183 234
1182 234
1182 232
1181 232
1181 230
1180 230
1180 229
1179 229
1179 227
1178 227
1178 226
1177 226
1177 225
1174 225
1174 224
1173 224
1173 223
1172 223
1172 222
1171 222
1171 221
1169 221
1169 220
1167 220
1167 219
1165 219
1165 218
1157 218
1157 219
1154 219
1154 220
1157 220
1157 219
1165 219
1165 220
1167 220
1167 221
1169 221
1169 222
1171 222
1171 223
1172 223
1172 224
1173 224
1173 225
1174 225
1174 226
1177 226
1177 227
1178 227
1178 229
1179 229
1179 230
1180 230
1180 232
1181 232
1181 235
1183 235
1183 236
1184 236
1184 237
1185 237
1185 239
1186 239
1186 240
1187 240
1187 242
1188 242
1188 243
1189 243
1189 244
1191 244
1191 245
1193 245
1193 246
1195 246
1195 247
1217 247
1217 246
1223 246
1223 245
1227 245
1227 244
1244 244
1244 243
1245 243
1245 242
1246 242
1246 241
1248 241
1248 240
1249 240
1249 239
1251 239
1251 238
1269 238
1269 237
1270 237
1270 234
1271 234
1271 232
1272 232
1272 230
1273 230
1273 227
1274 227
1274 226
1275 226
1275 219
1274 219
1274 218
1273 218
1273 217
1272 217
1272 214
1271 214
1271 212
1270 212
1270 207
1269 207
1269 202
1270 202
1270 201
1277 201
1277 200
1279 200
1279 199
1280 199
1280 198
1281 198
1281 196
1282 196
1282 194
1283 194
1283 193
1284 193
1284 191
1285 191
1285 190
1286 190
1286 188
1287 188
1287 186
1288 186
1288 185
1289 185
1289 183
1290 183
1290 180
1291 180
1291 179
1292 179
1292 178
1293 178
1293 176
1294 176
1294 175
1298 175
1298 174
1302 174
1302 173
1303 173
1303 172
1304 172
1304 171
1305 171
1305 169
1306 169
1306 168
1307 168
1307 166
1308 166
1308 165
1324 165
1324 164
1325 164
1325 163
1327 163
1327 162
1337 162
1337 161
1339 161
1339 160
1340 160
1340 159
1342 159
1342 158
1346 158
1346 159
1347 159
1347 166
1348 166
1348 180
1349 180
1349 209
1350 209
1350 218
1351 218
1351 245
1352 245
1352 256
1353 256
1353 258
1354 258
1354 260
1355 260
1355 261
1356 261
1356 262
1357 262
1357 263
1358 263
1358 264
1361 264
1361 265
1368 265
1368 266
1371 266
1371 267
1376 267
1376 274
1377 274
1377 291
1378 291
1378 294
1379 294
1379 296
1380 296
1380 297
1381 297
1381 298
1382 298
1382 299
1385 299
1385 300
1388 300
1388 301
1389 301
1389 302
1390 302
1390 304
1391 304
1391 305
1392 305
1392 306
1393 306
1393 307
1395 307
1395 308
1399 308
1399 309
1401 309
1401 315
1402 315
1402 317
1403 317
1403 318
1404 318
1404 319
1405 319
1405 320
1406 320
1406 321
1424 321
1424 320
1427 320
1427 319
1430 319
1430 318
1434 318
1434 317
1436 317
1436 316
1439 316
1439 315
1443 315
1443 314
1459 314
1459 316
1460 316
1460 321
1461 321
1461 324
1462 324
1462 325
1463 325
1463 326
1464 326
1464 327
1465 327
1465 328
1466 328
1466 329
1468 329
1468 330
1471 330
1471 342
1472 342
1472 348
1471 348
1471 353
1472 353
1472 366
1473 366
1473 387
1474 387
1474 397
1475 397
1475 398
1476 398
1476 399
1477 399
1477 400
1478 400
1478 401
1479 401
1479 402
1480 402
1480 403
1483 403
1483 404
1485 404
1485 407
1486 407
1486 432
1487 432
1487 433
1488 433
1488 434
1489 434
1489 435
1490 435
1490 436
1491 436
1491 437
1495 437
1495 438
1497 438
1497 439
1500 439
1500 440
1503 440
1503 441
1509 441
1509 442
1510 442
1510 449
1511 449
1511 451
1512 451
1512 452
1513 452
1513 453
1514 453
1514 454
1515 454
1515 455
1519 455
1519 456
1530 456
1530 455
1532 455
1532 456
1536 456
1536 457
1537 457
1537 458
1538 458
1538 459
1539 459
1539 460
1542 460
1542 461
1547 461
1547 466
1548 466
1548 467
1549 467
1549 468
1550 468
1550 469
1551 469
1551 470
1552 470
1552 471
1553 471
1553 472
1555 472
1555 473
1565 473
1565 472
1569 472
1569 471
1578 471
1578 470
1580 470
1580 469
1581 469
1581 468
1582 468
1582 467
1583 467
1583 465
1584 465
1584 464
1585 464
1585 463
1586 463
1586 462
1587 462
1587 461
1588 461
1588 460
1589 460
1589 459
1592 459
1592 458
1593 458
1593 457
1595 457
1595 456
1596 456
1596 455
1597 455
1597 454
1598 454
1598 453
1600 453
1600 452
1602 452
1602 451
1605 451
1605 450
1606 450
1606 449
1607 449
1607 448
1608 448
1608 447
1609 447
1609 446
1611 446
1611 445
1613 445
1613 444
1615 444
1615 443
1616 443
1616 442
1617 442
1617 441
1618 441
1618 440
1619 440
1619 439
1620 439
1620 438
1621 438
1621 437
1623 437
1623 436
1625 436
1625 435
1626 435
1626 434
1628 434
1628 433
1629 433
1629 431
1630 431
1630 430
1631 430
1631 429
1632 429
1632 428
1634 428
1634 427
1635 427
1635 426
1636 426
1636 425
1637 425
1637 424
1638 424
1638 422
1640 422
1640 421
1641 421
1641 420
1642 420
1642 419
1643 419
1643 418
1644 418
1644 417
1647 417
1647 416
1649 416
1649 415
1661 415
1661 414
1662 414
1662 413
1663 413
1663 412
1664 412
1664 411
1665 411
1665 410
1666 410
1666 409
1670 409
1670 410
1673 410
1673 411
1674 411
1674 436
1675 436
1675 467
1676 467
1676 480
1675 480
1675 484
1676 484
1676 510
1677 510
1677 522
1678 522
1678 529
1679 529
1679 531
1680 531
1680 532
1681 532
1681 533
1682 533
1682 534
1683 534
1683 535
1685 535
1685 536
1687 536
1687 537
1689 537
1689 538
1690 538
1690 540
1691 540
1691 546
1692 546
1692 549
1691 549
1691 554
1692 554
1692 576
1693 576
1693 578
1694 578
1694 580
1695 580
1695 581
1696 581
1696 582
1698 582
1698 583
1699 583
1699 584
1701 584
1701 585
1703 585
1703 586
1704 586
1704 587
1705 587
1705 588
1706 588
1706 589
1707 589
1707 590
1708 590
1708 591
1709 591
1709 592
1711 592
1711 593
1733 593
1733 592
1736 592
1736 591
1740 591
1740 590
1742 590
1742 589
1749 589
1749 588
1751 588
1751 587
1752 587
1752 586
1753 586
1753 585
1754 585
1754 584
1755 584
1755 583
1756 583
1756 582
1757 582
1757 580
1758 580
1758 579
1759 579
1759 578
1760 578
1760 577
1761 577
1761 575
1762 575
1762 573
1763 573
1763 572
1764 572
1764 571
1765 571
1765 570
1766 570
1766 567
1767 567
1767 566
1768 566
1768 565
1769 565
1769 564
1770 564
1770 563
1771 563
1771 562
1772 562
1772 560
1773 560
1773 558
1774 558
1774 550
1773 550
1773 547
1772 547
1772 542
1771 542
1771 541
1772 541
1772 540
1773 540
1773 539
1777 539
1777 538
1780 538
1780 537
1790 537
1790 536
1792 536
1792 535
1793 535
1793 532
1794 532
1794 531
1795 531
1795 525
1794 525
1794 523
1793 523
1793 522
1792 522
1792 520
1791 520
1791 517
1790 517
1790 514
1798 514
1798 513
1801 513
1801 512
1803 512
1803 511
1804 511
1804 509
1805 509
1805 507
1806 507
1806 505
1807 505
1807 498
1806 498
1806 495
1805 495
1805 492
1804 492
1804 486
1803 486
1803 482
1804 482
1804 481
1811 481
1811 480
1813 480
1813 479
1815 479
1815 478
1816 478
1816 477
1817 477
1817 474
1818 474
1818 473
1819 473
1819 471
1820 471
1820 466
1822 466
1822 465
1825 465
1825 464
1826 464
1826 463
1832 463
1832 462
1836 462
1836 461
1837 461
1837 460
1838 460
1838 459
1839 459
1839 458
1840 458
1840 457
1841 457
1841 456
1842 456
1842 455
1843 455
1843 454
1846 454
1846 453
1848 453
1848 452
1849 452
1849 451
1851 451
1851 452
1852 452
1852 454
1853 454
1853 456
1854 456
1854 494
1855 494
1855 527
1856 527
1856 564
1857 564
1857 612
1858 612
1858 614
1859 614
1859 621
1860 621
1860 623
1861 623
1861 624
1862 624
1862 625
1863 625
1863 626
1864 626
1864 627
1866 627
1866 628
1868 628
1868 629
1870 629
1870 630
1872 630
1872 631
1873 631
1873 632
1875 632
1875 633
1876 633
1876 634
1878 634
1878 635
1886 635
1886 634
1887 634
1887 635
1894 635
1894 636
1896 636
1896 637
1899 637
1899 638
1901 638
1901 639
1905 639
1905 640
1907 640
1907 641
1910 641
1910 642
1923 642
1923 641
1929 641
1929 640
1937 640
1937 639
1940 639
1940 638
1945 638
1945 637
1953 637
1953 636
1955 636
1955 635
1958 635
1958 634
1967 634
1967 633
1971 633
1971 632
1979 632
1979 631
1980 631
1980 629
1981 629
1981 627
1984 627
1984 626
1989 626
1989 625
1990 625
1990 624
1991 624
1991 623
1992 623
1992 622
1993 622
1993 609
1992 609
1992 608
1991 608
1991 606
1990 606
1990 603
1989 603
1989 599
1988 599
1988 598
1989 598
1989 597
1990 597
1990 596
1998 596
1998 597
2000 597
2000 596
2001 596
2001 595
2002 595
2002 594
2003 594
2003 590
2004 590
2004 588
2003 588
2003 583
2002 583
2002 581
2001 581
2001 580
2000 580
2000 578
1999 578
1999 576
1998 576
1998 559
2000 559
2000 558
2009 558
2009 557
2011 557
2011 556
2012 556
2012 555
2013 555
2013 534
2012 534
2012 530
2023 530
2023 529
2025 529
2025 528
2027 528
2027 527
2028 527
2028 516
2032 516
2032 515
2034 515
2034 514
2035 514
2035 513
2036 513
2036 511
2037 511
2037 500
2036 500
2036 495
2035 495
2035 487
2036 487
2036 486
2037 486
2037 485
2038 485
2038 484
2043 484
2043 482
2044 482
2044 480
2045 480
2045 479
2052 479
2052 478
2053 478
2053 480
2057 480
2057 481
2061 481
2061 482
2062 482
2062 483
2063 483
2063 484
2064 484
2064 485
2065 485
2065 487
2066 487
2066 490
2067 490
2067 494
2068 494
2068 499
2069 499
2069 510
2070 510
2070 513
2071 513
2071 514
2072 514
2072 515
2073 515
2073 516
2075 516
2075 517
2077 517
2077 518
2079 518
2079 519
2080 519
2080 520
2081 520
2081 521
2082 521
2082 538
2083 538
2083 569
2084 569
2084 584
2085 584
2085 590
2086 590
2086 593
2087 593
2087 599
2088 599
2088 604
2089 604
2089 609
2090 609
2090 618
2089 618
2089 622
2088 622
2088 624
2087 624
2087 627
2086 627
2086 628
2087 628
2087 627
2088 627
2088 629
2089 629
2089 630
2090 630
2090 632
2091 632
2091 633
2092 633
2092 634
2093 634
2093 635
2095 635
2095 636
2096 636
2096 637
2099 637
2099 638
2101 638
2101 639
2107 639
2107 640
2112 640
2112 641
2115 641
2115 642
2119 642
2119 643
2120 643
2120 645
2121 645
2121 646
2122 646
2122 647
2123 647
2123 648
2124 648
2124 649
2127 649
2127 650
2132 650
2132 651
2141 651
2141 652
2144 652
2144 653
2148 653
2148 652
2149 652
2149 651
2150 651
2150 650
2151 650
2151 649
2152 649
2152 648
2153 648
2153 645
2154 645
2154 638
2155 638
2155 635
2156 635
2156 632
2157 632
2157 631
2158 631
2158 625
2162 625
2162 624
2168 624
2168 623
2170 623
2170 622
2174 622
2174 621
2176 621
2176 620
2177 620
2177 618
2178 618
2178 617
2180 617
2180 616
2181 616
2181 617
2188 617
2188 618
2200 618
2200 617
2202 617
2202 616
2203 616
2203 615
2204 615
2204 613
2205 613
2205 606
2206 606
2206 602
2205 602
2205 589
2206 589
2206 577
2215 577
2215 576
2217 576
2217 575
2219 575
2219 574
2221 574
2221 573
2223 573
2223 572
2224 572
2224 571
2225 571
2225 570
2226 570
2226 569
2227 569
2227 567
2228 567
2228 563
2227 563
2227 561
2226 561
2226 559
2225 559
2225 556
2224 556
2224 553
2223 553
2223 547
2241 547
2241 546
2242 546
2242 539
2241 539
2241 529
2240 529
2240 524
2250 524
2250 525
2260 525
2260 524
2261 524
2261 523
2263 523
2263 522
2264 522
2264 521
2265 521
2265 520
2272 520
2272 519
2281 519
2281 520
2283 520
2283 521
2284 521
2284 522
2285 522
2285 524
2286 524
2286 525
2288 525
2288 526
2292 526
2292 527
2293 527
2293 528
2294 528
2294 532
2295 532
2295 545
2296 545
2296 548
2297 548
2297 549
2298 549
2298 550
2299 550
2299 551
2300 551
2300 552
2301 552
2301 553
2308 553
2308 554
2310 554
2310 555
2311 555
2311 556
2312 556
2312 557
2313 557
2313 558
2314 558
2314 559
2316 559
2316 560
2317 560
2317 561
2321 561
2321 562
2325 562
2325 561
2327 561
2327 562
2337 562
2337 563
2339 563
2339 564
2341 564
2341 565
2342 565
2342 566
2345 566
2345 567
2349 567
2349 568
2351 568
2351 569
2352 569
2352 571
2353 571
2353 576
2354 576
2354 583
2355 583
2355 586
2356 586
2356 589
2357 589
2357 591
2358 591
2358 593
2359 593
2359 594
2360 594
2360 595
2361 595
2361 596
2366 596
2366 595
2368 595
2368 594
2370 594
2370 593
2373 593
2373 592
2376 592
2376 591
2382 591
2382 592
2389 592
2389 591
2391 591
2391 590
2394 590
2394 589
2395 589
2395 588
2396 588
2396 587
2397 587
2397 586
2398 586
2398 585
2400 585
2400 584
2403 584
2403 583
2404 583
2404 582
2406 582
2406 581
2407 581
2407 580
2408 580
2408 579
2409 579
2409 572
2410 572
2410 571
2413 571
2413 570
2414 570
2414 569
2415 569
2415 568
2417 568
2417 567
2418 567
2418 566
2419 566
2419 564
2420 564
2420 562
2421 562
2421 560
2425 560
2425 559
2426 559
2426 558
2428 558
2428 557
2430 557
2430 556
2436 556
2436 555
2437 555
2437 554
2439 554
2439 553
2440 553
2440 552
2441 552
2441 551
2442 551
2442 549
2443 549
2443 539
2444 539
2444 538
2451 538
2451 537
2463 537
2463 538
2464 538
2464 540
2465 540
2465 542
2466 542
2466 546
2467 546
2467 554
2468 554
2468 571
2469 571
2469 577
2470 577
2470 582
2471 582
2471 586
2472 586
2472 587
2473 587
2473 588
2474 588
2474 589
2475 589
2475 590
2476 590
2476 591
2478 591
2478 592
2482 592
2482 591
2515 591
2515 592
2516 592
2516 593
2517 593
2517 595
2518 595
2518 598
2519 598
2519 602
2520 602
2520 603
2521 603
2521 604
2522 604
2522 605
2523 605
2523 606
2525 606
2525 607
2526 607
2526 608
2528 608
2528 609
2529 609
2529 613
2530 613
2530 615
2531 615
2531 618
2532 618
2532 619
2533 619
2533 620
2534 620
2534 621
2535 621
2535 622
2536 622
2536 623
2537 623
2537 624
2538 624
2538 625
2540 625
2540 626
2542 626
2542 627
2544 627
2544 628
2545 628
2545 629
2546 629
2546 630
2547 630
2547 631
2548 631
2548 634
2549 634
2549 637
2550 637
2550 639
2551 639
2551 640
2552 640
2552 641
2553 641
2553 642
2554 642
2554 643
2555 643
2555 644
2556 644
2556 645
2557 645
2557 646
2558 646
2558 647
2559 647
2559 648
2561 648
2561 649
2563 649
2563 650
2567 650
2567 651
2572 651
2572 650
2579 650
2579 649
2597 649
2597 648
2599 648
2599 647
2601 647
2601 646
2608 646
2608 645
2609 645
2609 644
2610 644
2610 643
2611 643
2611 640
2612 640
2612 637
2613 637
2613 617
2617 617
2617 616
2624 616
2624 614
2625 614
2625 613
2626 613
2626 612
2627 612
2627 611
2628 611
2628 610
2629 610
2629 609
2631 609
2631 608
2632 608
2632 607
2633 607
2633 604
2634 604
2634 600
2635 600
2635 598
2636 598
2636 596
2637 596
2637 595
2638 595
2638 594
2639 594
2639 593
2640 593
2640 592
2641 592
2641 591
2642 591
2642 590
2643 590
2643 589
2644 589
2644 588
2645 588
2645 586
2646 586
2646 584
2647 584
2647 581
2648 581
2648 579
2649 579
2649 577
2650 577
2650 576
2652 576
2652 575
2653 575
2653 574
2654 574
2654 573
2655 573
2655 571
2656 571
2656 569
2657 569
2657 534
2658 534
2658 533
2659 533
2659 532
2660 532
2660 531
2661 531
2661 530
2662 530
2662 529
2663 529
2663 528
2664 528
2664 526
2665 526
2665 525
2666 525
2666 524
2667 524
2667 523
2668 523
2668 521
2669 521
2669 509
2668 509
2668 502
2669 502
2669 447
2668 447
2668 438
2669 438
2669 435
2670 435
2670 434
2671 434
2671 433
2674 433
2674 432
2678 432
2678 431
2679 431
2679 427
2680 427
2680 424
2679 424
2679 398
2680 398
2680 397
2683 397
2683 398
2686 398
2686 399
2687 399
2687 400
2690 400
2690 401
2691 401
2691 402
2692 402
2692 403
2694 403
2694 404
2695 404
2695 407
2696 407
2696 421
2697 421
2697 422
2698 422
2698 423
2699 423
2699 424
2700 424
2700 425
2701 425
2701 426
2702 426
2702 427
2703 427
2703 428
2704 428
2704 429
2705 429
2705 430
2707 430
2707 431
2709 431
2709 432
2711 432
2711 433
2713 433
2713 434
2715 434
2715 435
2716 435
2716 437
2717 437
2717 438
2718 438
2718 440
2719 440
2719 441
2720 441
2720 443
2721 443
2721 445
2722 445
2722 446
2723 446
2723 447
2725 447
2725 448
2726 448
2726 449
2727 449
2727 450
2728 450
2728 451
2729 451
2729 452
2730 452
2730 453
2731 453
2731 454
2732 454
2732 455
2733 455
2733 458
2734 458
2734 463
2735 463
2735 464
2736 464
2736 469
2737 469
2737 470
2738 470
2738 471
2739 471
2739 472
2740 472
2740 473
2741 473
2741 474
2742 474
2742 475
2743 475
2743 476
2744 476
2744 477
2745 477
2745 482
2746 482
2746 486
2747 486
2747 495
2748 495
2748 498
2749 498
2749 499
2750 499
2750 501
2751 501
2751 502
2752 502
2752 503
2755 503
2755 504
2757 504
2757 505
2758 505
2758 510
2759 510
2759 514
2760 514
2760 517
2761 517
2761 520
2762 520
2762 523
2763 523
2763 524
2764 524
2764 526
2765 526
2765 527
2766 527
2766 529
2767 529
2767 530
2768 530
2768 531
2769 531
2769 532
2773 532
2773 533
2776 533
2776 534
2785 534
2785 533
2787 533
2787 532
2789 532
2789 531
2790 531
2790 530
2793 530
2793 529
2795 529
2795 528
2798 528
2798 527
2800 527
2800 526
2803 526
2803 525
2804 525
2804 524
2805 524
2805 523
2806 523
2806 522
2807 522
2807 520
2808 520
2808 518
2809 518
2809 517
2810 517
2810 516
2817 516
2817 517
2818 517
2818 516
2821 516
2821 515
2824 515
2824 514
2825 514
2825 513
2826 513
2826 512
2827 512
2827 511
2829 511
2829 510
2831 510
2831 509
2832 509
2832 508
2841 508
2841 507
2844 507
2844 506
2845 506
2845 505
2847 505
2847 504
2848 504
2848 503
2849 503
2849 500
2850 500
2850 499
2851 499
2851 488
2850 488
2850 486
2851 486
2851 484
2850 484
2850 478
2851 478
2851 477
2854 477
2854 476
2856 476
2856 475
2857 475
2857 473
2858 473
2858 471
2859 471
2859 470
2860 470
2860 469
2861 469
2861 468
2862 468
2862 451
2861 451
2861 450
2862 450
2862 448
2863 448
2863 447
2867 447
2867 448
2869 448
2869 447
2872 447
2872 446
2873 446
2873 445
2874 445
2874 444
2882 444
2882 443
2884 443
2884 442
2886 442
2886 441
2894 441
2894 440
2895 440
2895 439
2896 439
2896 438
2897 438
2897 437
2898 437
2898 436
2899 436
2899 435
2904 435
2904 434
2906 434
2906 433
2907 433
2907 432
2915 432
2915 431
2916 431
2916 426
2917 426
2917 417
2918 417
2918 410
2921 410
2921 409
2925 409
2925 410
2926 410
2926 412
2927 412
2927 415
2928 415
2928 417
2929 417
2929 418
2930 418
2930 419
2931 419
2931 420
2932 420
2932 421
2933 421
2933 422
2941 422
2941 423
2948 423
2948 424
2954 424
2954 423
2959 423
2959 424
2962 424
2962 423
2963 423
2963 422
2964 422
2964 421
2966 421
2966 420
2967 420
2967 419
2968 419
2968 418
2969 418
2969 417
2976 417
2976 416
2977 416
2977 414
2978 414
2978 412
2979 412
2979 411
2980 411
2980 409
2981 409
2981 405
2987 405
2987 404
2988 404
2988 403
2999 403
2999 404
3003 404
3003 405
3008 405
3008 406
3012 406
3012 415
3013 415
3013 421
3014 421
3014 423
3015 423
3015 424
3016 424
3016 425
3018 425
3018 426
3022 426
3022 427
3026 427
3026 428
3028 428
3028 429
3032 429
3032 430
3034 430
3034 431
3037 431
3037 432
3039 432
3039 433
3040 433
3040 434
3042 434
3042 435
3055 435
3055 436
3058 436
3058 437
3059 437
3059 443
3060 443
3060 447
3061 447
3061 448
3062 448
3062 449
3063 449
3063 450
3064 450
3064 451
3065 451
3065 452
3066 452
3066 453
3067 453
3067 454
3068 454
3068 455
3069 455
3069 456
3070 456
3070 458
3071 458
3071 465
3072 465
3072 468
3073 468
3073 470
3074 470
3074 471
3075 471
3075 472
3077 472
3077 473
3079 473
3079 474
3082 474
3082 475
3090 475
3090 476
3097 476
3097 475
3106 475
3106 474
3108 474
3108 473
3109 473
3109 472
3111 472
3111 471
3112 471
3112 470
3113 470
3113 469
3115 469
3115 468
3116 468
3116 467
3118 467
3118 466
3121 466
3121 464
3130 464
3130 463
3131 463
3131 462
3134 462
3134 461
3137 461
3137 460
3138 460
3138 459
3139 459
3139 458
3140 458
3140 457
3141 457
3141 431
3140 431
3140 430
3141 430
3141 428
3149 428
3149 427
3150 427
3150 426
3151 426
3151 425
3153 425
3153 424
3179 424
3179 423
3188 423
3188 422
3191 422
3191 423
3207 423
3207 422
3208 422
3208 421
3209 421
3209 420
3210 420
3210 419
3211 419
3211 413
3210 413
3210 393
3209 393
3209 369
3210 369
3210 368
3211 368
3211 367
3215 367
3215 366
3220 366
3220 365
3221 365
3221 366
3223 366
3223 367
3225 367
3225 368
3228 368
3228 369
3232 369
3232 370
3235 370
3235 371
3237 371
3237 372
3238 372
3238 373
3239 373
3239 374
3243 374
3243 376
3244 376
3244 383
3245 383
3245 403
3246 403
3246 410
3247 410
3247 414
3248 414
3248 416
3249 416
3249 417
3250 417
3250 418
3251 418
3251 419
3254 419
3254 420
3280 420
3280 419
3282 419
3282 418
3283 418
3283 417
3284 417
3284 416
3286 416
3286 415
3290 415
3290 414
3292 414
3292 413
3302 413
3302 412
3309 412
3309 413
3313 413
3313 414
3315 414
3315 415
3316 415
3316 416
3317 416
3317 418
3318 418
3318 419
3319 419
3319 421
3320 421
3320 422
3321 422
3321 423
3324 423
3324 424
3340 424
3340 423
3344 423
3344 422
3349 422
3349 421
3351 421
3351 420
3352 420
3352 419
3353 419
3353 417
3354 417
3354 413
3355 413
3355 412
3356 412
3356 411
3357 411
3357 410
3359 410
3359 409
3361 409
3361 408
3362 408
3362 407
3363 407
3363 406
3364 406
3364 400
3365 400
3365 399
3366 399
3366 397
3367 397
3367 396
3369 396
3369 395
3371 395
3371 394
3372 394
3372 393
3373 393
3373 392
3374 392
3374 391
3375 391
3375 390
3376 390
3376 377
3377 377
3377 376
3379 376
3379 375
3380 375
3380 374
3383 374
3383 373
3384 373
3384 372
3386 372
3386 371
3387 371
3387 367
3388 367
3388 362
3389 362
3389 360
3390 360
3390 359
3391 359
3391 358
3392 358
3392 357
3395 357
3395 356
3396 356
3396 355
3397 355
3397 354
3398 354
3398 353
3399 353
3399 333
3400 333
3400 332
3402 332
3402 331
3404 331
3404 330
3405 330
3405 329
3406 329
3406 328
3408 328
3408 327
3409 327
3409 324
3410 324
3410 322
3411 322
3411 309
3410 309
3410 278
3409 278
3409 252
3412 252
3412 253
3415 253
3415 254
3416 254
3416 256
3417 256
3417 257
3418 257
3418 258
3419 258
3419 259
3420 259
3420 260
3421 260
3421 261
3422 261
3422 262
3424 262
3424 263
3427 263
3427 264
3432 264
3432 265
3436 265
3436 264
3452 264
3452 265
3453 265
3453 267
3454 267
3454 268
3455 268
3455 269
3456 269
3456 270
3457 270
3457 271
3458 271
3458 272
3460 272
3460 273
3463 273
3463 274
3468 274
3468 275
3475 275
3475 276
3476 276
3476 277
3477 277
3477 279
3478 279
3478 283
3479 283
3479 286
3480 286
3480 288
3481 288
3481 289
3482 289
3482 290
3483 290
3483 291
3485 291
3485 292
3486 292
3486 293
3488 293
3488 294
3489 294
3489 296
3490 296
3490 297
3491 297
3491 298
3492 298
3492 299
3493 299
3493 300
3494 300
3494 301
3496 301
3496 302
3499 302
3499 303
3500 303
3500 304
3501 304
3501 306
3502 306
3502 316
3503 316
3503 324
3504 324
3504 328
3505 328
3505 329
3506 329
3506 330
3507 330
3507 331
3508 331
3508 332
3510 332
3510 333
3511 333
3511 334
3515 334
3515 335
3520 335
3520 336
3523 336
3523 337
3527 337
3527 336
3529 336
3529 337
3535 337
3535 336
3537 336
3537 335
3538 335
3538 334
3539 334
3539 333
3540 333
3540 332
3541 332
3541 331
3542 331
3542 330
3544 330
3544 329
3547 329
3547 328
3548 328
3548 327
3550 327
3550 326
3551 326
3551 325
3553 325
3553 324
3555 324
3555 325
3559 325
3559 324
3561 324
3561 323
3570 323
3570 322
3573 322
3573 321
3574 321
3574 320
3577 320
3577 319
3586 319
3586 318
3595 318
3595 319
3599 319
3599 318
3606 318
3606 317
3609 317
3609 316
3611 316
3611 315
3613 315
3613 314
3614 314
3614 313
3628 313
3628 314
3641 314
3641 313
3642 313
3642 312
3644 312
3644 311
3645 311
3645 310
3646 310
3646 304
3645 304
3645 299
3644 299
3644 276
3645 276
3645 275
3646 275
3646 274
3647 274
3647 273
3649 273
3649 272
3650 272
3650 271
3651 271
3651 270
3652 270
3652 269
3653 269
3653 268
3654 268
3654 265
3655 265
3655 260
3658 260
3658 259
3660 259
3660 258
3661 258
3661 257
3663 257
3663 256
3664 256
3664 255
3665 255
3665 253
3666 253
3666 248
3667 248
3667 247
3668 247
3668 244
3669 244
3669 226
3668 226
3668 204
3667 204
3667 195
3666 195
3666 191
3665 191
3665 188
3664 188
3664 185
3663 185
3663 182
3662 182
3662 164
3661 164
3661 141
3660 141
3660 137
3659 137
3659 131
3658 131
3658 127
3657 127
3657 124
3656 124
3656 96
3657 96
3657 94
3658 94
3658 89
3659 89
3659 87
3660 87
3660 85
3661 85
3661 84
3662 84
3662 82
3664 82
3664 76
3665 76
3665 74
3667 74
3667 73
3669 73
3669 72
3670 72
3670 71
3671 71
3671 70
3672 70
3672 69
3674 69
3674 68
3675 68
3675 67
3676 67
3676 66
3678 66
3678 65
3680 65
3680 64
3681 64
3681 63
3682 63
3682 62
3684 62
3684 61
3685 61
3685 60
3689 60
3689 59
3691 59
3691 60
3704 60
3704 59
3705 59
3705 60
3711 60
3711 61
3720 61
3720 62
3726 62
3726 61
3736 61
3736 62
3737 62
3737 63
3738 63
3738 64
3739 64
3739 65
3740 65
3740 66
3741 66
3741 67
3742 67
3742 68
3743 68
3743 69
3744 69
3744 70
3746 70
3746 71
3748 71
3748 72
3749 72
3749 73
3751 73
3751 74
3752 74
3752 75
3753 75
3753 76
3754 76
3754 77
3756 77
3756 78
3757 78
3757 79
3759 79
3759 80
3760 80
3760 81
3761 81
3761 82
3762 82
3762 83
3764 83
3764 84
3765 84
3765 85
3766 85
3766 86
3767 86
3767 87
3769 87
3769 88
3771 88
3771 89
3774 89
3774 90
3777 90
3777 91
3779 91
3779 92
3780 92
3780 91
3779 91
3779 90
3777 90
3777 89
3774 89
3774 88
3771 88
3771 87
3769 87
3769 86
3767 86
3767 85
3766 85
3766 84
3765 84
3765 83
3764 83
3764 82
3762 82
3762 81
3761 81
3761 80
3760 80
3760 79
3759 79
3759 78
3757 78
3757 77
3756 77
3756 76
3754 76
3754 75
3753 75
3753 74
3752 74
3752 73
3751 73
3751 72
3749 72
3749 71
3748 71
3748 70
3746 70
3746 69
3744 69
3744 68
3743 68
3743 67
3742 67
3742 66
3741 66
3741 65
3740 65
3740 64
3739 64
3739 63
3738 63
3738 62
3737 62
3737 61
3736 61
3736 60
3726 60
3726 61
3720 61
3720 60
3711 60
3711 59
3705 59
3705 58
3704 58
3704 59
3691 59
3691 58
3689 58
3689 59
3685 59
3685 60
3684 60
3684 61
3682 61
3682 62
3681 62
3681 63
3680 63
3680 64
3678 64
3678 65
3676 65
3676 66
3675 66
3675 67
3674 67
3674 68
3672 68
3672 69
3671 69
3671 70
3670 70
3670 71
3669 71
3669 72
3667 72
3667 73
3665 73
3665 74
3664 74
3664 76
3663 76
3663 81
3662 81
3662 82
3661 82
3661 84
3660 84
3660 85
3659 85
3659 87
3658 87
3658 89
3657 89
3657 94
3656 94
3656 96
3655 96
3655 124
3656 124
3656 127
3657 127
3657 131
3658 131
3658 137
3659 137
3659 141
3660 141
3660 164
3661 164
3661 182
3662 182
3662 185
3663 185
3663 188
3664 188
3664 191
3665 191
3665 195
3666 195
3666 204
3667 204
3667 226
3668 226
3668 244
3667 244
3667 247
3666 247
3666 248
3665 248
3665 253
3664 253
3664 255
3663 255
3663 256
3661 256
3661 257
3660 257
3660 258
3658 258
3658 259
3654 259
3654 265
3653 265
3653 268
3652 268
3652 269
3651 269
3651 270
3650 270
3650 271
3649 271
3649 272
3647 272
3647 273
3646 273
3646 274
3645 274
3645 275
3644 275
3644 276
3643 276
3643 299
3644 299
3644 304
3645 304
3645 310
3644 310
3644 311
3642 311
3642 312
3641 312
3641 313
3628 313
3628 312
3614 312
3614 313
3613 313
3613 314
3611 314
3611 315
3609 315
3609 316
3606 316
3606 317
3599 317
3599 318
3595 318
3595 317
3586 317
3586 318
3577 318
3577 319
3574 319
3574 320
3573 320
3573 321
3570 321
3570 322
3561 322
3561 323
3559 323
3559 324
3555 324
3555 323
3553 323
3553 324
3551 324
3551 325
3550 325
3550 326
3548 326
3548 327
3547 327
3547 328
3544 328
3544 329
3542 329
3542 330
3541 330
3541 331
3540 331
3540 332
3539 332
3539 333
3538 333
3538 334
3537 334
3537 335
3535 335
3535 336
3529 336
3529 335
3527 335
3527 336
3523 336
3523 335
3520 335
3520 334
3515 334
3515 333
3511 333
3511 332
3510 332
3510 331
3508 331
3508 330
3507 330
3507 329
3506 329
3506 328
3505 328
3505 324
3504 324
3504 316
3503 316
3503 306
3502 306
3502 304
3501 304
3501 303
3500 303
3500 302
3499 302
3499 301
3496 301
3496 300
3494 300
3494 299
3493 299
3493 298
3492 298
3492 297
3491 297
3491 296
3490 296
3490 294
3489 294
3489 293
3488 293
3488 292
3486 292
3486 291
3485 291
3485 290
3483 290
3483 289
3482 289
3482 288
3481 288
3481 286
3480 286
3480 283
3479 283
3479 279
3478 279
3478 277
3477 277
3477 276
3476 276
3476 275
3475 275
3475 274
3468 274
3468 273
3463 273
3463 272
3460 272
3460 271
3458 271
3458 270
3457 270
3457 269
3456 269
3456 268
3455 268
3455 267
3454 267
3454 265
3453 265
3453 264
3452 264
3452 263
3436 263
3436 264
3432 264
3432 263
3427 263
3427 262
3424 262
3424 261
3422 261
3422 260
3421 260
3421 259
3420 259
3420 258
3419 258
3419 257
3418 257
3418 256
3417 256
3417 254
3416 254
3416 253
3415 253
3415 252
3412 252
3412 251
3409 251
3409 252
3408 252
3408 278
3409 278
3409 309
3410 309
3410 322
3409 322
3409 324
3408 324
3408 327
3406 327
3406 328
3405 328
3405 329
3404 329
3404 330
3402 330
3402 331
3400 331
3400 332
3399 332
3399 333
3398 333
3398 353
3397 353
3397 354
3396 354
3396 355
3395 355
3395 356
3392 356
3392 357
3391 357
3391 358
3390 358
3390 359
3389 359
3389 360
3388 360
3388 362
3387 362
3387 367
3386 367
3386 371
3384 371
3384 372
3383 372
3383 373
3380 373
3380 374
3379 374
3379 375
3377 375
3377 376
3376 376
3376 377
3375 377
3375 390
3374 390
3374 391
3373 391
3373 392
3372 392
