2987 46
2989 46
2989 47
2992 47
2992 48
2993 48
2993 51
2994 51
2994 53
3000 53
3000 52
3004 52
3004 53
3000 53
3000 54
2994 54
2994 53
2993 53
2993 51
2992 51
2992 48
2989 48
2989 47
2987 47
2987 46
2979 46
2979 47
2976 47
2976 48
2974 48
2974 49
2973 49
2973 56
2974 56
2974 61
2973 61
2973 63
2972 63
2972 64
2971 64
2971 65
2967 65
2967 66
2958 66
2958 65
2951 65
2951 64
2946 64
2946 80
2945 80
2945 88
2946 88
2946 100
2945 100
2945 101
2944 101
2944 102
2939 102
2939 103
2930 103
2930 104
2927 104
2927 105
2917 105
2917 104
2913 104
2913 103
2911 103
2911 102
2910 102
2910 101
2909 101
2909 100
2908 100
2908 99
2907 99
2907 97
2906 97
2906 96
2905 96
2905 93
2904 93
2904 91
2903 91
2903 90
2902 90
2902 88
2901 88
2901 87
2900 87
2900 85
2899 85
2899 83
2897 83
2897 82
2895 82
2895 81
2893 81
2893 80
2891 80
2891 79
2886 79
2886 78
2884 78
2884 77
2881 77
2881 76
2880 76
2880 75
2878 75
2878 74
2876 74
2876 73
2874 73
2874 72
2870 72
2870 71
2866 71
2866 70
2864 70
2864 69
2863 69
2863 68
2862 68
2862 67
2861 67
2861 66
2859 66
2859 65
2858 65
2858 64
2857 64
2857 63
2856 63
2856 62
2855 62
2855 61
2853 61
2853 60
2852 60
2852 59
2850 59
2850 58
2847 58
2847 57
2846 57
2846 56
2843 56
2843 55
2841 55
2841 54
2832 54
2832 53
2829 53
2829 52
2827 52
2827 51
2825 51
2825 50
2823 50
2823 49
2819 49
2819 48
2816 48
2816 49
2815 49
2815 53
2814 53
2814 57
2813 57
2813 60
2812 60
2812 71
2811 71
2811 76
2810 76
2810 77
2809 77
2809 78
2808 78
2808 79
2803 79
2803 80
2801 80
2801 81
2800 81
2800 83
2799 83
2799 84
2798 84
2798 94
2797 94
2797 99
2796 99
2796 103
2795 103
2795 104
2794 104
2794 105
2793 105
2793 106
2791 106
2791 107
2788 107
2788 108
2786 108
2786 109
2785 109
2785 110
2773 110
2773 111
2771 111
2771 112
2762 112
2762 113
2758 113
2758 112
2756 112
2756 111
2747 111
2747 112
2745 112
2745 113
2742 113
2742 114
2740 114
2740 115
2738 115
2738 117
2737 117
2737 119
2736 119
2736 125
2735 125
2735 132
2734 132
2734 135
2733 135
2733 154
2732 154
2732 165
2731 165
2731 167
2732 167
2732 188
2731 188
2731 192
2730 192
2730 194
2729 194
2729 199
2728 199
2728 202
2727 202
2727 206
2726 206
2726 208
2725 208
2725 210
2724 210
2724 211
2723 211
2723 212
2721 212
2721 213
2719 213
2719 214
2718 214
2718 215
2716 215
2716 216
2715 216
2715 217
2714 217
2714 218
2713 218
2713 219
2711 219
2711 220
2710 220
2710 221
2708 221
2708 222
2706 222
2706 223
2704 223
2704 224
2702 224
2702 225
2696 225
2696 226
2692 226
2692 227
2689 227
2689 228
2688 228
2688 229
2686 229
2686 230
2685 230
2685 236
2686 236
2686 245
2685 245
2685 246
2684 246
2684 247
2683 247
2683 248
2682 248
2682 249
2680 249
2680 250
2678 250
2678 251
2674 251
2674 252
2661 252
2661 251
2654 251
2654 250
2644 250
2644 251
2640 251
2640 252
2638 252
2638 253
2637 253
2637 254
2635 254
2635 255
2634 255
2634 256
2633 256
2633 257
2631 257
2631 258
2630 258
2630 259
2629 259
2629 260
2628 260
2628 261
2624 261
2624 262
2616 262
2616 263
2612 263
2612 264
2611 264
2611 269
2610 269
2610 270
2609 270
2609 272
2608 272
2608 274
2607 274
2607 275
2602 275
2602 276
2591 276
2591 275
2587 275
2587 274
2584 274
2584 273
2580 273
2580 272
2577 272
2577 273
2573 273
2573 274
2571 274
2571 275
2562 275
2562 276
2559 276
2559 277
2558 277
2558 278
2556 278
2556 279
2547 279
2547 278
2535 278
2535 277
2534 277
2534 276
2533 276
2533 275
2532 275
2532 274
2531 274
2531 273
2530 273
2530 272
2529 272
2529 271
2528 271
2528 269
2527 269
2527 268
2526 268
2526 267
2525 267
2525 264
2524 264
2524 262
2523 262
2523 244
2522 244
2522 243
2521 243
2521 238
2520 238
2520 235
2519 235
2519 232
2518 232
2518 231
2517 231
2517 229
2516 229
2516 226
2515 226
2515 224
2514 224
2514 223
2513 223
2513 219
2512 219
2512 217
2511 217
2511 216
2510 216
2510 215
2509 215
2509 214
2508 214
2508 213
2506 213
2506 212
2505 212
2505 211
2501 211
2501 210
2498 210
2498 211
2496 211
2496 212
2495 212
2495 213
2494 213
2494 224
2495 224
2495 234
2496 234
2496 248
2495 248
2495 250
2494 250
2494 252
2493 252
2493 254
2492 254
2492 256
2491 256
2491 257
2490 257
2490 258
2489 258
2489 260
2488 260
2488 264
2487 264
2487 267
2486 267
2486 272
2485 272
2485 274
2484 274
2484 283
2483 283
2483 293
2484 293
2484 296
2485 296
2485 304
2486 304
2486 311
2487 311
2487 319
2486 319
2486 322
2485 322
2485 324
2484 324
2484 325
2483 325
2483 326
2482 326
2482 327
2481 327
2481 328
2480 328
2480 329
2479 329
2479 330
2478 330
2478 331
2477 331
2477 332
2476 332
2476 333
2474 333
2474 334
2471 334
2471 335
2466 335
2466 336
2463 336
2463 337
2460 337
2460 338
2458 338
2458 339
2455 339
2455 340
2452 340
2452 341
2447 341
2447 342
2444 342
2444 343
2440 343
2440 342
2428 342
2428 343
2414 343
2414 342
2408 342
2408 341
2402 341
2402 340
2398 340
2398 339
2392 339
2392 338
2390 338
2390 337
2387 337
2387 336
2384 336
2384 335
2383 335
2383 334
2382 334
2382 333
2381 333
2381 332
2380 332
2380 331
2379 331
2379 329
2378 329
2378 326
2377 326
2377 323
2376 323
2376 321
2375 321
2375 319
2374 319
2374 318
2373 318
2373 314
2372 314
2372 303
2371 303
2371 294
2370 294
2370 290
2371 290
2371 287
2370 287
2370 282
2369 282
2369 281
2368 281
2368 278
2367 278
2367 277
2366 277
2366 276
2365 276
2365 275
2364 275
2364 274
2363 274
2363 273
2362 273
2362 272
2361 272
2361 271
2360 271
2360 270
2359 270
2359 269
2357 269
2357 268
2356 268
2356 269
2355 269
2355 277
2354 277
2354 295
2353 295
2353 296
2352 296
2352 297
2351 297
2351 298
2350 298
2350 299
2349 299
2349 300
2347 300
2347 302
2346 302
2346 304
2345 304
2345 308
2344 308
2344 311
2345 311
2345 316
2346 316
2346 321
2347 321
2347 327
2346 327
2346 331
2345 331
2345 333
2346 333
2346 338
2347 338
2347 347
2348 347
2348 357
2349 357
2349 362
2348 362
2348 368
2347 368
2347 371
2346 371
2346 372
2343 372
2343 373
2342 373
2342 374
2341 374
2341 375
2336 375
2336 376
2334 376
2334 375
2326 375
2326 374
2324 374
2324 373
2320 373
2320 372
2318 372
2318 371
2316 371
2316 370
2314 370
2314 369
2308 369
2308 368
2304 368
2304 369
2300 369
2300 370
2299 370
2299 371
2298 371
2298 372
2297 372
2297 373
2296 373
2296 374
2295 374
2295 375
2294 375
2294 376
2293 376
2293 377
2292 377
2292 378
2291 378
2291 379
2290 379
2290 380
2289 380
2289 381
2287 381
2287 382
2286 382
2286 383
2282 383
2282 384
2276 384
2276 383
2273 383
2273 382
2271 382
2271 381
2270 381
2270 380
2269 380
2269 379
2268 379
2268 378
2267 378
2267 377
2266 377
2266 376
2265 376
2265 375
2264 375
2264 373
2263 373
2263 372
2261 372
2261 371
2260 371
2260 370
2258 370
2258 369
2255 369
2255 370
2252 370
2252 371
2250 371
2250 373
2249 373
2249 374
2248 374
2248 375
2247 375
2247 376
2244 376
2244 377
2243 377
2243 378
2242 378
2242 379
2240 379
2240 380
2239 380
2239 381
2237 381
2237 382
2236 382
2236 383
2235 383
2235 384
2228 384
2228 383
2224 383
2224 384
2222 384
2222 385
2221 385
2221 386
2219 386
2219 387
2210 387
2210 388
2195 388
2195 389
2191 389
2191 390
2190 390
2190 391
2189 391
2189 392
2188 392
2188 393
2186 393
2186 394
2184 394
2184 395
2179 395
2179 394
2178 394
2178 392
2177 392
2177 391
2176 391
2176 390
2172 390
2172 391
2171 391
2171 392
2170 392
2170 393
2167 393
2167 394
2157 394
2157 395
2148 395
2148 394
2145 394
2145 393
2143 393
2143 392
2142 392
2142 391
2140 391
2140 390
2139 390
2139 389
2138 389
2138 388
2136 388
2136 387
2135 387
2135 386
2132 386
2132 385
2130 385
2130 384
2128 384
2128 383
2127 383
2127 382
2121 382
2121 381
2120 381
2120 380
2119 380
2119 379
2118 379
2118 378
2117 378
2117 376
2116 376
2116 374
2115 374
2115 373
2114 373
2114 372
2105 372
2105 373
2097 373
2097 372
2095 372
2095 371
2094 371
2094 370
2093 370
2093 369
2092 369
2092 368
2091 368
2091 367
2090 367
2090 366
2088 366
2088 365
2086 365
2086 364
2085 364
2085 363
2082 363
2082 362
2081 362
2081 361
2080 361
2080 360
2078 360
2078 359
2077 359
2077 358
2076 358
2076 357
2075 357
2075 356
2074 356
2074 354
2073 354
2073 353
2072 353
2072 351
2071 351
2071 349
2070 349
2070 346
2069 346
2069 342
2068 342
2068 339
2067 339
2067 337
2066 337
2066 331
2065 331
2065 328
2064 328
2064 324
2063 324
2063 322
2062 322
2062 321
2061 321
2061 320
2058 320
2058 319
2055 319
2055 318
2052 318
2052 317
2051 317
2051 318
2042 318
2042 319
2039 319
2039 320
2037 320
2037 321
2036 321
2036 323
2034 323
2034 324
2033 324
2033 327
2032 327
2032 328
2033 328
2033 338
2032 338
2032 340
2031 340
2031 341
2030 341
2030 342
2029 342
2029 343
2028 343
2028 344
2027 344
2027 345
2026 345
2026 352
2025 352
2025 359
2024 359
2024 363
2023 363
2023 365
2022 365
2022 366
2021 366
2021 368
2020 368
2020 370
2019 370
2019 371
2017 371
2017 372
2016 372
2016 373
2015 373
2015 381
2014 381
2014 388
2013 388
2013 414
2012 414
2012 415
2009 415
2009 416
2007 416
2007 417
2006 417
2006 418
2005 418
2005 421
2004 421
2004 425
2003 425
2003 428
2002 428
2002 445
2001 445
2001 447
2000 447
2000 448
1999 448
1999 449
1998 449
1998 450
1983 450
1983 449
1965 449
1965 450
1957 450
1957 451
1951 451
1951 450
1950 450
1950 449
1949 449
1949 448
1948 448
1948 447
1947 447
1947 446
1946 446
1946 445
1945 445
1945 444
1944 444
1944 443
1943 443
1943 442
1942 442
1942 441
1941 441
1941 439
1940 439
1940 438
1939 438
1939 437
1937 437
1937 436
1936 436
1936 435
1934 435
1934 434
1919 434
1919 435
1917 435
1917 436
1915 436
1915 437
1910 437
1910 438
1908 438
1908 439
1895 439
1895 438
1894 438
1894 439
1890 439
1890 440
1886 440
1886 441
1873 441
1873 440
1871 440
1871 439
1868 439
1868 438
1867 438
1867 437
1866 437
1866 436
1864 436
1864 435
1863 435
1863 434
1862 434
1862 433
1860 433
1860 432
1859 432
1859 431
1858 431
1858 430
1857 430
1857 429
1855 429
1855 428
1852 428
1852 427
1851 427
1851 426
1850 426
1850 425
1849 425
1849 424
1848 424
1848 422
1847 422
1847 421
1846 421
1846 418
1845 418
1845 415
1844 415
1844 413
1843 413
1843 409
1842 409
1842 407
1841 407
1841 403
1840 403
1840 388
1839 388
1839 377
1838 377
1838 375
1837 375
1837 373
1836 373
1836 370
1835 370
1835 369
1834 369
1834 367
1833 367
1833 364
1832 364
1832 361
1831 361
1831 359
1830 359
1830 356
1829 356
1829 354
1828 354
1828 353
1827 353
1827 351
1826 351
1826 349
1825 349
1825 348
1823 348
1823 347
1820 347
1820 346
1818 346
1818 345
1814 345
1814 344
1805 344
1805 345
1804 345
1804 346
1802 346
1802 347
1801 347
1801 348
1800 348
1800 349
1799 349
1799 352
1798 352
1798 353
1797 353
1797 355
1796 355
1796 356
1794 356
1794 357
1789 357
1789 358
1788 358
1788 371
1789 371
1789 384
1788 384
1788 389
1787 389
1787 390
1786 390
1786 391
1783 391
1783 392
1780 392
1780 393
1778 393
1778 394
1777 394
1777 396
1776 396
1776 398
1775 398
1775 401
1774 401
1774 412
1773 412
1773 414
1772 414
1772 415
1771 415
1771 416
1770 416
1770 417
1769 417
1769 418
1768 418
1768 419
1767 419
1767 420
1759 420
1759 421
1753 421
1753 422
1744 422
1744 423
1724 423
1724 422
1722 422
1722 421
1720 421
1720 420
1718 420
1718 419
1716 419
1716 418
1713 418
1713 417
1710 417
1710 416
1704 416
1704 417
1697 417
1697 418
1696 418
1696 419
1695 419
1695 420
1694 420
1694 421
1693 421
1693 422
1691 422
1691 423
1689 423
1689 424
1687 424
1687 425
1686 425
1686 426
1684 426
1684 427
1682 427
1682 428
1681 428
1681 429
1676 429
1676 430
1673 430
1673 431
1670 431
1670 432
1668 432
1668 433
1667 433
1667 434
1660 434
1660 433
1657 433
1657 432
1654 432
1654 431
1649 431
1649 430
1647 430
1647 429
1642 429
1642 428
1641 428
1641 427
1640 427
1640 426
1639 426
1639 425
1638 425
1638 423
1637 423
1637 422
1636 422
1636 420
1635 420
1635 419
1632 419
1632 418
1628 418
1628 417
1627 417
1627 416
1626 416
1626 415
1625 415
1625 414
1624 414
1624 413
1622 413
1622 412
1621 412
1621 411
1619 411
1619 410
1616 410
1616 409
1615 409
1615 408
1614 408
1614 407
1613 407
1613 405
1612 405
1612 401
1611 401
1611 393
1610 393
1610 381
1609 381
1609 376
1608 376
1608 373
1607 373
1607 370
1606 370
1606 366
1605 366
1605 360
1604 360
1604 349
1603 349
1603 347
1602 347
1602 346
1601 346
1601 345
1593 345
1593 346
1588 346
1588 349
1589 349
1589 353
1588 353
1588 359
1587 359
1587 360
1586 360
1586 361
1581 361
1581 362
1578 362
1578 363
1577 363
1577 364
1576 364
1576 365
1575 365
1575 366
1574 366
1574 398
1573 398
1573 404
1572 404
1572 412
1571 412
1571 417
1570 417
1570 421
1569 421
1569 425
1568 425
1568 426
1567 426
1567 427
1566 427
1566 428
1565 428
1565 430
1564 430
1564 431
1563 431
1563 432
1562 432
1562 433
1559 433
1559 434
1558 434
1558 435
1556 435
1556 436
1553 436
1553 437
1549 437
1549 438
1539 438
1539 439
1529 439
1529 440
1521 440
1521 441
1503 441
1503 440
1497 440
1497 439
1483 439
1483 438
1478 438
1478 437
1471 437
1471 436
1468 436
1468 435
1465 435
1465 434
1460 434
1460 433
1458 433
1458 432
1454 432
1454 431
1452 431
1452 430
1449 430
1449 429
1441 429
1441 428
1424 428
1424 429
1419 429
1419 428
1411 428
1411 429
1391 429
1391 430
1387 430
1387 431
1382 431
1382 432
1379 432
1379 433
1377 433
1377 434
1375 434
1375 435
1374 435
1374 436
1373 436
1373 437
1371 437
1371 438
1370 438
1370 439
1369 439
1369 440
1367 440
1367 441
1364 441
1364 442
1362 442
1362 443
1356 443
1356 444
1352 444
1352 445
1346 445
1346 444
1337 444
1337 443
1336 443
1336 442
1331 442
1331 441
1329 441
1329 442
1322 442
1322 443
1320 443
1320 444
1317 444
1317 445
1303 445
1303 444
1301 444
1301 443
1299 443
1299 442
1298 442
1298 441
1294 441
1294 440
1293 440
1293 439
1292 439
1292 438
1291 438
1291 437
1290 437
1290 434
1289 434
1289 431
1288 431
1288 429
1287 429
1287 426
1286 426
1286 422
1285 422
1285 418
1284 418
1284 416
1283 416
1283 411
1282 411
1282 404
1281 404
1281 398
1280 398
1280 382
1279 382
1279 369
1278 369
1278 360
1277 360
1277 357
1276 357
1276 354
1275 354
1275 349
1274 349
1274 344
1273 344
1273 337
1272 337
1272 331
1271 331
1271 330
1270 330
1270 322
1269 322
1269 320
1268 320
1268 319
1267 319
1267 318
1266 318
1266 316
1265 316
1265 315
1264 315
1264 314
1263 314
1263 313
1261 313
1261 312
1260 312
1260 311
1257 311
1257 310
1249 310
1249 309
1248 309
1248 308
1245 308
1245 307
1242 307
1242 306
1238 306
1238 307
1234 307
1234 308
1233 308
1233 309
1230 309
1230 310
1227 310
1227 311
1224 311
1224 312
1220 312
1220 313
1211 313
1211 314
1197 314
1197 313
1194 313
1194 312
1191 312
1191 311
1190 311
1190 310
1189 310
1189 309
1187 309
1187 308
1186 308
1186 307
1184 307
1184 306
1183 306
1183 305
1181 305
1181 304
1180 304
1180 303
1179 303
1179 302
1178 302
1178 301
1177 301
1177 300
1176 300
1176 299
1175 299
1175 298
1174 298
1174 297
1173 297
1173 296
1169 296
1169 295
1166 295
1166 294
1165 294
1165 293
1162 293
1162 292
1158 292
1158 293
1151 293
1151 294
1149 294
1149 295
1147 295
1147 296
1146 296
1146 297
1145 297
1145 298
1142 298
1142 299
1139 299
1139 300
1130 300
1130 299
1128 299
1128 298
1127 298
1127 297
1126 297
1126 289
1125 289
1125 286
1124 286
1124 285
1113 285
1113 286
1107 286
1107 287
1098 287
1098 288
1095 288
1095 287
1085 287
1085 288
1080 288
1080 289
1077 289
1077 290
1075 290
1075 291
1071 291
1071 290
1067 290
1067 289
1063 289
1063 288
1055 288
1055 289
1051 289
1051 290
1044 290
1044 291
1034 291
1034 292
1031 292
1031 293
1027 293
1027 294
1019 294
1019 293
1017 293
1017 292
1013 292
1013 291
1010 291
1010 290
1007 290
1007 289
1004 289
1004 288
1001 288
1001 287
998 287
998 286
997 286
997 285
995 285
995 284
994 284
994 283
993 283
993 282
992 282
992 281
991 281
991 280
990 280
990 279
988 279
988 278
987 278
987 277
985 277
985 276
984 276
984 275
975 275
975 274
973 274
973 273
972 273
972 272
970 272
970 271
969 271
969 270
966 270
966 269
964 269
964 268
963 268
963 267
962 267
962 266
960 266
960 265
957 265
957 264
955 264
955 263
952 263
952 262
950 262
950 261
947 261
947 260
944 260
944 259
941 259
941 258
934 258
934 259
931 259
931 260
927 260
927 261
922 261
922 260
920 260
920 259
919 259
919 258
916 258
916 257
915 257
915 256
912 256
912 255
910 255
910 254
909 254
909 253
906 253
906 252
904 252
904 251
889 251
889 250
887 250
887 249
883 249
883 248
880 248
880 247
876 247
876 246
874 246
874 245
872 245
872 244
871 244
871 243
870 243
870 242
869 242
869 241
868 241
868 240
867 240
867 239
866 239
866 238
865 238
865 237
864 237
864 235
863 235
863 234
862 234
862 232
861 232
861 231
860 231
860 229
859 229
859 228
857 228
857 227
856 227
856 226
855 226
855 225
854 225
854 224
853 224
853 223
852 223
852 222
851 222
851 221
850 221
850 220
849 220
849 219
847 219
847 218
845 218
845 217
839 217
839 216
836 216
836 217
827 217
827 216
823 216
823 215
818 215
818 214
814 214
814 213
811 213
811 212
808 212
808 211
806 211
806 210
804 210
804 209
802 209
802 208
796 208
796 207
786 207
786 206
782 206
782 205
781 205
781 204
780 204
780 203
779 203
779 202
775 202
775 201
769 201
769 200
762 200
762 199
760 199
760 198
759 198
759 197
757 197
757 196
756 196
756 195
755 195
755 194
754 194
754 193
752 193
752 192
750 192
750 191
749 191
749 190
747 190
747 189
745 189
745 188
744 188
744 187
743 187
743 186
742 186
742 185
741 185
741 184
740 184
740 183
739 183
739 181
738 181
738 179
737 179
737 174
736 174
736 167
735 167
735 164
734 164
734 161
733 161
733 159
732 159
732 157
731 157
731 155
730 155
730 154
729 154
729 153
727 153
727 152
725 152
725 151
722 151
722 150
720 150
720 149
719 149
719 148
718 148
718 147
716 147
716 146
715 146
715 145
714 145
714 144
712 144
712 143
709 143
709 142
704 142
704 141
703 141
703 140
702 140
702 139
701 139
701 138
700 138
700 137
699 137
699 135
698 135
698 132
697 132
697 130
696 130
696 129
695 129
695 128
694 128
694 126
693 126
693 124
681 124
681 123
680 123
680 122
679 122
679 121
678 121
678 120
677 120
677 119
676 119
676 118
675 118
675 117
673 117
673 116
671 116
671 115
670 115
670 114
667 114
667 113
661 113
661 112
660 112
660 111
656 111
656 110
651 110
651 109
650 109
650 110
645 110
645 111
641 111
641 112
637 112
637 113
635 113
635 111
632 111
632 110
626 110
626 109
618 109
618 108
611 108
611 107
607 107
607 106
606 106
606 105
604 105
604 104
602 104
602 103
601 103
601 102
600 102
600 101
598 101
598 100
596 100
596 99
595 99
595 98
594 98
594 97
592 97
592 96
591 96
591 95
589 95
589 94
587 94
587 93
584 93
584 92
581 92
581 91
578 91
578 90
576 90
576 89
575 89
575 88
574 88
574 86
575 86
575 88
576 88
576 89
578 89
578 90
581 90
581 91
584 91
584 92
587 92
587 93
589 93
589 94
591 94
591 95
592 95
592 96
594 96
594 97
595 97
595 98
596 98
596 99
598 99
598 100
600 100
600 101
601 101
601 102
602 102
602 103
604 103
604 104
606 104
606 105
607 105
607 106
611 106
611 107
618 107
618 108
626 108
626 109
632 109
632 110
635 110
635 111
636 111
636 112
637 112
637 111
641 111
641 110
645 110
645 109
650 109
650 108
651 108
651 109
656 109
656 110
660 110
660 111
661 111
661 112
667 112
667 113
670 113
670 114
671 114
671 115
673 115
673 116
675 116
675 117
676 117
676 118
677 118
677 119
678 119
678 120
679 120
679 121
680 121
680 122
681 122
681 123
693 123
693 124
694 124
694 126
695 126
695 128
696 128
696 129
697 129
697 130
698 130
698 132
699 132
699 135
700 135
700 137
701 137
701 138
702 138
702 139
703 139
703 140
704 140
704 141
709 141
709 142
712 142
712 143
714 143
714 144
715 144
715 145
716 145
716 146
718 146
718 147
719 147
719 148
720 148
720 149
722 149
722 150
725 150
725 151
727 151
727 152
729 152
729 153
730 153
730 154
731 154
731 155
732 155
732 157
733 157
733 159
734 159
734 161
735 161
735 164
736 164
736 167
737 167
737 174
738 174
738 179
739 179
739 181
740 181
740 183
741 183
741 184
742 184
742 185
743 185
743 186
744 186
744 187
745 187
745 188
747 188
747 189
749 189
749 190
750 190
750 191
752 191
752 192
754 192
754 193
755 193
755 194
756 194
756 195
757 195
757 196
759 196
759 197
760 197
760 198
762 198
762 199
769 199
769 200
775 200
775 201
779 201
779 202
780 202
780 203
781 203
781 204
782 204
782 205
786 205
786 206
796 206
796 207
802 207
802 208
804 208
804 209
806 209
806 210
808 210
808 211
811 211
811 212
814 212
814 213
818 213
818 214
823 214
823 215
827 215
827 216
836 216
836 215
839 215
839 216
845 216
845 217
847 217
847 218
849 218
849 219
850 219
850 220
851 220
851 221
852 221
852 222
853 222
853 223
854 223
854 224
855 224
855 225
856 225
856 226
857 226
857 227
859 227
859 228
860 228
860 229
861 229
861 231
862 231
862 232
863 232
863 234
864 234
864 235
865 235
865 237
866 237
866 238
867 238
867 239
868 239
868 240
869 240
869 241
870 241
870 242
871 242
871 243
872 243
872 244
874 244
874 245
876 245
876 246
880 246
880 247
883 247
883 248
887 248
887 249
889 249
889 250
904 250
904 251
906 251
906 252
909 252
909 253
910 253
910 254
912 254
912 255
915 255
915 256
916 256
916 257
919 257
919 258
920 258
920 259
922 259
922 260
927 260
927 259
931 259
931 258
934 258
934 257
941 257
941 258
944 258
944 259
947 259
947 260
950 260
950 261
952 261
952 262
955 262
955 263
957 263
957 264
960 264
960 265
962 265
962 266
963 266
963 267
964 267
964 268
966 268
966 269
969 269
969 270
970 270
970 271
972 271
972 272
973 272
973 273
975 273
975 274
984 274
984 275
985 275
985 276
987 276
987 277
988 277
988 278
990 278
990 279
991 279
991 280
992 280
992 281
993 281
993 282
994 282
994 283
995 283
995 284
997 284
997 285
998 285
998 286
1001 286
1001 287
1004 287
1004 288
1007 288
1007 289
1010 289
1010 290
1013 290
1013 291
1017 291
1017 292
1019 292
1019 293
1027 293
1027 292
1031 292
1031 291
1034 291
1034 290
1044 290
1044 289
1051 289
1051 288
1055 288
1055 287
1063 287
1063 288
1067 288
1067 289
1071 289
1071 290
1075 290
1075 289
1077 289
1077 288
1080 288
1080 287
1085 287
1085 286
1095 286
1095 287
1098 287
1098 286
1107 286
1107 285
1113 285
1113 284
1124 284
1124 285
1125 285
1125 286
1126 286
1126 289
1127 289
1127 297
1128 297
1128 298
1130 298
1130 299
1139 299
1139 298
1142 298
1142 297
1145 297
1145 296
1146 296
1146 295
1147 295
1147 294
1149 294
1149 293
1151 293
1151 292
1158 292
1158 291
1162 291
1162 292
1165 292
1165 293
1166 293
1166 294
1169 294
1169 295
1173 295
1173 296
1174 296
1174 297
1175 297
1175 298
1176 298
1176 299
1177 299
1177 300
1178 300
1178 301
1179 301
1179 302
1180 302
1180 303
1181 303
1181 304
1183 304
1183 305
1184 305
1184 306
1186 306
1186 307
1187 307
1187 308
1189 308
1189 309
1190 309
1190 310
1191 310
1191 311
1194 311
1194 312
1197 312
1197 313
1211 313
1211 312
1220 312
1220 311
1224 311
1224 310
1227 310
1227 309
1230 309
1230 308
1233 308
1233 307
1234 307
1234 306
1238 306
1238 305
1242 305
1242 306
1245 306
1245 307
1248 307
1248 308
1249 308
1249 309
1257 309
1257 310
1260 310
1260 311
1261 311
1261 312
1263 312
1263 313
1264 313
1264 314
1265 314
1265 315
1266 315
1266 316
1267 316
1267 318
1268 318
1268 319
1269 319
1269 320
1270 320
1270 322
1271 322
1271 330
1272 330
1272 331
1273 331
1273 337
1274 337
1274 344
1275 344
1275 349
1276 349
1276 354
1277 354
1277 357
1278 357
1278 360
1279 360
1279 369
1280 369
1280 382
1281 382
1281 398
1282 398
1282 404
1283 404
1283 411
1284 411
1284 416
1285 416
1285 418
1286 418
1286 422
1287 422
1287 426
1288 426
1288 429
1289 429
1289 431
1290 431
1290 434
1291 434
1291 437
1292 437
1292 438
1293 438
1293 439
1294 439
1294 440
1298 440
1298 441
1299 441
1299 442
1301 442
1301 443
1303 443
1303 444
1317 444
1317 443
1320 443
1320 442
1322 442
1322 441
1329 441
1329 440
1331 440
1331 441
1336 441
1336 442
1337 442
1337 443
1346 443
1346 444
1352 444
1352 443
1356 443
1356 442
1362 442
1362 441
1364 441
1364 440
1367 440
1367 439
1369 439
1369 438
1370 438
1370 437
1371 437
1371 436
1373 436
1373 435
1374 435
1374 434
1375 434
1375 433
1377 433
1377 432
1379 432
1379 431
1382 431
1382 430
1387 430
1387 429
1391 429
1391 428
1411 428
1411 427
1419 427
1419 428
1424 428
1424 427
1441 427
1441 428
1449 428
1449 429
1452 429
1452 430
1454 430
1454 431
1458 431
1458 432
1460 432
1460 433
1465 433
1465 434
1468 434
1468 435
1471 435
1471 436
1478 436
1478 437
1483 437
1483 438
1497 438
1497 439
1503 439
1503 440
1521 440
1521 439
1529 439
1529 438
1539 438
1539 437
1549 437
1549 436
1553 436
1553 435
1556 435
1556 434
1558 434
1558 433
1559 433
1559 432
1562 432
1562 431
1563 431
1563 430
1564 430
1564 428
1565 428
1565 427
1566 427
1566 426
1567 426
1567 425
1568 425
1568 421
1569 421
1569 417
1570 417
1570 412
1571 412
1571 404
1572 404
1572 398
1573 398
1573 366
1574 366
1574 365
1575 365
1575 364
1576 364
1576 363
1577 363
1577 362
1578 362
1578 361
1581 361
1581 360
1586 360
1586 359
1587 359
1587 353
1588 353
1588 349
1587 349
1587 346
1588 346
1588 345
1593 345
1593 344
1601 344
1601 345
1602 345
1602 346
1603 346
1603 347
1604 347
1604 349
1605 349
1605 360
1606 360
1606 366
1607 366
1607 370
1608 370
1608 373
1609 373
1609 376
1610 376
1610 381
1611 381
1611 393
1612 393
1612 401
1613 401
1613 405
1614 405
1614 407
1615 407
1615 408
1616 408
1616 409
1619 409
1619 410
1621 410
1621 411
1622 411
1622 412
1624 412
1624 413
1625 413
1625 414
1626 414
1626 415
1627 415
1627 416
1628 416
1628 417
1632 417
1632 418
1635 418
1635 419
1636 419
1636 420
1637 420
1637 422
1638 422
1638 423
1639 423
1639 425
1640 425
1640 426
1641 426
1641 427
1642 427
1642 428
1647 428
1647 429
1649 429
1649 430
1654 430
1654 431
1657 431
1657 432
1660 432
1660 433
1667 433
1667 432
1668 432
1668 431
1670 431
1670 430
1673 430
1673 429
1676 429
1676 428
1681 428
1681 427
1682 427
1682 426
1684 426
1684 425
1686 425
1686 424
1687 424
1687 423
1689 423
1689 422
1691 422
1691 421
1693 421
1693 420
1694 420
1694 419
1695 419
1695 418
1696 418
1696 417
1697 417
1697 416
1704 416
1704 415
1710 415
1710 416
1713 416
1713 417
1716 417
1716 418
1718 418
1718 419
1720 419
1720 420
1722 420
1722 421
1724 421
1724 422
1744 422
1744 421
1753 421
1753 420
1759 420
1759 419
1767 419
1767 418
1768 418
1768 417
1769 417
1769 416
1770 416
1770 415
1771 415
1771 414
1772 414
1772 412
1773 412
1773 401
1774 401
1774 398
1775 398
1775 396
1776 396
1776 394
1777 394
1777 393
1778 393
1778 392
1780 392
1780 391
1783 391
1783 390
1786 390
1786 389
1787 389
1787 384
1788 384
1788 371
1787 371
1787 358
1788 358
1788 357
1789 357
1789 356
1794 356
1794 355
1796 355
1796 353
1797 353
1797 352
1798 352
1798 349
1799 349
1799 348
1800 348
1800 347
1801 347
1801 346
1802 346
1802 345
1804 345
1804 344
1805 344
1805 343
1814 343
1814 344
1818 344
1818 345
1820 345
1820 346
1823 346
1823 347
1825 347
1825 348
1826 348
1826 349
1827 349
1827 351
1828 351
1828 353
1829 353
1829 354
1830 354
1830 356
1831 356
1831 359
1832 359
1832 361
1833 361
1833 364
1834 364
1834 367
1835 367
1835 369
1836 369
1836 370
1837 370
1837 373
1838 373
1838 375
1839 375
1839 377
1840 377
1840 388
1841 388
1841 403
1842 403
1842 407
1843 407
1843 409
1844 409
1844 413
1845 413
1845 415
1846 415
1846 418
1847 418
1847 421
1848 421
1848 422
1849 422
1849 424
1850 424
1850 425
1851 425
1851 426
1852 426
1852 427
1855 427
1855 428
1857 428
1857 429
1858 429
1858 430
1859 430
1859 431
1860 431
1860 432
1862 432
1862 433
1863 433
1863 434
1864 434
1864 435
1866 435
1866 436
1867 436
1867 437
1868 437
1868 438
1871 438
1871 439
1873 439
1873 440
1886 440
1886 439
1890 439
1890 438
1894 438
1894 437
1895 437
1895 438
1908 438
1908 437
1910 437
1910 436
1915 436
1915 435
1917 435
1917 434
1919 434
1919 433
1934 433
1934 434
1936 434
1936 435
1937 435
1937 436
1939 436
1939 437
1940 437
1940 438
1941 438
1941 439
1942 439
1942 441
1943 441
1943 442
1944 442
1944 443
1945 443
1945 444
1946 444
1946 445
1947 445
1947 446
1948 446
1948 447
1949 447
1949 448
1950 448
1950 449
1951 449
1951 450
1957 450
1957 449
1965 449
1965 448
1983 448
1983 449
1998 449
1998 448
1999 448
1999 447
2000 447
2000 445
2001 445
2001 428
2002 428
2002 425
2003 425
2003 421
2004 421
2004 418
2005 418
2005 417
2006 417
2006 416
2007 416
2007 415
2009 415
2009 414
2012 414
2012 388
2013 388
2013 381
2014 381
2014 373
2015 373
2015 372
2016 372
2016 371
2017 371
2017 370
2019 370
2019 368
2020 368
2020 366
2021 366
2021 365
2022 365
2022 363
2023 363
2023 359
2024 359
2024 352
2025 352
2025 345
2026 345
2026 344
2027 344
2027 343
2028 343
2028 342
2029 342
2029 341
2030 341
2030 340
2031 340
2031 338
2032 338
2032 328
2031 328
2031 327
2032 327
2032 324
2033 324
2033 323
2034 323
2034 322
2035 322
2035 321
2036 321
2036 320
2037 320
2037 319
2039 319
2039 318
2042 318
2042 317
2051 317
2051 316
2052 316
2052 317
2055 317
2055 318
2058 318
2058 319
2061 319
2061 320
2062 320
2062 321
2063 321
2063 322
2064 322
2064 324
2065 324
2065 328
2066 328
2066 331
2067 331
2067 337
2068 337
2068 339
2069 339
2069 342
2070 342
2070 346
2071 346
2071 349
2072 349
2072 351
2073 351
2073 353
2074 353
2074 354
2075 354
2075 356
2076 356
2076 357
2077 357
2077 358
2078 358
2078 359
2080 359
2080 360
2081 360
2081 361
2082 361
2082 362
2085 362
2085 363
2086 363
2086 364
2088 364
2088 365
2090 365
2090 366
2091 366
2091 367
2092 367
2092 368
2093 368
2093 369
2094 369
2094 370
2095 370
2095 371
2097 371
2097 372
2105 372
2105 371
2114 371
2114 372
2115 372
2115 373
2116 373
2116 374
2117 374
2117 376
2118 376
2118 378
2119 378
2119 379
2120 379
2120 380
2121 380
2121 381
2127 381
2127 382
2128 382
2128 383
2130 383
2130 384
2132 384
2132 385
2135 385
2135 386
2136 386
2136 387
2138 387
2138 388
2139 388
2139 389
2140 389
2140 390
2142 390
2142 391
2143 391
2143 392
2145 392
2145 393
2148 393
2148 394
2157 394
2157 393
2167 393
2167 392
2170 392
2170 391
2171 391
2171 390
2172 390
2172 389
2176 389
2176 390
2177 390
2177 391
2178 391
2178 392
2179 392
2179 394
2184 394
2184 393
2186 393
2186 392
2188 392
2188 391
2189 391
2189 390
2190 390
2190 389
2191 389
2191 388
2195 388
2195 387
2210 387
2210 386
2219 386
2219 385
2221 385
2221 384
2222 384
2222 383
2224 383
2224 382
2228 382
2228 383
2235 383
2235 382
2236 382
2236 381
2237 381
2237 380
2239 380
2239 379
2240 379
2240 378
2242 378
2242 377
2243 377
2243 376
2244 376
2244 375
2247 375
2247 374
2248 374
2248 373
2249 373
2249 371
2250 371
2250 370
2252 370
2252 369
2255 369
2255 368
2258 368
2258 369
2260 369
2260 370
2261 370
2261 371
2263 371
2263 372
2264 372
2264 373
2265 373
2265 375
2266 375
2266 376
2267 376
2267 377
2268 377
2268 378
2269 378
2269 379
2270 379
2270 380
2271 380
2271 381
2273 381
2273 382
2276 382
2276 383
2282 383
2282 382
2286 382
2286 381
2287 381
2287 380
2289 380
2289 379
2290 379
2290 378
2291 378
2291 377
2292 377
2292 376
2293 376
2293 375
2294 375
2294 374
2295 374
2295 373
2296 373
2296 372
2297 372
2297 371
2298 371
2298 370
2299 370
2299 369
2300 369
2300 368
2304 368
2304 367
2308 367
2308 368
2314 368
2314 369
2316 369
2316 370
2318 370
2318 371
2320 371
2320 372
2324 372
2324 373
2326 373
2326 374
2334 374
2334 375
2336 375
2336 374
2341 374
2341 373
2342 373
2342 372
2343 372
2343 371
2346 371
2346 368
2347 368
2347 362
2348 362
2348 357
2347 357
2347 347
2346 347
2346 338
2345 338
2345 333
2344 333
2344 331
2345 331
2345 327
2346 327
2346 321
2345 321
2345 316
2344 316
2344 311
2343 311
2343 308
2344 308
2344 304
2345 304
2345 302
2346 302
2346 300
2347 300
2347 299
2349 299
2349 298
2350 298
2350 297
2351 297
2351 296
2352 296
2352 295
2353 295
2353 277
2354 277
2354 269
2355 269
2355 268
2356 268
2356 267
2357 267
2357 268
2359 268
2359 269
2360 269
2360 270
2361 270
2361 271
2362 271
2362 272
2363 272
2363 273
2364 273
2364 274
2365 274
2365 275
2366 275
2366 276
2367 276
2367 277
2368 277
2368 278
2369 278
2369 281
2370 281
2370 282
2371 282
2371 287
2372 287
2372 290
2371 290
2371 294
2372 294
2372 303
2373 303
2373 314
2374 314
2374 318
2375 318
2375 319
2376 319
2376 321
2377 321
2377 323
2378 323
2378 326
2379 326
2379 329
2380 329
2380 331
2381 331
2381 332
2382 332
2382 333
2383 333
2383 334
2384 334
2384 335
2387 335
2387 336
2390 336
2390 337
2392 337
2392 338
2398 338
2398 339
2402 339
2402 340
2408 340
2408 341
2414 341
2414 342
2428 342
2428 341
2440 341
2440 342
2444 342
2444 341
2447 341
2447 340
2452 340
2452 339
2455 339
2455 338
2458 338
2458 337
2460 337
2460 336
2463 336
2463 335
2466 335
2466 334
2471 334
2471 333
2474 333
2474 332
2476 332
2476 331
2477 331
2477 330
2478 330
2478 329
2479 329
2479 328
2480 328
2480 327
2481 327
2481 326
2482 326
2482 325
2483 325
2483 324
2484 324
2484 322
2485 322
2485 319
2486 319
2486 311
2485 311
2485 304
2484 304
2484 296
2483 296
2483 293
2482 293
2482 283
2483 283
2483 274
2484 274
2484 272
2485 272
2485 267
2486 267
2486 264
2487 264
2487 260
2488 260
2488 258
2489 258
2489 257
2490 257
2490 256
2491 256
2491 254
2492 254
2492 252
2493 252
2493 250
2494 250
2494 248
2495 248
2495 234
2494 234
2494 224
2493 224
2493 213
2494 213
2494 212
2495 212
2495 211
2496 211
2496 210
2498 210
2498 209
2501 209
2501 210
2505 210
2505 211
2506 211
2506 212
2508 212
2508 213
2509 213
2509 214
2510 214
2510 215
2511 215
2511 216
2512 216
2512 217
2513 217
2513 219
2514 219
2514 223
2515 223
2515 224
2516 224
2516 226
2517 226
2517 229
2518 229
2518 231
2519 231
2519 232
2520 232
2520 235
2521 235
2521 238
2522 238
2522 243
2523 243
2523 244
2524 244
2524 262
2525 262
2525 264
2526 264
2526 267
2527 267
2527 268
2528 268
2528 269
2529 269
2529 271
2530 271
2530 272
2531 272
2531 273
2532 273
2532 274
2533 274
2533 275
2534 275
2534 276
2535 276
2535 277
2547 277
2547 278
2556 278
2556 277
2558 277
2558 276
2559 276
2559 275
2562 275
2562 274
2571 274
2571 273
2573 273
2573 272
2577 272
2577 271
2580 271
2580 272
2584 272
2584 273
2587 273
2587 274
2591 274
2591 275
2602 275
2602 274
2607 274
2607 272
2608 272
2608 270
2609 270
2609 269
2610 269
2610 264
2611 264
2611 263
2612 263
2612 262
2616 262
2616 261
2624 261
2624 260
2628 260
2628 259
2629 259
2629 258
2630 258
2630 257
2631 257
2631 256
2633 256
2633 255
2634 255
2634 254
2635 254
2635 253
2637 253
2637 252
2638 252
2638 251
2640 251
2640 250
2644 250
2644 249
2654 249
2654 250
2661 250
2661 251
2674 251
2674 250
2678 250
2678 249
2680 249
2680 248
2682 248
2682 247
2683 247
2683 246
2684 246
2684 245
2685 245
2685 236
2684 236
2684 230
2685 230
2685 229
2686 229
2686 228
2688 228
2688 227
2689 227
2689 226
2692 226
2692 225
2696 225
2696 224
2702 224
2702 223
2704 223
2704 222
2706 222
2706 221
2708 221
2708 220
2710 220
2710 219
2711 219
2711 218
2713 218
2713 217
2714 217
2714 216
2715 216
2715 215
2716 215
2716 214
2718 214
2718 213
2719 213
2719 212
2721 212
2721 211
2723 211
2723 210
2724 210
2724 208
2725 208
2725 206
2726 206
2726 202
2727 202
2727 199
2728 199
2728 194
2729 194
2729 192
2730 192
2730 188
2731 188
2731 167
2730 167
2730 165
2731 165
2731 154
2732 154
2732 135
2733 135
2733 132
2734 132
2734 125
2735 125
2735 119
2736 119
2736 117
2737 117
2737 115
2738 115
2738 114
2740 114
2740 113
2742 113
2742 112
2745 112
2745 111
2747 111
2747 110
2756 110
2756 111
2758 111
2758 112
2762 112
2762 111
2771 111
2771 110
2773 110
2773 109
2785 109
2785 108
2786 108
2786 107
2788 107
2788 106
2791 106
2791 105
2793 105
2793 104
2794 104
2794 103
2795 103
2795 99
2796 99
2796 94
2797 94
2797 84
2798 84
2798 83
2799 83
2799 81
2800 81
2800 80
2801 80
2801 79
2803 79
2803 78
2808 78
2808 77
2809 77
2809 76
2810 76
2810 71
2811 71
2811 60
2812 60
2812 57
2813 57
2813 53
2814 53
2814 49
2815 49
2815 48
2816 48
2816 47
2819 47
2819 48
2823 48
2823 49
2825 49
2825 50
2827 50
2827 51
2829 51
2829 52
2832 52
2832 53
2841 53
2841 54
2843 54
2843 55
2846 55
2846 56
2847 56
2847 57
2850 57
2850 58
2852 58
2852 59
2853 59
2853 60
2855 60
2855 61
2856 61
2856 62
2857 62
2857 63
2858 63
2858 64
2859 64
2859 65
2861 65
2861 66
2862 66
2862 67
2863 67
2863 68
2864 68
2864 69
2866 69
2866 70
2870 70
2870 71
2874 71
2874 72
2876 72
2876 73
2878 73
2878 74
2880 74
2880 75
2881 75
2881 76
2884 76
2884 77
2886 77
2886 78
2891 78
2891 79
2893 79
2893 80
2895 80
2895 81
2897 81
2897 82
2899 82
2899 83
2900 83
2900 85
2901 85
2901 87
2902 87
2902 88
2903 88
2903 90
2904 90
2904 91
2905 91
2905 93
2906 93
2906 96
2907 96
2907 97
2908 97
2908 99
2909 99
2909 100
2910 100
2910 101
2911 101
2911 102
2913 102
2913 103
2917 103
2917 104
2927 104
2927 103
2930 103
2930 102
2939 102
2939 101
2944 101
2944 100
2945 100
2945 88
2944 88
2944 80
2945 80
2945 63
2951 63
2951 64
2958 64
2958 65
2967 65
2967 64
2971 64
2971 63
2972 63
2972 61
2973 61
2973 56
2972 56
2972 49
2973 49
2973 48
2974 48
2974 47
2976 47
2976 46
2979 46
2979 45
2987 45
