3069 828
3066 828
3066 829
3065 829
3065 834
3064 834
3064 835
3063 835
3063 837
3062 837
3062 838
3061 838
3061 840
3060 840
3060 841
3058 841
3058 842
3057 842
3057 843
3056 843
3056 844
3054 844
3054 845
3053 845
3053 846
3052 846
3052 847
3051 847
3051 848
3050 848
3050 850
3049 850
3049 851
3048 851
3048 852
3047 852
3047 853
3039 853
3039 854
3034 854
3034 855
3029 855
3029 856
3022 856
3022 857
3021 857
3021 864
3020 864
3020 872
3021 872
3021 893
3022 893
3022 896
3021 896
3021 897
3018 897
3018 898
3006 898
3006 897
3005 897
3005 886
2999 886
2999 887
2998 887
2998 888
2997 888
2997 894
2996 894
2996 899
2995 899
2995 900
2993 900
2993 901
2989 901
2989 900
2985 900
2985 899
2984 899
2984 898
2979 898
2979 899
2978 899
2978 900
2977 900
2977 901
2975 901
2975 900
2974 900
2974 899
2973 899
2973 898
2971 898
2971 897
2970 897
2970 896
2969 896
2969 895
2968 895
2968 894
2964 894
2964 895
2960 895
2960 896
2952 896
2952 895
2948 895
2948 894
2947 894
2947 892
2946 892
2946 890
2944 890
2944 889
2943 889
2943 888
2942 888
2942 886
2941 886
2941 883
2940 883
2940 876
2939 876
2939 875
2936 875
2936 876
2935 876
2935 880
2934 880
2934 889
2935 889
2935 897
2936 897
2936 904
2935 904
2935 916
2936 916
2936 917
2937 917
2937 918
2938 918
2938 919
2937 919
2937 920
2936 920
2936 939
2935 939
2935 940
2934 940
2934 942
2933 942
2933 943
2931 943
2931 944
2930 944
2930 945
2929 945
2929 947
2928 947
2928 948
2927 948
2927 949
2926 949
2926 950
2924 950
2924 951
2922 951
2922 953
2921 953
2921 955
2920 955
2920 956
2919 956
2919 959
2918 959
2918 960
2916 960
2916 961
2915 961
2915 962
2914 962
2914 963
2912 963
2912 964
2909 964
2909 966
2908 966
2908 967
2907 967
2907 969
2906 969
2906 971
2905 971
2905 972
2904 972
2904 973
2903 973
2903 974
2899 974
2899 975
2895 975
2895 976
2894 976
2894 977
2893 977
2893 979
2892 979
2892 980
2891 980
2891 981
2890 981
2890 982
2888 982
2888 984
2887 984
2887 985
2886 985
2886 986
2885 986
2885 988
2884 988
2884 989
2883 989
2883 990
2877 990
2877 991
2875 991
2875 992
2874 992
2874 993
2873 993
2873 994
2872 994
2872 995
2870 995
2870 997
2869 997
2869 998
2868 998
2868 999
2867 999
2867 1000
2865 1000
2865 1001
2863 1001
2863 1002
2859 1002
2859 1001
2858 1001
2858 1000
2857 1000
2857 999
2855 999
2855 998
2854 998
2854 997
2853 997
2853 996
2852 996
2852 994
2851 994
2851 992
2850 992
2850 991
2849 991
2849 987
2848 987
2848 983
2847 983
2847 978
2846 978
2846 974
2845 974
2845 972
2836 972
2836 971
2828 971
2828 977
2827 977
2827 982
2828 982
2828 984
2829 984
2829 986
2830 986
2830 988
2829 988
2829 989
2828 989
2828 990
2826 990
2826 991
2822 991
2822 992
2821 992
2821 993
2819 993
2819 994
2817 994
2817 995
2807 995
2807 994
2806 994
2806 993
2805 993
2805 988
2804 988
2804 984
2803 984
2803 980
2802 980
2802 978
2801 978
2801 976
2800 976
2800 975
2799 975
2799 974
2798 974
2798 973
2797 973
2797 972
2796 972
2796 971
2795 971
2795 970
2792 970
2792 973
2791 973
2791 983
2790 983
2790 1002
2791 1002
2791 1010
2790 1010
2790 1013
2789 1013
2789 1020
2790 1020
2790 1026
2788 1026
2788 1028
2787 1028
2787 1029
2786 1029
2786 1030
2784 1030
2784 1031
2783 1031
2783 1032
2782 1032
2782 1033
2781 1033
2781 1034
2780 1034
2780 1036
2779 1036
2779 1037
2777 1037
2777 1038
2776 1038
2776 1039
2775 1039
2775 1040
2774 1040
2774 1042
2773 1042
2773 1044
2772 1044
2772 1046
2771 1046
2771 1052
2754 1052
2754 1053
2752 1053
2752 1054
2751 1054
2751 1055
2749 1055
2749 1056
2748 1056
2748 1057
2747 1057
2747 1058
2746 1058
2746 1059
2745 1059
2745 1060
2743 1060
2743 1061
2742 1061
2742 1062
2741 1062
2741 1063
2740 1063
2740 1064
2735 1064
2735 1065
2723 1065
2723 1066
2721 1066
2721 1067
2720 1067
2720 1068
2719 1068
2719 1070
2718 1070
2718 1072
2709 1072
2709 1071
2708 1071
2708 1070
2707 1070
2707 1069
2695 1069
2695 1068
2691 1068
2691 1067
2690 1067
2690 1066
2689 1066
2689 1065
2688 1065
2688 1064
2687 1064
2687 1063
2686 1063
2686 1062
2685 1062
2685 1061
2684 1061
2684 1060
2682 1060
2682 1059
2681 1059
2681 1058
2680 1058
2680 1057
2678 1057
2678 1056
2677 1056
2677 1055
2675 1055
2675 1054
2673 1054
2673 1053
2670 1053
2670 1052
2668 1052
2668 1051
2648 1051
2648 1052
2638 1052
2638 1053
2626 1053
2626 1054
2611 1054
2611 1055
2612 1055
2612 1062
2613 1062
2613 1065
2612 1065
2612 1067
2611 1067
2611 1071
2610 1071
2610 1076
2609 1076
2609 1077
2608 1077
2608 1078
2591 1078
2591 1091
2592 1091
2592 1099
2593 1099
2593 1106
2594 1106
2594 1117
2595 1117
2595 1121
2596 1121
2596 1132
2595 1132
2595 1147
2594 1147
2594 1151
2593 1151
2593 1152
2592 1152
2592 1154
2591 1154
2591 1155
2590 1155
2590 1156
2589 1156
2589 1157
2587 1157
2587 1159
2586 1159
2586 1161
2585 1161
2585 1163
2584 1163
2584 1164
2568 1164
2568 1165
2566 1165
2566 1164
2560 1164
2560 1165
2551 1165
2551 1166
2534 1166
2534 1165
2531 1165
2531 1164
2529 1164
2529 1163
2528 1163
2528 1162
2527 1162
2527 1161
2526 1161
2526 1159
2525 1159
2525 1158
2524 1158
2524 1156
2523 1156
2523 1154
2522 1154
2522 1152
2521 1152
2521 1148
2520 1148
2520 1146
2519 1146
2519 1142
2518 1142
2518 1141
2517 1141
2517 1140
2516 1140
2516 1138
2515 1138
2515 1136
2514 1136
2514 1134
2512 1134
2512 1133
2500 1133
2500 1134
2498 1134
2498 1135
2495 1135
2495 1136
2493 1136
2493 1137
2490 1137
2490 1138
2485 1138
2485 1137
2482 1137
2482 1136
2478 1136
2478 1135
2477 1135
2477 1134
2476 1134
2476 1133
2475 1133
2475 1132
2474 1132
2474 1131
2473 1131
2473 1130
2472 1130
2472 1129
2471 1129
2471 1128
2470 1128
2470 1126
2469 1126
2469 1125
2468 1125
2468 1122
2467 1122
2467 1120
2466 1120
2466 1116
2465 1116
2465 1115
2464 1115
2464 1109
2463 1109
2463 1107
2454 1107
2454 1108
2452 1108
2452 1109
2451 1109
2451 1110
2450 1110
2450 1111
2435 1111
2435 1110
2420 1110
2420 1111
2416 1111
2416 1110
2412 1110
2412 1109
2411 1109
2411 1108
2401 1108
2401 1109
2399 1109
2399 1108
2398 1108
2398 1106
2392 1106
2392 1107
2381 1107
2381 1106
2375 1106
2375 1107
2363 1107
2363 1108
2354 1108
2354 1109
2350 1109
2350 1110
2344 1110
2344 1109
2340 1109
2340 1110
2338 1110
2338 1109
2335 1109
2335 1108
2332 1108
2332 1107
2330 1107
2330 1106
2329 1106
2329 1105
2328 1105
2328 1104
2327 1104
2327 1102
2326 1102
2326 1101
2325 1101
2325 1099
2324 1099
2324 1098
2323 1098
2323 1097
2322 1097
2322 1096
2321 1096
2321 1094
2320 1094
2320 1093
2319 1093
2319 1092
2318 1092
2318 1091
2316 1091
2316 1090
2312 1090
2312 1089
2309 1089
2309 1088
2300 1088
2300 1089
2293 1089
2293 1090
2291 1090
2291 1091
2289 1091
2289 1092
2286 1092
2286 1093
2285 1093
2285 1095
2284 1095
2284 1096
2283 1096
2283 1097
2282 1097
2282 1098
2281 1098
2281 1099
2280 1099
2280 1100
2279 1100
2279 1101
2278 1101
2278 1103
2277 1103
2277 1104
2276 1104
2276 1106
2275 1106
2275 1107
2274 1107
2274 1108
2273 1108
2273 1109
2271 1109
2271 1110
2270 1110
2270 1111
2269 1111
2269 1112
2268 1112
2268 1113
2267 1113
2267 1114
2266 1114
2266 1115
2264 1115
2264 1116
2263 1116
2263 1117
2261 1117
2261 1118
2259 1118
2259 1119
2257 1119
2257 1120
2256 1120
2256 1121
2254 1121
2254 1122
2251 1122
2251 1123
2248 1123
2248 1124
2247 1124
2247 1125
2245 1125
2245 1126
2243 1126
2243 1127
2241 1127
2241 1128
2239 1128
2239 1129
2237 1129
2237 1130
2236 1130
2236 1131
2234 1131
2234 1132
2233 1132
2233 1133
2228 1133
2228 1134
2225 1134
2225 1135
2224 1135
2224 1136
2223 1136
2223 1137
2222 1137
2222 1138
2220 1138
2220 1139
2219 1139
2219 1140
2217 1140
2217 1141
2215 1141
2215 1142
2214 1142
2214 1143
2212 1143
2212 1144
2211 1144
2211 1145
2209 1145
2209 1146
2201 1146
2201 1147
2188 1147
2188 1148
2179 1148
2179 1147
2177 1147
2177 1146
2153 1146
2153 1147
2152 1147
2152 1148
2151 1148
2151 1149
2150 1149
2150 1150
2149 1150
2149 1151
2148 1151
2148 1153
2147 1153
2147 1156
2146 1156
2146 1159
2145 1159
2145 1161
2144 1161
2144 1162
2143 1162
2143 1165
2142 1165
2142 1167
2141 1167
2141 1169
2140 1169
2140 1170
2139 1170
2139 1172
2138 1172
2138 1173
2137 1173
2137 1174
2136 1174
2136 1175
2134 1175
2134 1176
2131 1176
2131 1177
2115 1177
2115 1176
2101 1176
2101 1175
2089 1175
2089 1174
2080 1174
2080 1173
2077 1173
2077 1172
2074 1172
2074 1171
2071 1171
2071 1170
2070 1170
2070 1169
2067 1169
2067 1168
2065 1168
2065 1167
2063 1167
2063 1166
2058 1166
2058 1165
2055 1165
2055 1164
2052 1164
2052 1163
2048 1163
2048 1162
2047 1162
2047 1161
2045 1161
2045 1160
2043 1160
2043 1159
2040 1159
2040 1158
2034 1158
2034 1157
2032 1157
2032 1156
2029 1156
2029 1155
2027 1155
2027 1154
2025 1154
2025 1153
2010 1153
2010 1149
2009 1149
2009 1143
2010 1143
2010 1136
2011 1136
2011 1134
2012 1134
2012 1130
2013 1130
2013 1122
2012 1122
2012 1117
2011 1117
2011 1111
2010 1111
2010 1109
2008 1109
2008 1108
2005 1108
2005 1107
2003 1107
2003 1108
2000 1108
2000 1109
1998 1109
1998 1110
1996 1110
1996 1111
1995 1111
1995 1112
1994 1112
1994 1113
1992 1113
1992 1114
1990 1114
1990 1115
1989 1115
1989 1116
1987 1116
1987 1117
1985 1117
1985 1116
1981 1116
1981 1115
1978 1115
1978 1114
1967 1114
1967 1113
1964 1113
1964 1112
1960 1112
1960 1111
1957 1111
1957 1110
1955 1110
1955 1109
1953 1109
1953 1108
1952 1108
1952 1107
1951 1107
1951 1106
1950 1106
1950 1105
1949 1105
1949 1104
1948 1104
1948 1103
1947 1103
1947 1102
1946 1102
1946 1101
1943 1101
1943 1100
1930 1100
1930 1101
1929 1101
1929 1100
1930 1100
1930 1099
1928 1099
1928 1098
1927 1098
1927 1095
1926 1095
1926 1093
1925 1093
1925 1090
1924 1090
1924 1089
1923 1089
1923 1085
1922 1085
1922 1083
1921 1083
1921 1077
1920 1077
1920 1070
1919 1070
1919 1066
1918 1066
1918 1050
1917 1050
1917 1045
1916 1045
1916 1044
1915 1044
1915 1043
1910 1043
1910 1042
1908 1042
1908 1041
1906 1041
1906 1040
1905 1040
1905 1039
1903 1039
1903 1038
1902 1038
1902 1037
1901 1037
1901 1036
1900 1036
1900 1035
1899 1035
1899 1034
1898 1034
1898 1033
1897 1033
1897 1032
1896 1032
1896 1031
1895 1031
1895 1029
1894 1029
1894 1021
1893 1021
1893 1019
1892 1019
1892 1014
1891 1014
1891 1011
1890 1011
1890 1008
1889 1008
1889 1004
1888 1004
1888 1000
1887 1000
1887 998
1886 998
1886 997
1885 997
1885 996
1884 996
1884 995
1882 995
1882 994
1880 994
1880 993
1879 993
1879 992
1878 992
1878 991
1877 991
1877 990
1875 990
1875 989
1873 989
1873 988
1871 988
1871 987
1866 987
1866 986
1864 986
1864 985
1863 985
1863 984
1861 984
1861 983
1859 983
1859 982
1846 982
1846 981
1843 981
1843 980
1841 980
1841 979
1840 979
1840 978
1839 978
1839 977
1838 977
1838 976
1835 976
1835 975
1832 975
1832 974
1828 974
1828 973
1826 973
1826 972
1825 972
1825 971
1824 971
1824 970
1823 970
1823 969
1822 969
1822 968
1820 968
1820 967
1816 967
1816 966
1814 966
1814 965
1809 965
1809 964
1805 964
1805 963
1802 963
1802 962
1793 962
1793 961
1791 961
1791 960
1790 960
1790 959
1787 959
1787 958
1785 958
1785 957
1782 957
1782 956
1781 956
1781 955
1780 955
1780 954
1779 954
1779 956
1778 956
1778 968
1779 968
1779 971
1780 971
1780 976
1779 976
1779 982
1778 982
1778 983
1776 983
1776 984
1774 984
1774 985
1772 985
1772 989
1771 989
1771 992
1770 992
1770 994
1769 994
1769 995
1768 995
1768 997
1767 997
1767 998
1766 998
1766 1000
1765 1000
1765 1001
1764 1001
1764 1002
1763 1002
1763 1003
1761 1003
1761 1004
1758 1004
1758 1003
1757 1003
1757 1001
1756 1001
1756 999
1755 999
1755 998
1754 998
1754 997
1752 997
1752 996
1750 996
1750 995
1749 995
1749 994
1748 994
1748 993
1747 993
1747 991
1746 991
1746 989
1745 989
1745 988
1744 988
1744 986
1743 986
1743 985
1742 985
1742 983
1741 983
1741 982
1740 982
1740 979
1742 979
1742 978
1743 978
1743 977
1744 977
1744 976
1743 976
1743 970
1742 970
1742 968
1741 968
1741 965
1740 965
1740 964
1739 964
1739 957
1738 957
1738 956
1737 956
1737 955
1736 955
1736 954
1735 954
1735 953
1733 953
1733 952
1730 952
1730 951
1727 951
1727 950
1726 950
1726 949
1725 949
1725 948
1724 948
1724 947
1723 947
1723 946
1722 946
1722 945
1721 945
1721 944
1720 944
1720 943
1718 943
1718 942
1717 942
1717 941
1715 941
1715 940
1713 940
1713 939
1712 939
1712 938
1711 938
1711 937
1709 937
1709 936
1708 936
1708 935
1703 935
1703 934
1702 934
1702 933
1700 933
1700 932
1699 932
1699 931
1698 931
1698 930
1697 930
1697 929
1696 929
1696 928
1695 928
1695 927
1694 927
1694 926
1692 926
1692 925
1687 925
1687 924
1685 924
1685 923
1683 923
1683 922
1682 922
1682 921
1681 921
1681 920
1680 920
1680 919
1677 919
1677 918
1676 918
1676 917
1675 917
1675 916
1674 916
1674 915
1673 915
1673 914
1672 914
1672 913
1671 913
1671 912
1670 912
1670 911
1669 911
1669 910
1668 910
1668 909
1667 909
1667 908
1665 908
1665 907
1661 907
1661 906
1660 906
1660 905
1659 905
1659 904
1658 904
1658 903
1657 903
1657 902
1656 902
1656 900
1655 900
1655 899
1654 899
1654 898
1653 898
1653 897
1649 897
1649 896
1648 896
1648 895
1647 895
1647 894
1646 894
1646 893
1645 893
1645 892
1644 892
1644 891
1643 891
1643 890
1642 890
1642 888
1641 888
1641 887
1640 887
1640 886
1636 886
1636 885
1634 885
1634 884
1633 884
1633 883
1632 883
1632 882
1630 882
1630 881
1629 881
1629 880
1624 880
1624 879
1620 879
1620 878
1618 878
1618 877
1617 877
1617 876
1616 876
1616 875
1615 875
1615 874
1613 874
1613 873
1611 873
1611 872
1609 872
1609 871
1607 871
1607 870
1606 870
1606 869
1605 869
1605 868
1603 868
1603 867
1602 867
1602 866
1601 866
1601 865
1599 865
1599 864
1597 864
1597 863
1595 863
1595 862
1594 862
1594 860
1593 860
1593 859
1592 859
1592 858
1591 858
1591 857
1590 857
1590 856
1582 856
1582 855
1580 855
1580 854
1578 854
1578 853
1577 853
1577 852
1576 852
1576 851
1575 851
1575 850
1574 850
1574 849
1573 849
1573 848
1572 848
1572 846
1571 846
1571 845
1570 845
1570 841
1569 841
1569 839
1568 839
1568 837
1567 837
1567 835
1566 835
1566 831
1565 831
1565 828
1564 828
1564 827
1563 827
1563 826
1562 826
1562 818
1561 818
1561 804
1560 804
1560 793
1559 793
1559 789
1558 789
1558 780
1557 780
1557 760
1556 760
1556 742
1555 742
1555 741
1554 741
1554 740
1552 740
1552 739
1550 739
1550 738
1549 738
1549 737
1548 737
1548 736
1547 736
1547 735
1546 735
1546 734
1543 734
1543 733
1542 733
1542 732
1541 732
1541 731
1540 731
1540 730
1539 730
1539 729
1538 729
1538 728
1537 728
1537 727
1536 727
1536 726
1535 726
1535 725
1534 725
1534 724
1533 724
1533 722
1532 722
1532 719
1531 719
1531 718
1530 718
1530 717
1529 717
1529 714
1528 714
1528 713
1526 713
1526 712
1524 712
1524 711
1522 711
1522 710
1520 710
1520 709
1519 709
1519 708
1518 708
1518 707
1516 707
1516 706
1515 706
1515 705
1514 705
1514 704
1513 704
1513 703
1511 703
1511 702
1510 702
1510 701
1509 701
1509 700
1508 700
1508 699
1507 699
1507 698
1506 698
1506 697
1505 697
1505 695
1504 695
1504 694
1503 694
1503 690
1502 690
1502 688
1501 688
1501 687
1500 687
1500 686
1499 686
1499 685
1498 685
1498 684
1497 684
1497 683
1496 683
1496 681
1495 681
1495 680
1494 680
1494 679
1493 679
1493 678
1492 678
1492 664
1491 664
1491 660
1490 660
1490 659
1489 659
1489 658
1488 658
1488 657
1487 657
1487 656
1484 656
1484 655
1483 655
1483 654
1482 654
1482 653
1481 653
1481 652
1480 652
1480 651
1479 651
1479 650
1478 650
1478 649
1477 649
1477 647
1476 647
1476 646
1475 646
1475 645
1474 645
1474 644
1473 644
1473 643
1472 643
1472 642
1471 642
1471 641
1470 641
1470 640
1469 640
1469 639
1468 639
1468 638
1467 638
1467 636
1466 636
1466 635
1465 635
1465 632
1464 632
1464 630
1463 630
1463 629
1462 629
1462 628
1459 628
1459 627
1457 627
1457 626
1455 626
1455 625
1453 625
1453 624
1452 624
1452 623
1450 623
1450 622
1449 622
1449 621
1448 621
1448 620
1447 620
1447 619
1446 619
1446 618
1445 618
1445 617
1444 617
1444 616
1443 616
1443 615
1442 615
1442 614
1441 614
1441 613
1440 613
1440 612
1439 612
1439 611
1438 611
1438 607
1437 607
1437 592
1436 592
1436 582
1435 582
1435 581
1434 581
1434 580
1433 580
1433 579
1432 579
1432 578
1431 578
1431 577
1430 577
1430 576
1429 576
1429 575
1428 575
1428 574
1427 574
1427 573
1426 573
1426 572
1425 572
1425 571
1424 571
1424 568
1423 568
1423 557
1422 557
1422 554
1421 554
1421 553
1416 553
1416 554
1408 554
1408 553
1405 553
1405 552
1393 552
1393 553
1389 553
1389 555
1388 555
1388 556
1387 556
1387 557
1386 557
1386 558
1385 558
1385 559
1384 559
1384 560
1383 560
1383 561
1382 561
1382 562
1381 562
1381 564
1380 564
1380 565
1379 565
1379 566
1378 566
1378 567
1367 567
1367 568
1364 568
1364 569
1355 569
1355 570
1352 570
1352 569
1347 569
1347 568
1344 568
1344 567
1343 567
1343 566
1342 566
1342 565
1341 565
1341 564
1339 564
1339 563
1338 563
1338 562
1336 562
1336 561
1334 561
1334 560
1332 560
1332 559
1330 559
1330 558
1329 558
1329 557
1328 557
1328 556
1327 556
1327 554
1328 554
1328 556
1329 556
1329 557
1330 557
1330 558
1332 558
1332 559
1334 559
1334 560
1336 560
1336 561
1338 561
1338 562
1339 562
1339 563
1341 563
1341 564
1342 564
1342 565
1343 565
1343 566
1344 566
1344 567
1347 567
1347 568
1352 568
1352 569
1355 569
1355 568
1364 568
1364 567
1367 567
1367 566
1378 566
1378 565
1379 565
1379 564
1380 564
1380 562
1381 562
1381 561
1382 561
1382 560
1383 560
1383 559
1384 559
1384 558
1385 558
1385 557
1386 557
1386 556
1387 556
1387 555
1388 555
1388 553
1389 553
1389 552
1393 552
1393 551
1405 551
1405 552
1408 552
1408 553
1416 553
1416 552
1421 552
1421 553
1422 553
1422 554
1423 554
1423 557
1424 557
1424 568
1425 568
1425 571
1426 571
1426 572
1427 572
1427 573
1428 573
1428 574
1429 574
1429 575
1430 575
1430 576
1431 576
1431 577
1432 577
1432 578
1433 578
1433 579
1434 579
1434 580
1435 580
1435 581
1436 581
1436 582
1437 582
1437 592
1438 592
1438 607
1439 607
1439 611
1440 611
1440 612
1441 612
1441 613
1442 613
1442 614
1443 614
1443 615
1444 615
1444 616
1445 616
1445 617
1446 617
1446 618
1447 618
1447 619
1448 619
1448 620
1449 620
1449 621
1450 621
1450 622
1452 622
1452 623
1453 623
1453 624
1455 624
1455 625
1457 625
1457 626
1459 626
1459 627
1462 627
1462 628
1463 628
1463 629
1464 629
1464 630
1465 630
1465 632
1466 632
1466 635
1467 635
1467 636
1468 636
1468 638
1469 638
1469 639
1470 639
1470 640
1471 640
1471 641
1472 641
1472 642
1473 642
1473 643
1474 643
1474 644
1475 644
1475 645
1476 645
1476 646
1477 646
1477 647
1478 647
1478 649
1479 649
1479 650
1480 650
1480 651
1481 651
1481 652
1482 652
1482 653
1483 653
1483 654
1484 654
1484 655
1487 655
1487 656
1488 656
1488 657
1489 657
1489 658
1490 658
1490 659
1491 659
1491 660
1492 660
1492 664
1493 664
1493 678
1494 678
1494 679
1495 679
1495 680
1496 680
1496 681
1497 681
1497 683
1498 683
1498 684
1499 684
1499 685
1500 685
1500 686
1501 686
1501 687
1502 687
1502 688
1503 688
1503 690
1504 690
1504 694
1505 694
1505 695
1506 695
1506 697
1507 697
1507 698
1508 698
1508 699
1509 699
1509 700
1510 700
1510 701
1511 701
1511 702
1513 702
1513 703
1514 703
1514 704
1515 704
1515 705
1516 705
1516 706
1518 706
1518 707
1519 707
1519 708
1520 708
1520 709
1522 709
1522 710
1524 710
1524 711
1526 711
1526 712
1528 712
1528 713
1529 713
1529 714
1530 714
1530 717
1531 717
1531 718
1532 718
1532 719
1533 719
1533 722
1534 722
1534 724
1535 724
1535 725
1536 725
1536 726
1537 726
1537 727
1538 727
1538 728
1539 728
1539 729
1540 729
1540 730
1541 730
1541 731
1542 731
1542 732
1543 732
1543 733
1546 733
1546 734
1547 734
1547 735
1548 735
1548 736
1549 736
1549 737
1550 737
1550 738
1552 738
1552 739
1554 739
1554 740
1555 740
1555 741
1556 741
1556 742
1557 742
1557 760
1558 760
1558 780
1559 780
1559 789
1560 789
1560 793
1561 793
1561 804
1562 804
1562 818
1563 818
1563 826
1564 826
1564 827
1565 827
1565 828
1566 828
1566 831
1567 831
1567 835
1568 835
1568 837
1569 837
1569 839
1570 839
1570 841
1571 841
1571 845
1572 845
1572 846
1573 846
1573 848
1574 848
1574 849
1575 849
1575 850
1576 850
1576 851
1577 851
1577 852
1578 852
1578 853
1580 853
1580 854
1582 854
1582 855
1590 855
1590 856
1591 856
1591 857
1592 857
1592 858
1593 858
1593 859
1594 859
1594 860
1595 860
1595 862
1597 862
1597 863
1599 863
1599 864
1601 864
1601 865
1602 865
1602 866
1603 866
1603 867
1605 867
1605 868
1606 868
1606 869
1607 869
1607 870
1609 870
1609 871
1611 871
1611 872
1613 872
1613 873
1615 873
1615 874
1616 874
1616 875
1617 875
1617 876
1618 876
1618 877
1620 877
1620 878
1624 878
1624 879
1629 879
1629 880
1630 880
1630 881
1632 881
1632 882
1633 882
1633 883
1634 883
1634 884
1636 884
1636 885
1640 885
1640 886
1641 886
1641 887
1642 887
1642 888
1643 888
1643 890
1644 890
1644 891
1645 891
1645 892
1646 892
1646 893
1647 893
1647 894
1648 894
1648 895
1649 895
1649 896
1653 896
1653 897
1654 897
1654 898
1655 898
1655 899
1656 899
1656 900
1657 900
1657 902
1658 902
1658 903
1659 903
1659 904
1660 904
1660 905
1661 905
1661 906
1665 906
1665 907
1667 907
1667 908
1668 908
1668 909
1669 909
1669 910
1670 910
1670 911
1671 911
1671 912
1672 912
1672 913
1673 913
1673 914
1674 914
1674 915
1675 915
1675 916
1676 916
1676 917
1677 917
1677 918
1680 918
1680 919
1681 919
1681 920
1682 920
1682 921
1683 921
1683 922
1685 922
1685 923
1687 923
1687 924
1692 924
1692 925
1694 925
1694 926
1695 926
1695 927
1696 927
1696 928
1697 928
1697 929
1698 929
1698 930
1699 930
1699 931
1700 931
1700 932
1702 932
1702 933
1703 933
1703 934
1708 934
1708 935
1709 935
1709 936
1711 936
1711 937
1712 937
1712 938
1713 938
1713 939
1715 939
1715 940
1717 940
1717 941
1718 941
1718 942
1720 942
1720 943
1721 943
1721 944
1722 944
1722 945
1723 945
1723 946
1724 946
1724 947
1725 947
1725 948
1726 948
1726 949
1727 949
1727 950
1730 950
1730 951
1733 951
1733 952
1735 952
1735 953
1736 953
1736 954
1737 954
1737 955
1738 955
1738 956
1739 956
1739 957
1740 957
1740 964
1741 964
1741 965
1742 965
1742 968
1743 968
1743 970
1744 970
1744 976
1745 976
1745 977
1744 977
1744 978
1743 978
1743 979
1742 979
1742 980
1741 980
1741 982
1742 982
1742 983
1743 983
1743 985
1744 985
1744 986
1745 986
1745 988
1746 988
1746 989
1747 989
1747 991
1748 991
1748 993
1749 993
1749 994
1750 994
1750 995
1752 995
1752 996
1754 996
1754 997
1755 997
1755 998
1756 998
1756 999
1757 999
1757 1001
1758 1001
1758 1003
1761 1003
1761 1002
1763 1002
1763 1001
1764 1001
1764 1000
1765 1000
1765 998
1766 998
1766 997
1767 997
1767 995
1768 995
1768 994
1769 994
1769 992
1770 992
1770 989
1771 989
1771 985
1772 985
1772 984
1774 984
1774 983
1776 983
1776 982
1778 982
1778 976
1779 976
1779 971
1778 971
1778 968
1777 968
1777 956
1778 956
1778 954
1779 954
1779 953
1780 953
1780 954
1781 954
1781 955
1782 955
1782 956
1785 956
1785 957
1787 957
1787 958
1790 958
1790 959
1791 959
1791 960
1793 960
1793 961
1802 961
1802 962
1805 962
1805 963
1809 963
1809 964
1814 964
1814 965
1816 965
1816 966
1820 966
1820 967
1822 967
1822 968
1823 968
1823 969
1824 969
1824 970
1825 970
1825 971
1826 971
1826 972
1828 972
1828 973
1832 973
1832 974
1835 974
1835 975
1838 975
1838 976
1839 976
1839 977
1840 977
1840 978
1841 978
1841 979
1843 979
1843 980
1846 980
1846 981
1859 981
1859 982
1861 982
1861 983
1863 983
1863 984
1864 984
1864 985
1866 985
1866 986
1871 986
1871 987
1873 987
1873 988
1875 988
1875 989
1877 989
1877 990
1878 990
1878 991
1879 991
1879 992
1880 992
1880 993
1882 993
1882 994
1884 994
1884 995
1885 995
1885 996
1886 996
1886 997
1887 997
1887 998
1888 998
1888 1000
1889 1000
1889 1004
1890 1004
1890 1008
1891 1008
1891 1011
1892 1011
1892 1014
1893 1014
1893 1019
1894 1019
1894 1021
1895 1021
1895 1029
1896 1029
1896 1031
1897 1031
1897 1032
1898 1032
1898 1033
1899 1033
1899 1034
1900 1034
1900 1035
1901 1035
1901 1036
1902 1036
1902 1037
1903 1037
1903 1038
1905 1038
1905 1039
1906 1039
1906 1040
1908 1040
1908 1041
1910 1041
1910 1042
1915 1042
1915 1043
1916 1043
1916 1044
1917 1044
1917 1045
1918 1045
1918 1050
1919 1050
1919 1066
1920 1066
1920 1070
1921 1070
1921 1077
1922 1077
1922 1083
1923 1083
1923 1085
1924 1085
1924 1089
1925 1089
1925 1090
1926 1090
1926 1093
1927 1093
1927 1095
1928 1095
1928 1098
1930 1098
1930 1099
1943 1099
1943 1100
1946 1100
1946 1101
1947 1101
1947 1102
1948 1102
1948 1103
1949 1103
1949 1104
1950 1104
1950 1105
1951 1105
1951 1106
1952 1106
1952 1107
1953 1107
1953 1108
1955 1108
1955 1109
1957 1109
1957 1110
1960 1110
1960 1111
1964 1111
1964 1112
1967 1112
1967 1113
1978 1113
1978 1114
1981 1114
1981 1115
1985 1115
1985 1116
1987 1116
1987 1115
1989 1115
1989 1114
1990 1114
1990 1113
1992 1113
1992 1112
1994 1112
1994 1111
1995 1111
1995 1110
1996 1110
1996 1109
1998 1109
1998 1108
2000 1108
2000 1107
2003 1107
2003 1106
2005 1106
2005 1107
2008 1107
2008 1108
2010 1108
2010 1109
2011 1109
2011 1111
2012 1111
2012 1117
2013 1117
2013 1122
2014 1122
2014 1130
2013 1130
2013 1134
2012 1134
2012 1136
2011 1136
2011 1143
2010 1143
2010 1149
2011 1149
2011 1152
2025 1152
2025 1153
2027 1153
2027 1154
2029 1154
2029 1155
2032 1155
2032 1156
2034 1156
2034 1157
2040 1157
2040 1158
2043 1158
2043 1159
2045 1159
2045 1160
2047 1160
2047 1161
2048 1161
2048 1162
2052 1162
2052 1163
2055 1163
2055 1164
2058 1164
2058 1165
2063 1165
2063 1166
2065 1166
2065 1167
2067 1167
2067 1168
2070 1168
2070 1169
2071 1169
2071 1170
2074 1170
2074 1171
2077 1171
2077 1172
2080 1172
2080 1173
2089 1173
2089 1174
2101 1174
2101 1175
2115 1175
2115 1176
2131 1176
2131 1175
2134 1175
2134 1174
2136 1174
2136 1173
2137 1173
2137 1172
2138 1172
2138 1170
2139 1170
2139 1169
2140 1169
2140 1167
2141 1167
2141 1165
2142 1165
2142 1162
2143 1162
2143 1161
2144 1161
2144 1159
2145 1159
2145 1156
2146 1156
2146 1153
2147 1153
2147 1151
2148 1151
2148 1150
2149 1150
2149 1149
2150 1149
2150 1148
2151 1148
2151 1147
2152 1147
2152 1146
2153 1146
2153 1145
2177 1145
2177 1146
2179 1146
2179 1147
2188 1147
2188 1146
2201 1146
2201 1145
2209 1145
2209 1144
2211 1144
2211 1143
2212 1143
2212 1142
2214 1142
2214 1141
2215 1141
2215 1140
2217 1140
2217 1139
2219 1139
2219 1138
2220 1138
2220 1137
2222 1137
2222 1136
2223 1136
2223 1135
2224 1135
2224 1134
2225 1134
2225 1133
2228 1133
2228 1132
2233 1132
2233 1131
2234 1131
2234 1130
2236 1130
2236 1129
2237 1129
2237 1128
2239 1128
2239 1127
2241 1127
2241 1126
2243 1126
2243 1125
2245 1125
2245 1124
2247 1124
2247 1123
2248 1123
2248 1122
2251 1122
2251 1121
2254 1121
2254 1120
2256 1120
2256 1119
2257 1119
2257 1118
2259 1118
2259 1117
2261 1117
2261 1116
2263 1116
2263 1115
2264 1115
2264 1114
2266 1114
2266 1113
2267 1113
2267 1112
2268 1112
2268 1111
2269 1111
2269 1110
2270 1110
2270 1109
2271 1109
2271 1108
2273 1108
2273 1107
2274 1107
2274 1106
2275 1106
2275 1104
2276 1104
2276 1103
2277 1103
2277 1101
2278 1101
2278 1100
2279 1100
2279 1099
2280 1099
2280 1098
2281 1098
2281 1097
2282 1097
2282 1096
2283 1096
2283 1095
2284 1095
2284 1093
2285 1093
2285 1092
2286 1092
2286 1091
2289 1091
2289 1090
2291 1090
2291 1089
2293 1089
2293 1088
2300 1088
2300 1087
2309 1087
2309 1088
2312 1088
2312 1089
2316 1089
2316 1090
2318 1090
2318 1091
2319 1091
2319 1092
2320 1092
2320 1093
2321 1093
2321 1094
2322 1094
2322 1096
2323 1096
2323 1097
2324 1097
2324 1098
2325 1098
2325 1099
2326 1099
2326 1101
2327 1101
2327 1102
2328 1102
2328 1104
2329 1104
2329 1105
2330 1105
2330 1106
2332 1106
2332 1107
2335 1107
2335 1108
2338 1108
2338 1109
2340 1109
2340 1108
2344 1108
2344 1109
2350 1109
2350 1108
2354 1108
2354 1107
2363 1107
2363 1106
2375 1106
2375 1105
2381 1105
2381 1106
2392 1106
2392 1105
2398 1105
2398 1106
2399 1106
2399 1108
2401 1108
2401 1107
2411 1107
2411 1108
2412 1108
2412 1109
2416 1109
2416 1110
2420 1110
2420 1109
2435 1109
2435 1110
2450 1110
2450 1109
2451 1109
2451 1108
2452 1108
2452 1107
2454 1107
2454 1106
2464 1106
2464 1109
2465 1109
2465 1115
2466 1115
2466 1116
2467 1116
2467 1120
2468 1120
2468 1122
2469 1122
2469 1125
2470 1125
2470 1126
2471 1126
2471 1128
2472 1128
2472 1129
2473 1129
2473 1130
2474 1130
2474 1131
2475 1131
2475 1132
2476 1132
2476 1133
2477 1133
2477 1134
2478 1134
2478 1135
2482 1135
2482 1136
2485 1136
2485 1137
2490 1137
2490 1136
2493 1136
2493 1135
2495 1135
2495 1134
2498 1134
2498 1133
2500 1133
2500 1132
2512 1132
2512 1133
2514 1133
2514 1134
2515 1134
2515 1136
2516 1136
2516 1138
2517 1138
2517 1140
2518 1140
2518 1141
2519 1141
2519 1142
2520 1142
2520 1146
2521 1146
2521 1148
2522 1148
2522 1152
2523 1152
2523 1154
2524 1154
2524 1156
2525 1156
2525 1158
2526 1158
2526 1159
2527 1159
2527 1161
2528 1161
2528 1162
2529 1162
2529 1163
2531 1163
2531 1164
2534 1164
2534 1165
2551 1165
2551 1164
2560 1164
2560 1163
2566 1163
2566 1164
2568 1164
2568 1163
2584 1163
2584 1161
2585 1161
2585 1159
2586 1159
2586 1157
2587 1157
2587 1156
2589 1156
2589 1155
2590 1155
2590 1154
2591 1154
2591 1152
2592 1152
2592 1151
2593 1151
2593 1147
2594 1147
2594 1132
2595 1132
2595 1121
2594 1121
2594 1117
2593 1117
2593 1106
2592 1106
2592 1099
2591 1099
2591 1091
2590 1091
2590 1077
2608 1077
2608 1076
2609 1076
2609 1071
2610 1071
2610 1067
2611 1067
2611 1065
2612 1065
2612 1062
2611 1062
2611 1055
2610 1055
2610 1053
2626 1053
2626 1052
2638 1052
2638 1051
2648 1051
2648 1050
2668 1050
2668 1051
2670 1051
2670 1052
2673 1052
2673 1053
2675 1053
2675 1054
2677 1054
2677 1055
2678 1055
2678 1056
2680 1056
2680 1057
2681 1057
2681 1058
2682 1058
2682 1059
2684 1059
2684 1060
2685 1060
2685 1061
2686 1061
2686 1062
2687 1062
2687 1063
2688 1063
2688 1064
2689 1064
2689 1065
2690 1065
2690 1066
2691 1066
2691 1067
2695 1067
2695 1068
2707 1068
2707 1069
2708 1069
2708 1070
2709 1070
2709 1071
2717 1071
2717 1070
2718 1070
2718 1068
2719 1068
2719 1067
2720 1067
2720 1066
2721 1066
2721 1065
2723 1065
2723 1064
2735 1064
2735 1063
2740 1063
2740 1062
2741 1062
2741 1061
2742 1061
2742 1060
2743 1060
2743 1059
2745 1059
2745 1058
2746 1058
2746 1057
2747 1057
2747 1056
2748 1056
2748 1055
2749 1055
2749 1054
2751 1054
2751 1053
2752 1053
2752 1052
2754 1052
2754 1051
2770 1051
2770 1046
2771 1046
2771 1044
2772 1044
2772 1042
2773 1042
2773 1040
2774 1040
2774 1039
2775 1039
2775 1038
2776 1038
2776 1037
2777 1037
2777 1036
2779 1036
2779 1034
2780 1034
2780 1033
2781 1033
2781 1032
2782 1032
2782 1031
2783 1031
2783 1030
2784 1030
2784 1029
2786 1029
2786 1028
2787 1028
2787 1026
2788 1026
2788 1025
2789 1025
2789 1020
2788 1020
2788 1013
2789 1013
2789 1010
2790 1010
2790 1002
2789 1002
2789 983
2790 983
2790 973
2791 973
2791 969
2795 969
2795 970
2796 970
2796 971
2797 971
2797 972
2798 972
2798 973
2799 973
2799 974
2800 974
2800 975
2801 975
2801 976
2802 976
2802 978
2803 978
2803 980
2804 980
2804 984
2805 984
2805 988
2806 988
2806 993
2807 993
2807 994
2817 994
2817 993
2819 993
2819 992
2821 992
2821 991
2822 991
2822 990
2826 990
2826 989
2828 989
2828 988
2829 988
2829 986
2828 986
2828 984
2827 984
2827 982
2826 982
2826 977
2827 977
2827 971
2828 971
2828 970
2836 970
2836 971
2845 971
2845 972
2846 972
2846 974
2847 974
2847 978
2848 978
2848 983
2849 983
2849 987
2850 987
2850 991
2851 991
2851 992
2852 992
2852 994
2853 994
2853 996
2854 996
2854 997
2855 997
2855 998
2857 998
2857 999
2860 999
2860 1000
2861 1000
2861 1001
2863 1001
2863 1000
2865 1000
2865 999
2867 999
2867 998
2868 998
2868 997
2869 997
2869 995
2870 995
2870 994
2872 994
2872 993
2873 993
2873 992
2874 992
2874 991
2875 991
2875 990
2877 990
2877 989
2883 989
2883 988
2884 988
2884 986
2885 986
2885 985
2886 985
2886 984
2887 984
2887 982
2888 982
2888 981
2890 981
2890 980
2891 980
2891 979
2892 979
2892 977
2893 977
2893 976
2894 976
2894 975
2895 975
2895 974
2899 974
2899 973
2903 973
2903 972
2904 972
2904 971
2905 971
2905 969
2906 969
2906 967
2907 967
2907 966
2908 966
2908 964
2909 964
2909 963
2912 963
2912 962
2914 962
2914 961
2915 961
2915 960
2916 960
2916 959
2918 959
2918 956
2919 956
2919 955
2920 955
2920 953
2921 953
2921 951
2922 951
2922 950
2924 950
2924 949
2926 949
2926 948
2927 948
2927 947
2928 947
2928 945
2929 945
2929 944
2930 944
2930 943
2931 943
2931 942
2933 942
2933 940
2934 940
2934 939
2935 939
2935 920
2936 920
2936 919
2937 919
2937 918
2936 918
2936 917
2935 917
2935 916
2934 916
2934 904
2935 904
2935 897
2934 897
2934 889
2933 889
2933 880
2934 880
2934 876
2935 876
2935 875
2936 875
2936 874
2939 874
2939 875
2940 875
2940 876
2941 876
2941 883
2942 883
2942 886
2943 886
2943 888
2944 888
2944 889
2946 889
2946 890
2947 890
2947 892
2948 892
2948 894
2952 894
2952 895
2960 895
2960 894
2964 894
2964 893
2968 893
2968 894
2969 894
2969 895
2970 895
2970 896
2971 896
2971 897
2973 897
2973 898
2974 898
2974 899
2975 899
2975 900
2977 900
2977 899
2978 899
2978 898
2979 898
2979 897
2984 897
2984 898
2985 898
2985 899
2989 899
2989 900
2993 900
2993 899
2995 899
2995 894
2996 894
2996 888
2997 888
2997 886
2999 886
2999 885
3005 885
3005 886
3006 886
3006 897
3018 897
3018 896
3021 896
3021 893
3020 893
3020 872
3019 872
3019 864
3020 864
3020 857
3021 857
3021 856
3022 856
3022 855
3029 855
3029 854
3034 854
3034 853
3039 853
3039 852
3047 852
3047 851
3048 851
3048 850
3049 850
3049 848
3050 848
3050 847
3051 847
3051 846
3052 846
3052 845
3053 845
3053 844
3054 844
3054 843
3056 843
3056 842
3057 842
3057 841
3058 841
3058 840
3060 840
3060 838
3061 838
3061 837
3062 837
3062 835
3063 835
3063 834
3064 834
3064 828
3066 828
3066 827
3069 827
3069 826
3072 826
3072 825
3073 825
3073 817
3072 817
3072 814
3073 814
3073 813
3074 813
3074 812
3078 812
3078 811
3080 811
3080 810
3081 810
3081 808
3082 808
3082 800
3081 800
3081 764
3080 764
3080 751
3081 751
3081 750
3082 750
3082 749
3083 749
3083 748
3084 748
3084 747
3087 747
3087 746
3090 746
3090 745
3091 745
3091 741
3092 741
3092 737
3093 737
3093 736
3096 736
3096 735
3098 735
3098 734
3101 734
3101 733
3102 733
3102 732
3103 732
3103 723
3104 723
3104 721
3105 721
3105 720
3106 720
3106 719
3107 719
3107 718
3109 718
3109 717
3111 717
3111 716
3117 716
3117 715
3119 715
3119 714
3120 714
3120 713
3122 713
3122 712
3126 712
3126 711
3127 711
3127 707
3128 707
3128 705
3127 705
3127 678
3126 678
3126 663
3127 663
3127 661
3130 661
3130 662
3134 662
3134 663
3135 663
3135 664
3136 664
3136 665
3138 665
3138 666
3141 666
3141 667
3145 667
3145 666
3148 666
3148 665
3155 665
3155 664
3162 664
3162 663
3163 663
3163 652
3164 652
3164 645
3165 645
3165 644
3166 644
3166 643
3167 643
3167 642
3170 642
3170 641
3171 641
3171 640
3172 640
3172 639
3174 639
3174 638
3175 638
3175 636
3176 636
3176 635
3177 635
3177 634
3178 634
3178 633
3179 633
3179 632
3180 632
3180 631
3181 631
3181 630
3182 630
3182 629
3186 629
3186 628
3187 628
3187 627
3188 627
3188 626
3189 626
3189 625
3190 625
3190 624
3192 624
3192 623
3195 623
3195 622
3196 622
3196 620
3197 620
3197 584
3198 584
3198 583
3200 583
3200 582
3203 582
3203 581
3204 581
3204 580
3205 580
3205 579
3206 579
3206 578
3207 578
3207 576
3208 576
3208 555
3209 555
3209 554
3228 554
3228 555
3229 555
3229 556
3230 556
3230 558
3231 558
3231 560
3232 560
3232 562
3233 562
3233 563
3234 563
3234 564
3235 564
3235 565
3237 565
3237 566
3242 566
3242 565
3244 565
3244 564
3246 564
3246 563
3255 563
3255 564
3257 564
3257 565
3260 565
3260 566
3265 566
3265 567
3270 567
3270 566
3271 566
3271 565
3272 565
3272 564
3274 564
3274 562
3275 562
3275 561
3276 561
3276 555
3277 555
3277 548
3276 548
3276 518
3277 518
3277 517
3278 517
3278 516
3279 516
3279 515
3280 515
3280 514
3281 514
3281 513
3282 513
3282 512
3283 512
3283 510
3284 510
3284 509
3286 509
3286 504
3287 504
3287 486
3286 486
3286 478
3287 478
3287 475
3288 475
3288 474
3289 474
3289 473
3290 473
3290 472
3291 472
3291 471
3292 471
3292 470
3293 470
3293 469
3294 469
3294 468
3295 468
3295 467
3296 467
3296 465
3297 465
3297 445
3298 445
3298 444
3300 444
3300 443
3303 443
3303 442
3304 442
3304 441
3305 441
3305 440
3306 440
3306 439
3307 439
3307 438
3308 438
3308 437
3309 437
3309 436
3310 436
3310 433
3311 433
3311 432
3312 432
3312 426
3311 426
3311 424
3310 424
3310 420
3309 420
3309 411
3310 411
3310 396
3309 396
3309 392
3308 392
3308 384
3307 384
3307 382
3306 382
3306 377
3305 377
3305 374
3304 374
3304 364
3305 364
3305 354
3304 354
3304 342
3303 342
3303 340
3302 340
3302 336
3301 336
3301 330
3300 330
3300 328
3301 328
3301 326
3302 326
3302 325
3303 325
3303 323
3306 323
3306 324
3320 324
3320 323
3324 323
3324 322
3325 322
3325 321
3327 321
3327 319
3328 319
3328 318
3329 318
3329 316
3330 316
3330 314
3331 314
3331 313
3332 313
3332 312
3333 312
3333 311
3339 311
3339 312
3340 312
3340 313
3341 313
3341 314
3342 314
3342 315
3343 315
3343 317
3351 317
3351 316
3358 316
3358 315
3366 315
3366 314
3371 314
3371 313
3372 313
3372 312
3373 312
3373 311
3374 311
3374 309
3375 309
3375 308
3376 308
3376 309
3375 309
3375 311
3374 311
3374 312
3373 312
3373 313
3372 313
3372 314
3371 314
3371 315
3366 315
3366 316
3358 316
3358 317
3351 317
3351 318
3342 318
3342 315
3341 315
3341 314
3340 314
3340 313
3339 313
3339 312
3333 312
3333 313
3332 313
3332 314
3331 314
3331 316
3330 316
3330 318
3329 318
3329 319
3328 319
3328 321
3327 321
3327 322
3325 322
3325 323
3324 323
3324 324
3320 324
3320 325
3306 325
3306 324
3304 324
3304 325
3303 325
3303 326
3302 326
3302 328
3301 328
3301 330
3302 330
3302 336
3303 336
3303 340
3304 340
3304 342
3305 342
3305 354
3306 354
3306 364
3305 364
3305 374
3306 374
3306 377
3307 377
3307 382
3308 382
3308 384
3309 384
3309 392
3310 392
3310 396
3311 396
3311 411
3310 411
3310 420
3311 420
3311 424
3312 424
3312 426
3313 426
3313 432
3312 432
3312 433
3311 433
3311 436
3310 436
3310 437
3309 437
3309 438
3308 438
3308 439
3307 439
3307 440
3306 440
3306 441
3305 441
3305 442
3304 442
3304 443
3303 443
3303 444
3300 444
3300 445
3298 445
3298 465
3297 465
3297 467
3296 467
3296 468
3295 468
3295 469
3294 469
3294 470
3293 470
3293 471
3292 471
3292 472
3291 472
3291 473
3290 473
3290 474
3289 474
3289 475
3288 475
3288 478
3287 478
3287 486
3288 486
3288 504
3287 504
3287 509
3286 509
3286 510
3284 510
3284 512
3283 512
3283 513
3282 513
3282 514
3281 514
3281 515
3280 515
3280 516
3279 516
3279 517
3278 517
3278 518
3277 518
3277 548
3278 548
3278 555
3277 555
3277 561
3276 561
3276 562
3275 562
3275 564
3274 564
3274 565
3272 565
3272 566
3271 566
3271 567
3270 567
3270 568
3265 568
3265 567
3260 567
3260 566
3257 566
3257 565
3255 565
3255 564
3246 564
3246 565
3244 565
3244 566
3242 566
3242 567
3237 567
3237 566
3235 566
3235 565
3234 565
3234 564
3233 564
3233 563
3232 563
3232 562
3231 562
3231 560
3230 560
3230 558
3229 558
3229 556
3228 556
3228 555
3209 555
3209 576
3208 576
3208 578
3207 578
3207 579
3206 579
3206 580
3205 580
3205 581
3204 581
3204 582
3203 582
3203 583
3200 583
3200 584
3198 584
3198 620
3197 620
3197 622
3196 622
3196 623
3195 623
3195 624
3192 624
3192 625
3190 625
3190 626
3189 626
3189 627
3188 627
3188 628
3187 628
3187 629
3186 629
3186 630
3182 630
3182 631
3181 631
3181 632
3180 632
3180 633
3179 633
3179 634
3178 634
3178 635
3177 635
3177 636
3176 636
3176 638
3175 638
3175 639
3174 639
3174 640
3172 640
3172 641
3171 641
3171 642
3170 642
3170 643
3167 643
3167 644
3166 644
3166 645
3165 645
3165 652
3164 652
3164 663
3163 663
3163 664
3162 664
3162 665
3155 665
3155 666
3148 666
3148 667
3145 667
3145 668
3141 668
3141 667
3138 667
3138 666
3136 666
3136 665
3135 665
3135 664
3134 664
3134 663
3130 663
3130 662
3128 662
3128 663
3127 663
3127 678
3128 678
3128 705
3129 705
3129 707
3128 707
3128 711
3127 711
3127 712
3126 712
3126 713
3122 713
3122 714
3120 714
3120 715
3119 715
3119 716
3117 716
3117 717
3111 717
3111 718
3109 718
3109 719
3107 719
3107 720
3106 720
3106 721
3105 721
3105 723
3104 723
3104 732
3103 732
3103 733
3102 733
3102 734
3101 734
3101 735
3098 735
3098 736
3096 736
3096 737
3093 737
3093 741
3092 741
3092 745
3091 745
3091 746
3090 746
3090 747
3087 747
3087 748
3084 748
3084 749
3083 749
3083 750
3082 750
3082 751
3081 751
3081 764
3082 764
3082 800
3083 800
3083 808
3082 808
3082 810
3081 810
3081 811
3080 811
3080 812
3078 812
3078 813
3074 813
3074 814
3073 814
3073 817
3074 817
3074 825
3073 825
3073 826
3072 826
3072 827
3069 827
