2700 1016
2703 1016
2703 1017
2708 1017
2708 1016
2721 1016
2721 1015
2723 1015
2723 1014
2724 1014
2724 1013
2726 1013
2726 1011
2727 1011
2727 1009
2728 1009
2728 1007
2729 1007
2729 1005
2730 1005
2730 1002
2731 1002
2731 999
2732 999
2732 997
2733 997
2733 995
2734 995
2734 988
2735 988
2735 980
2736 980
2736 973
2737 973
2737 969
2738 969
2738 959
2739 959
2739 950
2740 950
2740 946
2741 946
2741 945
2743 945
2743 944
2745 944
2745 943
2746 943
2746 942
2747 942
2747 939
2748 939
2748 937
2749 937
2749 935
2750 935
2750 934
2751 934
2751 933
2752 933
2752 930
2753 930
2753 928
2754 928
2754 924
2755 924
2755 921
2756 921
2756 919
2757 919
2757 917
2758 917
2758 913
2759 913
2759 910
2760 910
2760 904
2761 904
2761 901
2762 901
2762 899
2763 899
2763 897
2764 897
2764 895
2765 895
2765 894
2777 894
2777 895
2788 895
2788 894
2790 894
2790 893
2801 893
2801 892
2804 892
2804 891
2805 891
2805 890
2810 890
2810 889
2811 889
2811 884
2812 884
2812 880
2813 880
2813 877
2814 877
2814 869
2815 869
2815 861
2816 861
2816 852
2817 852
2817 843
2818 843
2818 840
2819 840
2819 834
2820 834
2820 822
2821 822
2821 813
2822 813
2822 807
2823 807
2823 798
2824 798
2824 796
2825 796
2825 795
2826 795
2826 794
2830 794
2830 793
2832 793
2832 792
2833 792
2833 791
2834 791
2834 790
2835 790
2835 789
2836 789
2836 787
2837 787
2837 782
2838 782
2838 778
2839 778
2839 770
2840 770
2840 764
2841 764
2841 753
2842 753
2842 748
2843 748
2843 747
2844 747
2844 746
2854 746
2854 745
2857 745
2857 746
2858 746
2858 751
2857 751
2857 755
2858 755
2858 759
2859 759
2859 762
2860 762
2860 763
2861 763
2861 765
2862 765
2862 766
2865 766
2865 767
2870 767
2870 768
2874 768
2874 769
2888 769
2888 770
2896 770
2896 769
2898 769
2898 768
2899 768
2899 767
2900 767
2900 766
2902 766
2902 765
2905 765
2905 766
2907 766
2907 767
2909 767
2909 766
2914 766
2914 765
2917 765
2917 764
2918 764
2918 763
2919 763
2919 761
2920 761
2920 760
2921 760
2921 757
2922 757
2922 751
2923 751
2923 745
2924 745
2924 731
2925 731
2925 725
2926 725
2926 714
2927 714
2927 709
2928 709
2928 699
2929 699
2929 689
2930 689
2930 681
2931 681
2931 675
2932 675
2932 670
2933 670
2933 659
2934 659
2934 658
2935 658
2935 657
2937 657
2937 656
2939 656
2939 655
2940 655
2940 654
2941 654
2941 653
2942 653
2942 652
2943 652
2943 651
2944 651
2944 649
2945 649
2945 643
2946 643
2946 634
2947 634
2947 622
2948 622
2948 612
2949 612
2949 608
2950 608
2950 595
2951 595
2951 587
2952 587
2952 579
2953 579
2953 576
2954 576
2954 575
2956 575
2956 574
2961 574
2961 573
2962 573
2962 572
2963 572
2963 571
2965 571
2965 570
2966 570
2966 569
2968 569
2968 568
2973 568
2973 567
2974 567
2974 566
2975 566
2975 565
2976 565
2976 564
2977 564
2977 563
2978 563
2978 564
2977 564
2977 565
2976 565
2976 566
2975 566
2975 567
2974 567
2974 568
2973 568
2973 569
2968 569
2968 570
2966 570
2966 571
2965 571
2965 572
2963 572
2963 573
2962 573
2962 575
2956 575
2956 576
2954 576
2954 579
2953 579
2953 587
2952 587
2952 595
2951 595
2951 608
2950 608
2950 612
2949 612
2949 622
2948 622
2948 634
2947 634
2947 643
2946 643
2946 649
2945 649
2945 651
2944 651
2944 652
2943 652
2943 653
2942 653
2942 654
2941 654
2941 655
2940 655
2940 656
2939 656
2939 657
2937 657
2937 658
2935 658
2935 659
2934 659
2934 670
2933 670
2933 675
2932 675
2932 681
2931 681
2931 689
2930 689
2930 699
2929 699
2929 709
2928 709
2928 714
2927 714
2927 725
2926 725
2926 731
2925 731
2925 745
2924 745
2924 751
2923 751
2923 757
2922 757
2922 760
2921 760
2921 761
2920 761
2920 763
2919 763
2919 764
2918 764
2918 765
2917 765
2917 766
2914 766
2914 767
2909 767
2909 768
2907 768
2907 767
2905 767
2905 766
2902 766
2902 767
2900 767
2900 768
2899 768
2899 769
2898 769
2898 770
2896 770
2896 771
2888 771
2888 770
2874 770
2874 769
2870 769
2870 768
2865 768
2865 767
2862 767
2862 766
2861 766
2861 765
2860 765
2860 763
2859 763
2859 762
2858 762
2858 759
2857 759
2857 755
2856 755
2856 751
2857 751
2857 746
2854 746
2854 747
2844 747
2844 748
2843 748
2843 753
2842 753
2842 764
2841 764
2841 770
2840 770
2840 778
2839 778
2839 782
2838 782
2838 787
2837 787
2837 789
2836 789
2836 790
2835 790
2835 791
2834 791
2834 792
2833 792
2833 793
2832 793
2832 794
2830 794
2830 795
2826 795
2826 796
2825 796
2825 798
2824 798
2824 807
2823 807
2823 813
2822 813
2822 822
2821 822
2821 834
2820 834
2820 840
2819 840
2819 843
2818 843
2818 852
2817 852
2817 861
2816 861
2816 869
2815 869
2815 877
2814 877
2814 880
2813 880
2813 884
2812 884
2812 890
2811 890
2811 891
2805 891
2805 892
2804 892
2804 893
2801 893
2801 894
2790 894
2790 895
2788 895
2788 896
2777 896
2777 895
2765 895
2765 897
2764 897
2764 899
2763 899
2763 901
2762 901
2762 904
2761 904
2761 910
2760 910
2760 913
2759 913
2759 917
2758 917
2758 919
2757 919
2757 921
2756 921
2756 924
2755 924
2755 928
2754 928
2754 930
2753 930
2753 933
2752 933
2752 934
2751 934
2751 935
2750 935
2750 937
2749 937
2749 939
2748 939
2748 943
2747 943
2747 944
2746 944
2746 945
2744 945
2744 946
2742 946
2742 947
2741 947
2741 950
2740 950
2740 959
2739 959
2739 969
2738 969
2738 973
2737 973
2737 980
2736 980
2736 988
2735 988
2735 995
2734 995
2734 997
2733 997
2733 999
2732 999
2732 1002
2731 1002
2731 1005
2730 1005
2730 1007
2729 1007
2729 1009
2728 1009
2728 1011
2727 1011
2727 1013
2726 1013
2726 1014
2724 1014
2724 1015
2723 1015
2723 1016
2721 1016
2721 1017
2708 1017
2708 1018
2703 1018
2703 1017
2700 1017
2700 1016
2699 1016
2699 1015
2697 1015
2697 1014
2695 1014
2695 1013
2692 1013
2692 1012
2682 1012
2682 1011
2676 1011
2676 1013
2675 1013
2675 1015
2674 1015
2674 1018
2673 1018
2673 1020
2672 1020
2672 1024
2671 1024
2671 1027
2670 1027
2670 1029
2669 1029
2669 1034
2668 1034
2668 1039
2667 1039
2667 1045
2666 1045
2666 1054
2665 1054
2665 1058
2664 1058
2664 1060
2663 1060
2663 1062
2662 1062
2662 1063
2661 1063
2661 1065
2660 1065
2660 1066
2659 1066
2659 1067
2658 1067
2658 1068
2657 1068
2657 1069
2656 1069
2656 1070
2655 1070
2655 1072
2654 1072
2654 1073
2653 1073
2653 1074
2643 1074
2643 1073
2641 1073
2641 1072
2636 1072
2636 1071
2629 1071
2629 1070
2622 1070
2622 1069
2610 1069
2610 1070
2603 1070
2603 1071
2602 1071
2602 1072
2600 1072
2600 1071
2599 1071
2599 1070
2591 1070
2591 1069
2589 1069
2589 1070
2586 1070
2586 1069
2585 1069
2585 1067
2582 1067
2582 1066
2576 1066
2576 1067
2563 1067
2563 1068
2556 1068
2556 1067
2553 1067
2553 1068
2550 1068
2550 1070
2549 1070
2549 1071
2548 1071
2548 1072
2547 1072
2547 1073
2546 1073
2546 1074
2545 1074
2545 1075
2544 1075
2544 1077
2543 1077
2543 1079
2542 1079
2542 1080
2541 1080
2541 1081
2540 1081
2540 1083
2539 1083
2539 1085
2538 1085
2538 1087
2537 1087
2537 1089
2536 1089
2536 1091
2535 1091
2535 1093
2534 1093
2534 1094
2533 1094
2533 1096
2532 1096
2532 1097
2531 1097
2531 1098
2530 1098
2530 1099
2529 1099
2529 1100
2528 1100
2528 1101
2527 1101
2527 1103
2526 1103
2526 1104
2525 1104
2525 1105
2524 1105
2524 1107
2523 1107
2523 1108
2522 1108
2522 1109
2521 1109
2521 1112
2520 1112
2520 1113
2519 1113
2519 1116
2518 1116
2518 1117
2517 1117
2517 1121
2516 1121
2516 1124
2515 1124
2515 1127
2514 1127
2514 1128
2513 1128
2513 1129
2512 1129
2512 1130
2511 1130
2511 1131
2510 1131
2510 1132
2508 1132
2508 1134
2507 1134
2507 1135
2506 1135
2506 1136
2505 1136
2505 1137
2504 1137
2504 1138
2503 1138
2503 1139
2502 1139
2502 1140
2501 1140
2501 1143
2500 1143
2500 1149
2499 1149
2499 1151
2498 1151
2498 1157
2497 1157
2497 1164
2496 1164
2496 1170
2495 1170
2495 1172
2494 1172
2494 1173
2493 1173
2493 1174
2491 1174
2491 1175
2490 1175
2490 1176
2489 1176
2489 1178
2488 1178
2488 1179
2487 1179
2487 1180
2486 1180
2486 1181
2481 1181
2481 1180
2477 1180
2477 1179
2470 1179
2470 1180
2469 1180
2469 1179
2460 1179
2460 1178
2454 1178
2454 1177
2453 1177
2453 1176
2451 1176
2451 1175
2449 1175
2449 1174
2447 1174
2447 1173
2441 1173
2441 1172
2432 1172
2432 1171
2423 1171
2423 1172
2422 1172
2422 1173
2415 1173
2415 1174
2412 1174
2412 1175
2408 1175
2408 1174
2400 1174
2400 1175
2392 1175
2392 1176
2391 1176
2391 1177
2376 1177
2376 1176
2371 1176
2371 1175
2368 1175
2368 1174
2366 1174
2366 1176
2365 1176
2365 1178
2364 1178
2364 1181
2363 1181
2363 1182
2362 1182
2362 1184
2361 1184
2361 1187
2360 1187
2360 1191
2359 1191
2359 1194
2358 1194
2358 1196
2357 1196
2357 1199
2356 1199
2356 1200
2355 1200
2355 1201
2354 1201
2354 1202
2353 1202
2353 1203
2352 1203
2352 1204
2351 1204
2351 1205
2349 1205
2349 1207
2348 1207
2348 1208
2347 1208
2347 1209
2346 1209
2346 1210
2344 1210
2344 1211
2343 1211
2343 1212
2342 1212
2342 1213
2341 1213
2341 1214
2339 1214
2339 1215
2337 1215
2337 1216
2336 1216
2336 1217
2335 1217
2335 1218
2334 1218
2334 1219
2333 1219
2333 1220
2332 1220
2332 1221
2331 1221
2331 1222
2330 1222
2330 1224
2329 1224
2329 1225
2325 1225
2325 1224
2318 1224
2318 1226
2317 1226
2317 1230
2316 1230
2316 1231
2315 1231
2315 1232
2314 1232
2314 1233
2313 1233
2313 1234
2312 1234
2312 1236
2311 1236
2311 1237
2310 1237
2310 1239
2309 1239
2309 1240
2303 1240
2303 1241
2302 1241
2302 1242
2301 1242
2301 1243
2300 1243
2300 1244
2288 1244
2288 1245
2287 1245
2287 1246
2286 1246
2286 1247
2276 1247
2276 1246
2259 1246
2259 1247
2258 1247
2258 1249
2257 1249
2257 1250
2254 1250
2254 1249
2248 1249
2248 1250
2246 1250
2246 1249
2240 1249
2240 1250
2238 1250
2238 1251
2234 1251
2234 1252
2231 1252
2231 1251
2227 1251
2227 1250
2224 1250
2224 1249
2222 1249
2222 1248
2221 1248
2221 1247
2220 1247
2220 1246
2219 1246
2219 1245
2218 1245
2218 1244
2217 1244
2217 1243
2216 1243
2216 1242
2215 1242
2215 1241
2214 1241
2214 1240
2213 1240
2213 1239
2212 1239
2212 1238
2211 1238
2211 1237
2210 1237
2210 1236
2207 1236
2207 1235
2191 1235
2191 1236
2190 1236
2190 1237
2189 1237
2189 1238
2188 1238
2188 1241
2187 1241
2187 1243
2186 1243
2186 1244
2185 1244
2185 1245
2184 1245
2184 1246
2165 1246
2165 1247
2160 1247
2160 1248
2156 1248
2156 1247
2150 1247
2150 1246
2147 1246
2147 1245
2146 1245
2146 1244
2145 1244
2145 1243
2143 1243
2143 1242
2142 1242
2142 1241
2141 1241
2141 1240
2140 1240
2140 1239
2139 1239
2139 1238
2138 1238
2138 1236
2137 1236
2137 1232
2136 1232
2136 1230
2135 1230
2135 1227
2131 1227
2131 1226
2125 1226
2125 1225
2122 1225
2122 1223
2118 1223
2118 1224
2117 1224
2117 1225
2116 1225
2116 1226
2115 1226
2115 1227
2114 1227
2114 1230
2113 1230
2113 1231
2112 1231
2112 1235
2111 1235
2111 1236
2110 1236
2110 1237
2108 1237
2108 1238
2106 1238
2106 1240
2105 1240
2105 1242
2104 1242
2104 1243
2103 1243
2103 1246
2102 1246
2102 1247
2101 1247
2101 1249
2100 1249
2100 1251
2099 1251
2099 1252
2098 1252
2098 1253
2097 1253
2097 1254
2096 1254
2096 1255
2094 1255
2094 1256
2093 1256
2093 1258
2092 1258
2092 1259
2091 1259
2091 1260
2090 1260
2090 1261
2079 1261
2079 1262
2077 1262
2077 1263
2076 1263
2076 1267
2075 1267
2075 1269
2074 1269
2074 1270
2073 1270
2073 1272
2072 1272
2072 1273
2071 1273
2071 1275
2061 1275
2061 1274
2058 1274
2058 1273
2057 1273
2057 1272
2055 1272
2055 1271
2052 1271
2052 1270
2051 1270
2051 1269
2048 1269
2048 1268
2045 1268
2045 1267
2037 1267
2037 1266
2033 1266
2033 1265
2028 1265
2028 1264
2025 1264
2025 1263
2024 1263
2024 1262
2022 1262
2022 1261
2020 1261
2020 1260
2019 1260
2019 1259
2016 1259
2016 1258
2014 1258
2014 1257
2013 1257
2013 1256
2010 1256
2010 1255
2009 1255
2009 1254
2007 1254
2007 1253
2006 1253
2006 1252
2004 1252
2004 1251
2003 1251
2003 1250
2002 1250
2002 1248
2001 1248
2001 1247
2000 1247
2000 1246
1999 1246
1999 1244
1998 1244
1998 1243
1997 1243
1997 1242
1996 1242
1996 1241
1995 1241
1995 1240
1994 1240
1994 1239
1993 1239
1993 1238
1992 1238
1992 1237
1991 1237
1991 1235
1990 1235
1990 1233
1989 1233
1989 1232
1988 1232
1988 1231
1987 1231
1987 1230
1986 1230
1986 1229
1985 1229
1985 1228
1984 1228
1984 1227
1983 1227
1983 1223
1982 1223
1982 1219
1979 1219
1979 1218
1977 1218
1977 1217
1975 1217
1975 1216
1971 1216
1971 1215
1969 1215
1969 1214
1967 1214
1967 1213
1966 1213
1966 1212
1965 1212
1965 1211
1964 1211
1964 1210
1963 1210
1963 1209
1962 1209
1962 1208
1961 1208
1961 1207
1960 1207
1960 1206
1959 1206
1959 1205
1958 1205
1958 1204
1957 1204
1957 1200
1956 1200
1956 1197
1955 1197
1955 1196
1950 1196
1950 1197
1943 1197
1943 1196
1923 1196
1923 1195
1921 1195
1921 1196
1919 1196
1919 1197
1918 1197
1918 1209
1917 1209
1917 1219
1916 1219
1916 1223
1915 1223
1915 1225
1914 1225
1914 1226
1913 1226
1913 1227
1911 1227
1911 1228
1910 1228
1910 1229
1909 1229
1909 1230
1907 1230
1907 1231
1903 1231
1903 1232
1898 1232
1898 1233
1897 1233
1897 1234
1890 1234
1890 1235
1889 1235
1889 1236
1888 1236
1888 1237
1887 1237
1887 1238
1886 1238
1886 1239
1884 1239
1884 1240
1880 1240
1880 1239
1878 1239
1878 1238
1876 1238
1876 1237
1875 1237
1875 1236
1874 1236
1874 1235
1873 1235
1873 1234
1872 1234
1872 1233
1871 1233
1871 1231
1870 1231
1870 1228
1869 1228
1869 1226
1870 1226
1870 1225
1869 1225
1869 1224
1866 1224
1866 1223
1863 1223
1863 1222
1861 1222
1861 1221
1859 1221
1859 1220
1857 1220
1857 1219
1855 1219
1855 1218
1854 1218
1854 1217
1852 1217
1852 1216
1850 1216
1850 1215
1848 1215
1848 1214
1844 1214
1844 1213
1843 1213
1843 1212
1841 1212
1841 1211
1840 1211
1840 1210
1839 1210
1839 1209
1837 1209
1837 1208
1836 1208
1836 1207
1835 1207
1835 1206
1834 1206
1834 1205
1832 1205
1832 1204
1831 1204
1831 1203
1827 1203
1827 1202
1825 1202
1825 1201
1823 1201
1823 1200
1822 1200
1822 1199
1820 1199
1820 1198
1819 1198
1819 1197
1818 1197
1818 1196
1817 1196
1817 1195
1815 1195
1815 1194
1814 1194
1814 1193
1812 1193
1812 1192
1809 1192
1809 1191
1807 1191
1807 1190
1805 1190
1805 1189
1797 1189
1797 1188
1792 1188
1792 1187
1790 1187
1790 1186
1788 1186
1788 1185
1784 1185
1784 1184
1782 1184
1782 1183
1781 1183
1781 1181
1780 1181
1780 1180
1777 1180
1777 1179
1775 1179
1775 1178
1773 1178
1773 1177
1769 1177
1769 1176
1759 1176
1759 1175
1755 1175
1755 1174
1753 1174
1753 1173
1752 1173
1752 1171
1751 1171
1751 1170
1750 1170
1750 1169
1749 1169
1749 1168
1746 1168
1746 1167
1745 1167
1745 1166
1744 1166
1744 1165
1742 1165
1742 1164
1740 1164
1740 1163
1739 1163
1739 1162
1737 1162
1737 1161
1736 1161
1736 1160
1735 1160
1735 1159
1734 1159
1734 1158
1733 1158
1733 1157
1732 1157
1732 1156
1731 1156
1731 1155
1729 1155
1729 1154
1728 1154
1728 1153
1726 1153
1726 1152
1724 1152
1724 1151
1723 1151
1723 1150
1722 1150
1722 1149
1721 1149
1721 1148
1720 1148
1720 1146
1719 1146
1719 1143
1718 1143
1718 1141
1717 1141
1717 1138
1716 1138
1716 1125
1717 1125
1717 1121
1716 1121
1716 1111
1717 1111
1717 1108
1716 1108
1716 1105
1715 1105
1715 1104
1714 1104
1714 1102
1713 1102
1713 1101
1712 1101
1712 1100
1711 1100
1711 1098
1710 1098
1710 1096
1709 1096
1709 1094
1708 1094
1708 1092
1707 1092
1707 1091
1706 1091
1706 1089
1705 1089
1705 1088
1704 1088
1704 1086
1703 1086
1703 1085
1702 1085
1702 1083
1701 1083
1701 1082
1700 1082
1700 1079
1699 1079
1699 1075
1698 1075
1698 1073
1697 1073
1697 1072
1696 1072
1696 1071
1694 1071
1694 1070
1685 1070
1685 1071
1684 1071
1684 1072
1683 1072
1683 1073
1682 1073
1682 1074
1680 1074
1680 1075
1677 1075
1677 1076
1675 1076
1675 1077
1672 1077
1672 1078
1670 1078
1670 1079
1658 1079
1658 1078
1653 1078
1653 1077
1651 1077
1651 1076
1649 1076
1649 1075
1648 1075
1648 1074
1647 1074
1647 1073
1646 1073
1646 1072
1645 1072
1645 1071
1644 1071
1644 1070
1642 1070
1642 1069
1641 1069
1641 1068
1639 1068
1639 1067
1637 1067
1637 1066
1633 1066
1633 1065
1632 1065
1632 1064
1629 1064
1629 1063
1623 1063
1623 1064
1618 1064
1618 1063
1615 1063
1615 1062
1614 1062
1614 1061
1613 1061
1613 1060
1612 1060
1612 1059
1611 1059
1611 1058
1610 1058
1610 1057
1609 1057
1609 1056
1608 1056
1608 1055
1607 1055
1607 1053
1606 1053
1606 1047
1605 1047
1605 1043
1604 1043
1604 1040
1603 1040
1603 1037
1602 1037
1602 1036
1601 1036
1601 1033
1600 1033
1600 1032
1598 1032
1598 1031
1589 1031
1589 1030
1588 1030
1588 1029
1586 1029
1586 1028
1584 1028
1584 1027
1582 1027
1582 1026
1580 1026
1580 1025
1579 1025
1579 1024
1578 1024
1578 1022
1577 1022
1577 1009
1576 1009
1576 1008
1575 1008
1575 1007
1570 1007
1570 1008
1569 1008
1569 1009
1557 1009
1557 1008
1537 1008
1537 1007
1534 1007
1534 1006
1526 1006
1526 1005
1523 1005
1523 1004
1521 1004
1521 1003
1520 1003
1520 1002
1519 1002
1519 1001
1518 1001
1518 1000
1517 1000
1517 999
1516 999
1516 995
1515 995
1515 984
1516 984
1516 967
1517 967
1517 956
1516 956
1516 957
1511 957
1511 958
1505 958
1505 957
1501 957
1501 958
1499 958
1499 957
1498 957
1498 954
1497 954
1497 952
1496 952
1496 951
1495 951
1495 950
1494 950
1494 949
1493 949
1493 948
1489 948
1489 947
1487 947
1487 946
1485 946
1485 945
1483 945
1483 944
1471 944
1471 943
1466 943
1466 942
1464 942
1464 941
1463 941
1463 940
1461 940
1461 939
1460 939
1460 938
1459 938
1459 937
1458 937
1458 935
1457 935
1457 934
1456 934
1456 933
1455 933
1455 932
1453 932
1453 931
1452 931
1452 930
1451 930
1451 929
1450 929
1450 928
1449 928
1449 927
1448 927
1448 924
1447 924
1447 921
1446 921
1446 920
1445 920
1445 919
1441 919
1441 918
1439 918
1439 917
1436 917
1436 916
1431 916
1431 915
1429 915
1429 914
1427 914
1427 913
1426 913
1426 912
1424 912
1424 911
1421 911
1421 910
1418 910
1418 909
1416 909
1416 908
1415 908
1415 907
1414 907
1414 906
1413 906
1413 905
1411 905
1411 904
1409 904
1409 903
1408 903
1408 902
1407 902
1407 901
1406 901
1406 900
1405 900
1405 899
1404 899
1404 898
1403 898
1403 896
1402 896
1402 895
1401 895
1401 893
1399 893
1399 892
1387 892
1387 891
1384 891
1384 890
1383 890
1383 889
1382 889
1382 888
1381 888
1381 887
1380 887
1380 885
1379 885
1379 884
1378 884
1378 878
1377 878
1377 874
1376 874
1376 873
1374 873
1374 872
1372 872
1372 871
1371 871
1371 870
1370 870
1370 869
1369 869
1369 868
1368 868
1368 866
1367 866
1367 865
1366 865
1366 863
1365 863
1365 859
1364 859
1364 856
1363 856
1363 854
1362 854
1362 853
1361 853
1361 851
1360 851
1360 850
1359 850
1359 849
1358 849
1358 845
1357 845
1357 839
1356 839
1356 837
1355 837
1355 834
1354 834
1354 833
1353 833
1353 831
1352 831
1352 830
1351 830
1351 829
1350 829
1350 828
1349 828
1349 826
1348 826
1348 824
1347 824
1347 821
1346 821
1346 817
1345 817
1345 814
1337 814
1337 813
1328 813
1328 812
1325 812
1325 811
1321 811
1321 810
1319 810
1319 809
1318 809
1318 808
1317 808
1317 807
1316 807
1316 806
1315 806
1315 804
1314 804
1314 802
1313 802
1313 797
1312 797
1312 795
1310 795
1310 794
1308 794
1308 793
1307 793
1307 792
1305 792
1305 791
1301 791
1301 794
1300 794
1300 802
1299 802
1299 805
1298 805
1298 806
1297 806
1297 807
1296 807
1296 808
1291 808
1291 807
1287 807
1287 806
1285 806
1285 805
1284 805
1284 804
1283 804
1283 802
1282 802
1282 801
1281 801
1281 798
1280 798
1280 791
1279 791
1279 785
1280 785
1280 782
1279 782
1279 780
1278 780
1278 779
1277 779
1277 778
1275 778
1275 777
1274 777
1274 776
1273 776
1273 775
1272 775
1272 773
1271 773
1271 771
1270 771
1270 767
1269 767
1269 758
1270 758
1270 752
1269 752
1269 748
1268 748
1268 746
1267 746
1267 745
1265 745
1265 744
1264 744
1264 743
1263 743
1263 742
1262 742
1262 741
1261 741
1261 739
1260 739
1260 736
1259 736
1259 734
1258 734
1258 731
1257 731
1257 717
1258 717
1258 710
1259 710
1259 705
1258 705
1258 704
1257 704
1257 703
1256 703
1256 702
1249 702
1249 701
1245 701
1245 700
1243 700
1243 699
1238 699
1238 698
1234 698
1234 697
1233 697
1233 696
1231 696
1231 695
1230 695
1230 693
1229 693
1229 692
1228 692
1228 690
1227 690
1227 689
1225 689
1225 688
1224 688
1224 687
1218 687
1218 686
1216 686
1216 683
1215 683
1215 681
1214 681
1214 680
1208 680
1208 679
1201 679
1201 678
1195 678
1195 677
1194 677
1194 673
1193 673
1193 672
1192 672
1192 670
1191 670
1191 669
1190 669
1190 668
1188 668
1188 667
1186 667
1186 666
1185 666
1185 665
1184 665
1184 664
1183 664
1183 663
1182 663
1182 660
1181 660
1181 658
1180 658
1180 651
1181 651
1181 658
1182 658
1182 660
1183 660
1183 663
1184 663
1184 664
1185 664
1185 665
1186 665
1186 666
1188 666
1188 667
1190 667
1190 668
1191 668
1191 669
1192 669
1192 670
1193 670
1193 672
1194 672
1194 673
1195 673
1195 677
1201 677
1201 678
1208 678
1208 679
1214 679
1214 680
1215 680
1215 681
1216 681
1216 683
1217 683
1217 685
1218 685
1218 686
1224 686
1224 687
1225 687
1225 688
1227 688
1227 689
1228 689
1228 690
1229 690
1229 692
1230 692
1230 693
1231 693
1231 695
1233 695
1233 696
1234 696
1234 697
1238 697
1238 698
1243 698
1243 699
1245 699
1245 700
1249 700
1249 701
1256 701
1256 702
1257 702
1257 703
1258 703
1258 704
1259 704
1259 705
1260 705
1260 710
1259 710
1259 717
1258 717
1258 731
1259 731
1259 734
1260 734
1260 736
1261 736
1261 739
1262 739
1262 741
1263 741
1263 742
1264 742
1264 743
1265 743
1265 744
1267 744
1267 745
1268 745
1268 746
1269 746
1269 748
1270 748
1270 752
1271 752
1271 758
1270 758
1270 767
1271 767
1271 771
1272 771
1272 773
1273 773
1273 775
1274 775
1274 776
1275 776
1275 777
1277 777
1277 778
1278 778
1278 779
1279 779
1279 780
1280 780
1280 782
1281 782
1281 785
1280 785
1280 791
1281 791
1281 798
1282 798
1282 801
1283 801
1283 802
1284 802
1284 804
1285 804
1285 805
1287 805
1287 806
1291 806
1291 807
1296 807
1296 806
1297 806
1297 805
1298 805
1298 802
1299 802
1299 794
1300 794
1300 791
1301 791
1301 790
1305 790
1305 791
1307 791
1307 792
1308 792
1308 793
1310 793
1310 794
1312 794
1312 795
1313 795
1313 797
1314 797
1314 802
1315 802
1315 804
1316 804
1316 806
1317 806
1317 807
1318 807
1318 808
1319 808
1319 809
1321 809
1321 810
1325 810
1325 811
1328 811
1328 812
1337 812
1337 813
1345 813
1345 814
1346 814
1346 817
1347 817
1347 821
1348 821
1348 824
1349 824
1349 826
1350 826
1350 828
1351 828
1351 829
1352 829
1352 830
1353 830
1353 831
1354 831
1354 833
1355 833
1355 834
1356 834
1356 837
1357 837
1357 839
1358 839
1358 845
1359 845
1359 849
1360 849
1360 850
1361 850
1361 851
1362 851
1362 853
1363 853
1363 854
1364 854
1364 856
1365 856
1365 859
1366 859
1366 863
1367 863
1367 865
1368 865
1368 866
1369 866
1369 868
1370 868
1370 869
1371 869
1371 870
1372 870
1372 871
1374 871
1374 872
1376 872
1376 873
1377 873
1377 874
1378 874
1378 878
1379 878
1379 884
1380 884
1380 885
1381 885
1381 887
1382 887
1382 888
1383 888
1383 889
1384 889
1384 890
1387 890
1387 891
1399 891
1399 892
1401 892
1401 893
1402 893
1402 895
1403 895
1403 896
1404 896
1404 898
1405 898
1405 899
1406 899
1406 900
1407 900
1407 901
1408 901
1408 902
1409 902
1409 903
1411 903
1411 904
1413 904
1413 905
1414 905
1414 906
1415 906
1415 907
1416 907
1416 908
1418 908
1418 909
1421 909
1421 910
1424 910
1424 911
1426 911
1426 912
1427 912
1427 913
1429 913
1429 914
1431 914
1431 915
1436 915
1436 916
1439 916
1439 917
1441 917
1441 918
1445 918
1445 919
1446 919
1446 920
1447 920
1447 921
1448 921
1448 924
1449 924
1449 927
1450 927
1450 928
1451 928
1451 929
1452 929
1452 930
1453 930
1453 931
1455 931
1455 932
1456 932
1456 933
1457 933
1457 934
1458 934
1458 935
1459 935
1459 937
1460 937
1460 938
1461 938
1461 939
1463 939
1463 940
1464 940
1464 941
1466 941
1466 942
1471 942
1471 943
1483 943
1483 944
1485 944
1485 945
1487 945
1487 946
1489 946
1489 947
1493 947
1493 948
1494 948
1494 949
1495 949
1495 950
1496 950
1496 951
1497 951
1497 952
1498 952
1498 954
1499 954
1499 957
1501 957
1501 956
1505 956
1505 957
1511 957
1511 956
1516 956
1516 954
1517 954
1517 956
1518 956
1518 967
1517 967
1517 984
1516 984
1516 995
1517 995
1517 999
1518 999
1518 1000
1519 1000
1519 1001
1520 1001
1520 1002
1521 1002
1521 1003
1523 1003
1523 1004
1526 1004
1526 1005
1534 1005
1534 1006
1537 1006
1537 1007
1557 1007
1557 1008
1569 1008
1569 1007
1570 1007
1570 1006
1575 1006
1575 1007
1576 1007
1576 1008
1577 1008
1577 1009
1578 1009
1578 1022
1579 1022
1579 1024
1580 1024
1580 1025
1582 1025
1582 1026
1584 1026
1584 1027
1586 1027
1586 1028
1588 1028
1588 1029
1589 1029
1589 1030
1598 1030
1598 1031
1600 1031
1600 1032
1601 1032
1601 1033
1602 1033
1602 1036
1603 1036
1603 1037
1604 1037
1604 1040
1605 1040
1605 1043
1606 1043
1606 1047
1607 1047
1607 1053
1608 1053
1608 1055
1609 1055
1609 1056
1610 1056
1610 1057
1611 1057
1611 1058
1612 1058
1612 1059
1613 1059
1613 1060
1614 1060
1614 1061
1615 1061
1615 1062
1618 1062
1618 1063
1623 1063
1623 1062
1629 1062
1629 1063
1632 1063
1632 1064
1633 1064
1633 1065
1637 1065
1637 1066
1639 1066
1639 1067
1641 1067
1641 1068
1642 1068
1642 1069
1644 1069
1644 1070
1645 1070
1645 1071
1646 1071
1646 1072
1647 1072
1647 1073
1648 1073
1648 1074
1649 1074
1649 1075
1651 1075
1651 1076
1653 1076
1653 1077
1658 1077
1658 1078
1670 1078
1670 1077
1672 1077
1672 1076
1675 1076
1675 1075
1677 1075
1677 1074
1680 1074
1680 1073
1682 1073
1682 1072
1683 1072
1683 1071
1684 1071
1684 1070
1685 1070
1685 1069
1694 1069
1694 1070
1696 1070
1696 1071
1697 1071
1697 1072
1698 1072
1698 1073
1699 1073
1699 1075
1700 1075
1700 1079
1701 1079
1701 1082
1702 1082
1702 1083
1703 1083
1703 1085
1704 1085
1704 1086
1705 1086
1705 1088
1706 1088
1706 1089
1707 1089
1707 1091
1708 1091
1708 1092
1709 1092
1709 1094
1710 1094
1710 1096
1711 1096
1711 1098
1712 1098
1712 1100
1713 1100
1713 1101
1714 1101
1714 1102
1715 1102
1715 1104
1716 1104
1716 1105
1717 1105
1717 1108
1718 1108
1718 1111
1717 1111
1717 1121
1718 1121
1718 1125
1717 1125
1717 1138
1718 1138
1718 1141
1719 1141
1719 1143
1720 1143
1720 1146
1721 1146
1721 1148
1722 1148
1722 1149
1723 1149
1723 1150
1724 1150
1724 1151
1726 1151
1726 1152
1728 1152
1728 1153
1729 1153
1729 1154
1731 1154
1731 1155
1732 1155
1732 1156
1733 1156
1733 1157
1734 1157
1734 1158
1735 1158
1735 1159
1736 1159
1736 1160
1737 1160
1737 1161
1739 1161
1739 1162
1740 1162
1740 1163
1742 1163
1742 1164
1744 1164
1744 1165
1745 1165
1745 1166
1746 1166
1746 1167
1749 1167
1749 1168
1750 1168
1750 1169
1751 1169
1751 1170
1752 1170
1752 1171
1753 1171
1753 1173
1755 1173
1755 1174
1759 1174
1759 1175
1769 1175
1769 1176
1773 1176
1773 1177
1775 1177
1775 1178
1777 1178
1777 1179
1780 1179
1780 1180
1781 1180
1781 1181
1782 1181
1782 1183
1784 1183
1784 1184
1788 1184
1788 1185
1790 1185
1790 1186
1792 1186
1792 1187
1797 1187
1797 1188
1805 1188
1805 1189
1807 1189
1807 1190
1809 1190
1809 1191
1812 1191
1812 1192
1814 1192
1814 1193
1815 1193
1815 1194
1817 1194
1817 1195
1818 1195
1818 1196
1819 1196
1819 1197
1820 1197
1820 1198
1822 1198
1822 1199
1823 1199
1823 1200
1825 1200
1825 1201
1827 1201
1827 1202
1831 1202
1831 1203
1832 1203
1832 1204
1834 1204
1834 1205
1835 1205
1835 1206
1836 1206
1836 1207
1837 1207
1837 1208
1839 1208
1839 1209
1840 1209
1840 1210
1841 1210
1841 1211
1843 1211
1843 1212
1844 1212
1844 1213
1848 1213
1848 1214
1850 1214
1850 1215
1852 1215
1852 1216
1854 1216
1854 1217
1855 1217
1855 1218
1857 1218
1857 1219
1859 1219
1859 1220
1861 1220
1861 1221
1863 1221
1863 1222
1866 1222
1866 1223
1869 1223
1869 1224
1870 1224
1870 1225
1871 1225
1871 1226
1870 1226
1870 1228
1871 1228
1871 1231
1872 1231
1872 1233
1873 1233
1873 1234
1874 1234
1874 1235
1875 1235
1875 1236
1876 1236
1876 1237
1878 1237
1878 1238
1880 1238
1880 1239
1884 1239
1884 1238
1886 1238
1886 1237
1887 1237
1887 1236
1888 1236
1888 1235
1889 1235
1889 1234
1890 1234
1890 1233
1897 1233
1897 1232
1898 1232
1898 1231
1903 1231
1903 1230
1907 1230
1907 1229
1909 1229
1909 1228
1910 1228
1910 1227
1911 1227
1911 1226
1913 1226
1913 1225
1914 1225
1914 1223
1915 1223
1915 1219
1916 1219
1916 1209
1917 1209
1917 1197
1918 1197
1918 1196
1919 1196
1919 1195
1921 1195
1921 1194
1923 1194
1923 1195
1943 1195
1943 1196
1950 1196
1950 1195
1955 1195
1955 1196
1956 1196
1956 1197
1957 1197
1957 1200
1958 1200
1958 1204
1959 1204
1959 1205
1960 1205
1960 1206
1961 1206
1961 1207
1962 1207
1962 1208
1963 1208
1963 1209
1964 1209
1964 1210
1965 1210
1965 1211
1966 1211
1966 1212
1967 1212
1967 1213
1969 1213
1969 1214
1971 1214
1971 1215
1975 1215
1975 1216
1977 1216
1977 1217
1979 1217
1979 1218
1982 1218
1982 1219
1983 1219
1983 1223
1984 1223
1984 1227
1985 1227
1985 1228
1986 1228
1986 1229
1987 1229
1987 1230
1988 1230
1988 1231
1989 1231
1989 1232
1990 1232
1990 1233
1991 1233
1991 1235
1992 1235
1992 1237
1993 1237
1993 1238
1994 1238
1994 1239
1995 1239
1995 1240
1996 1240
1996 1241
1997 1241
1997 1242
1998 1242
1998 1243
1999 1243
1999 1244
2000 1244
2000 1246
2001 1246
2001 1247
2002 1247
2002 1248
2003 1248
2003 1250
2004 1250
2004 1251
2006 1251
2006 1252
2007 1252
2007 1253
2009 1253
2009 1254
2010 1254
2010 1255
2013 1255
2013 1256
2014 1256
2014 1257
2016 1257
2016 1258
2019 1258
2019 1259
2020 1259
2020 1260
2022 1260
2022 1261
2024 1261
2024 1262
2025 1262
2025 1263
2028 1263
2028 1264
2033 1264
2033 1265
2037 1265
2037 1266
2045 1266
2045 1267
2048 1267
2048 1268
2051 1268
2051 1269
2052 1269
2052 1270
2055 1270
2055 1271
2057 1271
2057 1272
2058 1272
2058 1273
2061 1273
2061 1274
2070 1274
2070 1273
2071 1273
2071 1272
2072 1272
2072 1270
2073 1270
2073 1269
2074 1269
2074 1267
2075 1267
2075 1263
2076 1263
2076 1262
2077 1262
2077 1261
2079 1261
2079 1260
2090 1260
2090 1259
2091 1259
2091 1258
2092 1258
2092 1256
2093 1256
2093 1255
2094 1255
2094 1254
2096 1254
2096 1253
2097 1253
2097 1252
2098 1252
2098 1251
2099 1251
2099 1249
2100 1249
2100 1247
2101 1247
2101 1246
2102 1246
2102 1243
2103 1243
2103 1242
2104 1242
2104 1240
2105 1240
2105 1238
2106 1238
2106 1237
2108 1237
2108 1236
2110 1236
2110 1235
2111 1235
2111 1231
2112 1231
2112 1230
2113 1230
2113 1227
2114 1227
2114 1226
2115 1226
2115 1225
2116 1225
2116 1224
2117 1224
2117 1223
2118 1223
2118 1222
2122 1222
2122 1223
2123 1223
2123 1224
2126 1224
2126 1225
2131 1225
2131 1226
2135 1226
2135 1227
2136 1227
2136 1230
2137 1230
2137 1232
2138 1232
2138 1236
2139 1236
2139 1238
2140 1238
2140 1239
2141 1239
2141 1240
2142 1240
2142 1241
2143 1241
2143 1242
2145 1242
2145 1243
2146 1243
2146 1244
2147 1244
2147 1245
2150 1245
2150 1246
2156 1246
2156 1247
2160 1247
2160 1246
2165 1246
2165 1245
2184 1245
2184 1244
2185 1244
2185 1243
2186 1243
2186 1241
2187 1241
2187 1238
2188 1238
2188 1237
2189 1237
2189 1236
2190 1236
2190 1235
2191 1235
2191 1234
2207 1234
2207 1235
2210 1235
2210 1236
2211 1236
2211 1237
2212 1237
2212 1238
2213 1238
2213 1239
2214 1239
2214 1240
2215 1240
2215 1241
2216 1241
2216 1242
2217 1242
2217 1243
2218 1243
2218 1244
2219 1244
2219 1245
2220 1245
2220 1246
2221 1246
2221 1247
2222 1247
2222 1248
2224 1248
2224 1249
2227 1249
2227 1250
2231 1250
2231 1251
2234 1251
2234 1250
2238 1250
2238 1249
2240 1249
2240 1248
2246 1248
2246 1249
2248 1249
2248 1248
2254 1248
2254 1249
2257 1249
2257 1247
2258 1247
2258 1246
2259 1246
2259 1245
2276 1245
2276 1246
2286 1246
2286 1245
2287 1245
2287 1244
2288 1244
2288 1243
2300 1243
2300 1242
2301 1242
2301 1241
2302 1241
2302 1240
2303 1240
2303 1239
2309 1239
2309 1237
2310 1237
2310 1236
2311 1236
2311 1234
2312 1234
2312 1233
2313 1233
2313 1232
2314 1232
2314 1231
2315 1231
2315 1230
2316 1230
2316 1226
2317 1226
2317 1224
2318 1224
2318 1223
2325 1223
2325 1224
2329 1224
2329 1222
2330 1222
2330 1221
2331 1221
2331 1220
2332 1220
2332 1219
2333 1219
2333 1218
2334 1218
2334 1217
2335 1217
2335 1216
2336 1216
2336 1215
2337 1215
2337 1214
2339 1214
2339 1213
2341 1213
2341 1212
2342 1212
2342 1211
2343 1211
2343 1210
2344 1210
2344 1209
2346 1209
2346 1208
2347 1208
2347 1207
2348 1207
2348 1205
2349 1205
2349 1204
2351 1204
2351 1203
2352 1203
2352 1202
2353 1202
2353 1201
2354 1201
2354 1200
2355 1200
2355 1199
2356 1199
2356 1196
2357 1196
2357 1194
2358 1194
2358 1191
2359 1191
2359 1187
2360 1187
2360 1184
2361 1184
2361 1182
2362 1182
2362 1181
2363 1181
2363 1178
2364 1178
2364 1176
2365 1176
2365 1174
2366 1174
2366 1173
2368 1173
2368 1174
2371 1174
2371 1175
2376 1175
2376 1176
2391 1176
2391 1175
2392 1175
2392 1174
2400 1174
2400 1173
2408 1173
2408 1174
2412 1174
2412 1173
2415 1173
2415 1172
2422 1172
2422 1171
2423 1171
2423 1170
2432 1170
2432 1171
2441 1171
2441 1172
2447 1172
2447 1173
2449 1173
2449 1174
2451 1174
2451 1175
2453 1175
2453 1176
2454 1176
2454 1177
2460 1177
2460 1178
2469 1178
2469 1179
2470 1179
2470 1178
2477 1178
2477 1179
2481 1179
2481 1180
2486 1180
2486 1179
2487 1179
2487 1178
2488 1178
2488 1176
2489 1176
2489 1175
2490 1175
2490 1174
2491 1174
2491 1173
2493 1173
2493 1172
2494 1172
2494 1170
2495 1170
2495 1164
2496 1164
2496 1157
2497 1157
2497 1151
2498 1151
2498 1149
2499 1149
2499 1143
2500 1143
2500 1140
2501 1140
2501 1139
2502 1139
2502 1138
2503 1138
2503 1137
2504 1137
2504 1136
2505 1136
2505 1135
2506 1135
2506 1134
2507 1134
2507 1132
2508 1132
2508 1131
2510 1131
2510 1130
2511 1130
2511 1129
2512 1129
2512 1128
2513 1128
2513 1127
2514 1127
2514 1124
2515 1124
2515 1121
2516 1121
2516 1117
2517 1117
2517 1116
2518 1116
2518 1113
2519 1113
2519 1112
2520 1112
2520 1109
2521 1109
2521 1108
2522 1108
2522 1107
2523 1107
2523 1105
2524 1105
2524 1104
2525 1104
2525 1103
2526 1103
2526 1101
2527 1101
2527 1100
2528 1100
2528 1099
2529 1099
2529 1098
2530 1098
2530 1097
2531 1097
2531 1096
2532 1096
2532 1094
2533 1094
2533 1093
2534 1093
2534 1091
2535 1091
2535 1089
2536 1089
2536 1087
2537 1087
2537 1085
2538 1085
2538 1083
2539 1083
2539 1081
2540 1081
2540 1080
2541 1080
2541 1079
2542 1079
2542 1077
2543 1077
2543 1075
2544 1075
2544 1074
2545 1074
2545 1073
2546 1073
2546 1072
2547 1072
2547 1071
2548 1071
2548 1070
2549 1070
2549 1068
2550 1068
2550 1067
2553 1067
2553 1066
2556 1066
2556 1067
2563 1067
2563 1066
2576 1066
2576 1065
2582 1065
2582 1066
2585 1066
2585 1067
2586 1067
2586 1069
2589 1069
2589 1068
2591 1068
2591 1069
2599 1069
2599 1070
2600 1070
2600 1071
2602 1071
2602 1070
2603 1070
2603 1069
2610 1069
2610 1068
2622 1068
2622 1069
2629 1069
2629 1070
2636 1070
2636 1071
2641 1071
2641 1072
2643 1072
2643 1073
2653 1073
2653 1072
2654 1072
2654 1070
2655 1070
2655 1069
2656 1069
2656 1068
2657 1068
2657 1067
2658 1067
2658 1066
2659 1066
2659 1065
2660 1065
2660 1063
2661 1063
2661 1062
2662 1062
2662 1060
2663 1060
2663 1058
2664 1058
2664 1054
2665 1054
2665 1045
2666 1045
2666 1039
2667 1039
2667 1034
2668 1034
2668 1029
2669 1029
2669 1027
2670 1027
2670 1024
2671 1024
2671 1020
2672 1020
2672 1018
2673 1018
2673 1015
2674 1015
2674 1013
2675 1013
2675 1010
2682 1010
2682 1011
2692 1011
2692 1012
2695 1012
2695 1013
2697 1013
2697 1014
2699 1014
2699 1015
2700 1015
