2995 781
2996 781
2996 780
3008 780
3008 778
3010 778
3010 777
3024 777
3024 776
3029 776
3029 775
3033 775
3033 776
3038 776
3038 775
3041 775
3041 774
3042 774
3042 773
3043 773
3043 772
3045 772
3045 771
3052 771
3052 770
3054 770
3054 769
3056 769
3056 768
3062 768
3062 767
3065 767
3065 766
3069 766
3069 765
3074 765
3074 764
3078 764
3078 763
3081 763
3081 762
3082 762
3082 761
3085 761
3085 762
3086 762
3086 763
3087 763
3087 764
3090 764
3090 765
3117 765
3117 764
3119 764
3119 763
3121 763
3121 762
3123 762
3123 761
3125 761
3125 760
3126 760
3126 759
3127 759
3127 758
3128 758
3128 757
3130 757
3130 756
3131 756
3131 755
3134 755
3134 754
3137 754
3137 755
3140 755
3140 756
3141 756
3141 760
3142 760
3142 761
3143 761
3143 762
3145 762
3145 761
3160 761
3160 760
3161 760
3161 759
3165 759
3165 758
3167 758
3167 757
3168 757
3168 756
3169 756
3169 755
3170 755
3170 754
3171 754
3171 752
3172 752
3172 751
3173 751
3173 749
3174 749
3174 748
3175 748
3175 747
3177 747
3177 746
3178 746
3178 745
3180 745
3180 744
3182 744
3182 743
3183 743
3183 741
3184 741
3184 739
3185 739
3185 728
3186 728
3186 724
3188 724
3188 723
3189 723
3189 722
3191 722
3191 721
3192 721
3192 720
3195 720
3195 719
3196 719
3196 714
3197 714
3197 705
3198 705
3198 702
3199 702
3199 701
3200 701
3200 700
3201 700
3201 699
3202 699
3202 698
3203 698
3203 697
3204 697
3204 696
3206 696
3206 695
3207 695
3207 693
3208 693
3208 692
3209 692
3209 683
3210 683
3210 653
3209 653
3209 651
3210 651
3210 650
3217 650
3217 649
3219 649
3219 648
3221 648
3221 647
3222 647
3222 646
3228 646
3228 645
3230 645
3230 646
3232 646
3232 648
3233 648
3233 650
3234 650
3234 651
3235 651
3235 652
3236 652
3236 654
3237 654
3237 655
3238 655
3238 656
3239 656
3239 657
3241 657
3241 658
3243 658
3243 659
3246 659
3246 658
3264 658
3264 659
3278 659
3278 660
3282 660
3282 659
3287 659
3287 660
3295 660
3295 661
3299 661
3299 660
3302 660
3302 659
3304 659
3304 658
3305 658
3305 657
3307 657
3307 656
3308 656
3308 655
3310 655
3310 654
3314 654
3314 653
3315 653
3315 652
3317 652
3317 651
3320 651
3320 650
3325 650
3325 649
3326 649
3326 648
3327 648
3327 647
3332 647
3332 645
3337 645
3337 644
3341 644
3341 643
3346 643
3346 642
3348 642
3348 641
3349 641
3349 639
3350 639
3350 635
3351 635
3351 628
3350 628
3350 622
3351 622
3351 618
3352 618
3352 616
3353 616
3353 615
3354 615
3354 613
3355 613
3355 611
3356 611
3356 609
3357 609
3357 607
3358 607
3358 606
3359 606
3359 605
3360 605
3360 596
3361 596
3361 566
3360 566
3360 564
3361 564
3361 541
3360 541
3360 539
3361 539
3361 525
3363 525
3363 524
3370 524
3370 523
3371 523
3371 522
3372 522
3372 521
3373 521
3373 519
3374 519
3374 518
3375 518
3375 517
3377 517
3377 516
3378 516
3378 515
3379 515
3379 514
3380 514
3380 513
3382 513
3382 512
3383 512
3383 511
3384 511
3384 510
3385 510
3385 509
3390 509
3390 508
3396 508
3396 507
3397 507
3397 508
3402 508
3402 507
3406 507
3406 506
3416 506
3416 507
3418 507
3418 508
3422 508
3422 507
3424 507
3424 508
3432 508
3432 507
3441 507
3441 508
3443 508
3443 509
3452 509
3452 510
3456 510
3456 509
3458 509
3458 508
3460 508
3460 512
3462 512
3462 513
3464 513
3464 514
3465 514
3465 515
3466 515
3466 516
3477 516
3477 515
3479 515
3479 514
3482 514
3482 513
3484 513
3484 512
3487 512
3487 511
3490 511
3490 510
3491 510
3491 506
3492 506
3492 499
3493 499
3493 496
3494 496
3494 490
3495 490
3495 484
3494 484
3494 481
3493 481
3493 473
3494 473
3494 472
3498 472
3498 471
3501 471
3501 470
3503 470
3503 469
3504 469
3504 468
3506 468
3506 467
3507 467
3507 465
3508 465
3508 461
3507 461
3507 456
3506 456
3506 455
3507 455
3507 454
3511 454
3511 453
3521 453
3521 452
3522 452
3522 451
3523 451
3523 450
3524 450
3524 449
3526 449
3526 448
3534 448
3534 447
3535 447
3535 446
3536 446
3536 445
3544 445
3544 444
3547 444
3547 443
3548 443
3548 442
3549 442
3549 441
3555 441
3555 440
3556 440
3556 439
3557 439
3557 438
3558 438
3558 437
3559 437
3559 436
3560 436
3560 435
3561 435
3561 434
3562 434
3562 432
3563 432
3563 429
3564 429
3564 427
3563 427
3563 426
3564 426
3564 386
3567 386
3567 385
3569 385
3569 384
3571 384
3571 383
3572 383
3572 382
3574 382
3574 381
3580 381
3580 380
3582 380
3582 378
3584 378
3584 377
3585 377
3585 375
3586 375
3586 374
3587 374
3587 372
3588 372
3588 335
3590 335
3590 334
3593 334
3593 333
3594 333
3594 332
3595 332
3595 331
3597 331
3597 330
3598 330
3598 329
3601 329
3601 328
3609 328
3609 327
3614 327
3614 326
3617 326
3617 325
3619 325
3619 324
3629 324
3629 323
3630 323
3630 322
3631 322
3631 321
3633 321
3633 320
3634 320
3634 319
3635 319
3635 318
3637 318
3637 317
3639 317
3639 316
3640 316
3640 315
3641 315
3641 314
3646 314
3646 313
3647 313
3647 312
3648 312
3648 311
3650 311
3650 310
3651 310
3651 309
3652 309
3652 308
3653 308
3653 307
3654 307
3654 304
3657 304
3657 303
3658 303
3658 302
3660 302
3660 301
3661 301
3661 300
3662 300
3662 299
3663 299
3663 298
3664 298
3664 296
3663 296
3663 298
3662 298
3662 299
3661 299
3661 300
3660 300
3660 301
3658 301
3658 302
3657 302
3657 303
3654 303
3654 304
3653 304
3653 307
3652 307
3652 308
3651 308
3651 309
3650 309
3650 310
3648 310
3648 311
3647 311
3647 312
3646 312
3646 313
3641 313
3641 314
3640 314
3640 315
3639 315
3639 316
3637 316
3637 317
3635 317
3635 318
3634 318
3634 319
3633 319
3633 320
3631 320
3631 321
3630 321
3630 322
3629 322
3629 323
3619 323
3619 324
3617 324
3617 325
3614 325
3614 326
3609 326
3609 327
3601 327
3601 328
3598 328
3598 329
3597 329
3597 330
3595 330
3595 331
3594 331
3594 332
3593 332
3593 333
3590 333
3590 334
3588 334
3588 335
3587 335
3587 372
3586 372
3586 374
3585 374
3585 375
3584 375
3584 377
3582 377
3582 378
3581 378
3581 379
3579 379
3579 380
3574 380
3574 381
3572 381
3572 382
3571 382
3571 383
3569 383
3569 384
3567 384
3567 385
3564 385
3564 386
3563 386
3563 426
3562 426
3562 427
3563 427
3563 429
3562 429
3562 432
3561 432
3561 434
3560 434
3560 435
3559 435
3559 436
3558 436
3558 437
3557 437
3557 438
3556 438
3556 439
3555 439
3555 440
3549 440
3549 441
3548 441
3548 442
3547 442
3547 443
3544 443
3544 444
3536 444
3536 445
3535 445
3535 446
3534 446
3534 447
3526 447
3526 448
3524 448
3524 449
3523 449
3523 450
3522 450
3522 451
3521 451
3521 452
3511 452
3511 453
3507 453
3507 454
3506 454
3506 455
3505 455
3505 456
3506 456
3506 461
3507 461
3507 465
3506 465
3506 467
3504 467
3504 468
3503 468
3503 469
3501 469
3501 470
3498 470
3498 471
3494 471
3494 472
3493 472
3493 473
3492 473
3492 481
3493 481
3493 484
3494 484
3494 490
3493 490
3493 496
3492 496
3492 499
3491 499
3491 506
3490 506
3490 510
3487 510
3487 511
3484 511
3484 512
3482 512
3482 513
3479 513
3479 514
3477 514
3477 515
3466 515
3466 514
3465 514
3465 513
3464 513
3464 512
3462 512
3462 511
3461 511
3461 507
3458 507
3458 508
3456 508
3456 509
3452 509
3452 508
3443 508
3443 507
3441 507
3441 506
3432 506
3432 507
3424 507
3424 506
3422 506
3422 507
3418 507
3418 506
3416 506
3416 505
3406 505
3406 506
3402 506
3402 507
3397 507
3397 506
3396 506
3396 507
3390 507
3390 508
3385 508
3385 509
3384 509
3384 510
3383 510
3383 511
3382 511
3382 512
3380 512
3380 513
3379 513
3379 514
3378 514
3378 515
3377 515
3377 516
3375 516
3375 517
3374 517
3374 518
3373 518
3373 519
3372 519
3372 521
3371 521
3371 522
3370 522
3370 523
3363 523
3363 524
3361 524
3361 525
3360 525
3360 539
3359 539
3359 541
3360 541
3360 564
3359 564
3359 566
3360 566
3360 596
3359 596
3359 605
3358 605
3358 606
3357 606
3357 607
3356 607
3356 609
3355 609
3355 611
3354 611
3354 613
3353 613
3353 615
3352 615
3352 616
3351 616
3351 618
3350 618
3350 622
3349 622
3349 628
3350 628
3350 635
3349 635
3349 639
3348 639
3348 641
3346 641
3346 642
3341 642
3341 643
3337 643
3337 644
3332 644
3332 645
3331 645
3331 646
3327 646
3327 647
3326 647
3326 648
3325 648
3325 649
3320 649
3320 650
3317 650
3317 651
3315 651
3315 652
3314 652
3314 653
3310 653
3310 654
3308 654
3308 655
3307 655
3307 656
3305 656
3305 657
3304 657
3304 658
3302 658
3302 659
3299 659
3299 660
3295 660
3295 659
3287 659
3287 658
3282 658
3282 659
3278 659
3278 658
3264 658
3264 657
3246 657
3246 658
3243 658
3243 657
3241 657
3241 656
3239 656
3239 655
3238 655
3238 654
3237 654
3237 652
3236 652
3236 651
3235 651
3235 650
3234 650
3234 648
3233 648
3233 646
3232 646
3232 645
3230 645
3230 644
3228 644
3228 645
3222 645
3222 646
3221 646
3221 647
3219 647
3219 648
3217 648
3217 649
3210 649
3210 650
3209 650
3209 651
3208 651
3208 653
3209 653
3209 683
3208 683
3208 692
3207 692
3207 693
3206 693
3206 695
3204 695
3204 696
3203 696
3203 697
3202 697
3202 698
3201 698
3201 699
3200 699
3200 700
3199 700
3199 701
3198 701
3198 702
3197 702
3197 705
3196 705
3196 714
3195 714
3195 719
3192 719
3192 720
3191 720
3191 721
3189 721
3189 722
3188 722
3188 723
3186 723
3186 724
3185 724
3185 728
3184 728
3184 739
3183 739
3183 741
3182 741
3182 743
3180 743
3180 744
3178 744
3178 745
3177 745
3177 746
3175 746
3175 747
3174 747
3174 748
3173 748
3173 749
3172 749
3172 751
3171 751
3171 752
3170 752
3170 754
3169 754
3169 755
3168 755
3168 756
3167 756
3167 757
3165 757
3165 758
3161 758
3161 759
3160 759
3160 760
3145 760
3145 761
3143 761
3143 760
3142 760
3142 756
3141 756
3141 755
3140 755
3140 754
3137 754
3137 753
3134 753
3134 754
3131 754
3131 755
3130 755
3130 756
3128 756
3128 757
3127 757
3127 758
3126 758
3126 759
3125 759
3125 760
3123 760
3123 761
3121 761
3121 762
3119 762
3119 763
3117 763
3117 764
3090 764
3090 763
3088 763
3088 762
3087 762
3087 761
3086 761
3086 760
3082 760
3082 761
3081 761
3081 762
3078 762
3078 763
3074 763
3074 764
3069 764
3069 765
3065 765
3065 766
3062 766
3062 767
3056 767
3056 768
3054 768
3054 769
3052 769
3052 770
3045 770
3045 771
3043 771
3043 772
3042 772
3042 773
3041 773
3041 774
3038 774
3038 775
3033 775
3033 774
3029 774
3029 775
3024 775
3024 776
3010 776
3010 777
3008 777
3008 778
3007 778
3007 779
2996 779
2996 780
2995 780
2995 779
2990 779
2990 778
2984 778
2984 777
2978 777
2978 778
2969 778
2969 777
2967 777
2967 776
2955 776
2955 775
2953 775
2953 773
2952 773
2952 769
2951 769
2951 758
2950 758
2950 754
2949 754
2949 753
2945 753
2945 752
2943 752
2943 751
2941 751
2941 750
2940 750
2940 748
2939 748
2939 747
2938 747
2938 746
2937 746
2937 745
2931 745
2931 744
2930 744
2930 743
2929 743
2929 742
2927 742
2927 741
2922 741
2922 742
2921 742
2921 743
2920 743
2920 744
2921 744
2921 749
2920 749
2920 768
2919 768
2919 772
2918 772
2918 774
2917 774
2917 776
2916 776
2916 777
2915 777
2915 778
2914 778
2914 779
2912 779
2912 780
2909 780
2909 781
2907 781
2907 782
2906 782
2906 784
2905 784
2905 786
2904 786
2904 788
2903 788
2903 790
2902 790
2902 791
2901 791
2901 792
2900 792
2900 793
2899 793
2899 794
2898 794
2898 795
2897 795
2897 796
2896 796
2896 797
2895 797
2895 798
2894 798
2894 810
2893 810
2893 843
2892 843
2892 862
2891 862
2891 870
2890 870
2890 874
2889 874
2889 877
2888 877
2888 878
2887 878
2887 879
2885 879
2885 880
2884 880
2884 881
2883 881
2883 883
2882 883
2882 884
2881 884
2881 896
2880 896
2880 897
2879 897
2879 901
2878 901
2878 904
2877 904
2877 905
2876 905
2876 906
2875 906
2875 908
2874 908
2874 909
2873 909
2873 910
2872 910
2872 911
2870 911
2870 912
2869 912
2869 913
2868 913
2868 914
2867 914
2867 917
2866 917
2866 918
2861 918
2861 919
2855 919
2855 920
2852 920
2852 921
2851 921
2851 922
2830 922
2830 923
2829 923
2829 922
2826 922
2826 921
2825 921
2825 920
2824 920
2824 919
2823 919
2823 918
2818 918
2818 917
2814 917
2814 916
2812 916
2812 915
2808 915
2808 916
2803 916
2803 915
2797 915
2797 914
2781 914
2781 913
2775 913
2775 914
2774 914
2774 913
2766 913
2766 912
2765 912
2765 911
2764 911
2764 910
2762 910
2762 909
2760 909
2760 908
2756 908
2756 907
2754 907
2754 906
2753 906
2753 904
2752 904
2752 901
2751 901
2751 898
2750 898
2750 896
2749 896
2749 895
2748 895
2748 894
2747 894
2747 893
2746 893
2746 892
2744 892
2744 891
2743 891
2743 890
2742 890
2742 889
2741 889
2741 888
2740 888
2740 884
2739 884
2739 846
2738 846
2738 839
2737 839
2737 838
2736 838
2736 834
2735 834
2735 832
2734 832
2734 831
2733 831
2733 830
2731 830
2731 829
2728 829
2728 828
2727 828
2727 827
2726 827
2726 826
2725 826
2725 823
2724 823
2724 818
2723 818
2723 814
2722 814
2722 813
2721 813
2721 812
2717 812
2717 813
2716 813
2716 818
2715 818
2715 823
2716 823
2716 840
2717 840
2717 846
2716 846
2716 848
2714 848
2714 849
2713 849
2713 850
2712 850
2712 851
2710 851
2710 853
2708 853
2708 854
2706 854
2706 855
2705 855
2705 856
2699 856
2699 857
2695 857
2695 858
2694 858
2694 859
2693 859
2693 860
2692 860
2692 861
2691 861
2691 862
2690 862
2690 863
2689 863
2689 871
2688 871
2688 875
2687 875
2687 877
2686 877
2686 878
2683 878
2683 879
2680 879
2680 880
2679 880
2679 881
2676 881
2676 887
2675 887
2675 888
2674 888
2674 889
2673 889
2673 890
2671 890
2671 891
2670 891
2670 892
2669 892
2669 893
2667 893
2667 894
2666 894
2666 895
2664 895
2664 896
2661 896
2661 897
2651 897
2651 898
2635 898
2635 899
2630 899
2630 898
2629 898
2629 896
2628 896
2628 894
2627 894
2627 890
2626 890
2626 889
2625 889
2625 888
2624 888
2624 887
2622 887
2622 888
2621 888
2621 891
2620 891
2620 892
2618 892
2618 893
2616 893
2616 894
2613 894
2613 895
2611 895
2611 894
2608 894
2608 893
2606 893
2606 892
2605 892
2605 891
2604 891
2604 887
2603 887
2603 884
2602 884
2602 883
2595 883
2595 884
2592 884
2592 885
2590 885
2590 886
2584 886
2584 887
2583 887
2583 890
2582 890
2582 893
2581 893
2581 897
2580 897
2580 900
2579 900
2579 902
2567 902
2567 903
2560 903
2560 902
2557 902
2557 901
2556 901
2556 899
2555 899
2555 898
2554 898
2554 897
2553 897
2553 896
2552 896
2552 895
2549 895
2549 896
2547 896
2547 897
2546 897
2546 898
2542 898
2542 899
2541 899
2541 901
2540 901
2540 903
2538 903
2538 904
2536 904
2536 905
2533 905
2533 906
2521 906
2521 907
2520 907
2520 908
2519 908
2519 912
2520 912
2520 915
2521 915
2521 936
2514 936
2514 937
2512 937
2512 938
2511 938
2511 939
2510 939
2510 940
2509 940
2509 941
2508 941
2508 942
2506 942
2506 943
2505 943
2505 944
2497 944
2497 943
2494 943
2494 942
2489 942
2489 941
2487 941
2487 940
2485 940
2485 939
2484 939
2484 937
2483 937
2483 935
2482 935
2482 931
2483 931
2483 930
2482 930
2482 926
2481 926
2481 925
2480 925
2480 924
2475 924
2475 923
2470 923
2470 922
2466 922
2466 921
2463 921
2463 920
2462 920
2462 919
2461 919
2461 918
2460 918
2460 916
2459 916
2459 914
2458 914
2458 912
2457 912
2457 911
2456 911
2456 910
2454 910
2454 909
2451 909
2451 908
2450 908
2450 907
2449 907
2449 906
2448 906
2448 905
2444 905
2444 908
2443 908
2443 910
2441 910
2441 911
2439 911
2439 912
2434 912
2434 913
2429 913
2429 914
2427 914
2427 915
2426 915
2426 916
2419 916
2419 915
2418 915
2418 916
2415 916
2415 917
2410 917
2410 918
2393 918
2393 917
2390 917
2390 916
2389 916
2389 915
2388 915
2388 914
2387 914
2387 913
2386 913
2386 907
2385 907
2385 904
2384 904
2384 903
2383 903
2383 902
2382 902
2382 901
2378 901
2378 900
2366 900
2366 901
2356 901
2356 902
2355 902
2355 909
2356 909
2356 911
2357 911
2357 913
2358 913
2358 918
2357 918
2357 919
2356 919
2356 920
2351 920
2351 921
2342 921
2342 922
2341 922
2341 923
2340 923
2340 925
2339 925
2339 941
2338 941
2338 943
2337 943
2337 944
2336 944
2336 945
2334 945
2334 946
2333 946
2333 947
2330 947
2330 948
2329 948
2329 949
2327 949
2327 950
2326 950
2326 951
2325 951
2325 952
2324 952
2324 954
2323 954
2323 955
2322 955
2322 957
2310 957
2310 958
2308 958
2308 959
2306 959
2306 960
2299 960
2299 961
2286 961
2286 962
2274 962
2274 961
2273 961
2273 960
2259 960
2259 959
2250 959
2250 960
2246 960
2246 959
2245 959
2245 958
2241 958
2241 957
2237 957
2237 956
2233 956
2233 955
2232 955
2232 954
2231 954
2231 953
2227 953
2227 952
2226 952
2226 951
2225 951
2225 949
2224 949
2224 948
2220 948
2220 947
2218 947
2218 946
2217 946
2217 945
2216 945
2216 943
2215 943
2215 942
2214 942
2214 941
2213 941
2213 940
2212 940
2212 937
2211 937
2211 936
2210 936
2210 927
2209 927
2209 922
2208 922
2208 918
2207 918
2207 917
2206 917
2206 916
2205 916
2205 915
2204 915
2204 914
2203 914
2203 913
2202 913
2202 912
2200 912
2200 911
2199 911
2199 910
2198 910
2198 909
2195 909
2195 908
2193 908
2193 907
2191 907
2191 906
2190 906
2190 905
2189 905
2189 903
2188 903
2188 901
2187 901
2187 894
2186 894
2186 881
2185 881
2185 877
2186 877
2186 872
2185 872
2185 866
2184 866
2184 850
2183 850
2183 848
2182 848
2182 847
2180 847
2180 846
2178 846
2178 845
2174 845
2174 844
2169 844
2169 845
2166 845
2166 844
2162 844
2162 845
2160 845
2160 844
2153 844
2153 845
2146 845
2146 846
2137 846
2137 847
2135 847
2135 846
2123 846
2123 847
2118 847
2118 848
2115 848
2115 849
2110 849
2110 850
2107 850
2107 851
2104 851
2104 852
2101 852
2101 853
2098 853
2098 854
2097 854
2097 853
2092 853
2092 852
2091 852
2091 851
2084 851
2084 852
2081 852
2081 853
2078 853
2078 852
2073 852
2073 853
2069 853
2069 854
2067 854
2067 855
2064 855
2064 856
2062 856
2062 857
2058 857
2058 858
2041 858
2041 859
2037 859
2037 860
2034 860
2034 861
2032 861
2032 862
2024 862
2024 861
2020 861
2020 860
2008 860
2008 859
1988 859
1988 860
1987 860
1987 859
1981 859
1981 860
1980 860
1980 861
1979 861
1979 864
1978 864
1978 865
1977 865
1977 866
1976 866
1976 867
1969 867
1969 868
1967 868
1967 869
1966 869
1966 870
1964 870
1964 869
1963 869
1963 866
1961 866
1961 865
1960 865
1960 864
1959 864
1959 861
1958 861
1958 850
1957 850
1957 849
1956 849
1956 846
1955 846
1955 845
1954 845
1954 844
1953 844
1953 843
1952 843
1952 842
1951 842
1951 841
1948 841
1948 840
1945 840
1945 839
1938 839
1938 838
1936 838
1936 837
1935 837
1935 836
1934 836
1934 835
1933 835
1933 834
1932 834
1932 828
1931 828
1931 823
1930 823
1930 822
1928 822
1928 821
1924 821
1924 820
1918 820
1918 819
1915 819
1915 818
1913 818
1913 817
1911 817
1911 816
1910 816
1910 815
1908 815
1908 814
1907 814
1907 810
1906 810
1906 805
1905 805
1905 803
1904 803
1904 802
1901 802
1901 801
1900 801
1900 800
1899 800
1899 799
1898 799
1898 797
1897 797
1897 796
1896 796
1896 780
1895 780
1895 779
1894 779
1894 778
1893 778
1893 777
1891 777
1891 776
1887 776
1887 775
1885 775
1885 774
1881 774
1881 773
1870 773
1870 771
1869 771
1869 769
1868 769
1868 766
1867 766
1867 764
1866 764
1866 762
1865 762
1865 755
1864 755
1864 753
1863 753
1863 752
1862 752
1862 750
1857 750
1857 751
1855 751
1855 752
1850 752
1850 753
1847 753
1847 757
1846 757
1846 763
1845 763
1845 768
1844 768
1844 773
1843 773
1843 779
1842 779
1842 781
1841 781
1841 783
1840 783
1840 784
1839 784
1839 786
1838 786
1838 787
1837 787
1837 788
1834 788
1834 789
1833 789
1833 790
1832 790
1832 791
1831 791
1831 792
1829 792
1829 793
1828 793
1828 794
1827 794
1827 795
1826 795
1826 797
1825 797
1825 799
1824 799
1824 801
1823 801
1823 802
1822 802
1822 803
1821 803
1821 805
1820 805
1820 807
1819 807
1819 808
1818 808
1818 809
1817 809
1817 810
1816 810
1816 811
1814 811
1814 812
1813 812
1813 815
1812 815
1812 816
1811 816
1811 818
1809 818
1809 819
1808 819
1808 820
1806 820
1806 821
1804 821
1804 822
1796 822
1796 821
1786 821
1786 820
1778 820
1778 819
1777 819
1777 818
1774 818
1774 817
1759 817
1759 816
1749 816
1749 815
1745 815
1745 814
1741 814
1741 813
1739 813
1739 812
1737 812
1737 811
1736 811
1736 810
1735 810
1735 809
1733 809
1733 808
1732 808
1732 807
1728 807
1728 806
1726 806
1726 805
1724 805
1724 804
1722 804
1722 803
1719 803
1719 802
1718 802
1718 801
1717 801
1717 800
1715 800
1715 799
1714 799
1714 796
1713 796
1713 794
1712 794
1712 793
1711 793
1711 792
1710 792
1710 791
1709 791
1709 789
1708 789
1708 788
1707 788
1707 787
1704 787
1704 786
1702 786
1702 785
1701 785
1701 784
1699 784
1699 783
1698 783
1698 782
1696 782
1696 781
1691 781
1691 780
1683 780
1683 779
1681 779
1681 778
1679 778
1679 777
1678 777
1678 776
1677 776
1677 775
1676 775
1676 774
1675 774
1675 773
1674 773
1674 772
1672 772
1672 771
1670 771
1670 770
1667 770
1667 769
1666 769
1666 768
1664 768
1664 767
1663 767
1663 766
1662 766
1662 764
1661 764
1661 763
1660 763
1660 758
1659 758
1659 755
1658 755
1658 754
1657 754
1657 753
1655 753
1655 752
1654 752
1654 751
1653 751
1653 750
1651 750
1651 749
1650 749
1650 747
1649 747
1649 745
1648 745
1648 688
1649 688
1649 687
1648 687
1648 675
1647 675
1647 674
1646 674
1646 673
1644 673
1644 674
1643 674
1643 675
1641 675
1641 676
1640 676
1640 677
1638 677
1638 678
1637 678
1637 679
1634 679
1634 680
1633 680
1633 681
1631 681
1631 682
1628 682
1628 683
1627 683
1627 684
1626 684
1626 685
1625 685
1625 687
1624 687
1624 688
1623 688
1623 689
1620 689
1620 690
1619 690
1619 691
1618 691
1618 692
1617 692
1617 693
1615 693
1615 694
1609 694
1609 700
1608 700
1608 702
1605 702
1605 703
1604 703
1604 704
1603 704
1603 705
1601 705
1601 706
1600 706
1600 707
1599 707
1599 708
1597 708
1597 709
1596 709
1596 710
1595 710
1595 711
1594 711
1594 712
1593 712
1593 713
1592 713
1592 714
1591 714
1591 715
1589 715
1589 716
1588 716
1588 717
1585 717
1585 718
1584 718
1584 719
1583 719
1583 720
1579 720
1579 721
1568 721
1568 720
1566 720
1566 719
1565 719
1565 718
1563 718
1563 717
1562 717
1562 715
1561 715
1561 714
1560 714
1560 713
1559 713
1559 712
1555 712
1555 711
1546 711
1546 712
1544 712
1544 713
1541 713
1541 714
1539 714
1539 715
1538 715
1538 716
1537 716
1537 717
1532 717
1532 718
1527 718
1527 719
1525 719
1525 720
1523 720
1523 721
1519 721
1519 722
1515 722
1515 723
1513 723
1513 724
1509 724
1509 725
1504 725
1504 726
1502 726
1502 727
1497 727
1497 728
1491 728
1491 727
1481 727
1481 726
1477 726
1477 725
1476 725
1476 724
1475 724
1475 723
1473 723
1473 722
1470 722
1470 721
1468 721
1468 720
1466 720
1466 719
1465 719
1465 718
1464 718
1464 717
1463 717
1463 716
1462 716
1462 715
1461 715
1461 709
1460 709
1460 708
1458 708
1458 707
1456 707
1456 706
1455 706
1455 705
1453 705
1453 704
1450 704
1450 703
1449 703
1449 702
1448 702
1448 701
1445 701
1445 700
1443 700
1443 699
1441 699
1441 698
1439 698
1439 697
1438 697
1438 696
1437 696
1437 695
1429 695
1429 694
1419 694
1419 693
1416 693
1416 692
1415 692
1415 691
1412 691
1412 690
1400 690
1400 689
1395 689
1395 688
1393 688
1393 687
1392 687
1392 686
1391 686
1391 685
1390 685
1390 683
1389 683
1389 675
1388 675
1388 671
1387 671
1387 670
1386 670
1386 669
1383 669
1383 668
1381 668
1381 667
1380 667
1380 666
1379 666
1379 665
1378 665
1378 664
1375 664
1375 663
1373 663
1373 662
1370 662
1370 661
1369 661
1369 660
1368 660
1368 659
1367 659
1367 657
1366 657
1366 652
1365 652
1365 619
1364 619
1364 608
1363 608
1363 607
1362 607
1362 606
1351 606
1351 605
1350 605
1350 604
1344 604
1344 603
1343 603
1343 602
1342 602
1342 601
1340 601
1340 600
1335 600
1335 599
1334 599
1334 600
1331 600
1331 599
1330 599
1330 598
1328 598
1328 597
1327 597
1327 596
1326 596
1326 595
1318 595
1318 594
1310 594
1310 595
1309 595
1309 594
1303 594
1303 593
1299 593
1299 592
1298 592
1298 590
1297 590
1297 589
1296 589
1296 588
1294 588
1294 586
1290 586
1290 585
1286 585
1286 584
1285 584
1285 583
1279 583
1279 584
1274 584
1274 585
1272 585
1272 586
1269 586
1269 587
1266 587
1266 588
1258 588
1258 587
1255 587
1255 586
1252 586
1252 585
1250 585
1250 584
1247 584
1247 583
1243 583
1243 582
1241 582
1241 581
1238 581
1238 580
1232 580
1232 579
1231 579
1231 578
1228 578
1228 577
1225 577
1225 576
1223 576
1223 575
1219 575
1219 574
1217 574
1217 573
1216 573
1216 572
1215 572
1215 571
1214 571
1214 567
1213 567
1213 563
1212 563
1212 561
1211 561
1211 539
1212 539
1212 532
1211 532
1211 528
1212 528
1212 523
1211 523
1211 521
1212 521
1212 487
1211 487
1211 484
1210 484
1210 483
1209 483
1209 481
1208 481
1208 480
1207 480
1207 473
1206 473
1206 459
1205 459
1205 457
1204 457
1204 456
1203 456
1203 455
1199 455
1199 456
1197 456
1197 457
1196 457
1196 458
1195 458
1195 460
1194 460
1194 461
1193 461
1193 462
1192 462
1192 463
1191 463
1191 464
1190 464
1190 466
1188 466
1188 467
1184 467
1184 471
1183 471
1183 474
1182 474
1182 476
1181 476
1181 477
1179 477
1179 478
1178 478
1178 480
1177 480
1177 481
1169 481
1169 482
1168 482
1168 483
1167 483
1167 484
1166 484
1166 485
1164 485
1164 486
1157 486
1157 487
1154 487
1154 488
1152 488
1152 489
1147 489
1147 490
1146 490
1146 494
1147 494
1147 504
1146 504
1146 507
1145 507
1145 512
1142 512
1142 513
1138 513
1138 514
1136 514
1136 515
1135 515
1135 516
1134 516
1134 520
1133 520
1133 521
1131 521
1131 522
1129 522
1129 523
1118 523
1118 524
1116 524
1116 525
1109 525
1109 524
1104 524
1104 523
1103 523
1103 522
1102 522
1102 521
1101 521
1101 519
1100 519
1100 517
1099 517
1099 514
1098 514
1098 513
1097 513
1097 512
1092 512
1092 511
1091 511
1091 510
1090 510
1090 509
1089 509
1089 508
1088 508
1088 507
1086 507
1086 506
1081 506
1081 505
1080 505
1080 504
1079 504
1079 503
1078 503
1078 502
1077 502
1077 500
1076 500
1076 498
1075 498
1075 488
1074 488
1074 487
1075 487
1075 480
1074 480
1074 474
1075 474
1075 473
1074 473
1074 469
1075 469
1075 468
1074 468
1074 458
1073 458
1073 457
1072 457
1072 456
1071 456
1071 455
1070 455
1070 454
1069 454
1069 453
1068 453
1068 452
1067 452
1067 451
1066 451
1066 449
1065 449
1065 447
1064 447
1064 434
1063 434
1063 428
1064 428
1064 424
1063 424
1063 423
1062 423
1062 422
1060 422
1060 421
1057 421
1057 420
1056 420
1056 419
1055 419
1055 418
1054 418
1054 417
1052 417
1052 416
1050 416
1050 417
1036 417
1036 416
1034 416
1034 417
1032 417
1032 418
1026 418
1026 419
1015 419
1015 418
1011 418
1011 417
1010 417
1010 416
1008 416
1008 415
1007 415
1007 413
1006 413
1006 412
1001 412
1001 411
999 411
999 410
998 410
998 409
997 409
997 408
996 408
996 406
995 406
995 405
994 405
994 404
993 404
993 401
992 401
992 400
987 400
987 399
986 399
986 398
985 398
985 397
984 397
984 396
983 396
983 393
982 393
982 391
981 391
981 367
980 367
980 362
981 362
981 358
980 358
980 353
979 353
979 352
978 352
978 351
977 351
977 350
976 350
976 349
975 349
975 348
974 348
974 347
973 347
973 345
972 345
972 343
971 343
971 339
970 339
970 319
968 319
968 318
963 318
963 319
962 319
962 320
959 320
959 321
955 321
955 322
947 322
947 323
944 323
944 324
932 324
932 325
925 325
925 324
920 324
920 323
919 323
919 322
918 322
918 321
917 321
917 320
916 320
916 319
915 319
915 318
914 318
914 316
913 316
913 311
912 311
912 309
911 309
911 308
910 308
910 307
909 307
909 306
908 306
908 305
907 305
907 304
906 304
906 303
905 303
905 302
904 302
904 301
903 301
903 299
902 299
902 297
901 297
901 294
900 294
900 293
899 293
899 292
898 292
898 291
896 291
896 290
895 290
895 289
894 289
894 288
893 288
893 286
892 286
892 285
891 285
891 283
890 283
890 271
889 271
889 269
890 269
890 261
889 261
889 259
888 259
888 258
886 258
886 257
885 257
885 256
883 256
883 255
882 255
882 254
881 254
881 252
880 252
880 250
879 250
879 249
878 249
878 244
877 244
877 241
876 241
876 240
874 240
874 239
873 239
873 238
872 238
872 237
871 237
871 236
870 236
870 235
869 235
869 234
868 234
868 233
866 233
866 232
865 232
865 231
864 231
864 229
863 229
863 228
862 228
862 227
861 227
861 226
860 226
860 225
859 225
859 224
858 224
858 223
857 223
857 219
856 219
856 209
855 209
855 208
854 208
854 207
852 207
852 206
851 206
851 205
849 205
849 204
848 204
848 202
847 202
847 201
846 201
846 200
845 200
845 199
833 199
833 200
831 200
831 201
825 201
825 202
823 202
823 203
822 203
822 204
821 204
821 205
814 205
814 206
812 206
812 205
800 205
800 204
797 204
797 205
791 205
791 206
784 206
784 205
781 205
781 206
777 206
777 205
776 205
776 204
775 204
775 202
774 202
774 196
773 196
773 195
772 195
772 191
771 191
771 189
770 189
770 188
768 188
768 187
767 187
767 186
766 186
766 185
765 185
765 184
764 184
764 183
763 183
763 182
762 182
762 181
761 181
761 180
760 180
760 178
759 178
759 175
758 175
758 178
759 178
759 180
760 180
760 181
761 181
761 182
762 182
762 183
763 183
763 184
764 184
764 185
765 185
765 186
766 186
766 187
767 187
767 188
768 188
768 189
770 189
770 191
771 191
771 195
772 195
772 196
773 196
773 202
774 202
774 204
775 204
775 205
776 205
776 206
777 206
777 207
781 207
781 206
784 206
784 207
791 207
791 206
797 206
797 205
800 205
800 206
812 206
812 207
814 207
814 206
821 206
821 205
822 205
822 204
823 204
823 203
825 203
825 202
831 202
831 201
833 201
833 200
845 200
845 201
846 201
846 202
847 202
847 204
848 204
848 205
849 205
849 206
851 206
851 207
852 207
852 208
854 208
854 209
855 209
855 221
856 221
856 223
857 223
857 224
858 224
858 225
859 225
859 226
860 226
860 227
861 227
861 228
862 228
862 229
863 229
863 231
864 231
864 232
865 232
865 233
866 233
866 234
868 234
868 235
869 235
869 236
870 236
870 237
871 237
871 238
872 238
872 239
873 239
873 240
874 240
874 241
876 241
876 244
877 244
877 249
878 249
878 250
879 250
879 252
880 252
880 254
881 254
881 255
882 255
882 256
883 256
883 257
885 257
885 258
886 258
886 259
888 259
888 261
889 261
889 269
888 269
888 271
889 271
889 283
890 283
890 285
891 285
891 286
892 286
892 288
893 288
893 289
894 289
894 290
895 290
895 291
896 291
896 292
898 292
898 293
899 293
899 294
900 294
900 297
901 297
901 299
902 299
902 301
903 301
903 302
904 302
904 303
905 303
905 304
906 304
906 305
907 305
907 306
908 306
908 307
909 307
909 308
910 308
910 309
911 309
911 311
912 311
912 316
913 316
913 318
914 318
914 319
915 319
915 320
916 320
916 321
917 321
917 322
918 322
918 323
919 323
919 324
920 324
920 325
925 325
925 326
932 326
932 325
944 325
944 324
947 324
947 323
955 323
955 322
959 322
959 321
962 321
962 320
963 320
963 319
968 319
968 320
969 320
969 339
970 339
970 343
971 343
971 345
972 345
972 347
973 347
973 348
974 348
974 349
975 349
975 350
976 350
976 351
977 351
977 352
978 352
978 353
979 353
979 358
980 358
980 362
979 362
979 367
980 367
980 391
981 391
981 393
982 393
982 396
983 396
983 397
984 397
984 398
985 398
985 399
986 399
986 400
987 400
987 401
992 401
992 404
993 404
993 405
994 405
994 406
995 406
995 408
996 408
996 409
997 409
997 410
998 410
998 411
999 411
999 412
1001 412
1001 413
1006 413
1006 416
1008 416
1008 417
1010 417
1010 418
1011 418
1011 419
1015 419
1015 420
1026 420
1026 419
1032 419
1032 418
1034 418
1034 417
1036 417
1036 418
1050 418
1050 417
1052 417
1052 418
1054 418
1054 419
1055 419
1055 420
1056 420
1056 421
1057 421
1057 422
1060 422
1060 423
1062 423
1062 424
1063 424
1063 428
1062 428
1062 434
1063 434
1063 447
1064 447
1064 449
1065 449
1065 451
1066 451
1066 452
1067 452
1067 453
1068 453
1068 454
1069 454
1069 455
1070 455
1070 456
1071 456
1071 457
1072 457
1072 458
1073 458
1073 468
1074 468
1074 469
1073 469
1073 473
1074 473
1074 474
1073 474
1073 480
1074 480
1074 487
1073 487
1073 488
1074 488
1074 498
1075 498
1075 500
1076 500
1076 502
1077 502
1077 503
1078 503
1078 504
1079 504
1079 505
1080 505
1080 506
1081 506
1081 507
1086 507
1086 508
1088 508
1088 509
1089 509
1089 510
1090 510
1090 511
1091 511
1091 512
1092 512
1092 513
1097 513
1097 514
1098 514
1098 517
1099 517
1099 519
1100 519
1100 521
1101 521
1101 522
1102 522
1102 523
1103 523
1103 524
1104 524
1104 525
1109 525
1109 526
1116 526
1116 525
1118 525
1118 524
1129 524
1129 523
1131 523
1131 522
1133 522
1133 521
1134 521
1134 520
1135 520
1135 516
1136 516
1136 515
1138 515
1138 514
1142 514
1142 513
1145 513
1145 512
1146 512
1146 507
1147 507
1147 504
1148 504
1148 494
1147 494
1147 490
1152 490
1152 489
1154 489
1154 488
1157 488
1157 487
1164 487
1164 486
1166 486
1166 485
1167 485
1167 484
1168 484
1168 483
1169 483
1169 482
1177 482
1177 481
1178 481
1178 480
1179 480
1179 478
1181 478
1181 477
1182 477
1182 476
1183 476
1183 474
1184 474
1184 471
1185 471
1185 468
1188 468
1188 467
1190 467
1190 466
1191 466
1191 464
1192 464
1192 463
1193 463
1193 462
1194 462
1194 461
1195 461
1195 460
1196 460
1196 458
1197 458
1197 457
1199 457
1199 456
1203 456
1203 457
1204 457
1204 459
1205 459
1205 473
1206 473
1206 480
1207 480
1207 481
1208 481
1208 483
1209 483
1209 484
1210 484
1210 487
1211 487
1211 521
1210 521
1210 523
1211 523
1211 528
1210 528
1210 532
1211 532
1211 539
1210 539
1210 561
1211 561
1211 563
1212 563
1212 567
1213 567
1213 571
1214 571
1214 572
1215 572
1215 573
1216 573
1216 574
1217 574
1217 575
1219 575
1219 576
1223 576
1223 577
1225 577
1225 578
1228 578
1228 579
1231 579
1231 580
1232 580
1232 581
1238 581
1238 582
1241 582
1241 583
1243 583
1243 584
1247 584
1247 585
1250 585
1250 586
1252 586
1252 587
1255 587
1255 588
1258 588
1258 589
1266 589
1266 588
1269 588
1269 587
1272 587
1272 586
1274 586
1274 585
1279 585
1279 584
1285 584
1285 585
1286 585
1286 586
1290 586
1290 587
1293 587
1293 588
1294 588
1294 589
1296 589
1296 590
1297 590
1297 592
1298 592
1298 593
1299 593
1299 594
1303 594
1303 595
1309 595
1309 596
1310 596
1310 595
1318 595
1318 597
1319 597
1319 596
1326 596
1326 597
1327 597
1327 598
1328 598
1328 599
1330 599
1330 600
1331 600
1331 601
1334 601
1334 600
1335 600
1335 601
1340 601
1340 602
1342 602
1342 604
1344 604
1344 605
1350 605
1350 606
1351 606
1351 607
1362 607
1362 608
1363 608
1363 619
1364 619
1364 652
1365 652
1365 657
1366 657
1366 659
1367 659
1367 660
1368 660
1368 661
1369 661
1369 662
1370 662
1370 663
1373 663
1373 664
1375 664
1375 665
1378 665
1378 666
1379 666
1379 667
1380 667
1380 668
1381 668
1381 669
1383 669
1383 670
1386 670
1386 671
1387 671
1387 675
1388 675
1388 683
1389 683
1389 685
1390 685
1390 686
1391 686
1391 687
1392 687
1392 688
1393 688
1393 689
1395 689
1395 690
1400 690
1400 691
1412 691
1412 692
1415 692
1415 693
1416 693
1416 694
1419 694
1419 695
1429 695
1429 696
1437 696
1437 697
1438 697
1438 698
1439 698
1439 699
1441 699
1441 700
1443 700
1443 701
1445 701
1445 702
1448 702
1448 703
1449 703
1449 704
1450 704
1450 705
1453 705
1453 706
1455 706
1455 707
1456 707
1456 708
1458 708
1458 709
1460 709
1460 715
1461 715
1461 716
1462 716
1462 717
1463 717
1463 718
1464 718
1464 719
1465 719
1465 720
1466 720
1466 721
1468 721
1468 722
1470 722
1470 723
1473 723
1473 724
1475 724
1475 725
1476 725
1476 726
1477 726
1477 727
1481 727
1481 728
1491 728
1491 729
1497 729
1497 728
1502 728
1502 727
1504 727
1504 726
1509 726
1509 725
1513 725
1513 724
1515 724
1515 723
1519 723
1519 722
1523 722
1523 721
1525 721
1525 720
1527 720
1527 719
1532 719
1532 718
1537 718
1537 717
1538 717
1538 716
1539 716
1539 715
1541 715
1541 714
1544 714
1544 713
1546 713
1546 712
1555 712
1555 713
1559 713
1559 714
1560 714
1560 715
1561 715
1561 717
1562 717
1562 718
1563 718
1563 719
1565 719
1565 720
1566 720
1566 721
1568 721
1568 722
1579 722
1579 721
1583 721
1583 720
1584 720
1584 719
1585 719
1585 718
1588 718
1588 717
1589 717
1589 716
1591 716
1591 715
1592 715
1592 714
1593 714
1593 713
1594 713
1594 712
1595 712
1595 711
1596 711
1596 710
1597 710
1597 709
1599 709
1599 708
1600 708
1600 707
1601 707
1601 706
1603 706
1603 705
1604 705
1604 704
1605 704
1605 703
1608 703
1608 702
1609 702
1609 700
1610 700
1610 695
1615 695
1615 694
1617 694
1617 693
1618 693
1618 692
1619 692
1619 691
1620 691
1620 690
1623 690
1623 689
1625 689
1625 687
1626 687
1626 685
1627 685
1627 684
1628 684
1628 683
1631 683
1631 682
1633 682
1633 681
1634 681
1634 680
1637 680
1637 679
1638 679
1638 678
1640 678
1640 677
1641 677
1641 676
1643 676
1643 675
1644 675
1644 674
1646 674
1646 675
1647 675
1647 687
1648 687
1648 688
1647 688
1647 745
1648 745
1648 747
1649 747
1649 749
1650 749
1650 750
1651 750
1651 751
1653 751
1653 752
1654 752
1654 753
1655 753
1655 754
1657 754
1657 755
1658 755
1658 758
1659 758
1659 763
1660 763
1660 764
1661 764
1661 766
1662 766
1662 767
1663 767
1663 768
1664 768
1664 769
1666 769
1666 770
1667 770
1667 771
1670 771
1670 772
1672 772
1672 773
1674 773
1674 774
1675 774
1675 775
1676 775
1676 776
1677 776
1677 777
1678 777
1678 778
1679 778
1679 779
1681 779
1681 780
1683 780
1683 781
1691 781
1691 782
1696 782
1696 783
1698 783
1698 784
1699 784
1699 785
1701 785
1701 786
1702 786
1702 787
1704 787
1704 788
1707 788
1707 789
1708 789
1708 791
1709 791
1709 792
1710 792
1710 793
1711 793
1711 794
1712 794
1712 796
1713 796
1713 799
1714 799
1714 800
1715 800
1715 801
1717 801
1717 802
1718 802
1718 803
1719 803
1719 804
1722 804
1722 805
1724 805
1724 806
1726 806
1726 807
1728 807
1728 808
1732 808
1732 809
1733 809
1733 810
1735 810
1735 811
1736 811
1736 812
1737 812
1737 813
1739 813
1739 814
1741 814
1741 815
1745 815
1745 816
1749 816
1749 817
1759 817
1759 818
1774 818
1774 819
1777 819
1777 821
1786 821
1786 822
1796 822
1796 823
1804 823
1804 822
1806 822
1806 821
1808 821
1808 820
1809 820
1809 819
1811 819
1811 818
1812 818
1812 816
1813 816
1813 815
1814 815
1814 812
1816 812
1816 811
1817 811
1817 810
1818 810
1818 809
1819 809
1819 808
1820 808
1820 807
1821 807
1821 805
1822 805
1822 803
1823 803
1823 802
1824 802
1824 801
1825 801
1825 799
1826 799
1826 797
1827 797
1827 795
1828 795
1828 794
1829 794
1829 793
1831 793
1831 792
1832 792
1832 791
1833 791
1833 790
1834 790
1834 789
1837 789
1837 788
1838 788
1838 787
1839 787
1839 786
1840 786
1840 784
1841 784
1841 783
1842 783
1842 781
1843 781
1843 779
1844 779
1844 773
1845 773
1845 768
1846 768
1846 763
1847 763
1847 757
1848 757
1848 754
1850 754
1850 753
1855 753
1855 752
1857 752
1857 751
1861 751
1861 752
1862 752
1862 753
1863 753
1863 755
1864 755
1864 762
1865 762
1865 764
1866 764
1866 766
1867 766
1867 769
1868 769
1868 771
1869 771
1869 773
1870 773
1870 774
1881 774
1881 775
1885 775
1885 776
1887 776
1887 777
1891 777
1891 778
1893 778
1893 779
1894 779
1894 780
1895 780
1895 796
1896 796
1896 797
1897 797
1897 799
1898 799
1898 800
1899 800
1899 801
1900 801
1900 802
1901 802
1901 803
1904 803
1904 805
1905 805
1905 810
1906 810
1906 814
1907 814
1907 815
1908 815
1908 816
1910 816
1910 817
1911 817
1911 818
1913 818
1913 819
1915 819
1915 820
1916 820
1916 821
1917 821
1917 822
1918 822
1918 821
1924 821
1924 822
1928 822
1928 823
1930 823
1930 828
1931 828
1931 834
1932 834
1932 835
1933 835
1933 836
1934 836
1934 837
1935 837
1935 838
1936 838
1936 839
1938 839
1938 840
1945 840
1945 841
1948 841
1948 842
1951 842
1951 843
1952 843
1952 844
1953 844
1953 845
1954 845
1954 846
1955 846
1955 849
1956 849
1956 850
1957 850
1957 861
1958 861
1958 864
1959 864
1959 865
1960 865
1960 866
1961 866
1961 867
1962 867
1962 869
1963 869
1963 870
1964 870
1964 871
1966 871
1966 870
1967 870
1967 869
1969 869
1969 868
1976 868
1976 867
1977 867
1977 866
1978 866
1978 865
1979 865
1979 864
1980 864
1980 861
1981 861
1981 860
1987 860
1987 861
1988 861
1988 860
2008 860
2008 861
2020 861
2020 862
2024 862
2024 863
2032 863
2032 862
2034 862
2034 861
2037 861
2037 860
2041 860
2041 859
2058 859
2058 858
2062 858
2062 857
2064 857
2064 856
2067 856
2067 855
2069 855
2069 854
2073 854
2073 853
2078 853
2078 854
2081 854
2081 853
2084 853
2084 852
2091 852
2091 853
2092 853
2092 854
2097 854
2097 855
2098 855
2098 854
2101 854
2101 853
2104 853
2104 852
2107 852
2107 851
2110 851
2110 850
2115 850
2115 849
2118 849
2118 848
2123 848
2123 847
2135 847
2135 848
2137 848
2137 847
2146 847
2146 846
2153 846
2153 845
2160 845
2160 846
2162 846
2162 845
2166 845
2166 846
2169 846
2169 845
2174 845
2174 846
2178 846
2178 847
2180 847
2180 848
2182 848
2182 850
2183 850
2183 866
2184 866
2184 872
2185 872
2185 877
2184 877
2184 881
2185 881
2185 894
2186 894
2186 901
2187 901
2187 903
2188 903
2188 905
2189 905
2189 906
2190 906
2190 907
2191 907
2191 908
2193 908
2193 909
2195 909
2195 910
2198 910
2198 911
2199 911
2199 912
2200 912
2200 913
2202 913
2202 914
2203 914
2203 915
2204 915
2204 916
2205 916
2205 917
2206 917
2206 918
2207 918
2207 922
2208 922
2208 927
2209 927
2209 936
2210 936
2210 937
2211 937
2211 940
2212 940
2212 941
2213 941
2213 942
2214 942
2214 943
2215 943
2215 945
2216 945
2216 946
2217 946
2217 947
2218 947
2218 948
2220 948
2220 949
2224 949
2224 952
2226 952
2226 953
2227 953
2227 954
2231 954
2231 955
2232 955
2232 957
2237 957
2237 958
2241 958
2241 959
2245 959
2245 960
2246 960
2246 961
2250 961
2250 960
2259 960
2259 961
2273 961
2273 962
2274 962
2274 963
2286 963
2286 962
2299 962
2299 961
2306 961
2306 960
2308 960
2308 959
2310 959
2310 958
2322 958
2322 957
2323 957
2323 955
2324 955
2324 954
2325 954
2325 952
2326 952
2326 951
2327 951
2327 950
2329 950
2329 949
2330 949
2330 948
2333 948
2333 947
2334 947
2334 946
2336 946
2336 945
2337 945
2337 944
2338 944
2338 943
2339 943
2339 941
2340 941
2340 925
2341 925
2341 923
2342 923
2342 922
2351 922
2351 921
2356 921
2356 920
2357 920
2357 919
2358 919
2358 918
2359 918
2359 913
2358 913
2358 911
2357 911
2357 909
2356 909
2356 902
2366 902
2366 901
2378 901
2378 902
2382 902
2382 903
2383 903
2383 904
2384 904
2384 907
2385 907
2385 913
2386 913
2386 914
2387 914
2387 915
2388 915
2388 916
2389 916
2389 917
2390 917
2390 918
2393 918
2393 919
2410 919
2410 918
2415 918
2415 917
2418 917
2418 916
2419 916
2419 917
2426 917
2426 916
2427 916
2427 915
2429 915
2429 914
2434 914
2434 913
2439 913
2439 912
2441 912
2441 911
2443 911
2443 910
2444 910
2444 908
2445 908
2445 906
2448 906
2448 907
2449 907
2449 908
2450 908
2450 909
2451 909
2451 910
2454 910
2454 911
2456 911
2456 912
2457 912
2457 914
2458 914
2458 916
2459 916
2459 918
2460 918
2460 919
2461 919
2461 920
2462 920
2462 921
2463 921
2463 922
2466 922
2466 923
2470 923
2470 924
2475 924
2475 925
2480 925
2480 926
2481 926
2481 930
2482 930
2482 931
2481 931
2481 935
2482 935
2482 937
2483 937
2483 939
2484 939
2484 940
2485 940
2485 941
2487 941
2487 942
2489 942
2489 943
2494 943
2494 944
2497 944
2497 945
2505 945
2505 944
2506 944
2506 943
2508 943
2508 942
2509 942
2509 941
2510 941
2510 940
2511 940
2511 939
2512 939
2512 938
2514 938
2514 937
2521 937
2521 936
2522 936
2522 915
2521 915
2521 912
2520 912
2520 908
2521 908
2521 907
2533 907
2533 906
2536 906
2536 905
2538 905
2538 904
2540 904
2540 903
2541 903
2541 901
2542 901
2542 899
2546 899
2546 898
2547 898
2547 897
2549 897
2549 896
2552 896
2552 897
2553 897
2553 898
2554 898
2554 899
2555 899
2555 901
2556 901
2556 902
2557 902
2557 903
2560 903
2560 904
2567 904
2567 903
2579 903
2579 902
2580 902
2580 900
2581 900
2581 897
2582 897
2582 893
2583 893
2583 890
2584 890
2584 887
2590 887
2590 886
2592 886
2592 885
2595 885
2595 884
2602 884
2602 887
2603 887
2603 891
2604 891
2604 892
2605 892
2605 893
2606 893
2606 894
2608 894
2608 895
2611 895
2611 896
2613 896
2613 895
2616 895
2616 894
2618 894
2618 893
2620 893
2620 892
2621 892
2621 891
2622 891
2622 888
2624 888
2624 889
2625 889
2625 890
2626 890
2626 894
2627 894
2627 896
2628 896
2628 898
2629 898
2629 900
2635 900
2635 899
2651 899
2651 898
2661 898
2661 897
2664 897
2664 896
2666 896
2666 895
2667 895
2667 894
2669 894
2669 893
2670 893
2670 892
2671 892
2671 891
2673 891
2673 890
2674 890
2674 889
2675 889
2675 888
2676 888
2676 887
2677 887
2677 882
2679 882
2679 881
2680 881
2680 880
2683 880
2683 879
2686 879
2686 878
2687 878
2687 877
2688 877
2688 875
2689 875
2689 871
2690 871
2690 863
2691 863
2691 862
2692 862
2692 861
2693 861
2693 860
2694 860
2694 859
2695 859
2695 858
2699 858
2699 857
2705 857
2705 856
2706 856
2706 855
2708 855
2708 854
2711 854
2711 852
2712 852
2712 851
2713 851
2713 850
2714 850
2714 849
2716 849
2716 848
2717 848
2717 846
2718 846
2718 840
2717 840
2717 823
2716 823
2716 818
2717 818
2717 813
2721 813
2721 814
2722 814
2722 818
2723 818
2723 823
2724 823
2724 826
2725 826
2725 827
2726 827
2726 828
2727 828
2727 829
2728 829
2728 830
2731 830
2731 831
2733 831
2733 832
2734 832
2734 834
2735 834
2735 838
2736 838
2736 839
2737 839
2737 846
2738 846
2738 884
2739 884
2739 888
2740 888
2740 889
2741 889
2741 890
2742 890
2742 891
2743 891
2743 892
2744 892
2744 893
2746 893
2746 894
2747 894
2747 895
2748 895
2748 896
2749 896
2749 898
2750 898
2750 901
2751 901
2751 904
2752 904
2752 906
2753 906
2753 907
2754 907
2754 908
2756 908
2756 909
2760 909
2760 910
2762 910
2762 911
2764 911
2764 912
2765 912
2765 913
2766 913
2766 914
2774 914
2774 915
2775 915
2775 914
2781 914
2781 915
2797 915
2797 916
2803 916
2803 917
2808 917
2808 916
2812 916
2812 917
2814 917
2814 918
2818 918
2818 919
2823 919
2823 920
2824 920
2824 921
2825 921
2825 922
2826 922
2826 923
2829 923
2829 924
2830 924
2830 923
2851 923
2851 922
2852 922
2852 921
2855 921
2855 920
2861 920
2861 919
2866 919
2866 918
2867 918
2867 917
2868 917
2868 914
2869 914
2869 913
2870 913
2870 912
2873 912
2873 910
2874 910
2874 909
2875 909
2875 908
2876 908
2876 906
2877 906
2877 905
2878 905
2878 904
2879 904
2879 901
2880 901
2880 897
2881 897
2881 896
2882 896
2882 884
2883 884
2883 883
2884 883
2884 881
2885 881
2885 880
2887 880
2887 879
2888 879
2888 878
2889 878
2889 877
2890 877
2890 874
2891 874
2891 870
2892 870
2892 862
2893 862
2893 843
2894 843
2894 810
2895 810
2895 798
2896 798
2896 797
2897 797
2897 796
2898 796
2898 795
2899 795
2899 794
2900 794
2900 793
2901 793
2901 792
2902 792
2902 791
2903 791
2903 790
2904 790
2904 788
2905 788
2905 786
2906 786
2906 784
2907 784
2907 782
2909 782
2909 781
2912 781
2912 780
2914 780
2914 779
2915 779
2915 778
2916 778
2916 777
2917 777
2917 776
2918 776
2918 774
2919 774
2919 772
2920 772
2920 768
2921 768
2921 749
2922 749
2922 744
2921 744
2921 743
2922 743
2922 742
2927 742
2927 743
2929 743
2929 744
2930 744
2930 745
2931 745
2931 746
2937 746
2937 747
2938 747
2938 748
2939 748
2939 750
2940 750
2940 751
2941 751
2941 752
2943 752
2943 753
2945 753
2945 754
2949 754
2949 758
2950 758
2950 769
2951 769
2951 773
2952 773
2952 775
2953 775
2953 776
2955 776
2955 777
2967 777
2967 778
2969 778
2969 779
2978 779
2978 778
2984 778
2984 779
2990 779
2990 780
2995 780
