883 643
884 643
884 650
885 650
885 651
886 651
886 652
888 652
888 653
889 653
889 654
895 654
895 655
896 655
896 656
897 656
897 658
898 658
898 659
899 659
899 660
907 660
907 661
908 661
908 663
909 663
909 664
910 664
910 665
911 665
911 666
913 666
913 667
919 667
919 668
920 668
920 671
921 671
921 677
920 677
920 681
921 681
921 687
922 687
922 689
923 689
923 690
929 690
929 691
931 691
931 692
933 692
933 693
934 693
934 694
935 694
935 695
937 695
937 696
944 696
944 697
945 697
945 700
946 700
946 704
947 704
947 705
948 705
948 706
951 706
951 708
957 708
957 709
958 709
958 715
959 715
959 716
960 716
960 717
963 717
963 718
967 718
967 719
971 719
971 720
972 720
972 721
978 721
978 722
986 722
986 721
987 721
987 720
988 720
988 719
989 719
989 713
990 713
990 709
989 709
989 691
990 691
990 690
993 690
993 689
995 689
995 688
998 688
998 685
999 685
999 684
1000 684
1000 648
1003 648
1003 649
1006 649
1006 647
1007 647
1007 646
1008 646
1008 644
1009 644
1009 643
1010 643
1010 641
1011 641
1011 610
1010 610
1010 605
1011 605
1011 600
1013 600
1013 601
1016 601
1016 602
1019 602
1019 603
1022 603
1022 604
1023 604
1023 605
1025 605
1025 606
1026 606
1026 607
1027 607
1027 608
1032 608
1032 609
1033 609
1033 610
1034 610
1034 611
1035 611
1035 612
1036 612
1036 620
1037 620
1037 622
1038 622
1038 623
1039 623
1039 624
1044 624
1044 625
1046 625
1046 626
1047 626
1047 627
1048 627
1048 628
1049 628
1049 630
1050 630
1050 637
1052 637
1052 638
1054 638
1054 639
1058 639
1058 640
1059 640
1059 641
1060 641
1060 643
1061 643
1061 657
1062 657
1062 660
1063 660
1063 661
1065 661
1065 662
1069 662
1069 663
1073 663
1073 664
1074 664
1074 666
1075 666
1075 667
1076 667
1076 668
1077 668
1077 669
1080 669
1080 670
1092 670
1092 669
1093 669
1093 670
1105 670
1105 671
1111 671
1111 670
1121 670
1121 671
1122 671
1122 674
1123 674
1123 676
1124 676
1124 677
1127 677
1127 678
1131 678
1131 679
1133 679
1133 680
1134 680
1134 682
1135 682
1135 685
1136 685
1136 686
1138 686
1138 687
1142 687
1142 688
1144 688
1144 689
1145 689
1145 690
1146 690
1146 709
1147 709
1147 713
1148 713
1148 717
1149 717
1149 718
1151 718
1151 719
1155 719
1155 720
1158 720
1158 721
1159 721
1159 722
1160 722
1160 734
1159 734
1159 741
1160 741
1160 744
1161 744
1161 747
1164 747
1164 748
1169 748
1169 749
1170 749
1170 750
1171 750
1171 751
1172 751
1172 759
1173 759
1173 760
1174 760
1174 761
1175 761
1175 762
1177 762
1177 763
1180 763
1180 764
1181 764
1181 765
1199 765
1199 764
1219 764
1219 765
1220 765
1220 766
1221 766
1221 775
1222 775
1222 776
1223 776
1223 777
1225 777
1225 778
1228 778
1228 779
1232 779
1232 780
1233 780
1233 781
1235 781
1235 782
1236 782
1236 783
1237 783
1237 784
1240 784
1240 786
1245 786
1245 787
1246 787
1246 788
1247 788
1247 792
1248 792
1248 794
1249 794
1249 795
1250 795
1250 796
1251 796
1251 797
1253 797
1253 798
1255 798
1255 799
1260 799
1260 801
1271 801
1271 802
1274 802
1274 801
1278 801
1278 800
1280 800
1280 799
1282 799
1282 798
1285 798
1285 797
1286 797
1286 796
1287 796
1287 795
1289 795
1289 794
1290 794
1290 793
1293 793
1293 792
1295 792
1295 788
1296 788
1296 784
1297 784
1297 783
1298 783
1298 782
1299 782
1299 781
1304 781
1304 780
1306 780
1306 779
1308 779
1308 780
1314 780
1314 779
1315 779
1315 778
1316 778
1316 777
1317 777
1317 776
1320 776
1320 775
1321 775
1321 774
1323 774
1323 773
1324 773
1324 772
1326 772
1326 771
1329 771
1329 772
1330 772
1330 781
1331 781
1331 784
1332 784
1332 785
1333 785
1333 786
1335 786
1335 787
1337 787
1337 788
1338 788
1338 789
1342 789
1342 790
1343 790
1343 793
1344 793
1344 795
1345 795
1345 797
1346 797
1346 798
1347 798
1347 799
1349 799
1349 800
1351 800
1351 801
1354 801
1354 802
1355 802
1355 807
1356 807
1356 809
1357 809
1357 810
1358 810
1358 811
1361 811
1361 812
1364 812
1364 813
1366 813
1366 814
1367 814
1367 815
1368 815
1368 818
1369 818
1369 819
1370 819
1370 820
1372 820
1372 821
1373 821
1373 822
1377 822
1377 823
1380 823
1380 824
1381 824
1381 826
1382 826
1382 827
1383 827
1383 828
1384 828
1384 829
1387 829
1387 830
1391 830
1391 831
1411 831
1411 830
1417 830
1417 829
1419 829
1419 828
1423 828
1423 829
1429 829
1429 830
1432 830
1432 831
1433 831
1433 832
1447 832
1447 831
1450 831
1450 829
1451 829
1451 828
1453 828
1453 827
1455 827
1455 826
1457 826
1457 825
1458 825
1458 824
1460 824
1460 823
1462 823
1462 824
1464 824
1464 825
1465 825
1465 827
1466 827
1466 828
1467 828
1467 830
1468 830
1468 831
1469 831
1469 832
1471 832
1471 833
1475 833
1475 834
1480 834
1480 833
1484 833
1484 832
1493 832
1493 831
1496 831
1496 830
1500 830
1500 829
1505 829
1505 828
1507 828
1507 829
1517 829
1517 828
1521 828
1521 829
1522 829
1522 830
1525 830
1525 831
1526 831
1526 832
1527 832
1527 844
1528 844
1528 872
1529 872
1529 885
1530 885
1530 909
1531 909
1531 915
1532 915
1532 917
1534 917
1534 918
1535 918
1535 919
1538 919
1538 920
1539 920
1539 921
1540 921
1540 922
1541 922
1541 924
1542 924
1542 925
1543 925
1543 926
1545 926
1545 927
1546 927
1546 928
1547 928
1547 929
1548 929
1548 930
1550 930
1550 931
1557 931
1557 932
1560 932
1560 933
1574 933
1574 934
1582 934
1582 933
1588 933
1588 932
1589 932
1589 931
1593 931
1593 930
1594 930
1594 929
1596 929
1596 928
1599 928
1599 925
1600 925
1600 924
1602 924
1602 923
1605 923
1605 922
1606 922
1606 921
1607 921
1607 920
1608 920
1608 919
1609 919
1609 918
1610 918
1610 917
1611 917
1611 916
1612 916
1612 913
1613 913
1613 907
1614 907
1614 903
1615 903
1615 900
1616 900
1616 898
1617 898
1617 897
1618 897
1618 895
1619 895
1619 894
1620 894
1620 893
1621 893
1621 891
1622 891
1622 890
1623 890
1623 888
1624 888
1624 882
1625 882
1625 881
1624 881
1624 875
1625 875
1625 872
1624 872
1624 870
1625 870
1625 868
1626 868
1626 863
1627 863
1627 860
1628 860
1628 859
1632 859
1632 858
1634 858
1634 857
1643 857
1643 858
1644 858
1644 860
1645 860
1645 862
1646 862
1646 863
1647 863
1647 864
1648 864
1648 867
1649 867
1649 872
1650 872
1650 873
1651 873
1651 875
1652 875
1652 876
1653 876
1653 877
1654 877
1654 879
1655 879
1655 881
1656 881
1656 884
1657 884
1657 887
1658 887
1658 892
1659 892
1659 897
1660 897
1660 900
1661 900
1661 902
1662 902
1662 904
1663 904
1663 905
1665 905
1665 906
1666 906
1666 907
1670 907
1670 908
1671 908
1671 909
1672 909
1672 910
1673 910
1673 911
1674 911
1674 912
1675 912
1675 913
1676 913
1676 914
1678 914
1678 915
1679 915
1679 917
1680 917
1680 918
1681 918
1681 919
1684 919
1684 920
1685 920
1685 921
1686 921
1686 922
1687 922
1687 923
1688 923
1688 924
1690 924
1690 925
1693 925
1693 926
1695 926
1695 927
1696 927
1696 928
1697 928
1697 929
1703 929
1703 928
1705 928
1705 927
1707 927
1707 926
1708 926
1708 923
1709 923
1709 919
1710 919
1710 913
1709 913
1709 908
1710 908
1710 902
1709 902
1709 872
1708 872
1708 859
1709 859
1709 839
1708 839
1708 834
1709 834
1709 833
1717 833
1717 834
1721 834
1721 833
1722 833
1722 834
1725 834
1725 832
1729 832
1729 833
1736 833
1736 834
1737 834
1737 835
1738 835
1738 836
1739 836
1739 837
1740 837
1740 838
1741 838
1741 839
1742 839
1742 840
1743 840
1743 841
1744 841
1744 842
1745 842
1745 844
1746 844
1746 847
1747 847
1747 848
1748 848
1748 849
1749 849
1749 852
1750 852
1750 853
1753 853
1753 854
1754 854
1754 855
1757 855
1757 856
1762 856
1762 857
1764 857
1764 858
1765 858
1765 859
1766 859
1766 860
1767 860
1767 862
1768 862
1768 863
1769 863
1769 865
1770 865
1770 867
1771 867
1771 868
1772 868
1772 869
1773 869
1773 870
1774 870
1774 871
1775 871
1775 872
1777 872
1777 873
1778 873
1778 874
1779 874
1779 875
1780 875
1780 876
1781 876
1781 879
1782 879
1782 881
1783 881
1783 882
1785 882
1785 883
1787 883
1787 884
1792 884
1792 885
1794 885
1794 886
1795 886
1795 887
1797 887
1797 888
1798 888
1798 889
1799 889
1799 890
1800 890
1800 891
1801 891
1801 892
1802 892
1802 894
1803 894
1803 895
1804 895
1804 896
1805 896
1805 897
1806 897
1806 898
1807 898
1807 900
1808 900
1808 904
1809 904
1809 911
1810 911
1810 914
1811 914
1811 916
1812 916
1812 917
1813 917
1813 918
1814 918
1814 919
1815 919
1815 920
1817 920
1817 921
1819 921
1819 922
1820 922
1820 923
1821 923
1821 924
1823 924
1823 925
1824 925
1824 926
1826 926
1826 927
1829 927
1829 928
1831 928
1831 929
1832 929
1832 930
1836 930
1836 931
1838 931
1838 932
1839 932
1839 933
1844 933
1844 934
1845 934
1845 935
1846 935
1846 936
1848 936
1848 937
1850 937
1850 938
1851 938
1851 939
1852 939
1852 940
1853 940
1853 941
1854 941
1854 942
1855 942
1855 944
1856 944
1856 946
1857 946
1857 948
1858 948
1858 949
1859 949
1859 951
1860 951
1860 952
1861 952
1861 954
1862 954
1862 955
1863 955
1863 956
1865 956
1865 957
1866 957
1866 958
1875 958
1875 959
1884 959
1884 958
1896 958
1896 956
1898 956
1898 955
1900 955
1900 954
1901 954
1901 953
1903 953
1903 952
1904 952
1904 946
1908 946
1908 947
1911 947
1911 946
1912 946
1912 945
1928 945
1928 946
1939 946
1939 947
1940 947
1940 946
1951 946
1951 945
1954 945
1954 944
1955 944
1955 943
1957 943
1957 941
1958 941
1958 940
1959 940
1959 939
1960 939
1960 937
1961 937
1961 933
1962 933
1962 932
1963 932
1963 930
1964 930
1964 928
1965 928
1965 927
1966 927
1966 926
1967 926
1967 920
1968 920
1968 910
1969 910
1969 882
1970 882
1970 877
1971 877
1971 876
1972 876
1972 874
1973 874
1973 873
1974 873
1974 870
1975 870
1975 869
1976 869
1976 867
1977 867
1977 865
1978 865
1978 862
1979 862
1979 861
1980 861
1980 860
1981 860
1981 858
1982 858
1982 856
1983 856
1983 854
1984 854
1984 853
1985 853
1985 851
1986 851
1986 849
1987 849
1987 848
1988 848
1988 847
1989 847
1989 846
1990 846
1990 845
1991 845
1991 844
1992 844
1992 842
1994 842
1994 841
1995 841
1995 840
1996 840
1996 839
2000 839
2000 838
2001 838
2001 837
2004 837
2004 838
2008 838
2008 839
2009 839
2009 840
2010 840
2010 841
2011 841
2011 842
2012 842
2012 843
2013 843
2013 844
2015 844
2015 845
2017 845
2017 846
2018 846
2018 847
2019 847
2019 848
2020 848
2020 850
2021 850
2021 852
2022 852
2022 879
2023 879
2023 883
2024 883
2024 886
2025 886
2025 887
2026 887
2026 888
2027 888
2027 889
2028 889
2028 890
2029 890
2029 891
2030 891
2030 892
2031 892
2031 893
2032 893
2032 896
2033 896
2033 898
2034 898
2034 900
2035 900
2035 901
2036 901
2036 903
2037 903
2037 904
2038 904
2038 905
2039 905
2039 907
2040 907
2040 908
2041 908
2041 909
2042 909
2042 911
2043 911
2043 912
2044 912
2044 913
2050 913
2050 914
2051 914
2051 915
2052 915
2052 916
2053 916
2053 919
2054 919
2054 921
2055 921
2055 922
2056 922
2056 924
2057 924
2057 929
2058 929
2058 930
2059 930
2059 932
2060 932
2060 933
2061 933
2061 935
2062 935
2062 936
2063 936
2063 937
2065 937
2065 938
2067 938
2067 939
2068 939
2068 940
2069 940
2069 941
2070 941
2070 942
2071 942
2071 943
2072 943
2072 944
2073 944
2073 945
2074 945
2074 946
2079 946
2079 947
2083 947
2083 948
2084 948
2084 949
2085 949
2085 951
2086 951
2086 952
2087 952
2087 953
2088 953
2088 954
2090 954
2090 955
2092 955
2092 956
2094 956
2094 957
2095 957
2095 958
2099 958
2099 957
2103 957
2103 958
2125 958
2125 957
2129 957
2129 956
2140 956
2140 957
2143 957
2143 958
2144 958
2144 960
2145 960
2145 962
2151 962
2151 961
2158 961
2158 960
2162 960
2162 959
2180 959
2180 958
2182 958
2182 957
2183 957
2183 956
2184 956
2184 952
2185 952
2185 949
2186 949
2186 946
2187 946
2187 943
2188 943
2188 936
2189 936
2189 935
2190 935
2190 933
2191 933
2191 932
2192 932
2192 931
2193 931
2193 930
2194 930
2194 929
2196 929
2196 928
2200 928
2200 927
2202 927
2202 926
2203 926
2203 925
2205 925
2205 924
2206 924
2206 923
2207 923
2207 922
2208 922
2208 918
2209 918
2209 915
2210 915
2210 914
2221 914
2221 915
2223 915
2223 916
2224 916
2224 917
2225 917
2225 918
2226 918
2226 922
2227 922
2227 923
2228 923
2228 925
2229 925
2229 927
2230 927
2230 928
2232 928
2232 929
2234 929
2234 930
2235 930
2235 931
2236 931
2236 932
2237 932
2237 933
2238 933
2238 934
2239 934
2239 935
2240 935
2240 938
2241 938
2241 940
2242 940
2242 942
2243 942
2243 943
2244 943
2244 944
2245 944
2245 945
2246 945
2246 946
2247 946
2247 947
2248 947
2248 948
2249 948
2249 949
2250 949
2250 950
2251 950
2251 951
2252 951
2252 955
2253 955
2253 963
2254 963
2254 966
2255 966
2255 969
2256 969
2256 970
2257 970
2257 972
2258 972
2258 975
2259 975
2259 978
2260 978
2260 981
2261 981
2261 984
2262 984
2262 985
2263 985
2263 986
2266 986
2266 987
2268 987
2268 988
2270 988
2270 989
2276 989
2276 990
2282 990
2282 991
2284 991
2284 990
2287 990
2287 989
2292 989
2292 990
2293 990
2293 991
2296 991
2296 990
2299 990
2299 989
2302 989
2302 988
2303 988
2303 987
2305 987
2305 986
2307 986
2307 985
2309 985
2309 984
2310 984
2310 982
2311 982
2311 981
2312 981
2312 980
2313 980
2313 979
2314 979
2314 978
2316 978
2316 976
2317 976
2317 974
2318 974
2318 973
2319 973
2319 972
2320 972
2320 971
2321 971
2321 970
2322 970
2322 969
2323 969
2323 966
2324 966
2324 964
2325 964
2325 961
2326 961
2326 959
2327 959
2327 952
2328 952
2328 935
2329 935
2329 933
2330 933
2330 913
2331 913
2331 906
2332 906
2332 903
2333 903
2333 900
2334 900
2334 899
2335 899
2335 897
2336 897
2336 894
2337 894
2337 891
2338 891
2338 887
2339 887
2339 882
2340 882
2340 877
2341 877
2341 874
2342 874
2342 869
2343 869
2343 866
2344 866
2344 863
2345 863
2345 860
2346 860
2346 857
2347 857
2347 856
2348 856
2348 855
2353 855
2353 854
2355 854
2355 853
2356 853
2356 852
2357 852
2357 850
2358 850
2358 849
2359 849
2359 847
2360 847
2360 844
2361 844
2361 836
2360 836
2360 821
2361 821
2361 818
2362 818
2362 816
2363 816
2363 815
2366 815
2366 814
2370 814
2370 813
2372 813
2372 812
2374 812
2374 811
2377 811
2377 810
2379 810
2379 809
2382 809
2382 808
2385 808
2385 807
2388 807
2388 808
2389 808
2389 811
2390 811
2390 814
2391 814
2391 815
2392 815
2392 816
2394 816
2394 817
2396 817
2396 818
2397 818
2397 819
2398 819
2398 820
2399 820
2399 821
2400 821
2400 823
2401 823
2401 824
2402 824
2402 826
2403 826
2403 827
2404 827
2404 828
2407 828
2407 829
2408 829
2408 830
2409 830
2409 831
2410 831
2410 833
2411 833
2411 838
2412 838
2412 867
2413 867
2413 870
2414 870
2414 873
2415 873
2415 874
2416 874
2416 875
2417 875
2417 877
2418 877
2418 880
2419 880
2419 884
2420 884
2420 895
2421 895
2421 919
2422 919
2422 920
2423 920
2423 922
2424 922
2424 923
2426 923
2426 924
2435 924
2435 925
2436 925
2436 926
2437 926
2437 928
2438 928
2438 929
2439 929
2439 930
2440 930
2440 931
2441 931
2441 932
2450 932
2450 933
2451 933
2451 936
2452 936
2452 937
2453 937
2453 939
2454 939
2454 940
2455 940
2455 941
2468 941
2468 942
2471 942
2471 943
2472 943
2472 944
2473 944
2473 947
2474 947
2474 964
2475 964
2475 967
2476 967
2476 978
2477 978
2477 979
2480 979
2480 981
2485 981
2485 980
2486 980
2486 979
2488 979
2488 978
2493 978
2493 977
2495 977
2495 975
2496 975
2496 973
2497 973
2497 971
2498 971
2498 968
2499 968
2499 962
2500 962
2500 960
2501 960
2501 953
2502 953
2502 952
2503 952
2503 950
2504 950
2504 949
2507 949
2507 948
2511 948
2511 947
2514 947
2514 946
2516 946
2516 945
2518 945
2518 946
2527 946
2527 947
2530 947
2530 948
2533 948
2533 949
2537 949
2537 948
2547 948
2547 949
2548 949
2548 950
2549 950
2549 951
2550 951
2550 952
2552 952
2552 953
2553 953
2553 954
2555 954
2555 953
2560 953
2560 952
2565 952
2565 951
2567 951
2567 950
2569 950
2569 949
2570 949
2570 948
2571 948
2571 947
2572 947
2572 946
2573 946
2573 945
2574 945
2574 944
2575 944
2575 943
2576 943
2576 942
2578 942
2578 941
2579 941
2579 940
2580 940
2580 939
2581 939
2581 938
2582 938
2582 937
2584 937
2584 936
2587 936
2587 935
2599 935
2599 936
2601 936
2601 937
2606 937
2606 936
2607 936
2607 935
2614 935
2614 934
2618 934
2618 933
2631 933
2631 934
2633 934
2633 935
2634 935
2634 936
2635 936
2635 937
2638 937
2638 936
2642 936
2642 935
2643 935
2643 934
2644 934
2644 933
2645 933
2645 932
2651 932
2651 931
2652 931
2652 930
2653 930
2653 928
2654 928
2654 926
2655 926
2655 923
2656 923
2656 915
2657 915
2657 908
2658 908
2658 901
2659 901
2659 893
2660 893
2660 884
2661 884
2661 876
2662 876
2662 863
2672 863
2672 862
2673 862
2673 861
2674 861
2674 860
2681 860
2681 859
2688 859
2688 858
2695 858
2695 859
2697 859
2697 860
2698 860
2698 861
2710 861
2710 860
2717 860
2717 859
2719 859
2719 858
2731 858
2731 857
2732 857
2732 847
2733 847
2733 836
2734 836
2734 835
2745 835
2745 834
2746 834
2746 833
2748 833
2748 832
2749 832
2749 831
2751 831
2751 830
2753 830
2753 831
2755 831
2755 832
2757 832
2757 833
2758 833
2758 834
2759 834
2759 835
2770 835
2770 831
2771 831
2771 829
2772 829
2772 827
2773 827
2773 826
2774 826
2774 825
2775 825
2775 822
2776 822
2776 821
2777 821
2777 820
2778 820
2778 819
2779 819
2779 818
2780 818
2780 817
2781 817
2781 816
2782 816
2782 815
2783 815
2783 813
2784 813
2784 799
2785 799
2785 785
2786 785
2786 769
2787 769
2787 752
2788 752
2788 740
2789 740
2789 727
2790 727
2790 714
2791 714
2791 709
2790 709
2790 707
2791 707
2791 697
2792 697
2792 691
2793 691
2793 690
2802 690
2802 689
2803 689
2803 688
2805 688
2805 687
2809 687
2809 688
2813 688
2813 689
2815 689
2815 690
2817 690
2817 691
2818 691
2818 692
2829 692
2829 691
2831 691
2831 690
2837 690
2837 691
2838 691
2838 692
2839 692
2839 693
2840 693
2840 694
2842 694
2842 695
2843 695
2843 696
2846 696
2846 697
2847 697
2847 698
2848 698
2848 699
2849 699
2849 703
2850 703
2850 705
2851 705
2851 707
2852 707
2852 708
2853 708
2853 710
2854 710
2854 711
2855 711
2855 712
2860 712
2860 713
2867 713
2867 714
2871 714
2871 715
2872 715
2872 716
2873 716
2873 717
2874 717
2874 718
2875 718
2875 719
2876 719
2876 720
2881 720
2881 721
2883 721
2883 722
2884 722
2884 724
2885 724
2885 726
2886 726
2886 728
2887 728
2887 729
2889 729
2889 730
2890 730
2890 732
2891 732
2891 733
2892 733
2892 734
2894 734
2894 735
2896 735
2896 736
2897 736
2897 737
2898 737
2898 738
2899 738
2899 739
2900 739
2900 740
2901 740
2901 741
2903 741
2903 742
2909 742
2909 743
2913 743
2913 744
2915 744
2915 743
2916 743
2916 744
2917 744
2917 746
2918 746
2918 747
2919 747
2919 749
2920 749
2920 751
2921 751
2921 752
2922 752
2922 753
2923 753
2923 754
2924 754
2924 755
2926 755
2926 756
2928 756
2928 757
2929 757
2929 758
2930 758
2930 759
2931 759
2931 774
2932 774
2932 777
2933 777
2933 779
2934 779
2934 780
2935 780
2935 781
2936 781
2936 782
2938 782
2938 783
2966 783
2966 782
2973 782
2973 781
2976 781
2976 778
2977 778
2977 775
2978 775
2978 774
2980 774
2980 773
2981 773
2981 771
2982 771
2982 770
2984 770
2984 769
2985 769
2985 768
2986 768
2986 767
2988 767
2988 766
2990 766
2990 765
2993 765
2993 762
2994 762
2994 761
2997 761
2997 758
2998 758
2998 755
2999 755
2999 754
3000 754
3000 747
2999 747
2999 746
2998 746
2998 742
2997 742
2997 732
2996 732
2996 721
2995 721
2995 720
2994 720
2994 714
2993 714
2993 668
2992 668
2992 625
2993 625
2993 621
2994 621
2994 615
2995 615
2995 614
2996 614
2996 566
2997 566
2997 558
2998 558
2998 547
2999 547
2999 546
3000 546
3000 531
2999 531
2999 530
2998 530
2998 519
2997 519
2997 516
2996 516
2996 513
2995 513
2995 512
2994 512
2994 507
2993 507
2993 494
2994 494
2994 486
2995 486
2995 485
2996 485
2996 484
3006 484
3006 485
3008 485
3008 484
3010 484
3010 483
3011 483
3011 482
3012 482
3012 476
3011 476
3011 468
3012 468
3012 467
3013 467
3013 466
3017 466
3017 467
3019 467
3019 466
3022 466
3022 465
3023 465
3023 464
3026 464
3026 463
3030 463
3030 464
3031 464
3031 465
3032 465
3032 466
3033 466
3033 467
3035 467
3035 468
3038 468
3038 469
3039 469
3039 470
3040 470
3040 484
3041 484
3041 488
3042 488
3042 495
3043 495
3043 496
3044 496
3044 497
3045 497
3045 498
3046 498
3046 499
3051 499
3051 498
3055 498
3055 497
3056 497
3056 496
3058 496
3058 495
3059 495
3059 494
3060 494
3060 491
3061 491
3061 473
3060 473
3060 465
3061 465
3061 462
3067 462
3067 463
3068 463
3068 464
3080 464
3080 465
3085 465
3085 466
3091 466
3091 467
3092 467
3092 468
3093 468
3093 470
3094 470
3094 471
3097 471
3097 472
3098 472
3098 474
3100 474
3100 475
3102 475
3102 476
3104 476
3104 477
3105 477
3105 478
3107 478
3107 479
3108 479
3108 481
3110 481
3110 482
3111 482
3111 483
3112 483
3112 484
3113 484
3113 486
3114 486
3114 489
3115 489
3115 490
3116 490
3116 491
3117 491
3117 492
3119 492
3119 493
3123 493
3123 494
3129 494
3129 493
3132 493
3132 492
3133 492
3133 493
3132 493
3132 494
3129 494
3129 495
3123 495
3123 494
3119 494
3119 493
3117 493
3117 492
3116 492
3116 491
3115 491
3115 490
3114 490
3114 489
3113 489
3113 486
3112 486
3112 484
3111 484
3111 483
3110 483
3110 482
3108 482
3108 481
3107 481
3107 479
3105 479
3105 478
3104 478
3104 477
3102 477
3102 476
3100 476
3100 475
3098 475
3098 474
3097 474
3097 472
3093 472
3093 470
3092 470
3092 468
3091 468
3091 467
3085 467
3085 466
3080 466
3080 465
3068 465
3068 464
3067 464
3067 463
3062 463
3062 465
3061 465
3061 473
3062 473
3062 491
3061 491
3061 494
3060 494
3060 495
3059 495
3059 496
3058 496
3058 497
3056 497
3056 498
3055 498
3055 499
3051 499
3051 500
3046 500
3046 499
3045 499
3045 498
3044 498
3044 497
3043 497
3043 496
3042 496
3042 495
3041 495
3041 488
3040 488
3040 484
3039 484
3039 470
3038 470
3038 469
3035 469
3035 468
3033 468
3033 467
3032 467
3032 466
3031 466
3031 465
3030 465
3030 464
3026 464
3026 465
3023 465
3023 466
3022 466
3022 467
3019 467
3019 468
3017 468
3017 467
3013 467
3013 468
3012 468
3012 476
3013 476
3013 482
3012 482
3012 483
3011 483
3011 484
3010 484
3010 485
3008 485
3008 486
3006 486
3006 485
2996 485
2996 486
2995 486
2995 494
2994 494
2994 507
2995 507
2995 512
2996 512
2996 513
2997 513
2997 516
2998 516
2998 519
2999 519
2999 530
3000 530
3000 531
3001 531
3001 546
3000 546
3000 547
2999 547
2999 558
2998 558
2998 566
2997 566
2997 614
2996 614
2996 615
2995 615
2995 621
2994 621
2994 625
2993 625
2993 668
2994 668
2994 714
2995 714
2995 720
2996 720
2996 721
2997 721
2997 732
2998 732
2998 742
2999 742
2999 746
3000 746
3000 747
3001 747
3001 754
3000 754
3000 755
2999 755
2999 758
2998 758
2998 761
2997 761
2997 762
2994 762
2994 765
2993 765
2993 766
2990 766
2990 767
2988 767
2988 768
2986 768
2986 769
2985 769
2985 770
2984 770
2984 771
2982 771
2982 773
2981 773
2981 774
2980 774
2980 775
2978 775
2978 778
2977 778
2977 781
2976 781
2976 782
2973 782
2973 783
2966 783
2966 784
2938 784
2938 783
2936 783
2936 782
2935 782
2935 781
2934 781
2934 780
2933 780
2933 779
2932 779
2932 777
2931 777
2931 774
2930 774
2930 759
2929 759
2929 758
2928 758
2928 757
2926 757
2926 756
2924 756
2924 755
2923 755
2923 754
2922 754
2922 753
2921 753
2921 752
2920 752
2920 751
2919 751
2919 749
2918 749
2918 747
2917 747
2917 746
2915 746
2915 745
2913 745
2913 744
2909 744
2909 743
2903 743
2903 742
2901 742
2901 741
2900 741
2900 740
2899 740
2899 739
2898 739
2898 738
2897 738
2897 737
2896 737
2896 736
2894 736
2894 735
2892 735
2892 734
2891 734
2891 733
2890 733
2890 732
2889 732
2889 730
2887 730
2887 729
2886 729
2886 728
2885 728
2885 726
2884 726
2884 724
2883 724
2883 722
2881 722
2881 721
2876 721
2876 720
2875 720
2875 719
2874 719
2874 718
2873 718
2873 717
2872 717
2872 716
2871 716
2871 715
2867 715
2867 714
2860 714
2860 713
2855 713
2855 712
2854 712
2854 711
2853 711
2853 710
2852 710
2852 708
2851 708
2851 707
2850 707
2850 705
2849 705
2849 703
2848 703
2848 699
2847 699
2847 698
2846 698
2846 697
2843 697
2843 696
2842 696
2842 695
2840 695
2840 694
2839 694
2839 693
2838 693
2838 692
2837 692
2837 691
2831 691
2831 692
2829 692
2829 693
2818 693
2818 692
2817 692
2817 691
2815 691
2815 690
2813 690
2813 689
2809 689
2809 688
2805 688
2805 689
2803 689
2803 691
2793 691
2793 697
2792 697
2792 707
2791 707
2791 709
2792 709
2792 714
2791 714
2791 727
2790 727
2790 740
2789 740
2789 752
2788 752
2788 769
2787 769
2787 785
2786 785
2786 799
2785 799
2785 813
2784 813
2784 815
2783 815
2783 816
2782 816
2782 817
2781 817
2781 818
2780 818
2780 819
2779 819
2779 820
2778 820
2778 821
2777 821
2777 822
2776 822
2776 825
2775 825
2775 826
2774 826
2774 827
2773 827
2773 829
2772 829
2772 831
2771 831
2771 835
2770 835
2770 836
2759 836
2759 835
2758 835
2758 834
2757 834
2757 833
2755 833
2755 832
2753 832
2753 831
2751 831
2751 832
2749 832
2749 833
2748 833
2748 834
2746 834
2746 835
2745 835
2745 836
2734 836
2734 847
2733 847
2733 857
2732 857
2732 858
2731 858
2731 859
2719 859
2719 860
2717 860
2717 861
2710 861
2710 862
2698 862
2698 861
2697 861
2697 860
2695 860
2695 859
2688 859
2688 860
2681 860
2681 861
2674 861
2674 862
2673 862
2673 864
2663 864
2663 876
2662 876
2662 884
2661 884
2661 893
2660 893
2660 901
2659 901
2659 908
2658 908
2658 915
2657 915
2657 923
2656 923
2656 926
2655 926
2655 928
2654 928
2654 930
2653 930
2653 931
2652 931
2652 932
2651 932
2651 933
2645 933
2645 934
2644 934
2644 935
2643 935
2643 936
2642 936
2642 937
2638 937
2638 938
2635 938
2635 937
2634 937
2634 936
2633 936
2633 935
2631 935
2631 934
2618 934
2618 935
2614 935
2614 936
2607 936
2607 937
2606 937
2606 938
2601 938
2601 937
2599 937
2599 936
2587 936
2587 937
2584 937
2584 938
2582 938
2582 939
2581 939
2581 940
2580 940
2580 941
2579 941
2579 942
2578 942
2578 943
2576 943
2576 944
2575 944
2575 945
2574 945
2574 946
2573 946
2573 947
2572 947
2572 948
2571 948
2571 949
2570 949
2570 950
2569 950
2569 951
2567 951
2567 952
2565 952
2565 953
2560 953
2560 954
2555 954
2555 955
2553 955
2553 954
2552 954
2552 953
2550 953
2550 952
2549 952
2549 951
2548 951
2548 950
2547 950
2547 949
2537 949
2537 950
2533 950
2533 949
2530 949
2530 948
2527 948
2527 947
2518 947
2518 946
2516 946
2516 947
2514 947
2514 948
2511 948
2511 949
2507 949
2507 950
2504 950
2504 952
2503 952
2503 953
2502 953
2502 960
2501 960
2501 962
2500 962
2500 968
2499 968
2499 971
2498 971
2498 973
2497 973
2497 975
2496 975
2496 977
2495 977
2495 978
2493 978
2493 979
2488 979
2488 980
2486 980
2486 982
2480 982
2480 981
2479 981
2479 980
2477 980
2477 979
2476 979
2476 978
2475 978
2475 967
2474 967
2474 964
2473 964
2473 947
2472 947
2472 944
2471 944
2471 943
2468 943
2468 942
2455 942
2455 941
2454 941
2454 940
2453 940
2453 939
2452 939
2452 937
2451 937
2451 936
2450 936
2450 933
2441 933
2441 932
2440 932
2440 931
2439 931
2439 930
2438 930
2438 929
2437 929
2437 928
2436 928
2436 926
2435 926
2435 925
2426 925
2426 924
2424 924
2424 923
2423 923
2423 922
2422 922
2422 920
2421 920
2421 919
2420 919
2420 895
2419 895
2419 884
2418 884
2418 880
2417 880
2417 877
2416 877
2416 875
2415 875
2415 874
2414 874
2414 873
2413 873
2413 870
2412 870
2412 867
2411 867
2411 838
2410 838
2410 833
2409 833
2409 831
2408 831
2408 830
2407 830
2407 829
2404 829
2404 828
2403 828
2403 827
2402 827
2402 826
2401 826
2401 824
2400 824
2400 823
2399 823
2399 821
2398 821
2398 820
2397 820
2397 819
2396 819
2396 818
2394 818
2394 817
2392 817
2392 816
2391 816
2391 815
2390 815
2390 814
2389 814
2389 811
2388 811
2388 808
2385 808
2385 809
2382 809
2382 810
2379 810
2379 811
2377 811
2377 812
2374 812
2374 813
2372 813
2372 814
2370 814
2370 815
2366 815
2366 816
2363 816
2363 818
2362 818
2362 821
2361 821
2361 836
2362 836
2362 844
2361 844
2361 847
2360 847
2360 849
2359 849
2359 850
2358 850
2358 852
2357 852
2357 853
2356 853
2356 854
2355 854
2355 855
2353 855
2353 856
2348 856
2348 857
2347 857
2347 860
2346 860
2346 863
2345 863
2345 866
2344 866
2344 869
2343 869
2343 874
2342 874
2342 877
2341 877
2341 882
2340 882
2340 887
2339 887
2339 891
2338 891
2338 894
2337 894
2337 897
2336 897
2336 899
2335 899
2335 900
2334 900
2334 903
2333 903
2333 906
2332 906
2332 913
2331 913
2331 933
2330 933
2330 935
2329 935
2329 952
2328 952
2328 959
2327 959
2327 961
2326 961
2326 964
2325 964
2325 966
2324 966
2324 969
2323 969
2323 970
2322 970
2322 971
2321 971
2321 972
2320 972
2320 973
2319 973
2319 974
2318 974
2318 976
2317 976
2317 978
2316 978
2316 979
2314 979
2314 980
2313 980
2313 981
2312 981
2312 982
2311 982
2311 984
2310 984
2310 985
2309 985
2309 986
2307 986
2307 987
2305 987
2305 988
2303 988
2303 989
2302 989
2302 990
2299 990
2299 991
2296 991
2296 992
2293 992
2293 991
2292 991
2292 990
2287 990
2287 991
2284 991
2284 992
2282 992
2282 991
2276 991
2276 990
2270 990
2270 989
2268 989
2268 988
2266 988
2266 987
2263 987
2263 986
2262 986
2262 985
2261 985
2261 984
2260 984
2260 981
2259 981
2259 978
2258 978
2258 975
2257 975
2257 972
2256 972
2256 970
2255 970
2255 969
2254 969
2254 966
2253 966
2253 963
2252 963
2252 955
2251 955
2251 951
2250 951
2250 950
2249 950
2249 949
2248 949
2248 948
2247 948
2247 947
2246 947
2246 946
2245 946
2245 945
2244 945
2244 944
2243 944
2243 943
2242 943
2242 942
2241 942
2241 940
2240 940
2240 938
2239 938
2239 935
2238 935
2238 934
2237 934
2237 933
2236 933
2236 932
2235 932
2235 931
2234 931
2234 930
2232 930
2232 929
2230 929
2230 928
2229 928
2229 927
2228 927
2228 925
2227 925
2227 923
2226 923
2226 922
2225 922
2225 918
2224 918
2224 917
2223 917
2223 916
2221 916
2221 915
2210 915
2210 918
2209 918
2209 922
2208 922
2208 923
2207 923
2207 924
2206 924
2206 925
2205 925
2205 926
2203 926
2203 927
2202 927
2202 928
2200 928
2200 929
2196 929
2196 930
2194 930
2194 931
2193 931
2193 932
2192 932
2192 933
2191 933
2191 935
2190 935
2190 936
2189 936
2189 943
2188 943
2188 946
2187 946
2187 949
2186 949
2186 952
2185 952
2185 956
2184 956
2184 957
2183 957
2183 958
2182 958
2182 959
2180 959
2180 960
2162 960
2162 961
2158 961
2158 962
2151 962
2151 963
2145 963
2145 962
2144 962
2144 963
2143 963
2143 962
2144 962
2144 960
2143 960
2143 958
2140 958
2140 957
2129 957
2129 958
2125 958
2125 959
2103 959
2103 958
2099 958
2099 959
2095 959
2095 958
2094 958
2094 957
2092 957
2092 956
2090 956
2090 955
2088 955
2088 954
2087 954
2087 953
2086 953
2086 952
2085 952
2085 951
2084 951
2084 949
2083 949
2083 948
2079 948
2079 947
2074 947
2074 946
2073 946
2073 945
2072 945
2072 944
2071 944
2071 943
2070 943
2070 942
2069 942
2069 941
2068 941
2068 940
2067 940
2067 939
2065 939
2065 938
2063 938
2063 937
2062 937
2062 936
2061 936
2061 935
2060 935
2060 933
2059 933
2059 932
2058 932
2058 930
2057 930
2057 929
2056 929
2056 924
2055 924
2055 922
2054 922
2054 921
2053 921
2053 919
2052 919
2052 916
2051 916
2051 915
2050 915
2050 914
2044 914
2044 913
2043 913
2043 912
2042 912
2042 911
2041 911
2041 909
2040 909
2040 908
2039 908
2039 907
2038 907
2038 905
2037 905
2037 904
2036 904
2036 903
2035 903
2035 901
2034 901
2034 900
2033 900
2033 898
2032 898
2032 896
2031 896
2031 893
2030 893
2030 892
2029 892
2029 891
2028 891
2028 890
2027 890
2027 889
2026 889
2026 888
2025 888
2025 887
2024 887
2024 886
2023 886
2023 883
2022 883
2022 879
2021 879
2021 852
2020 852
2020 850
2019 850
2019 848
2018 848
2018 847
2017 847
2017 846
2015 846
2015 845
2013 845
2013 844
2012 844
2012 843
2011 843
2011 842
2010 842
2010 841
2009 841
2009 840
2008 840
2008 839
2004 839
2004 838
2001 838
2001 839
2000 839
2000 840
1996 840
1996 841
1995 841
1995 842
1994 842
1994 843
1993 843
1993 844
1992 844
1992 845
1991 845
1991 846
1990 846
1990 847
1989 847
1989 848
1988 848
1988 849
1987 849
1987 851
1986 851
1986 853
1985 853
1985 854
1984 854
1984 856
1983 856
1983 858
1982 858
1982 860
1981 860
1981 861
1980 861
1980 862
1979 862
1979 865
1978 865
1978 867
1977 867
1977 869
1976 869
1976 870
1975 870
1975 873
1974 873
1974 874
1973 874
1973 876
1972 876
1972 877
1971 877
1971 882
1970 882
1970 910
1969 910
1969 920
1968 920
1968 926
1967 926
1967 927
1966 927
1966 928
1965 928
1965 930
1964 930
1964 932
1963 932
1963 933
1962 933
1962 937
1961 937
1961 939
1960 939
1960 940
1959 940
1959 941
1958 941
1958 943
1957 943
1957 944
1955 944
1955 945
1954 945
1954 946
1951 946
1951 947
1940 947
1940 948
1939 948
1939 947
1928 947
1928 946
1912 946
1912 947
1911 947
1911 948
1908 948
1908 947
1905 947
1905 952
1904 952
1904 953
1903 953
1903 954
1901 954
1901 955
1900 955
1900 956
1898 956
1898 957
1897 957
1897 959
1884 959
1884 960
1875 960
1875 959
1866 959
1866 958
1865 958
1865 957
1863 957
1863 956
1862 956
1862 955
1861 955
1861 954
1860 954
1860 952
1859 952
1859 951
1858 951
1858 949
1857 949
1857 948
1856 948
1856 946
1855 946
1855 944
1854 944
1854 942
1853 942
1853 941
1852 941
1852 940
1851 940
1851 939
1850 939
1850 938
1848 938
1848 937
1846 937
1846 936
1845 936
1845 935
1844 935
1844 934
1839 934
1839 933
1838 933
1838 932
1836 932
1836 931
1832 931
1832 930
1831 930
1831 929
1829 929
1829 928
1826 928
1826 927
1824 927
1824 926
1823 926
1823 925
1821 925
1821 924
1820 924
1820 923
1819 923
1819 922
1817 922
1817 921
1815 921
1815 920
1814 920
1814 919
1813 919
1813 918
1812 918
1812 917
1811 917
1811 916
1810 916
1810 914
1809 914
1809 911
1808 911
1808 904
1807 904
1807 900
1806 900
1806 898
1805 898
1805 897
1804 897
1804 896
1803 896
1803 895
1802 895
1802 894
1801 894
1801 892
1800 892
1800 891
1799 891
1799 890
1798 890
1798 889
1797 889
1797 888
1795 888
1795 887
1794 887
1794 886
1792 886
1792 885
1787 885
1787 884
1785 884
1785 883
1783 883
1783 882
1782 882
1782 881
1781 881
1781 879
1780 879
1780 876
1779 876
1779 875
1778 875
1778 874
1777 874
1777 873
1775 873
1775 872
1774 872
1774 871
1773 871
1773 870
1772 870
1772 869
1771 869
1771 868
1770 868
1770 867
1769 867
1769 865
1768 865
1768 863
1767 863
1767 862
1766 862
1766 860
1765 860
1765 859
1764 859
1764 858
1762 858
1762 857
1757 857
1757 856
1754 856
1754 855
1753 855
1753 854
1750 854
1750 853
1748 853
1748 849
1747 849
1747 848
1746 848
1746 847
1745 847
1745 844
1744 844
1744 842
1743 842
1743 841
1742 841
1742 840
1741 840
1741 839
1740 839
1740 838
1739 838
1739 837
1738 837
1738 836
1737 836
1737 835
1736 835
1736 834
1729 834
1729 833
1726 833
1726 834
1725 834
1725 835
1722 835
1722 834
1721 834
1721 835
1717 835
1717 834
1709 834
1709 839
1710 839
1710 859
1709 859
1709 872
1710 872
1710 902
1711 902
1711 908
1710 908
1710 913
1711 913
1711 919
1710 919
1710 923
1709 923
1709 926
1708 926
1708 927
1707 927
1707 928
1705 928
1705 929
1703 929
1703 930
1697 930
1697 929
1696 929
1696 928
1695 928
1695 927
1693 927
1693 926
1690 926
1690 925
1688 925
1688 924
1687 924
1687 923
1686 923
1686 922
1685 922
1685 921
1684 921
1684 920
1681 920
1681 919
1680 919
1680 918
1679 918
1679 917
1678 917
1678 915
1676 915
1676 914
1674 914
1674 912
1673 912
1673 911
1672 911
1672 910
1671 910
1671 909
1670 909
1670 908
1666 908
1666 907
1665 907
1665 906
1663 906
1663 905
1662 905
1662 904
1661 904
1661 902
1660 902
1660 900
1659 900
1659 897
1658 897
1658 892
1657 892
1657 887
1656 887
1656 884
1655 884
1655 881
1654 881
1654 879
1653 879
1653 877
1652 877
1652 876
1651 876
1651 875
1650 875
1650 873
1649 873
1649 872
1648 872
1648 867
1647 867
1647 864
1646 864
1646 863
1645 863
1645 862
1644 862
1644 860
1643 860
1643 858
1634 858
1634 859
1632 859
1632 860
1628 860
1628 863
1627 863
1627 868
1626 868
1626 870
1625 870
1625 872
1626 872
1626 875
1625 875
1625 881
1626 881
1626 882
1625 882
1625 888
1624 888
1624 890
1623 890
1623 891
1622 891
1622 893
1621 893
1621 894
1620 894
1620 895
1619 895
1619 897
1618 897
1618 898
1617 898
1617 900
1616 900
1616 903
1615 903
1615 907
1614 907
1614 913
1613 913
1613 916
1612 916
1612 917
1611 917
1611 918
1610 918
1610 919
1609 919
1609 920
1608 920
1608 921
1607 921
1607 922
1606 922
1606 923
1605 923
1605 924
1602 924
1602 925
1600 925
1600 928
1599 928
1599 929
1596 929
1596 930
1594 930
1594 931
1593 931
1593 932
1589 932
1589 933
1588 933
1588 934
1582 934
1582 935
1574 935
1574 934
1560 934
1560 933
1557 933
1557 932
1550 932
1550 931
1548 931
1548 930
1547 930
1547 929
1546 929
1546 928
1545 928
1545 927
1543 927
1543 926
1542 926
1542 925
1541 925
1541 924
1540 924
1540 922
1539 922
1539 921
1538 921
1538 920
1535 920
1535 919
1534 919
1534 918
1532 918
1532 917
1531 917
1531 915
1530 915
1530 909
1529 909
1529 885
1528 885
1528 872
1527 872
1527 844
1526 844
1526 832
1525 832
1525 831
1522 831
1522 830
1521 830
1521 829
1517 829
1517 830
1507 830
1507 829
1505 829
1505 830
1500 830
1500 831
1496 831
1496 832
1493 832
1493 833
1484 833
1484 834
1480 834
1480 835
1475 835
1475 834
1471 834
1471 833
1469 833
1469 832
1468 832
1468 831
1467 831
1467 830
1466 830
1466 828
1465 828
1465 827
1464 827
1464 825
1462 825
1462 824
1460 824
1460 825
1458 825
1458 827
1455 827
1455 828
1453 828
1453 829
1451 829
1451 831
1450 831
1450 832
1447 832
1447 833
1433 833
1433 832
1432 832
1432 831
1429 831
1429 830
1423 830
1423 829
1419 829
1419 830
1417 830
1417 831
1411 831
1411 832
1391 832
1391 831
1387 831
1387 830
1384 830
1384 829
1383 829
1383 828
1382 828
1382 827
1381 827
1381 826
1380 826
1380 824
1377 824
1377 823
1373 823
1373 822
1372 822
1372 821
1370 821
1370 820
1369 820
1369 819
1368 819
1368 818
1367 818
1367 815
1366 815
1366 814
1364 814
1364 813
1361 813
1361 812
1358 812
1358 811
1357 811
1357 810
1356 810
1356 809
1355 809
1355 807
1354 807
1354 802
1351 802
1351 801
1349 801
1349 800
1347 800
1347 799
1346 799
1346 798
1345 798
1345 797
1344 797
1344 795
1343 795
1343 793
1342 793
1342 790
1338 790
1338 789
1337 789
1337 788
1335 788
1335 787
1333 787
1333 786
1332 786
1332 785
1331 785
1331 784
1330 784
1330 781
1329 781
1329 772
1326 772
1326 773
1324 773
1324 774
1323 774
1323 775
1321 775
1321 776
1320 776
1320 777
1317 777
1317 778
1316 778
1316 779
1315 779
1315 780
1314 780
1314 781
1308 781
1308 780
1306 780
1306 781
1304 781
1304 782
1299 782
1299 783
1298 783
1298 784
1297 784
1297 788
1296 788
1296 792
1295 792
1295 793
1293 793
1293 794
1290 794
1290 795
1289 795
1289 796
1287 796
1287 797
1286 797
1286 798
1285 798
1285 799
1282 799
1282 800
1280 800
1280 801
1278 801
1278 802
1274 802
1274 803
1271 803
1271 802
1260 802
1260 801
1259 801
1259 800
1255 800
1255 799
1253 799
1253 798
1251 798
1251 797
1250 797
1250 796
1249 796
1249 795
1248 795
1248 794
1247 794
1247 792
1246 792
1246 788
1245 788
1245 787
1240 787
1240 786
1239 786
1239 785
1237 785
1237 784
1236 784
1236 783
1235 783
1235 782
1233 782
1233 781
1232 781
1232 780
1228 780
1228 779
1225 779
1225 778
1223 778
1223 777
1222 777
1222 776
1221 776
1221 775
1220 775
1220 766
1219 766
1219 765
1199 765
1199 766
1181 766
1181 765
1180 765
1180 764
1177 764
1177 763
1175 763
1175 762
1174 762
1174 761
1173 761
1173 760
1172 760
1172 759
1171 759
1171 751
1170 751
1170 750
1169 750
1169 749
1164 749
1164 748
1161 748
1161 747
1160 747
1160 744
1159 744
1159 741
1158 741
1158 734
1159 734
1159 722
1158 722
1158 721
1155 721
1155 720
1151 720
1151 719
1149 719
1149 718
1148 718
1148 717
1147 717
1147 713
1146 713
1146 709
1145 709
1145 690
1144 690
1144 689
1142 689
1142 688
1138 688
1138 687
1136 687
1136 686
1135 686
1135 685
1134 685
1134 682
1133 682
1133 680
1131 680
1131 679
1127 679
1127 678
1124 678
1124 677
1123 677
1123 676
1122 676
1122 674
1121 674
1121 671
1111 671
1111 672
1105 672
1105 671
1093 671
1093 670
1092 670
1092 671
1080 671
1080 670
1077 670
1077 669
1076 669
1076 668
1075 668
1075 667
1074 667
1074 666
1073 666
1073 664
1069 664
1069 663
1065 663
1065 662
1063 662
1063 661
1062 661
1062 660
1061 660
1061 657
1060 657
1060 643
1059 643
1059 641
1058 641
1058 640
1054 640
1054 639
1052 639
1052 638
1050 638
1050 637
1049 637
1049 630
1048 630
1048 628
1047 628
1047 627
1046 627
1046 626
1044 626
1044 625
1039 625
1039 624
1038 624
1038 623
1037 623
1037 622
1036 622
1036 620
1035 620
1035 612
1034 612
1034 611
1033 611
1033 610
1032 610
1032 609
1027 609
1027 608
1026 608
1026 607
1025 607
1025 606
1023 606
1023 605
1022 605
1022 604
1019 604
1019 603
1016 603
1016 602
1013 602
1013 601
1012 601
1012 605
1011 605
1011 610
1012 610
1012 641
1011 641
1011 643
1010 643
1010 644
1009 644
1009 646
1008 646
1008 647
1007 647
1007 649
1006 649
1006 650
1003 650
1003 649
1001 649
1001 684
1000 684
1000 685
999 685
999 688
998 688
998 689
995 689
995 690
993 690
993 691
990 691
990 709
991 709
991 713
990 713
990 719
989 719
989 720
988 720
988 721
987 721
987 722
986 722
986 723
978 723
978 722
972 722
972 721
971 721
971 720
967 720
967 719
963 719
963 718
960 718
960 717
959 717
959 716
958 716
958 715
957 715
957 709
951 709
951 708
950 708
950 707
948 707
948 706
947 706
947 705
946 705
946 704
945 704
945 700
944 700
944 697
937 697
937 696
935 696
935 695
934 695
934 694
933 694
933 693
931 693
931 692
929 692
929 691
922 691
922 689
921 689
921 687
920 687
920 681
919 681
919 677
920 677
920 671
919 671
919 668
913 668
913 667
911 667
911 666
910 666
910 665
909 665
909 664
908 664
908 663
907 663
907 661
899 661
899 660
898 660
898 659
897 659
897 658
896 658
896 656
895 656
895 655
889 655
889 654
888 654
888 653
886 653
886 652
885 652
885 651
884 651
884 650
883 650
883 644
882 644
882 643
878 643
878 642
877 642
877 641
874 641
874 640
873 640
873 639
872 639
872 636
871 636
871 634
869 634
869 633
865 633
865 632
861 632
861 631
860 631
860 630
859 630
859 629
858 629
858 600
857 600
857 580
856 580
856 572
855 572
855 525
854 525
854 524
847 524
847 525
846 525
846 526
844 526
844 528
843 528
843 529
842 529
842 530
840 530
840 531
838 531
838 532
832 532
832 533
831 533
831 534
830 534
830 535
829 535
829 536
826 536
826 537
822 537
822 538
821 538
821 539
820 539
820 541
819 541
819 542
817 542
817 543
813 543
813 544
811 544
811 545
810 545
810 546
809 546
809 547
808 547
808 548
807 548
807 549
806 549
806 550
805 550
805 551
804 551
804 552
798 552
798 553
788 553
788 554
787 554
787 555
785 555
785 556
783 556
783 557
780 557
780 558
777 558
777 557
773 557
773 558
766 558
766 557
765 557
765 556
764 556
764 555
763 555
763 554
762 554
762 551
761 551
761 550
755 550
755 549
753 549
753 548
752 548
752 547
751 547
751 546
750 546
750 543
749 543
749 541
747 541
747 540
742 540
742 539
741 539
741 538
740 538
740 537
739 537
739 534
738 534
738 523
737 523
737 505
736 505
736 498
734 498
734 497
729 497
729 496
728 496
728 495
726 495
726 494
725 494
725 492
724 492
724 483
723 483
723 473
724 473
724 432
725 432
725 430
724 430
724 418
723 418
723 406
722 406
722 396
721 396
721 389
719 389
719 388
714 388
714 387
712 387
712 386
711 386
711 385
703 385
703 386
701 386
701 388
700 388
700 389
699 389
699 390
698 390
698 391
697 391
697 392
696 392
696 393
695 393
695 394
693 394
693 395
680 395
680 394
675 394
675 395
669 395
669 394
667 394
667 393
664 393
664 392
657 392
657 391
655 391
655 390
654 390
654 389
652 389
652 388
642 388
642 387
641 387
641 386
632 386
632 385
630 385
630 384
629 384
629 383
628 383
628 381
627 381
627 379
624 379
624 378
620 378
620 377
618 377
618 376
617 376
617 374
616 374
616 373
615 373
615 369
616 369
616 366
615 366
615 364
614 364
614 336
613 336
613 325
612 325
612 324
611 324
611 325
608 325
608 324
596 324
596 323
594 323
594 322
593 322
593 321
590 321
590 320
589 320
589 345
588 345
588 349
587 349
587 352
586 352
586 353
585 353
585 354
573 354
573 353
572 353
572 352
571 352
571 351
570 351
570 350
569 350
569 349
568 349
568 348
567 348
567 347
565 347
565 346
564 346
564 345
560 345
560 344
559 344
559 343
558 343
558 342
557 342
557 341
556 341
556 340
555 340
555 339
554 339
554 337
553 337
553 333
552 333
552 331
550 331
550 330
548 330
548 329
547 329
547 328
545 328
545 327
543 327
543 326
542 326
542 325
541 325
541 323
540 323
540 322
539 322
539 275
530 275
530 274
523 274
523 273
521 273
521 272
520 272
520 271
511 271
511 270
510 270
510 269
508 269
508 268
507 268
507 267
506 267
506 266
502 266
502 267
496 267
496 268
495 268
495 267
480 267
480 266
476 266
476 265
474 265
474 264
473 264
473 263
471 263
471 262
466 262
466 261
464 261
464 260
463 260
463 259
461 259
461 258
459 258
459 257
457 257
457 256
454 256
454 255
450 255
450 254
449 254
449 253
447 253
447 252
446 252
446 251
445 251
445 250
444 250
444 249
443 249
443 247
442 247
442 232
443 232
443 220
442 220
442 206
443 206
443 204
444 204
444 190
443 190
443 189
442 189
442 186
441 186
441 185
432 185
432 186
430 186
430 187
428 187
428 188
422 188
422 189
418 189
418 188
413 188
413 187
411 187
411 186
408 186
408 185
406 185
406 184
405 184
405 183
403 183
403 182
402 182
402 181
401 181
401 180
400 180
400 176
399 176
399 174
398 174
398 173
397 173
397 172
396 172
396 171
395 171
395 170
394 170
394 169
393 169
393 168
392 168
392 162
393 162
393 168
394 168
394 169
395 169
395 170
396 170
396 171
397 171
397 172
398 172
398 173
399 173
399 174
400 174
400 176
401 176
401 180
402 180
402 181
403 181
403 182
405 182
405 183
406 183
406 184
408 184
408 185
411 185
411 186
413 186
413 187
418 187
418 188
422 188
422 187
428 187
428 186
430 186
430 185
432 185
432 184
441 184
441 185
442 185
442 186
443 186
443 189
444 189
444 190
445 190
445 204
444 204
444 206
443 206
443 220
444 220
444 232
443 232
443 247
444 247
444 249
445 249
445 250
446 250
446 251
447 251
447 252
449 252
449 253
450 253
450 254
454 254
454 255
457 255
457 256
459 256
459 257
461 257
461 258
463 258
463 259
464 259
464 260
466 260
466 261
471 261
471 262
473 262
473 263
474 263
474 264
476 264
476 265
480 265
480 266
495 266
495 267
496 267
496 266
502 266
502 265
506 265
506 266
507 266
507 267
508 267
508 268
510 268
510 269
511 269
511 270
520 270
520 271
521 271
521 272
523 272
523 273
530 273
530 274
539 274
539 275
540 275
540 322
541 322
541 323
542 323
542 325
543 325
543 326
545 326
545 327
547 327
547 328
548 328
548 329
550 329
550 330
552 330
552 331
553 331
553 333
554 333
554 337
555 337
555 339
556 339
556 340
557 340
557 341
558 341
558 342
559 342
559 343
560 343
560 344
564 344
564 345
565 345
565 346
567 346
567 347
568 347
568 348
569 348
569 349
570 349
570 350
571 350
571 351
572 351
572 352
573 352
573 353
585 353
585 352
586 352
586 349
587 349
587 345
588 345
588 319
590 319
590 320
593 320
593 321
594 321
594 322
596 322
596 323
608 323
608 324
611 324
611 323
612 323
612 324
613 324
613 325
614 325
614 336
615 336
615 364
616 364
616 365
617 365
617 369
616 369
616 373
617 373
617 374
618 374
618 376
620 376
620 377
624 377
624 378
627 378
627 379
628 379
628 381
629 381
629 383
630 383
630 384
632 384
632 385
641 385
641 386
642 386
642 387
652 387
652 388
654 388
654 389
655 389
655 390
657 390
657 391
664 391
664 392
667 392
667 393
669 393
669 394
675 394
675 393
680 393
680 394
693 394
693 393
695 393
695 392
696 392
696 391
697 391
697 390
698 390
698 389
699 389
699 388
700 388
700 386
701 386
701 385
703 385
703 384
711 384
711 385
712 385
712 386
714 386
714 387
719 387
719 388
721 388
721 389
722 389
722 396
723 396
723 406
724 406
724 418
725 418
725 430
726 430
726 432
725 432
725 473
724 473
724 483
725 483
725 492
726 492
726 494
728 494
728 495
729 495
729 496
734 496
734 497
737 497
737 505
738 505
738 523
739 523
739 534
740 534
740 537
741 537
741 538
742 538
742 539
747 539
747 540
749 540
749 541
750 541
750 543
751 543
751 546
752 546
752 547
753 547
753 548
755 548
755 549
761 549
761 550
762 550
762 551
763 551
763 554
764 554
764 555
765 555
765 556
766 556
766 557
773 557
773 556
777 556
777 557
780 557
780 556
783 556
783 555
785 555
785 554
787 554
787 553
788 553
788 552
798 552
798 551
804 551
804 550
805 550
805 549
806 549
806 548
807 548
807 547
808 547
808 546
809 546
809 545
810 545
810 544
811 544
811 543
813 543
813 542
817 542
817 541
819 541
819 539
820 539
820 538
821 538
821 537
822 537
822 536
826 536
826 535
829 535
829 534
830 534
830 533
831 533
831 532
832 532
832 531
838 531
838 530
840 530
840 529
842 529
842 528
843 528
843 526
844 526
844 525
846 525
846 524
847 524
847 523
854 523
854 524
855 524
855 525
856 525
856 572
857 572
857 580
858 580
858 600
859 600
859 629
860 629
860 630
861 630
861 631
865 631
865 632
869 632
869 633
871 633
871 634
872 634
872 636
873 636
873 639
874 639
874 640
877 640
877 641
878 641
878 642
883 642
