3285 245
3284 245
3284 246
3281 246
3281 247
3277 247
3277 248
3276 248
3276 249
3274 249
3274 250
3269 250
3269 251
3266 251
3266 252
3261 252
3261 253
3260 253
3260 254
3259 254
3259 255
3250 255
3250 254
3246 254
3246 253
3242 253
3242 252
3235 252
3235 251
3232 251
3232 250
3231 250
3231 249
3228 249
3228 248
3223 248
3223 249
3220 249
3220 250
3217 250
3217 251
3216 251
3216 252
3215 252
3215 253
3212 253
3212 254
3209 254
3209 255
3208 255
3208 256
3207 256
3207 276
3206 276
3206 315
3205 315
3205 317
3204 317
3204 319
3203 319
3203 320
3200 320
3200 321
3199 321
3199 322
3198 322
3198 323
3196 323
3196 324
3194 324
3194 325
3193 325
3193 329
3192 329
3192 336
3191 336
3191 337
3190 337
3190 338
3184 338
3184 339
3172 339
3172 340
3168 340
3168 341
3167 341
3167 342
3157 342
3157 343
3142 343
3142 342
3140 342
3140 341
3136 341
3136 340
3135 340
3135 339
3134 339
3134 338
3133 338
3133 337
3131 337
3131 336
3128 336
3128 335
3115 335
3115 334
3114 334
3114 333
3113 333
3113 332
3111 332
3111 331
3109 331
3109 330
3105 330
3105 329
3101 329
3101 328
3100 328
3100 329
3094 329
3094 328
3091 328
3091 329
3089 329
3089 330
3088 330
3088 331
3086 331
3086 332
3077 332
3077 333
3075 333
3075 334
3067 334
3067 335
3066 335
3066 368
3065 368
3065 374
3064 374
3064 375
3063 375
3063 376
3062 376
3062 377
3058 377
3058 378
3049 378
3049 379
3039 379
3039 380
3030 380
3030 381
3029 381
3029 380
3021 380
3021 381
3020 381
3020 382
3019 382
3019 384
3018 384
3018 385
3017 385
3017 386
3016 386
3016 387
3009 387
3009 388
3007 388
3007 389
3006 389
3006 390
3005 390
3005 391
3004 391
3004 392
3003 392
3003 393
3001 393
3001 394
2999 394
2999 395
2997 395
2997 396
2996 396
2996 397
2995 397
2995 398
2994 398
2994 399
2993 399
2993 400
2989 400
2989 401
2986 401
2986 402
2985 402
2985 403
2984 403
2984 405
2983 405
2983 406
2981 406
2981 407
2979 407
2979 408
2973 408
2973 409
2972 409
2972 421
2971 421
2971 427
2970 427
2970 428
2969 428
2969 429
2968 429
2968 430
2966 430
2966 431
2963 431
2963 432
2956 432
2956 433
2954 433
2954 434
2950 434
2950 433
2946 433
2946 432
2943 432
2943 431
2941 431
2941 430
2940 430
2940 429
2939 429
2939 428
2938 428
2938 427
2937 427
2937 426
2936 426
2936 424
2935 424
2935 423
2934 423
2934 421
2933 421
2933 420
2932 420
2932 419
2930 419
2930 418
2928 418
2928 417
2926 417
2926 416
2925 416
2925 415
2923 415
2923 414
2920 414
2920 413
2919 413
2919 412
2918 412
2918 411
2917 411
2917 410
2916 410
2916 408
2915 408
2915 407
2914 407
2914 405
2913 405
2913 403
2912 403
2912 402
2911 402
2911 401
2909 401
2909 400
2906 400
2906 399
2905 399
2905 398
2904 398
2904 397
2903 397
2903 396
2902 396
2902 395
2901 395
2901 392
2900 392
2900 390
2899 390
2899 389
2898 389
2898 387
2897 387
2897 386
2896 386
2896 385
2895 385
2895 381
2894 381
2894 378
2893 378
2893 377
2892 377
2892 374
2891 374
2891 373
2889 373
2889 372
2885 372
2885 371
2880 371
2880 372
2879 372
2879 373
2878 373
2878 406
2877 406
2877 447
2876 447
2876 449
2875 449
2875 451
2874 451
2874 452
2873 452
2873 453
2872 453
2872 454
2870 454
2870 455
2866 455
2866 456
2865 456
2865 492
2864 492
2864 494
2863 494
2863 496
2862 496
2862 497
2860 497
2860 498
2858 498
2858 499
2857 499
2857 500
2856 500
2856 501
2854 501
2854 502
2852 502
2852 503
2851 503
2851 504
2850 504
2850 505
2849 505
2849 506
2848 506
2848 507
2845 507
2845 508
2843 508
2843 509
2842 509
2842 510
2841 510
2841 511
2840 511
2840 512
2839 512
2839 513
2837 513
2837 514
2830 514
2830 513
2822 513
2822 512
2811 512
2811 513
2810 513
2810 514
2808 514
2808 515
2807 515
2807 516
2806 516
2806 517
2805 517
2805 519
2803 519
2803 520
2800 520
2800 519
2785 519
2785 520
2783 520
2783 521
2781 521
2781 522
2778 522
2778 523
2776 523
2776 522
2770 522
2770 523
2769 523
2769 522
2765 522
2765 521
2762 521
2762 520
2760 520
2760 519
2753 519
2753 518
2749 518
2749 517
2747 517
2747 516
2745 516
2745 515
2739 515
2739 514
2737 514
2737 513
2736 513
2736 512
2734 512
2734 511
2733 511
2733 508
2732 508
2732 507
2731 507
2731 501
2730 501
2730 500
2729 500
2729 499
2728 499
2728 498
2727 498
2727 499
2723 499
2723 500
2721 500
2721 501
2704 501
2704 500
2702 500
2702 499
2701 499
2701 498
2700 498
2700 497
2697 497
2697 496
2694 496
2694 495
2690 495
2690 494
2689 494
2689 493
2688 493
2688 492
2687 492
2687 491
2686 491
2686 490
2685 490
2685 489
2684 489
2684 488
2683 488
2683 487
2682 487
2682 486
2681 486
2681 485
2679 485
2679 484
2676 484
2676 483
2675 483
2675 482
2674 482
2674 481
2673 481
2673 479
2672 479
2672 477
2671 477
2671 476
2670 476
2670 475
2658 475
2658 476
2657 476
2657 477
2656 477
2656 479
2655 479
2655 482
2654 482
2654 484
2653 484
2653 485
2652 485
2652 486
2651 486
2651 487
2650 487
2650 488
2648 488
2648 489
2645 489
2645 490
2643 490
2643 491
2641 491
2641 492
2640 492
2640 493
2639 493
2639 494
2634 494
2634 495
2632 495
2632 496
2630 496
2630 497
2627 497
2627 498
2625 498
2625 499
2617 499
2617 500
2614 500
2614 501
2608 501
2608 502
2605 502
2605 503
2603 503
2603 504
2601 504
2601 505
2600 505
2600 506
2598 506
2598 507
2597 507
2597 508
2596 508
2596 509
2595 509
2595 510
2594 510
2594 511
2592 511
2592 512
2588 512
2588 513
2586 513
2586 514
2580 514
2580 515
2578 515
2578 516
2575 516
2575 517
2574 517
2574 518
2573 518
2573 519
2572 519
2572 520
2571 520
2571 521
2570 521
2570 522
2569 522
2569 523
2568 523
2568 524
2563 524
2563 525
2551 525
2551 524
2538 524
2538 523
2537 523
2537 522
2536 522
2536 521
2535 521
2535 520
2529 520
2529 521
2528 521
2528 522
2527 522
2527 523
2524 523
2524 524
2522 524
2522 525
2521 525
2521 530
2520 530
2520 534
2519 534
2519 535
2518 535
2518 536
2505 536
2505 537
2504 537
2504 536
2481 536
2481 537
2477 537
2477 538
2476 538
2476 539
2474 539
2474 540
2472 540
2472 541
2470 541
2470 542
2462 542
2462 543
2460 543
2460 544
2453 544
2453 545
2452 545
2452 548
2451 548
2451 560
2450 560
2450 561
2449 561
2449 562
2444 562
2444 561
2437 561
2437 562
2426 562
2426 563
2406 563
2406 564
2404 564
2404 565
2403 565
2403 567
2385 567
2385 570
2384 570
2384 573
2383 573
2383 575
2382 575
2382 576
2381 576
2381 577
2380 577
2380 578
2379 578
2379 579
2378 579
2378 580
2362 580
2362 579
2360 579
2360 578
2358 578
2358 577
2355 577
2355 576
2349 576
2349 575
2345 575
2345 574
2344 574
2344 575
2341 575
2341 576
2332 576
2332 575
2321 575
2321 576
2320 576
2320 575
2316 575
2316 574
2315 574
2315 573
2313 573
2313 572
2312 572
2312 571
2311 571
2311 570
2310 570
2310 569
2309 569
2309 568
2308 568
2308 567
2307 567
2307 565
2306 565
2306 563
2305 563
2305 469
2304 469
2304 466
2303 466
2303 465
2302 465
2302 464
2301 464
2301 463
2300 463
2300 461
2299 461
2299 460
2298 460
2298 457
2297 457
2297 446
2296 446
2296 444
2295 444
2295 443
2294 443
2294 442
2292 442
2292 441
2290 441
2290 440
2289 440
2289 439
2285 439
2285 438
2282 438
2282 439
2274 439
2274 438
2265 438
2265 439
2264 439
2264 443
2263 443
2263 448
2262 448
2262 449
2251 449
2251 450
2249 450
2249 451
2240 451
2240 452
2239 452
2239 466
2240 466
2240 467
2239 467
2239 474
2238 474
2238 475
2237 475
2237 476
2235 476
2235 477
2233 477
2233 476
2229 476
2229 477
2226 477
2226 478
2225 478
2225 479
2218 479
2218 480
2217 480
2217 481
2216 481
2216 482
2215 482
2215 483
2214 483
2214 506
2213 506
2213 537
2214 537
2214 544
2213 544
2213 557
2212 557
2212 559
2211 559
2211 560
2209 560
2209 561
2206 561
2206 562
2205 562
2205 561
2204 561
2204 560
2202 560
2202 559
2197 559
2197 558
2191 558
2191 557
2187 557
2187 556
2184 556
2184 555
2182 555
2182 554
2180 554
2180 553
2179 553
2179 552
2177 552
2177 551
2176 551
2176 550
2175 550
2175 549
2174 549
2174 547
2173 547
2173 545
2172 545
2172 544
2171 544
2171 543
2168 543
2168 542
2163 542
2163 541
2161 541
2161 540
2159 540
2159 539
2158 539
2158 538
2157 538
2157 537
2156 537
2156 536
2155 536
2155 535
2154 535
2154 534
2153 534
2153 532
2152 532
2152 525
2151 525
2151 519
2152 519
2152 514
2151 514
2151 513
2148 513
2148 512
2144 512
2144 511
2140 511
2140 510
2137 510
2137 509
2136 509
2136 508
2135 508
2135 507
2134 507
2134 506
2133 506
2133 505
2132 505
2132 504
2131 504
2131 503
2130 503
2130 502
2129 502
2129 501
2128 501
2128 500
2125 500
2125 499
2115 499
2115 498
2113 498
2113 497
2109 497
2109 496
2102 496
2102 497
2100 497
2100 498
2099 498
2099 506
2098 506
2098 524
2097 524
2097 525
2096 525
2096 526
2095 526
2095 527
2093 527
2093 528
2091 528
2091 527
2086 527
2086 526
2082 526
2082 525
2079 525
2079 524
2077 524
2077 523
2076 523
2076 522
2074 522
2074 521
2072 521
2072 520
2069 520
2069 519
2067 519
2067 518
2066 518
2066 517
2065 517
2065 516
2064 516
2064 515
2063 515
2063 514
2062 514
2062 513
2061 513
2061 512
2059 512
2059 511
2058 511
2058 510
2057 510
2057 509
2055 509
2055 508
2054 508
2054 507
2053 507
2053 506
2049 506
2049 505
2046 505
2046 504
2043 504
2043 503
2041 503
2041 501
2040 501
2040 498
2039 498
2039 490
2038 490
2038 475
2039 475
2039 472
2038 472
2038 469
2037 469
2037 468
2036 468
2036 467
2035 467
2035 466
2034 466
2034 465
2033 465
2033 464
2032 464
2032 463
2027 463
2027 464
2014 464
2014 465
2011 465
2011 466
2007 466
2007 465
1997 465
1997 464
1995 464
1995 463
1994 463
1994 460
1993 460
1993 458
1992 458
1992 457
1990 457
1990 456
1988 456
1988 455
1987 455
1987 454
1986 454
1986 453
1984 453
1984 452
1982 452
1982 451
1978 451
1978 450
1976 450
1976 449
1972 449
1972 448
1965 448
1965 447
1963 447
1963 446
1962 446
1962 445
1961 445
1961 442
1960 442
1960 437
1959 437
1959 413
1958 413
1958 410
1957 410
1957 409
1956 409
1956 408
1955 408
1955 407
1946 407
1946 406
1941 406
1941 405
1939 405
1939 404
1938 404
1938 402
1937 402
1937 400
1936 400
1936 394
1935 394
1935 389
1936 389
1936 383
1935 383
1935 357
1934 357
1934 356
1926 356
1926 359
1925 359
1925 360
1924 360
1924 361
1923 361
1923 362
1917 362
1917 363
1916 363
1916 364
1915 364
1915 365
1914 365
1914 367
1913 367
1913 368
1912 368
1912 367
1903 367
1903 368
1902 368
1902 369
1901 369
1901 370
1900 370
1900 371
1888 371
1888 370
1882 370
1882 371
1878 371
1878 372
1865 372
1865 371
1863 371
1863 370
1862 370
1862 369
1861 369
1861 348
1860 348
1860 346
1859 346
1859 345
1858 345
1858 344
1857 344
1857 343
1856 343
1856 342
1850 342
1850 343
1849 343
1849 342
1844 342
1844 341
1841 341
1841 340
1839 340
1839 339
1838 339
1838 336
1837 336
1837 334
1836 334
1836 333
1835 333
1835 331
1834 331
1834 330
1833 330
1833 329
1832 329
1832 328
1831 328
1831 327
1829 327
1829 326
1828 326
1828 325
1826 325
1826 324
1825 324
1825 323
1824 323
1824 321
1823 321
1823 319
1822 319
1822 317
1821 317
1821 316
1820 316
1820 312
1819 312
1819 311
1818 311
1818 310
1817 310
1817 309
1815 309
1815 308
1814 308
1814 307
1813 307
1813 306
1812 306
1812 305
1811 305
1811 304
1810 304
1810 303
1809 303
1809 280
1810 280
1810 276
1809 276
1809 272
1808 272
1808 270
1807 270
1807 269
1806 269
1806 268
1804 268
1804 267
1803 267
1803 266
1800 266
1800 265
1799 265
1799 264
1798 264
1798 263
1793 263
1793 262
1790 262
1790 261
1787 261
1787 260
1786 260
1786 261
1783 261
1783 260
1780 260
1780 259
1779 259
1779 258
1777 258
1777 257
1776 257
1776 255
1775 255
1775 253
1774 253
1774 246
1773 246
1773 243
1772 243
1772 242
1771 242
1771 241
1770 241
1770 240
1758 240
1758 241
1754 241
1754 240
1750 240
1750 239
1748 239
1748 238
1743 238
1743 237
1738 237
1738 238
1736 238
1736 239
1734 239
1734 240
1733 240
1733 241
1731 241
1731 242
1728 242
1728 243
1710 243
1710 242
1706 242
1706 241
1699 241
1699 240
1696 240
1696 239
1694 239
1694 238
1693 238
1693 237
1692 237
1692 236
1691 236
1691 234
1690 234
1690 233
1689 233
1689 232
1686 232
1686 231
1680 231
1680 230
1678 230
1678 229
1675 229
1675 228
1674 228
1674 227
1673 227
1673 226
1672 226
1672 224
1671 224
1671 221
1670 221
1670 219
1669 219
1669 207
1668 207
1668 204
1667 204
1667 203
1666 203
1666 202
1663 202
1663 201
1661 201
1661 200
1660 200
1660 199
1659 199
1659 198
1658 198
1658 197
1657 197
1657 195
1656 195
1656 194
1655 194
1655 193
1654 193
1654 192
1651 192
1651 191
1649 191
1649 190
1647 190
1647 189
1644 189
1644 188
1642 188
1642 187
1640 187
1640 186
1638 186
1638 185
1636 185
1636 184
1635 184
1635 182
1634 182
1634 181
1633 181
1633 180
1632 180
1632 179
1631 179
1631 178
1629 178
1629 177
1625 177
1625 176
1622 176
1622 175
1618 175
1618 174
1616 174
1616 173
1613 173
1613 172
1612 172
1612 170
1611 170
1611 165
1610 165
1610 161
1611 161
1611 156
1610 156
1610 155
1609 155
1609 154
1606 154
1606 153
1603 153
1603 152
1598 152
1598 151
1596 151
1596 150
1592 150
1592 149
1590 149
1590 148
1589 148
1589 147
1588 147
1588 145
1587 145
1587 140
1586 140
1586 138
1585 138
1585 137
1583 137
1583 136
1582 136
1582 135
1580 135
1580 134
1578 134
1578 133
1577 133
1577 131
1576 131
1576 101
1575 101
1575 98
1574 98
1574 97
1570 97
1570 96
1568 96
1568 95
1567 95
1567 94
1566 94
1566 93
1563 93
1563 92
1562 92
1562 91
1554 91
1554 90
1543 90
1543 91
1540 91
1540 92
1538 92
1538 93
1537 93
1537 94
1536 94
1536 96
1535 96
1535 97
1534 97
1534 99
1533 99
1533 101
1532 101
1532 102
1530 102
1530 103
1528 103
1528 104
1522 104
1522 105
1521 105
1521 107
1520 107
1520 108
1518 108
1518 109
1516 109
1516 110
1513 110
1513 111
1511 111
1511 112
1509 112
1509 113
1507 113
1507 114
1504 114
1504 115
1482 115
1482 114
1480 114
1480 113
1479 113
1479 112
1472 112
1472 111
1470 111
1470 110
1468 110
1468 109
1459 109
1459 110
1457 110
1457 109
1455 109
1455 110
1452 110
1452 111
1451 111
1451 112
1449 112
1449 113
1448 113
1448 114
1446 114
1446 115
1444 115
1444 116
1434 116
1434 114
1433 114
1433 116
1434 116
1434 117
1444 117
1444 116
1446 116
1446 115
1448 115
1448 114
1449 114
1449 113
1451 113
1451 112
1452 112
1452 111
1455 111
1455 110
1457 110
1457 111
1459 111
1459 110
1468 110
1468 111
1470 111
1470 112
1472 112
1472 113
1479 113
1479 114
1480 114
1480 115
1482 115
1482 116
1504 116
1504 115
1507 115
1507 114
1509 114
1509 113
1511 113
1511 112
1513 112
1513 111
1516 111
1516 110
1518 110
1518 109
1520 109
1520 108
1521 108
1521 107
1522 107
1522 105
1528 105
1528 104
1530 104
1530 103
1532 103
1532 102
1533 102
1533 101
1534 101
1534 99
1535 99
1535 97
1536 97
1536 96
1537 96
1537 94
1538 94
1538 93
1540 93
1540 92
1543 92
1543 91
1554 91
1554 92
1562 92
1562 93
1563 93
1563 94
1566 94
1566 95
1567 95
1567 96
1568 96
1568 97
1570 97
1570 98
1574 98
1574 101
1575 101
1575 131
1576 131
1576 133
1577 133
1577 134
1578 134
1578 135
1580 135
1580 136
1582 136
1582 137
1583 137
1583 138
1585 138
1585 140
1586 140
1586 145
1587 145
1587 147
1588 147
1588 148
1589 148
1589 149
1590 149
1590 150
1592 150
1592 151
1596 151
1596 152
1598 152
1598 153
1603 153
1603 154
1606 154
1606 155
1609 155
1609 156
1610 156
1610 161
1609 161
1609 165
1610 165
1610 170
1611 170
1611 172
1612 172
1612 173
1613 173
1613 174
1616 174
1616 175
1618 175
1618 176
1622 176
1622 177
1625 177
1625 178
1629 178
1629 179
1631 179
1631 180
1632 180
1632 181
1633 181
1633 182
1634 182
1634 184
1635 184
1635 185
1636 185
1636 186
1638 186
1638 187
1640 187
1640 188
1642 188
1642 189
1644 189
1644 190
1647 190
1647 191
1649 191
1649 192
1651 192
1651 193
1654 193
1654 194
1655 194
1655 195
1656 195
1656 197
1657 197
1657 198
1658 198
1658 199
1659 199
1659 200
1660 200
1660 201
1661 201
1661 202
1663 202
1663 203
1666 203
1666 204
1667 204
1667 207
1668 207
1668 219
1669 219
1669 221
1670 221
1670 224
1671 224
1671 226
1672 226
1672 227
1673 227
1673 228
1674 228
1674 229
1675 229
1675 230
1678 230
1678 231
1680 231
1680 232
1686 232
1686 233
1689 233
1689 234
1690 234
1690 236
1691 236
1691 237
1692 237
1692 238
1693 238
1693 239
1694 239
1694 240
1696 240
1696 241
1699 241
1699 242
1706 242
1706 243
1710 243
1710 244
1728 244
1728 243
1731 243
1731 242
1733 242
1733 241
1734 241
1734 240
1736 240
1736 239
1738 239
1738 238
1743 238
1743 239
1748 239
1748 240
1750 240
1750 241
1754 241
1754 242
1758 242
1758 241
1770 241
1770 242
1771 242
1771 243
1772 243
1772 246
1773 246
1773 253
1774 253
1774 255
1775 255
1775 257
1776 257
1776 258
1777 258
1777 259
1779 259
1779 260
1780 260
1780 261
1783 261
1783 262
1786 262
1786 261
1787 261
1787 262
1790 262
1790 263
1793 263
1793 264
1798 264
1798 265
1799 265
1799 266
1800 266
1800 267
1803 267
1803 268
1804 268
1804 269
1806 269
1806 270
1807 270
1807 272
1808 272
1808 276
1809 276
1809 280
1808 280
1808 303
1809 303
1809 304
1810 304
1810 305
1811 305
1811 306
1812 306
1812 307
1813 307
1813 308
1814 308
1814 309
1815 309
1815 310
1817 310
1817 311
1818 311
1818 312
1819 312
1819 316
1820 316
1820 317
1821 317
1821 319
1822 319
1822 321
1823 321
1823 323
1824 323
1824 324
1825 324
1825 325
1826 325
1826 326
1828 326
1828 327
1829 327
1829 328
1831 328
1831 329
1832 329
1832 330
1833 330
1833 331
1834 331
1834 333
1835 333
1835 334
1836 334
1836 336
1837 336
1837 339
1838 339
1838 340
1839 340
1839 341
1841 341
1841 342
1844 342
1844 343
1849 343
1849 344
1850 344
1850 343
1856 343
1856 344
1857 344
1857 345
1858 345
1858 346
1859 346
1859 348
1860 348
1860 369
1861 369
1861 370
1862 370
1862 371
1863 371
1863 372
1865 372
1865 373
1878 373
1878 372
1882 372
1882 371
1888 371
1888 372
1900 372
1900 371
1901 371
1901 370
1902 370
1902 369
1903 369
1903 368
1912 368
1912 369
1913 369
1913 368
1914 368
1914 367
1915 367
1915 365
1916 365
1916 364
1917 364
1917 363
1924 363
1924 361
1925 361
1925 360
1927 360
1927 357
1934 357
1934 383
1935 383
1935 389
1934 389
1934 394
1935 394
1935 400
1936 400
1936 402
1937 402
1937 404
1938 404
1938 405
1939 405
1939 406
1941 406
1941 407
1946 407
1946 408
1955 408
1955 409
1956 409
1956 410
1957 410
1957 413
1958 413
1958 437
1959 437
1959 442
1960 442
1960 445
1961 445
1961 446
1962 446
1962 447
1963 447
1963 448
1965 448
1965 449
1972 449
1972 450
1976 450
1976 451
1978 451
1978 452
1982 452
1982 453
1984 453
1984 454
1986 454
1986 455
1987 455
1987 456
1988 456
1988 457
1990 457
1990 458
1992 458
1992 460
1993 460
1993 463
1994 463
1994 464
1995 464
1995 465
1997 465
1997 466
2007 466
2007 467
2011 467
2011 466
2014 466
2014 465
2027 465
2027 464
2032 464
2032 465
2033 465
2033 466
2034 466
2034 467
2035 467
2035 468
2036 468
2036 469
2037 469
2037 472
2038 472
2038 475
2037 475
2037 490
2038 490
2038 498
2039 498
2039 501
2040 501
2040 503
2041 503
2041 504
2043 504
2043 505
2046 505
2046 506
2049 506
2049 507
2053 507
2053 508
2054 508
2054 509
2055 509
2055 510
2057 510
2057 511
2058 511
2058 512
2059 512
2059 513
2061 513
2061 514
2062 514
2062 515
2063 515
2063 516
2064 516
2064 517
2065 517
2065 518
2066 518
2066 519
2067 519
2067 520
2069 520
2069 521
2072 521
2072 522
2074 522
2074 523
2076 523
2076 524
2077 524
2077 525
2079 525
2079 526
2082 526
2082 527
2086 527
2086 528
2091 528
2091 529
2093 529
2093 528
2095 528
2095 527
2096 527
2096 526
2097 526
2097 525
2098 525
2098 524
2099 524
2099 506
2100 506
2100 498
2102 498
2102 497
2109 497
2109 498
2113 498
2113 499
2115 499
2115 500
2125 500
2125 501
2128 501
2128 502
2129 502
2129 503
2130 503
2130 504
2131 504
2131 505
2132 505
2132 506
2133 506
2133 507
2134 507
2134 508
2135 508
2135 509
2136 509
2136 510
2137 510
2137 511
2140 511
2140 512
2144 512
2144 513
2148 513
2148 514
2151 514
2151 519
2150 519
2150 525
2151 525
2151 532
2152 532
2152 534
2153 534
2153 535
2154 535
2154 536
2155 536
2155 537
2156 537
2156 538
2157 538
2157 539
2158 539
2158 540
2159 540
2159 541
2161 541
2161 542
2163 542
2163 543
2168 543
2168 544
2171 544
2171 545
2172 545
2172 547
2173 547
2173 549
2174 549
2174 550
2175 550
2175 551
2176 551
2176 552
2177 552
2177 553
2179 553
2179 554
2180 554
2180 555
2182 555
2182 556
2184 556
2184 557
2187 557
2187 558
2191 558
2191 559
2197 559
2197 560
2202 560
2202 561
2204 561
2204 562
2205 562
2205 563
2206 563
2206 562
2209 562
2209 561
2211 561
2211 560
2212 560
2212 559
2213 559
2213 557
2214 557
2214 544
2215 544
2215 537
2214 537
2214 506
2215 506
2215 483
2216 483
2216 482
2217 482
2217 481
2218 481
2218 480
2225 480
2225 479
2226 479
2226 478
2229 478
2229 477
2233 477
2233 478
2235 478
2235 477
2237 477
2237 476
2238 476
2238 475
2239 475
2239 474
2240 474
2240 467
2241 467
2241 466
2240 466
2240 452
2249 452
2249 451
2251 451
2251 450
2262 450
2262 449
2263 449
2263 448
2264 448
2264 443
2265 443
2265 439
2274 439
2274 440
2282 440
2282 439
2285 439
2285 440
2289 440
2289 441
2290 441
2290 442
2292 442
2292 443
2294 443
2294 444
2295 444
2295 446
2296 446
2296 457
2297 457
2297 460
2298 460
2298 461
2299 461
2299 463
2300 463
2300 464
2301 464
2301 465
2302 465
2302 466
2303 466
2303 469
2304 469
2304 563
2305 563
2305 565
2306 565
2306 567
2307 567
2307 568
2308 568
2308 569
2309 569
2309 570
2310 570
2310 571
2311 571
2311 572
2312 572
2312 573
2313 573
2313 574
2315 574
2315 575
2316 575
2316 576
2320 576
2320 577
2321 577
2321 576
2332 576
2332 577
2341 577
2341 576
2344 576
2344 575
2345 575
2345 576
2349 576
2349 577
2355 577
2355 578
2358 578
2358 579
2360 579
2360 580
2362 580
2362 581
2378 581
2378 580
2379 580
2379 579
2380 579
2380 578
2381 578
2381 577
2382 577
2382 576
2383 576
2383 575
2384 575
2384 573
2385 573
2385 570
2386 570
2386 568
2403 568
2403 567
2404 567
2404 565
2406 565
2406 564
2426 564
2426 563
2437 563
2437 562
2444 562
2444 563
2449 563
2449 562
2450 562
2450 561
2451 561
2451 560
2452 560
2452 548
2453 548
2453 545
2460 545
2460 544
2462 544
2462 543
2470 543
2470 542
2472 542
2472 541
2474 541
2474 540
2476 540
2476 539
2477 539
2477 538
2481 538
2481 537
2504 537
2504 538
2505 538
2505 537
2518 537
2518 536
2519 536
2519 535
2520 535
2520 534
2521 534
2521 530
2522 530
2522 525
2524 525
2524 524
2528 524
2528 522
2529 522
2529 521
2535 521
2535 522
2536 522
2536 523
2537 523
2537 525
2551 525
2551 526
2563 526
2563 525
2568 525
2568 524
2569 524
2569 523
2570 523
2570 522
2571 522
2571 521
2572 521
2572 520
2573 520
2573 519
2574 519
2574 518
2575 518
2575 517
2578 517
2578 516
2580 516
2580 515
2586 515
2586 514
2588 514
2588 513
2592 513
2592 512
2594 512
2594 511
2595 511
2595 510
2596 510
2596 509
2597 509
2597 508
2598 508
2598 507
2600 507
2600 506
2601 506
2601 505
2603 505
2603 504
2605 504
2605 503
2608 503
2608 502
2614 502
2614 501
2617 501
2617 500
2625 500
2625 499
2627 499
2627 498
2630 498
2630 497
2632 497
2632 496
2634 496
2634 495
2639 495
2639 494
2640 494
2640 493
2641 493
2641 492
2643 492
2643 491
2645 491
2645 490
2648 490
2648 489
2650 489
2650 488
2651 488
2651 487
2652 487
2652 486
2653 486
2653 485
2654 485
2654 484
2655 484
2655 482
2656 482
2656 479
2657 479
2657 477
2658 477
2658 476
2670 476
2670 477
2671 477
2671 479
2672 479
2672 481
2673 481
2673 482
2674 482
2674 483
2675 483
2675 484
2676 484
2676 485
2679 485
2679 486
2681 486
2681 487
2682 487
2682 488
2683 488
2683 489
2684 489
2684 490
2685 490
2685 491
2686 491
2686 492
2687 492
2687 493
2688 493
2688 494
2689 494
2689 495
2690 495
2690 496
2694 496
2694 497
2697 497
2697 498
2700 498
2700 499
2701 499
2701 500
2702 500
2702 501
2704 501
2704 502
2721 502
2721 501
2723 501
2723 500
2727 500
2727 499
2728 499
2728 500
2729 500
2729 501
2730 501
2730 507
2731 507
2731 508
2732 508
2732 511
2733 511
2733 512
2734 512
2734 513
2736 513
2736 514
2737 514
2737 515
2739 515
2739 516
2745 516
2745 517
2747 517
2747 518
2749 518
2749 519
2753 519
2753 520
2760 520
2760 521
2762 521
2762 522
2765 522
2765 523
2769 523
2769 524
2770 524
2770 523
2776 523
2776 524
2778 524
2778 523
2781 523
2781 522
2783 522
2783 521
2785 521
2785 520
2800 520
2800 521
2803 521
2803 520
2805 520
2805 519
2806 519
2806 517
2807 517
2807 516
2808 516
2808 515
2810 515
2810 514
2811 514
2811 513
2822 513
2822 514
2830 514
2830 515
2837 515
2837 514
2839 514
2839 513
2840 513
2840 512
2841 512
2841 511
2842 511
2842 510
2843 510
2843 509
2845 509
2845 508
2848 508
2848 507
2849 507
2849 506
2850 506
2850 505
2851 505
2851 504
2852 504
2852 503
2854 503
2854 502
2856 502
2856 501
2857 501
2857 500
2858 500
2858 499
2860 499
2860 498
2862 498
2862 497
2863 497
2863 496
2864 496
2864 494
2865 494
2865 492
2866 492
2866 456
2870 456
2870 455
2872 455
2872 454
2873 454
2873 453
2874 453
2874 452
2875 452
2875 451
2876 451
2876 449
2877 449
2877 447
2878 447
2878 406
2879 406
2879 373
2880 373
2880 372
2885 372
2885 373
2889 373
2889 374
2891 374
2891 377
2892 377
2892 378
2893 378
2893 381
2894 381
2894 385
2895 385
2895 386
2896 386
2896 387
2897 387
2897 389
2898 389
2898 390
2899 390
2899 392
2900 392
2900 395
2901 395
2901 396
2902 396
2902 397
2903 397
2903 398
2904 398
2904 399
2905 399
2905 400
2906 400
2906 401
2909 401
2909 402
2911 402
2911 403
2912 403
2912 405
2913 405
2913 407
2914 407
2914 408
2915 408
2915 410
2916 410
2916 411
2917 411
2917 412
2918 412
2918 413
2919 413
2919 414
2920 414
2920 415
2923 415
2923 416
2925 416
2925 417
2926 417
2926 418
2928 418
2928 419
2930 419
2930 420
2932 420
2932 421
2933 421
2933 423
2934 423
2934 424
2935 424
2935 426
2936 426
2936 427
2937 427
2937 428
2938 428
2938 429
2939 429
2939 430
2940 430
2940 431
2941 431
2941 432
2943 432
2943 433
2946 433
2946 434
2950 434
2950 435
2954 435
2954 434
2956 434
2956 433
2963 433
2963 432
2966 432
2966 431
2968 431
2968 430
2969 430
2969 429
2970 429
2970 428
2971 428
2971 427
2972 427
2972 421
2973 421
2973 409
2979 409
2979 408
2981 408
2981 407
2983 407
2983 406
2984 406
2984 405
2985 405
2985 403
2986 403
2986 402
2989 402
2989 401
2993 401
2993 400
2994 400
2994 399
2995 399
2995 398
2996 398
2996 397
2997 397
2997 396
2999 396
2999 395
3001 395
3001 394
3003 394
3003 393
3004 393
3004 392
3005 392
3005 391
3006 391
3006 390
3007 390
3007 389
3009 389
3009 388
3016 388
3016 387
3017 387
3017 386
3018 386
3018 385
3019 385
3019 384
3020 384
3020 382
3021 382
3021 381
3029 381
3029 382
3030 382
3030 381
3039 381
3039 380
3049 380
3049 379
3058 379
3058 378
3062 378
3062 377
3063 377
3063 376
3064 376
3064 375
3065 375
3065 374
3066 374
3066 368
3067 368
3067 335
3075 335
3075 334
3077 334
3077 333
3086 333
3086 332
3089 332
3089 330
3091 330
3091 329
3094 329
3094 330
3100 330
3100 329
3101 329
3101 330
3105 330
3105 331
3109 331
3109 332
3111 332
3111 333
3113 333
3113 334
3114 334
3114 336
3128 336
3128 337
3131 337
3131 338
3133 338
3133 339
3134 339
3134 340
3135 340
3135 341
3136 341
3136 342
3140 342
3140 343
3142 343
3142 344
3157 344
3157 343
3167 343
3167 342
3168 342
3168 341
3172 341
3172 340
3184 340
3184 339
3190 339
3190 338
3191 338
3191 337
3192 337
3192 336
3193 336
3193 329
3194 329
3194 325
3196 325
3196 324
3198 324
3198 323
3199 323
3199 322
3200 322
3200 321
3203 321
3203 320
3204 320
3204 319
3205 319
3205 317
3206 317
3206 315
3207 315
3207 276
3208 276
3208 256
3209 256
3209 255
3212 255
3212 254
3215 254
3215 253
3216 253
3216 252
3217 252
3217 251
3220 251
3220 250
3223 250
3223 249
3228 249
3228 250
3231 250
3231 251
3232 251
3232 252
3235 252
3235 253
3242 253
3242 254
3246 254
3246 255
3250 255
3250 256
3259 256
3259 255
3260 255
3260 254
3261 254
3261 253
3266 253
3266 252
3269 252
3269 251
3274 251
3274 250
3276 250
3276 249
3277 249
3277 248
3281 248
3281 247
3284 247
3284 246
3285 246
3285 245
3287 245
3287 244
3288 244
3288 243
3290 243
3290 242
3292 242
3292 241
3293 241
3293 240
3295 240
3295 239
3296 239
3296 238
3297 238
3297 237
3298 237
3298 236
3299 236
3299 231
3300 231
3300 227
3301 227
3301 223
3302 223
3302 221
3303 221
3303 220
3304 220
3304 219
3306 219
3306 218
3308 218
3308 217
3309 217
3309 216
3310 216
3310 215
3311 215
3311 212
3312 212
3312 210
3313 210
3313 209
3314 209
3314 105
3315 105
3315 97
3316 97
3316 96
3322 96
3322 95
3323 95
3323 94
3324 94
3324 93
3325 93
3325 92
3327 92
3327 91
3329 91
3329 90
3335 90
3335 91
3346 91
3346 90
3350 90
3350 89
3351 89
3351 88
3354 88
3354 87
3357 87
3357 86
3359 86
3359 85
3361 85
3361 84
3363 84
3363 83
3366 83
3366 82
3367 82
3367 80
3368 80
3368 79
3376 79
3376 80
3378 80
3378 81
3379 81
3379 82
3380 82
3380 83
3381 83
3381 84
3382 84
3382 85
3384 85
3384 86
3385 86
3385 87
3388 87
3388 88
3392 88
3392 89
3396 89
3396 90
3399 90
3399 91
3401 91
3401 92
3403 92
3403 91
3401 91
3401 90
3399 90
3399 89
3396 89
3396 88
3392 88
3392 87
3388 87
3388 86
3385 86
3385 85
3384 85
3384 84
3382 84
3382 83
3381 83
3381 82
3380 82
3380 81
3379 81
3379 80
3378 80
3378 79
3376 79
3376 78
3368 78
3368 79
3367 79
3367 80
3366 80
3366 82
3363 82
3363 83
3361 83
3361 84
3359 84
3359 85
3357 85
3357 86
3354 86
3354 87
3351 87
3351 88
3350 88
3350 89
3346 89
3346 90
3335 90
3335 89
3329 89
3329 90
3327 90
3327 91
3325 91
3325 92
3324 92
3324 93
3323 93
3323 94
3322 94
3322 95
3316 95
3316 96
3314 96
3314 105
3313 105
3313 209
3312 209
3312 210
3311 210
3311 212
3310 212
3310 215
3309 215
3309 216
3308 216
3308 217
3306 217
3306 218
3304 218
3304 219
3303 219
3303 220
3302 220
3302 221
3301 221
3301 223
3300 223
3300 227
3299 227
3299 231
3298 231
3298 236
3297 236
3297 237
3296 237
3296 238
3295 238
3295 239
3293 239
3293 240
3292 240
3292 241
3290 241
3290 242
3288 242
3288 243
3287 243
3287 244
3285 244
