1251 877
1252 877
1252 879
1253 879
1253 880
1254 880
1254 881
1255 881
1255 882
1256 882
1256 883
1258 883
1258 884
1260 884
1260 885
1262 885
1262 886
1264 886
1264 887
1266 887
1266 888
1267 888
1267 889
1268 889
1268 890
1270 890
1270 891
1271 891
1271 892
1272 892
1272 902
1273 902
1273 905
1274 905
1274 906
1275 906
1275 907
1276 907
1276 908
1277 908
1277 909
1278 909
1278 910
1280 910
1280 911
1281 911
1281 912
1282 912
1282 913
1283 913
1283 915
1284 915
1284 918
1285 918
1285 919
1286 919
1286 921
1287 921
1287 922
1288 922
1288 923
1289 923
1289 924
1291 924
1291 925
1292 925
1292 926
1293 926
1293 927
1294 927
1294 932
1293 932
1293 939
1294 939
1294 940
1295 940
1295 942
1296 942
1296 943
1297 943
1297 944
1298 944
1298 945
1299 945
1299 946
1301 946
1301 947
1302 947
1302 948
1303 948
1303 949
1304 949
1304 950
1305 950
1305 956
1306 956
1306 957
1307 957
1307 959
1308 959
1308 960
1309 960
1309 961
1311 961
1311 962
1313 962
1313 963
1316 963
1316 964
1317 964
1317 965
1318 965
1318 967
1319 967
1319 968
1320 968
1320 969
1321 969
1321 970
1322 970
1322 971
1324 971
1324 972
1326 972
1326 973
1327 973
1327 976
1328 976
1328 978
1329 978
1329 979
1330 979
1330 981
1331 981
1331 982
1333 982
1333 983
1334 983
1334 984
1336 984
1336 985
1338 985
1338 986
1340 986
1340 987
1341 987
1341 988
1342 988
1342 990
1343 990
1343 991
1344 991
1344 992
1346 992
1346 993
1350 993
1350 994
1352 994
1352 995
1355 995
1355 996
1374 996
1374 997
1379 997
1379 998
1386 998
1386 997
1392 997
1392 996
1399 996
1399 995
1403 995
1403 994
1405 994
1405 993
1407 993
1407 994
1411 994
1411 995
1414 995
1414 996
1417 996
1417 997
1422 997
1422 996
1434 996
1434 995
1437 995
1437 994
1440 994
1440 993
1441 993
1441 992
1443 992
1443 991
1446 991
1446 990
1448 990
1448 989
1449 989
1449 986
1450 986
1450 984
1451 984
1451 974
1452 974
1452 970
1453 970
1453 964
1456 964
1456 963
1463 963
1463 962
1464 962
1464 951
1465 951
1465 938
1466 938
1466 933
1467 933
1467 923
1468 923
1468 920
1469 920
1469 917
1470 917
1470 916
1471 916
1471 915
1473 915
1473 914
1474 914
1474 913
1480 913
1480 912
1485 912
1485 911
1488 911
1488 910
1489 910
1489 909
1490 909
1490 908
1491 908
1491 907
1492 907
1492 906
1494 906
1494 905
1495 905
1495 904
1496 904
1496 903
1498 903
1498 902
1500 902
1500 901
1514 901
1514 900
1517 900
1517 899
1519 899
1519 896
1518 896
1518 887
1519 887
1519 885
1520 885
1520 884
1521 884
1521 883
1531 883
1531 882
1533 882
1533 881
1534 881
1534 877
1533 877
1533 863
1534 863
1534 854
1535 854
1535 850
1536 850
1536 849
1546 849
1546 847
1547 847
1547 839
1548 839
1548 829
1549 829
1549 820
1550 820
1550 816
1551 816
1551 814
1552 814
1552 813
1559 813
1559 814
1561 814
1561 813
1568 813
1568 814
1570 814
1570 813
1572 813
1572 811
1573 811
1573 809
1574 809
1574 805
1575 805
1575 801
1576 801
1576 793
1577 793
1577 786
1578 786
1578 785
1579 785
1579 784
1585 784
1585 785
1593 785
1593 786
1595 786
1595 785
1622 785
1622 784
1625 784
1625 783
1626 783
1626 781
1627 781
1627 780
1628 780
1628 779
1631 779
1631 778
1637 778
1637 777
1644 777
1644 778
1654 778
1654 776
1655 776
1655 775
1656 775
1656 774
1657 774
1657 773
1662 773
1662 774
1663 774
1663 773
1665 773
1665 772
1671 772
1671 773
1672 773
1672 778
1673 778
1673 781
1674 781
1674 784
1675 784
1675 786
1676 786
1676 789
1677 789
1677 791
1678 791
1678 792
1679 792
1679 794
1680 794
1680 795
1681 795
1681 797
1682 797
1682 799
1683 799
1683 801
1684 801
1684 808
1685 808
1685 811
1686 811
1686 814
1687 814
1687 816
1688 816
1688 818
1689 818
1689 820
1690 820
1690 822
1691 822
1691 823
1692 823
1692 824
1693 824
1693 825
1694 825
1694 826
1696 826
1696 827
1697 827
1697 828
1698 828
1698 830
1700 830
1700 831
1701 831
1701 832
1705 832
1705 833
1708 833
1708 834
1709 834
1709 835
1711 835
1711 836
1715 836
1715 837
1717 837
1717 838
1719 838
1719 839
1721 839
1721 840
1722 840
1722 841
1724 841
1724 842
1725 842
1725 843
1726 843
1726 845
1727 845
1727 846
1729 846
1729 852
1730 852
1730 872
1731 872
1731 876
1732 876
1732 879
1733 879
1733 880
1734 880
1734 881
1735 881
1735 883
1736 883
1736 884
1737 884
1737 885
1738 885
1738 886
1739 886
1739 887
1740 887
1740 888
1741 888
1741 889
1747 889
1747 888
1752 888
1752 887
1754 887
1754 888
1757 888
1757 889
1770 889
1770 890
1775 890
1775 891
1776 891
1776 890
1779 890
1779 891
1780 891
1780 892
1781 892
1781 893
1783 893
1783 896
1784 896
1784 897
1785 897
1785 898
1786 898
1786 899
1787 899
1787 900
1788 900
1788 902
1789 902
1789 903
1790 903
1790 904
1791 904
1791 905
1792 905
1792 906
1793 906
1793 907
1795 907
1795 908
1797 908
1797 909
1799 909
1799 910
1801 910
1801 911
1802 911
1802 913
1803 913
1803 915
1804 915
1804 917
1805 917
1805 919
1806 919
1806 922
1807 922
1807 924
1808 924
1808 925
1809 925
1809 926
1817 926
1817 927
1830 927
1830 928
1832 928
1832 929
1833 929
1833 930
1834 930
1834 931
1836 931
1836 932
1839 932
1839 931
1849 931
1849 930
1851 930
1851 929
1854 929
1854 930
1866 930
1866 931
1868 931
1868 932
1869 932
1869 933
1874 933
1874 934
1881 934
1881 935
1882 935
1882 937
1883 937
1883 953
1884 953
1884 957
1885 957
1885 958
1886 958
1886 959
1887 959
1887 960
1888 960
1888 961
1889 961
1889 962
1890 962
1890 963
1892 963
1892 964
1893 964
1893 965
1894 965
1894 966
1896 966
1896 967
1898 967
1898 968
1903 968
1903 969
1917 969
1917 970
1920 970
1920 971
1921 971
1921 972
1922 972
1922 973
1924 973
1924 974
1927 974
1927 978
1928 978
1928 979
1934 979
1934 980
1936 980
1936 981
1941 981
1941 980
1945 980
1945 979
1947 979
1947 980
1960 980
1960 981
1962 981
1962 980
1972 980
1972 981
1973 981
1973 982
1974 982
1974 983
1975 983
1975 984
1978 984
1978 985
1980 985
1980 986
1982 986
1982 987
1985 987
1985 988
1986 988
1986 989
1991 989
1991 990
1993 990
1993 991
1994 991
1994 992
1995 992
1995 993
1996 993
1996 995
1997 995
1997 996
1998 996
1998 997
2001 997
2001 996
2005 996
2005 995
2009 995
2009 994
2011 994
2011 993
2013 993
2013 992
2017 992
2017 991
2021 991
2021 990
2027 990
2027 989
2040 989
2040 988
2043 988
2043 989
2069 989
2069 990
2074 990
2074 989
2079 989
2079 990
2085 990
2085 989
2086 989
2086 990
2087 990
2087 991
2090 991
2090 990
2095 990
2095 989
2100 989
2100 988
2107 988
2107 989
2113 989
2113 988
2120 988
2120 989
2127 989
2127 988
2129 988
2129 987
2130 987
2130 986
2132 986
2132 985
2134 985
2134 984
2136 984
2136 983
2138 983
2138 982
2141 982
2141 981
2149 981
2149 980
2153 980
2153 979
2155 979
2155 978
2157 978
2157 977
2159 977
2159 976
2160 976
2160 975
2162 975
2162 974
2163 974
2163 973
2164 973
2164 972
2165 972
2165 971
2166 971
2166 970
2167 970
2167 969
2168 969
2168 968
2169 968
2169 966
2170 966
2170 964
2171 964
2171 963
2172 963
2172 962
2173 962
2173 960
2174 960
2174 959
2175 959
2175 955
2176 955
2176 952
2177 952
2177 950
2178 950
2178 948
2179 948
2179 945
2180 945
2180 941
2181 941
2181 933
2182 933
2182 928
2183 928
2183 927
2184 927
2184 924
2185 924
2185 922
2186 922
2186 920
2187 920
2187 919
2188 919
2188 918
2189 918
2189 917
2190 917
2190 916
2191 916
2191 915
2192 915
2192 914
2193 914
2193 913
2194 913
2194 912
2195 912
2195 911
2197 911
2197 908
2198 908
2198 907
2199 907
2199 906
2200 906
2200 904
2201 904
2201 903
2202 903
2202 901
2203 901
2203 900
2204 900
2204 898
2205 898
2205 897
2206 897
2206 896
2207 896
2207 895
2213 895
2213 896
2217 896
2217 897
2221 897
2221 898
2222 898
2222 897
2223 897
2223 894
2224 894
2224 888
2225 888
2225 875
2226 875
2226 870
2227 870
2227 860
2228 860
2228 840
2229 840
2229 838
2230 838
2230 837
2231 837
2231 836
2242 836
2242 837
2243 837
2243 838
2244 838
2244 840
2245 840
2245 841
2246 841
2246 844
2247 844
2247 850
2246 850
2246 859
2247 859
2247 861
2248 861
2248 864
2251 864
2251 866
2252 866
2252 867
2262 867
2262 868
2265 868
2265 869
2266 869
2266 870
2274 870
2274 871
2275 871
2275 872
2278 872
2278 873
2281 873
2281 874
2288 874
2288 875
2299 875
2299 876
2300 876
2300 877
2306 877
2306 876
2308 876
2308 875
2310 875
2310 874
2312 874
2312 872
2313 872
2313 870
2314 870
2314 866
2315 866
2315 863
2316 863
2316 858
2317 858
2317 848
2318 848
2318 843
2319 843
2319 835
2320 835
2320 833
2321 833
2321 806
2322 806
2322 794
2323 794
2323 789
2324 789
2324 788
2325 788
2325 787
2327 787
2327 786
2330 786
2330 785
2337 785
2337 784
2348 784
2348 783
2353 783
2353 782
2356 782
2356 781
2359 781
2359 780
2378 780
2378 781
2379 781
2379 782
2383 782
2383 783
2388 783
2388 784
2389 784
2389 787
2390 787
2390 790
2391 790
2391 837
2392 837
2392 838
2393 838
2393 858
2392 858
2392 860
2393 860
2393 866
2394 866
2394 867
2398 867
2398 868
2399 868
2399 869
2400 869
2400 870
2401 870
2401 871
2402 871
2402 873
2403 873
2403 875
2404 875
2404 876
2406 876
2406 877
2407 877
2407 878
2408 878
2408 879
2409 879
2409 880
2410 880
2410 881
2412 881
2412 882
2413 882
2413 883
2414 883
2414 885
2415 885
2415 886
2416 886
2416 888
2417 888
2417 904
2418 904
2418 907
2419 907
2419 908
2420 908
2420 910
2421 910
2421 911
2422 911
2422 912
2424 912
2424 913
2429 913
2429 914
2432 914
2432 915
2433 915
2433 916
2434 916
2434 917
2435 917
2435 918
2437 918
2437 919
2438 919
2438 920
2440 920
2440 921
2441 921
2441 922
2442 922
2442 923
2444 923
2444 924
2447 924
2447 925
2451 925
2451 926
2454 926
2454 927
2456 927
2456 928
2462 928
2462 929
2465 929
2465 930
2468 930
2468 931
2469 931
2469 932
2476 932
2476 933
2484 933
2484 932
2487 932
2487 931
2499 931
2499 932
2503 932
2503 933
2506 933
2506 934
2509 934
2509 935
2510 935
2510 936
2511 936
2511 937
2512 937
2512 938
2514 938
2514 939
2515 939
2515 940
2517 940
2517 941
2530 941
2530 942
2536 942
2536 943
2542 943
2542 944
2543 944
2543 943
2547 943
2547 944
2551 944
2551 945
2558 945
2558 944
2562 944
2562 942
2563 942
2563 941
2564 941
2564 940
2566 940
2566 939
2567 939
2567 938
2568 938
2568 937
2569 937
2569 936
2570 936
2570 934
2571 934
2571 933
2572 933
2572 931
2573 931
2573 930
2574 930
2574 927
2575 927
2575 926
2576 926
2576 925
2577 925
2577 922
2578 922
2578 921
2579 921
2579 918
2580 918
2580 916
2581 916
2581 914
2582 914
2582 912
2583 912
2583 909
2584 909
2584 907
2585 907
2585 902
2586 902
2586 900
2587 900
2587 898
2588 898
2588 896
2589 896
2589 894
2590 894
2590 893
2591 893
2591 889
2592 889
2592 886
2593 886
2593 884
2594 884
2594 883
2595 883
2595 881
2596 881
2596 880
2597 880
2597 879
2598 879
2598 877
2599 877
2599 876
2600 876
2600 873
2601 873
2601 871
2602 871
2602 868
2603 868
2603 867
2604 867
2604 863
2605 863
2605 860
2606 860
2606 858
2607 858
2607 857
2608 857
2608 856
2609 856
2609 855
2610 855
2610 853
2611 853
2611 852
2612 852
2612 850
2613 850
2613 849
2614 849
2614 847
2615 847
2615 843
2616 843
2616 840
2617 840
2617 833
2618 833
2618 827
2619 827
2619 823
2620 823
2620 820
2621 820
2621 818
2622 818
2622 817
2623 817
2623 816
2624 816
2624 815
2626 815
2626 814
2627 814
2627 813
2628 813
2628 810
2629 810
2629 808
2630 808
2630 807
2631 807
2631 805
2632 805
2632 804
2633 804
2633 802
2634 802
2634 801
2635 801
2635 800
2636 800
2636 799
2637 799
2637 798
2638 798
2638 796
2639 796
2639 795
2640 795
2640 794
2641 794
2641 792
2642 792
2642 790
2643 790
2643 789
2644 789
2644 786
2645 786
2645 778
2646 778
2646 773
2647 773
2647 762
2648 762
2648 740
2649 740
2649 728
2650 728
2650 723
2649 723
2649 721
2650 721
2650 714
2649 714
2649 705
2650 705
2650 688
2651 688
2651 682
2652 682
2652 678
2653 678
2653 677
2654 677
2654 676
2656 676
2656 675
2666 675
2666 676
2667 676
2667 677
2668 677
2668 678
2669 678
2669 679
2670 679
2670 680
2671 680
2671 681
2673 681
2673 682
2674 682
2674 683
2677 683
2677 684
2680 684
2680 685
2681 685
2681 686
2682 686
2682 687
2683 687
2683 688
2684 688
2684 690
2685 690
2685 691
2686 691
2686 692
2687 692
2687 693
2688 693
2688 694
2689 694
2689 695
2691 695
2691 696
2692 696
2692 697
2693 697
2693 698
2694 698
2694 699
2695 699
2695 702
2696 702
2696 706
2697 706
2697 709
2698 709
2698 711
2699 711
2699 712
2700 712
2700 714
2701 714
2701 715
2702 715
2702 716
2706 716
2706 717
2709 717
2709 718
2711 718
2711 719
2712 719
2712 720
2713 720
2713 721
2714 721
2714 722
2715 722
2715 723
2718 723
2718 724
2719 724
2719 725
2721 725
2721 726
2722 726
2722 727
2723 727
2723 728
2724 728
2724 730
2725 730
2725 734
2726 734
2726 739
2727 739
2727 747
2728 747
2728 754
2729 754
2729 760
2730 760
2730 762
2731 762
2731 764
2733 764
2733 765
2735 765
2735 766
2739 766
2739 767
2740 767
2740 768
2741 768
2741 769
2744 769
2744 770
2746 770
2746 771
2753 771
2753 772
2756 772
2756 773
2760 773
2760 774
2762 774
2762 775
2764 775
2764 776
2765 776
2765 777
2766 777
2766 778
2767 778
2767 779
2768 779
2768 781
2769 781
2769 782
2771 782
2771 783
2774 783
2774 784
2775 784
2775 785
2776 785
2776 787
2777 787
2777 789
2778 789
2778 794
2779 794
2779 798
2780 798
2780 800
2781 800
2781 802
2782 802
2782 803
2783 803
2783 804
2784 804
2784 805
2785 805
2785 806
2786 806
2786 807
2787 807
2787 808
2788 808
2788 809
2789 809
2789 810
2790 810
2790 813
2791 813
2791 817
2792 817
2792 822
2793 822
2793 829
2794 829
2794 836
2795 836
2795 839
2796 839
2796 840
2798 840
2798 841
2800 841
2800 842
2803 842
2803 843
2804 843
2804 844
2805 844
2805 845
2806 845
2806 846
2807 846
2807 847
2808 847
2808 848
2811 848
2811 849
2815 849
2815 850
2818 850
2818 851
2820 851
2820 852
2821 852
2821 854
2822 854
2822 855
2823 855
2823 856
2824 856
2824 858
2825 858
2825 859
2826 859
2826 860
2827 860
2827 861
2828 861
2828 862
2829 862
2829 863
2830 863
2830 864
2831 864
2831 865
2832 865
2832 866
2833 866
2833 867
2834 867
2834 868
2835 868
2835 869
2836 869
2836 870
2837 870
2837 871
2838 871
2838 873
2839 873
2839 874
2840 874
2840 875
2842 875
2842 876
2844 876
2844 877
2845 877
2845 878
2846 878
2846 879
2847 879
2847 880
2848 880
2848 881
2849 881
2849 882
2850 882
2850 883
2851 883
2851 884
2852 884
2852 885
2854 885
2854 886
2857 886
2857 887
2863 887
2863 888
2866 888
2866 887
2870 887
2870 886
2871 886
2871 885
2872 885
2872 884
2873 884
2873 883
2874 883
2874 882
2875 882
2875 879
2876 879
2876 876
2877 876
2877 874
2878 874
2878 870
2879 870
2879 869
2880 869
2880 867
2881 867
2881 866
2882 866
2882 864
2883 864
2883 862
2884 862
2884 857
2885 857
2885 854
2886 854
2886 850
2887 850
2887 846
2888 846
2888 843
2889 843
2889 839
2890 839
2890 837
2891 837
2891 835
2892 835
2892 834
2893 834
2893 832
2894 832
2894 831
2895 831
2895 830
2896 830
2896 829
2897 829
2897 828
2898 828
2898 827
2899 827
2899 824
2900 824
2900 823
2901 823
2901 819
2902 819
2902 798
2903 798
2903 793
2904 793
2904 790
2905 790
2905 788
2906 788
2906 787
2907 787
2907 786
2908 786
2908 782
2909 782
2909 781
2910 781
2910 777
2911 777
2911 776
2912 776
2912 771
2913 771
2913 769
2914 769
2914 751
2915 751
2915 744
2916 744
2916 738
2917 738
2917 735
2918 735
2918 727
2919 727
2919 722
2920 722
2920 706
2919 706
2919 703
2918 703
2918 689
2919 689
2919 687
2920 687
2920 681
2921 681
2921 679
2922 679
2922 669
2923 669
2923 662
2924 662
2924 658
2925 658
2925 657
2926 657
2926 654
2927 654
2927 653
2928 653
2928 651
2929 651
2929 649
2930 649
2930 647
2931 647
2931 645
2932 645
2932 635
2933 635
2933 632
2934 632
2934 631
2935 631
2935 630
2936 630
2936 629
2938 629
2938 626
2939 626
2939 619
2941 619
2941 618
2943 618
2943 617
2946 617
2946 616
2949 616
2949 614
2950 614
2950 613
2951 613
2951 612
2952 612
2952 611
2955 611
2955 612
2959 612
2959 613
2960 613
2960 614
2961 614
2961 636
2962 636
2962 637
2963 637
2963 641
2964 641
2964 647
2965 647
2965 651
2966 651
2966 653
2967 653
2967 654
2968 654
2968 655
2970 655
2970 656
2971 656
2971 657
2972 657
2972 658
2973 658
2973 660
2974 660
2974 661
2975 661
2975 663
2976 663
2976 664
2977 664
2977 665
2978 665
2978 666
2979 666
2979 667
2980 667
2980 668
2982 668
2982 669
2983 669
2983 670
2985 670
2985 669
2990 669
2990 668
2992 668
2992 667
2993 667
2993 666
2995 666
2995 665
2997 665
2997 664
3009 664
3009 665
3010 665
3010 669
3011 669
3011 673
3012 673
3012 678
3013 678
3013 684
3014 684
3014 692
3015 692
3015 697
3017 697
3017 698
3019 698
3019 699
3022 699
3022 700
3023 700
3023 701
3024 701
3024 702
3025 702
3025 707
3026 707
3026 712
3027 712
3027 715
3028 715
3028 716
3029 716
3029 718
3030 718
3030 719
3031 719
3031 720
3032 720
3032 721
3033 721
3033 722
3034 722
3034 723
3035 723
3035 724
3039 724
3039 725
3042 725
3042 726
3044 726
3044 727
3045 727
3045 728
3046 728
3046 729
3047 729
3047 730
3051 730
3051 731
3055 731
3055 732
3059 732
3059 733
3062 733
3062 734
3065 734
3065 735
3068 735
3068 736
3069 736
3069 737
3070 737
3070 738
3071 738
3071 741
3072 741
3072 742
3073 742
3073 744
3074 744
3074 745
3075 745
3075 746
3079 746
3079 747
3084 747
3084 745
3085 745
3085 743
3086 743
3086 740
3087 740
3087 727
3088 727
3088 724
3089 724
3089 723
3091 723
3091 722
3096 722
3096 721
3098 721
3098 717
3099 717
3099 716
3100 716
3100 715
3101 715
3101 714
3102 714
3102 712
3103 712
3103 711
3104 711
3104 710
3105 710
3105 709
3106 709
3106 708
3107 708
3107 707
3108 707
3108 706
3109 706
3109 705
3115 705
3115 706
3117 706
3117 707
3118 707
3118 708
3119 708
3119 709
3120 709
3120 710
3121 710
3121 719
3120 719
3120 728
3119 728
3119 757
3120 757
3120 764
3121 764
3121 774
3122 774
3122 777
3123 777
3123 781
3124 781
3124 782
3125 782
3125 783
3126 783
3126 784
3127 784
3127 785
3128 785
3128 787
3129 787
3129 788
3130 788
3130 789
3132 789
3132 790
3133 790
3133 791
3134 791
3134 792
3135 792
3135 793
3136 793
3136 794
3137 794
3137 795
3138 795
3138 796
3140 796
3140 797
3143 797
3143 798
3148 798
3148 799
3151 799
3151 800
3155 800
3155 801
3164 801
3164 802
3165 802
3165 803
3166 803
3166 804
3167 804
3167 805
3168 805
3168 806
3169 806
3169 807
3170 807
3170 808
3172 808
3172 809
3186 809
3186 808
3188 808
3188 807
3190 807
3190 806
3194 806
3194 805
3198 805
3198 806
3211 806
3211 807
3213 807
3213 808
3214 808
3214 809
3215 809
3215 810
3216 810
3216 811
3217 811
3217 812
3218 812
3218 813
3221 813
3221 814
3223 814
3223 813
3225 813
3225 812
3230 812
3230 811
3233 811
3233 810
3234 810
3234 809
3236 809
3236 808
3237 808
3237 807
3238 807
3238 806
3240 806
3240 805
3242 805
3242 804
3243 804
3243 803
3244 803
3244 802
3245 802
3245 799
3246 799
3246 794
3247 794
3247 791
3248 791
3248 789
3249 789
3249 788
3251 788
3251 787
3253 787
3253 786
3254 786
3254 785
3255 785
3255 782
3256 782
3256 778
3257 778
3257 764
3258 764
3258 754
3259 754
3259 752
3260 752
3260 751
3261 751
3261 750
3264 750
3264 749
3266 749
3266 748
3267 748
3267 747
3268 747
3268 746
3269 746
3269 745
3270 745
3270 744
3271 744
3271 742
3272 742
3272 739
3273 739
3273 738
3274 738
3274 716
3275 716
3275 710
3276 710
3276 704
3275 704
3275 698
3274 698
3274 684
3275 684
3275 679
3276 679
3276 669
3275 669
3275 666
3274 666
3274 657
3275 657
3275 655
3276 655
3276 650
3277 650
3277 642
3276 642
3276 633
3277 633
3277 629
3278 629
3278 623
3279 623
3279 616
3278 616
3278 613
3279 613
3279 609
3280 609
3280 605
3281 605
3281 603
3282 603
3282 601
3283 601
3283 599
3284 599
3284 597
3285 597
3285 595
3290 595
3290 596
3291 596
3291 599
3292 599
3292 601
3293 601
3293 603
3294 603
3294 604
3295 604
3295 605
3296 605
3296 607
3297 607
3297 608
3298 608
3298 610
3299 610
3299 611
3300 611
3300 612
3301 612
3301 613
3302 613
3302 614
3304 614
3304 615
3307 615
3307 616
3309 616
3309 617
3310 617
3310 618
3311 618
3311 619
3313 619
3313 620
3314 620
3314 621
3315 621
3315 624
3316 624
3316 626
3317 626
3317 627
3319 627
3319 628
3321 628
3321 629
3323 629
3323 630
3325 630
3325 631
3326 631
3326 632
3327 632
3327 634
3328 634
3328 635
3329 635
3329 639
3330 639
3330 643
3331 643
3331 647
3332 647
3332 649
3333 649
3333 651
3334 651
3334 652
3335 652
3335 653
3336 653
3336 654
3337 654
3337 655
3338 655
3338 656
3341 656
3341 657
3344 657
3344 658
3347 658
3347 659
3348 659
3348 661
3349 661
3349 662
3351 662
3351 663
3356 663
3356 664
3360 664
3360 665
3363 665
3363 666
3365 666
3365 667
3366 667
3366 669
3367 669
3367 670
3368 670
3368 671
3369 671
3369 673
3370 673
3370 674
3371 674
3371 675
3372 675
3372 677
3373 677
3373 678
3375 678
3375 679
3379 679
3379 680
3380 680
3380 681
3381 681
3381 682
3389 682
3389 681
3390 681
3390 680
3400 680
3400 681
3410 681
3410 684
3415 684
3415 685
3417 685
3417 687
3418 687
3418 689
3419 689
3419 690
3420 690
3420 691
3421 691
3421 692
3422 692
3422 693
3427 693
3427 694
3449 694
3449 693
3450 693
3450 692
3460 692
3460 691
3461 691
3461 690
3462 690
3462 689
3463 689
3463 683
3462 683
3462 678
3463 678
3463 677
3471 677
3471 676
3472 676
3472 675
3473 675
3473 674
3474 674
3474 673
3476 673
3476 672
3483 672
3483 671
3484 671
3484 670
3486 670
3486 668
3487 668
3487 666
3488 666
3488 664
3489 664
3489 663
3490 663
3490 662
3492 662
3492 661
3494 661
3494 660
3496 660
3496 659
3497 659
3497 658
3504 658
3504 657
3506 657
3506 656
3507 656
3507 655
3508 655
3508 654
3510 654
3510 652
3511 652
3511 648
3510 648
3510 642
3509 642
3509 633
3510 633
3510 632
3511 632
3511 631
3513 631
3513 630
3515 630
3515 629
3517 629
3517 628
3518 628
3518 627
3519 627
3519 625
3520 625
3520 622
3521 622
3521 621
3522 621
3522 620
3525 620
3525 619
3526 619
3526 599
3527 599
3527 595
3528 595
3528 593
3529 593
3529 592
3530 592
3530 591
3531 591
3531 590
3533 590
3533 588
3534 588
3534 586
3535 586
3535 585
3536 585
3536 584
3537 584
3537 585
3539 585
3539 584
3542 584
3542 557
3541 557
3541 553
3540 553
3540 551
3539 551
3539 545
3538 545
3538 541
3537 541
3537 534
3536 534
3536 530
3535 530
3535 506
3536 506
3536 498
3535 498
3535 496
3534 496
3534 493
3533 493
3533 486
3532 486
3532 475
3533 475
3533 471
3534 471
3534 469
3535 469
3535 466
3536 466
3536 464
3537 464
3537 461
3538 461
3538 457
3539 457
3539 455
3540 455
3540 450
3541 450
3541 441
3542 441
3542 436
3543 436
3543 418
3544 418
3544 413
3545 413
3545 411
3546 411
3546 407
3547 407
3547 403
3548 403
3548 401
3549 401
3549 397
3550 397
3550 393
3551 393
3551 391
3552 391
3552 389
3553 389
3553 387
3554 387
3554 385
3555 385
3555 382
3556 382
3556 380
3558 380
3558 379
3559 379
3559 378
3560 378
3560 377
3561 377
3561 376
3562 376
3562 375
3566 375
3566 374
3569 374
3569 373
3573 373
3573 372
3575 372
3575 371
3576 371
3576 372
3575 372
3575 373
3573 373
3573 374
3569 374
3569 375
3566 375
3566 376
3562 376
3562 377
3561 377
3561 378
3560 378
3560 379
3559 379
3559 380
3558 380
3558 381
3557 381
3557 382
3556 382
3556 385
3555 385
3555 387
3554 387
3554 389
3553 389
3553 391
3552 391
3552 393
3551 393
3551 397
3550 397
3550 401
3549 401
3549 403
3548 403
3548 407
3547 407
3547 411
3546 411
3546 413
3545 413
3545 418
3544 418
3544 436
3543 436
3543 441
3542 441
3542 450
3541 450
3541 455
3540 455
3540 457
3539 457
3539 461
3538 461
3538 464
3537 464
3537 466
3536 466
3536 469
3535 469
3535 471
3534 471
3534 475
3533 475
3533 486
3534 486
3534 493
3535 493
3535 496
3536 496
3536 498
3537 498
3537 506
3536 506
3536 530
3537 530
3537 534
3538 534
3538 541
3539 541
3539 545
3540 545
3540 551
3541 551
3541 553
3542 553
3542 557
3543 557
3543 584
3542 584
3542 585
3539 585
3539 586
3537 586
3537 585
3536 585
3536 586
3535 586
3535 588
3534 588
3534 590
3533 590
3533 591
3531 591
3531 592
3530 592
3530 593
3529 593
3529 595
3528 595
3528 599
3527 599
3527 619
3526 619
3526 620
3525 620
3525 621
3522 621
3522 622
3521 622
3521 625
3520 625
3520 627
3519 627
3519 628
3518 628
3518 629
3517 629
3517 630
3515 630
3515 631
3513 631
3513 632
3511 632
3511 633
3510 633
3510 642
3511 642
3511 648
3512 648
3512 653
3511 653
3511 654
3510 654
3510 655
3508 655
3508 656
3507 656
3507 657
3506 657
3506 658
3504 658
3504 659
3497 659
3497 660
3496 660
3496 661
3494 661
3494 662
3492 662
3492 663
3490 663
3490 664
3489 664
3489 666
3488 666
3488 668
3487 668
3487 670
3486 670
3486 671
3484 671
3484 672
3483 672
3483 673
3476 673
3476 674
3474 674
3474 675
3473 675
3473 676
3472 676
3472 677
3471 677
3471 678
3463 678
3463 683
3464 683
3464 689
3463 689
3463 690
3462 690
3462 691
3461 691
3461 692
3460 692
3460 693
3450 693
3450 694
3449 694
3449 695
3427 695
3427 694
3422 694
3422 693
3421 693
3421 692
3420 692
3420 691
3419 691
3419 690
3418 690
3418 689
3417 689
3417 687
3416 687
3416 686
3415 686
3415 685
3409 685
3409 682
3400 682
3400 681
3390 681
3390 683
3380 683
3380 681
3379 681
3379 680
3375 680
3375 679
3373 679
3373 678
3372 678
3372 677
3371 677
3371 675
3370 675
3370 674
3369 674
3369 673
3368 673
3368 671
3367 671
3367 670
3366 670
3366 669
3365 669
3365 667
3363 667
3363 666
3360 666
3360 665
3356 665
3356 664
3351 664
3351 663
3349 663
3349 662
3348 662
3348 661
3347 661
3347 659
3344 659
3344 658
3341 658
3341 657
3338 657
3338 656
3337 656
3337 655
3336 655
3336 654
3335 654
3335 653
3334 653
3334 652
3333 652
3333 651
3332 651
3332 649
3331 649
3331 647
3330 647
3330 643
3329 643
3329 639
3328 639
3328 635
3327 635
3327 634
3326 634
3326 632
3325 632
3325 631
3323 631
3323 630
3321 630
3321 629
3319 629
3319 628
3317 628
3317 627
3316 627
3316 626
3315 626
3315 624
3314 624
3314 621
3313 621
3313 620
3311 620
3311 619
3310 619
3310 618
3309 618
3309 617
3307 617
3307 616
3304 616
3304 615
3302 615
3302 614
3301 614
3301 613
3300 613
3300 612
3299 612
3299 611
3298 611
3298 610
3297 610
3297 608
3296 608
3296 607
3295 607
3295 605
3294 605
3294 604
3293 604
3293 603
3292 603
3292 601
3291 601
3291 599
3290 599
3290 596
3286 596
3286 597
3285 597
3285 599
3284 599
3284 601
3283 601
3283 603
3282 603
3282 605
3281 605
3281 609
3280 609
3280 613
3279 613
3279 616
3280 616
3280 623
3279 623
3279 629
3278 629
3278 633
3277 633
3277 642
3278 642
3278 650
3277 650
3277 655
3276 655
3276 657
3275 657
3275 666
3276 666
3276 669
3277 669
3277 679
3276 679
3276 684
3275 684
3275 698
3276 698
3276 704
3277 704
3277 710
3276 710
3276 716
3275 716
3275 738
3274 738
3274 739
3273 739
3273 742
3272 742
3272 744
3271 744
3271 745
3270 745
3270 746
3269 746
3269 747
3268 747
3268 748
3267 748
3267 749
3266 749
3266 750
3264 750
3264 751
3261 751
3261 752
3260 752
3260 754
3259 754
3259 764
3258 764
3258 778
3257 778
3257 782
3256 782
3256 785
3255 785
3255 786
3254 786
3254 787
3253 787
3253 788
3251 788
3251 789
3249 789
3249 791
3248 791
3248 794
3247 794
3247 799
3246 799
3246 802
3245 802
3245 803
3244 803
3244 804
3243 804
3243 805
3242 805
3242 806
3240 806
3240 807
3238 807
3238 808
3237 808
3237 809
3236 809
3236 810
3234 810
3234 811
3233 811
3233 812
3230 812
3230 813
3225 813
3225 814
3223 814
3223 815
3221 815
3221 814
3218 814
3218 813
3217 813
3217 812
3216 812
3216 811
3215 811
3215 810
3214 810
3214 809
3213 809
3213 808
3211 808
3211 807
3198 807
3198 806
3194 806
3194 807
3190 807
3190 808
3188 808
3188 809
3186 809
3186 810
3172 810
3172 809
3170 809
3170 808
3169 808
3169 807
3168 807
3168 806
3167 806
3167 805
3166 805
3166 804
3165 804
3165 803
3164 803
3164 802
3155 802
3155 801
3151 801
3151 800
3148 800
3148 799
3143 799
3143 798
3140 798
3140 797
3138 797
3138 796
3137 796
3137 795
3136 795
3136 794
3135 794
3135 793
3134 793
3134 792
3133 792
3133 791
3132 791
3132 790
3130 790
3130 789
3129 789
3129 788
3128 788
3128 787
3127 787
3127 785
3126 785
3126 784
3125 784
3125 783
3123 783
3123 781
3122 781
3122 777
3121 777
3121 774
3120 774
3120 764
3119 764
3119 757
3118 757
3118 728
3119 728
3119 719
3120 719
3120 710
3119 710
3119 709
3118 709
3118 708
3117 708
3117 707
3115 707
3115 706
3109 706
3109 707
3108 707
3108 708
3107 708
3107 709
3106 709
3106 710
3105 710
3105 711
3104 711
3104 712
3103 712
3103 714
3102 714
3102 715
3101 715
3101 716
3100 716
3100 717
3099 717
3099 721
3098 721
3098 722
3096 722
3096 723
3091 723
3091 724
3089 724
3089 727
3088 727
3088 740
3087 740
3087 743
3086 743
3086 745
3085 745
3085 748
3079 748
3079 747
3075 747
3075 746
3074 746
3074 745
3073 745
3073 744
3072 744
3072 742
3071 742
3071 741
3070 741
3070 738
3069 738
3069 737
3068 737
3068 736
3065 736
3065 735
3062 735
3062 734
3059 734
3059 733
3055 733
3055 732
3051 732
3051 731
3047 731
3047 730
3046 730
3046 729
3045 729
3045 728
3044 728
3044 727
3042 727
3042 726
3039 726
3039 725
3035 725
3035 724
3034 724
3034 723
3033 723
3033 722
3032 722
3032 721
3031 721
3031 720
3030 720
3030 719
3029 719
3029 718
3028 718
3028 716
3027 716
3027 715
3026 715
3026 712
3025 712
3025 707
3024 707
3024 702
3023 702
3023 701
3022 701
3022 700
3019 700
3019 699
3017 699
3017 698
3015 698
3015 697
3014 697
3014 692
3013 692
3013 684
3012 684
3012 678
3011 678
3011 673
3010 673
3010 669
3009 669
3009 665
2997 665
2997 666
2995 666
2995 667
2993 667
2993 668
2992 668
2992 669
2990 669
2990 670
2985 670
2985 671
2983 671
2983 670
2982 670
2982 669
2980 669
2980 668
2979 668
2979 667
2978 667
2978 666
2977 666
2977 665
2976 665
2976 664
2975 664
2975 663
2974 663
2974 661
2973 661
2973 660
2972 660
2972 658
2971 658
2971 657
2970 657
2970 656
2968 656
2968 655
2967 655
2967 654
2966 654
2966 653
2965 653
2965 651
2964 651
2964 647
2963 647
2963 641
2962 641
2962 637
2961 637
2961 636
2960 636
2960 614
2959 614
2959 613
2955 613
2955 612
2952 612
2952 613
2951 613
2951 614
2950 614
2950 616
2949 616
2949 617
2946 617
2946 618
2943 618
2943 619
2941 619
2941 620
2940 620
2940 626
2939 626
2939 629
2938 629
2938 630
2936 630
2936 632
2934 632
2934 635
2933 635
2933 645
2932 645
2932 647
2931 647
2931 649
2930 649
2930 651
2929 651
2929 653
2928 653
2928 654
2927 654
2927 657
2926 657
2926 658
2925 658
2925 662
2924 662
2924 669
2923 669
2923 679
2922 679
2922 681
2921 681
2921 687
2920 687
2920 689
2919 689
2919 703
2920 703
2920 706
2921 706
2921 722
2920 722
2920 727
2919 727
2919 735
2918 735
2918 738
2917 738
2917 744
2916 744
2916 751
2915 751
2915 769
2914 769
2914 771
2913 771
2913 776
2912 776
2912 777
2911 777
2911 781
2910 781
2910 782
2909 782
2909 786
2908 786
2908 787
2907 787
2907 788
2906 788
2906 790
2905 790
2905 793
2904 793
2904 798
2903 798
2903 819
2902 819
2902 823
2901 823
2901 824
2900 824
2900 827
2899 827
2899 828
2898 828
2898 829
2897 829
2897 830
2896 830
2896 831
2895 831
2895 832
2894 832
2894 834
2893 834
2893 835
2892 835
2892 837
2891 837
2891 839
2890 839
2890 843
2889 843
2889 846
2888 846
2888 850
2887 850
2887 854
2886 854
2886 857
2885 857
2885 862
2884 862
2884 864
2883 864
2883 866
2882 866
2882 867
2881 867
2881 869
2880 869
2880 870
2879 870
2879 874
2878 874
2878 876
2877 876
2877 879
2876 879
2876 882
2875 882
2875 883
2874 883
2874 884
2873 884
2873 885
2872 885
2872 886
2871 886
2871 887
2870 887
2870 888
2866 888
2866 889
2863 889
2863 888
2857 888
2857 887
2854 887
2854 886
2852 886
2852 885
2851 885
2851 884
2850 884
2850 883
2849 883
2849 882
2848 882
2848 881
2847 881
2847 880
2846 880
2846 879
2845 879
2845 878
2844 878
2844 877
2842 877
2842 876
2840 876
2840 875
2839 875
2839 874
2838 874
2838 873
2837 873
2837 871
2836 871
2836 870
2835 870
2835 869
2834 869
2834 868
2833 868
2833 867
2832 867
2832 866
2831 866
2831 865
2830 865
2830 864
2829 864
2829 863
2828 863
2828 862
2827 862
2827 861
2826 861
2826 860
2825 860
2825 859
2824 859
2824 858
2823 858
2823 856
2822 856
2822 855
2821 855
2821 854
2820 854
2820 852
2818 852
2818 851
2815 851
2815 850
2811 850
2811 849
2808 849
2808 848
2807 848
2807 847
2806 847
2806 846
2805 846
2805 845
2804 845
2804 844
2803 844
2803 843
2800 843
2800 842
2798 842
2798 841
2796 841
2796 840
2795 840
2795 839
2794 839
2794 836
2793 836
2793 829
2792 829
2792 822
2791 822
2791 817
2790 817
2790 813
2789 813
2789 810
2788 810
2788 809
2787 809
2787 808
2786 808
2786 807
2785 807
2785 806
2784 806
2784 805
2783 805
2783 804
2782 804
2782 803
2781 803
2781 802
2780 802
2780 800
2779 800
2779 798
2778 798
2778 794
2777 794
2777 789
2776 789
2776 787
2775 787
2775 785
2774 785
2774 784
2771 784
2771 783
2769 783
2769 782
2768 782
2768 781
2767 781
2767 779
2766 779
2766 778
2765 778
2765 777
2764 777
2764 776
2762 776
2762 775
2760 775
2760 774
2756 774
2756 773
2753 773
2753 772
2746 772
2746 771
2744 771
2744 770
2741 770
2741 769
2740 769
2740 768
2739 768
2739 767
2735 767
2735 766
2733 766
2733 765
2731 765
2731 764
2730 764
2730 762
2729 762
2729 760
2728 760
2728 754
2727 754
2727 747
2726 747
2726 739
2725 739
2725 734
2724 734
2724 730
2723 730
2723 728
2722 728
2722 727
2721 727
2721 726
2719 726
2719 725
2718 725
2718 724
2715 724
2715 723
2714 723
2714 722
2713 722
2713 721
2712 721
2712 720
2711 720
2711 719
2709 719
2709 718
2706 718
2706 717
2702 717
2702 716
2701 716
2701 715
2700 715
2700 714
2699 714
2699 712
2698 712
2698 711
2697 711
2697 709
2696 709
2696 706
2695 706
2695 702
2694 702
2694 699
2693 699
2693 698
2692 698
2692 697
2691 697
2691 696
2689 696
2689 695
2688 695
2688 694
2687 694
2687 693
2686 693
2686 692
2685 692
2685 691
2684 691
2684 690
2683 690
2683 688
2682 688
2682 687
2681 687
2681 686
2680 686
2680 685
2677 685
2677 684
2674 684
2674 683
2673 683
2673 682
2671 682
2671 681
2670 681
2670 680
2669 680
2669 679
2668 679
2668 678
2667 678
2667 677
2666 677
2666 676
2656 676
2656 677
2654 677
2654 678
2653 678
2653 682
2652 682
2652 688
2651 688
2651 705
2650 705
2650 714
2651 714
2651 721
2650 721
2650 723
2651 723
2651 728
2650 728
2650 740
2649 740
2649 762
2648 762
2648 773
2647 773
2647 778
2646 778
2646 786
2645 786
2645 789
2644 789
2644 790
2643 790
2643 792
2642 792
2642 794
2641 794
2641 795
2640 795
2640 796
2639 796
2639 798
2638 798
2638 799
2637 799
2637 800
2636 800
2636 801
2635 801
2635 802
2634 802
2634 804
2633 804
2633 805
2632 805
2632 807
2631 807
2631 808
2630 808
2630 810
2629 810
2629 813
2628 813
2628 814
2627 814
2627 815
2626 815
2626 816
2624 816
2624 817
2623 817
2623 818
2622 818
2622 820
2621 820
2621 823
2620 823
2620 827
2619 827
2619 833
2618 833
2618 840
2617 840
2617 843
2616 843
2616 847
2615 847
2615 849
2614 849
2614 850
2613 850
2613 852
2612 852
2612 853
2611 853
2611 855
2610 855
2610 856
2609 856
2609 857
2608 857
2608 858
2607 858
2607 860
2606 860
2606 863
2605 863
2605 867
2604 867
2604 868
2603 868
2603 871
2602 871
2602 873
2601 873
2601 876
2600 876
2600 877
2599 877
2599 879
2598 879
2598 880
2597 880
2597 881
2596 881
2596 883
2595 883
2595 884
2594 884
2594 886
2593 886
2593 889
2592 889
2592 893
2591 893
2591 894
2590 894
2590 896
2589 896
2589 898
2588 898
2588 900
2587 900
2587 902
2586 902
2586 907
2585 907
2585 909
2584 909
2584 912
2583 912
2583 914
2582 914
2582 916
2581 916
2581 918
2580 918
2580 921
2579 921
2579 922
2578 922
2578 925
2577 925
2577 926
2576 926
2576 927
2575 927
2575 930
2574 930
2574 931
2573 931
2573 933
2572 933
2572 934
2571 934
2571 936
2570 936
2570 937
2569 937
2569 938
2568 938
2568 939
2567 939
2567 940
2566 940
2566 941
2564 941
2564 942
2563 942
2563 944
2562 944
2562 945
2558 945
2558 946
2551 946
2551 945
2547 945
2547 944
2543 944
2543 945
2542 945
2542 944
2536 944
2536 943
2530 943
2530 942
2517 942
2517 941
2515 941
2515 940
2514 940
2514 939
2512 939
2512 938
2511 938
2511 937
2510 937
2510 936
2509 936
2509 935
2506 935
2506 934
2503 934
2503 933
2499 933
2499 932
2487 932
2487 933
2484 933
2484 934
2476 934
2476 933
2469 933
2469 932
2468 932
2468 931
2465 931
2465 930
2462 930
2462 929
2456 929
2456 928
2454 928
2454 927
2451 927
2451 926
2447 926
2447 925
2444 925
2444 924
2442 924
2442 923
2441 923
2441 922
2440 922
2440 921
2438 921
2438 920
2437 920
2437 919
2435 919
2435 918
2434 918
2434 917
2433 917
2433 916
2432 916
2432 915
2429 915
2429 914
2424 914
2424 913
2422 913
2422 912
2421 912
2421 911
2420 911
2420 910
2419 910
2419 908
2418 908
2418 907
2417 907
2417 904
2416 904
2416 888
2415 888
2415 886
2414 886
2414 885
2413 885
2413 883
2412 883
2412 882
2410 882
2410 881
2409 881
2409 880
2408 880
2408 879
2407 879
2407 878
2406 878
2406 877
2404 877
2404 876
2403 876
2403 875
2402 875
2402 873
2401 873
2401 871
2400 871
2400 870
2399 870
2399 869
2398 869
2398 868
2394 868
2394 867
2392 867
2392 860
2391 860
2391 858
2392 858
2392 838
2391 838
2391 837
2390 837
2390 790
2389 790
2389 787
2388 787
2388 784
2383 784
2383 783
2379 783
2379 782
2378 782
2378 781
2359 781
2359 782
2356 782
2356 783
2353 783
2353 784
2348 784
2348 785
2337 785
2337 786
2330 786
2330 787
2327 787
2327 788
2325 788
2325 789
2324 789
2324 794
2323 794
2323 806
2322 806
2322 833
2321 833
2321 835
2320 835
2320 843
2319 843
2319 848
2318 848
2318 858
2317 858
2317 863
2316 863
2316 866
2315 866
2315 870
2314 870
2314 872
2313 872
2313 874
2312 874
2312 875
2310 875
2310 876
2308 876
2308 877
2306 877
2306 878
2300 878
2300 877
2299 877
2299 876
2288 876
2288 875
2281 875
2281 874
2278 874
2278 873
2275 873
2275 872
2274 872
2274 871
2266 871
2266 870
2265 870
2265 869
2262 869
2262 868
2252 868
2252 867
2251 867
2251 866
2250 866
2250 865
2248 865
2248 864
2247 864
2247 861
2246 861
2246 859
2245 859
2245 850
2246 850
2246 844
2245 844
2245 841
2244 841
2244 840
2243 840
2243 838
2242 838
2242 837
2231 837
2231 838
2230 838
2230 840
2229 840
2229 860
2228 860
2228 870
2227 870
2227 875
2226 875
2226 888
2225 888
2225 894
2224 894
2224 897
2223 897
2223 898
2222 898
2222 899
2221 899
2221 898
2217 898
2217 897
2213 897
2213 896
2207 896
2207 897
2206 897
2206 898
2205 898
2205 900
2204 900
2204 901
2203 901
2203 903
2202 903
2202 904
2201 904
2201 906
2200 906
2200 907
2199 907
2199 908
2198 908
2198 911
2197 911
2197 912
2195 912
2195 913
2194 913
2194 914
2193 914
2193 915
2192 915
2192 916
2191 916
2191 917
2190 917
2190 918
2189 918
2189 919
2188 919
2188 920
2187 920
2187 922
2186 922
2186 924
2185 924
2185 927
2184 927
2184 928
2183 928
2183 933
2182 933
2182 941
2181 941
2181 945
2180 945
2180 948
2179 948
2179 950
2178 950
2178 952
2177 952
2177 955
2176 955
2176 959
2175 959
2175 960
2174 960
2174 962
2173 962
2173 963
2172 963
2172 964
2171 964
2171 966
2170 966
2170 968
2169 968
2169 969
2168 969
2168 970
2167 970
2167 971
2166 971
2166 972
2165 972
2165 973
2164 973
2164 974
2163 974
2163 975
2162 975
2162 976
2160 976
2160 977
2159 977
2159 978
2157 978
2157 979
2155 979
2155 980
2153 980
2153 981
2149 981
2149 982
2141 982
2141 983
2138 983
2138 984
2136 984
2136 985
2134 985
2134 986
2132 986
2132 987
2130 987
2130 988
2129 988
2129 989
2127 989
2127 990
2120 990
2120 989
2113 989
2113 990
2107 990
2107 989
2100 989
2100 990
2095 990
2095 991
2090 991
2090 992
2087 992
2087 991
2086 991
2086 990
2085 990
2085 991
2079 991
2079 990
2074 990
2074 991
2069 991
2069 990
2043 990
2043 989
2040 989
2040 990
2027 990
2027 991
2021 991
2021 992
2017 992
2017 993
2013 993
2013 994
2011 994
2011 995
2009 995
2009 996
2005 996
2005 997
2001 997
2001 998
1998 998
1998 997
1997 997
1997 996
1996 996
1996 995
1995 995
1995 993
1994 993
1994 992
1993 992
1993 991
1991 991
1991 990
1986 990
1986 989
1985 989
1985 988
1982 988
1982 987
1980 987
1980 986
1978 986
1978 985
1975 985
1975 984
1974 984
1974 983
1973 983
1973 982
1972 982
1972 981
1962 981
1962 982
1960 982
1960 981
1947 981
1947 980
1945 980
1945 981
1941 981
1941 982
1936 982
1936 981
1934 981
1934 980
1928 980
1928 979
1927 979
1927 978
1926 978
1926 975
1924 975
1924 974
1922 974
1922 973
1921 973
1921 972
1920 972
1920 971
1917 971
1917 970
1903 970
1903 969
1898 969
1898 968
1896 968
1896 967
1894 967
1894 966
1893 966
1893 965
1892 965
1892 964
1890 964
1890 963
1889 963
1889 962
1888 962
1888 961
1887 961
1887 960
1886 960
1886 959
1885 959
1885 958
1884 958
1884 957
1883 957
1883 953
1882 953
1882 937
1881 937
1881 935
1874 935
1874 934
1869 934
1869 933
1868 933
1868 932
1866 932
1866 931
1854 931
1854 930
1851 930
1851 931
1849 931
1849 932
1840 932
1840 933
1836 933
1836 932
1834 932
1834 931
1833 931
1833 930
1832 930
1832 929
1830 929
1830 928
1817 928
1817 927
1809 927
1809 926
1808 926
1808 925
1807 925
1807 924
1806 924
1806 922
1805 922
1805 919
1804 919
1804 917
1803 917
1803 915
1802 915
1802 913
1801 913
1801 911
1799 911
1799 910
1797 910
1797 909
1795 909
1795 908
1793 908
1793 907
1792 907
1792 906
1791 906
1791 905
1790 905
1790 904
1789 904
1789 903
1788 903
1788 902
1787 902
1787 900
1786 900
1786 899
1785 899
1785 898
1784 898
1784 897
1783 897
1783 896
1782 896
1782 894
1780 894
1780 893
1779 893
1779 891
1776 891
1776 892
1775 892
1775 891
1770 891
1770 890
1757 890
1757 889
1754 889
1754 888
1752 888
1752 889
1747 889
1747 890
1741 890
1741 889
1740 889
1740 888
1739 888
1739 887
1738 887
1738 886
1737 886
1737 885
1736 885
1736 884
1735 884
1735 883
1734 883
1734 881
1733 881
1733 880
1732 880
1732 879
1731 879
1731 876
1730 876
1730 872
1729 872
1729 852
1728 852
1728 847
1727 847
1727 846
1726 846
1726 845
1725 845
1725 843
1724 843
1724 842
1722 842
1722 841
1721 841
1721 840
1719 840
1719 839
1717 839
1717 838
1715 838
1715 837
1711 837
1711 836
1709 836
1709 835
1708 835
1708 834
1705 834
1705 833
1701 833
1701 832
1700 832
1700 831
1698 831
1698 830
1697 830
1697 828
1696 828
1696 827
1694 827
1694 826
1693 826
1693 825
1692 825
1692 824
1691 824
1691 823
1690 823
1690 822
1689 822
1689 820
1688 820
1688 818
1687 818
1687 816
1686 816
1686 814
1685 814
1685 811
1684 811
1684 808
1683 808
1683 801
1682 801
1682 799
1681 799
1681 797
1680 797
1680 795
1679 795
1679 794
1678 794
1678 792
1677 792
1677 791
1676 791
1676 789
1675 789
1675 786
1674 786
1674 784
1673 784
1673 781
1672 781
1672 778
1671 778
1671 773
1665 773
1665 774
1663 774
1663 775
1662 775
1662 774
1657 774
1657 775
1656 775
1656 776
1655 776
1655 779
1644 779
1644 778
1637 778
1637 779
1631 779
1631 780
1628 780
1628 781
1627 781
1627 783
1626 783
1626 784
1625 784
1625 785
1622 785
1622 786
1595 786
1595 787
1593 787
1593 786
1585 786
1585 785
1579 785
1579 786
1578 786
1578 793
1577 793
1577 801
1576 801
1576 805
1575 805
1575 809
1574 809
1574 811
1573 811
1573 813
1572 813
1572 814
1570 814
1570 815
1568 815
1568 814
1561 814
1561 815
1559 815
1559 814
1552 814
1552 816
1551 816
1551 820
1550 820
1550 829
1549 829
1549 839
1548 839
1548 847
1547 847
1547 849
1546 849
1546 850
1536 850
1536 854
1535 854
1535 863
1534 863
1534 877
1535 877
1535 881
1534 881
1534 882
1533 882
1533 883
1531 883
1531 884
1521 884
1521 885
1520 885
1520 887
1519 887
1519 896
1520 896
1520 899
1519 899
1519 900
1517 900
1517 901
1514 901
1514 902
1500 902
1500 903
1498 903
1498 904
1496 904
1496 905
1495 905
1495 906
1494 906
1494 907
1492 907
1492 908
1491 908
1491 909
1490 909
1490 910
1489 910
1489 911
1488 911
1488 912
1485 912
1485 913
1480 913
1480 914
1474 914
1474 915
1473 915
1473 916
1471 916
1471 917
1470 917
1470 920
1469 920
1469 923
1468 923
1468 933
1467 933
1467 938
1466 938
1466 951
1465 951
1465 962
1464 962
1464 963
1463 963
1463 964
1456 964
1456 965
1454 965
1454 970
1453 970
1453 974
1452 974
1452 984
1451 984
1451 986
1450 986
1450 989
1449 989
1449 990
1448 990
1448 991
1446 991
1446 992
1443 992
1443 993
1441 993
1441 994
1440 994
1440 995
1437 995
1437 996
1434 996
1434 997
1422 997
1422 998
1417 998
1417 997
1414 997
1414 996
1411 996
1411 995
1407 995
1407 994
1405 994
1405 995
1403 995
1403 996
1399 996
1399 997
1392 997
1392 998
1386 998
1386 999
1379 999
1379 998
1374 998
1374 997
1355 997
1355 996
1352 996
1352 995
1350 995
1350 994
1346 994
1346 993
1344 993
1344 992
1343 992
1343 991
1342 991
1342 990
1341 990
1341 988
1340 988
1340 987
1338 987
1338 986
1336 986
1336 985
1334 985
1334 984
1333 984
1333 983
1331 983
1331 982
1330 982
1330 981
1329 981
1329 979
1328 979
1328 978
1327 978
1327 976
1326 976
1326 973
1324 973
1324 972
1322 972
1322 971
1321 971
1321 970
1320 970
1320 969
1319 969
1319 968
1318 968
1318 967
1317 967
1317 965
1316 965
1316 964
1313 964
1313 963
1311 963
1311 962
1309 962
1309 961
1308 961
1308 960
1307 960
1307 959
1306 959
1306 957
1305 957
1305 956
1304 956
1304 950
1303 950
1303 949
1302 949
1302 948
1301 948
1301 947
1299 947
1299 946
1298 946
1298 945
1297 945
1297 944
1296 944
1296 943
1295 943
1295 942
1294 942
1294 940
1293 940
1293 939
1292 939
1292 932
1293 932
1293 927
1292 927
1292 926
1291 926
1291 925
1289 925
1289 924
1288 924
1288 923
1287 923
1287 922
1286 922
1286 921
1285 921
1285 919
1284 919
1284 918
1283 918
1283 915
1282 915
1282 913
1281 913
1281 912
1280 912
1280 911
1278 911
1278 910
1277 910
1277 909
1276 909
1276 908
1275 908
1275 907
1274 907
1274 906
1273 906
1273 905
1272 905
1272 902
1271 902
1271 892
1270 892
1270 891
1268 891
1268 890
1267 890
1267 889
1266 889
1266 888
1264 888
1264 887
1262 887
1262 886
1260 886
1260 885
1258 885
1258 884
1256 884
1256 883
1255 883
1255 882
1254 882
1254 881
1253 881
1253 880
1252 880
1252 879
1251 879
1251 877
1250 877
1250 860
1251 860
1251 851
1250 851
1250 850
1249 850
1249 849
1248 849
1248 848
1246 848
1246 847
1245 847
1245 846
1244 846
1244 845
1243 845
1243 844
1242 844
1242 843
1240 843
1240 842
1238 842
1238 841
1235 841
1235 840
1234 840
1234 839
1233 839
1233 837
1232 837
1232 836
1231 836
1231 813
1230 813
1230 812
1227 812
1227 811
1224 811
1224 810
1219 810
1219 809
1217 809
1217 808
1216 808
1216 807
1215 807
1215 806
1214 806
1214 805
1213 805
1213 803
1212 803
1212 802
1211 802
1211 801
1210 801
1210 795
1209 795
1209 781
1210 781
1210 771
1211 771
1211 769
1210 769
1210 768
1209 768
1209 767
1208 767
1208 766
1207 766
1207 765
1205 765
1205 764
1204 764
1204 763
1203 763
1203 761
1202 761
1202 760
1201 760
1201 758
1200 758
1200 749
1201 749
1201 747
1200 747
1200 746
1199 746
1199 745
1198 745
1198 744
1197 744
1197 743
1196 743
1196 742
1195 742
1195 741
1194 741
1194 740
1193 740
1193 739
1192 739
1192 737
1191 737
1191 733
1190 733
1190 727
1189 727
1189 726
1187 726
1187 725
1186 725
1186 724
1184 724
1184 723
1183 723
1183 722
1182 722
1182 720
1181 720
1181 719
1180 719
1180 704
1179 704
1179 703
1177 703
1177 702
1175 702
1175 701
1171 701
1171 700
1164 700
1164 701
1163 701
1163 719
1164 719
1164 740
1165 740
1165 742
1166 742
1166 750
1165 750
1165 756
1164 756
1164 759
1163 759
1163 761
1162 761
1162 762
1161 762
1161 763
1159 763
1159 764
1154 764
1154 765
1153 765
1153 768
1152 768
1152 774
1151 774
1151 785
1150 785
1150 791
1149 791
1149 803
1148 803
1148 807
1147 807
1147 821
1146 821
1146 832
1145 832
1145 835
1144 835
1144 844
1143 844
1143 852
1142 852
1142 858
1141 858
1141 865
1140 865
1140 873
1139 873
1139 877
1138 877
1138 884
1137 884
1137 887
1136 887
1136 888
1135 888
1135 889
1134 889
1134 890
1125 890
1125 893
1124 893
1124 903
1123 903
1123 913
1122 913
1122 915
1121 915
1121 916
1117 916
1117 917
1094 917
1094 916
1090 916
1090 915
1083 915
1083 916
1078 916
1078 917
1074 917
1074 918
1072 918
1072 919
1066 919
1066 920
1064 920
1064 921
1063 921
1063 923
1062 923
1062 924
1060 924
1060 925
1058 925
1058 926
1050 926
1050 927
1048 927
1048 928
1044 928
1044 929
1038 929
1038 928
1034 928
1034 927
1028 927
1028 926
1025 926
1025 925
1024 925
1024 924
1022 924
1022 923
1018 923
1018 922
1013 922
1013 923
1011 923
1011 924
1009 924
1009 925
1002 925
1002 924
1000 924
1000 923
997 923
997 922
989 922
989 921
986 921
986 920
980 920
980 919
977 919
977 918
975 918
975 917
970 917
970 918
960 918
960 917
955 917
955 916
953 916
953 915
952 915
952 914
951 914
951 913
950 913
950 912
949 912
949 911
944 911
944 912
933 912
933 913
932 913
932 914
930 914
930 915
925 915
925 916
923 916
923 917
917 917
917 916
916 916
916 917
913 917
913 918
912 918
912 919
911 919
911 920
909 920
909 921
900 921
900 922
899 922
899 923
898 923
898 924
895 924
895 925
893 925
893 924
887 924
887 925
886 925
886 926
885 926
885 927
883 927
883 928
881 928
881 927
875 927
875 928
874 928
874 929
873 929
873 930
871 930
871 931
867 931
867 930
862 930
862 931
849 931
849 930
847 930
847 929
846 929
846 928
845 928
845 927
844 927
844 926
843 926
843 923
842 923
842 920
841 920
841 919
840 919
840 918
839 918
839 917
838 917
838 916
837 916
837 915
836 915
836 914
835 914
835 913
834 913
834 911
833 911
833 910
832 910
832 905
830 905
830 904
827 904
827 903
826 903
826 902
824 902
824 901
823 901
823 900
821 900
821 899
819 899
819 898
816 898
816 897
815 897
815 896
813 896
813 895
812 895
812 894
811 894
811 893
809 893
809 892
806 892
806 891
805 891
805 890
804 890
804 889
803 889
803 888
802 888
802 887
801 887
801 886
800 886
800 885
799 885
799 884
798 884
798 883
797 883
797 881
796 881
796 880
795 880
795 879
794 879
794 877
793 877
793 876
792 876
792 874
791 874
791 868
790 868
790 864
789 864
789 861
788 861
788 850
787 850
787 848
786 848
786 847
785 847
785 846
784 846
784 845
783 845
783 844
782 844
782 843
780 843
780 842
779 842
779 841
778 841
778 840
777 840
777 838
776 838
776 834
775 834
775 814
774 814
774 811
773 811
773 810
771 810
771 809
769 809
769 808
767 808
767 807
766 807
766 805
765 805
765 803
764 803
764 801
763 801
763 795
764 795
764 782
763 782
763 781
762 781
762 780
761 780
761 779
759 779
759 778
758 778
758 777
757 777
757 775
756 775
756 773
755 773
755 770
754 770
754 765
755 765
755 754
756 754
756 742
757 742
757 731
758 731
758 725
757 725
757 723
756 723
756 722
754 722
754 721
751 721
751 720
750 720
750 719
749 719
749 718
748 718
748 717
747 717
747 716
746 716
746 714
745 714
745 694
746 694
746 686
747 686
747 665
746 665
746 664
744 664
744 663
743 663
743 662
740 662
740 661
738 661
738 660
736 660
736 659
733 659
733 658
731 658
731 657
727 657
727 656
719 656
719 657
718 657
718 659
717 659
717 660
716 660
716 661
715 661
715 662
713 662
713 663
708 663
708 664
706 664
706 665
705 665
705 666
704 666
704 667
703 667
703 668
702 668
702 669
701 669
701 670
698 670
698 671
693 671
693 674
692 674
692 676
691 676
691 677
690 677
690 678
689 678
689 679
688 679
688 680
678 680
678 679
676 679
676 678
674 678
674 677
673 677
673 676
671 676
671 675
669 675
669 674
668 674
668 673
666 673
666 672
664 672
664 671
663 671
663 670
662 670
662 669
661 669
661 668
660 668
660 667
659 667
659 666
658 666
658 665
657 665
657 664
656 664
656 663
654 663
654 662
653 662
653 661
649 661
649 660
648 660
648 659
647 659
647 658
646 658
646 656
645 656
645 655
641 655
641 654
638 654
638 653
636 653
636 652
635 652
635 651
634 651
634 650
633 650
633 649
632 649
632 648
630 648
630 647
626 647
626 646
621 646
621 647
620 647
620 648
617 648
617 647
614 647
614 646
608 646
608 645
600 645
600 643
598 643
598 642
591 642
591 640
590 640
590 639
587 639
587 638
579 638
579 637
574 637
574 636
579 636
579 637
587 637
587 638
590 638
590 639
591 639
591 640
592 640
592 641
598 641
598 642
600 642
600 643
601 643
601 644
608 644
608 645
614 645
614 646
617 646
617 647
620 647
620 646
621 646
621 645
626 645
626 646
630 646
630 647
632 647
632 648
633 648
633 649
634 649
634 650
635 650
635 651
636 651
636 652
638 652
638 653
641 653
641 654
645 654
645 655
646 655
646 656
647 656
647 658
648 658
648 659
649 659
649 660
653 660
653 661
654 661
654 662
656 662
656 663
657 663
657 664
658 664
658 665
659 665
659 666
660 666
660 667
661 667
661 668
662 668
662 669
663 669
663 670
664 670
664 671
666 671
666 672
668 672
668 673
669 673
669 674
671 674
671 675
673 675
673 676
674 676
674 677
676 677
676 678
678 678
678 679
688 679
688 678
689 678
689 677
690 677
690 676
691 676
691 674
692 674
692 671
693 671
693 670
698 670
698 669
701 669
701 668
702 668
702 667
703 667
703 666
704 666
704 665
705 665
705 664
706 664
706 663
708 663
708 662
713 662
713 661
715 661
715 660
716 660
716 659
717 659
717 657
718 657
718 656
719 656
719 655
727 655
727 656
731 656
731 657
733 657
733 658
736 658
736 659
738 659
738 660
740 660
740 661
743 661
743 662
744 662
744 663
746 663
746 664
747 664
747 665
748 665
748 686
747 686
747 694
746 694
746 714
747 714
747 716
748 716
748 717
749 717
749 718
750 718
750 719
751 719
751 720
754 720
754 721
756 721
756 722
757 722
757 723
758 723
758 725
759 725
759 731
758 731
758 742
757 742
757 754
756 754
756 765
755 765
755 770
756 770
756 773
757 773
757 775
758 775
758 777
759 777
759 778
761 778
761 779
762 779
762 780
763 780
763 781
764 781
764 782
765 782
765 795
764 795
764 801
765 801
765 803
766 803
766 805
767 805
767 807
769 807
769 808
771 808
771 809
773 809
773 810
774 810
774 811
775 811
775 814
776 814
776 834
777 834
777 838
778 838
778 840
779 840
779 841
780 841
780 842
782 842
782 843
783 843
783 844
784 844
784 845
785 845
785 846
786 846
786 847
787 847
787 848
788 848
788 850
789 850
789 861
790 861
790 864
791 864
791 868
792 868
792 874
793 874
793 876
794 876
794 877
795 877
795 879
796 879
796 880
797 880
797 881
798 881
798 883
799 883
799 884
800 884
800 885
801 885
801 886
802 886
802 887
803 887
803 888
804 888
804 889
805 889
805 890
806 890
806 891
809 891
809 892
811 892
811 893
812 893
812 894
813 894
813 895
815 895
815 896
816 896
816 897
819 897
819 898
821 898
821 899
823 899
823 900
824 900
824 901
826 901
826 902
827 902
827 903
830 903
830 904
832 904
832 905
833 905
833 910
834 910
834 911
835 911
835 913
836 913
836 914
837 914
837 915
838 915
838 916
839 916
839 917
840 917
840 918
841 918
841 919
842 919
842 920
844 920
844 919
846 919
846 920
844 920
844 921
843 921
843 923
844 923
844 926
845 926
845 927
846 927
846 928
847 928
847 929
849 929
849 930
862 930
862 929
867 929
867 930
871 930
871 929
873 929
873 928
874 928
874 927
875 927
875 926
881 926
881 927
883 927
883 926
885 926
885 925
886 925
886 924
887 924
887 923
893 923
893 924
895 924
895 923
898 923
898 922
899 922
899 921
900 921
900 920
909 920
909 919
911 919
911 918
912 918
912 917
913 917
913 916
916 916
916 915
917 915
917 916
923 916
923 915
925 915
925 914
930 914
930 913
932 913
932 912
933 912
933 911
944 911
944 910
949 910
949 911
950 911
950 912
951 912
951 913
952 913
952 914
953 914
953 915
955 915
955 916
960 916
960 917
970 917
970 916
975 916
975 917
977 917
977 918
980 918
980 919
986 919
986 920
989 920
989 921
997 921
997 922
1000 922
1000 923
1002 923
1002 924
1009 924
1009 923
1011 923
1011 922
1013 922
1013 921
1018 921
1018 922
1022 922
1022 923
1024 923
1024 924
1025 924
1025 925
1028 925
1028 926
1034 926
1034 927
1038 927
1038 928
1044 928
1044 927
1048 927
1048 926
1050 926
1050 925
1058 925
1058 924
1060 924
1060 923
1062 923
1062 921
1063 921
1063 920
1064 920
1064 919
1066 919
1066 918
1072 918
1072 917
1074 917
1074 916
1078 916
1078 915
1083 915
1083 914
1090 914
1090 915
1094 915
1094 916
1117 916
1117 915
1121 915
1121 913
1122 913
1122 903
1123 903
1123 893
1124 893
1124 890
1125 890
1125 889
1134 889
1134 888
1135 888
1135 887
1136 887
1136 884
1137 884
1137 877
1138 877
1138 873
1139 873
1139 865
1140 865
1140 858
1141 858
1141 852
1142 852
1142 844
1143 844
1143 835
1144 835
1144 832
1145 832
1145 821
1146 821
1146 807
1147 807
1147 803
1148 803
1148 791
1149 791
1149 785
1150 785
1150 774
1151 774
1151 768
1152 768
1152 765
1153 765
1153 764
1154 764
1154 763
1159 763
1159 762
1161 762
1161 761
1162 761
1162 759
1163 759
1163 756
1164 756
1164 750
1165 750
1165 742
1164 742
1164 740
1163 740
1163 719
1162 719
1162 701
1163 701
1163 699
1171 699
1171 700
1175 700
1175 701
1177 701
1177 702
1179 702
1179 703
1180 703
1180 704
1181 704
1181 719
1182 719
1182 720
1183 720
1183 722
1184 722
1184 723
1186 723
1186 724
1187 724
1187 725
1189 725
1189 726
1190 726
1190 727
1191 727
1191 733
1192 733
1192 737
1193 737
1193 739
1194 739
1194 740
1195 740
1195 741
1196 741
1196 742
1197 742
1197 743
1198 743
1198 744
1199 744
1199 745
1200 745
1200 746
1201 746
1201 747
1202 747
1202 749
1201 749
1201 758
1202 758
1202 760
1203 760
1203 761
1204 761
1204 763
1205 763
1205 764
1207 764
1207 765
1208 765
1208 766
1209 766
1209 767
1210 767
1210 768
1211 768
1211 769
1212 769
1212 771
1211 771
1211 781
1210 781
1210 795
1211 795
1211 801
1212 801
1212 802
1213 802
1213 803
1214 803
1214 805
1215 805
1215 806
1216 806
1216 807
1217 807
1217 808
1219 808
1219 809
1224 809
1224 810
1227 810
1227 811
1230 811
1230 812
1231 812
1231 813
1232 813
1232 836
1233 836
1233 837
1234 837
1234 839
1235 839
1235 840
1238 840
1238 841
1240 841
1240 842
1242 842
1242 843
1243 843
1243 844
1244 844
1244 845
1245 845
1245 846
1246 846
1246 847
1248 847
1248 848
1249 848
1249 849
1250 849
1250 850
1251 850
1251 851
1252 851
1252 860
1251 860
