3002 778
3001 778
3001 779
2987 779
2987 780
2986 780
2986 781
2985 781
2985 782
2984 782
2984 787
2983 787
2983 788
2981 788
2981 789
2980 789
2980 790
2979 790
2979 791
2978 791
2978 792
2977 792
2977 793
2967 793
2967 792
2963 792
2963 791
2961 791
2961 790
2958 790
2958 789
2949 789
2949 788
2945 788
2945 789
2944 789
2944 790
2942 790
2942 791
2940 791
2940 792
2939 792
2939 793
2933 793
2933 794
2925 794
2925 793
2918 793
2918 794
2911 794
2911 793
2909 793
2909 792
2908 792
2908 791
2907 791
2907 790
2906 790
2906 784
2905 784
2905 780
2904 780
2904 777
2903 777
2903 775
2902 775
2902 773
2901 773
2901 772
2900 772
2900 771
2899 771
2899 770
2897 770
2897 769
2896 769
2896 768
2895 768
2895 767
2893 767
2893 766
2887 766
2887 765
2883 765
2883 764
2879 764
2879 763
2877 763
2877 762
2875 762
2875 761
2874 761
2874 760
2872 760
2872 759
2866 759
2866 758
2863 758
2863 757
2862 757
2862 756
2857 756
2857 755
2852 755
2852 754
2847 754
2847 753
2845 753
2845 752
2843 752
2843 751
2838 751
2838 750
2831 750
2831 751
2829 751
2829 752
2827 752
2827 753
2823 753
2823 754
2807 754
2807 755
2806 755
2806 759
2805 759
2805 765
2804 765
2804 785
2803 785
2803 795
2802 795
2802 797
2801 797
2801 801
2800 801
2800 804
2799 804
2799 806
2798 806
2798 807
2796 807
2796 808
2794 808
2794 809
2791 809
2791 808
2785 808
2785 809
2778 809
2778 810
2777 810
2777 811
2776 811
2776 813
2775 813
2775 815
2774 815
2774 816
2773 816
2773 817
2772 817
2772 818
2771 818
2771 820
2770 820
2770 822
2769 822
2769 823
2768 823
2768 830
2767 830
2767 831
2766 831
2766 832
2765 832
2765 833
2764 833
2764 834
2763 834
2763 835
2761 835
2761 836
2759 836
2759 837
2758 837
2758 838
2757 838
2757 839
2755 839
2755 840
2746 840
2746 841
2744 841
2744 842
2743 842
2743 844
2729 844
2729 845
2727 845
2727 846
2726 846
2726 848
2725 848
2725 866
2724 866
2724 867
2719 867
2719 868
2718 868
2718 867
2707 867
2707 866
2705 866
2705 865
2703 865
2703 864
2702 864
2702 863
2701 863
2701 861
2700 861
2700 860
2699 860
2699 859
2698 859
2698 857
2697 857
2697 842
2698 842
2698 838
2699 838
2699 833
2700 833
2700 825
2699 825
2699 824
2698 824
2698 823
2697 823
2697 824
2694 824
2694 825
2693 825
2693 826
2692 826
2692 827
2681 827
2681 826
2672 826
2672 825
2665 825
2665 826
2659 826
2659 827
2658 827
2658 833
2657 833
2657 837
2656 837
2656 847
2655 847
2655 852
2654 852
2654 860
2653 860
2653 863
2652 863
2652 874
2651 874
2651 877
2650 877
2650 881
2649 881
2649 884
2648 884
2648 885
2647 885
2647 886
2642 886
2642 887
2640 887
2640 890
2639 890
2639 895
2638 895
2638 902
2637 902
2637 906
2634 906
2634 907
2628 907
2628 908
2627 908
2627 909
2626 909
2626 910
2625 910
2625 912
2624 912
2624 913
2618 913
2618 912
2604 912
2604 913
2603 913
2603 914
2602 914
2602 916
2601 916
2601 917
2599 917
2599 918
2591 918
2591 919
2590 919
2590 920
2589 920
2589 921
2585 921
2585 920
2576 920
2576 921
2573 921
2573 922
2570 922
2570 924
2569 924
2569 925
2568 925
2568 927
2567 927
2567 930
2566 930
2566 931
2565 931
2565 932
2561 932
2561 933
2560 933
2560 934
2559 934
2559 935
2558 935
2558 936
2556 936
2556 937
2554 937
2554 938
2549 938
2549 939
2545 939
2545 940
2535 940
2535 939
2533 939
2533 938
2527 938
2527 937
2522 937
2522 936
2518 936
2518 935
2512 935
2512 934
2509 934
2509 933
2506 933
2506 932
2502 932
2502 931
2500 931
2500 930
2499 930
2499 929
2497 929
2497 928
2485 928
2485 927
2484 927
2484 926
2482 926
2482 925
2480 925
2480 924
2475 924
2475 923
2468 923
2468 922
2458 922
2458 921
2451 921
2451 920
2449 920
2449 919
2448 919
2448 918
2446 918
2446 917
2444 917
2444 916
2442 916
2442 915
2440 915
2440 914
2438 914
2438 913
2436 913
2436 912
2434 912
2434 911
2433 911
2433 910
2432 910
2432 908
2431 908
2431 907
2427 907
2427 906
2425 906
2425 905
2419 905
2419 904
2418 904
2418 903
2413 903
2413 902
2408 902
2408 901
2406 901
2406 900
2401 900
2401 899
2396 899
2396 898
2394 898
2394 897
2392 897
2392 896
2391 896
2391 895
2388 895
2388 894
2381 894
2381 893
2378 893
2378 892
2373 892
2373 891
2371 891
2371 890
2370 890
2370 889
2368 889
2368 888
2367 888
2367 887
2366 887
2366 886
2365 886
2365 885
2364 885
2364 884
2363 884
2363 883
2362 883
2362 882
2361 882
2361 881
2360 881
2360 880
2359 880
2359 879
2358 879
2358 873
2357 873
2357 871
2356 871
2356 870
2350 870
2350 871
2347 871
2347 872
2346 872
2346 873
2345 873
2345 874
2343 874
2343 875
2342 875
2342 876
2334 876
2334 875
2332 875
2332 874
2329 874
2329 873
2325 873
2325 872
2321 872
2321 871
2318 871
2318 870
2314 870
2314 869
2310 869
2310 868
2307 868
2307 867
2302 867
2302 866
2297 866
2297 865
2294 865
2294 864
2292 864
2292 863
2291 863
2291 862
2290 862
2290 861
2289 861
2289 860
2288 860
2288 859
2286 859
2286 858
2281 858
2281 857
2276 857
2276 856
2264 856
2264 857
2262 857
2262 858
2261 858
2261 859
2259 859
2259 866
2260 866
2260 871
2259 871
2259 878
2258 878
2258 882
2257 882
2257 884
2256 884
2256 886
2255 886
2255 887
2254 887
2254 888
2253 888
2253 889
2252 889
2252 890
2250 890
2250 891
2248 891
2248 892
2247 892
2247 893
2246 893
2246 894
2245 894
2245 895
2244 895
2244 896
2243 896
2243 897
2242 897
2242 898
2241 898
2241 899
2240 899
2240 900
2239 900
2239 901
2233 901
2233 902
2232 902
2232 903
2230 903
2230 904
2218 904
2218 903
2215 903
2215 902
2211 902
2211 901
2210 901
2210 900
2201 900
2201 899
2200 899
2200 898
2198 898
2198 897
2197 897
2197 896
2195 896
2195 895
2194 895
2194 893
2193 893
2193 892
2192 892
2192 891
2191 891
2191 889
2190 889
2190 888
2189 888
2189 887
2185 887
2185 886
2176 886
2176 885
2174 885
2174 886
2170 886
2170 885
2161 885
2161 884
2160 884
2160 883
2148 883
2148 882
2136 882
2136 881
2128 881
2128 882
2127 882
2127 883
2126 883
2126 885
2127 885
2127 889
2128 889
2128 894
2127 894
2127 895
2126 895
2126 896
2125 896
2125 897
2123 897
2123 898
2122 898
2122 899
2121 899
2121 900
2120 900
2120 901
2112 901
2112 902
2111 902
2111 903
2109 903
2109 904
2104 904
2104 905
2102 905
2102 906
2101 906
2101 907
2100 907
2100 908
2099 908
2099 909
2093 909
2093 908
2082 908
2082 907
2080 907
2080 906
2078 906
2078 905
2077 905
2077 902
2076 902
2076 900
2075 900
2075 898
2074 898
2074 884
2073 884
2073 882
2072 882
2072 881
2071 881
2071 880
2070 880
2070 879
2069 879
2069 878
2068 878
2068 877
2067 877
2067 876
2066 876
2066 856
2065 856
2065 855
2064 855
2064 854
2059 854
2059 853
2055 853
2055 852
2050 852
2050 851
2048 851
2048 850
2045 850
2045 849
2035 849
2035 848
2030 848
2030 847
2025 847
2025 846
2024 846
2024 844
2023 844
2023 843
2022 843
2022 841
2021 841
2021 837
2020 837
2020 835
2019 835
2019 834
2016 834
2016 833
2012 833
2012 832
2010 832
2010 831
2009 831
2009 826
2008 826
2008 825
2007 825
2007 824
2006 824
2006 823
2002 823
2002 822
1993 822
1993 821
1990 821
1990 820
1988 820
1988 819
1986 819
1986 818
1982 818
1982 817
1980 817
1980 816
1975 816
1975 817
1972 817
1972 844
1971 844
1971 848
1970 848
1970 849
1967 849
1967 850
1961 850
1961 851
1960 851
1960 852
1958 852
1958 853
1956 853
1956 854
1955 854
1955 855
1954 855
1954 856
1953 856
1953 857
1951 857
1951 858
1950 858
1950 870
1949 870
1949 872
1940 872
1940 873
1939 873
1939 875
1938 875
1938 877
1936 877
1936 878
1935 878
1935 880
1933 880
1933 881
1932 881
1932 883
1931 883
1931 884
1930 884
1930 886
1929 886
1929 887
1928 887
1928 889
1926 889
1926 890
1921 890
1921 891
1920 891
1920 892
1919 892
1919 893
1918 893
1918 894
1917 894
1917 895
1916 895
1916 896
1914 896
1914 897
1913 897
1913 896
1905 896
1905 897
1902 897
1902 898
1893 898
1893 899
1891 899
1891 900
1889 900
1889 901
1870 901
1870 902
1863 902
1863 903
1861 903
1861 904
1858 904
1858 905
1855 905
1855 904
1851 904
1851 903
1849 903
1849 902
1842 902
1842 901
1840 901
1840 900
1835 900
1835 899
1826 899
1826 898
1806 898
1806 897
1804 897
1804 896
1803 896
1803 894
1802 894
1802 893
1801 893
1801 892
1799 892
1799 891
1797 891
1797 890
1795 890
1795 889
1793 889
1793 888
1792 888
1792 887
1791 887
1791 886
1788 886
1788 885
1786 885
1786 883
1785 883
1785 882
1784 882
1784 881
1783 881
1783 880
1782 880
1782 879
1781 879
1781 878
1779 878
1779 877
1775 877
1775 876
1772 876
1772 875
1766 875
1766 874
1764 874
1764 873
1759 873
1759 872
1757 872
1757 871
1747 871
1747 870
1743 870
1743 869
1741 869
1741 868
1740 868
1740 867
1739 867
1739 866
1737 866
1737 865
1736 865
1736 864
1735 864
1735 863
1734 863
1734 862
1732 862
1732 861
1730 861
1730 860
1729 860
1729 859
1727 859
1727 858
1726 858
1726 857
1725 857
1725 856
1724 856
1724 855
1723 855
1723 854
1722 854
1722 852
1721 852
1721 851
1720 851
1720 850
1718 850
1718 849
1715 849
1715 848
1714 848
1714 847
1711 847
1711 846
1708 846
1708 845
1706 845
1706 844
1702 844
1702 843
1701 843
1701 842
1698 842
1698 841
1697 841
1697 840
1696 840
1696 839
1695 839
1695 837
1694 837
1694 836
1693 836
1693 834
1692 834
1692 831
1691 831
1691 829
1690 829
1690 827
1689 827
1689 824
1688 824
1688 822
1687 822
1687 821
1686 821
1686 818
1685 818
1685 796
1686 796
1686 794
1685 794
1685 779
1686 779
1686 774
1685 774
1685 771
1686 771
1686 746
1685 746
1685 745
1684 745
1684 744
1680 744
1680 745
1663 745
1663 744
1661 744
1661 743
1656 743
1656 742
1655 742
1655 743
1652 743
1652 744
1650 744
1650 745
1647 745
1647 746
1645 746
1645 747
1643 747
1643 748
1642 748
1642 749
1640 749
1640 750
1632 750
1632 749
1622 749
1622 750
1620 750
1620 751
1617 751
1617 752
1614 752
1614 753
1607 753
1607 752
1595 752
1595 751
1588 751
1588 750
1586 750
1586 749
1584 749
1584 748
1576 748
1576 747
1575 747
1575 746
1574 746
1574 745
1566 745
1566 746
1565 746
1565 745
1554 745
1554 746
1552 746
1552 747
1537 747
1537 746
1535 746
1535 745
1532 745
1532 744
1530 744
1530 743
1527 743
1527 742
1522 742
1522 741
1516 741
1516 742
1507 742
1507 743
1506 743
1506 744
1505 744
1505 747
1504 747
1504 758
1503 758
1503 780
1500 780
1500 781
1476 781
1476 780
1474 780
1474 779
1472 779
1472 778
1469 778
1469 777
1459 777
1459 776
1442 776
1442 777
1438 777
1438 776
1434 776
1434 775
1433 775
1433 773
1428 773
1428 772
1427 772
1427 771
1424 771
1424 770
1423 770
1423 769
1422 769
1422 768
1420 768
1420 767
1418 767
1418 766
1417 766
1417 765
1416 765
1416 764
1415 764
1415 763
1414 763
1414 762
1413 762
1413 761
1412 761
1412 760
1411 760
1411 759
1410 759
1410 758
1407 758
1407 757
1406 757
1406 756
1398 756
1398 755
1397 755
1397 754
1394 754
1394 753
1392 753
1392 751
1391 751
1391 750
1390 750
1390 749
1389 749
1389 747
1388 747
1388 745
1387 745
1387 742
1388 742
1388 730
1387 730
1387 729
1386 729
1386 728
1384 728
1384 727
1383 727
1383 726
1382 726
1382 725
1381 725
1381 724
1380 724
1380 723
1379 723
1379 721
1378 721
1378 719
1377 719
1377 710
1376 710
1376 709
1375 709
1375 708
1374 708
1374 707
1367 707
1367 706
1360 706
1360 705
1355 705
1355 704
1352 704
1352 705
1348 705
1348 706
1346 706
1346 705
1343 705
1343 704
1342 704
1342 703
1341 703
1341 702
1340 702
1340 701
1339 701
1339 700
1338 700
1338 699
1336 699
1336 698
1334 698
1334 697
1332 697
1332 696
1330 696
1330 695
1328 695
1328 694
1326 694
1326 693
1325 693
1325 692
1323 692
1323 691
1322 691
1322 690
1321 690
1321 689
1320 689
1320 683
1319 683
1319 682
1318 682
1318 681
1317 681
1317 680
1316 680
1316 679
1315 679
1315 678
1313 678
1313 677
1311 677
1311 676
1310 676
1310 675
1309 675
1309 674
1308 674
1308 672
1307 672
1307 647
1308 647
1308 634
1307 634
1307 633
1306 633
1306 632
1305 632
1305 631
1304 631
1304 630
1302 630
1302 629
1301 629
1301 628
1299 628
1299 627
1275 627
1275 626
1261 626
1261 625
1255 625
1255 624
1254 624
1254 623
1252 623
1252 622
1251 622
1251 621
1250 621
1250 620
1249 620
1249 618
1248 618
1248 617
1247 617
1247 612
1246 612
1246 604
1245 604
1245 603
1244 603
1244 601
1243 601
1243 600
1242 600
1242 599
1241 599
1241 598
1240 598
1240 597
1239 597
1239 596
1237 596
1237 595
1235 595
1235 594
1234 594
1234 593
1232 593
1232 592
1231 592
1231 591
1230 591
1230 590
1229 590
1229 588
1228 588
1228 587
1227 587
1227 585
1226 585
1226 581
1225 581
1225 579
1224 579
1224 578
1223 578
1223 577
1221 577
1221 576
1220 576
1220 575
1219 575
1219 574
1218 574
1218 573
1217 573
1217 565
1216 565
1216 564
1215 564
1215 563
1213 563
1213 562
1204 562
1204 563
1203 563
1203 564
1202 564
1202 565
1201 565
1201 566
1200 566
1200 568
1199 568
1199 569
1198 569
1198 570
1197 570
1197 572
1196 572
1196 574
1195 574
1195 576
1194 576
1194 577
1193 577
1193 578
1191 578
1191 579
1187 579
1187 584
1188 584
1188 586
1189 586
1189 592
1188 592
1188 594
1187 594
1187 596
1186 596
1186 597
1185 597
1185 599
1184 599
1184 601
1183 601
1183 603
1182 603
1182 605
1181 605
1181 607
1180 607
1180 608
1178 608
1178 609
1165 609
1165 610
1163 610
1163 611
1162 611
1162 612
1161 612
1161 613
1160 613
1160 614
1159 614
1159 616
1158 616
1158 617
1157 617
1157 619
1156 619
1156 620
1154 620
1154 621
1145 621
1145 620
1141 620
1141 619
1139 619
1139 618
1138 618
1138 617
1136 617
1136 616
1133 616
1133 615
1131 615
1131 614
1129 614
1129 613
1127 613
1127 612
1125 612
1125 611
1124 611
1124 610
1122 610
1122 609
1120 609
1120 608
1113 608
1113 607
1108 607
1108 606
1104 606
1104 605
1102 605
1102 604
1100 604
1100 603
1092 603
1092 602
1083 602
1083 601
1079 601
1079 600
1073 600
1073 599
1047 599
1047 598
1043 598
1043 597
1036 597
1036 596
1034 596
1034 595
1031 595
1031 594
1030 594
1030 593
1029 593
1029 592
1028 592
1028 591
1027 591
1027 590
1026 590
1026 589
1025 589
1025 581
1024 581
1024 580
1023 580
1023 579
1022 579
1022 578
1017 578
1017 577
1014 577
1014 576
1006 576
1006 575
1005 575
1005 574
1003 574
1003 573
1002 573
1002 572
1001 572
1001 570
1000 570
1000 569
999 569
999 567
998 567
998 564
997 564
997 562
996 562
996 561
995 561
995 560
994 560
994 559
993 559
993 558
992 558
992 557
991 557
991 556
990 556
990 555
989 555
989 554
988 554
988 551
987 551
987 549
986 549
986 548
984 548
984 547
980 547
980 546
979 546
979 545
978 545
978 544
977 544
977 543
976 543
976 542
975 542
975 541
973 541
973 539
972 539
972 537
971 537
971 533
970 533
970 532
969 532
969 531
968 531
968 530
967 530
967 529
966 529
966 527
965 527
965 526
964 526
964 524
963 524
963 522
962 522
962 520
961 520
961 514
960 514
960 494
961 494
961 451
962 451
962 436
963 436
963 423
962 423
962 422
961 422
961 421
958 421
958 420
953 420
953 419
945 419
945 420
944 420
944 421
943 421
943 422
942 422
942 425
941 425
941 427
940 427
940 429
939 429
939 444
938 444
938 446
937 446
937 451
936 451
936 452
935 452
935 453
932 453
932 454
931 454
931 455
930 455
930 456
929 456
929 457
928 457
928 458
926 458
926 459
925 459
925 460
922 460
922 461
919 461
919 462
917 462
917 463
916 463
916 464
915 464
915 465
913 465
913 466
912 466
912 467
910 467
910 468
909 468
909 469
907 469
907 470
905 470
905 471
904 471
904 472
903 472
903 473
902 473
902 474
901 474
901 475
898 475
898 476
891 476
891 475
881 475
881 476
879 476
879 477
871 477
871 478
868 478
868 477
861 477
861 476
860 476
860 475
859 475
859 474
858 474
858 473
857 473
857 472
855 472
855 471
852 471
852 470
850 470
850 469
847 469
847 468
846 468
846 466
845 466
845 464
844 464
844 459
843 459
843 451
844 451
844 449
845 449
845 447
844 447
844 446
843 446
843 445
842 445
842 444
841 444
841 443
839 443
839 442
838 442
838 441
837 441
837 439
836 439
836 436
835 436
835 430
834 430
834 429
833 429
833 428
831 428
831 427
829 427
829 426
828 426
828 425
827 425
827 424
826 424
826 423
825 423
825 422
824 422
824 421
822 421
822 420
819 420
819 419
817 419
817 418
815 418
815 417
814 417
814 416
811 416
811 415
809 415
809 414
801 414
801 413
796 413
796 412
795 412
795 413
792 413
792 414
791 414
791 415
789 415
789 416
786 416
786 417
784 417
784 418
772 418
772 417
763 417
763 418
758 418
758 417
754 417
754 416
753 416
753 413
752 413
752 409
751 409
751 407
750 407
750 405
749 405
749 403
748 403
748 402
747 402
747 401
746 401
746 399
745 399
745 398
744 398
744 397
743 397
743 395
742 395
742 394
739 394
739 393
737 393
737 392
732 392
732 391
729 391
729 390
728 390
728 389
726 389
726 388
725 388
725 386
724 386
724 383
723 383
723 378
722 378
722 368
721 368
721 348
722 348
722 333
721 333
721 332
720 332
720 330
719 330
719 329
718 329
718 328
717 328
717 327
715 327
715 326
714 326
714 325
713 325
713 324
712 324
712 322
711 322
711 320
710 320
710 318
709 318
709 301
708 301
708 300
707 300
707 299
706 299
706 298
704 298
704 297
703 297
703 296
702 296
702 295
701 295
701 293
700 293
700 291
699 291
699 289
698 289
698 286
697 286
697 283
696 283
696 282
695 282
695 281
694 281
694 280
693 280
693 278
692 278
692 277
691 277
691 274
690 274
690 271
691 271
691 267
690 267
690 260
689 260
689 251
688 251
688 250
687 250
687 249
685 249
685 248
684 248
684 247
682 247
682 246
681 246
681 244
680 244
680 242
679 242
679 240
678 240
678 237
677 237
677 228
676 228
676 227
675 227
675 226
674 226
674 225
673 225
673 224
672 224
672 223
671 223
671 222
669 222
669 221
668 221
668 220
667 220
667 219
664 219
664 218
662 218
662 217
660 217
660 216
659 216
659 215
658 215
658 214
656 214
656 213
655 213
655 212
654 212
654 211
652 211
652 210
651 210
651 209
650 209
650 210
651 210
651 211
652 211
652 212
654 212
654 213
655 213
655 214
656 214
656 215
658 215
658 216
659 216
659 217
660 217
660 218
662 218
662 219
664 219
664 220
667 220
667 221
668 221
668 222
669 222
669 223
671 223
671 224
672 224
672 225
673 225
673 226
674 226
674 227
675 227
675 228
676 228
676 237
677 237
677 240
678 240
678 242
679 242
679 244
680 244
680 247
682 247
682 248
684 248
684 249
685 249
685 250
687 250
687 251
688 251
688 260
689 260
689 267
690 267
690 271
689 271
689 274
690 274
690 277
691 277
691 278
692 278
692 280
693 280
693 281
694 281
694 282
695 282
695 283
696 283
696 286
697 286
697 289
698 289
698 291
699 291
699 293
700 293
700 295
701 295
701 296
702 296
702 297
703 297
703 298
704 298
704 299
706 299
706 300
707 300
707 301
708 301
708 318
709 318
709 320
710 320
710 322
711 322
711 324
712 324
712 325
713 325
713 326
714 326
714 327
715 327
715 328
717 328
717 329
718 329
718 330
719 330
719 332
720 332
720 333
721 333
721 348
720 348
720 368
721 368
721 378
722 378
722 383
723 383
723 386
724 386
724 388
725 388
725 389
726 389
726 390
728 390
728 391
729 391
729 392
732 392
732 393
737 393
737 394
739 394
739 395
742 395
742 397
743 397
743 398
744 398
744 399
745 399
745 401
746 401
746 402
747 402
747 403
748 403
748 405
749 405
749 407
750 407
750 409
751 409
751 413
752 413
752 416
753 416
753 417
754 417
754 418
758 418
758 419
763 419
763 418
772 418
772 419
784 419
784 418
786 418
786 417
789 417
789 416
791 416
791 415
792 415
792 414
795 414
795 413
796 413
796 414
801 414
801 415
809 415
809 416
811 416
811 417
814 417
814 418
815 418
815 419
817 419
817 420
819 420
819 421
822 421
822 422
824 422
824 423
825 423
825 424
826 424
826 425
827 425
827 426
828 426
828 427
829 427
829 428
831 428
831 429
833 429
833 430
834 430
834 436
835 436
835 439
836 439
836 441
837 441
837 442
838 442
838 443
839 443
839 444
841 444
841 445
842 445
842 446
843 446
843 447
844 447
844 449
843 449
843 451
842 451
842 459
843 459
843 464
844 464
844 466
845 466
845 468
846 468
846 469
847 469
847 470
850 470
850 471
852 471
852 472
855 472
855 473
857 473
857 474
858 474
858 475
859 475
859 476
860 476
860 477
861 477
861 478
868 478
868 479
871 479
871 478
879 478
879 477
881 477
881 476
891 476
891 477
898 477
898 476
901 476
901 475
902 475
902 474
903 474
903 473
904 473
904 472
905 472
905 471
907 471
907 470
911 470
911 469
912 469
912 467
913 467
913 466
915 466
915 465
916 465
916 464
917 464
917 463
919 463
919 462
922 462
922 461
925 461
925 460
926 460
926 459
928 459
928 458
929 458
929 457
930 457
930 456
931 456
931 455
932 455
932 454
935 454
935 453
936 453
936 452
937 452
937 451
938 451
938 446
939 446
939 444
940 444
940 429
941 429
941 427
942 427
942 425
943 425
943 422
944 422
944 421
945 421
945 420
953 420
953 421
958 421
958 422
961 422
961 423
962 423
962 436
961 436
961 451
960 451
960 494
959 494
959 514
960 514
960 520
961 520
961 522
962 522
962 524
963 524
963 526
964 526
964 527
965 527
965 529
966 529
966 530
967 530
967 531
968 531
968 532
969 532
969 533
970 533
970 537
971 537
971 539
972 539
972 541
973 541
973 542
975 542
975 543
976 543
976 544
977 544
977 545
978 545
978 546
979 546
979 547
980 547
980 548
984 548
984 549
986 549
986 551
987 551
987 554
988 554
988 555
989 555
989 556
990 556
990 557
991 557
991 558
992 558
992 559
993 559
993 560
994 560
994 561
995 561
995 562
996 562
996 564
997 564
997 567
998 567
998 569
999 569
999 570
1000 570
1000 572
1001 572
1001 573
1002 573
1002 574
1003 574
1003 575
1005 575
1005 576
1006 576
1006 577
1014 577
1014 578
1017 578
1017 579
1022 579
1022 580
1023 580
1023 581
1024 581
1024 589
1025 589
1025 590
1026 590
1026 591
1027 591
1027 592
1028 592
1028 593
1029 593
1029 594
1030 594
1030 595
1031 595
1031 596
1034 596
1034 597
1036 597
1036 598
1043 598
1043 599
1047 599
1047 600
1073 600
1073 601
1079 601
1079 602
1083 602
1083 603
1092 603
1092 604
1100 604
1100 605
1102 605
1102 606
1104 606
1104 607
1108 607
1108 608
1113 608
1113 609
1120 609
1120 610
1122 610
1122 611
1124 611
1124 612
1125 612
1125 613
1127 613
1127 614
1129 614
1129 615
1131 615
1131 616
1133 616
1133 617
1136 617
1136 618
1138 618
1138 619
1139 619
1139 620
1141 620
1141 621
1145 621
1145 622
1154 622
1154 621
1156 621
1156 620
1157 620
1157 619
1158 619
1158 617
1159 617
1159 616
1160 616
1160 614
1161 614
1161 613
1162 613
1162 612
1163 612
1163 611
1165 611
1165 610
1178 610
1178 609
1180 609
1180 608
1181 608
1181 607
1182 607
1182 605
1183 605
1183 603
1184 603
1184 601
1185 601
1185 599
1186 599
1186 597
1187 597
1187 596
1188 596
1188 594
1189 594
1189 592
1190 592
1190 586
1189 586
1189 584
1188 584
1188 580
1191 580
1191 579
1193 579
1193 578
1194 578
1194 577
1195 577
1195 576
1196 576
1196 574
1197 574
1197 572
1198 572
1198 570
1199 570
1199 569
1200 569
1200 568
1201 568
1201 566
1202 566
1202 565
1203 565
1203 564
1204 564
1204 563
1213 563
1213 564
1215 564
1215 565
1216 565
1216 573
1217 573
1217 574
1218 574
1218 575
1219 575
1219 576
1220 576
1220 577
1221 577
1221 578
1223 578
1223 579
1224 579
1224 581
1225 581
1225 585
1226 585
1226 587
1227 587
1227 588
1228 588
1228 590
1229 590
1229 591
1230 591
1230 592
1231 592
1231 593
1232 593
1232 594
1234 594
1234 595
1235 595
1235 596
1237 596
1237 597
1239 597
1239 598
1240 598
1240 599
1241 599
1241 600
1242 600
1242 601
1243 601
1243 603
1244 603
1244 604
1245 604
1245 612
1246 612
1246 617
1247 617
1247 618
1248 618
1248 620
1249 620
1249 621
1250 621
1250 622
1251 622
1251 623
1252 623
1252 624
1254 624
1254 625
1255 625
1255 626
1261 626
1261 627
1275 627
1275 628
1299 628
1299 629
1301 629
1301 630
1302 630
1302 631
1304 631
1304 632
1305 632
1305 633
1306 633
1306 634
1307 634
1307 647
1306 647
1306 672
1307 672
1307 674
1308 674
1308 675
1309 675
1309 676
1310 676
1310 677
1311 677
1311 678
1313 678
1313 679
1315 679
1315 680
1316 680
1316 681
1317 681
1317 682
1318 682
1318 683
1319 683
1319 689
1320 689
1320 690
1321 690
1321 691
1322 691
1322 692
1323 692
1323 693
1325 693
1325 694
1326 694
1326 695
1328 695
1328 696
1330 696
1330 697
1332 697
1332 698
1334 698
1334 699
1336 699
1336 700
1338 700
1338 701
1339 701
1339 702
1340 702
1340 703
1341 703
1341 704
1342 704
1342 705
1343 705
1343 706
1346 706
1346 707
1348 707
1348 706
1352 706
1352 705
1355 705
1355 706
1360 706
1360 707
1367 707
1367 708
1374 708
1374 709
1375 709
1375 710
1376 710
1376 719
1377 719
1377 721
1378 721
1378 723
1379 723
1379 724
1380 724
1380 725
1381 725
1381 726
1382 726
1382 727
1383 727
1383 728
1384 728
1384 729
1386 729
1386 730
1387 730
1387 742
1386 742
1386 745
1387 745
1387 747
1388 747
1388 749
1389 749
1389 750
1390 750
1390 751
1391 751
1391 753
1392 753
1392 754
1394 754
1394 755
1397 755
1397 756
1398 756
1398 757
1406 757
1406 758
1407 758
1407 759
1410 759
1410 760
1411 760
1411 761
1412 761
1412 762
1413 762
1413 763
1414 763
1414 764
1415 764
1415 765
1416 765
1416 766
1417 766
1417 767
1418 767
1418 768
1420 768
1420 769
1422 769
1422 770
1423 770
1423 771
1424 771
1424 772
1427 772
1427 773
1428 773
1428 774
1432 774
1432 775
1433 775
1433 776
1434 776
1434 777
1438 777
1438 778
1442 778
1442 777
1459 777
1459 778
1469 778
1469 779
1472 779
1472 780
1474 780
1474 781
1476 781
1476 782
1500 782
1500 781
1503 781
1503 780
1504 780
1504 758
1505 758
1505 747
1506 747
1506 744
1507 744
1507 743
1516 743
1516 742
1522 742
1522 743
1527 743
1527 744
1530 744
1530 745
1532 745
1532 746
1535 746
1535 747
1537 747
1537 748
1552 748
1552 747
1554 747
1554 746
1565 746
1565 747
1566 747
1566 746
1574 746
1574 747
1575 747
1575 749
1584 749
1584 750
1586 750
1586 751
1588 751
1588 752
1595 752
1595 753
1607 753
1607 754
1614 754
1614 753
1617 753
1617 752
1620 752
1620 751
1622 751
1622 750
1632 750
1632 751
1640 751
1640 750
1642 750
1642 749
1643 749
1643 748
1645 748
1645 747
1647 747
1647 746
1650 746
1650 745
1652 745
1652 744
1655 744
1655 743
1656 743
1656 744
1661 744
1661 745
1663 745
1663 746
1680 746
1680 745
1684 745
1684 746
1685 746
1685 771
1684 771
1684 774
1685 774
1685 779
1684 779
1684 794
1685 794
1685 796
1684 796
1684 818
1685 818
1685 821
1686 821
1686 822
1687 822
1687 824
1688 824
1688 827
1689 827
1689 829
1690 829
1690 831
1691 831
1691 834
1692 834
1692 836
1693 836
1693 837
1694 837
1694 839
1695 839
1695 840
1696 840
1696 841
1697 841
1697 842
1698 842
1698 843
1701 843
1701 844
1702 844
1702 845
1706 845
1706 846
1708 846
1708 847
1711 847
1711 848
1714 848
1714 849
1715 849
1715 850
1718 850
1718 851
1720 851
1720 852
1721 852
1721 854
1722 854
1722 855
1723 855
1723 856
1724 856
1724 857
1725 857
1725 858
1726 858
1726 859
1727 859
1727 860
1729 860
1729 861
1730 861
1730 862
1732 862
1732 863
1734 863
1734 864
1735 864
1735 865
1736 865
1736 866
1737 866
1737 867
1739 867
1739 868
1740 868
1740 869
1741 869
1741 870
1743 870
1743 871
1747 871
1747 872
1757 872
1757 873
1759 873
1759 874
1764 874
1764 875
1766 875
1766 876
1772 876
1772 877
1775 877
1775 878
1779 878
1779 879
1781 879
1781 880
1782 880
1782 881
1783 881
1783 882
1784 882
1784 883
1785 883
1785 885
1786 885
1786 886
1788 886
1788 887
1791 887
1791 888
1792 888
1792 889
1793 889
1793 890
1795 890
1795 891
1797 891
1797 892
1799 892
1799 893
1801 893
1801 894
1802 894
1802 896
1803 896
1803 897
1804 897
1804 898
1806 898
1806 899
1826 899
1826 900
1835 900
1835 901
1840 901
1840 902
1842 902
1842 903
1849 903
1849 904
1851 904
1851 905
1855 905
1855 906
1858 906
1858 905
1861 905
1861 904
1863 904
1863 903
1870 903
1870 902
1889 902
1889 901
1891 901
1891 900
1893 900
1893 899
1902 899
1902 898
1905 898
1905 897
1913 897
1913 898
1914 898
1914 897
1916 897
1916 896
1917 896
1917 895
1918 895
1918 894
1919 894
1919 893
1920 893
1920 892
1921 892
1921 891
1926 891
1926 890
1928 890
1928 889
1929 889
1929 887
1930 887
1930 886
1931 886
1931 884
1932 884
1932 883
1933 883
1933 881
1935 881
1935 880
1936 880
1936 878
1938 878
1938 877
1939 877
1939 875
1940 875
1940 873
1949 873
1949 872
1950 872
1950 870
1951 870
1951 858
1953 858
1953 857
1955 857
1955 855
1956 855
1956 854
1958 854
1958 853
1960 853
1960 852
1961 852
1961 851
1967 851
1967 850
1970 850
1970 849
1971 849
1971 848
1972 848
1972 844
1973 844
1973 818
1975 818
1975 817
1980 817
1980 818
1982 818
1982 819
1986 819
1986 820
1988 820
1988 821
1990 821
1990 822
1993 822
1993 823
2002 823
2002 824
2006 824
2006 825
2007 825
2007 826
2008 826
2008 831
2009 831
2009 832
2010 832
2010 833
2012 833
2012 834
2016 834
2016 835
2019 835
2019 837
2020 837
2020 841
2021 841
2021 843
2022 843
2022 844
2023 844
2023 846
2024 846
2024 847
2025 847
2025 848
2030 848
2030 849
2035 849
2035 850
2045 850
2045 851
2048 851
2048 852
2050 852
2050 853
2055 853
2055 854
2059 854
2059 855
2064 855
2064 856
2065 856
2065 876
2066 876
2066 877
2067 877
2067 878
2068 878
2068 879
2069 879
2069 880
2070 880
2070 881
2071 881
2071 882
2072 882
2072 884
2073 884
2073 898
2074 898
2074 900
2075 900
2075 902
2076 902
2076 905
2077 905
2077 906
2078 906
2078 907
2080 907
2080 908
2082 908
2082 909
2093 909
2093 910
2099 910
2099 909
2100 909
2100 908
2101 908
2101 907
2102 907
2102 906
2104 906
2104 905
2109 905
2109 904
2111 904
2111 903
2112 903
2112 902
2120 902
2120 901
2121 901
2121 900
2122 900
2122 899
2123 899
2123 898
2125 898
2125 897
2126 897
2126 896
2127 896
2127 895
2128 895
2128 894
2129 894
2129 889
2128 889
2128 885
2127 885
2127 883
2128 883
2128 882
2136 882
2136 883
2148 883
2148 884
2160 884
2160 885
2161 885
2161 886
2170 886
2170 887
2174 887
2174 886
2176 886
2176 887
2185 887
2185 888
2189 888
2189 889
2190 889
2190 891
2191 891
2191 892
2192 892
2192 893
2193 893
2193 895
2194 895
2194 896
2195 896
2195 897
2197 897
2197 898
2198 898
2198 899
2200 899
2200 900
2201 900
2201 901
2210 901
2210 902
2211 902
2211 903
2215 903
2215 904
2218 904
2218 905
2230 905
2230 904
2232 904
2232 903
2233 903
2233 902
2239 902
2239 901
2240 901
2240 900
2241 900
2241 899
2242 899
2242 898
2243 898
2243 897
2244 897
2244 896
2245 896
2245 895
2246 895
2246 894
2247 894
2247 893
2248 893
2248 892
2250 892
2250 891
2252 891
2252 890
2253 890
2253 889
2254 889
2254 888
2255 888
2255 887
2256 887
2256 886
2257 886
2257 884
2258 884
2258 882
2259 882
2259 878
2260 878
2260 871
2261 871
2261 866
2260 866
2260 860
2261 860
2261 859
2262 859
2262 858
2264 858
2264 857
2276 857
2276 858
2281 858
2281 859
2286 859
2286 860
2288 860
2288 861
2289 861
2289 862
2290 862
2290 863
2291 863
2291 864
2292 864
2292 865
2294 865
2294 866
2297 866
2297 867
2302 867
2302 868
2307 868
2307 869
2310 869
2310 870
2314 870
2314 871
2318 871
2318 872
2321 872
2321 873
2325 873
2325 874
2329 874
2329 875
2332 875
2332 876
2334 876
2334 877
2342 877
2342 876
2343 876
2343 875
2345 875
2345 874
2346 874
2346 873
2347 873
2347 872
2350 872
2350 871
2356 871
2356 873
2357 873
2357 879
2358 879
2358 880
2359 880
2359 881
2360 881
2360 882
2361 882
2361 883
2362 883
2362 884
2363 884
2363 885
2364 885
2364 886
2365 886
2365 887
2366 887
2366 888
2367 888
2367 889
2368 889
2368 890
2370 890
2370 891
2371 891
2371 892
2373 892
2373 893
2378 893
2378 894
2381 894
2381 895
2388 895
2388 896
2391 896
2391 897
2392 897
2392 898
2394 898
2394 899
2396 899
2396 900
2401 900
2401 901
2406 901
2406 902
2408 902
2408 903
2413 903
2413 904
2418 904
2418 905
2419 905
2419 906
2425 906
2425 907
2427 907
2427 908
2431 908
2431 910
2432 910
2432 911
2433 911
2433 912
2434 912
2434 913
2436 913
2436 914
2438 914
2438 915
2440 915
2440 916
2442 916
2442 917
2444 917
2444 918
2446 918
2446 919
2448 919
2448 920
2449 920
2449 921
2451 921
2451 922
2458 922
2458 923
2468 923
2468 924
2475 924
2475 925
2480 925
2480 926
2482 926
2482 927
2484 927
2484 928
2485 928
2485 929
2497 929
2497 930
2499 930
2499 931
2500 931
2500 932
2502 932
2502 933
2506 933
2506 934
2509 934
2509 935
2512 935
2512 936
2518 936
2518 937
2522 937
2522 938
2527 938
2527 939
2533 939
2533 940
2535 940
2535 941
2545 941
2545 940
2549 940
2549 939
2554 939
2554 938
2556 938
2556 937
2558 937
2558 936
2559 936
2559 935
2560 935
2560 934
2561 934
2561 933
2565 933
2565 932
2566 932
2566 931
2567 931
2567 930
2568 930
2568 927
2569 927
2569 925
2570 925
2570 924
2571 924
2571 923
2573 923
2573 922
2576 922
2576 921
2585 921
2585 922
2589 922
2589 921
2590 921
2590 920
2591 920
2591 919
2599 919
2599 918
2601 918
2601 917
2602 917
2602 916
2603 916
2603 914
2604 914
2604 913
2618 913
2618 914
2624 914
2624 913
2625 913
2625 912
2626 912
2626 910
2627 910
2627 909
2628 909
2628 908
2634 908
2634 907
2637 907
2637 906
2638 906
2638 902
2639 902
2639 895
2640 895
2640 890
2641 890
2641 888
2642 888
2642 887
2647 887
2647 886
2648 886
2648 885
2649 885
2649 884
2650 884
2650 881
2651 881
2651 877
2652 877
2652 874
2653 874
2653 863
2654 863
2654 860
2655 860
2655 852
2656 852
2656 847
2657 847
2657 837
2658 837
2658 833
2659 833
2659 827
2665 827
2665 826
2672 826
2672 827
2681 827
2681 828
2692 828
2692 827
2693 827
2693 826
2694 826
2694 825
2697 825
2697 824
2698 824
2698 825
2699 825
2699 833
2698 833
2698 838
2697 838
2697 842
2696 842
2696 857
2697 857
2697 859
2698 859
2698 860
2699 860
2699 861
2700 861
2700 863
2701 863
2701 864
2702 864
2702 865
2703 865
2703 866
2705 866
2705 867
2707 867
2707 868
2718 868
2718 869
2719 869
2719 868
2724 868
2724 867
2725 867
2725 866
2726 866
2726 848
2727 848
2727 846
2729 846
2729 845
2743 845
2743 844
2744 844
2744 842
2746 842
2746 841
2755 841
2755 840
2757 840
2757 839
2758 839
2758 838
2759 838
2759 837
2761 837
2761 836
2763 836
2763 835
2764 835
2764 834
2765 834
2765 833
2766 833
2766 832
2767 832
2767 831
2768 831
2768 830
2769 830
2769 823
2770 823
2770 822
2771 822
2771 820
2772 820
2772 818
2773 818
2773 817
2774 817
2774 816
2775 816
2775 815
2776 815
2776 813
2777 813
2777 811
2778 811
2778 810
2785 810
2785 809
2791 809
2791 810
2794 810
2794 809
2796 809
2796 808
2798 808
2798 807
2799 807
2799 806
2800 806
2800 804
2801 804
2801 801
2802 801
2802 797
2803 797
2803 795
2804 795
2804 785
2805 785
2805 765
2806 765
2806 759
2807 759
2807 755
2823 755
2823 754
2827 754
2827 753
2829 753
2829 752
2831 752
2831 751
2838 751
2838 752
2843 752
2843 753
2845 753
2845 754
2847 754
2847 755
2852 755
2852 756
2857 756
2857 757
2862 757
2862 758
2863 758
2863 759
2866 759
2866 760
2872 760
2872 761
2874 761
2874 762
2875 762
2875 763
2877 763
2877 764
2879 764
2879 765
2883 765
2883 766
2887 766
2887 767
2893 767
2893 768
2895 768
2895 769
2896 769
2896 770
2897 770
2897 771
2899 771
2899 772
2900 772
2900 773
2901 773
2901 775
2902 775
2902 777
2903 777
2903 780
2904 780
2904 784
2905 784
2905 790
2906 790
2906 791
2907 791
2907 792
2908 792
2908 793
2909 793
2909 794
2911 794
2911 795
2918 795
2918 794
2925 794
2925 795
2933 795
2933 794
2939 794
2939 793
2940 793
2940 792
2942 792
2942 791
2944 791
2944 790
2945 790
2945 789
2949 789
2949 790
2958 790
2958 791
2961 791
2961 792
2963 792
2963 793
2967 793
2967 794
2977 794
2977 793
2978 793
2978 792
2979 792
2979 791
2980 791
2980 790
2981 790
2981 789
2983 789
2983 788
2984 788
2984 787
2985 787
2985 782
2986 782
2986 781
2987 781
2987 780
3001 780
3001 779
3002 779
3002 778
3003 778
3003 776
3004 776
3004 775
3005 775
3005 774
3007 774
3007 773
3008 773
3008 772
3009 772
3009 771
3010 771
3010 770
3011 770
3011 769
3012 769
3012 768
3013 768
3013 767
3014 767
3014 764
3015 764
3015 763
3016 763
3016 761
3017 761
3017 757
3018 757
3018 751
3019 751
3019 747
3020 747
3020 745
3021 745
3021 744
3026 744
3026 745
3033 745
3033 744
3036 744
3036 743
3038 743
3038 742
3039 742
3039 741
3040 741
3040 740
3041 740
3041 739
3046 739
3046 738
3048 738
3048 737
3049 737
3049 736
3051 736
3051 735
3055 735
3055 734
3057 734
3057 733
3059 733
3059 732
3062 732
3062 731
3070 731
3070 732
3074 732
3074 731
3076 731
3076 730
3085 730
3085 729
3087 729
3087 728
3101 728
3101 729
3104 729
3104 730
3114 730
3114 731
3117 731
3117 732
3119 732
3119 733
3128 733
3128 732
3129 732
3129 731
3130 731
3130 730
3131 730
3131 721
3132 721
3132 713
3133 713
3133 709
3134 709
3134 708
3136 708
3136 707
3152 707
3152 706
3154 706
3154 705
3156 705
3156 704
3157 704
3157 702
3158 702
3158 699
3159 699
3159 695
3160 695
3160 693
3166 693
3166 692
3170 692
3170 691
3173 691
3173 690
3175 690
3175 689
3176 689
3176 688
3178 688
3178 687
3179 687
3179 686
3180 686
3180 685
3181 685
3181 684
3182 684
3182 683
3183 683
3183 682
3184 682
3184 681
3185 681
3185 679
3186 679
3186 673
3195 673
3195 672
3199 672
3199 671
3200 671
3200 670
3201 670
3201 669
3202 669
3202 666
3203 666
3203 664
3209 664
3209 665
3212 665
3212 666
3214 666
3214 667
3217 667
3217 668
3219 668
3219 669
3220 669
3220 671
3221 671
3221 672
3223 672
3223 673
3224 673
3224 674
3226 674
3226 675
3229 675
3229 676
3233 676
3233 677
3235 677
3235 678
3236 678
3236 679
3240 679
3240 680
3243 680
3243 681
3246 681
3246 682
3261 682
3261 683
3270 683
3270 684
3283 684
3283 685
3284 685
3284 684
3311 684
3311 685
3319 685
3319 686
3327 686
3327 687
3330 687
3330 688
3332 688
3332 689
3335 689
3335 690
3337 690
3337 691
3340 691
3340 692
3342 692
3342 693
3352 693
3352 694
3357 694
3357 695
3358 695
3358 697
3359 697
3359 699
3360 699
3360 700
3363 700
3363 701
3369 701
3369 702
3371 702
3371 703
3381 703
3381 704
3407 704
3407 703
3408 703
3408 702
3411 702
3411 701
3412 701
3412 700
3414 700
3414 699
3416 699
3416 698
3418 698
3418 697
3419 697
3419 696
3422 696
3422 695
3423 695
3423 694
3424 694
3424 693
3430 693
3430 692
3434 692
3434 691
3435 691
3435 690
3437 690
3437 689
3439 689
3439 688
3441 688
3441 687
3442 687
3442 686
3443 686
3443 685
3444 685
3444 683
3446 683
3446 682
3448 682
3448 681
3450 681
3450 680
3452 680
3452 679
3457 679
3457 678
3459 678
3459 677
3460 677
3460 676
3461 676
3461 675
3465 675
3465 674
3469 674
3469 673
3473 673
3473 672
3474 672
3474 671
3475 671
3475 670
3478 670
3478 669
3479 669
3479 667
3480 667
3480 666
3481 666
3481 665
3482 665
3482 664
3483 664
3483 661
3484 661
3484 653
3485 653
3485 641
3486 641
3486 637
3491 637
3491 636
3506 636
3506 635
3513 635
3513 634
3516 634
3516 633
3521 633
3521 632
3524 632
3524 631
3527 631
3527 630
3529 630
3529 629
3531 629
3531 628
3532 628
3532 624
3533 624
3533 617
3534 617
3534 616
3538 616
3538 615
3541 615
3541 614
3544 614
3544 613
3545 613
3545 612
3547 612
3547 611
3548 611
3548 610
3549 610
3549 609
3550 609
3550 608
3551 608
3551 606
3552 606
3552 604
3553 604
3553 602
3554 602
3554 596
3555 596
3555 595
3556 595
3556 594
3558 594
3558 593
3560 593
3560 592
3561 592
3561 591
3562 591
3562 590
3563 590
3563 589
3564 589
3564 588
3566 588
3566 587
3567 587
3567 585
3568 585
3568 582
3569 582
3569 580
3570 580
3570 573
3571 573
3571 559
3572 559
3572 555
3573 555
3573 554
3574 554
3574 553
3575 553
3575 551
3576 551
3576 550
3577 550
3577 549
3578 549
3578 548
3579 548
3579 547
3580 547
3580 546
3581 546
3581 543
3582 543
3582 541
3583 541
3583 540
3587 540
3587 539
3588 539
3588 538
3589 538
3589 536
3590 536
3590 535
3591 535
3591 533
3592 533
3592 532
3593 532
3593 531
3594 531
3594 530
3595 530
3595 528
3596 528
3596 510
3597 510
3597 507
3598 507
3598 504
3599 504
3599 502
3600 502
3600 499
3601 499
3601 497
3602 497
3602 492
3603 492
3603 491
3604 491
3604 490
3605 490
3605 488
3606 488
3606 487
3607 487
3607 486
3609 486
3609 485
3611 485
3611 484
3628 484
3628 485
3635 485
3635 484
3637 484
3637 483
3642 483
3642 484
3643 484
3643 486
3648 486
3648 485
3649 485
3649 484
3656 484
3656 485
3661 485
3661 486
3662 486
3662 485
3666 485
3666 484
3667 484
3667 483
3668 483
3668 482
3667 482
3667 483
3666 483
3666 484
3662 484
3662 485
3661 485
3661 484
3656 484
3656 483
3649 483
3649 484
3648 484
3648 485
3644 485
3644 484
3643 484
3643 483
3642 483
3642 482
3637 482
3637 483
3635 483
3635 484
3628 484
3628 483
3611 483
3611 484
3609 484
3609 485
3607 485
3607 486
3606 486
3606 487
3605 487
3605 488
3604 488
3604 490
3603 490
3603 491
3602 491
3602 492
3601 492
3601 497
3600 497
3600 499
3599 499
3599 502
3598 502
3598 504
3597 504
3597 507
3596 507
3596 510
3595 510
3595 528
3594 528
3594 530
3593 530
3593 531
3592 531
3592 532
3591 532
3591 533
3590 533
3590 535
3589 535
3589 536
3588 536
3588 538
3587 538
3587 539
3582 539
3582 541
3581 541
3581 543
3580 543
3580 546
3579 546
3579 547
3578 547
3578 548
3577 548
3577 549
3576 549
3576 550
3575 550
3575 551
3574 551
3574 553
3573 553
3573 554
3572 554
3572 555
3571 555
3571 559
3570 559
3570 573
3569 573
3569 580
3568 580
3568 582
3567 582
3567 585
3566 585
3566 587
3564 587
3564 588
3563 588
3563 589
3562 589
3562 590
3561 590
3561 591
3560 591
3560 592
3558 592
3558 593
3556 593
3556 594
3555 594
3555 595
3554 595
3554 596
3553 596
3553 602
3552 602
3552 604
3551 604
3551 606
3550 606
3550 608
3549 608
3549 609
3548 609
3548 610
3547 610
3547 611
3545 611
3545 612
3544 612
3544 613
3541 613
3541 614
3538 614
3538 615
3534 615
3534 616
3533 616
3533 617
3532 617
3532 624
3531 624
3531 628
3529 628
3529 629
3527 629
3527 630
3524 630
3524 631
3521 631
3521 632
3516 632
3516 633
3513 633
3513 634
3506 634
3506 635
3491 635
3491 636
3486 636
3486 637
3485 637
3485 641
3484 641
3484 653
3483 653
3483 661
3482 661
3482 664
3481 664
3481 665
3480 665
3480 666
3479 666
3479 667
3478 667
3478 669
3475 669
3475 670
3474 670
3474 671
3473 671
3473 672
3469 672
3469 673
3465 673
3465 674
3461 674
3461 675
3460 675
3460 676
3459 676
3459 677
3457 677
3457 678
3452 678
3452 679
3450 679
3450 680
3448 680
3448 681
3446 681
3446 682
3444 682
3444 683
3443 683
3443 685
3442 685
3442 686
3441 686
3441 687
3439 687
3439 688
3437 688
3437 689
3435 689
3435 690
3434 690
3434 691
3430 691
3430 692
3424 692
3424 693
3423 693
3423 694
3422 694
3422 695
3419 695
3419 696
3418 696
3418 697
3416 697
3416 698
3414 698
3414 699
3412 699
3412 700
3411 700
3411 701
3408 701
3408 702
3407 702
3407 703
3381 703
3381 702
3371 702
3371 701
3369 701
3369 700
3363 700
3363 699
3360 699
3360 697
3359 697
3359 695
3358 695
3358 694
3357 694
3357 693
3352 693
3352 692
3342 692
3342 691
3340 691
3340 690
3337 690
3337 689
3335 689
3335 688
3332 688
3332 687
3330 687
3330 686
3327 686
3327 685
3319 685
3319 684
3311 684
3311 683
3284 683
3284 684
3283 684
3283 683
3270 683
3270 682
3261 682
3261 681
3246 681
3246 680
3243 680
3243 679
3240 679
3240 678
3236 678
3236 677
3235 677
3235 676
3233 676
3233 675
3229 675
3229 674
3226 674
3226 673
3224 673
3224 672
3223 672
3223 671
3221 671
3221 669
3220 669
3220 668
3219 668
3219 667
3217 667
3217 666
3214 666
3214 665
3212 665
3212 664
3209 664
3209 663
3203 663
3203 664
3202 664
3202 666
3201 666
3201 669
3200 669
3200 670
3199 670
3199 671
3195 671
3195 672
3185 672
3185 679
3184 679
3184 681
3183 681
3183 682
3182 682
3182 683
3181 683
3181 684
3180 684
3180 685
3179 685
3179 686
3178 686
3178 687
3176 687
3176 688
3175 688
3175 689
3173 689
3173 690
3170 690
3170 691
3166 691
3166 692
3160 692
3160 693
3159 693
3159 695
3158 695
3158 699
3157 699
3157 702
3156 702
3156 704
3154 704
3154 705
3152 705
3152 706
3136 706
3136 707
3134 707
3134 708
3133 708
3133 709
3132 709
3132 713
3131 713
3131 721
3130 721
3130 730
3129 730
3129 731
3128 731
3128 732
3119 732
3119 731
3117 731
3117 730
3114 730
3114 729
3104 729
3104 728
3101 728
3101 727
3087 727
3087 728
3085 728
3085 729
3076 729
3076 730
3074 730
3074 731
3070 731
3070 730
3062 730
3062 731
3059 731
3059 732
3057 732
3057 733
3055 733
3055 734
3051 734
3051 735
3049 735
3049 736
3048 736
3048 737
3046 737
3046 738
3041 738
3041 739
3040 739
3040 740
3039 740
3039 741
3038 741
3038 742
3036 742
3036 743
3033 743
3033 744
3026 744
3026 743
3021 743
3021 744
3020 744
3020 745
3019 745
3019 747
3018 747
3018 751
3017 751
3017 757
3016 757
3016 761
3015 761
3015 763
3014 763
3014 764
3013 764
3013 767
3012 767
3012 768
3011 768
3011 769
3010 769
3010 770
3009 770
3009 771
3008 771
3008 772
3007 772
3007 773
3005 773
3005 774
3004 774
3004 775
3003 775
3003 776
3002 776
