1320 383
1319 383
1319 385
1317 385
1317 386
1316 386
1316 387
1314 387
1314 388
1313 388
1313 389
1311 389
1311 390
1310 390
1310 391
1308 391
1308 392
1307 392
1307 393
1306 393
1306 396
1305 396
1305 397
1304 397
1304 398
1303 398
1303 399
1301 399
1301 400
1299 400
1299 401
1298 401
1298 402
1297 402
1297 413
1296 413
1296 414
1295 414
1295 416
1294 416
1294 417
1293 417
1293 418
1292 418
1292 419
1291 419
1291 420
1290 420
1290 421
1287 421
1287 422
1285 422
1285 423
1283 423
1283 424
1281 424
1281 425
1280 425
1280 426
1279 426
1279 427
1273 427
1273 428
1271 428
1271 429
1264 429
1264 431
1261 431
1261 432
1260 432
1260 438
1257 438
1257 439
1255 439
1255 440
1253 440
1253 441
1252 441
1252 442
1248 442
1248 441
1241 441
1241 453
1240 453
1240 461
1234 461
1234 460
1229 460
1229 461
1228 461
1228 462
1227 462
1227 463
1218 463
1218 462
1215 462
1215 463
1214 463
1214 464
1213 464
1213 465
1212 465
1212 466
1207 466
1207 465
1202 465
1202 467
1201 467
1201 468
1194 468
1194 469
1188 469
1188 468
1185 468
1185 467
1184 467
1184 466
1181 466
1181 465
1178 465
1178 464
1177 464
1177 462
1176 462
1176 461
1175 461
1175 460
1173 460
1173 459
1172 459
1172 458
1171 458
1171 457
1170 457
1170 456
1167 456
1167 457
1166 457
1166 465
1161 465
1161 466
1160 466
1160 469
1159 469
1159 470
1155 470
1155 471
1154 471
1154 472
1153 472
1153 475
1151 475
1151 476
1149 476
1149 475
1142 475
1142 474
1135 474
1135 475
1131 475
1131 476
1130 476
1130 477
1116 477
1116 478
1115 478
1115 482
1114 482
1114 484
1113 484
1113 485
1110 485
1110 486
1106 486
1106 487
1105 487
1105 488
1098 488
1098 489
1094 489
1094 490
1091 490
1091 491
1081 491
1081 490
1079 490
1079 489
1075 489
1075 488
1063 488
1063 489
1059 489
1059 488
1058 488
1058 487
1057 487
1057 486
1054 486
1054 485
1052 485
1052 484
1050 484
1050 483
1042 483
1042 482
1031 482
1031 481
1022 481
1022 482
1017 482
1017 481
1016 481
1016 480
1010 480
1010 481
1009 481
1009 482
1007 482
1007 483
1006 483
1006 484
1004 484
1004 485
1003 485
1003 486
994 486
994 485
987 485
987 482
986 482
986 481
982 481
982 480
978 480
978 481
976 481
976 482
973 482
973 481
971 481
971 480
969 480
969 479
966 479
966 480
965 480
965 481
960 481
960 482
959 482
959 483
946 483
946 482
939 482
939 484
937 484
937 485
932 485
932 484
927 484
927 485
926 485
926 486
921 486
921 485
917 485
917 486
912 486
912 485
910 485
910 484
907 484
907 483
905 483
905 482
890 482
890 481
875 481
875 482
873 482
873 483
871 483
871 484
870 484
870 485
869 485
869 486
866 486
866 487
863 487
863 488
852 488
852 487
851 487
851 486
850 486
850 485
841 485
841 484
834 484
834 483
823 483
823 482
820 482
820 481
819 481
819 479
818 479
818 478
815 478
815 479
812 479
812 478
809 478
809 477
808 477
808 476
802 476
802 475
795 475
795 476
794 476
794 477
789 477
789 478
788 478
788 479
784 479
784 480
782 480
782 481
777 481
777 482
774 482
774 483
773 483
773 484
772 484
772 486
770 486
770 487
765 487
765 488
753 488
753 487
749 487
749 486
746 486
746 487
745 487
745 486
739 486
739 487
738 487
738 486
735 486
735 485
734 485
734 484
732 484
732 483
731 483
731 482
730 482
730 481
729 481
729 479
728 479
728 477
727 477
727 476
726 476
726 475
723 475
723 474
720 474
720 473
718 473
718 470
717 470
717 469
716 469
716 468
715 468
715 467
714 467
714 466
713 466
713 465
712 465
712 463
711 463
711 432
710 432
710 431
707 431
707 432
706 432
706 437
705 437
705 438
700 438
700 439
699 439
699 441
698 441
698 442
696 442
696 446
697 446
697 451
696 451
696 452
695 452
695 454
694 454
694 455
691 455
691 456
686 456
686 455
684 455
684 453
683 453
683 452
682 452
682 450
681 450
681 449
679 449
679 448
678 448
678 446
677 446
677 445
672 445
672 444
668 444
668 443
667 443
667 442
665 442
665 441
664 441
664 439
663 439
663 438
662 438
662 418
661 418
661 416
660 416
660 414
659 414
659 411
658 411
658 409
657 409
657 408
656 408
656 407
655 407
655 406
654 406
654 405
653 405
653 404
652 404
652 403
651 403
651 394
650 394
650 381
649 381
649 376
648 376
648 374
647 374
647 373
646 373
646 372
645 372
645 371
644 371
644 370
643 370
643 369
642 369
642 368
641 368
641 367
640 367
640 366
636 366
636 365
631 365
631 364
628 364
628 363
625 363
625 362
622 362
622 361
621 361
621 360
620 360
620 359
618 359
618 358
617 358
617 357
615 357
615 356
613 356
613 355
611 355
611 354
610 354
610 345
609 345
609 344
608 344
608 343
605 343
605 342
604 342
604 341
603 341
603 340
600 340
600 339
599 339
599 338
598 338
598 334
597 334
597 333
594 333
594 332
593 332
593 331
592 331
592 328
591 328
591 327
589 327
589 326
587 326
587 325
585 325
585 324
582 324
582 323
581 323
581 322
580 322
580 321
578 321
578 320
575 320
575 318
574 318
574 308
573 308
573 307
572 307
572 306
569 306
569 305
568 305
568 303
567 303
567 301
566 301
566 300
563 300
563 299
559 299
559 300
558 300
558 299
554 299
554 298
552 298
552 295
551 295
551 294
550 294
550 293
548 293
548 292
546 292
546 290
545 290
545 280
544 280
544 274
543 274
543 280
544 280
544 290
545 290
545 292
546 292
546 293
548 293
548 294
550 294
550 295
551 295
551 298
552 298
552 299
554 299
554 300
558 300
558 301
559 301
559 300
563 300
563 301
566 301
566 303
567 303
567 306
569 306
569 307
572 307
572 308
573 308
573 318
574 318
574 320
575 320
575 321
578 321
578 322
580 322
580 323
581 323
581 324
582 324
582 325
585 325
585 326
587 326
587 327
589 327
589 328
591 328
591 331
592 331
592 332
593 332
593 333
594 333
594 334
597 334
597 338
598 338
598 339
599 339
599 340
600 340
600 341
603 341
603 342
604 342
604 343
605 343
605 344
608 344
608 345
609 345
609 354
610 354
610 355
611 355
611 356
613 356
613 357
615 357
615 358
617 358
617 359
618 359
618 360
620 360
620 361
621 361
621 362
622 362
622 363
625 363
625 364
628 364
628 365
631 365
631 366
636 366
636 367
640 367
640 368
641 368
641 369
642 369
642 370
643 370
643 371
644 371
644 372
645 372
645 373
646 373
646 374
647 374
647 376
648 376
648 381
649 381
649 394
650 394
650 403
651 403
651 404
652 404
652 405
653 405
653 406
654 406
654 407
655 407
655 408
656 408
656 409
657 409
657 411
658 411
658 414
659 414
659 416
660 416
660 418
661 418
661 438
662 438
662 439
663 439
663 441
664 441
664 442
665 442
665 443
667 443
667 444
668 444
668 445
672 445
672 446
677 446
677 448
678 448
678 449
679 449
679 450
681 450
681 452
682 452
682 453
683 453
683 455
684 455
684 456
686 456
686 457
691 457
691 456
694 456
694 455
695 455
695 454
696 454
696 452
697 452
697 451
698 451
698 446
697 446
697 443
698 443
698 442
699 442
699 441
700 441
700 439
705 439
705 438
706 438
706 437
707 437
707 432
710 432
710 463
711 463
711 465
712 465
712 466
713 466
713 467
714 467
714 468
715 468
715 469
716 469
716 470
717 470
717 473
718 473
718 474
720 474
720 475
723 475
723 476
726 476
726 477
727 477
727 479
728 479
728 481
729 481
729 482
730 482
730 483
731 483
731 484
732 484
732 485
734 485
734 486
735 486
735 487
738 487
738 488
739 488
739 487
745 487
745 488
746 488
746 487
749 487
749 488
753 488
753 489
765 489
765 488
770 488
770 487
772 487
772 486
773 486
773 484
774 484
774 483
777 483
777 482
782 482
782 481
784 481
784 480
788 480
788 479
789 479
789 478
794 478
794 477
795 477
795 476
802 476
802 477
808 477
808 478
809 478
809 479
812 479
812 480
815 480
815 479
818 479
818 481
819 481
819 482
820 482
820 483
823 483
823 484
834 484
834 485
841 485
841 486
850 486
850 487
851 487
851 488
852 488
852 489
863 489
863 488
866 488
866 487
869 487
869 486
870 486
870 485
871 485
871 484
873 484
873 483
875 483
875 482
890 482
890 483
905 483
905 484
907 484
907 485
910 485
910 486
912 486
912 487
917 487
917 486
921 486
921 487
926 487
926 486
927 486
927 485
932 485
932 486
937 486
937 485
939 485
939 484
940 484
940 483
946 483
946 484
959 484
959 483
960 483
960 482
966 482
966 480
969 480
969 481
971 481
971 482
973 482
973 483
976 483
976 482
978 482
978 481
982 481
982 482
986 482
986 485
987 485
987 486
994 486
994 487
1003 487
1003 486
1004 486
1004 485
1006 485
1006 484
1007 484
1007 483
1009 483
1009 482
1010 482
1010 481
1016 481
1016 482
1017 482
1017 483
1022 483
1022 482
1031 482
1031 483
1042 483
1042 484
1050 484
1050 485
1052 485
1052 486
1054 486
1054 487
1057 487
1057 488
1058 488
1058 489
1059 489
1059 490
1063 490
1063 489
1075 489
1075 490
1079 490
1079 491
1081 491
1081 492
1091 492
1091 491
1094 491
1094 490
1098 490
1098 489
1105 489
1105 488
1106 488
1106 487
1110 487
1110 486
1113 486
1113 485
1114 485
1114 484
1115 484
1115 482
1116 482
1116 478
1130 478
1130 477
1131 477
1131 476
1135 476
1135 475
1142 475
1142 476
1149 476
1149 477
1151 477
1151 476
1153 476
1153 475
1154 475
1154 472
1155 472
1155 471
1159 471
1159 470
1160 470
1160 469
1161 469
1161 466
1166 466
1166 465
1167 465
1167 457
1170 457
1170 458
1171 458
1171 459
1172 459
1172 460
1173 460
1173 461
1175 461
1175 462
1176 462
1176 464
1177 464
1177 465
1178 465
1178 466
1181 466
1181 467
1184 467
1184 468
1185 468
1185 469
1188 469
1188 470
1194 470
1194 469
1201 469
1201 468
1202 468
1202 467
1203 467
1203 466
1207 466
1207 467
1212 467
1212 466
1213 466
1213 465
1214 465
1214 464
1215 464
1215 463
1218 463
1218 464
1227 464
1227 463
1228 463
1228 462
1229 462
1229 461
1234 461
1234 462
1240 462
1240 461
1241 461
1241 453
1242 453
1242 442
1248 442
1248 443
1252 443
1252 442
1253 442
1253 441
1255 441
1255 440
1257 440
1257 439
1260 439
1260 438
1261 438
1261 432
1265 432
1265 430
1271 430
1271 429
1273 429
1273 428
1279 428
1279 427
1280 427
1280 426
1281 426
1281 425
1283 425
1283 424
1285 424
1285 423
1287 423
1287 422
1290 422
1290 421
1291 421
1291 420
1292 420
1292 419
1293 419
1293 418
1294 418
1294 417
1295 417
1295 416
1296 416
1296 414
1297 414
1297 413
1298 413
1298 402
1299 402
1299 401
1301 401
1301 400
1303 400
1303 399
1304 399
1304 398
1305 398
1305 397
1307 397
1307 393
1308 393
1308 392
1310 392
1310 391
1311 391
1311 390
1313 390
1313 389
1314 389
1314 388
1316 388
1316 387
1317 387
1317 386
1319 386
1319 385
1320 385
1320 383
1321 383
1321 379
1323 379
1323 378
1324 378
1324 377
1325 377
1325 376
1326 376
1326 375
1327 375
1327 371
1328 371
1328 369
1331 369
1331 368
1335 368
1335 367
1339 367
1339 366
1341 366
1341 365
1344 365
1344 364
1348 364
1348 365
1351 365
1351 366
1352 366
1352 365
1354 365
1354 364
1355 364
1355 363
1356 363
1356 362
1357 362
1357 360
1358 360
1358 359
1359 359
1359 351
1360 351
1360 350
1363 350
1363 351
1376 351
1376 350
1382 350
1382 349
1384 349
1384 343
1385 343
1385 329
1386 329
1386 328
1388 328
1388 327
1391 327
1391 326
1392 326
1392 317
1393 317
1393 299
1394 299
1394 293
1396 293
1396 292
1400 292
1400 291
1408 291
1408 290
1409 290
1409 289
1411 289
1411 288
1412 288
1412 286
1413 286
1413 271
1414 271
1414 254
1415 254
1415 235
1416 235
1416 234
1417 234
1417 231
1419 231
1419 230
1421 230
1421 229
1422 229
1422 226
1423 226
1423 222
1424 222
1424 221
1443 221
1443 220
1444 220
1444 219
1446 219
1446 218
1448 218
1448 217
1450 217
1450 215
1452 215
1452 214
1454 214
1454 213
1455 213
1455 211
1457 211
1457 210
1460 210
1460 209
1462 209
1462 208
1463 208
1463 205
1465 205
1465 204
1463 204
1463 205
1462 205
1462 208
1460 208
1460 209
1457 209
1457 210
1455 210
1455 211
1454 211
1454 213
1452 213
1452 214
1449 214
1449 216
1448 216
1448 217
1446 217
1446 218
1444 218
1444 219
1443 219
1443 220
1424 220
1424 221
1423 221
1423 222
1422 222
1422 226
1421 226
1421 229
1419 229
1419 230
1417 230
1417 231
1416 231
1416 234
1415 234
1415 235
1414 235
1414 254
1413 254
1413 271
1412 271
1412 286
1411 286
1411 288
1409 288
1409 289
1408 289
1408 290
1400 290
1400 291
1396 291
1396 292
1394 292
1394 293
1393 293
1393 299
1392 299
1392 317
1391 317
1391 326
1388 326
1388 327
1386 327
1386 328
1385 328
1385 329
1384 329
1384 343
1383 343
1383 348
1382 348
1382 349
1376 349
1376 350
1363 350
1363 349
1360 349
1360 350
1359 350
1359 351
1358 351
1358 359
1357 359
1357 360
1356 360
1356 362
1355 362
1355 363
1354 363
1354 364
1352 364
1352 365
1351 365
1351 364
1348 364
1348 363
1344 363
1344 364
1341 364
1341 365
1339 365
1339 366
1335 366
1335 367
1331 367
1331 368
1328 368
1328 369
1327 369
1327 371
1326 371
1326 375
1325 375
1325 376
1324 376
1324 377
1323 377
1323 378
1321 378
1321 379
1320 379
