3546 485
3547 485
3547 523
3546 523
3546 526
3545 526
3545 527
3543 527
3543 528
3542 528
3542 529
3541 529
3541 531
3539 531
3539 532
3537 532
3537 533
3536 533
3536 534
3535 534
3535 535
3533 535
3533 536
3530 536
3530 537
3528 537
3528 538
3527 538
3527 539
3526 539
3526 540
3525 540
3525 541
3523 541
3523 542
3521 542
3521 543
3513 543
3513 544
3511 544
3511 545
3503 545
3503 546
3496 546
3496 545
3490 545
3490 544
3488 544
3488 543
3482 543
3482 542
3481 542
3481 541
3480 541
3480 540
3479 540
3479 539
3478 539
3478 536
3477 536
3477 534
3476 534
3476 533
3474 533
3474 532
3473 532
3473 531
3472 531
3472 530
3471 530
3471 529
3470 529
3470 527
3469 527
3469 524
3468 524
3468 517
3467 517
3467 515
3466 515
3466 514
3465 514
3465 513
3463 513
3463 512
3462 512
3462 511
3461 511
3461 510
3460 510
3460 509
3459 509
3459 508
3458 508
3458 507
3457 507
3457 506
3456 506
3456 502
3455 502
3455 499
3454 499
3454 498
3452 498
3452 497
3449 497
3449 496
3446 496
3446 498
3445 498
3445 500
3444 500
3444 501
3440 501
3440 502
3433 502
3433 503
3432 503
3432 504
3431 504
3431 511
3430 511
3430 513
3429 513
3429 515
3427 515
3427 516
3422 516
3422 517
3421 517
3421 518
3420 518
3420 529
3419 529
3419 531
3418 531
3418 532
3417 532
3417 534
3416 534
3416 535
3414 535
3414 536
3411 536
3411 537
3410 537
3410 541
3409 541
3409 554
3410 554
3410 561
3409 561
3409 589
3408 589
3408 592
3407 592
3407 594
3406 594
3406 595
3404 595
3404 596
3403 596
3403 597
3402 597
3402 598
3399 598
3399 599
3394 599
3394 600
3392 600
3392 601
3391 601
3391 602
3390 602
3390 603
3389 603
3389 606
3388 606
3388 624
3387 624
3387 632
3386 632
3386 633
3385 633
3385 634
3382 634
3382 635
3375 635
3375 634
3371 634
3371 633
3369 633
3369 632
3368 632
3368 629
3367 629
3367 627
3366 627
3366 616
3365 616
3365 615
3356 615
3356 616
3349 616
3349 615
3347 615
3347 614
3346 614
3346 612
3345 612
3345 611
3344 611
3344 609
3343 609
3343 608
3342 608
3342 607
3340 607
3340 606
3327 606
3327 605
3322 605
3322 604
3321 604
3321 602
3320 602
3320 601
3319 601
3319 598
3318 598
3318 593
3317 593
3317 573
3316 573
3316 564
3315 564
3315 563
3314 563
3314 562
3313 562
3313 561
3309 561
3309 560
3308 560
3308 559
3306 559
3306 558
3304 558
3304 557
3301 557
3301 556
3298 556
3298 555
3296 555
3296 554
3295 554
3295 552
3294 552
3294 551
3293 551
3293 548
3292 548
3292 546
3291 546
3291 544
3290 544
3290 543
3289 543
3289 542
3284 542
3284 541
3276 541
3276 540
3269 540
3269 541
3265 541
3265 542
3259 542
3259 543
3258 543
3258 546
3257 546
3257 581
3258 581
3258 655
3257 655
3257 656
3258 656
3258 660
3257 660
3257 666
3256 666
3256 667
3255 667
3255 668
3254 668
3254 669
3253 669
3253 670
3251 670
3251 671
3250 671
3250 672
3246 672
3246 673
3244 673
3244 674
3242 674
3242 675
3239 675
3239 676
3235 676
3235 677
3234 677
3234 678
3230 678
3230 679
3221 679
3221 680
3216 680
3216 681
3214 681
3214 682
3211 682
3211 683
3209 683
3209 684
3205 684
3205 685
3203 685
3203 686
3201 686
3201 687
3200 687
3200 688
3199 688
3199 689
3197 689
3197 690
3191 690
3191 691
3189 691
3189 692
3188 692
3188 693
3187 693
3187 694
3180 694
3180 695
3173 695
3173 696
3169 696
3169 697
3164 697
3164 698
3161 698
3161 699
3154 699
3154 698
3148 698
3148 699
3143 699
3143 700
3142 700
3142 701
3141 701
3141 702
3135 702
3135 703
3119 703
3119 704
3116 704
3116 703
3112 703
3112 702
3110 702
3110 701
3109 701
3109 699
3108 699
3108 698
3107 698
3107 695
3106 695
3106 691
3105 691
3105 687
3104 687
3104 686
3103 686
3103 685
3102 685
3102 684
3101 684
3101 683
3099 683
3099 682
3098 682
3098 681
3097 681
3097 680
3096 680
3096 679
3095 679
3095 676
3094 676
3094 674
3093 674
3093 673
3081 673
3081 674
3071 674
3071 675
3061 675
3061 676
3060 676
3060 679
3059 679
3059 686
3060 686
3060 689
3059 689
3059 696
3058 696
3058 698
3057 698
3057 699
3055 699
3055 700
3052 700
3052 701
3050 701
3050 702
3049 702
3049 704
3048 704
3048 705
3047 705
3047 706
3045 706
3045 707
3042 707
3042 708
3032 708
3032 709
3027 709
3027 710
3026 710
3026 711
3025 711
3025 712
3026 712
3026 717
3025 717
3025 742
3026 742
3026 753
3025 753
3025 767
3024 767
3024 769
3023 769
3023 771
3022 771
3022 772
3021 772
3021 773
3019 773
3019 774
3018 774
3018 775
3016 775
3016 776
3014 776
3014 777
3011 777
3011 778
3008 778
3008 779
3006 779
3006 780
3005 780
3005 781
3004 781
3004 782
3003 782
3003 783
3002 783
3002 784
2998 784
2998 785
2995 785
2995 786
2993 786
2993 787
2991 787
2991 788
2989 788
2989 789
2986 789
2986 790
2984 790
2984 791
2983 791
2983 792
2982 792
2982 793
2980 793
2980 794
2979 794
2979 795
2977 795
2977 796
2973 796
2973 797
2971 797
2971 798
2968 798
2968 799
2967 799
2967 800
2966 800
2966 801
2964 801
2964 802
2952 802
2952 803
2942 803
2942 804
2940 804
2940 805
2936 805
2936 806
2935 806
2935 807
2934 807
2934 809
2933 809
2933 812
2932 812
2932 813
2931 813
2931 814
2925 814
2925 815
2923 815
2923 816
2922 816
2922 817
2921 817
2921 818
2920 818
2920 819
2918 819
2918 820
2915 820
2915 821
2910 821
2910 820
2908 820
2908 819
2905 819
2905 818
2904 818
2904 817
2901 817
2901 816
2900 816
2900 815
2899 815
2899 812
2898 812
2898 809
2897 809
2897 803
2896 803
2896 802
2895 802
2895 801
2894 801
2894 800
2892 800
2892 799
2890 799
2890 798
2881 798
2881 797
2877 797
2877 796
2871 796
2871 795
2869 795
2869 794
2867 794
2867 793
2866 793
2866 791
2865 791
2865 789
2864 789
2864 787
2863 787
2863 777
2862 777
2862 765
2861 765
2861 761
2860 761
2860 760
2859 760
2859 759
2858 759
2858 758
2856 758
2856 757
2855 757
2855 756
2854 756
2854 755
2852 755
2852 754
2850 754
2850 753
2847 753
2847 752
2845 752
2845 751
2844 751
2844 749
2843 749
2843 747
2842 747
2842 743
2841 743
2841 737
2840 737
2840 735
2839 735
2839 734
2838 734
2838 733
2836 733
2836 732
2833 732
2833 733
2831 733
2831 734
2829 734
2829 735
2828 735
2828 737
2827 737
2827 738
2826 738
2826 740
2825 740
2825 741
2823 741
2823 742
2814 742
2814 739
2810 739
2810 738
2808 738
2808 737
2800 737
2800 736
2786 736
2786 735
2784 735
2784 734
2782 734
2782 733
2781 733
2781 732
2778 732
2778 731
2775 731
2775 730
2774 730
2774 729
2773 729
2773 728
2772 728
2772 727
2771 727
2771 726
2764 726
2764 725
2762 725
2762 724
2761 724
2761 723
2759 723
2759 722
2758 722
2758 721
2754 721
2754 722
2753 722
2753 729
2754 729
2754 743
2753 743
2753 745
2752 745
2752 746
2750 746
2750 747
2748 747
2748 748
2746 748
2746 749
2741 749
2741 757
2740 757
2740 762
2737 762
2737 763
2731 763
2731 762
2724 762
2724 761
2723 761
2723 760
2715 760
2715 761
2713 761
2713 762
2710 762
2710 763
2709 763
2709 764
2706 764
2706 763
2702 763
2702 762
2699 762
2699 761
2696 761
2696 760
2691 760
2691 759
2689 759
2689 758
2682 758
2682 757
2677 757
2677 756
2672 756
2672 755
2669 755
2669 754
2667 754
2667 753
2666 753
2666 752
2665 752
2665 751
2664 751
2664 750
2663 750
2663 749
2662 749
2662 748
2659 748
2659 747
2645 747
2645 748
2633 748
2633 749
2627 749
2627 748
2622 748
2622 747
2620 747
2620 746
2619 746
2619 745
2618 745
2618 744
2617 744
2617 743
2616 743
2616 742
2615 742
2615 741
2614 741
2614 740
2612 740
2612 739
2610 739
2610 738
2608 738
2608 737
2607 737
2607 736
2606 736
2606 735
2605 735
2605 733
2604 733
2604 731
2603 731
2603 727
2602 727
2602 723
2601 723
2601 722
2600 722
2600 721
2598 721
2598 720
2596 720
2596 719
2595 719
2595 718
2594 718
2594 717
2593 717
2593 716
2592 716
2592 715
2591 715
2591 714
2590 714
2590 709
2589 709
2589 699
2588 699
2588 697
2587 697
2587 696
2585 696
2585 695
2582 695
2582 694
2579 694
2579 695
2578 695
2578 696
2577 696
2577 707
2578 707
2578 711
2577 711
2577 739
2575 739
2575 740
2574 740
2574 741
2573 741
2573 744
2572 744
2572 745
2571 745
2571 746
2568 746
2568 747
2567 747
2567 748
2562 748
2562 749
2560 749
2560 750
2559 750
2559 752
2558 752
2558 753
2557 753
2557 754
2554 754
2554 755
2549 755
2549 756
2545 756
2545 757
2537 757
2537 758
2534 758
2534 777
2533 777
2533 786
2531 786
2531 787
2526 787
2526 788
2524 788
2524 796
2523 796
2523 797
2522 797
2522 798
2517 798
2517 799
2515 799
2515 800
2514 800
2514 801
2513 801
2513 802
2512 802
2512 803
2511 803
2511 804
2510 804
2510 805
2504 805
2504 806
2502 806
2502 807
2501 807
2501 808
2492 808
2492 809
2472 809
2472 808
2470 808
2470 807
2462 807
2462 808
2459 808
2459 809
2451 809
2451 810
2446 810
2446 809
2440 809
2440 808
2438 808
2438 807
2436 807
2436 805
2435 805
2435 803
2434 803
2434 802
2433 802
2433 801
2431 801
2431 800
2430 800
2430 799
2428 799
2428 798
2427 798
2427 797
2426 797
2426 796
2425 796
2425 795
2424 795
2424 792
2423 792
2423 790
2422 790
2422 785
2421 785
2421 779
2420 779
2420 771
2419 771
2419 760
2420 760
2420 759
2419 759
2419 757
2418 757
2418 753
2417 753
2417 749
2416 749
2416 746
2415 746
2415 743
2414 743
2414 740
2413 740
2413 739
2412 739
2412 738
2411 738
2411 737
2407 737
2407 736
2401 736
2401 740
2400 740
2400 743
2399 743
2399 744
2400 744
2400 749
2401 749
2401 754
2402 754
2402 760
2403 760
2403 770
2402 770
2402 776
2400 776
2400 777
2397 777
2397 778
2390 778
2390 779
2389 779
2389 782
2388 782
2388 803
2387 803
2387 806
2386 806
2386 807
2384 807
2384 808
2382 808
2382 809
2380 809
2380 810
2379 810
2379 811
2378 811
2378 812
2377 812
2377 813
2368 813
2368 814
2367 814
2367 815
2366 815
2366 817
2365 817
2365 822
2359 822
2359 823
2358 823
2358 824
2357 824
2357 825
2355 825
2355 826
2353 826
2353 827
2351 827
2351 828
2349 828
2349 829
2348 829
2348 830
2347 830
2347 831
2337 831
2337 830
2335 830
2335 829
2333 829
2333 828
2331 828
2331 827
2327 827
2327 826
2325 826
2325 825
2323 825
2323 824
2319 824
2319 823
2318 823
2318 822
2316 822
2316 821
2315 821
2315 820
2311 820
2311 819
2308 819
2308 818
2298 818
2298 817
2296 817
2296 816
2293 816
2293 815
2292 815
2292 814
2291 814
2291 813
2289 813
2289 812
2288 812
2288 811
2287 811
2287 810
2286 810
2286 809
2285 809
2285 808
2284 808
2284 806
2283 806
2283 804
2282 804
2282 803
2281 803
2281 802
2280 802
2280 800
2279 800
2279 799
2278 799
2278 797
2277 797
2277 795
2276 795
2276 792
2275 792
2275 788
2274 788
2274 786
2273 786
2273 785
2272 785
2272 784
2271 784
2271 783
2270 783
2270 782
2269 782
2269 781
2268 781
2268 779
2267 779
2267 778
2266 778
2266 777
2265 777
2265 776
2264 776
2264 775
2263 775
2263 774
2260 774
2260 773
2251 773
2251 774
2250 774
2250 775
2249 775
2249 776
2246 776
2246 777
2243 777
2243 778
2242 778
2242 779
2241 779
2241 780
2240 780
2240 781
2239 781
2239 782
2238 782
2238 783
2237 783
2237 784
2236 784
2236 786
2235 786
2235 787
2234 787
2234 789
2233 789
2233 795
2232 795
2232 796
2230 796
2230 797
2229 797
2229 799
2227 799
2227 800
2226 800
2226 801
2224 801
2224 802
2219 802
2219 803
2218 803
2218 805
2217 805
2217 807
2216 807
2216 808
2215 808
2215 809
2214 809
2214 810
2213 810
2213 812
2212 812
2212 813
2211 813
2211 814
2210 814
2210 815
2209 815
2209 816
2193 816
2193 817
2192 817
2192 819
2191 819
2191 824
2192 824
2192 830
2193 830
2193 832
2194 832
2194 835
2195 835
2195 838
2196 838
2196 841
2197 841
2197 843
2198 843
2198 856
2197 856
2197 859
2196 859
2196 861
2195 861
2195 862
2193 862
2193 863
2183 863
2183 862
2179 862
2179 861
2177 861
2177 860
2176 860
2176 859
2175 859
2175 839
2174 839
2174 820
2173 820
2173 817
2172 817
2172 816
2171 816
2171 815
2166 815
2166 816
2165 816
2165 817
2164 817
2164 818
2162 818
2162 819
2152 819
2152 820
2137 820
2137 821
2136 821
2136 820
2113 820
2113 821
2112 821
2112 820
2107 820
2107 819
2106 819
2106 820
2104 820
2104 819
2101 819
2101 818
2100 818
2100 817
2093 817
2093 818
2088 818
2088 817
2084 817
2084 816
2082 816
2082 815
2081 815
2081 814
2080 814
2080 813
2079 813
2079 812
2078 812
2078 810
2077 810
2077 808
2076 808
2076 806
2075 806
2075 804
2074 804
2074 803
2073 803
2073 802
2072 802
2072 801
2071 801
2071 800
2070 800
2070 799
2068 799
2068 798
2056 798
2056 799
2054 799
2054 800
2053 800
2053 801
2051 801
2051 802
2050 802
2050 803
2049 803
2049 804
2048 804
2048 805
2046 805
2046 806
2045 806
2045 807
2044 807
2044 808
2043 808
2043 809
2042 809
2042 810
2041 810
2041 811
2040 811
2040 812
2038 812
2038 813
2036 813
2036 814
2030 814
2030 815
2029 815
2029 816
2028 816
2028 817
2025 817
2025 818
2020 818
2020 819
2018 819
2018 820
2017 820
2017 821
2016 821
2016 822
2007 822
2007 823
2006 823
2006 824
2005 824
2005 831
2006 831
2006 835
2007 835
2007 841
2008 841
2008 843
2007 843
2007 844
2005 844
2005 845
2003 845
2003 846
1997 846
1997 847
1996 847
1996 849
1995 849
1995 851
1994 851
1994 853
1993 853
1993 854
1992 854
1992 855
1990 855
1990 856
1989 856
1989 857
1987 857
1987 858
1985 858
1985 859
1984 859
1984 860
1979 860
1979 861
1968 861
1968 860
1957 860
1957 859
1950 859
1950 858
1944 858
1944 857
1943 857
1943 856
1941 856
1941 855
1940 855
1940 854
1939 854
1939 853
1938 853
1938 852
1937 852
1937 851
1936 851
1936 850
1925 850
1925 849
1923 849
1923 848
1921 848
1921 847
1920 847
1920 846
1916 846
1916 845
1913 845
1913 844
1911 844
1911 843
1909 843
1909 842
1908 842
1908 841
1907 841
1907 840
1906 840
1906 838
1905 838
1905 836
1904 836
1904 833
1903 833
1903 830
1902 830
1902 818
1901 818
1901 810
1900 810
1900 809
1899 809
1899 808
1898 808
1898 807
1897 807
1897 806
1896 806
1896 805
1895 805
1895 804
1894 804
1894 803
1893 803
1893 802
1892 802
1892 799
1891 799
1891 781
1890 781
1890 775
1889 775
1889 774
1886 774
1886 775
1882 775
1882 776
1881 776
1881 777
1879 777
1879 778
1877 778
1877 779
1871 779
1871 780
1870 780
1870 784
1869 784
1869 786
1868 786
1868 787
1867 787
1867 790
1866 790
1866 791
1865 791
1865 792
1863 792
1863 793
1859 793
1859 794
1858 794
1858 796
1857 796
1857 797
1856 797
1856 799
1855 799
1855 800
1854 800
1854 802
1852 802
1852 803
1844 803
1844 804
1843 804
1843 805
1842 805
1842 837
1843 837
1843 860
1842 860
1842 864
1841 864
1841 866
1840 866
1840 868
1839 868
1839 869
1838 869
1838 870
1837 870
1837 871
1836 871
1836 872
1835 872
1835 873
1834 873
1834 874
1833 874
1833 875
1831 875
1831 876
1822 876
1822 877
1820 877
1820 878
1802 878
1802 877
1799 877
1799 876
1797 876
1797 875
1794 875
1794 874
1792 874
1792 873
1791 873
1791 872
1790 872
1790 871
1789 871
1789 869
1788 869
1788 868
1787 868
1787 865
1786 865
1786 863
1785 863
1785 861
1784 861
1784 860
1783 860
1783 858
1782 858
1782 857
1781 857
1781 856
1779 856
1779 855
1777 855
1777 854
1775 854
1775 853
1774 853
1774 852
1773 852
1773 850
1772 850
1772 848
1771 848
1771 845
1770 845
1770 842
1769 842
1769 841
1767 841
1767 840
1766 840
1766 839
1764 839
1764 838
1763 838
1763 837
1762 837
1762 836
1761 836
1761 833
1760 833
1760 831
1759 831
1759 827
1758 827
1758 820
1757 820
1757 793
1756 793
1756 782
1755 782
1755 781
1754 781
1754 780
1753 780
1753 779
1750 779
1750 778
1747 778
1747 777
1746 777
1746 776
1745 776
1745 775
1741 775
1741 774
1735 774
1735 773
1726 773
1726 774
1722 774
1722 775
1718 775
1718 774
1713 774
1713 775
1712 775
1712 776
1711 776
1711 777
1710 777
1710 779
1708 779
1708 780
1707 780
1707 781
1706 781
1706 783
1705 783
1705 784
1704 784
1704 786
1703 786
1703 787
1702 787
1702 788
1697 788
1697 789
1696 789
1696 790
1695 790
1695 791
1694 791
1694 793
1693 793
1693 794
1692 794
1692 795
1690 795
1690 796
1680 796
1680 797
1678 797
1678 803
1679 803
1679 807
1680 807
1680 813
1681 813
1681 818
1682 818
1682 822
1681 822
1681 823
1679 823
1679 824
1660 824
1660 825
1635 825
1635 824
1629 824
1629 823
1626 823
1626 822
1625 822
1625 821
1624 821
1624 820
1623 820
1623 819
1622 819
1622 817
1621 817
1621 816
1620 816
1620 815
1618 815
1618 814
1615 814
1615 813
1613 813
1613 812
1611 812
1611 811
1608 811
1608 810
1604 810
1604 809
1583 809
1583 808
1574 808
1574 807
1567 807
1567 806
1563 806
1563 805
1560 805
1560 804
1555 804
1555 803
1552 803
1552 802
1551 802
1551 800
1550 800
1550 799
1549 799
1549 796
1548 796
1548 794
1547 794
1547 793
1546 793
1546 792
1545 792
1545 793
1543 793
1543 794
1542 794
1542 795
1541 795
1541 797
1540 797
1540 799
1539 799
1539 800
1537 800
1537 801
1530 801
1530 802
1529 802
1529 803
1527 803
1527 804
1526 804
1526 805
1519 805
1519 806
1517 806
1517 807
1515 807
1515 808
1514 808
1514 809
1510 809
1510 810
1506 810
1506 811
1504 811
1504 812
1503 812
1503 813
1500 813
1500 814
1492 814
1492 815
1487 815
1487 816
1486 816
1486 817
1483 817
1483 816
1482 816
1482 815
1481 815
1481 814
1475 814
1475 813
1473 813
1473 812
1470 812
1470 811
1469 811
1469 810
1468 810
1468 809
1465 809
1465 808
1462 808
1462 807
1459 807
1459 806
1458 806
1458 805
1457 805
1457 804
1456 804
1456 803
1455 803
1455 795
1454 795
1454 786
1453 786
1453 783
1452 783
1452 782
1451 782
1451 781
1449 781
1449 780
1448 780
1448 779
1446 779
1446 778
1445 778
1445 777
1444 777
1444 776
1443 776
1443 774
1442 774
1442 769
1441 769
1441 768
1440 768
1440 767
1439 767
1439 766
1436 766
1436 765
1432 765
1432 764
1420 764
1420 765
1415 765
1415 764
1412 764
1412 763
1410 763
1410 762
1407 762
1407 761
1401 761
1401 760
1399 760
1399 759
1397 759
1397 758
1396 758
1396 757
1395 757
1395 755
1394 755
1394 754
1391 754
1391 753
1388 753
1388 752
1385 752
1385 751
1384 751
1384 749
1383 749
1383 748
1382 748
1382 745
1381 745
1381 734
1380 734
1380 722
1379 722
1379 721
1378 721
1378 720
1376 720
1376 719
1374 719
1374 718
1371 718
1371 717
1370 717
1370 716
1364 716
1364 717
1357 717
1357 718
1356 718
1356 719
1355 719
1355 720
1354 720
1354 722
1353 722
1353 724
1352 724
1352 725
1351 725
1351 726
1350 726
1350 727
1349 727
1349 728
1348 728
1348 730
1347 730
1347 731
1346 731
1346 732
1344 732
1344 733
1338 733
1338 734
1336 734
1336 735
1335 735
1335 739
1336 739
1336 743
1337 743
1337 747
1336 747
1336 749
1335 749
1335 750
1333 750
1333 751
1331 751
1331 752
1329 752
1329 753
1328 753
1328 754
1327 754
1327 755
1326 755
1326 756
1325 756
1325 757
1324 757
1324 758
1323 758
1323 759
1322 759
1322 760
1321 760
1321 761
1320 761
1320 762
1305 762
1305 763
1303 763
1303 764
1301 764
1301 765
1294 765
1294 764
1292 764
1292 763
1291 763
1291 762
1289 762
1289 761
1288 761
1288 760
1287 760
1287 759
1286 759
1286 757
1285 757
1285 756
1284 756
1284 755
1283 755
1283 754
1281 754
1281 753
1280 753
1280 752
1276 752
1276 751
1272 751
1272 750
1271 750
1271 749
1265 749
1265 748
1260 748
1260 747
1258 747
1258 746
1257 746
1257 745
1256 745
1256 744
1255 744
1255 743
1254 743
1254 742
1253 742
1253 741
1251 741
1251 740
1249 740
1249 739
1246 739
1246 738
1244 738
1244 737
1238 737
1238 736
1236 736
1236 735
1233 735
1233 734
1222 734
1222 733
1214 733
1214 732
1210 732
1210 731
1209 731
1209 730
1208 730
1208 729
1207 729
1207 728
1206 728
1206 727
1205 727
1205 725
1204 725
1204 721
1203 721
1203 720
1202 720
1202 719
1200 719
1200 718
1198 718
1198 717
1196 717
1196 716
1195 716
1195 715
1194 715
1194 713
1193 713
1193 711
1192 711
1192 710
1191 710
1191 709
1182 709
1182 710
1181 710
1181 711
1180 711
1180 712
1177 712
1177 713
1171 713
1171 714
1170 714
1170 716
1169 716
1169 717
1167 717
1167 718
1164 718
1164 719
1161 719
1161 720
1160 720
1160 721
1159 721
1159 722
1158 722
1158 724
1156 724
1156 725
1150 725
1150 726
1148 726
1148 727
1144 727
1144 728
1137 728
1137 729
1133 729
1133 730
1126 730
1126 731
1119 731
1119 730
1115 730
1115 729
1107 729
1107 728
1103 728
1103 727
1100 727
1100 726
1099 726
1099 725
1098 725
1098 724
1097 724
1097 723
1096 723
1096 722
1095 722
1095 721
1092 721
1092 720
1090 720
1090 719
1089 719
1089 718
1086 718
1086 717
1085 717
1085 716
1077 716
1077 717
1075 717
1075 718
1072 718
1072 719
1065 719
1065 718
1061 718
1061 717
1060 717
1060 716
1058 716
1058 715
1056 715
1056 714
1043 714
1043 715
1037 715
1037 716
1029 716
1029 717
1024 717
1024 718
1021 718
1021 719
1020 719
1020 721
1019 721
1019 723
1018 723
1018 724
1017 724
1017 725
1015 725
1015 726
984 726
984 727
981 727
981 726
977 726
977 725
971 725
971 724
968 724
968 723
964 723
964 722
962 722
962 721
961 721
961 720
960 720
960 719
958 719
958 718
952 718
952 719
950 719
950 720
949 720
949 722
948 722
948 725
947 725
947 726
946 726
946 727
944 727
944 728
931 728
931 727
928 727
928 726
922 726
922 725
918 725
918 724
916 724
916 723
915 723
915 722
913 722
913 721
912 721
912 720
911 720
911 719
910 719
910 718
907 718
907 717
903 717
903 716
902 716
902 715
901 715
901 713
900 713
900 710
899 710
899 709
898 709
898 708
897 708
897 707
896 707
896 706
894 706
894 705
891 705
891 704
886 704
886 703
883 703
883 702
876 702
876 701
870 701
870 700
867 700
867 699
865 699
865 698
864 698
864 696
863 696
863 695
862 695
862 694
860 694
860 693
859 693
859 692
856 692
856 691
853 691
853 690
847 690
847 689
844 689
844 688
843 688
843 687
842 687
842 686
840 686
840 685
839 685
839 684
838 684
838 683
837 683
837 682
835 682
835 681
832 681
832 680
831 680
831 679
830 679
830 678
829 678
829 677
827 677
827 676
826 676
826 675
824 675
824 674
821 674
821 673
820 673
820 672
819 672
819 671
817 671
817 669
816 669
816 666
815 666
815 665
814 665
814 664
812 664
812 663
810 663
810 662
808 662
808 661
807 661
807 660
806 660
806 659
805 659
805 658
804 658
804 654
803 654
803 640
802 640
802 611
801 611
801 609
800 609
800 608
796 608
796 607
795 607
795 606
794 606
794 605
793 605
793 603
792 603
792 601
791 601
791 600
790 600
790 599
789 599
789 598
782 598
782 599
781 599
781 600
780 600
780 602
778 602
778 603
775 603
775 604
772 604
772 605
771 605
771 606
770 606
770 607
769 607
769 609
770 609
770 614
769 614
769 615
768 615
768 616
766 616
766 617
764 617
764 618
761 618
761 619
758 619
758 620
757 620
757 630
756 630
756 632
755 632
755 633
752 633
752 634
749 634
749 635
744 635
744 636
741 636
741 637
739 637
739 638
728 638
728 637
726 637
726 636
722 636
722 635
718 635
718 634
706 634
706 635
702 635
702 636
701 636
701 637
700 637
700 640
699 640
699 645
698 645
698 646
696 646
696 647
688 647
688 648
686 648
686 649
685 649
685 650
684 650
684 651
680 651
680 652
665 652
665 651
663 651
663 652
639 652
639 651
627 651
627 650
621 650
621 649
618 649
618 648
617 648
617 647
616 647
616 646
615 646
615 644
614 644
614 642
613 642
613 640
612 640
612 639
609 639
609 640
612 640
612 642
613 642
613 644
614 644
614 646
615 646
615 647
616 647
616 648
617 648
617 649
618 649
618 650
621 650
621 651
627 651
627 652
639 652
639 653
663 653
663 652
665 652
665 653
680 653
680 652
684 652
684 651
685 651
685 650
686 650
686 649
688 649
688 648
696 648
696 647
699 647
699 645
700 645
700 640
701 640
701 637
702 637
702 636
706 636
706 635
718 635
718 636
722 636
722 637
726 637
726 638
728 638
728 639
739 639
739 638
741 638
741 637
744 637
744 636
749 636
749 635
752 635
752 634
755 634
755 633
756 633
756 632
757 632
757 630
758 630
758 620
761 620
761 619
764 619
764 618
766 618
766 617
768 617
768 616
769 616
769 615
770 615
770 614
771 614
771 609
770 609
770 607
771 607
771 606
772 606
772 605
775 605
775 604
778 604
778 603
780 603
780 602
781 602
781 600
782 600
782 599
789 599
789 600
790 600
790 601
791 601
791 603
792 603
792 605
793 605
793 606
794 606
794 607
795 607
795 608
796 608
796 609
800 609
800 611
801 611
801 640
802 640
802 654
803 654
803 658
804 658
804 659
805 659
805 660
806 660
806 661
807 661
807 662
808 662
808 663
810 663
810 664
812 664
812 665
814 665
814 666
815 666
815 669
816 669
816 671
817 671
817 672
819 672
819 673
820 673
820 674
821 674
821 675
824 675
824 676
826 676
826 677
827 677
827 678
829 678
829 679
830 679
830 680
831 680
831 681
832 681
832 682
835 682
835 683
837 683
837 684
838 684
838 685
839 685
839 686
840 686
840 687
842 687
842 688
843 688
843 689
844 689
844 690
847 690
847 691
853 691
853 692
856 692
856 693
859 693
859 694
860 694
860 695
862 695
862 696
863 696
863 698
864 698
864 699
865 699
865 700
867 700
867 701
870 701
870 702
876 702
876 703
883 703
883 704
886 704
886 705
891 705
891 706
894 706
894 707
896 707
896 708
897 708
897 709
898 709
898 710
899 710
899 713
900 713
900 715
901 715
901 716
902 716
902 717
903 717
903 718
907 718
907 719
910 719
910 720
911 720
911 721
912 721
912 722
913 722
913 723
915 723
915 724
916 724
916 725
918 725
918 726
922 726
922 727
928 727
928 728
931 728
931 729
944 729
944 728
946 728
946 727
947 727
947 726
948 726
948 725
949 725
949 722
950 722
950 720
952 720
952 719
958 719
958 720
960 720
960 721
961 721
961 722
962 722
962 723
964 723
964 724
968 724
968 725
971 725
971 726
977 726
977 727
981 727
981 728
984 728
984 727
1015 727
1015 726
1017 726
1017 725
1018 725
1018 724
1019 724
1019 723
1020 723
1020 721
1021 721
1021 719
1024 719
1024 718
1029 718
1029 717
1037 717
1037 716
1043 716
1043 715
1056 715
1056 716
1058 716
1058 717
1060 717
1060 718
1061 718
1061 719
1065 719
1065 720
1072 720
1072 719
1075 719
1075 718
1077 718
1077 717
1085 717
1085 718
1086 718
1086 719
1089 719
1089 720
1090 720
1090 721
1092 721
1092 722
1095 722
1095 723
1096 723
1096 724
1097 724
1097 725
1098 725
1098 726
1099 726
1099 727
1100 727
1100 728
1103 728
1103 729
1107 729
1107 730
1115 730
1115 731
1119 731
1119 732
1126 732
1126 731
1133 731
1133 730
1137 730
1137 729
1144 729
1144 728
1148 728
1148 727
1150 727
1150 726
1156 726
1156 725
1158 725
1158 724
1159 724
1159 722
1160 722
1160 721
1161 721
1161 720
1164 720
1164 719
1167 719
1167 718
1169 718
1169 717
1170 717
1170 716
1171 716
1171 714
1177 714
1177 713
1180 713
1180 712
1181 712
1181 711
1182 711
1182 710
1191 710
1191 711
1192 711
1192 713
1193 713
1193 715
1194 715
1194 716
1195 716
1195 717
1196 717
1196 718
1198 718
1198 719
1200 719
1200 720
1202 720
1202 721
1203 721
1203 725
1204 725
1204 727
1205 727
1205 728
1206 728
1206 729
1207 729
1207 730
1208 730
1208 731
1209 731
1209 732
1210 732
1210 733
1214 733
1214 734
1222 734
1222 735
1233 735
1233 736
1236 736
1236 737
1238 737
1238 738
1244 738
1244 739
1246 739
1246 740
1249 740
1249 741
1251 741
1251 742
1253 742
1253 743
1254 743
1254 744
1255 744
1255 745
1256 745
1256 746
1257 746
1257 747
1258 747
1258 748
1260 748
1260 749
1265 749
1265 750
1271 750
1271 751
1272 751
1272 752
1276 752
1276 753
1280 753
1280 754
1281 754
1281 755
1283 755
1283 756
1284 756
1284 757
1285 757
1285 759
1286 759
1286 760
1287 760
1287 761
1288 761
1288 762
1289 762
1289 763
1291 763
1291 764
1292 764
1292 765
1294 765
1294 766
1301 766
1301 765
1303 765
1303 764
1305 764
1305 763
1320 763
1320 762
1321 762
1321 761
1322 761
1322 760
1323 760
1323 759
1324 759
1324 758
1325 758
1325 757
1326 757
1326 756
1327 756
1327 755
1328 755
1328 754
1329 754
1329 753
1331 753
1331 752
1333 752
1333 751
1335 751
1335 750
1336 750
1336 749
1337 749
1337 747
1338 747
1338 743
1337 743
1337 739
1336 739
1336 735
1338 735
1338 734
1344 734
1344 733
1346 733
1346 732
1347 732
1347 731
1348 731
1348 730
1349 730
1349 728
1350 728
1350 727
1351 727
1351 726
1352 726
1352 725
1353 725
1353 724
1354 724
1354 722
1355 722
1355 720
1356 720
1356 719
1357 719
1357 718
1364 718
1364 717
1370 717
1370 718
1371 718
1371 719
1374 719
1374 720
1376 720
1376 721
1378 721
1378 722
1379 722
1379 734
1380 734
1380 745
1381 745
1381 748
1382 748
1382 749
1383 749
1383 751
1384 751
1384 752
1385 752
1385 753
1388 753
1388 754
1391 754
1391 755
1394 755
1394 757
1395 757
1395 758
1396 758
1396 759
1397 759
1397 760
1399 760
1399 761
1401 761
1401 762
1407 762
1407 763
1410 763
1410 764
1412 764
1412 765
1415 765
1415 766
1420 766
1420 765
1432 765
1432 766
1436 766
1436 767
1439 767
1439 768
1440 768
1440 769
1441 769
1441 774
1442 774
1442 776
1443 776
1443 777
1444 777
1444 778
1445 778
1445 779
1446 779
1446 780
1448 780
1448 781
1449 781
1449 782
1451 782
1451 783
1452 783
1452 786
1453 786
1453 795
1454 795
1454 803
1455 803
1455 804
1456 804
1456 805
1457 805
1457 806
1458 806
1458 807
1459 807
1459 808
1462 808
1462 809
1465 809
1465 810
1468 810
1468 811
1469 811
1469 812
1470 812
1470 813
1473 813
1473 814
1475 814
1475 815
1481 815
1481 816
1482 816
1482 817
1483 817
1483 818
1486 818
1486 817
1487 817
1487 816
1492 816
1492 815
1500 815
1500 814
1503 814
1503 813
1504 813
1504 812
1506 812
1506 811
1510 811
1510 810
1514 810
1514 809
1515 809
1515 808
1517 808
1517 807
1519 807
1519 806
1526 806
1526 805
1527 805
1527 804
1529 804
1529 803
1530 803
1530 802
1537 802
1537 801
1539 801
1539 800
1540 800
1540 799
1541 799
1541 797
1542 797
1542 795
1543 795
1543 794
1545 794
1545 793
1546 793
1546 794
1547 794
1547 796
1548 796
1548 799
1549 799
1549 800
1550 800
1550 802
1551 802
1551 803
1552 803
1552 804
1555 804
1555 805
1560 805
1560 806
1563 806
1563 807
1567 807
1567 808
1574 808
1574 809
1583 809
1583 810
1604 810
1604 811
1608 811
1608 812
1611 812
1611 813
1613 813
1613 814
1615 814
1615 815
1618 815
1618 816
1620 816
1620 817
1621 817
1621 819
1622 819
1622 820
1623 820
1623 821
1624 821
1624 822
1625 822
1625 823
1626 823
1626 824
1629 824
1629 825
1635 825
1635 826
1660 826
1660 825
1679 825
1679 824
1681 824
1681 823
1682 823
1682 822
1683 822
1683 818
1682 818
1682 813
1681 813
1681 807
1680 807
1680 803
1679 803
1679 798
1680 798
1680 797
1690 797
1690 796
1692 796
1692 795
1693 795
1693 794
1694 794
1694 793
1695 793
1695 791
1696 791
1696 790
1697 790
1697 789
1702 789
1702 788
1703 788
1703 787
1704 787
1704 786
1705 786
1705 784
1706 784
1706 783
1707 783
1707 781
1708 781
1708 780
1710 780
1710 779
1711 779
1711 777
1712 777
1712 776
1713 776
1713 775
1718 775
1718 776
1722 776
1722 775
1726 775
1726 774
1735 774
1735 775
1741 775
1741 776
1745 776
1745 777
1746 777
1746 778
1747 778
1747 779
1750 779
1750 780
1753 780
1753 781
1754 781
1754 782
1755 782
1755 793
1756 793
1756 820
1757 820
1757 827
1758 827
1758 831
1759 831
1759 833
1760 833
1760 836
1761 836
1761 837
1762 837
1762 838
1763 838
1763 839
1764 839
1764 840
1766 840
1766 841
1767 841
1767 842
1769 842
1769 845
1770 845
1770 848
1771 848
1771 850
1772 850
1772 852
1773 852
1773 853
1774 853
1774 854
1775 854
1775 855
1777 855
1777 856
1779 856
1779 857
1781 857
1781 858
1782 858
1782 860
1783 860
1783 861
1784 861
1784 863
1785 863
1785 865
1786 865
1786 868
1787 868
1787 869
1788 869
1788 871
1789 871
1789 872
1790 872
1790 873
1791 873
1791 874
1792 874
1792 875
1794 875
1794 876
1797 876
1797 877
1799 877
1799 878
1802 878
1802 879
1820 879
1820 878
1822 878
1822 877
1831 877
1831 876
1833 876
1833 875
1834 875
1834 874
1835 874
1835 873
1836 873
1836 872
1837 872
1837 871
1838 871
1838 870
1839 870
1839 869
1840 869
1840 868
1841 868
1841 866
1842 866
1842 864
1843 864
1843 860
1844 860
1844 837
1843 837
1843 805
1844 805
1844 804
1852 804
1852 803
1854 803
1854 802
1855 802
1855 800
1856 800
1856 799
1857 799
1857 797
1858 797
1858 796
1859 796
1859 794
1863 794
1863 793
1865 793
1865 792
1866 792
1866 791
1867 791
1867 790
1868 790
1868 787
1869 787
1869 786
1870 786
1870 784
1871 784
1871 780
1877 780
1877 779
1879 779
1879 778
1881 778
1881 777
1882 777
1882 776
1886 776
1886 775
1889 775
1889 781
1890 781
1890 799
1891 799
1891 802
1892 802
1892 803
1893 803
1893 804
1894 804
1894 805
1895 805
1895 806
1896 806
1896 807
1897 807
1897 808
1898 808
1898 809
1899 809
1899 810
1900 810
1900 818
1901 818
1901 830
1902 830
1902 833
1903 833
1903 836
1904 836
1904 838
1905 838
1905 840
1906 840
1906 841
1907 841
1907 842
1908 842
1908 843
1909 843
1909 844
1911 844
1911 845
1913 845
1913 846
1916 846
1916 847
1920 847
1920 848
1921 848
1921 849
1923 849
1923 850
1925 850
1925 851
1936 851
1936 852
1937 852
1937 853
1938 853
1938 854
1939 854
1939 855
1940 855
1940 856
1941 856
1941 857
1943 857
1943 858
1944 858
1944 859
1950 859
1950 860
1957 860
1957 861
1968 861
1968 862
1979 862
1979 861
1984 861
1984 860
1985 860
1985 859
1987 859
1987 858
1989 858
1989 857
1990 857
1990 856
1992 856
1992 855
1993 855
1993 854
1994 854
1994 853
1995 853
1995 851
1996 851
1996 849
1997 849
1997 847
2003 847
2003 846
2005 846
2005 845
2007 845
2007 844
2008 844
2008 843
2009 843
2009 841
2008 841
2008 835
2007 835
2007 831
2006 831
2006 824
2007 824
2007 823
2016 823
2016 822
2017 822
2017 821
2018 821
2018 820
2020 820
2020 819
2025 819
2025 818
2028 818
2028 817
2029 817
2029 816
2030 816
2030 815
2036 815
2036 814
2038 814
2038 813
2040 813
2040 812
2041 812
2041 811
2042 811
2042 810
2043 810
2043 809
2044 809
2044 808
2045 808
2045 807
2046 807
2046 806
2048 806
2048 805
2049 805
2049 804
2050 804
2050 803
2051 803
2051 802
2053 802
2053 801
2054 801
2054 800
2056 800
2056 799
2068 799
2068 800
2070 800
2070 801
2071 801
2071 802
2072 802
2072 803
2073 803
2073 804
2074 804
2074 806
2075 806
2075 808
2076 808
2076 810
2077 810
2077 812
2078 812
2078 813
2079 813
2079 814
2080 814
2080 815
2081 815
2081 816
2082 816
2082 817
2084 817
2084 818
2088 818
2088 819
2093 819
2093 818
2100 818
2100 819
2101 819
2101 820
2104 820
2104 821
2106 821
2106 820
2107 820
2107 821
2112 821
2112 822
2113 822
2113 821
2136 821
2136 822
2137 822
2137 821
2152 821
2152 820
2162 820
2162 819
2164 819
2164 818
2165 818
2165 817
2166 817
2166 816
2171 816
2171 817
2172 817
2172 820
2173 820
2173 839
2174 839
2174 859
2175 859
2175 860
2176 860
2176 861
2177 861
2177 862
2179 862
2179 863
2183 863
2183 864
2193 864
2193 863
2195 863
2195 862
2196 862
2196 861
2197 861
2197 859
2198 859
2198 856
2199 856
2199 843
2198 843
2198 841
2197 841
2197 838
2196 838
2196 835
2195 835
2195 832
2194 832
2194 830
2193 830
2193 824
2192 824
2192 819
2193 819
2193 817
2209 817
2209 816
2210 816
2210 815
2211 815
2211 814
2212 814
2212 813
2213 813
2213 812
2214 812
2214 810
2215 810
2215 809
2216 809
2216 808
2217 808
2217 807
2218 807
2218 805
2219 805
2219 803
2224 803
2224 802
2226 802
2226 801
2227 801
2227 800
2229 800
2229 799
2230 799
2230 797
2232 797
2232 796
2233 796
2233 795
2234 795
2234 789
2235 789
2235 787
2236 787
2236 786
2237 786
2237 784
2238 784
2238 783
2239 783
2239 782
2240 782
2240 781
2241 781
2241 780
2242 780
2242 779
2243 779
2243 778
2246 778
2246 777
2249 777
2249 776
2250 776
2250 775
2251 775
2251 774
2260 774
2260 775
2263 775
2263 776
2264 776
2264 777
2265 777
2265 778
2266 778
2266 779
2267 779
2267 781
2268 781
2268 782
2269 782
2269 783
2270 783
2270 784
2271 784
2271 785
2272 785
2272 786
2273 786
2273 788
2274 788
2274 792
2275 792
2275 795
2276 795
2276 797
2277 797
2277 799
2278 799
2278 800
2279 800
2279 802
2280 802
2280 803
2281 803
2281 804
2282 804
2282 806
2283 806
2283 808
2284 808
2284 809
2285 809
2285 810
2286 810
2286 811
2287 811
2287 812
2288 812
2288 813
2289 813
2289 814
2291 814
2291 815
2292 815
2292 816
2293 816
2293 817
2296 817
2296 818
2298 818
2298 819
2308 819
2308 820
2311 820
2311 821
2315 821
2315 822
2316 822
2316 823
2318 823
2318 824
2319 824
2319 825
2323 825
2323 826
2325 826
2325 827
2327 827
2327 828
2331 828
2331 829
2333 829
2333 830
2335 830
2335 831
2337 831
2337 832
2347 832
2347 831
2348 831
2348 830
2349 830
2349 829
2351 829
2351 828
2353 828
2353 827
2355 827
2355 826
2357 826
2357 825
2358 825
2358 824
2359 824
2359 823
2365 823
2365 822
2366 822
2366 817
2367 817
2367 815
2368 815
2368 814
2377 814
2377 813
2378 813
2378 812
2379 812
2379 811
2380 811
2380 810
2382 810
2382 809
2384 809
2384 808
2386 808
2386 807
2387 807
2387 806
2388 806
2388 803
2389 803
2389 782
2390 782
2390 779
2397 779
2397 778
2400 778
2400 777
2402 777
2402 776
2403 776
2403 770
2404 770
2404 760
2403 760
2403 754
2402 754
2402 749
2401 749
2401 744
2400 744
2400 743
2401 743
2401 740
2402 740
2402 737
2407 737
2407 738
2411 738
2411 739
2412 739
2412 740
2413 740
2413 743
2414 743
2414 746
2415 746
2415 749
2416 749
2416 753
2417 753
2417 757
2418 757
2418 759
2419 759
2419 760
2418 760
2418 771
2419 771
2419 779
2420 779
2420 785
2421 785
2421 790
2422 790
2422 792
2423 792
2423 795
2424 795
2424 796
2425 796
2425 797
2426 797
2426 798
2427 798
2427 799
2428 799
2428 800
2430 800
2430 801
2431 801
2431 802
2433 802
2433 803
2434 803
2434 805
2435 805
2435 807
2436 807
2436 808
2438 808
2438 809
2440 809
2440 810
2446 810
2446 811
2451 811
2451 810
2459 810
2459 809
2462 809
2462 808
2470 808
2470 809
2472 809
2472 810
2492 810
2492 809
2501 809
2501 808
2502 808
2502 807
2504 807
2504 806
2510 806
2510 805
2511 805
2511 804
2512 804
2512 803
2513 803
2513 802
2514 802
2514 801
2515 801
2515 800
2517 800
2517 799
2522 799
2522 798
2523 798
2523 797
2524 797
2524 796
2525 796
2525 789
2526 789
2526 788
2531 788
2531 787
2534 787
2534 777
2535 777
2535 759
2537 759
2537 758
2545 758
2545 757
2549 757
2549 756
2554 756
2554 755
2557 755
2557 754
2558 754
2558 753
2559 753
2559 752
2560 752
2560 750
2562 750
2562 749
2567 749
2567 748
2568 748
2568 747
2571 747
2571 746
2572 746
2572 745
2573 745
2573 744
2574 744
2574 741
2575 741
2575 740
2577 740
2577 739
2578 739
2578 711
2579 711
2579 707
2578 707
2578 696
2579 696
2579 695
2582 695
2582 696
2585 696
2585 697
2587 697
2587 699
2588 699
2588 709
2589 709
2589 714
2590 714
2590 715
2591 715
2591 716
2592 716
2592 717
2593 717
2593 718
2594 718
2594 719
2595 719
2595 720
2596 720
2596 721
2598 721
2598 722
2600 722
2600 723
2601 723
2601 727
2602 727
2602 731
2603 731
2603 733
2604 733
2604 735
2605 735
2605 736
2606 736
2606 737
2607 737
2607 738
2608 738
2608 739
2610 739
2610 740
2612 740
2612 741
2614 741
2614 742
2615 742
2615 743
2616 743
2616 744
2617 744
2617 745
2618 745
2618 746
2619 746
2619 747
2620 747
2620 748
2622 748
2622 749
2627 749
2627 750
2633 750
2633 749
2645 749
2645 748
2659 748
2659 749
2662 749
2662 750
2663 750
2663 751
2664 751
2664 752
2665 752
2665 753
2666 753
2666 754
2667 754
2667 755
2669 755
2669 756
2672 756
2672 757
2677 757
2677 758
2682 758
2682 759
2689 759
2689 760
2691 760
2691 761
2696 761
2696 762
2699 762
2699 763
2702 763
2702 764
2706 764
2706 765
2709 765
2709 764
2710 764
2710 763
2713 763
2713 762
2715 762
2715 761
2723 761
2723 762
2724 762
2724 763
2731 763
2731 764
2737 764
2737 763
2740 763
2740 762
2741 762
2741 757
2742 757
2742 750
2746 750
2746 749
2748 749
2748 748
2750 748
2750 747
2752 747
2752 746
2753 746
2753 745
2754 745
2754 743
2755 743
2755 729
2754 729
2754 722
2758 722
2758 723
2759 723
2759 724
2761 724
2761 725
2762 725
2762 726
2764 726
2764 727
2771 727
2771 728
2772 728
2772 729
2773 729
2773 730
2774 730
2774 731
2775 731
2775 732
2778 732
2778 733
2781 733
2781 734
2782 734
2782 735
2784 735
2784 736
2786 736
2786 737
2800 737
2800 738
2808 738
2808 739
2810 739
2810 740
2813 740
2813 742
2814 742
2814 743
2823 743
2823 742
2825 742
2825 741
2826 741
2826 740
2827 740
2827 738
2828 738
2828 737
2829 737
2829 735
2831 735
2831 734
2833 734
2833 733
2836 733
2836 734
2838 734
2838 735
2839 735
2839 737
2840 737
2840 743
2841 743
2841 747
2842 747
2842 749
2843 749
2843 751
2844 751
2844 752
2845 752
2845 753
2847 753
2847 754
2850 754
2850 755
2852 755
2852 756
2854 756
2854 757
2855 757
2855 758
2856 758
2856 759
2858 759
2858 760
2859 760
2859 761
2860 761
2860 765
2861 765
2861 777
2862 777
2862 787
2863 787
2863 789
2864 789
2864 791
2865 791
2865 793
2866 793
2866 794
2867 794
2867 795
2869 795
2869 796
2871 796
2871 797
2877 797
2877 798
2881 798
2881 799
2890 799
2890 800
2892 800
2892 801
2894 801
2894 802
2895 802
2895 803
2896 803
2896 809
2897 809
2897 812
2898 812
2898 815
2899 815
2899 816
2900 816
2900 817
2901 817
2901 818
2904 818
2904 819
2905 819
2905 820
2908 820
2908 821
2910 821
2910 822
2915 822
2915 821
2918 821
2918 820
2920 820
2920 819
2921 819
2921 818
2922 818
2922 817
2923 817
2923 816
2925 816
2925 815
2931 815
2931 814
2932 814
2932 813
2933 813
2933 812
2934 812
2934 809
2935 809
2935 807
2936 807
2936 806
2940 806
2940 805
2942 805
2942 804
2952 804
2952 803
2964 803
2964 802
2966 802
2966 801
2967 801
2967 800
2968 800
2968 799
2971 799
2971 798
2973 798
2973 797
2977 797
2977 796
2979 796
2979 795
2980 795
2980 794
2982 794
2982 793
2983 793
2983 792
2984 792
2984 791
2986 791
2986 790
2989 790
2989 789
2991 789
2991 788
2993 788
2993 787
2995 787
2995 786
2998 786
2998 785
3002 785
3002 784
3003 784
3003 783
3004 783
3004 782
3005 782
3005 781
3006 781
3006 780
3008 780
3008 779
3011 779
3011 778
3014 778
3014 777
3016 777
3016 776
3018 776
3018 775
3019 775
3019 774
3021 774
3021 773
3022 773
3022 772
3023 772
3023 771
3024 771
3024 769
3025 769
3025 767
3026 767
3026 753
3027 753
3027 742
3026 742
3026 717
3027 717
3027 712
3026 712
3026 711
3027 711
3027 710
3032 710
3032 709
3042 709
3042 708
3045 708
3045 707
3047 707
3047 706
3048 706
3048 705
3049 705
3049 704
3050 704
3050 702
3052 702
3052 701
3055 701
3055 700
3057 700
3057 699
3058 699
3058 698
3059 698
3059 696
3060 696
3060 689
3061 689
3061 686
3060 686
3060 679
3061 679
3061 676
3071 676
3071 675
3081 675
3081 674
3093 674
3093 676
3094 676
3094 679
3095 679
3095 680
3096 680
3096 681
3097 681
3097 682
3098 682
3098 683
3099 683
3099 684
3101 684
3101 685
3102 685
3102 686
3103 686
3103 687
3104 687
3104 691
3105 691
3105 695
3106 695
3106 698
3107 698
3107 699
3108 699
3108 701
3109 701
3109 702
3110 702
3110 703
3112 703
3112 704
3116 704
3116 705
3119 705
3119 704
3135 704
3135 703
3141 703
3141 702
3142 702
3142 701
3143 701
3143 700
3148 700
3148 699
3154 699
3154 700
3161 700
3161 699
3164 699
3164 698
3169 698
3169 697
3173 697
3173 696
3180 696
3180 695
3187 695
3187 694
3188 694
3188 693
3189 693
3189 692
3191 692
3191 691
3197 691
3197 690
3199 690
3199 689
3200 689
3200 688
3201 688
3201 687
3203 687
3203 686
3205 686
3205 685
3209 685
3209 684
3211 684
3211 683
3214 683
3214 682
3216 682
3216 681
3221 681
3221 680
3230 680
3230 679
3234 679
3234 678
3235 678
3235 677
3239 677
3239 676
3242 676
3242 675
3244 675
3244 674
3246 674
3246 673
3250 673
3250 672
3251 672
3251 671
3253 671
3253 670
3254 670
3254 669
3255 669
3255 668
3256 668
3256 667
3257 667
3257 666
3258 666
3258 660
3259 660
3259 656
3258 656
3258 655
3259 655
3259 581
3258 581
3258 546
3259 546
3259 543
3265 543
3265 542
3269 542
3269 541
3276 541
3276 542
3284 542
3284 543
3289 543
3289 544
3290 544
3290 546
3291 546
3291 548
3292 548
3292 551
3293 551
3293 552
3294 552
3294 554
3295 554
3295 555
3296 555
3296 556
3298 556
3298 557
3301 557
3301 558
3304 558
3304 559
3306 559
3306 560
3308 560
3308 561
3309 561
3309 562
3313 562
3313 563
3314 563
3314 564
3315 564
3315 573
3316 573
3316 593
3317 593
3317 598
3318 598
3318 601
3319 601
3319 602
3320 602
3320 604
3321 604
3321 605
3322 605
3322 606
3327 606
3327 607
3340 607
3340 608
3342 608
3342 609
3343 609
3343 611
3344 611
3344 612
3345 612
3345 614
3346 614
3346 615
3347 615
3347 616
3349 616
3349 617
3356 617
3356 616
3365 616
3365 627
3366 627
3366 629
3367 629
3367 632
3368 632
3368 633
3369 633
3369 634
3371 634
3371 635
3375 635
3375 636
3382 636
3382 635
3385 635
3385 634
3386 634
3386 633
3387 633
3387 632
3388 632
3388 624
3389 624
3389 606
3390 606
3390 603
3391 603
3391 602
3392 602
3392 601
3394 601
3394 600
3399 600
3399 599
3402 599
3402 598
3403 598
3403 597
3404 597
3404 596
3406 596
3406 595
3407 595
3407 594
3408 594
3408 592
3409 592
3409 589
3410 589
3410 561
3411 561
3411 554
3410 554
3410 541
3411 541
3411 537
3414 537
3414 536
3416 536
3416 535
3417 535
3417 534
3418 534
3418 532
3419 532
3419 531
3420 531
3420 529
3421 529
3421 518
3422 518
3422 517
3427 517
3427 516
3429 516
3429 515
3430 515
3430 513
3431 513
3431 511
3432 511
3432 504
3433 504
3433 503
3440 503
3440 502
3444 502
3444 501
3445 501
3445 500
3446 500
3446 498
3447 498
3447 497
3449 497
3449 498
3452 498
3452 499
3454 499
3454 502
3455 502
3455 506
3456 506
3456 507
3457 507
3457 508
3458 508
3458 509
3459 509
3459 510
3460 510
3460 511
3461 511
3461 512
3462 512
3462 513
3463 513
3463 514
3465 514
3465 515
3466 515
3466 517
3467 517
3467 524
3468 524
3468 527
3469 527
3469 529
3470 529
3470 530
3471 530
3471 531
3472 531
3472 532
3473 532
3473 533
3474 533
3474 534
3476 534
3476 536
3477 536
3477 539
3478 539
3478 540
3479 540
3479 541
3480 541
3480 542
3481 542
3481 543
3482 543
3482 544
3488 544
3488 545
3490 545
3490 546
3496 546
3496 547
3503 547
3503 546
3511 546
3511 545
3513 545
3513 544
3521 544
3521 543
3523 543
3523 542
3525 542
3525 541
3526 541
3526 540
3527 540
3527 539
3528 539
3528 538
3530 538
3530 537
3533 537
3533 536
3535 536
3535 535
3536 535
3536 534
3537 534
3537 533
3539 533
3539 532
3541 532
3541 531
3542 531
3542 529
3543 529
3543 528
3545 528
3545 527
3546 527
3546 526
3547 526
3547 523
3548 523
3548 485
3547 485
3547 398
3548 398
3548 397
3554 397
3554 396
3555 396
3555 393
3556 393
3556 391
3557 391
3557 389
3558 389
3558 387
3559 387
3559 372
3560 372
3560 371
3561 371
3561 372
3566 372
3566 373
3567 373
3567 375
3568 375
3568 376
3569 376
3569 378
3570 378
3570 380
3571 380
3571 382
3572 382
3572 384
3575 384
3575 385
3576 385
3576 386
3577 386
3577 388
3581 388
3581 389
3585 389
3585 391
3586 391
3586 393
3587 393
3587 391
3586 391
3586 389
3585 389
3585 388
3581 388
3581 387
3578 387
3578 386
3577 386
3577 385
3576 385
3576 384
3575 384
3575 383
3573 383
3573 382
3572 382
3572 380
3571 380
3571 378
3570 378
3570 376
3569 376
3569 375
3568 375
3568 373
3567 373
3567 372
3566 372
3566 371
3561 371
3561 370
3560 370
3560 371
3559 371
3559 372
3558 372
3558 387
3557 387
3557 389
3556 389
3556 391
3555 391
3555 393
3554 393
3554 396
3548 396
3548 397
3547 397
3547 398
3546 398
