1301 489
1302 489
1302 491
1303 491
1303 492
1304 492
1304 493
1305 493
1305 494
1306 494
1306 495
1307 495
1307 496
1310 496
1310 497
1318 497
1318 496
1320 496
1320 495
1324 495
1324 496
1325 496
1325 497
1326 497
1326 499
1327 499
1327 500
1328 500
1328 501
1331 501
1331 502
1332 502
1332 503
1334 503
1334 504
1335 504
1335 505
1336 505
1336 507
1337 507
1337 508
1339 508
1339 509
1340 509
1340 510
1342 510
1342 511
1343 511
1343 512
1344 512
1344 513
1345 513
1345 515
1346 515
1346 517
1347 517
1347 519
1348 519
1348 520
1349 520
1349 522
1350 522
1350 523
1351 523
1351 525
1352 525
1352 530
1353 530
1353 531
1354 531
1354 532
1355 532
1355 533
1356 533
1356 534
1358 534
1358 535
1363 535
1363 536
1367 536
1367 537
1368 537
1368 538
1369 538
1369 540
1370 540
1370 542
1384 542
1384 541
1385 541
1385 540
1386 540
1386 539
1389 539
1389 538
1390 538
1390 536
1391 536
1391 535
1397 535
1397 534
1401 534
1401 533
1402 533
1402 531
1403 531
1403 530
1404 530
1404 529
1405 529
1405 527
1406 527
1406 522
1407 522
1407 519
1408 519
1408 516
1409 516
1409 512
1410 512
1410 509
1411 509
1411 507
1412 507
1412 481
1413 481
1413 449
1414 449
1414 438
1415 438
1415 433
1416 433
1416 430
1425 430
1425 431
1426 431
1426 432
1427 432
1427 433
1428 433
1428 434
1429 434
1429 436
1430 436
1430 437
1441 437
1441 436
1442 436
1442 435
1443 435
1443 434
1446 434
1446 433
1448 433
1448 432
1450 432
1450 431
1454 431
1454 430
1455 430
1455 428
1456 428
1456 427
1457 427
1457 426
1458 426
1458 425
1459 425
1459 424
1464 424
1464 423
1465 423
1465 422
1466 422
1466 421
1467 421
1467 420
1469 420
1469 419
1471 419
1471 418
1472 418
1472 417
1475 417
1475 416
1476 416
1476 415
1478 415
1478 414
1479 414
1479 413
1480 413
1480 412
1482 412
1482 411
1483 411
1483 410
1485 410
1485 409
1487 409
1487 408
1494 408
1494 407
1496 407
1496 406
1500 406
1500 405
1503 405
1503 404
1507 404
1507 403
1511 403
1511 402
1512 402
1512 401
1511 401
1511 381
1512 381
1512 380
1518 380
1518 375
1519 375
1519 374
1520 374
1520 373
1524 373
1524 371
1525 371
1525 370
1526 370
1526 369
1527 369
1527 368
1531 368
1531 367
1532 367
1532 366
1534 366
1534 365
1536 365
1536 364
1537 364
1537 363
1538 363
1538 362
1539 362
1539 361
1543 361
1543 362
1545 362
1545 363
1550 363
1550 364
1553 364
1553 365
1554 365
1554 366
1558 366
1558 367
1565 367
1565 366
1567 366
1567 365
1572 365
1572 364
1574 364
1574 357
1575 357
1575 356
1576 356
1576 355
1581 355
1581 351
1580 351
1580 344
1581 344
1581 343
1582 343
1582 342
1583 342
1583 341
1589 341
1589 340
1591 340
1591 339
1595 339
1595 338
1597 338
1597 327
1598 327
1598 319
1599 319
1599 302
1600 302
1600 286
1601 286
1601 269
1602 269
1602 267
1603 267
1603 266
1614 266
1614 265
1616 265
1616 266
1618 266
1618 267
1619 267
1619 268
1628 268
1628 269
1630 269
1630 270
1634 270
1634 271
1635 271
1635 272
1637 272
1637 273
1638 273
1638 276
1639 276
1639 277
1640 277
1640 278
1641 278
1641 279
1643 279
1643 280
1647 280
1647 281
1643 281
1643 280
1641 280
1641 279
1640 279
1640 278
1639 278
1639 277
1638 277
1638 276
1637 276
1637 273
1635 273
1635 272
1634 272
1634 271
1630 271
1630 270
1628 270
1628 269
1619 269
1619 268
1618 268
1618 267
1616 267
1616 266
1614 266
1614 267
1603 267
1603 269
1602 269
1602 286
1601 286
1601 302
1600 302
1600 319
1599 319
1599 327
1598 327
1598 338
1597 338
1597 339
1595 339
1595 340
1591 340
1591 341
1589 341
1589 342
1583 342
1583 343
1582 343
1582 344
1581 344
1581 351
1582 351
1582 355
1581 355
1581 356
1576 356
1576 357
1575 357
1575 364
1574 364
1574 365
1572 365
1572 366
1567 366
1567 367
1565 367
1565 368
1558 368
1558 367
1554 367
1554 366
1553 366
1553 365
1550 365
1550 364
1545 364
1545 363
1543 363
1543 362
1539 362
1539 363
1538 363
1538 364
1537 364
1537 365
1536 365
1536 366
1534 366
1534 367
1532 367
1532 368
1531 368
1531 369
1527 369
1527 370
1526 370
1526 371
1525 371
1525 374
1520 374
1520 375
1519 375
1519 380
1518 380
1518 381
1512 381
1512 401
1513 401
1513 402
1512 402
1512 403
1511 403
1511 404
1507 404
1507 405
1503 405
1503 406
1500 406
1500 407
1496 407
1496 408
1494 408
1494 409
1487 409
1487 410
1485 410
1485 411
1483 411
1483 412
1482 412
1482 413
1480 413
1480 414
1479 414
1479 415
1478 415
1478 416
1476 416
1476 417
1475 417
1475 418
1472 418
1472 419
1471 419
1471 420
1469 420
1469 421
1467 421
1467 422
1466 422
1466 423
1465 423
1465 424
1464 424
1464 425
1459 425
1459 426
1458 426
1458 427
1457 427
1457 428
1456 428
1456 430
1455 430
1455 431
1454 431
1454 432
1450 432
1450 433
1448 433
1448 434
1446 434
1446 435
1443 435
1443 436
1442 436
1442 437
1441 437
1441 438
1430 438
1430 437
1429 437
1429 436
1428 436
1428 434
1427 434
1427 433
1426 433
1426 432
1425 432
1425 431
1417 431
1417 433
1416 433
1416 438
1415 438
1415 449
1414 449
1414 481
1413 481
1413 507
1412 507
1412 509
1411 509
1411 512
1410 512
1410 516
1409 516
1409 519
1408 519
1408 522
1407 522
1407 527
1406 527
1406 529
1405 529
1405 530
1404 530
1404 531
1403 531
1403 533
1402 533
1402 534
1401 534
1401 535
1397 535
1397 536
1391 536
1391 538
1390 538
1390 539
1389 539
1389 540
1386 540
1386 541
1385 541
1385 542
1384 542
1384 543
1369 543
1369 540
1368 540
1368 538
1367 538
1367 537
1363 537
1363 536
1358 536
1358 535
1356 535
1356 534
1355 534
1355 533
1354 533
1354 532
1353 532
1353 531
1352 531
1352 530
1351 530
1351 525
1350 525
1350 523
1349 523
1349 522
1348 522
1348 520
1347 520
1347 519
1346 519
1346 517
1345 517
1345 515
1344 515
1344 513
1343 513
1343 512
1342 512
1342 511
1340 511
1340 510
1339 510
1339 509
1337 509
1337 508
1336 508
1336 507
1335 507
1335 505
1334 505
1334 504
1332 504
1332 503
1331 503
1331 502
1328 502
1328 501
1327 501
1327 500
1326 500
1326 499
1325 499
1325 497
1324 497
1324 496
1320 496
1320 497
1318 497
1318 498
1310 498
1310 497
1307 497
1307 496
1306 496
1306 495
1305 495
1305 494
1304 494
1304 493
1303 493
1303 492
1302 492
1302 491
1301 491
1301 489
1300 489
1300 488
1299 488
1299 486
1298 486
1298 484
1297 484
1297 482
1295 482
1295 481
1294 481
1294 479
1293 479
1293 478
1289 478
1289 496
1288 496
1288 497
1284 497
1284 496
1281 496
1281 495
1278 495
1278 503
1277 503
1277 504
1275 504
1275 505
1274 505
1274 506
1273 506
1273 508
1272 508
1272 509
1271 509
1271 510
1267 510
1267 509
1265 509
1265 508
1262 508
1262 509
1261 509
1261 512
1260 512
1260 514
1261 514
1261 531
1260 531
1260 543
1259 543
1259 545
1258 545
1258 549
1257 549
1257 550
1256 550
1256 551
1254 551
1254 552
1252 552
1252 553
1247 553
1247 556
1246 556
1246 561
1247 561
1247 572
1246 572
1246 578
1245 578
1245 580
1244 580
1244 581
1243 581
1243 582
1242 582
1242 583
1238 583
1238 584
1235 584
1235 585
1233 585
1233 586
1210 586
1210 585
1208 585
1208 584
1205 584
1205 583
1203 583
1203 582
1201 582
1201 581
1194 581
1194 580
1193 580
1193 579
1192 579
1192 578
1191 578
1191 575
1190 575
1190 574
1189 574
1189 572
1188 572
1188 569
1187 569
1187 560
1186 560
1186 559
1185 559
1185 558
1183 558
1183 557
1182 557
1182 556
1180 556
1180 555
1179 555
1179 554
1178 554
1178 552
1177 552
1177 551
1176 551
1176 546
1175 546
1175 540
1174 540
1174 538
1171 538
1171 537
1170 537
1170 536
1169 536
1169 535
1168 535
1168 534
1164 534
1164 533
1163 533
1163 532
1162 532
1162 530
1161 530
1161 529
1159 529
1159 528
1156 528
1156 527
1154 527
1154 526
1153 526
1153 525
1152 525
1152 524
1150 524
1150 523
1149 523
1149 522
1147 522
1147 521
1141 521
1141 520
1129 520
1129 519
1127 519
1127 518
1122 518
1122 519
1121 519
1121 520
1122 520
1122 521
1123 521
1123 523
1124 523
1124 524
1125 524
1125 530
1124 530
1124 531
1121 531
1121 532
1120 532
1120 541
1121 541
1121 543
1120 543
1120 545
1117 545
1117 546
1116 546
1116 547
1115 547
1115 549
1114 549
1114 550
1113 550
1113 551
1111 551
1111 553
1110 553
1110 554
1109 554
1109 555
1108 555
1108 556
1107 556
1107 557
1106 557
1106 558
1105 558
1105 559
1104 559
1104 560
1102 560
1102 561
1092 561
1092 562
1091 562
1091 569
1092 569
1092 571
1093 571
1093 572
1094 572
1094 574
1095 574
1095 575
1096 575
1096 577
1095 577
1095 579
1094 579
1094 580
1093 580
1093 581
1091 581
1091 582
1090 582
1090 584
1089 584
1089 585
1088 585
1088 586
1087 586
1087 587
1082 587
1082 586
1081 586
1081 585
1080 585
1080 584
1078 584
1078 583
1076 583
1076 582
1075 582
1075 581
1074 581
1074 579
1073 579
1073 578
1072 578
1072 577
1071 577
1071 575
1070 575
1070 566
1068 566
1068 565
1064 565
1064 564
1063 564
1063 563
1062 563
1062 562
1061 562
1061 559
1059 559
1059 558
1058 558
1058 557
1057 557
1057 553
1056 553
1056 543
1055 543
1055 529
1054 529
1054 524
1053 524
1053 516
1052 516
1052 513
1051 513
1051 508
1050 508
1050 503
1049 503
1049 498
1048 498
1048 497
1047 497
1047 496
1045 496
1045 495
1043 495
1043 497
1038 497
1038 498
1035 498
1035 499
1034 499
1034 500
1030 500
1030 501
1029 501
1029 513
1028 513
1028 520
1027 520
1027 525
1026 525
1026 528
1025 528
1025 532
1024 532
1024 538
1023 538
1023 541
1022 541
1022 544
1021 544
1021 545
1020 545
1020 548
1019 548
1019 549
1018 549
1018 550
1017 550
1017 553
1016 553
1016 554
1015 554
1015 555
1014 555
1014 556
1008 556
1008 557
1007 557
1007 558
1006 558
1006 559
1004 559
1004 562
1003 562
1003 563
1001 563
1001 564
998 564
998 563
996 563
996 564
994 564
994 565
989 565
989 570
990 570
990 573
991 573
991 582
990 582
990 584
989 584
989 585
988 585
988 584
987 584
987 583
982 583
982 581
977 581
977 580
975 580
975 579
974 579
974 578
972 578
972 577
971 577
971 576
970 576
970 575
969 575
969 574
968 574
968 573
967 573
967 572
965 572
965 571
964 571
964 570
963 570
963 569
962 569
962 568
961 568
961 567
960 567
960 566
959 566
959 564
958 564
958 563
957 563
957 562
956 562
956 561
955 561
955 559
954 559
954 557
953 557
953 554
952 554
952 552
951 552
951 550
950 550
950 549
949 549
949 546
948 546
948 544
947 544
947 541
946 541
946 537
945 537
945 532
944 532
944 527
943 527
943 524
942 524
942 519
941 519
941 514
940 514
940 509
939 509
939 506
938 506
938 501
937 501
937 498
936 498
936 497
931 497
931 496
930 496
930 497
929 497
929 498
928 498
928 499
926 499
926 500
924 500
924 501
922 501
922 502
915 502
915 503
913 503
913 504
910 504
910 505
907 505
907 506
906 506
906 507
904 507
904 508
899 508
899 509
898 509
898 510
897 510
897 511
896 511
896 512
895 512
895 513
893 513
893 514
891 514
891 515
890 515
890 516
881 516
881 518
880 518
880 519
879 519
879 521
878 521
878 522
877 522
877 523
869 523
869 522
850 522
850 521
848 521
848 520
847 520
847 519
846 519
846 518
844 518
844 517
843 517
843 516
842 516
842 515
824 515
824 514
822 514
822 513
819 513
819 512
818 512
818 511
817 511
817 510
816 510
816 509
814 509
814 508
810 508
810 507
808 507
808 506
807 506
807 505
806 505
806 504
804 504
804 503
797 503
797 505
796 505
796 506
795 506
795 507
794 507
794 508
793 508
793 510
792 510
792 515
793 515
793 517
794 517
794 521
793 521
793 522
791 522
791 523
788 523
788 524
781 524
781 532
782 532
782 533
783 533
783 536
784 536
784 540
783 540
783 543
782 543
782 544
779 544
779 545
777 545
777 546
776 546
776 547
773 547
773 548
772 548
772 549
771 549
771 550
768 550
768 551
766 551
766 552
765 552
765 553
757 553
757 554
755 554
755 555
754 555
754 556
736 556
736 555
729 555
729 554
723 554
723 553
719 553
719 552
712 552
712 551
710 551
710 550
708 550
708 549
707 549
707 548
706 548
706 547
705 547
705 543
704 543
704 542
699 542
699 541
698 541
698 540
697 540
697 537
696 537
696 533
695 533
695 531
694 531
694 530
690 530
690 529
688 529
688 528
687 528
687 527
686 527
686 519
685 519
685 511
684 511
684 501
683 501
683 492
682 492
682 483
681 483
681 482
682 482
682 478
681 478
681 474
680 474
680 473
678 473
678 472
677 472
677 473
676 473
676 474
675 474
675 477
674 477
674 478
670 478
670 482
671 482
671 483
672 483
672 485
671 485
671 486
670 486
670 487
665 487
665 492
666 492
666 493
665 493
665 495
664 495
664 496
655 496
655 497
654 497
654 498
652 498
652 500
651 500
651 501
644 501
644 504
645 504
645 507
644 507
644 509
643 509
643 510
641 510
641 511
638 511
638 521
639 521
639 532
638 532
638 536
637 536
637 537
628 537
628 538
626 538
626 539
618 539
618 538
617 538
617 537
604 537
604 536
600 536
600 535
598 535
598 534
593 534
593 533
592 533
592 529
587 529
587 528
586 528
586 524
585 524
585 521
584 521
584 511
583 511
583 510
581 510
581 509
580 509
580 508
579 508
579 505
578 505
578 497
577 497
577 494
576 494
576 491
571 491
571 490
569 490
569 489
568 489
568 488
567 488
567 487
566 487
566 486
565 486
565 485
564 485
564 484
562 484
562 485
561 485
561 486
560 486
560 487
558 487
558 488
556 488
556 489
555 489
555 490
553 490
553 491
548 491
548 492
546 492
546 493
539 493
539 494
531 494
531 493
529 493
529 492
528 492
528 491
527 491
527 489
526 489
526 488
525 488
525 487
523 487
523 486
522 486
522 483
521 483
521 482
520 482
520 474
519 474
519 462
518 462
518 453
516 453
516 452
514 452
514 451
513 451
513 449
512 449
512 444
511 444
511 436
510 436
510 435
509 435
509 436
507 436
507 438
506 438
506 439
504 439
504 441
503 441
503 443
501 443
501 444
500 444
500 445
499 445
499 447
498 447
498 448
497 448
497 449
493 449
493 451
492 451
492 452
491 452
491 454
490 454
490 455
489 455
489 457
488 457
488 458
484 458
484 459
483 459
483 460
482 460
482 461
481 461
481 462
475 462
475 461
471 461
471 465
472 465
472 466
473 466
473 469
474 469
474 475
472 475
472 476
471 476
471 478
470 478
470 479
465 479
465 480
464 480
464 481
458 481
458 480
456 480
456 479
451 479
451 478
440 478
440 479
439 479
439 480
438 480
438 481
434 481
434 480
430 480
430 479
429 479
429 478
428 478
428 477
427 477
427 476
425 476
425 475
423 475
423 474
422 474
422 471
421 471
421 464
420 464
420 462
419 462
419 461
416 461
416 460
414 460
414 459
413 459
413 457
410 457
410 456
408 456
408 455
406 455
406 454
401 454
401 453
400 453
400 452
398 452
398 451
396 451
396 450
395 450
395 449
393 449
393 448
385 448
385 447
384 447
384 445
383 445
383 446
382 446
382 447
374 447
374 446
373 446
373 447
360 447
360 451
361 451
361 455
362 455
362 460
361 460
361 461
360 461
360 462
351 462
351 463
350 463
350 464
344 464
344 465
338 465
338 466
327 466
327 465
324 465
324 464
319 464
319 463
318 463
318 462
315 462
315 463
310 463
310 464
303 464
303 463
302 463
302 462
301 462
301 460
300 460
300 451
299 451
299 450
298 450
298 449
297 449
297 446
295 446
295 445
290 445
290 444
289 444
289 443
286 443
286 442
285 442
285 441
283 441
283 440
280 440
280 439
279 439
279 437
278 437
278 436
277 436
277 434
274 434
274 433
273 433
273 432
272 432
272 431
271 431
271 424
272 424
272 422
267 422
267 421
266 421
266 420
265 420
265 419
264 419
264 418
260 418
260 419
258 419
258 420
256 420
256 419
251 419
251 418
249 418
249 417
248 417
248 416
247 416
247 415
248 415
248 416
249 416
249 417
251 417
251 418
256 418
256 419
258 419
258 418
260 418
260 417
264 417
264 418
265 418
265 419
266 419
266 420
267 420
267 421
273 421
273 424
272 424
272 431
273 431
273 432
274 432
274 433
277 433
277 434
278 434
278 436
279 436
279 437
280 437
280 439
283 439
283 440
285 440
285 441
286 441
286 442
289 442
289 443
290 443
290 444
295 444
295 445
297 445
297 446
298 446
298 449
299 449
299 450
300 450
300 451
301 451
301 460
302 460
302 462
303 462
303 463
310 463
310 462
315 462
315 461
318 461
318 462
319 462
319 463
324 463
324 464
327 464
327 465
338 465
338 464
344 464
344 463
350 463
350 462
351 462
351 461
360 461
360 460
361 460
361 455
360 455
360 451
359 451
359 446
373 446
373 445
374 445
374 446
382 446
382 445
383 445
383 444
384 444
384 445
385 445
385 447
393 447
393 448
395 448
395 449
396 449
396 450
398 450
398 451
400 451
400 452
401 452
401 453
406 453
406 454
408 454
408 455
410 455
410 456
413 456
413 457
414 457
414 459
416 459
416 460
419 460
419 461
420 461
420 462
421 462
421 464
422 464
422 471
423 471
423 474
425 474
425 475
427 475
427 476
428 476
428 477
429 477
429 478
430 478
430 479
434 479
434 480
438 480
438 479
439 479
439 478
440 478
440 477
451 477
451 478
456 478
456 479
458 479
458 480
464 480
464 479
465 479
465 478
470 478
470 476
471 476
471 475
472 475
472 474
473 474
473 469
472 469
472 466
471 466
471 465
470 465
470 461
471 461
471 460
475 460
475 461
481 461
481 460
482 460
482 459
483 459
483 458
484 458
484 457
488 457
488 455
489 455
489 454
490 454
490 452
491 452
491 451
492 451
492 449
493 449
493 448
497 448
497 447
498 447
498 445
499 445
499 444
500 444
500 443
501 443
501 442
502 442
502 441
503 441
503 439
504 439
504 438
506 438
506 436
507 436
507 435
509 435
509 434
510 434
510 435
511 435
511 436
512 436
512 444
513 444
513 449
514 449
514 451
516 451
516 452
518 452
518 453
519 453
519 462
520 462
520 474
521 474
521 482
522 482
522 483
523 483
523 486
525 486
525 487
526 487
526 488
527 488
527 489
528 489
528 491
529 491
529 492
531 492
531 493
539 493
539 492
546 492
546 491
548 491
548 490
553 490
553 489
555 489
555 488
556 488
556 487
558 487
558 486
560 486
560 485
561 485
561 484
562 484
562 483
564 483
564 484
565 484
565 485
566 485
566 486
567 486
567 487
568 487
568 488
569 488
569 489
571 489
571 490
577 490
577 494
578 494
578 497
579 497
579 505
580 505
580 508
581 508
581 509
583 509
583 510
584 510
584 511
585 511
585 521
586 521
586 524
587 524
587 528
592 528
592 529
593 529
593 533
598 533
598 534
600 534
600 535
604 535
604 536
617 536
617 537
618 537
618 538
626 538
626 537
628 537
628 536
637 536
637 532
638 532
638 521
637 521
637 511
638 511
638 510
641 510
641 509
643 509
643 507
644 507
644 504
643 504
643 501
644 501
644 500
651 500
651 498
652 498
652 497
654 497
654 496
655 496
655 495
664 495
664 493
665 493
665 492
664 492
664 486
670 486
670 485
671 485
671 483
670 483
670 482
669 482
669 478
670 478
670 477
674 477
674 474
675 474
675 473
676 473
676 472
677 472
677 471
678 471
678 472
680 472
680 473
681 473
681 474
682 474
682 478
683 478
683 482
682 482
682 483
683 483
683 492
684 492
684 501
685 501
685 511
686 511
686 519
687 519
687 527
688 527
688 528
690 528
690 529
694 529
694 530
695 530
695 531
696 531
696 533
697 533
697 537
698 537
698 540
699 540
699 541
704 541
704 542
705 542
705 543
706 543
706 547
707 547
707 548
708 548
708 549
710 549
710 550
712 550
712 551
719 551
719 552
723 552
723 553
729 553
729 554
736 554
736 555
754 555
754 554
755 554
755 553
757 553
757 552
765 552
765 551
766 551
766 550
768 550
768 549
771 549
771 548
772 548
772 547
773 547
773 546
776 546
776 545
777 545
777 544
779 544
779 543
782 543
782 540
783 540
783 536
782 536
782 533
781 533
781 532
780 532
780 524
781 524
781 523
788 523
788 522
791 522
791 521
793 521
793 517
792 517
792 515
791 515
791 510
792 510
792 508
793 508
793 507
794 507
794 506
795 506
795 505
796 505
796 503
797 503
797 502
804 502
804 503
806 503
806 504
807 504
807 505
808 505
808 506
810 506
810 507
814 507
814 508
816 508
816 509
817 509
817 510
818 510
818 511
819 511
819 512
822 512
822 513
824 513
824 514
842 514
842 515
843 515
843 516
844 516
844 517
846 517
846 518
847 518
847 519
848 519
848 520
850 520
850 521
869 521
869 522
877 522
877 521
878 521
878 519
879 519
879 518
880 518
880 516
881 516
881 515
890 515
890 514
891 514
891 513
893 513
893 512
895 512
895 511
896 511
896 510
897 510
897 509
898 509
898 508
899 508
899 507
904 507
904 506
906 506
906 505
907 505
907 504
910 504
910 503
913 503
913 502
915 502
915 501
922 501
922 500
924 500
924 499
926 499
926 498
928 498
928 497
929 497
929 496
930 496
930 495
931 495
931 496
936 496
936 497
937 497
937 498
938 498
938 501
939 501
939 506
940 506
940 509
941 509
941 514
942 514
942 519
943 519
943 524
944 524
944 527
945 527
945 532
946 532
946 537
947 537
947 541
948 541
948 544
949 544
949 546
950 546
950 549
951 549
951 550
952 550
952 552
953 552
953 554
954 554
954 557
955 557
955 559
956 559
956 561
957 561
957 562
958 562
958 563
959 563
959 564
960 564
960 566
961 566
961 567
962 567
962 568
963 568
963 569
964 569
964 570
965 570
965 571
967 571
967 572
968 572
968 573
969 573
969 574
970 574
970 575
971 575
971 576
972 576
972 577
975 577
975 579
977 579
977 580
982 580
982 581
983 581
983 582
987 582
987 583
988 583
988 584
989 584
989 582
990 582
990 573
989 573
989 570
988 570
988 565
989 565
989 564
994 564
994 563
996 563
996 562
998 562
998 563
1001 563
1001 562
1003 562
1003 559
1004 559
1004 558
1006 558
1006 557
1007 557
1007 556
1008 556
1008 555
1014 555
1014 554
1015 554
1015 553
1016 553
1016 550
1017 550
1017 549
1018 549
1018 548
1019 548
1019 545
1020 545
1020 544
1021 544
1021 541
1022 541
1022 538
1023 538
1023 532
1024 532
1024 528
1025 528
1025 525
1026 525
1026 520
1027 520
1027 513
1028 513
1028 501
1029 501
1029 500
1030 500
1030 499
1034 499
1034 498
1035 498
1035 497
1038 497
1038 496
1042 496
1042 495
1043 495
1043 494
1045 494
1045 495
1047 495
1047 496
1048 496
1048 497
1049 497
1049 498
1050 498
1050 503
1051 503
1051 508
1052 508
1052 513
1053 513
1053 516
1054 516
1054 524
1055 524
1055 529
1056 529
1056 543
1057 543
1057 553
1058 553
1058 557
1059 557
1059 558
1061 558
1061 559
1062 559
1062 562
1063 562
1063 563
1064 563
1064 564
1068 564
1068 565
1070 565
1070 566
1071 566
1071 575
1072 575
1072 577
1073 577
1073 578
1074 578
1074 579
1075 579
1075 581
1076 581
1076 582
1078 582
1078 583
1080 583
1080 584
1081 584
1081 585
1082 585
1082 586
1087 586
1087 585
1088 585
1088 584
1089 584
1089 582
1090 582
1090 581
1091 581
1091 580
1093 580
1093 579
1094 579
1094 577
1095 577
1095 575
1094 575
1094 574
1093 574
1093 572
1092 572
1092 571
1091 571
1091 569
1090 569
1090 562
1091 562
1091 561
1092 561
1092 560
1102 560
1102 559
1104 559
1104 558
1105 558
1105 557
1106 557
1106 556
1107 556
1107 555
1108 555
1108 554
1109 554
1109 553
1110 553
1110 551
1111 551
1111 550
1113 550
1113 549
1114 549
1114 547
1115 547
1115 546
1116 546
1116 545
1117 545
1117 544
1119 544
1119 543
1120 543
1120 541
1119 541
1119 532
1120 532
1120 531
1121 531
1121 530
1124 530
1124 524
1123 524
1123 523
1122 523
1122 521
1121 521
1121 520
1120 520
1120 519
1121 519
1121 518
1122 518
1122 517
1127 517
1127 518
1129 518
1129 519
1141 519
1141 520
1147 520
1147 521
1149 521
1149 522
1150 522
1150 523
1152 523
1152 524
1153 524
1153 525
1154 525
1154 526
1156 526
1156 527
1159 527
1159 528
1161 528
1161 529
1162 529
1162 530
1163 530
1163 532
1164 532
1164 533
1168 533
1168 534
1169 534
1169 535
1170 535
1170 536
1171 536
1171 537
1174 537
1174 538
1175 538
1175 540
1176 540
1176 546
1177 546
1177 551
1178 551
1178 552
1179 552
1179 554
1180 554
1180 555
1182 555
1182 556
1183 556
1183 557
1185 557
1185 558
1186 558
1186 559
1187 559
1187 560
1188 560
1188 569
1189 569
1189 572
1190 572
1190 574
1191 574
1191 575
1192 575
1192 578
1193 578
1193 579
1194 579
1194 580
1201 580
1201 581
1203 581
1203 582
1205 582
1205 583
1208 583
1208 584
1210 584
1210 585
1233 585
1233 584
1235 584
1235 583
1238 583
1238 582
1242 582
1242 581
1243 581
1243 580
1244 580
1244 578
1245 578
1245 572
1246 572
1246 561
1245 561
1245 556
1246 556
1246 553
1247 553
1247 552
1252 552
1252 551
1254 551
1254 550
1256 550
1256 549
1257 549
1257 545
1258 545
1258 543
1259 543
1259 531
1260 531
1260 514
1259 514
1259 512
1260 512
1260 509
1261 509
1261 508
1262 508
1262 507
1265 507
1265 508
1267 508
1267 509
1271 509
1271 508
1272 508
1272 506
1273 506
1273 504
1275 504
1275 503
1277 503
1277 495
1278 495
1278 494
1281 494
1281 495
1284 495
1284 496
1288 496
1288 477
1293 477
1293 478
1294 478
1294 479
1295 479
1295 481
1297 481
1297 482
1298 482
1298 484
1299 484
1299 486
1300 486
1300 488
1301 488
