2726 1131
2720 1131
2720 1132
2713 1132
2713 1133
2709 1133
2709 1134
2707 1134
2707 1135
2705 1135
2705 1136
2703 1136
2703 1137
2700 1137
2700 1138
2688 1138
2688 1139
2684 1139
2684 1140
2682 1140
2682 1141
2680 1141
2680 1142
2678 1142
2678 1143
2676 1143
2676 1144
2673 1144
2673 1145
2667 1145
2667 1146
2663 1146
2663 1147
2652 1147
2652 1148
2644 1148
2644 1147
2641 1147
2641 1148
2640 1148
2640 1149
2638 1149
2638 1150
2636 1150
2636 1151
2632 1151
2632 1152
2628 1152
2628 1151
2626 1151
2626 1150
2622 1150
2622 1149
2620 1149
2620 1148
2609 1148
2609 1147
2600 1147
2600 1146
2599 1146
2599 1147
2597 1147
2597 1148
2594 1148
2594 1149
2592 1149
2592 1150
2586 1150
2586 1151
2584 1151
2584 1152
2583 1152
2583 1153
2582 1153
2582 1154
2580 1154
2580 1155
2576 1155
2576 1156
2575 1156
2575 1158
2574 1158
2574 1160
2573 1160
2573 1161
2572 1161
2572 1162
2571 1162
2571 1163
2570 1163
2570 1164
2568 1164
2568 1165
2567 1165
2567 1166
2566 1166
2566 1167
2565 1167
2565 1168
2564 1168
2564 1169
2563 1169
2563 1170
2562 1170
2562 1171
2560 1171
2560 1172
2559 1172
2559 1173
2558 1173
2558 1174
2555 1174
2555 1175
2534 1175
2534 1176
2531 1176
2531 1175
2526 1175
2526 1174
2524 1174
2524 1173
2522 1173
2522 1172
2517 1172
2517 1171
2507 1171
2507 1172
2506 1172
2506 1173
2505 1173
2505 1175
2504 1175
2504 1177
2503 1177
2503 1178
2501 1178
2501 1179
2500 1179
2500 1181
2499 1181
2499 1182
2498 1182
2498 1184
2497 1184
2497 1185
2496 1185
2496 1186
2495 1186
2495 1187
2494 1187
2494 1189
2493 1189
2493 1190
2492 1190
2492 1191
2491 1191
2491 1192
2490 1192
2490 1193
2488 1193
2488 1194
2486 1194
2486 1195
2484 1195
2484 1194
2481 1194
2481 1195
2478 1195
2478 1196
2477 1196
2477 1197
2476 1197
2476 1198
2473 1198
2473 1199
2472 1199
2472 1200
2471 1200
2471 1201
2470 1201
2470 1202
2469 1202
2469 1203
2468 1203
2468 1204
2466 1204
2466 1205
2465 1205
2465 1206
2463 1206
2463 1207
2462 1207
2462 1208
2461 1208
2461 1209
2460 1209
2460 1210
2459 1210
2459 1211
2458 1211
2458 1212
2457 1212
2457 1213
2456 1213
2456 1214
2455 1214
2455 1215
2454 1215
2454 1216
2453 1216
2453 1217
2452 1217
2452 1218
2451 1218
2451 1219
2447 1219
2447 1220
2428 1220
2428 1221
2426 1221
2426 1222
2409 1222
2409 1223
2406 1223
2406 1224
2405 1224
2405 1225
2403 1225
2403 1226
2402 1226
2402 1227
2393 1227
2393 1226
2385 1226
2385 1227
2380 1227
2380 1228
2377 1228
2377 1229
2363 1229
2363 1230
2329 1230
2329 1229
2324 1229
2324 1230
2319 1230
2319 1231
2312 1231
2312 1232
2310 1232
2310 1233
2307 1233
2307 1234
2296 1234
2296 1235
2275 1235
2275 1234
2270 1234
2270 1233
2268 1233
2268 1232
2265 1232
2265 1231
2260 1231
2260 1230
2257 1230
2257 1229
2254 1229
2254 1228
2251 1228
2251 1229
2246 1229
2246 1228
2243 1228
2243 1227
2241 1227
2241 1226
2237 1226
2237 1227
2234 1227
2234 1226
2229 1226
2229 1225
2224 1225
2224 1226
2205 1226
2205 1225
2202 1225
2202 1224
2200 1224
2200 1223
2197 1223
2197 1222
2196 1222
2196 1220
2195 1220
2195 1218
2194 1218
2194 1217
2193 1217
2193 1216
2191 1216
2191 1215
2190 1215
2190 1214
2188 1214
2188 1213
2184 1213
2184 1212
2183 1212
2183 1211
2182 1211
2182 1210
2181 1210
2181 1209
2177 1209
2177 1208
2175 1208
2175 1207
2174 1207
2174 1205
2169 1205
2169 1203
2166 1203
2166 1202
2163 1202
2163 1201
2161 1201
2161 1200
2158 1200
2158 1199
2156 1199
2156 1198
2154 1198
2154 1197
2153 1197
2153 1196
2152 1196
2152 1195
2151 1195
2151 1193
2150 1193
2150 1191
2149 1191
2149 1188
2148 1188
2148 1187
2147 1187
2147 1186
2146 1186
2146 1185
2145 1185
2145 1184
2144 1184
2144 1183
2142 1183
2142 1182
2141 1182
2141 1181
2139 1181
2139 1180
2138 1180
2138 1179
2137 1179
2137 1177
2136 1177
2136 1176
2135 1176
2135 1173
2134 1173
2134 1168
2133 1168
2133 1164
2134 1164
2134 1163
2133 1163
2133 1160
2132 1160
2132 1158
2131 1158
2131 1156
2130 1156
2130 1155
2129 1155
2129 1154
2128 1154
2128 1153
2127 1153
2127 1152
2126 1152
2126 1151
2125 1151
2125 1150
2124 1150
2124 1149
2123 1149
2123 1148
2122 1148
2122 1147
2121 1147
2121 1145
2120 1145
2120 1143
2119 1143
2119 1140
2118 1140
2118 1137
2117 1137
2117 1135
2116 1135
2116 1134
2115 1134
2115 1133
2114 1133
2114 1132
2113 1132
2113 1131
2112 1131
2112 1130
2107 1130
2107 1129
2105 1129
2105 1128
2103 1128
2103 1127
2101 1127
2101 1126
2099 1126
2099 1125
2097 1125
2097 1124
2096 1124
2096 1123
2093 1123
2093 1122
2092 1122
2092 1121
2086 1121
2086 1120
2081 1120
2081 1119
2079 1119
2079 1118
2078 1118
2078 1117
2075 1117
2075 1116
2074 1116
2074 1115
2073 1115
2073 1113
2072 1113
2072 1112
2071 1112
2071 1110
2070 1110
2070 1109
2069 1109
2069 1107
2068 1107
2068 1106
2067 1106
2067 1104
2066 1104
2066 1103
2065 1103
2065 1102
2064 1102
2064 1101
2063 1101
2063 1100
2062 1100
2062 1099
2061 1099
2061 1098
2060 1098
2060 1097
2059 1097
2059 1096
2058 1096
2058 1095
2056 1095
2056 1094
2054 1094
2054 1093
2053 1093
2053 1092
2049 1092
2049 1091
2041 1091
2041 1090
2031 1090
2031 1089
2008 1089
2008 1088
2006 1088
2006 1087
2004 1087
2004 1086
2001 1086
2001 1085
1999 1085
1999 1084
1995 1084
1995 1083
1994 1083
1994 1082
1993 1082
1993 1081
1992 1081
1992 1080
1990 1080
1990 1079
1988 1079
1988 1078
1984 1078
1984 1077
1983 1077
1983 1076
1982 1076
1982 1074
1981 1074
1981 1073
1980 1073
1980 1071
1979 1071
1979 1069
1978 1069
1978 1066
1977 1066
1977 1065
1976 1065
1976 1063
1975 1063
1975 1062
1973 1062
1973 1061
1972 1061
1972 1060
1971 1060
1971 1059
1970 1059
1970 1058
1969 1058
1969 1057
1967 1057
1967 1056
1966 1056
1966 1054
1965 1054
1965 1053
1964 1053
1964 1052
1963 1052
1963 1051
1962 1051
1962 1050
1961 1050
1961 1048
1960 1048
1960 1047
1959 1047
1959 1046
1957 1046
1957 1045
1955 1045
1955 1044
1952 1044
1952 1043
1950 1043
1950 1042
1948 1042
1948 1041
1947 1041
1947 1040
1945 1040
1945 1039
1944 1039
1944 1038
1942 1038
1942 1037
1941 1037
1941 1036
1940 1036
1940 1035
1939 1035
1939 1034
1938 1034
1938 1033
1936 1033
1936 1032
1933 1032
1933 1031
1932 1031
1932 1030
1931 1030
1931 1029
1930 1029
1930 1027
1929 1027
1929 1026
1928 1026
1928 1025
1927 1025
1927 1024
1926 1024
1926 1023
1925 1023
1925 1022
1924 1022
1924 1021
1923 1021
1923 1020
1922 1020
1922 1019
1921 1019
1921 1018
1919 1018
1919 1017
1917 1017
1917 1016
1915 1016
1915 1015
1912 1015
1912 1014
1908 1014
1908 1013
1905 1013
1905 1012
1903 1012
1903 1011
1901 1011
1901 1010
1899 1010
1899 1009
1897 1009
1897 1008
1896 1008
1896 1006
1895 1006
1895 1005
1894 1005
1894 1003
1893 1003
1893 1002
1892 1002
1892 1000
1891 1000
1891 997
1890 997
1890 995
1889 995
1889 994
1888 994
1888 992
1887 992
1887 990
1886 990
1886 989
1885 989
1885 988
1884 988
1884 987
1883 987
1883 986
1882 986
1882 985
1880 985
1880 984
1877 984
1877 983
1876 983
1876 982
1875 982
1875 981
1874 981
1874 979
1873 979
1873 978
1872 978
1872 977
1871 977
1871 975
1870 975
1870 973
1869 973
1869 972
1868 972
1868 970
1867 970
1867 969
1866 969
1866 967
1865 967
1865 965
1864 965
1864 964
1863 964
1863 963
1862 963
1862 962
1861 962
1861 961
1860 961
1860 960
1859 960
1859 959
1858 959
1858 958
1857 958
1857 956
1856 956
1856 951
1855 951
1855 948
1854 948
1854 943
1853 943
1853 942
1852 942
1852 940
1851 940
1851 938
1850 938
1850 937
1849 937
1849 935
1848 935
1848 934
1847 934
1847 933
1845 933
1845 932
1844 932
1844 931
1842 931
1842 930
1840 930
1840 929
1839 929
1839 928
1838 928
1838 927
1835 927
1835 926
1834 926
1834 925
1833 925
1833 924
1832 924
1832 923
1830 923
1830 922
1829 922
1829 921
1828 921
1828 920
1827 920
1827 919
1826 919
1826 915
1825 915
1825 911
1824 911
1824 909
1823 909
1823 908
1822 908
1822 906
1821 906
1821 905
1820 905
1820 904
1816 904
1816 903
1812 903
1812 902
1805 902
1805 901
1803 901
1803 900
1800 900
1800 899
1799 899
1799 898
1798 898
1798 897
1797 897
1797 896
1796 896
1796 895
1794 895
1794 894
1791 894
1791 893
1790 893
1790 892
1789 892
1789 891
1788 891
1788 888
1787 888
1787 884
1786 884
1786 881
1785 881
1785 875
1784 875
1784 874
1783 874
1783 871
1782 871
1782 869
1781 869
1781 868
1780 868
1780 867
1779 867
1779 866
1778 866
1778 865
1776 865
1776 864
1775 864
1775 863
1774 863
1774 862
1773 862
1773 861
1772 861
1772 858
1771 858
1771 855
1770 855
1770 846
1769 846
1769 841
1768 841
1768 840
1767 840
1767 836
1766 836
1766 834
1765 834
1765 833
1764 833
1764 832
1763 832
1763 831
1762 831
1762 830
1761 830
1761 829
1759 829
1759 828
1758 828
1758 825
1756 825
1756 824
1755 824
1755 823
1754 823
1754 822
1753 822
1753 821
1752 821
1752 820
1751 820
1751 819
1750 819
1750 818
1749 818
1749 817
1748 817
1748 816
1747 816
1747 815
1746 815
1746 814
1745 814
1745 813
1744 813
1744 812
1743 812
1743 811
1741 811
1741 810
1739 810
1739 809
1733 809
1733 808
1730 808
1730 807
1729 807
1729 806
1728 806
1728 805
1727 805
1727 803
1726 803
1726 805
1727 805
1727 806
1728 806
1728 807
1729 807
1729 808
1730 808
1730 809
1733 809
1733 810
1739 810
1739 811
1741 811
1741 812
1743 812
1743 813
1744 813
1744 814
1745 814
1745 815
1746 815
1746 816
1747 816
1747 817
1748 817
1748 818
1749 818
1749 819
1750 819
1750 820
1751 820
1751 821
1752 821
1752 822
1753 822
1753 823
1754 823
1754 824
1755 824
1755 825
1756 825
1756 826
1757 826
1757 828
1758 828
1758 829
1759 829
1759 830
1761 830
1761 831
1762 831
1762 832
1763 832
1763 833
1764 833
1764 834
1765 834
1765 836
1766 836
1766 840
1767 840
1767 841
1768 841
1768 846
1769 846
1769 855
1770 855
1770 858
1771 858
1771 861
1772 861
1772 862
1773 862
1773 863
1774 863
1774 864
1775 864
1775 865
1776 865
1776 866
1778 866
1778 867
1779 867
1779 868
1780 868
1780 869
1781 869
1781 871
1782 871
1782 874
1783 874
1783 875
1784 875
1784 881
1785 881
1785 884
1786 884
1786 888
1787 888
1787 891
1788 891
1788 892
1789 892
1789 893
1790 893
1790 894
1791 894
1791 895
1794 895
1794 896
1796 896
1796 897
1797 897
1797 898
1798 898
1798 899
1799 899
1799 900
1800 900
1800 901
1803 901
1803 902
1805 902
1805 903
1812 903
1812 904
1816 904
1816 905
1820 905
1820 906
1821 906
1821 908
1822 908
1822 909
1823 909
1823 911
1824 911
1824 915
1825 915
1825 919
1826 919
1826 920
1827 920
1827 921
1828 921
1828 922
1829 922
1829 923
1830 923
1830 924
1832 924
1832 925
1833 925
1833 926
1834 926
1834 927
1835 927
1835 928
1838 928
1838 929
1839 929
1839 930
1840 930
1840 931
1842 931
1842 932
1844 932
1844 933
1845 933
1845 934
1847 934
1847 935
1848 935
1848 937
1849 937
1849 938
1850 938
1850 940
1851 940
1851 942
1852 942
1852 943
1853 943
1853 948
1854 948
1854 951
1855 951
1855 956
1856 956
1856 958
1857 958
1857 959
1858 959
1858 960
1859 960
1859 961
1860 961
1860 962
1861 962
1861 963
1862 963
1862 964
1863 964
1863 965
1864 965
1864 967
1865 967
1865 969
1866 969
1866 970
1867 970
1867 972
1868 972
1868 973
1869 973
1869 975
1870 975
1870 977
1871 977
1871 978
1872 978
1872 979
1873 979
1873 981
1874 981
1874 982
1875 982
1875 983
1876 983
1876 984
1877 984
1877 985
1880 985
1880 986
1882 986
1882 987
1883 987
1883 988
1884 988
1884 989
1885 989
1885 990
1886 990
1886 992
1887 992
1887 994
1888 994
1888 995
1889 995
1889 997
1890 997
1890 1000
1891 1000
1891 1002
1892 1002
1892 1003
1893 1003
1893 1005
1894 1005
1894 1006
1895 1006
1895 1008
1896 1008
1896 1009
1897 1009
1897 1010
1899 1010
1899 1011
1901 1011
1901 1012
1903 1012
1903 1013
1905 1013
1905 1014
1908 1014
1908 1015
1912 1015
1912 1016
1915 1016
1915 1017
1917 1017
1917 1018
1919 1018
1919 1019
1921 1019
1921 1020
1922 1020
1922 1021
1923 1021
1923 1022
1924 1022
1924 1023
1925 1023
1925 1024
1926 1024
1926 1025
1927 1025
1927 1026
1928 1026
1928 1027
1929 1027
1929 1029
1930 1029
1930 1030
1931 1030
1931 1031
1932 1031
1932 1032
1933 1032
1933 1033
1936 1033
1936 1034
1938 1034
1938 1035
1939 1035
1939 1036
1940 1036
1940 1037
1941 1037
1941 1038
1942 1038
1942 1039
1944 1039
1944 1040
1945 1040
1945 1041
1947 1041
1947 1042
1948 1042
1948 1043
1950 1043
1950 1044
1952 1044
1952 1045
1955 1045
1955 1046
1957 1046
1957 1047
1959 1047
1959 1048
1960 1048
1960 1050
1961 1050
1961 1051
1962 1051
1962 1052
1963 1052
1963 1053
1964 1053
1964 1054
1965 1054
1965 1056
1966 1056
1966 1057
1967 1057
1967 1058
1969 1058
1969 1059
1970 1059
1970 1060
1971 1060
1971 1061
1972 1061
1972 1062
1973 1062
1973 1063
1975 1063
1975 1065
1976 1065
1976 1066
1977 1066
1977 1069
1978 1069
1978 1071
1979 1071
1979 1073
1980 1073
1980 1074
1981 1074
1981 1076
1982 1076
1982 1077
1983 1077
1983 1078
1984 1078
1984 1079
1988 1079
1988 1080
1990 1080
1990 1081
1992 1081
1992 1082
1993 1082
1993 1083
1994 1083
1994 1084
1995 1084
1995 1085
1999 1085
1999 1086
2001 1086
2001 1087
2004 1087
2004 1088
2006 1088
2006 1089
2008 1089
2008 1090
2031 1090
2031 1091
2041 1091
2041 1092
2049 1092
2049 1093
2053 1093
2053 1094
2054 1094
2054 1095
2056 1095
2056 1096
2058 1096
2058 1097
2059 1097
2059 1098
2060 1098
2060 1099
2061 1099
2061 1100
2062 1100
2062 1101
2063 1101
2063 1102
2064 1102
2064 1103
2065 1103
2065 1104
2066 1104
2066 1106
2067 1106
2067 1107
2068 1107
2068 1109
2069 1109
2069 1110
2070 1110
2070 1112
2071 1112
2071 1113
2072 1113
2072 1115
2073 1115
2073 1116
2074 1116
2074 1117
2075 1117
2075 1118
2078 1118
2078 1119
2079 1119
2079 1120
2081 1120
2081 1121
2086 1121
2086 1122
2092 1122
2092 1123
2093 1123
2093 1124
2096 1124
2096 1125
2097 1125
2097 1126
2099 1126
2099 1127
2101 1127
2101 1128
2103 1128
2103 1129
2105 1129
2105 1130
2107 1130
2107 1131
2112 1131
2112 1132
2113 1132
2113 1133
2114 1133
2114 1134
2115 1134
2115 1135
2116 1135
2116 1137
2117 1137
2117 1140
2118 1140
2118 1143
2119 1143
2119 1145
2120 1145
2120 1147
2121 1147
2121 1148
2122 1148
2122 1149
2123 1149
2123 1150
2124 1150
2124 1151
2125 1151
2125 1152
2126 1152
2126 1153
2127 1153
2127 1154
2128 1154
2128 1155
2129 1155
2129 1156
2130 1156
2130 1158
2131 1158
2131 1160
2132 1160
2132 1163
2133 1163
2133 1164
2132 1164
2132 1168
2133 1168
2133 1173
2134 1173
2134 1176
2135 1176
2135 1177
2136 1177
2136 1179
2137 1179
2137 1180
2138 1180
2138 1181
2139 1181
2139 1182
2141 1182
2141 1183
2142 1183
2142 1184
2144 1184
2144 1185
2145 1185
2145 1186
2146 1186
2146 1187
2147 1187
2147 1188
2148 1188
2148 1191
2149 1191
2149 1193
2150 1193
2150 1195
2151 1195
2151 1196
2152 1196
2152 1197
2153 1197
2153 1198
2154 1198
2154 1199
2156 1199
2156 1200
2158 1200
2158 1201
2161 1201
2161 1202
2163 1202
2163 1203
2166 1203
2166 1204
2168 1204
2168 1205
2169 1205
2169 1206
2173 1206
2173 1207
2174 1207
2174 1208
2175 1208
2175 1209
2177 1209
2177 1210
2181 1210
2181 1211
2182 1211
2182 1212
2183 1212
2183 1213
2184 1213
2184 1214
2188 1214
2188 1215
2190 1215
2190 1216
2191 1216
2191 1217
2193 1217
2193 1218
2194 1218
2194 1220
2195 1220
2195 1222
2196 1222
2196 1223
2197 1223
2197 1224
2200 1224
2200 1225
2202 1225
2202 1226
2205 1226
2205 1227
2224 1227
2224 1226
2229 1226
2229 1227
2234 1227
2234 1228
2237 1228
2237 1227
2241 1227
2241 1228
2243 1228
2243 1229
2246 1229
2246 1230
2251 1230
2251 1229
2254 1229
2254 1230
2257 1230
2257 1231
2260 1231
2260 1232
2265 1232
2265 1233
2268 1233
2268 1234
2270 1234
2270 1235
2275 1235
2275 1236
2296 1236
2296 1235
2307 1235
2307 1234
2310 1234
2310 1233
2312 1233
2312 1232
2319 1232
2319 1231
2324 1231
2324 1230
2329 1230
2329 1231
2363 1231
2363 1230
2377 1230
2377 1229
2380 1229
2380 1228
2385 1228
2385 1227
2393 1227
2393 1228
2402 1228
2402 1227
2403 1227
2403 1226
2405 1226
2405 1225
2406 1225
2406 1224
2409 1224
2409 1223
2426 1223
2426 1222
2428 1222
2428 1221
2447 1221
2447 1220
2451 1220
2451 1219
2452 1219
2452 1218
2453 1218
2453 1217
2454 1217
2454 1216
2455 1216
2455 1215
2456 1215
2456 1214
2457 1214
2457 1213
2458 1213
2458 1212
2459 1212
2459 1211
2460 1211
2460 1210
2461 1210
2461 1209
2462 1209
2462 1208
2463 1208
2463 1207
2465 1207
2465 1206
2466 1206
2466 1205
2468 1205
2468 1204
2469 1204
2469 1203
2470 1203
2470 1202
2471 1202
2471 1201
2472 1201
2472 1200
2473 1200
2473 1199
2476 1199
2476 1198
2477 1198
2477 1197
2478 1197
2478 1196
2481 1196
2481 1195
2484 1195
2484 1196
2486 1196
2486 1195
2488 1195
2488 1194
2490 1194
2490 1193
2491 1193
2491 1192
2492 1192
2492 1191
2493 1191
2493 1190
2494 1190
2494 1189
2495 1189
2495 1187
2496 1187
2496 1186
2497 1186
2497 1185
2498 1185
2498 1184
2499 1184
2499 1182
2500 1182
2500 1181
2501 1181
2501 1179
2503 1179
2503 1178
2504 1178
2504 1177
2505 1177
2505 1175
2506 1175
2506 1173
2507 1173
2507 1172
2517 1172
2517 1173
2522 1173
2522 1174
2524 1174
2524 1175
2526 1175
2526 1176
2531 1176
2531 1177
2534 1177
2534 1176
2555 1176
2555 1175
2558 1175
2558 1174
2559 1174
2559 1173
2560 1173
2560 1172
2562 1172
2562 1171
2563 1171
2563 1170
2564 1170
2564 1169
2565 1169
2565 1168
2566 1168
2566 1167
2567 1167
2567 1166
2568 1166
2568 1165
2570 1165
2570 1164
2571 1164
2571 1163
2572 1163
2572 1162
2573 1162
2573 1161
2574 1161
2574 1160
2575 1160
2575 1158
2576 1158
2576 1156
2580 1156
2580 1155
2582 1155
2582 1154
2584 1154
2584 1152
2586 1152
2586 1151
2592 1151
2592 1150
2594 1150
2594 1149
2597 1149
2597 1148
2599 1148
2599 1147
2600 1147
2600 1148
2609 1148
2609 1149
2620 1149
2620 1150
2622 1150
2622 1151
2626 1151
2626 1152
2628 1152
2628 1153
2632 1153
2632 1152
2636 1152
2636 1151
2638 1151
2638 1150
2640 1150
2640 1149
2641 1149
2641 1148
2644 1148
2644 1149
2652 1149
2652 1148
2663 1148
2663 1147
2667 1147
2667 1146
2673 1146
2673 1145
2676 1145
2676 1144
2678 1144
2678 1143
2680 1143
2680 1142
2682 1142
2682 1141
2684 1141
2684 1140
2688 1140
2688 1139
2700 1139
2700 1138
2703 1138
2703 1137
2705 1137
2705 1136
2707 1136
2707 1135
2709 1135
2709 1134
2713 1134
2713 1133
2720 1133
2720 1132
2726 1132
2726 1131
2728 1131
2728 1130
2730 1130
2730 1129
2732 1129
2732 1128
2738 1128
2738 1127
2741 1127
2741 1126
2743 1126
2743 1125
2746 1125
2746 1124
2747 1124
2747 1123
2748 1123
2748 1122
2749 1122
2749 1121
2750 1121
2750 1119
2751 1119
2751 1118
2752 1118
2752 1116
2753 1116
2753 1115
2757 1115
2757 1114
2760 1114
2760 1113
2762 1113
2762 1112
2763 1112
2763 1110
2764 1110
2764 1108
2765 1108
2765 1107
2766 1107
2766 1106
2770 1106
2770 1105
2771 1105
2771 1104
2772 1104
2772 1103
2773 1103
2773 1102
2774 1102
2774 1101
2775 1101
2775 1100
2780 1100
2780 1099
2782 1099
2782 1098
2783 1098
2783 1097
2784 1097
2784 1096
2785 1096
2785 1095
2786 1095
2786 1093
2787 1093
2787 1092
2789 1092
2789 1091
2792 1091
2792 1090
2794 1090
2794 1089
2796 1089
2796 1088
2802 1088
2802 1087
2805 1087
2805 1086
2806 1086
2806 1085
2807 1085
2807 1084
2808 1084
2808 1083
2809 1083
2809 1082
2810 1082
2810 1081
2812 1081
2812 1080
2817 1080
2817 1079
2818 1079
2818 1077
2819 1077
2819 1076
2820 1076
2820 1073
2821 1073
2821 1068
2820 1068
2820 1062
2819 1062
2819 1058
2820 1058
2820 1057
2827 1057
2827 1056
2828 1056
2828 1055
2829 1055
2829 1054
2831 1054
2831 1053
2837 1053
2837 1052
2839 1052
2839 1051
2840 1051
2840 1050
2841 1050
2841 1046
2842 1046
2842 1011
2841 1011
2841 1004
2842 1004
2842 990
2841 990
2841 979
2842 979
2842 978
2846 978
2846 977
2851 977
2851 976
2852 976
2852 975
2861 975
2861 974
2868 974
2868 975
2876 975
2876 974
2897 974
2897 973
2898 973
2898 972
2899 972
2899 971
2900 971
2900 970
2901 970
2901 969
2903 969
2903 968
2904 968
2904 967
2910 967
2910 966
2911 966
2911 963
2913 963
2913 962
2931 962
2931 961
2935 961
2935 960
2936 960
2936 959
2937 959
2937 958
2938 958
2938 957
2940 957
2940 956
2944 956
2944 955
2945 955
2945 954
2946 954
2946 953
2947 953
2947 952
2948 952
2948 949
2949 949
2949 948
2950 948
2950 946
2951 946
2951 945
2954 945
2954 944
2956 944
2956 943
2957 943
2957 942
2958 942
2958 941
2959 941
2959 940
2960 940
2960 939
2961 939
2961 938
2965 938
2965 937
2968 937
2968 936
2969 936
2969 935
2970 935
2970 934
2971 934
2971 932
2972 932
2972 930
2973 930
2973 929
2974 929
2974 927
2975 927
2975 926
2976 926
2976 924
2977 924
2977 923
2978 923
2978 922
2979 922
2979 921
2980 921
2980 920
2981 920
2981 919
2983 919
2983 918
2986 918
2986 917
2988 917
2988 916
2991 916
2991 915
2992 915
2992 914
2993 914
2993 913
2994 913
2994 912
2995 912
2995 911
2996 911
2996 910
2997 910
2997 909
2998 909
2998 908
2999 908
2999 907
3000 907
3000 906
3001 906
3001 905
3002 905
3002 904
3003 904
3003 903
3004 903
3004 901
3005 901
3005 899
3006 899
3006 897
3005 897
3005 859
3004 859
3004 852
3005 852
3005 847
3004 847
3004 832
3005 832
3005 819
3004 819
3004 798
3003 798
3003 784
3004 784
3004 781
3003 781
3003 771
3010 771
3010 770
3011 770
3011 769
3012 769
3012 768
3014 768
3014 767
3015 767
3015 768
3020 768
3020 767
3022 767
3022 766
3023 766
3023 765
3024 765
3024 764
3025 764
3025 763
3026 763
3026 762
3027 762
3027 759
3029 759
3029 758
3030 758
3030 757
3031 757
3031 755
3032 755
3032 748
3034 748
3034 747
3035 747
3035 746
3037 746
3037 745
3038 745
3038 742
3039 742
3039 741
3040 741
3040 739
3041 739
3041 738
3042 738
3042 737
3043 737
3043 736
3045 736
3045 735
3046 735
3046 734
3047 734
3047 733
3048 733
3048 732
3049 732
3049 731
3050 731
3050 730
3057 730
3057 729
3058 729
3058 728
3059 728
3059 727
3060 727
3060 725
3061 725
3061 724
3062 724
3062 723
3063 723
3063 722
3064 722
3064 721
3065 721
3065 720
3066 720
3066 718
3067 718
3067 717
3066 717
3066 711
3068 711
3068 710
3071 710
3071 709
3072 709
3072 708
3073 708
3073 701
3072 701
3072 685
3073 685
3073 683
3074 683
3074 682
3081 682
3081 681
3082 681
3082 680
3083 680
3083 678
3084 678
3084 677
3090 677
3090 674
3091 674
3091 673
3092 673
3092 672
3093 672
3093 671
3094 671
3094 670
3099 670
3099 669
3103 669
3103 668
3107 668
3107 669
3108 669
3108 668
3119 668
3119 669
3127 669
3127 668
3128 668
3128 667
3127 667
3127 668
3119 668
3119 667
3108 667
3108 668
3107 668
3107 667
3103 667
3103 668
3099 668
3099 669
3094 669
3094 670
3093 670
3093 671
3092 671
3092 672
3091 672
3091 673
3090 673
3090 674
3089 674
3089 676
3084 676
3084 677
3083 677
3083 678
3082 678
3082 680
3081 680
3081 681
3074 681
3074 682
3073 682
3073 683
3072 683
3072 685
3071 685
3071 701
3072 701
3072 708
3071 708
3071 709
3068 709
3068 710
3066 710
3066 711
3065 711
3065 717
3066 717
3066 718
3065 718
3065 720
3064 720
3064 721
3063 721
3063 722
3062 722
3062 723
3061 723
3061 724
3060 724
3060 725
3059 725
3059 727
3058 727
3058 728
3057 728
3057 729
3050 729
3050 730
3049 730
3049 731
3048 731
3048 732
3047 732
3047 733
3046 733
3046 734
3045 734
3045 735
3043 735
3043 736
3042 736
3042 737
3041 737
3041 738
3040 738
3040 739
3039 739
3039 741
3038 741
3038 742
3037 742
3037 745
3035 745
3035 746
3034 746
3034 747
3032 747
3032 748
3031 748
3031 755
3030 755
3030 757
3029 757
3029 758
3027 758
3027 759
3026 759
3026 762
3025 762
3025 763
3024 763
3024 764
3023 764
3023 765
3022 765
3022 766
3020 766
3020 767
3015 767
3015 766
3014 766
3014 767
3012 767
3012 768
3011 768
3011 769
3010 769
3010 770
3003 770
3003 771
3002 771
3002 781
3003 781
3003 784
3002 784
3002 798
3003 798
3003 819
3004 819
3004 832
3003 832
3003 847
3004 847
3004 852
3003 852
3003 859
3004 859
3004 897
3005 897
3005 899
3004 899
3004 901
3003 901
3003 903
3002 903
3002 904
3001 904
3001 905
3000 905
3000 906
2999 906
2999 907
2998 907
2998 908
2997 908
2997 909
2996 909
2996 910
2995 910
2995 911
2994 911
2994 912
2993 912
2993 913
2992 913
2992 914
2991 914
2991 915
2988 915
2988 916
2987 916
2987 914
2986 914
2986 917
2983 917
2983 918
2981 918
2981 919
2980 919
2980 920
2979 920
2979 921
2978 921
2978 922
2977 922
2977 923
2976 923
2976 924
2975 924
2975 926
2974 926
2974 927
2973 927
2973 929
2972 929
2972 930
2971 930
2971 932
2970 932
2970 934
2969 934
2969 935
2968 935
2968 936
2965 936
2965 937
2961 937
2961 938
2960 938
2960 939
2959 939
2959 940
2958 940
2958 941
2957 941
2957 942
2956 942
2956 943
2954 943
2954 944
2951 944
2951 945
2950 945
2950 946
2949 946
2949 948
2948 948
2948 949
2947 949
2947 952
2946 952
2946 953
2945 953
2945 954
2944 954
2944 955
2940 955
2940 956
2938 956
2938 957
2937 957
2937 958
2936 958
2936 959
2935 959
2935 960
2931 960
2931 961
2913 961
2913 962
2911 962
2911 963
2910 963
2910 966
2904 966
2904 967
2903 967
2903 968
2901 968
2901 969
2900 969
2900 970
2899 970
2899 971
2898 971
2898 972
2897 972
2897 973
2876 973
2876 974
2868 974
2868 973
2861 973
2861 974
2852 974
2852 975
2851 975
2851 976
2846 976
2846 977
2842 977
2842 978
2841 978
2841 979
2840 979
2840 990
2841 990
2841 1004
2840 1004
2840 1011
2841 1011
2841 1046
2840 1046
2840 1050
2839 1050
2839 1051
2837 1051
2837 1052
2831 1052
2831 1053
2829 1053
2829 1054
2828 1054
2828 1055
2827 1055
2827 1056
2820 1056
2820 1057
2819 1057
2819 1058
2818 1058
2818 1062
2819 1062
2819 1068
2820 1068
2820 1073
2819 1073
2819 1076
2818 1076
2818 1077
2817 1077
2817 1079
2812 1079
2812 1080
2810 1080
2810 1081
2809 1081
2809 1082
2808 1082
2808 1083
2807 1083
2807 1084
2806 1084
2806 1085
2805 1085
2805 1086
2802 1086
2802 1087
2796 1087
2796 1088
2794 1088
2794 1089
2792 1089
2792 1090
2789 1090
2789 1091
2787 1091
2787 1092
2786 1092
2786 1093
2785 1093
2785 1095
2784 1095
2784 1096
2783 1096
2783 1097
2782 1097
2782 1098
2780 1098
2780 1099
2775 1099
2775 1100
2774 1100
2774 1101
2773 1101
2773 1102
2772 1102
2772 1103
2771 1103
2771 1104
2770 1104
2770 1105
2766 1105
2766 1106
2765 1106
2765 1107
2764 1107
2764 1108
2763 1108
2763 1110
2762 1110
2762 1112
2760 1112
2760 1113
2757 1113
2757 1114
2753 1114
2753 1115
2752 1115
2752 1116
2751 1116
2751 1118
2750 1118
2750 1119
2749 1119
2749 1121
2748 1121
2748 1122
2747 1122
2747 1123
2746 1123
2746 1124
2743 1124
2743 1125
2741 1125
2741 1126
2738 1126
2738 1127
2732 1127
2732 1128
2730 1128
2730 1129
2728 1129
2728 1130
2726 1130
