2592 985
2591 985
2591 990
2592 990
2592 997
2593 997
2593 1003
2594 1003
2594 1007
2593 1007
2593 1009
2592 1009
2592 1010
2591 1010
2591 1011
2589 1011
2589 1012
2588 1012
2588 1013
2587 1013
2587 1014
2579 1014
2579 1015
2578 1015
2578 1016
2576 1016
2576 1017
2575 1017
2575 1018
2558 1018
2558 1019
2557 1019
2557 1021
2553 1021
2553 1020
2547 1020
2547 1019
2541 1019
2541 1020
2539 1020
2539 1021
2537 1021
2537 1022
2536 1022
2536 1021
2525 1021
2525 1022
2517 1022
2517 1023
2513 1023
2513 1024
2506 1024
2506 1023
2504 1023
2504 1024
2501 1024
2501 1025
2500 1025
2500 1027
2499 1027
2499 1029
2498 1029
2498 1030
2497 1030
2497 1031
2496 1031
2496 1032
2495 1032
2495 1033
2494 1033
2494 1034
2493 1034
2493 1035
2492 1035
2492 1036
2490 1036
2490 1037
2481 1037
2481 1036
2480 1036
2480 1035
2479 1035
2479 1034
2478 1034
2478 1033
2477 1033
2477 1031
2476 1031
2476 1028
2475 1028
2475 1024
2474 1024
2474 1021
2473 1021
2473 1019
2472 1019
2472 1016
2471 1016
2471 1014
2470 1014
2470 1013
2465 1013
2465 1015
2464 1015
2464 1016
2461 1016
2461 1017
2460 1017
2460 1018
2459 1018
2459 1019
2458 1019
2458 1020
2450 1020
2450 1021
2449 1021
2449 1023
2448 1023
2448 1026
2447 1026
2447 1029
2448 1029
2448 1035
2446 1035
2446 1036
2444 1036
2444 1037
2443 1037
2443 1038
2441 1038
2441 1040
2440 1040
2440 1041
2439 1041
2439 1044
2438 1044
2438 1045
2437 1045
2437 1046
2436 1046
2436 1049
2435 1049
2435 1052
2434 1052
2434 1053
2433 1053
2433 1054
2432 1054
2432 1055
2431 1055
2431 1056
2430 1056
2430 1058
2429 1058
2429 1059
2428 1059
2428 1060
2427 1060
2427 1061
2426 1061
2426 1062
2425 1062
2425 1063
2424 1063
2424 1064
2423 1064
2423 1065
2422 1065
2422 1066
2421 1066
2421 1067
2420 1067
2420 1068
2418 1068
2418 1069
2405 1069
2405 1070
2403 1070
2403 1071
2402 1071
2402 1072
2391 1072
2391 1071
2387 1071
2387 1070
2382 1070
2382 1069
2379 1069
2379 1068
2377 1068
2377 1067
2375 1067
2375 1066
2373 1066
2373 1065
2371 1065
2371 1064
2370 1064
2370 1063
2369 1063
2369 1062
2368 1062
2368 1061
2367 1061
2367 1059
2366 1059
2366 1058
2365 1058
2365 1057
2364 1057
2364 1055
2363 1055
2363 1054
2362 1054
2362 1053
2361 1053
2361 1052
2360 1052
2360 1050
2359 1050
2359 1049
2352 1049
2352 1048
2346 1048
2346 1049
2345 1049
2345 1050
2342 1050
2342 1051
2338 1051
2338 1049
2326 1049
2326 1054
2324 1054
2324 1057
2323 1057
2323 1060
2322 1060
2322 1064
2321 1064
2321 1067
2320 1067
2320 1069
2319 1069
2319 1073
2318 1073
2318 1076
2317 1076
2317 1078
2316 1078
2316 1082
2315 1082
2315 1085
2314 1085
2314 1086
2313 1086
2313 1088
2312 1088
2312 1090
2311 1090
2311 1091
2310 1091
2310 1094
2309 1094
2309 1095
2308 1095
2308 1096
2307 1096
2307 1100
2306 1100
2306 1101
2305 1101
2305 1104
2304 1104
2304 1108
2303 1108
2303 1111
2302 1111
2302 1114
2301 1114
2301 1117
2300 1117
2300 1121
2299 1121
2299 1123
2298 1123
2298 1124
2297 1124
2297 1125
2296 1125
2296 1126
2295 1126
2295 1127
2292 1127
2292 1128
2291 1128
2291 1130
2290 1130
2290 1131
2289 1131
2289 1132
2280 1132
2280 1131
2275 1131
2275 1130
2273 1130
2273 1129
2272 1129
2272 1128
2271 1128
2271 1127
2270 1127
2270 1126
2269 1126
2269 1125
2268 1125
2268 1124
2266 1124
2266 1123
2260 1123
2260 1122
2259 1122
2259 1121
2253 1121
2253 1120
2248 1120
2248 1119
2230 1119
2230 1120
2226 1120
2226 1119
2214 1119
2214 1121
2215 1121
2215 1127
2216 1127
2216 1137
2215 1137
2215 1139
2214 1139
2214 1140
2213 1140
2213 1142
2212 1142
2212 1144
2211 1144
2211 1147
2210 1147
2210 1148
2209 1148
2209 1150
2208 1150
2208 1152
2207 1152
2207 1153
2206 1153
2206 1154
2205 1154
2205 1156
2204 1156
2204 1157
2200 1157
2200 1158
2199 1158
2199 1157
2194 1157
2194 1156
2190 1156
2190 1155
2181 1155
2181 1154
2176 1154
2176 1153
2172 1153
2172 1154
2170 1154
2170 1155
2169 1155
2169 1156
2167 1156
2167 1157
2163 1157
2163 1158
2160 1158
2160 1159
2158 1159
2158 1160
2152 1160
2152 1159
2151 1159
2151 1158
2149 1158
2149 1157
2148 1157
2148 1156
2147 1156
2147 1155
2146 1155
2146 1154
2145 1154
2145 1153
2144 1153
2144 1152
2143 1152
2143 1151
2139 1151
2139 1152
2127 1152
2127 1151
2123 1151
2123 1150
2118 1150
2118 1149
2117 1149
2117 1148
2114 1148
2114 1147
2113 1147
2113 1146
2112 1146
2112 1145
2110 1145
2110 1144
2109 1144
2109 1143
2108 1143
2108 1142
2107 1142
2107 1141
2105 1141
2105 1140
2103 1140
2103 1139
2102 1139
2102 1138
2101 1138
2101 1137
2100 1137
2100 1136
2099 1136
2099 1135
2097 1135
2097 1134
2096 1134
2096 1133
2095 1133
2095 1131
2094 1131
2094 1130
2089 1130
2089 1129
2072 1129
2072 1130
2060 1130
2060 1131
2059 1131
2059 1133
2058 1133
2058 1136
2057 1136
2057 1137
2056 1137
2056 1139
2055 1139
2055 1141
2054 1141
2054 1146
2053 1146
2053 1154
2052 1154
2052 1156
2051 1156
2051 1157
2049 1157
2049 1158
2047 1158
2047 1160
2046 1160
2046 1161
2045 1161
2045 1162
2032 1162
2032 1161
2031 1161
2031 1160
2029 1160
2029 1159
2028 1159
2028 1158
2027 1158
2027 1157
2026 1157
2026 1156
2025 1156
2025 1155
2024 1155
2024 1154
2023 1154
2023 1153
2022 1153
2022 1152
2021 1152
2021 1150
2020 1150
2020 1147
2019 1147
2019 1138
2018 1138
2018 1116
2017 1116
2017 1113
2016 1113
2016 1106
2015 1106
2015 1095
2014 1095
2014 1093
2009 1093
2009 1094
2007 1094
2007 1095
2005 1095
2005 1096
2004 1096
2004 1097
2003 1097
2003 1099
2002 1099
2002 1100
2001 1100
2001 1101
1999 1101
1999 1102
1998 1102
1998 1111
1997 1111
1997 1112
1996 1112
1996 1113
1995 1113
1995 1114
1994 1114
1994 1115
1992 1115
1992 1116
1989 1116
1989 1117
1980 1117
1980 1118
1978 1118
1978 1119
1977 1119
1977 1122
1976 1122
1976 1124
1975 1124
1975 1125
1974 1125
1974 1128
1973 1128
1973 1129
1972 1129
1972 1130
1971 1130
1971 1133
1970 1133
1970 1141
1971 1141
1971 1145
1972 1145
1972 1151
1973 1151
1973 1159
1972 1159
1972 1163
1971 1163
1971 1164
1969 1164
1969 1165
1967 1165
1967 1167
1965 1167
1965 1168
1963 1168
1963 1169
1960 1169
1960 1170
1959 1170
1959 1171
1951 1171
1951 1172
1949 1172
1949 1173
1948 1173
1948 1174
1941 1174
1941 1175
1933 1175
1933 1174
1913 1174
1913 1175
1912 1175
1912 1174
1909 1174
1909 1173
1893 1173
1893 1172
1888 1172
1888 1171
1887 1171
1887 1172
1884 1172
1884 1170
1881 1170
1881 1169
1880 1169
1880 1168
1879 1168
1879 1167
1878 1167
1878 1166
1877 1166
1877 1163
1876 1163
1876 1158
1875 1158
1875 1155
1874 1155
1874 1143
1873 1143
1873 1141
1872 1141
1872 1139
1871 1139
1871 1138
1869 1138
1869 1137
1866 1137
1866 1136
1865 1136
1865 1135
1864 1135
1864 1134
1863 1134
1863 1132
1862 1132
1862 1131
1861 1131
1861 1129
1860 1129
1860 1126
1859 1126
1859 1123
1858 1123
1858 1110
1857 1110
1857 1106
1856 1106
1856 1097
1855 1097
1855 1089
1854 1089
1854 1082
1853 1082
1853 1075
1852 1075
1852 1071
1845 1071
1845 1072
1843 1072
1843 1073
1840 1073
1840 1074
1835 1074
1835 1075
1833 1075
1833 1076
1831 1076
1831 1077
1829 1077
1829 1076
1825 1076
1825 1077
1808 1077
1808 1078
1807 1078
1807 1083
1806 1083
1806 1093
1805 1093
1805 1095
1804 1095
1804 1097
1803 1097
1803 1098
1802 1098
1802 1099
1801 1099
1801 1100
1800 1100
1800 1101
1799 1101
1799 1102
1796 1102
1796 1103
1795 1103
1795 1104
1793 1104
1793 1105
1788 1105
1788 1106
1786 1106
1786 1107
1785 1107
1785 1109
1784 1109
1784 1122
1783 1122
1783 1125
1782 1125
1782 1126
1770 1126
1770 1127
1769 1127
1769 1129
1768 1129
1768 1130
1767 1130
1767 1131
1764 1131
1764 1132
1754 1132
1754 1133
1738 1133
1738 1134
1735 1134
1735 1135
1734 1135
1734 1136
1733 1136
1733 1137
1732 1137
1732 1139
1731 1139
1731 1141
1730 1141
1730 1143
1729 1143
1729 1144
1728 1144
1728 1147
1727 1147
1727 1148
1726 1148
1726 1149
1723 1149
1723 1150
1720 1150
1720 1151
1716 1151
1716 1152
1714 1152
1714 1153
1713 1153
1713 1152
1706 1152
1706 1149
1696 1149
1696 1148
1695 1148
1695 1147
1694 1147
1694 1146
1693 1146
1693 1145
1692 1145
1692 1144
1691 1144
1691 1143
1690 1143
1690 1142
1688 1142
1688 1141
1687 1141
1687 1140
1686 1140
1686 1139
1684 1139
1684 1138
1683 1138
1683 1137
1681 1137
1681 1136
1680 1136
1680 1134
1679 1134
1679 1132
1678 1132
1678 1131
1676 1131
1676 1130
1675 1130
1675 1129
1674 1129
1674 1127
1673 1127
1673 1126
1671 1126
1671 1125
1670 1125
1670 1124
1667 1124
1667 1123
1666 1123
1666 1122
1665 1122
1665 1121
1664 1121
1664 1120
1663 1120
1663 1119
1662 1119
1662 1118
1661 1118
1661 1116
1660 1116
1660 1115
1659 1115
1659 1114
1658 1114
1658 1113
1657 1113
1657 1111
1656 1111
1656 1110
1655 1110
1655 1109
1654 1109
1654 1107
1653 1107
1653 1106
1652 1106
1652 1104
1651 1104
1651 1102
1650 1102
1650 1101
1649 1101
1649 1099
1648 1099
1648 1098
1647 1098
1647 1096
1646 1096
1646 1095
1645 1095
1645 1094
1644 1094
1644 1092
1642 1092
1642 1091
1641 1091
1641 1090
1640 1090
1640 1088
1639 1088
1639 1087
1638 1087
1638 1086
1637 1086
1637 1084
1636 1084
1636 1081
1635 1081
1635 1080
1634 1080
1634 1079
1633 1079
1633 1078
1617 1078
1617 1077
1616 1077
1616 1076
1614 1076
1614 1075
1613 1075
1613 1074
1612 1074
1612 1073
1611 1073
1611 1072
1610 1072
1610 1071
1609 1071
1609 1070
1608 1070
1608 1069
1607 1069
1607 1068
1606 1068
1606 1067
1604 1067
1604 1066
1600 1066
1600 1065
1597 1065
1597 1064
1592 1064
1592 1063
1584 1063
1584 1062
1567 1062
1567 1063
1561 1063
1561 1064
1557 1064
1557 1065
1552 1065
1552 1066
1549 1066
1549 1067
1545 1067
1545 1066
1541 1066
1541 1065
1536 1065
1536 1066
1529 1066
1529 1065
1525 1065
1525 1064
1522 1064
1522 1063
1514 1063
1514 1062
1507 1062
1507 1063
1502 1063
1502 1064
1500 1064
1500 1065
1496 1065
1496 1066
1494 1066
1494 1065
1485 1065
1485 1064
1473 1064
1473 1063
1461 1063
1461 1062
1456 1062
1456 1061
1454 1061
1454 1060
1445 1060
1445 1059
1442 1059
1442 1058
1441 1058
1441 1057
1440 1057
1440 1056
1439 1056
1439 1055
1437 1055
1437 1054
1436 1054
1436 1053
1435 1053
1435 1052
1434 1052
1434 1051
1433 1051
1433 1049
1431 1049
1431 1048
1428 1048
1428 1049
1421 1049
1421 1048
1419 1048
1419 1047
1418 1047
1418 1046
1416 1046
1416 1045
1414 1045
1414 1044
1413 1044
1413 1043
1411 1043
1411 1042
1410 1042
1410 1041
1409 1041
1409 1040
1408 1040
1408 1039
1407 1039
1407 1037
1406 1037
1406 1035
1405 1035
1405 1032
1406 1032
1406 1027
1405 1027
1405 1025
1404 1025
1404 1007
1403 1007
1403 1006
1404 1006
1404 1000
1403 1000
1403 987
1404 987
1404 983
1403 983
1403 974
1402 974
1402 969
1401 969
1401 948
1400 948
1400 945
1399 945
1399 944
1394 944
1394 943
1391 943
1391 942
1389 942
1389 941
1387 941
1387 940
1386 940
1386 939
1380 939
1380 938
1366 938
1366 937
1359 937
1359 936
1353 936
1353 935
1343 935
1343 936
1342 936
1342 937
1333 937
1333 936
1321 936
1321 938
1320 938
1320 936
1318 936
1318 935
1316 935
1316 934
1313 934
1313 933
1307 933
1307 932
1300 932
1300 930
1299 930
1299 929
1298 929
1298 928
1297 928
1297 926
1296 926
1296 924
1295 924
1295 922
1294 922
1294 921
1286 921
1286 920
1282 920
1282 919
1280 919
1280 918
1278 918
1278 917
1274 917
1274 916
1271 916
1271 915
1270 915
1270 914
1268 914
1268 913
1267 913
1267 912
1265 912
1265 911
1264 911
1264 910
1263 910
1263 909
1262 909
1262 907
1261 907
1261 906
1260 906
1260 905
1259 905
1259 903
1258 903
1258 900
1257 900
1257 894
1256 894
1256 892
1255 892
1255 891
1254 891
1254 890
1252 890
1252 889
1248 889
1248 888
1246 888
1246 887
1244 887
1244 886
1243 886
1243 885
1241 885
1241 884
1240 884
1240 883
1239 883
1239 880
1238 880
1238 873
1237 873
1237 872
1236 872
1236 871
1235 871
1235 870
1234 870
1234 869
1233 869
1233 868
1231 868
1231 867
1228 867
1228 866
1226 866
1226 865
1225 865
1225 864
1223 864
1223 863
1219 863
1219 862
1217 862
1217 861
1216 861
1216 860
1215 860
1215 858
1214 858
1214 857
1213 857
1213 855
1212 855
1212 851
1211 851
1211 844
1210 844
1210 837
1209 837
1209 831
1208 831
1208 828
1207 828
1207 827
1206 827
1206 826
1203 826
1203 825
1191 825
1191 826
1189 826
1189 827
1187 827
1187 828
1186 828
1186 829
1185 829
1185 830
1183 830
1183 831
1176 831
1176 830
1171 830
1171 829
1170 829
1170 828
1168 828
1168 827
1166 827
1166 826
1164 826
1164 825
1163 825
1163 824
1162 824
1162 823
1159 823
1159 822
1158 822
1158 821
1154 821
1154 820
1153 820
1153 819
1152 819
1152 818
1151 818
1151 817
1150 817
1150 816
1149 816
1149 813
1148 813
1148 812
1147 812
1147 811
1146 811
1146 809
1145 809
1145 808
1144 808
1144 807
1143 807
1143 806
1142 806
1142 802
1141 802
1141 798
1140 798
1140 792
1139 792
1139 790
1138 790
1138 789
1137 789
1137 787
1136 787
1136 786
1135 786
1135 784
1134 784
1134 783
1133 783
1133 781
1132 781
1132 780
1130 780
1130 779
1129 779
1129 778
1128 778
1128 777
1126 777
1126 776
1124 776
1124 775
1122 775
1122 774
1120 774
1120 773
1119 773
1119 772
1115 772
1115 773
1113 773
1113 774
1110 774
1110 775
1108 775
1108 776
1105 776
1105 777
1102 777
1102 778
1088 778
1088 777
1083 777
1083 776
1082 776
1082 774
1081 774
1081 770
1080 770
1080 765
1079 765
1079 754
1078 754
1078 749
1077 749
1077 748
1076 748
1076 747
1075 747
1075 746
1073 746
1073 745
1072 745
1072 743
1071 743
1071 742
1070 742
1070 740
1069 740
1069 737
1068 737
1068 721
1067 721
1067 713
1068 713
1068 712
1067 712
1067 709
1066 709
1066 705
1065 705
1065 701
1064 701
1064 696
1063 696
1063 694
1062 694
1062 692
1061 692
1061 691
1060 691
1060 690
1058 690
1058 689
1057 689
1057 688
1056 688
1056 686
1055 686
1055 685
1054 685
1054 684
1053 684
1053 683
1052 683
1052 682
1050 682
1050 681
1046 681
1046 680
1045 680
1045 679
1044 679
1044 678
1043 678
1043 677
1042 677
1042 676
1033 676
1033 675
1031 675
1031 674
1028 674
1028 673
1025 673
1025 674
1024 674
1024 673
1023 673
1023 672
1020 672
1020 671
1011 671
1011 672
1009 672
1009 673
1008 673
1008 674
1001 674
1001 675
998 675
998 676
996 676
996 677
982 677
982 676
980 676
980 675
978 675
978 674
975 674
975 673
973 673
973 672
972 672
972 671
971 671
971 670
970 670
970 666
969 666
969 665
968 665
968 664
967 664
967 662
966 662
966 661
965 661
965 660
964 660
964 659
962 659
962 658
960 658
960 657
959 657
959 654
958 654
958 653
957 653
957 651
956 651
956 647
955 647
955 623
954 623
954 614
955 614
955 613
954 613
954 604
953 604
953 567
952 567
952 552
951 552
951 549
933 549
933 548
929 548
929 547
928 547
928 545
926 545
926 546
912 546
912 545
909 545
909 543
907 543
907 542
906 542
906 541
905 541
905 540
904 540
904 539
903 539
903 538
902 538
902 537
901 537
901 536
888 536
888 535
887 535
887 533
886 533
886 532
885 532
885 531
884 531
884 530
883 530
883 528
882 528
882 527
881 527
881 521
880 521
880 519
879 519
879 516
878 516
878 515
877 515
877 514
876 514
876 513
874 513
874 512
873 512
873 511
872 511
872 510
871 510
871 509
870 509
870 504
869 504
869 499
870 499
870 504
871 504
871 509
872 509
872 510
873 510
873 511
874 511
874 512
876 512
876 513
877 513
877 514
878 514
878 515
879 515
879 516
880 516
880 519
881 519
881 521
882 521
882 527
883 527
883 528
884 528
884 530
885 530
885 531
886 531
886 532
888 532
888 535
901 535
901 536
902 536
902 537
903 537
903 538
904 538
904 539
905 539
905 540
906 540
906 541
907 541
907 542
909 542
909 543
910 543
910 544
912 544
912 545
926 545
926 544
928 544
928 545
929 545
929 546
930 546
930 547
933 547
933 548
951 548
951 549
952 549
952 552
953 552
953 567
954 567
954 604
955 604
955 613
956 613
956 614
955 614
955 623
956 623
956 647
957 647
957 651
958 651
958 653
959 653
959 654
960 654
960 657
962 657
962 658
964 658
964 659
965 659
965 660
966 660
966 661
967 661
967 662
968 662
968 664
969 664
969 665
970 665
970 666
971 666
971 670
972 670
972 671
973 671
973 672
975 672
975 673
978 673
978 674
980 674
980 675
982 675
982 676
996 676
996 675
998 675
998 674
1001 674
1001 673
1008 673
1008 672
1009 672
1009 671
1011 671
1011 670
1020 670
1020 671
1025 671
1025 672
1028 672
1028 673
1031 673
1031 674
1033 674
1033 675
1042 675
1042 676
1043 676
1043 677
1044 677
1044 678
1045 678
1045 679
1046 679
1046 680
1050 680
1050 681
1052 681
1052 682
1053 682
1053 683
1054 683
1054 684
1055 684
1055 685
1056 685
1056 686
1057 686
1057 688
1058 688
1058 689
1060 689
1060 690
1061 690
1061 691
1062 691
1062 692
1063 692
1063 694
1064 694
1064 696
1065 696
1065 701
1066 701
1066 705
1067 705
1067 709
1068 709
1068 712
1069 712
1069 713
1068 713
1068 721
1069 721
1069 737
1070 737
1070 740
1071 740
1071 742
1072 742
1072 743
1073 743
1073 745
1075 745
1075 746
1076 746
1076 747
1077 747
1077 748
1078 748
1078 749
1079 749
1079 754
1080 754
1080 765
1081 765
1081 770
1082 770
1082 774
1083 774
1083 776
1088 776
1088 777
1102 777
1102 776
1105 776
1105 775
1108 775
1108 774
1110 774
1110 773
1113 773
1113 772
1115 772
1115 771
1119 771
1119 772
1120 772
1120 773
1122 773
1122 774
1124 774
1124 775
1126 775
1126 776
1128 776
1128 777
1129 777
1129 778
1130 778
1130 779
1132 779
1132 780
1133 780
1133 781
1134 781
1134 783
1135 783
1135 784
1136 784
1136 786
1137 786
1137 787
1138 787
1138 789
1139 789
1139 790
1140 790
1140 792
1141 792
1141 798
1142 798
1142 802
1143 802
1143 806
1144 806
1144 807
1145 807
1145 808
1146 808
1146 809
1147 809
1147 811
1148 811
1148 812
1149 812
1149 813
1150 813
1150 816
1151 816
1151 817
1152 817
1152 818
1153 818
1153 819
1154 819
1154 820
1158 820
1158 821
1159 821
1159 822
1162 822
1162 823
1163 823
1163 824
1164 824
1164 825
1166 825
1166 826
1168 826
1168 827
1170 827
1170 828
1171 828
1171 829
1176 829
1176 830
1183 830
1183 829
1185 829
1185 828
1186 828
1186 827
1187 827
1187 826
1189 826
1189 825
1191 825
1191 824
1203 824
1203 825
1206 825
1206 826
1207 826
1207 827
1208 827
1208 828
1209 828
1209 831
1210 831
1210 837
1211 837
1211 844
1212 844
1212 851
1213 851
1213 855
1214 855
1214 857
1215 857
1215 858
1216 858
1216 860
1217 860
1217 861
1219 861
1219 862
1223 862
1223 863
1225 863
1225 864
1226 864
1226 865
1228 865
1228 866
1231 866
1231 867
1233 867
1233 868
1234 868
1234 869
1235 869
1235 870
1236 870
1236 871
1237 871
1237 872
1238 872
1238 873
1239 873
1239 880
1240 880
1240 883
1241 883
1241 884
1243 884
1243 885
1244 885
1244 886
1246 886
1246 887
1248 887
1248 888
1252 888
1252 889
1254 889
1254 890
1255 890
1255 891
1256 891
1256 892
1257 892
1257 894
1258 894
1258 900
1259 900
1259 903
1260 903
1260 905
1261 905
1261 906
1262 906
1262 907
1263 907
1263 909
1264 909
1264 910
1265 910
1265 911
1267 911
1267 912
1268 912
1268 913
1270 913
1270 914
1271 914
1271 915
1274 915
1274 916
1278 916
1278 917
1280 917
1280 918
1282 918
1282 919
1286 919
1286 920
1294 920
1294 921
1295 921
1295 922
1296 922
1296 924
1297 924
1297 926
1298 926
1298 928
1299 928
1299 929
1300 929
1300 930
1301 930
1301 931
1307 931
1307 932
1313 932
1313 933
1316 933
1316 934
1318 934
1318 935
1320 935
1320 936
1321 936
1321 935
1333 935
1333 936
1342 936
1342 935
1343 935
1343 934
1353 934
1353 935
1359 935
1359 936
1366 936
1366 937
1380 937
1380 938
1386 938
1386 939
1387 939
1387 940
1389 940
1389 941
1391 941
1391 942
1394 942
1394 943
1399 943
1399 944
1400 944
1400 945
1401 945
1401 948
1402 948
1402 969
1403 969
1403 974
1404 974
1404 983
1405 983
1405 987
1404 987
1404 1000
1405 1000
1405 1006
1404 1006
1404 1007
1405 1007
1405 1025
1406 1025
1406 1027
1407 1027
1407 1032
1406 1032
1406 1035
1407 1035
1407 1037
1408 1037
1408 1039
1409 1039
1409 1040
1410 1040
1410 1041
1411 1041
1411 1042
1413 1042
1413 1043
1414 1043
1414 1044
1416 1044
1416 1045
1418 1045
1418 1046
1419 1046
1419 1047
1421 1047
1421 1048
1428 1048
1428 1047
1431 1047
1431 1048
1433 1048
1433 1049
1434 1049
1434 1051
1435 1051
1435 1052
1436 1052
1436 1053
1437 1053
1437 1054
1439 1054
1439 1055
1440 1055
1440 1056
1441 1056
1441 1057
1442 1057
1442 1058
1445 1058
1445 1059
1454 1059
1454 1060
1456 1060
1456 1061
1461 1061
1461 1062
1473 1062
1473 1063
1485 1063
1485 1064
1494 1064
1494 1065
1496 1065
1496 1064
1500 1064
1500 1063
1502 1063
1502 1062
1507 1062
1507 1061
1514 1061
1514 1062
1522 1062
1522 1063
1525 1063
1525 1064
1529 1064
1529 1065
1536 1065
1536 1064
1541 1064
1541 1065
1545 1065
1545 1066
1549 1066
1549 1065
1552 1065
1552 1064
1557 1064
1557 1063
1561 1063
1561 1062
1567 1062
1567 1061
1584 1061
1584 1062
1592 1062
1592 1063
1597 1063
1597 1064
1600 1064
1600 1065
1604 1065
1604 1066
1606 1066
1606 1067
1607 1067
1607 1068
1608 1068
1608 1069
1609 1069
1609 1070
1610 1070
1610 1071
1611 1071
1611 1072
1612 1072
1612 1073
1613 1073
1613 1074
1614 1074
1614 1075
1616 1075
1616 1076
1617 1076
1617 1077
1633 1077
1633 1078
1634 1078
1634 1079
1635 1079
1635 1080
1636 1080
1636 1081
1637 1081
1637 1084
1638 1084
1638 1086
1639 1086
1639 1087
1640 1087
1640 1088
1641 1088
1641 1090
1642 1090
1642 1091
1644 1091
1644 1092
1645 1092
1645 1094
1646 1094
1646 1095
1647 1095
1647 1096
1648 1096
1648 1098
1649 1098
1649 1099
1650 1099
1650 1101
1651 1101
1651 1102
1652 1102
1652 1104
1653 1104
1653 1106
1654 1106
1654 1107
1655 1107
1655 1109
1656 1109
1656 1110
1657 1110
1657 1111
1658 1111
1658 1113
1659 1113
1659 1114
1660 1114
1660 1115
1661 1115
1661 1116
1662 1116
1662 1118
1663 1118
1663 1119
1664 1119
1664 1120
1665 1120
1665 1121
1666 1121
1666 1122
1667 1122
1667 1123
1670 1123
1670 1124
1671 1124
1671 1125
1673 1125
1673 1126
1674 1126
1674 1127
1675 1127
1675 1129
1676 1129
1676 1130
1678 1130
1678 1131
1679 1131
1679 1132
1680 1132
1680 1134
1681 1134
1681 1136
1683 1136
1683 1137
1684 1137
1684 1138
1686 1138
1686 1139
1687 1139
1687 1140
1688 1140
1688 1141
1690 1141
1690 1142
1691 1142
1691 1143
1692 1143
1692 1144
1693 1144
1693 1145
1694 1145
1694 1146
1695 1146
1695 1147
1696 1147
1696 1148
1706 1148
1706 1149
1707 1149
1707 1151
1713 1151
1713 1152
1714 1152
1714 1151
1716 1151
1716 1150
1720 1150
1720 1149
1723 1149
1723 1148
1726 1148
1726 1147
1727 1147
1727 1144
1728 1144
1728 1143
1729 1143
1729 1141
1730 1141
1730 1139
1731 1139
1731 1137
1732 1137
1732 1136
1733 1136
1733 1135
1734 1135
1734 1134
1735 1134
1735 1133
1738 1133
1738 1132
1754 1132
1754 1131
1764 1131
1764 1130
1767 1130
1767 1129
1768 1129
1768 1127
1769 1127
1769 1126
1770 1126
1770 1125
1782 1125
1782 1122
1783 1122
1783 1109
1784 1109
1784 1107
1785 1107
1785 1106
1786 1106
1786 1105
1788 1105
1788 1104
1793 1104
1793 1103
1795 1103
1795 1102
1796 1102
1796 1101
1799 1101
1799 1100
1800 1100
1800 1099
1801 1099
1801 1098
1802 1098
1802 1097
1803 1097
1803 1095
1804 1095
1804 1093
1805 1093
1805 1083
1806 1083
1806 1078
1807 1078
1807 1077
1808 1077
1808 1076
1825 1076
1825 1075
1829 1075
1829 1076
1831 1076
1831 1075
1833 1075
1833 1074
1835 1074
1835 1073
1840 1073
1840 1072
1843 1072
1843 1071
1845 1071
1845 1070
1852 1070
1852 1071
1853 1071
1853 1075
1854 1075
1854 1082
1855 1082
1855 1089
1856 1089
1856 1097
1857 1097
1857 1106
1858 1106
1858 1110
1859 1110
1859 1123
1860 1123
1860 1126
1861 1126
1861 1129
1862 1129
1862 1131
1863 1131
1863 1132
1864 1132
1864 1134
1865 1134
1865 1135
1866 1135
1866 1136
1869 1136
1869 1137
1871 1137
1871 1138
1872 1138
1872 1139
1873 1139
1873 1141
1874 1141
1874 1143
1875 1143
1875 1155
1876 1155
1876 1158
1877 1158
1877 1163
1878 1163
1878 1166
1879 1166
1879 1167
1880 1167
1880 1168
1881 1168
1881 1169
1884 1169
1884 1170
1885 1170
1885 1171
1887 1171
1887 1170
1888 1170
1888 1171
1893 1171
1893 1172
1909 1172
1909 1173
1912 1173
1912 1174
1913 1174
1913 1173
1933 1173
1933 1174
1941 1174
1941 1173
1948 1173
1948 1172
1949 1172
1949 1171
1951 1171
1951 1170
1959 1170
1959 1169
1960 1169
1960 1168
1963 1168
1963 1167
1965 1167
1965 1166
1966 1166
1966 1165
1967 1165
1967 1164
1969 1164
1969 1163
1971 1163
1971 1159
1972 1159
1972 1151
1971 1151
1971 1145
1970 1145
1970 1141
1969 1141
1969 1133
1970 1133
1970 1130
1971 1130
1971 1129
1972 1129
1972 1128
1973 1128
1973 1125
1974 1125
1974 1124
1975 1124
1975 1122
1976 1122
1976 1119
1977 1119
1977 1118
1978 1118
1978 1117
1980 1117
1980 1116
1989 1116
1989 1115
1992 1115
1992 1114
1994 1114
1994 1113
1995 1113
1995 1112
1996 1112
1996 1111
1997 1111
1997 1102
1998 1102
1998 1101
1999 1101
1999 1100
2001 1100
2001 1099
2002 1099
2002 1097
2003 1097
2003 1096
2004 1096
2004 1095
2005 1095
2005 1094
2007 1094
2007 1093
2009 1093
2009 1092
2014 1092
2014 1093
2015 1093
2015 1095
2016 1095
2016 1106
2017 1106
2017 1113
2018 1113
2018 1116
2019 1116
2019 1138
2020 1138
2020 1147
2021 1147
2021 1150
2022 1150
2022 1152
2023 1152
2023 1153
2024 1153
2024 1154
2025 1154
2025 1155
2026 1155
2026 1156
2027 1156
2027 1157
2028 1157
2028 1158
2029 1158
2029 1159
2031 1159
2031 1160
2032 1160
2032 1161
2045 1161
2045 1160
2046 1160
2046 1158
2047 1158
2047 1157
2049 1157
2049 1156
2051 1156
2051 1154
2052 1154
2052 1146
2053 1146
2053 1141
2054 1141
2054 1139
2055 1139
2055 1137
2056 1137
2056 1136
2057 1136
2057 1133
2058 1133
2058 1131
2059 1131
2059 1130
2060 1130
2060 1129
2072 1129
2072 1128
2089 1128
2089 1129
2094 1129
2094 1130
2095 1130
2095 1131
2096 1131
2096 1133
2097 1133
2097 1134
2099 1134
2099 1135
2100 1135
2100 1136
2101 1136
2101 1137
2102 1137
2102 1138
2103 1138
2103 1139
2105 1139
2105 1140
2107 1140
2107 1141
2108 1141
2108 1142
2109 1142
2109 1143
2110 1143
2110 1144
2112 1144
2112 1145
2113 1145
2113 1146
2114 1146
2114 1147
2117 1147
2117 1148
2118 1148
2118 1149
2123 1149
2123 1150
2127 1150
2127 1151
2139 1151
2139 1150
2143 1150
2143 1151
2144 1151
2144 1152
2145 1152
2145 1153
2146 1153
2146 1154
2147 1154
2147 1155
2148 1155
2148 1156
2149 1156
2149 1157
2151 1157
2151 1158
2152 1158
2152 1159
2158 1159
2158 1158
2160 1158
2160 1157
2163 1157
2163 1156
2167 1156
2167 1155
2169 1155
2169 1154
2170 1154
2170 1153
2172 1153
2172 1152
2176 1152
2176 1153
2181 1153
2181 1154
2190 1154
2190 1155
2194 1155
2194 1156
2199 1156
2199 1157
2200 1157
2200 1156
2204 1156
2204 1154
2205 1154
2205 1153
2206 1153
2206 1152
2207 1152
2207 1150
2208 1150
2208 1148
2209 1148
2209 1147
2210 1147
2210 1144
2211 1144
2211 1142
2212 1142
2212 1140
2213 1140
2213 1139
2214 1139
2214 1137
2215 1137
2215 1127
2214 1127
2214 1121
2213 1121
2213 1119
2214 1119
2214 1118
2226 1118
2226 1119
2230 1119
2230 1118
2248 1118
2248 1119
2253 1119
2253 1120
2259 1120
2259 1121
2260 1121
2260 1122
2266 1122
2266 1123
2268 1123
2268 1124
2269 1124
2269 1125
2270 1125
2270 1126
2271 1126
2271 1127
2272 1127
2272 1128
2273 1128
2273 1129
2275 1129
2275 1130
2280 1130
2280 1131
2289 1131
2289 1130
2290 1130
2290 1128
2291 1128
2291 1127
2292 1127
2292 1126
2295 1126
2295 1125
2296 1125
2296 1124
2297 1124
2297 1123
2298 1123
2298 1121
2299 1121
2299 1117
2300 1117
2300 1114
2301 1114
2301 1111
2302 1111
2302 1108
2303 1108
2303 1104
2304 1104
2304 1101
2305 1101
2305 1100
2306 1100
2306 1096
2307 1096
2307 1095
2308 1095
2308 1094
2309 1094
2309 1091
2310 1091
2310 1090
2311 1090
2311 1088
2312 1088
2312 1086
2313 1086
2313 1085
2314 1085
2314 1082
2315 1082
2315 1078
2316 1078
2316 1076
2317 1076
2317 1073
2318 1073
2318 1069
2319 1069
2319 1067
2320 1067
2320 1064
2321 1064
2321 1060
2322 1060
2322 1057
2323 1057
2323 1054
2324 1054
2324 1053
2325 1053
2325 1048
2338 1048
2338 1049
2339 1049
2339 1050
2342 1050
2342 1049
2345 1049
2345 1048
2346 1048
2346 1047
2352 1047
2352 1048
2359 1048
2359 1049
2360 1049
2360 1050
2361 1050
2361 1052
2362 1052
2362 1053
2363 1053
2363 1054
2364 1054
2364 1055
2365 1055
2365 1057
2366 1057
2366 1058
2367 1058
2367 1059
2368 1059
2368 1061
2369 1061
2369 1062
2370 1062
2370 1063
2371 1063
2371 1064
2373 1064
2373 1065
2375 1065
2375 1066
2377 1066
2377 1067
2379 1067
2379 1068
2382 1068
2382 1069
2387 1069
2387 1070
2391 1070
2391 1071
2402 1071
2402 1070
2403 1070
2403 1069
2405 1069
2405 1068
2418 1068
2418 1067
2420 1067
2420 1066
2421 1066
2421 1065
2422 1065
2422 1064
2423 1064
2423 1063
2424 1063
2424 1062
2425 1062
2425 1061
2426 1061
2426 1060
2427 1060
2427 1059
2428 1059
2428 1058
2429 1058
2429 1056
2430 1056
2430 1055
2431 1055
2431 1054
2432 1054
2432 1053
2433 1053
2433 1052
2434 1052
2434 1049
2435 1049
2435 1046
2436 1046
2436 1045
2437 1045
2437 1044
2438 1044
2438 1041
2439 1041
2439 1040
2440 1040
2440 1038
2441 1038
2441 1037
2443 1037
2443 1036
2444 1036
2444 1035
2446 1035
2446 1034
2447 1034
2447 1029
2446 1029
2446 1026
2447 1026
2447 1023
2448 1023
2448 1021
2449 1021
2449 1020
2450 1020
2450 1019
2458 1019
2458 1018
2459 1018
2459 1017
2460 1017
2460 1016
2461 1016
2461 1015
2464 1015
2464 1013
2465 1013
2465 1012
2470 1012
2470 1013
2471 1013
2471 1014
2472 1014
2472 1016
2473 1016
2473 1019
2474 1019
2474 1021
2475 1021
2475 1024
2476 1024
2476 1028
2477 1028
2477 1031
2478 1031
2478 1033
2479 1033
2479 1034
2480 1034
2480 1035
2481 1035
2481 1036
2490 1036
2490 1035
2492 1035
2492 1034
2493 1034
2493 1033
2494 1033
2494 1032
2495 1032
2495 1031
2496 1031
2496 1030
2497 1030
2497 1029
2498 1029
2498 1027
2499 1027
2499 1025
2500 1025
2500 1024
2501 1024
2501 1023
2504 1023
2504 1022
2506 1022
2506 1023
2513 1023
2513 1022
2517 1022
2517 1021
2525 1021
2525 1020
2536 1020
2536 1021
2537 1021
2537 1020
2539 1020
2539 1019
2541 1019
2541 1018
2547 1018
2547 1019
2553 1019
2553 1020
2556 1020
2556 1019
2557 1019
2557 1018
2558 1018
2558 1017
2575 1017
2575 1016
2576 1016
2576 1015
2578 1015
2578 1014
2579 1014
2579 1013
2587 1013
2587 1012
2588 1012
2588 1011
2589 1011
2589 1010
2591 1010
2591 1009
2592 1009
2592 1007
2593 1007
2593 1003
2592 1003
2592 997
2591 997
2591 990
2590 990
2590 985
2591 985
2591 984
2592 984
2592 981
2593 981
2593 979
2594 979
2594 976
2595 976
2595 974
2596 974
2596 973
2602 973
2602 972
2603 972
2603 971
2605 971
2605 970
2606 970
2606 969
2608 969
2608 968
2609 968
2609 967
2610 967
2610 964
2611 964
2611 960
2612 960
2612 959
2618 959
2618 958
2623 958
2623 951
2624 951
2624 944
2625 944
2625 939
2626 939
2626 932
2625 932
2625 918
2624 918
2624 912
2625 912
2625 911
2628 911
2628 909
2629 909
2629 908
2637 908
2637 907
2643 907
2643 906
2644 906
2644 905
2650 905
2650 904
2651 904
2651 903
2655 903
2655 902
2656 902
2656 901
2657 901
2657 900
2659 900
2659 899
2664 899
2664 898
2665 898
2665 894
2666 894
2666 893
2671 893
2671 891
2672 891
2672 883
2671 883
2671 881
2672 881
2672 880
2677 880
2677 879
2678 879
2678 878
2680 878
2680 877
2683 877
2683 876
2688 876
2688 875
2690 875
2690 874
2692 874
2692 873
2696 873
2696 874
2699 874
2699 875
2701 875
2701 876
2703 876
2703 877
2707 877
2707 878
2715 878
2715 877
2717 877
2717 876
2719 876
2719 875
2720 875
2720 874
2723 874
2723 873
2728 873
2728 870
2729 870
2729 868
2730 868
2730 865
2731 865
2731 864
2732 864
2732 863
2733 863
2733 862
2737 862
2737 863
2739 863
2739 864
2740 864
2740 869
2741 869
2741 874
2742 874
2742 880
2743 880
2743 884
2744 884
2744 886
2745 886
2745 888
2746 888
2746 890
2748 890
2748 891
2753 891
2753 892
2759 892
2759 891
2762 891
2762 890
2765 890
2765 889
2767 889
2767 888
2769 888
2769 887
2771 887
2771 886
2773 886
2773 885
2776 885
2776 884
2779 884
2779 883
2780 883
2780 882
2781 882
2781 881
2783 881
2783 880
2786 880
2786 879
2788 879
2788 878
2790 878
2790 877
2791 877
2791 876
2795 876
2795 875
2797 875
2797 874
2799 874
2799 873
2802 873
2802 872
2805 872
2805 871
2806 871
2806 870
2808 870
2808 869
2809 869
2809 868
2810 868
2810 867
2811 867
2811 866
2813 866
2813 865
2814 865
2814 863
2815 863
2815 862
2816 862
2816 860
2817 860
2817 859
2818 859
2818 858
2819 858
2819 856
2820 856
2820 854
2821 854
2821 853
2822 853
2822 850
2823 850
2823 848
2824 848
2824 845
2825 845
2825 844
2826 844
2826 843
2827 843
2827 842
2828 842
2828 841
2829 841
2829 839
2830 839
2830 838
2831 838
2831 837
2832 837
2832 835
2833 835
2833 833
2834 833
2834 832
2835 832
2835 831
2836 831
2836 830
2837 830
2837 826
2838 826
2838 822
2839 822
2839 819
2840 819
2840 817
2841 817
2841 815
2842 815
2842 812
2843 812
2843 811
2844 811
2844 808
2845 808
2845 807
2846 807
2846 804
2847 804
2847 802
2848 802
2848 801
2849 801
2849 799
2850 799
2850 796
2851 796
2851 792
2852 792
2852 789
2853 789
2853 781
2854 781
2854 766
2855 766
2855 762
2856 762
2856 753
2857 753
2857 749
2858 749
2858 745
2859 745
2859 742
2860 742
2860 740
2861 740
2861 737
2862 737
2862 734
2863 734
2863 733
2864 733
2864 732
2865 732
2865 731
2866 731
2866 730
2875 730
2875 731
2877 731
2877 730
2879 730
2879 729
2881 729
2881 728
2883 728
2883 727
2895 727
2895 726
2897 726
2897 725
2900 725
2900 724
2901 724
2901 723
2903 723
2903 722
2905 722
2905 721
2906 721
2906 720
2908 720
2908 719
2910 719
2910 718
2911 718
2911 717
2912 717
2912 714
2913 714
2913 712
2914 712
2914 714
2913 714
2913 717
2912 717
2912 718
2911 718
2911 719
2910 719
2910 720
2908 720
2908 721
2906 721
2906 722
2905 722
2905 723
2903 723
2903 724
2901 724
2901 725
2900 725
2900 726
2897 726
2897 727
2895 727
2895 728
2883 728
2883 729
2881 729
2881 730
2879 730
2879 731
2877 731
2877 732
2875 732
2875 731
2866 731
2866 732
2865 732
2865 733
2864 733
2864 734
2863 734
2863 737
2862 737
2862 740
2861 740
2861 742
2860 742
2860 745
2859 745
2859 749
2858 749
2858 753
2857 753
2857 762
2856 762
2856 766
2855 766
2855 781
2854 781
2854 789
2853 789
2853 792
2852 792
2852 796
2851 796
2851 799
2850 799
2850 801
2849 801
2849 802
2848 802
2848 804
2847 804
2847 807
2846 807
2846 808
2845 808
2845 811
2844 811
2844 812
2843 812
2843 815
2842 815
2842 817
2841 817
2841 819
2840 819
2840 822
2839 822
2839 826
2838 826
2838 830
2837 830
2837 831
2836 831
2836 832
2835 832
2835 833
2834 833
2834 835
2833 835
2833 837
2832 837
2832 838
2831 838
2831 839
2830 839
2830 841
2829 841
2829 842
2828 842
2828 843
2827 843
2827 844
2826 844
2826 845
2825 845
2825 848
2824 848
2824 850
2823 850
2823 853
2822 853
2822 854
2821 854
2821 856
2820 856
2820 858
2819 858
2819 859
2818 859
2818 860
2817 860
2817 862
2816 862
2816 863
2815 863
2815 865
2814 865
2814 866
2813 866
2813 867
2811 867
2811 868
2810 868
2810 869
2809 869
2809 870
2808 870
2808 871
2806 871
2806 872
2805 872
2805 873
2802 873
2802 874
2799 874
2799 875
2797 875
2797 876
2795 876
2795 877
2791 877
2791 878
2790 878
2790 879
2788 879
2788 880
2786 880
2786 881
2783 881
2783 882
2781 882
2781 883
2780 883
2780 884
2779 884
2779 885
2776 885
2776 886
2773 886
2773 887
2771 887
2771 888
2769 888
2769 889
2767 889
2767 890
2765 890
2765 891
2762 891
2762 892
2759 892
2759 893
2753 893
2753 892
2748 892
2748 891
2746 891
2746 890
2745 890
2745 888
2744 888
2744 886
2743 886
2743 884
2742 884
2742 880
2741 880
2741 874
2740 874
2740 869
2739 869
2739 864
2737 864
2737 863
2733 863
2733 864
2732 864
2732 865
2731 865
2731 869
2730 869
2730 870
2729 870
2729 873
2728 873
2728 874
2723 874
2723 875
2720 875
2720 876
2719 876
2719 877
2717 877
2717 878
2715 878
2715 879
2707 879
2707 878
2703 878
2703 877
2701 877
2701 876
2699 876
2699 875
2696 875
2696 874
2692 874
2692 875
2690 875
2690 876
2688 876
2688 877
2683 877
2683 878
2680 878
2680 879
2678 879
2678 880
2677 880
2677 881
2672 881
2672 883
2673 883
2673 891
2672 891
2672 893
2671 893
2671 894
2666 894
2666 898
2665 898
2665 899
2664 899
2664 900
2659 900
2659 901
2657 901
2657 902
2656 902
2656 903
2655 903
2655 904
2652 904
2652 905
2651 905
2651 906
2644 906
2644 907
2643 907
2643 908
2637 908
2637 909
2629 909
2629 911
2628 911
2628 912
2625 912
2625 918
2626 918
2626 932
2627 932
2627 939
2626 939
2626 945
2625 945
2625 951
2624 951
2624 958
2623 958
2623 959
2618 959
2618 960
2612 960
2612 964
2611 964
2611 967
2610 967
2610 968
2609 968
2609 969
2608 969
2608 970
2606 970
2606 971
2605 971
2605 972
2603 972
2603 973
2602 973
2602 974
2596 974
2596 976
2595 976
2595 979
2594 979
2594 981
2593 981
2593 984
2592 984
