2289 1180
2288 1180
2288 1181
2286 1181
2286 1182
2276 1182
2276 1183
2275 1183
2275 1184
2270 1184
2270 1185
2266 1185
2266 1184
2256 1184
2256 1185
2249 1185
2249 1184
2245 1184
2245 1183
2239 1183
2239 1184
2238 1184
2238 1183
2232 1183
2232 1182
2231 1182
2231 1181
2230 1181
2230 1180
2229 1180
2229 1179
2226 1179
2226 1178
2220 1178
2220 1177
2217 1177
2217 1176
2206 1176
2206 1177
2205 1177
2205 1178
2204 1178
2204 1207
2203 1207
2203 1208
2202 1208
2202 1209
2199 1209
2199 1208
2198 1208
2198 1206
2197 1206
2197 1203
2196 1203
2196 1201
2195 1201
2195 1196
2194 1196
2194 1195
2193 1195
2193 1194
2188 1194
2188 1195
2185 1195
2185 1196
2182 1196
2182 1197
2181 1197
2181 1198
2180 1198
2180 1199
2179 1199
2179 1200
2176 1200
2176 1201
2171 1201
2171 1202
2170 1202
2170 1203
2169 1203
2169 1204
2168 1204
2168 1205
2166 1205
2166 1207
2165 1207
2165 1209
2164 1209
2164 1211
2160 1211
2160 1209
2158 1209
2158 1210
2153 1210
2153 1211
2141 1211
2141 1212
2138 1212
2138 1213
2137 1213
2137 1214
2136 1214
2136 1215
2135 1215
2135 1216
2132 1216
2132 1217
2118 1217
2118 1218
2115 1218
2115 1225
2114 1225
2114 1227
2113 1227
2113 1228
2112 1228
2112 1229
2111 1229
2111 1230
2110 1230
2110 1231
2098 1231
2098 1230
2097 1230
2097 1229
2095 1229
2095 1228
2093 1228
2093 1227
2092 1227
2092 1226
2088 1226
2088 1225
2074 1225
2074 1224
2071 1224
2071 1223
2069 1223
2069 1222
2068 1222
2068 1220
2067 1220
2067 1218
2066 1218
2066 1216
2064 1216
2064 1215
2063 1215
2063 1214
2062 1214
2062 1207
2061 1207
2061 1206
2060 1206
2060 1205
2055 1205
2055 1221
2054 1221
2054 1228
2053 1228
2053 1230
2052 1230
2052 1231
2051 1231
2051 1232
2050 1232
2050 1233
2049 1233
2049 1234
2048 1234
2048 1235
2047 1235
2047 1236
2046 1236
2046 1237
2045 1237
2045 1238
2044 1238
2044 1239
2043 1239
2043 1241
2042 1241
2042 1242
2041 1242
2041 1244
2040 1244
2040 1245
2039 1245
2039 1270
2038 1270
2038 1273
2037 1273
2037 1274
2028 1274
2028 1273
2025 1273
2025 1272
2024 1272
2024 1271
2023 1271
2023 1270
2022 1270
2022 1269
2020 1269
2020 1268
2018 1268
2018 1267
2013 1267
2013 1266
2011 1266
2011 1265
2003 1265
2003 1264
2001 1264
2001 1263
2000 1263
2000 1262
1999 1262
1999 1261
1998 1261
1998 1260
1997 1260
1997 1259
1995 1259
1995 1258
1994 1258
1994 1257
1993 1257
1993 1256
1991 1256
1991 1255
1989 1255
1989 1254
1988 1254
1988 1253
1984 1253
1984 1252
1983 1252
1983 1251
1982 1251
1982 1250
1981 1250
1981 1248
1980 1248
1980 1246
1979 1246
1979 1240
1978 1240
1978 1236
1979 1236
1979 1235
1978 1235
1978 1227
1977 1227
1977 1222
1975 1222
1975 1223
1965 1223
1965 1224
1960 1224
1960 1225
1946 1225
1946 1224
1945 1224
1945 1225
1939 1225
1939 1226
1937 1226
1937 1227
1925 1227
1925 1226
1912 1226
1912 1227
1910 1227
1910 1226
1908 1226
1908 1225
1907 1225
1907 1224
1903 1224
1903 1225
1897 1225
1897 1224
1896 1224
1896 1223
1895 1223
1895 1222
1891 1222
1891 1220
1890 1220
1890 1218
1889 1218
1889 1217
1886 1217
1886 1216
1885 1216
1885 1214
1884 1214
1884 1213
1883 1213
1883 1212
1882 1212
1882 1210
1881 1210
1881 1207
1880 1207
1880 1205
1879 1205
1879 1203
1878 1203
1878 1202
1877 1202
1877 1201
1876 1201
1876 1200
1875 1200
1875 1199
1873 1199
1873 1198
1872 1198
1872 1197
1871 1197
1871 1196
1864 1196
1864 1197
1859 1197
1859 1196
1858 1196
1858 1194
1857 1194
1857 1192
1855 1192
1855 1191
1853 1191
1853 1190
1850 1190
1850 1189
1848 1189
1848 1188
1846 1188
1846 1187
1844 1187
1844 1186
1843 1186
1843 1185
1842 1185
1842 1184
1841 1184
1841 1180
1840 1180
1840 1178
1839 1178
1839 1177
1838 1177
1838 1174
1837 1174
1837 1171
1836 1171
1836 1168
1835 1168
1835 1165
1834 1165
1834 1160
1833 1160
1833 1155
1832 1155
1832 1148
1831 1148
1831 1145
1830 1145
1830 1141
1829 1141
1829 1139
1828 1139
1828 1137
1827 1137
1827 1133
1826 1133
1826 1131
1825 1131
1825 1130
1824 1130
1824 1129
1823 1129
1823 1128
1822 1128
1822 1127
1821 1127
1821 1125
1819 1125
1819 1124
1811 1124
1811 1125
1810 1125
1810 1130
1798 1130
1798 1129
1797 1129
1797 1122
1796 1122
1796 1120
1793 1120
1793 1119
1792 1119
1792 1120
1785 1120
1785 1121
1784 1121
1784 1129
1783 1129
1783 1130
1782 1130
1782 1131
1781 1131
1781 1132
1780 1132
1780 1133
1779 1133
1779 1134
1778 1134
1778 1135
1776 1135
1776 1136
1775 1136
1775 1137
1774 1137
1774 1138
1772 1138
1772 1139
1770 1139
1770 1140
1768 1140
1768 1141
1766 1141
1766 1142
1765 1142
1765 1143
1764 1143
1764 1144
1761 1144
1761 1145
1760 1145
1760 1146
1756 1146
1756 1147
1755 1147
1755 1148
1751 1148
1751 1149
1750 1149
1750 1154
1751 1154
1751 1162
1750 1162
1750 1163
1748 1163
1748 1164
1747 1164
1747 1163
1744 1163
1744 1162
1741 1162
1741 1161
1739 1161
1739 1160
1738 1160
1738 1159
1737 1159
1737 1156
1736 1156
1736 1154
1735 1154
1735 1153
1734 1153
1734 1152
1733 1152
1733 1151
1731 1151
1731 1150
1730 1150
1730 1149
1729 1149
1729 1148
1727 1148
1727 1147
1725 1147
1725 1146
1724 1146
1724 1145
1723 1145
1723 1143
1722 1143
1722 1137
1721 1137
1721 1133
1720 1133
1720 1128
1719 1128
1719 1126
1718 1126
1718 1124
1717 1124
1717 1123
1716 1123
1716 1122
1714 1122
1714 1121
1713 1121
1713 1120
1712 1120
1712 1119
1710 1119
1710 1118
1709 1118
1709 1117
1708 1117
1708 1116
1707 1116
1707 1115
1706 1115
1706 1114
1705 1114
1705 1107
1704 1107
1704 1106
1705 1106
1705 1102
1704 1102
1704 1089
1703 1089
1703 1081
1702 1081
1702 1073
1701 1073
1701 1065
1700 1065
1700 1060
1699 1060
1699 1051
1698 1051
1698 1039
1697 1039
1697 1031
1696 1031
1696 1026
1695 1026
1695 1020
1694 1020
1694 1016
1693 1016
1693 1013
1692 1013
1692 1012
1691 1012
1691 1010
1689 1010
1689 1009
1686 1009
1686 1008
1684 1008
1684 1007
1682 1007
1682 1006
1680 1006
1680 1005
1679 1005
1679 1004
1676 1004
1676 1003
1673 1003
1673 1002
1670 1002
1670 1001
1663 1001
1663 1000
1662 1000
1662 999
1660 999
1660 998
1659 998
1659 997
1658 997
1658 996
1657 996
1657 993
1656 993
1656 992
1651 992
1651 993
1649 993
1649 994
1645 994
1645 995
1638 995
1638 994
1634 994
1634 993
1631 993
1631 992
1622 992
1622 991
1617 991
1617 990
1611 990
1611 991
1599 991
1599 990
1598 990
1598 989
1589 989
1589 988
1598 988
1598 989
1599 989
1599 990
1611 990
1611 989
1617 989
1617 990
1622 990
1622 991
1631 991
1631 992
1634 992
1634 993
1638 993
1638 994
1645 994
1645 993
1649 993
1649 992
1651 992
1651 991
1656 991
1656 992
1657 992
1657 993
1658 993
1658 996
1659 996
1659 997
1660 997
1660 998
1662 998
1662 999
1663 999
1663 1000
1670 1000
1670 1001
1673 1001
1673 1002
1676 1002
1676 1003
1679 1003
1679 1004
1680 1004
1680 1005
1682 1005
1682 1006
1684 1006
1684 1007
1686 1007
1686 1008
1689 1008
1689 1009
1691 1009
1691 1010
1692 1010
1692 1012
1693 1012
1693 1013
1694 1013
1694 1016
1695 1016
1695 1020
1696 1020
1696 1026
1697 1026
1697 1031
1698 1031
1698 1039
1699 1039
1699 1051
1700 1051
1700 1060
1701 1060
1701 1065
1702 1065
1702 1073
1703 1073
1703 1081
1704 1081
1704 1089
1705 1089
1705 1102
1706 1102
1706 1106
1705 1106
1705 1107
1706 1107
1706 1114
1707 1114
1707 1115
1708 1115
1708 1116
1709 1116
1709 1117
1710 1117
1710 1118
1712 1118
1712 1119
1713 1119
1713 1120
1714 1120
1714 1121
1716 1121
1716 1122
1717 1122
1717 1123
1718 1123
1718 1124
1719 1124
1719 1126
1720 1126
1720 1128
1721 1128
1721 1133
1722 1133
1722 1137
1723 1137
1723 1143
1724 1143
1724 1145
1725 1145
1725 1146
1727 1146
1727 1147
1729 1147
1729 1148
1730 1148
1730 1149
1731 1149
1731 1150
1733 1150
1733 1151
1734 1151
1734 1152
1735 1152
1735 1153
1736 1153
1736 1154
1737 1154
1737 1156
1738 1156
1738 1159
1739 1159
1739 1160
1741 1160
1741 1161
1744 1161
1744 1162
1747 1162
1747 1163
1748 1163
1748 1162
1750 1162
1750 1154
1749 1154
1749 1149
1750 1149
1750 1148
1751 1148
1751 1147
1755 1147
1755 1146
1756 1146
1756 1145
1760 1145
1760 1144
1761 1144
1761 1143
1764 1143
1764 1142
1765 1142
1765 1141
1766 1141
1766 1140
1768 1140
1768 1139
1770 1139
1770 1138
1772 1138
1772 1137
1774 1137
1774 1136
1775 1136
1775 1135
1776 1135
1776 1134
1778 1134
1778 1133
1779 1133
1779 1132
1780 1132
1780 1131
1781 1131
1781 1130
1782 1130
1782 1129
1783 1129
1783 1121
1784 1121
1784 1120
1785 1120
1785 1119
1792 1119
1792 1118
1793 1118
1793 1119
1796 1119
1796 1120
1797 1120
1797 1122
1798 1122
1798 1129
1809 1129
1809 1125
1810 1125
1810 1124
1811 1124
1811 1123
1819 1123
1819 1124
1821 1124
1821 1125
1822 1125
1822 1127
1823 1127
1823 1128
1824 1128
1824 1129
1825 1129
1825 1130
1826 1130
1826 1131
1827 1131
1827 1133
1828 1133
1828 1137
1829 1137
1829 1139
1830 1139
1830 1141
1831 1141
1831 1145
1832 1145
1832 1148
1833 1148
1833 1155
1834 1155
1834 1160
1835 1160
1835 1165
1836 1165
1836 1168
1837 1168
1837 1171
1838 1171
1838 1174
1839 1174
1839 1177
1840 1177
1840 1178
1841 1178
1841 1180
1842 1180
1842 1184
1843 1184
1843 1185
1844 1185
1844 1186
1846 1186
1846 1187
1848 1187
1848 1188
1850 1188
1850 1189
1853 1189
1853 1190
1855 1190
1855 1191
1857 1191
1857 1192
1858 1192
1858 1194
1859 1194
1859 1196
1864 1196
1864 1195
1871 1195
1871 1196
1872 1196
1872 1197
1873 1197
1873 1198
1875 1198
1875 1199
1876 1199
1876 1200
1877 1200
1877 1201
1878 1201
1878 1202
1879 1202
1879 1203
1880 1203
1880 1205
1881 1205
1881 1207
1882 1207
1882 1210
1883 1210
1883 1212
1884 1212
1884 1213
1885 1213
1885 1214
1886 1214
1886 1216
1889 1216
1889 1217
1890 1217
1890 1218
1891 1218
1891 1220
1892 1220
1892 1221
1896 1221
1896 1223
1897 1223
1897 1224
1903 1224
1903 1223
1907 1223
1907 1224
1908 1224
1908 1225
1910 1225
1910 1226
1912 1226
1912 1225
1925 1225
1925 1226
1937 1226
1937 1225
1939 1225
1939 1224
1945 1224
1945 1223
1946 1223
1946 1224
1960 1224
1960 1223
1965 1223
1965 1222
1975 1222
1975 1221
1978 1221
1978 1227
1979 1227
1979 1235
1980 1235
1980 1236
1979 1236
1979 1240
1980 1240
1980 1246
1981 1246
1981 1248
1982 1248
1982 1250
1983 1250
1983 1251
1984 1251
1984 1252
1988 1252
1988 1253
1989 1253
1989 1254
1991 1254
1991 1255
1993 1255
1993 1256
1994 1256
1994 1257
1995 1257
1995 1258
1997 1258
1997 1259
1998 1259
1998 1260
1999 1260
1999 1261
2000 1261
2000 1262
2001 1262
2001 1263
2003 1263
2003 1264
2011 1264
2011 1265
2013 1265
2013 1266
2018 1266
2018 1267
2020 1267
2020 1268
2022 1268
2022 1269
2023 1269
2023 1270
2024 1270
2024 1271
2025 1271
2025 1272
2028 1272
2028 1273
2037 1273
2037 1270
2038 1270
2038 1245
2039 1245
2039 1244
2040 1244
2040 1242
2041 1242
2041 1241
2042 1241
2042 1239
2043 1239
2043 1238
2044 1238
2044 1237
2045 1237
2045 1236
2046 1236
2046 1235
2047 1235
2047 1234
2048 1234
2048 1233
2049 1233
2049 1232
2050 1232
2050 1231
2051 1231
2051 1230
2052 1230
2052 1228
2053 1228
2053 1221
2054 1221
2054 1205
2055 1205
2055 1204
2060 1204
2060 1205
2061 1205
2061 1206
2062 1206
2062 1207
2063 1207
2063 1214
2064 1214
2064 1215
2066 1215
2066 1216
2067 1216
2067 1218
2068 1218
2068 1220
2069 1220
2069 1222
2071 1222
2071 1223
2074 1223
2074 1224
2088 1224
2088 1225
2092 1225
2092 1226
2093 1226
2093 1227
2095 1227
2095 1228
2097 1228
2097 1229
2098 1229
2098 1230
2110 1230
2110 1229
2111 1229
2111 1228
2112 1228
2112 1227
2113 1227
2113 1225
2114 1225
2114 1218
2115 1218
2115 1217
2118 1217
2118 1216
2132 1216
2132 1215
2135 1215
2135 1214
2136 1214
2136 1213
2137 1213
2137 1212
2138 1212
2138 1211
2141 1211
2141 1210
2153 1210
2153 1209
2158 1209
2158 1208
2160 1208
2160 1209
2161 1209
2161 1210
2163 1210
2163 1209
2164 1209
2164 1207
2165 1207
2165 1205
2166 1205
2166 1204
2168 1204
2168 1203
2169 1203
2169 1202
2170 1202
2170 1201
2171 1201
2171 1200
2176 1200
2176 1199
2179 1199
2179 1198
2180 1198
2180 1197
2181 1197
2181 1196
2182 1196
2182 1195
2185 1195
2185 1194
2188 1194
2188 1193
2193 1193
2193 1194
2194 1194
2194 1195
2195 1195
2195 1196
2196 1196
2196 1201
2197 1201
2197 1203
2198 1203
2198 1206
2199 1206
2199 1208
2202 1208
2202 1207
2203 1207
2203 1178
2204 1178
2204 1177
2205 1177
2205 1176
2206 1176
2206 1175
2217 1175
2217 1176
2220 1176
2220 1177
2226 1177
2226 1178
2230 1178
2230 1180
2231 1180
2231 1181
2232 1181
2232 1182
2238 1182
2238 1183
2239 1183
2239 1182
2245 1182
2245 1183
2249 1183
2249 1184
2256 1184
2256 1183
2266 1183
2266 1184
2270 1184
2270 1183
2275 1183
2275 1182
2276 1182
2276 1181
2286 1181
2286 1180
2288 1180
2288 1178
2289 1178
2289 1177
2291 1177
2291 1176
2294 1176
2294 1175
2295 1175
2295 1172
2296 1172
2296 1171
2297 1171
2297 1169
2298 1169
2298 1166
2299 1166
2299 1165
2300 1165
2300 1164
2306 1164
2306 1165
2307 1165
2307 1166
2309 1166
2309 1167
2323 1167
2323 1166
2328 1166
2328 1165
2331 1165
2331 1164
2332 1164
2332 1163
2334 1163
2334 1162
2335 1162
2335 1161
2336 1161
2336 1160
2338 1160
2338 1159
2341 1159
2341 1158
2342 1158
2342 1157
2343 1157
2343 1156
2345 1156
2345 1155
2347 1155
2347 1154
2351 1154
2351 1153
2352 1153
2352 1152
2354 1152
2354 1151
2355 1151
2355 1150
2357 1150
2357 1142
2358 1142
2358 1115
2359 1115
2359 1104
2360 1104
2360 1093
2361 1093
2361 1092
2367 1092
2367 1091
2369 1091
2369 1089
2370 1089
2370 1081
2371 1081
2371 1079
2372 1079
2372 1078
2374 1078
2374 1079
2375 1079
2375 1080
2376 1080
2376 1081
2377 1081
2377 1082
2378 1082
2378 1083
2379 1083
2379 1085
2381 1085
2381 1086
2388 1086
2388 1087
2389 1087
2389 1086
2394 1086
2394 1081
2395 1081
2395 1066
2396 1066
2396 1065
2401 1065
2401 1066
2402 1066
2402 1067
2403 1067
2403 1068
2404 1068
2404 1069
2405 1069
2405 1070
2407 1070
2407 1071
2408 1071
2408 1072
2409 1072
2409 1073
2411 1073
2411 1072
2415 1072
2415 1073
2421 1073
2421 1074
2424 1074
2424 1073
2429 1073
2429 1072
2431 1072
2431 1071
2435 1071
2435 1070
2436 1070
2436 1069
2437 1069
2437 1068
2438 1068
2438 1067
2439 1067
2439 1065
2440 1065
2440 1064
2441 1064
2441 1063
2442 1063
2442 1062
2443 1062
2443 1061
2445 1061
2445 1060
2447 1060
2447 1059
2448 1059
2448 1058
2450 1058
2450 1057
2451 1057
2451 1056
2452 1056
2452 1054
2453 1054
2453 1035
2454 1035
2454 1032
2455 1032
2455 1031
2456 1031
2456 1030
2457 1030
2457 1029
2458 1029
2458 1028
2459 1028
2459 1027
2460 1027
2460 1026
2461 1026
2461 1025
2462 1025
2462 1024
2463 1024
2463 1023
2464 1023
2464 1020
2465 1020
2465 1012
2466 1012
2466 999
2471 999
2471 998
2473 998
2473 997
2475 997
2475 996
2476 996
2476 995
2477 995
2477 993
2478 993
2478 960
2479 960
2479 942
2480 942
2480 940
2483 940
2483 939
2490 939
2490 940
2493 940
2493 939
2498 939
2498 938
2499 938
2499 934
2500 934
2500 928
2501 928
2501 925
2502 925
2502 922
2503 922
2503 918
2504 918
2504 917
2507 917
2507 918
2510 918
2510 919
2511 919
2511 920
2512 920
2512 921
2514 921
2514 922
2520 922
2520 923
2521 923
2521 922
2526 922
2526 913
2527 913
2527 912
2528 912
2528 911
2538 911
2538 912
2528 912
2528 913
2527 913
2527 922
2526 922
2526 923
2521 923
2521 924
2520 924
2520 923
2514 923
2514 922
2512 922
2512 921
2511 921
2511 920
2510 920
2510 919
2507 919
2507 918
2504 918
2504 922
2503 922
2503 925
2502 925
2502 928
2501 928
2501 934
2500 934
2500 938
2499 938
2499 939
2498 939
2498 940
2493 940
2493 941
2490 941
2490 940
2483 940
2483 941
2481 941
2481 942
2480 942
2480 960
2479 960
2479 993
2478 993
2478 995
2477 995
2477 996
2476 996
2476 997
2475 997
2475 998
2473 998
2473 999
2471 999
2471 1000
2467 1000
2467 1012
2466 1012
2466 1020
2465 1020
2465 1023
2464 1023
2464 1024
2463 1024
2463 1025
2462 1025
2462 1026
2461 1026
2461 1027
2460 1027
2460 1028
2459 1028
2459 1029
2458 1029
2458 1030
2457 1030
2457 1031
2456 1031
2456 1032
2455 1032
2455 1035
2454 1035
2454 1054
2453 1054
2453 1056
2452 1056
2452 1057
2451 1057
2451 1058
2450 1058
2450 1059
2448 1059
2448 1060
2447 1060
2447 1061
2445 1061
2445 1062
2443 1062
2443 1063
2442 1063
2442 1064
2441 1064
2441 1065
2440 1065
2440 1067
2439 1067
2439 1068
2438 1068
2438 1069
2437 1069
2437 1070
2436 1070
2436 1071
2435 1071
2435 1072
2431 1072
2431 1073
2429 1073
2429 1074
2424 1074
2424 1075
2421 1075
2421 1074
2415 1074
2415 1073
2411 1073
2411 1074
2409 1074
2409 1073
2408 1073
2408 1072
2407 1072
2407 1071
2405 1071
2405 1070
2404 1070
2404 1069
2403 1069
2403 1068
2402 1068
2402 1067
2401 1067
2401 1066
2396 1066
2396 1081
2395 1081
2395 1086
2394 1086
2394 1087
2389 1087
2389 1088
2388 1088
2388 1087
2381 1087
2381 1086
2379 1086
2379 1085
2378 1085
2378 1083
2377 1083
2377 1082
2376 1082
2376 1081
2375 1081
2375 1080
2374 1080
2374 1079
2372 1079
2372 1081
2371 1081
2371 1089
2370 1089
2370 1091
2369 1091
2369 1092
2367 1092
2367 1093
2361 1093
2361 1104
2360 1104
2360 1115
2359 1115
2359 1142
2358 1142
2358 1150
2357 1150
2357 1151
2355 1151
2355 1152
2354 1152
2354 1153
2352 1153
2352 1154
2351 1154
2351 1155
2347 1155
2347 1156
2345 1156
2345 1157
2343 1157
2343 1158
2342 1158
2342 1159
2341 1159
2341 1160
2338 1160
2338 1161
2336 1161
2336 1162
2335 1162
2335 1163
2334 1163
2334 1164
2332 1164
2332 1165
2331 1165
2331 1166
2328 1166
2328 1167
2323 1167
2323 1168
2309 1168
2309 1167
2307 1167
2307 1166
2306 1166
2306 1165
2300 1165
2300 1166
2299 1166
2299 1169
2298 1169
2298 1171
2297 1171
2297 1172
2296 1172
2296 1175
2295 1175
2295 1176
2294 1176
2294 1177
2291 1177
2291 1178
2289 1178
