2218 956
2198 956
2198 957
2195 957
2195 958
2194 958
2194 959
2193 959
2193 960
2192 960
2192 962
2191 962
2191 964
2190 964
2190 965
2189 965
2189 966
2187 966
2187 967
2184 967
2184 968
2176 968
2176 967
2172 967
2172 966
2167 966
2167 965
2164 965
2164 964
2156 964
2156 963
2154 963
2154 962
2152 962
2152 961
2151 961
2151 960
2150 960
2150 959
2149 959
2149 958
2147 958
2147 957
2145 957
2145 956
2138 956
2138 955
2137 955
2137 954
2136 954
2136 953
2133 953
2133 952
2131 952
2131 951
2129 951
2129 950
2128 950
2128 949
2123 949
2123 950
2120 950
2120 952
2119 952
2119 954
2118 954
2118 955
2117 955
2117 956
2116 956
2116 958
2115 958
2115 959
2114 959
2114 960
2113 960
2113 961
2112 961
2112 964
2111 964
2111 965
2108 965
2108 966
2106 966
2106 967
2103 967
2103 968
2101 968
2101 969
2096 969
2096 970
2093 970
2093 971
2070 971
2070 995
2071 995
2071 1008
2072 1008
2072 1019
2071 1019
2071 1021
2070 1021
2070 1023
2069 1023
2069 1024
2068 1024
2068 1025
2067 1025
2067 1026
2066 1026
2066 1027
2065 1027
2065 1028
2064 1028
2064 1030
2063 1030
2063 1033
2062 1033
2062 1036
2061 1036
2061 1041
2060 1041
2060 1047
2059 1047
2059 1048
2058 1048
2058 1049
2057 1049
2057 1050
2055 1050
2055 1051
2053 1051
2053 1052
2051 1052
2051 1053
2050 1053
2050 1054
2048 1054
2048 1055
2047 1055
2047 1056
2046 1056
2046 1057
2045 1057
2045 1058
2044 1058
2044 1059
2042 1059
2042 1060
2039 1060
2039 1061
2036 1061
2036 1062
2033 1062
2033 1063
2029 1063
2029 1064
2027 1064
2027 1083
2028 1083
2028 1088
2027 1088
2027 1091
2028 1091
2028 1098
2027 1098
2027 1104
2026 1104
2026 1109
2027 1109
2027 1110
2026 1110
2026 1113
2025 1113
2025 1114
2024 1114
2024 1116
2023 1116
2023 1118
2022 1118
2022 1120
2021 1120
2021 1121
2022 1121
2022 1123
2021 1123
2021 1128
2020 1128
2020 1129
2019 1129
2019 1132
2018 1132
2018 1133
2017 1133
2017 1134
2015 1134
2015 1135
2014 1135
2014 1136
2013 1136
2013 1137
2012 1137
2012 1138
2011 1138
2011 1140
2010 1140
2010 1141
2009 1141
2009 1142
2008 1142
2008 1143
2007 1143
2007 1144
2006 1144
2006 1146
2005 1146
2005 1147
2004 1147
2004 1148
2002 1148
2002 1149
2001 1149
2001 1150
1999 1150
1999 1151
1998 1151
1998 1152
1995 1152
1995 1153
1994 1153
1994 1154
1993 1154
1993 1155
1990 1155
1990 1156
1988 1156
1988 1157
1984 1157
1984 1158
1982 1158
1982 1159
1975 1159
1975 1158
1971 1158
1971 1157
1970 1157
1970 1156
1968 1156
1968 1155
1965 1155
1965 1154
1964 1154
1964 1152
1963 1152
1963 1150
1962 1150
1962 1148
1961 1148
1961 1146
1960 1146
1960 1145
1959 1145
1959 1144
1958 1144
1958 1143
1956 1143
1956 1142
1955 1142
1955 1141
1953 1141
1953 1140
1952 1140
1952 1139
1951 1139
1951 1138
1950 1138
1950 1136
1949 1136
1949 1134
1944 1134
1944 1133
1939 1133
1939 1132
1938 1132
1938 1131
1937 1131
1937 1130
1936 1130
1936 1129
1935 1129
1935 1128
1934 1128
1934 1124
1933 1124
1933 1121
1932 1121
1932 1109
1931 1109
1931 1106
1930 1106
1930 1104
1929 1104
1929 1080
1928 1080
1928 1079
1926 1079
1926 1078
1919 1078
1919 1079
1915 1079
1915 1080
1913 1080
1913 1081
1904 1081
1904 1080
1899 1080
1899 1079
1896 1079
1896 1078
1887 1078
1887 1088
1886 1088
1886 1098
1887 1098
1887 1110
1886 1110
1886 1113
1885 1113
1885 1114
1884 1114
1884 1115
1883 1115
1883 1116
1882 1116
1882 1117
1881 1117
1881 1121
1880 1121
1880 1124
1881 1124
1881 1125
1880 1125
1880 1127
1879 1127
1879 1128
1878 1128
1878 1129
1876 1129
1876 1130
1874 1130
1874 1129
1870 1129
1870 1130
1863 1130
1863 1131
1860 1131
1860 1132
1856 1132
1856 1133
1850 1133
1850 1135
1849 1135
1849 1140
1848 1140
1848 1142
1847 1142
1847 1143
1845 1143
1845 1144
1842 1144
1842 1145
1841 1145
1841 1146
1840 1146
1840 1147
1839 1147
1839 1149
1838 1149
1838 1150
1837 1150
1837 1151
1836 1151
1836 1152
1835 1152
1835 1153
1834 1153
1834 1154
1832 1154
1832 1155
1831 1155
1831 1156
1830 1156
1830 1157
1829 1157
1829 1159
1828 1159
1828 1160
1827 1160
1827 1161
1825 1161
1825 1162
1824 1162
1824 1163
1822 1163
1822 1164
1820 1164
1820 1165
1816 1165
1816 1166
1814 1166
1814 1167
1812 1167
1812 1168
1810 1168
1810 1169
1809 1169
1809 1170
1808 1170
1808 1171
1806 1171
1806 1172
1805 1172
1805 1173
1804 1173
1804 1174
1802 1174
1802 1175
1798 1175
1798 1176
1790 1176
1790 1177
1786 1177
1786 1178
1784 1178
1784 1179
1782 1179
1782 1180
1780 1180
1780 1181
1777 1181
1777 1182
1775 1182
1775 1181
1769 1181
1769 1182
1765 1182
1765 1183
1762 1183
1762 1184
1761 1184
1761 1185
1759 1185
1759 1186
1756 1186
1756 1187
1752 1187
1752 1188
1750 1188
1750 1189
1749 1189
1749 1190
1745 1190
1745 1191
1740 1191
1740 1190
1738 1190
1738 1189
1735 1189
1735 1188
1733 1188
1733 1187
1731 1187
1731 1186
1729 1186
1729 1185
1727 1185
1727 1184
1724 1184
1724 1183
1720 1183
1720 1182
1718 1182
1718 1181
1713 1181
1713 1180
1711 1180
1711 1179
1709 1179
1709 1178
1708 1178
1708 1177
1707 1177
1707 1176
1706 1176
1706 1175
1705 1175
1705 1173
1704 1173
1704 1172
1703 1172
1703 1170
1702 1170
1702 1169
1701 1169
1701 1167
1700 1167
1700 1166
1699 1166
1699 1165
1697 1165
1697 1164
1691 1164
1691 1165
1689 1165
1689 1166
1688 1166
1688 1167
1687 1167
1687 1168
1684 1168
1684 1169
1683 1169
1683 1170
1678 1170
1678 1171
1668 1171
1668 1170
1667 1170
1667 1169
1666 1169
1666 1168
1665 1168
1665 1167
1664 1167
1664 1166
1663 1166
1663 1165
1662 1165
1662 1164
1661 1164
1661 1163
1660 1163
1660 1162
1659 1162
1659 1161
1658 1161
1658 1160
1657 1160
1657 1158
1656 1158
1656 1156
1655 1156
1655 1153
1654 1153
1654 1151
1653 1151
1653 1149
1652 1149
1652 1145
1651 1145
1651 1143
1650 1143
1650 1138
1649 1138
1649 1127
1648 1127
1648 1124
1647 1124
1647 1122
1646 1122
1646 1121
1645 1121
1645 1120
1644 1120
1644 1119
1643 1119
1643 1118
1641 1118
1641 1117
1640 1117
1640 1116
1639 1116
1639 1115
1638 1115
1638 1113
1637 1113
1637 1111
1636 1111
1636 1109
1635 1109
1635 1105
1634 1105
1634 1103
1633 1103
1633 1087
1632 1087
1632 1083
1631 1083
1631 1082
1630 1082
1630 1081
1625 1081
1625 1082
1624 1082
1624 1085
1625 1085
1625 1089
1624 1089
1624 1094
1623 1094
1623 1096
1622 1096
1622 1098
1621 1098
1621 1099
1620 1099
1620 1101
1619 1101
1619 1102
1618 1102
1618 1103
1617 1103
1617 1104
1616 1104
1616 1105
1615 1105
1615 1106
1613 1106
1613 1107
1611 1107
1611 1108
1605 1108
1605 1109
1603 1109
1603 1110
1601 1110
1601 1111
1600 1111
1600 1112
1599 1112
1599 1113
1597 1113
1597 1114
1592 1114
1592 1115
1590 1115
1590 1116
1588 1116
1588 1117
1584 1117
1584 1118
1575 1118
1575 1117
1573 1117
1573 1118
1563 1118
1563 1119
1561 1119
1561 1120
1559 1120
1559 1122
1556 1122
1556 1123
1551 1123
1551 1124
1548 1124
1548 1125
1543 1125
1543 1126
1540 1126
1540 1127
1538 1127
1538 1128
1537 1128
1537 1129
1536 1129
1536 1130
1535 1130
1535 1131
1533 1131
1533 1132
1531 1132
1531 1133
1528 1133
1528 1134
1522 1134
1522 1133
1519 1133
1519 1132
1512 1132
1512 1133
1509 1133
1509 1134
1508 1134
1508 1135
1507 1135
1507 1136
1506 1136
1506 1137
1504 1137
1504 1138
1502 1138
1502 1139
1493 1139
1493 1140
1491 1140
1491 1143
1490 1143
1490 1144
1491 1144
1491 1150
1490 1150
1490 1153
1489 1153
1489 1154
1488 1154
1488 1155
1487 1155
1487 1156
1484 1156
1484 1157
1481 1157
1481 1158
1480 1158
1480 1159
1478 1159
1478 1160
1477 1160
1477 1161
1475 1161
1475 1162
1473 1162
1473 1163
1472 1163
1472 1164
1471 1164
1471 1166
1470 1166
1470 1176
1471 1176
1471 1181
1472 1181
1472 1189
1471 1189
1471 1194
1470 1194
1470 1198
1469 1198
1469 1203
1468 1203
1468 1205
1467 1205
1467 1206
1465 1206
1465 1207
1463 1207
1463 1208
1462 1208
1462 1209
1458 1209
1458 1210
1456 1210
1456 1211
1448 1211
1448 1212
1445 1212
1445 1211
1441 1211
1441 1212
1433 1212
1433 1211
1428 1211
1428 1210
1421 1210
1421 1209
1417 1209
1417 1208
1413 1208
1413 1207
1410 1207
1410 1206
1406 1206
1406 1205
1401 1205
1401 1204
1398 1204
1398 1203
1393 1203
1393 1202
1391 1202
1391 1201
1390 1201
1390 1200
1388 1200
1388 1199
1387 1199
1387 1198
1386 1198
1386 1196
1385 1196
1385 1194
1384 1194
1384 1190
1383 1190
1383 1189
1384 1189
1384 1187
1385 1187
1385 1185
1386 1185
1386 1179
1380 1179
1380 1178
1354 1178
1354 1179
1348 1179
1348 1180
1347 1180
1347 1182
1346 1182
1346 1187
1345 1187
1345 1189
1344 1189
1344 1190
1343 1190
1343 1192
1342 1192
1342 1193
1341 1193
1341 1196
1340 1196
1340 1198
1339 1198
1339 1199
1338 1199
1338 1200
1337 1200
1337 1202
1336 1202
1336 1203
1335 1203
1335 1204
1334 1204
1334 1205
1332 1205
1332 1206
1330 1206
1330 1207
1327 1207
1327 1208
1325 1208
1325 1209
1321 1209
1321 1210
1314 1210
1314 1211
1309 1211
1309 1210
1294 1210
1294 1209
1289 1209
1289 1208
1282 1208
1282 1207
1276 1207
1276 1206
1274 1206
1274 1205
1270 1205
1270 1204
1268 1204
1268 1203
1265 1203
1265 1202
1262 1202
1262 1201
1261 1201
1261 1200
1260 1200
1260 1199
1258 1199
1258 1198
1254 1198
1254 1197
1252 1197
1252 1196
1250 1196
1250 1195
1249 1195
1249 1194
1248 1194
1248 1193
1247 1193
1247 1192
1244 1192
1244 1191
1242 1191
1242 1190
1239 1190
1239 1189
1236 1189
1236 1188
1234 1188
1234 1187
1232 1187
1232 1186
1230 1186
1230 1185
1228 1185
1228 1184
1227 1184
1227 1183
1226 1183
1226 1182
1224 1182
1224 1181
1222 1181
1222 1180
1221 1180
1221 1179
1220 1179
1220 1178
1219 1178
1219 1177
1218 1177
1218 1176
1217 1176
1217 1175
1216 1175
1216 1174
1215 1174
1215 1172
1214 1172
1214 1170
1213 1170
1213 1169
1212 1169
1212 1167
1210 1167
1210 1166
1208 1166
1208 1165
1205 1165
1205 1164
1203 1164
1203 1163
1201 1163
1201 1162
1200 1162
1200 1161
1198 1161
1198 1160
1197 1160
1197 1159
1196 1159
1196 1158
1195 1158
1195 1157
1194 1157
1194 1155
1193 1155
1193 1153
1192 1153
1192 1150
1191 1150
1191 1143
1190 1143
1190 1137
1189 1137
1189 1127
1188 1127
1188 1117
1187 1117
1187 1107
1186 1107
1186 1101
1185 1101
1185 1091
1184 1091
1184 1086
1183 1086
1183 1076
1182 1076
1182 1068
1181 1068
1181 1062
1180 1062
1180 1060
1179 1060
1179 1045
1178 1045
1178 1040
1177 1040
1177 1037
1175 1037
1175 1036
1174 1036
1174 1035
1173 1035
1173 1034
1172 1034
1172 1033
1171 1033
1171 1032
1170 1032
1170 1031
1169 1031
1169 1030
1168 1030
1168 1027
1167 1027
1167 1023
1166 1023
1166 1022
1165 1022
1165 1018
1162 1018
1162 1017
1157 1017
1157 1016
1155 1016
1155 1017
1138 1017
1138 1018
1136 1018
1136 1019
1132 1019
1132 1020
1128 1020
1128 1021
1125 1021
1125 1022
1122 1022
1122 1023
1114 1023
1114 1024
1109 1024
1109 1023
1102 1023
1102 1022
1100 1022
1100 1023
1092 1023
1092 1022
1083 1022
1083 1023
1081 1023
1081 1028
1080 1028
1080 1038
1079 1038
1079 1041
1078 1041
1078 1042
1077 1042
1077 1043
1076 1043
1076 1044
1074 1044
1074 1045
1068 1045
1068 1046
1062 1046
1062 1047
1061 1047
1061 1050
1060 1050
1060 1052
1059 1052
1059 1053
1058 1053
1058 1054
1057 1054
1057 1055
1056 1055
1056 1056
1055 1056
1055 1057
1053 1057
1053 1058
1052 1058
1052 1059
1048 1059
1048 1060
1046 1060
1046 1061
1040 1061
1040 1060
1036 1060
1036 1059
1031 1059
1031 1058
1028 1058
1028 1057
1026 1057
1026 1056
1025 1056
1025 1055
1023 1055
1023 1054
1022 1054
1022 1053
1020 1053
1020 1052
1019 1052
1019 1051
1017 1051
1017 1050
1016 1050
1016 1049
1015 1049
1015 1048
1012 1048
1012 1047
1010 1047
1010 1046
1009 1046
1009 1045
1007 1045
1007 1044
1006 1044
1006 1042
1004 1042
1004 1037
1002 1037
1002 1036
1000 1036
1000 1035
996 1035
996 1034
995 1034
995 1033
992 1033
992 1032
991 1032
991 1031
990 1031
990 1030
989 1030
989 1028
988 1028
988 1027
987 1027
987 1026
986 1026
986 1025
983 1025
983 1024
981 1024
981 1023
980 1023
980 1021
979 1021
979 1019
978 1019
978 1017
977 1017
977 1016
976 1016
976 1015
975 1015
975 1014
972 1014
972 1013
971 1013
971 1012
970 1012
970 1011
969 1011
969 1010
968 1010
968 1009
966 1009
966 1008
965 1008
965 1007
958 1007
958 1006
956 1006
956 1005
955 1005
955 1004
954 1004
954 1002
953 1002
953 998
952 998
952 997
951 997
951 995
950 995
950 993
949 993
949 990
948 990
948 982
947 982
947 974
946 974
946 969
945 969
945 960
944 960
944 955
943 955
943 947
942 947
942 932
941 932
941 923
940 923
940 909
939 909
939 903
938 903
938 896
937 896
937 893
936 893
936 886
935 886
935 875
934 875
934 869
933 869
933 863
932 863
932 858
931 858
931 850
930 850
930 845
929 845
929 841
928 841
928 839
927 839
927 837
926 837
926 836
925 836
925 835
924 835
924 833
923 833
923 831
918 831
918 830
912 830
912 831
911 831
911 833
910 833
910 834
909 834
909 835
908 835
908 836
907 836
907 837
906 837
906 838
904 838
904 839
903 839
903 840
902 840
902 841
901 841
901 842
900 842
900 843
899 843
899 844
898 844
898 845
897 845
897 847
896 847
896 848
894 848
894 850
893 850
893 854
892 854
892 858
891 858
891 860
890 860
890 861
889 861
889 863
888 863
888 865
887 865
887 867
886 867
886 868
883 868
883 869
881 869
881 870
877 870
877 871
874 871
874 872
864 872
864 871
862 871
862 872
859 872
859 873
858 873
858 874
856 874
856 875
855 875
855 876
854 876
854 877
853 877
853 878
852 878
852 879
844 879
844 880
840 880
840 881
839 881
839 882
828 882
828 883
826 883
826 884
816 884
816 883
815 883
815 882
813 882
813 881
811 881
811 880
806 880
806 879
798 879
798 878
796 878
796 877
795 877
795 876
794 876
794 875
793 875
793 872
792 872
792 870
791 870
791 868
790 868
790 866
789 866
789 864
788 864
788 862
787 862
787 860
786 860
786 859
784 859
784 858
781 858
781 857
779 857
779 856
778 856
778 855
777 855
777 851
776 851
776 848
775 848
775 841
774 841
774 840
773 840
773 839
770 839
770 838
769 838
769 837
765 837
765 836
761 836
761 835
760 835
760 834
758 834
758 833
757 833
757 832
756 832
756 831
754 831
754 830
753 830
753 829
751 829
751 828
750 828
750 827
749 827
749 826
747 826
747 825
746 825
746 824
745 824
745 823
743 823
743 822
742 822
742 821
741 821
741 820
740 820
740 819
739 819
739 818
738 818
738 810
737 810
737 806
734 806
734 805
732 805
732 804
729 804
729 803
728 803
728 802
726 802
726 801
725 801
725 800
724 800
724 799
723 799
723 798
722 798
722 797
721 797
721 790
720 790
720 785
719 785
719 761
718 761
718 757
717 757
717 753
716 753
716 747
715 747
715 737
714 737
714 716
713 716
713 705
712 705
712 698
711 698
711 695
710 695
710 692
709 692
709 690
708 690
708 689
706 689
706 688
700 688
700 687
696 687
696 686
691 686
691 685
685 685
685 684
683 684
683 683
682 683
682 682
681 682
681 679
680 679
680 677
679 677
679 676
676 676
676 675
662 675
662 676
657 676
657 677
645 677
645 676
643 676
643 675
642 675
642 674
640 674
640 673
639 673
639 672
637 672
637 671
635 671
635 670
633 670
633 669
629 669
629 668
621 668
621 667
617 667
617 666
616 666
616 665
612 665
612 664
610 664
610 663
609 663
609 662
608 662
608 661
607 661
607 659
606 659
606 657
605 657
605 655
604 655
604 652
603 652
603 650
602 650
602 649
601 649
601 648
600 648
600 646
599 646
599 645
598 645
598 643
597 643
597 642
596 642
596 640
595 640
595 639
594 639
594 638
593 638
593 637
592 637
592 636
590 636
590 635
588 635
588 634
587 634
587 633
586 633
586 632
585 632
585 625
584 625
584 622
583 622
583 619
582 619
582 618
581 618
581 617
579 617
579 616
578 616
578 615
574 615
574 614
573 614
573 613
571 613
571 612
570 612
570 611
569 611
569 608
568 608
568 598
567 598
567 589
566 589
566 587
565 587
565 580
564 580
564 571
563 571
563 569
562 569
562 566
561 566
561 563
560 563
560 561
559 561
559 559
558 559
558 557
557 557
557 556
556 556
556 555
555 555
555 554
554 554
554 553
553 553
553 552
552 552
552 548
551 548
551 546
550 546
550 541
549 541
549 533
548 533
548 528
547 528
547 523
546 523
546 498
545 498
545 489
544 489
544 480
543 480
543 468
542 468
542 464
541 464
541 456
540 456
540 450
539 450
539 444
538 444
538 434
537 434
537 428
536 428
536 422
535 422
535 419
534 419
534 417
533 417
533 416
532 416
532 415
531 415
531 398
530 398
530 396
531 396
531 398
532 398
532 415
533 415
533 416
534 416
534 417
535 417
535 419
536 419
536 422
537 422
537 428
538 428
538 434
539 434
539 444
540 444
540 450
541 450
541 456
542 456
542 464
543 464
543 468
544 468
544 480
545 480
545 489
546 489
546 498
547 498
547 523
548 523
548 528
549 528
549 533
550 533
550 541
551 541
551 546
552 546
552 548
553 548
553 552
554 552
554 553
555 553
555 554
556 554
556 555
557 555
557 556
558 556
558 557
559 557
559 559
560 559
560 561
561 561
561 563
562 563
562 566
563 566
563 569
564 569
564 571
565 571
565 580
566 580
566 587
567 587
567 589
568 589
568 598
569 598
569 608
570 608
570 611
571 611
571 612
573 612
573 613
574 613
574 614
578 614
578 615
579 615
579 616
581 616
581 617
582 617
582 618
583 618
583 619
584 619
584 622
585 622
585 625
586 625
586 632
587 632
587 633
588 633
588 634
590 634
590 635
592 635
592 636
593 636
593 637
594 637
594 638
595 638
595 639
596 639
596 640
597 640
597 642
598 642
598 643
599 643
599 645
600 645
600 646
601 646
601 648
602 648
602 649
603 649
603 650
604 650
604 652
605 652
605 655
606 655
606 657
607 657
607 659
608 659
608 661
609 661
609 662
610 662
610 663
612 663
612 664
616 664
616 665
617 665
617 666
621 666
621 667
629 667
629 668
633 668
633 669
635 669
635 670
637 670
637 671
639 671
639 672
640 672
640 673
642 673
642 674
643 674
643 675
645 675
645 676
657 676
657 675
662 675
662 674
676 674
676 675
679 675
679 676
680 676
680 677
681 677
681 679
682 679
682 682
683 682
683 683
685 683
685 684
691 684
691 685
696 685
696 686
700 686
700 687
706 687
706 688
708 688
708 689
709 689
709 690
710 690
710 692
711 692
711 695
712 695
712 698
713 698
713 705
714 705
714 716
715 716
715 737
716 737
716 747
717 747
717 753
718 753
718 757
719 757
719 761
720 761
720 785
721 785
721 790
722 790
722 797
723 797
723 798
724 798
724 799
725 799
725 800
726 800
726 801
728 801
728 802
729 802
729 803
732 803
732 804
734 804
734 805
737 805
737 806
738 806
738 810
739 810
739 818
740 818
740 819
741 819
741 820
742 820
742 821
743 821
743 822
745 822
745 823
746 823
746 824
747 824
747 825
749 825
749 826
750 826
750 827
751 827
751 828
753 828
753 829
754 829
754 830
756 830
756 831
757 831
757 832
758 832
758 833
760 833
760 834
761 834
761 835
765 835
765 836
769 836
769 837
770 837
770 838
773 838
773 839
774 839
774 840
775 840
775 841
776 841
776 848
777 848
777 851
778 851
778 855
779 855
779 856
781 856
781 857
784 857
784 858
786 858
786 859
787 859
787 860
788 860
788 862
789 862
789 864
790 864
790 866
791 866
791 868
792 868
792 870
793 870
793 872
794 872
794 875
795 875
795 876
796 876
796 877
798 877
798 878
806 878
806 879
811 879
811 880
813 880
813 881
815 881
815 882
816 882
816 883
826 883
826 882
828 882
828 881
839 881
839 880
840 880
840 879
844 879
844 878
852 878
852 877
853 877
853 876
854 876
854 875
855 875
855 874
856 874
856 873
858 873
858 872
859 872
859 871
862 871
862 870
864 870
864 871
874 871
874 870
877 870
877 869
881 869
881 868
883 868
883 867
886 867
886 865
887 865
887 863
888 863
888 861
889 861
889 860
890 860
890 858
891 858
891 854
892 854
892 850
893 850
893 848
894 848
894 847
896 847
896 845
897 845
897 844
898 844
898 843
899 843
899 842
900 842
900 841
901 841
901 840
902 840
902 839
903 839
903 838
904 838
904 837
906 837
906 836
907 836
907 835
908 835
908 834
909 834
909 833
910 833
910 830
912 830
912 829
918 829
918 830
923 830
923 831
924 831
924 833
925 833
925 835
926 835
926 836
927 836
927 837
928 837
928 839
929 839
929 841
930 841
930 845
931 845
931 850
932 850
932 858
933 858
933 863
934 863
934 869
935 869
935 875
936 875
936 886
937 886
937 893
938 893
938 896
939 896
939 903
940 903
940 909
941 909
941 923
942 923
942 932
943 932
943 947
944 947
944 955
945 955
945 960
946 960
946 969
947 969
947 974
948 974
948 982
949 982
949 990
950 990
950 993
951 993
951 995
952 995
952 997
953 997
953 998
954 998
954 1002
955 1002
955 1004
956 1004
956 1005
958 1005
958 1006
965 1006
965 1007
966 1007
966 1008
968 1008
968 1009
969 1009
969 1010
970 1010
970 1011
971 1011
971 1012
972 1012
972 1013
975 1013
975 1014
976 1014
976 1015
977 1015
977 1016
978 1016
978 1017
979 1017
979 1019
980 1019
980 1021
981 1021
981 1023
983 1023
983 1024
986 1024
986 1025
987 1025
987 1026
988 1026
988 1027
989 1027
989 1028
990 1028
990 1030
991 1030
991 1031
992 1031
992 1032
995 1032
995 1033
996 1033
996 1034
1000 1034
1000 1035
1002 1035
1002 1036
1004 1036
1004 1037
1005 1037
1005 1041
1006 1041
1006 1042
1007 1042
1007 1044
1009 1044
1009 1045
1010 1045
1010 1046
1012 1046
1012 1047
1015 1047
1015 1048
1016 1048
1016 1049
1017 1049
1017 1050
1019 1050
1019 1051
1020 1051
1020 1052
1022 1052
1022 1053
1023 1053
1023 1054
1025 1054
1025 1055
1026 1055
1026 1056
1028 1056
1028 1057
1031 1057
1031 1058
1036 1058
1036 1059
1040 1059
1040 1060
1046 1060
1046 1059
1048 1059
1048 1058
1052 1058
1052 1057
1053 1057
1053 1056
1055 1056
1055 1055
1056 1055
1056 1054
1057 1054
1057 1053
1058 1053
1058 1052
1059 1052
1059 1050
1060 1050
1060 1047
1061 1047
1061 1046
1062 1046
1062 1045
1068 1045
1068 1044
1074 1044
1074 1043
1076 1043
1076 1042
1077 1042
1077 1041
1078 1041
1078 1038
1079 1038
1079 1028
1080 1028
1080 1023
1081 1023
1081 1022
1083 1022
1083 1021
1092 1021
1092 1022
1100 1022
1100 1021
1102 1021
1102 1022
1109 1022
1109 1023
1114 1023
1114 1022
1122 1022
1122 1021
1125 1021
1125 1020
1128 1020
1128 1019
1132 1019
1132 1018
1136 1018
1136 1017
1138 1017
1138 1016
1155 1016
1155 1015
1157 1015
1157 1016
1162 1016
1162 1017
1166 1017
1166 1022
1167 1022
1167 1023
1168 1023
1168 1027
1169 1027
1169 1030
1170 1030
1170 1031
1171 1031
1171 1032
1172 1032
1172 1033
1173 1033
1173 1034
1174 1034
1174 1035
1175 1035
1175 1036
1177 1036
1177 1037
1178 1037
1178 1040
1179 1040
1179 1045
1180 1045
1180 1060
1181 1060
1181 1062
1182 1062
1182 1068
1183 1068
1183 1076
1184 1076
1184 1086
1185 1086
1185 1091
1186 1091
1186 1101
1187 1101
1187 1107
1188 1107
1188 1117
1189 1117
1189 1127
1190 1127
1190 1137
1191 1137
1191 1143
1192 1143
1192 1150
1193 1150
1193 1153
1194 1153
1194 1155
1195 1155
1195 1157
1196 1157
1196 1158
1197 1158
1197 1159
1198 1159
1198 1160
1200 1160
1200 1161
1201 1161
1201 1162
1203 1162
1203 1163
1205 1163
1205 1164
1208 1164
1208 1165
1210 1165
1210 1166
1212 1166
1212 1167
1213 1167
1213 1169
1214 1169
1214 1170
1215 1170
1215 1172
1216 1172
1216 1174
1217 1174
1217 1175
1218 1175
1218 1176
1219 1176
1219 1177
1220 1177
1220 1178
1221 1178
1221 1179
1222 1179
1222 1180
1224 1180
1224 1181
1226 1181
1226 1182
1227 1182
1227 1183
1228 1183
1228 1184
1230 1184
1230 1185
1232 1185
1232 1186
1234 1186
1234 1187
1236 1187
1236 1188
1239 1188
1239 1189
1242 1189
1242 1190
1244 1190
1244 1191
1247 1191
1247 1192
1248 1192
1248 1193
1249 1193
1249 1194
1250 1194
1250 1195
1252 1195
1252 1196
1254 1196
1254 1197
1258 1197
1258 1198
1260 1198
1260 1199
1261 1199
1261 1200
1262 1200
1262 1201
1265 1201
1265 1202
1268 1202
1268 1203
1270 1203
1270 1204
1274 1204
1274 1205
1276 1205
1276 1206
1282 1206
1282 1207
1289 1207
1289 1208
1294 1208
1294 1209
1309 1209
1309 1210
1314 1210
1314 1209
1321 1209
1321 1208
1325 1208
1325 1207
1327 1207
1327 1206
1330 1206
1330 1205
1332 1205
1332 1204
1334 1204
1334 1203
1335 1203
1335 1202
1336 1202
1336 1200
1337 1200
1337 1199
1338 1199
1338 1198
1339 1198
1339 1196
1340 1196
1340 1193
1341 1193
1341 1192
1342 1192
1342 1190
1343 1190
1343 1189
1344 1189
1344 1187
1345 1187
1345 1182
1346 1182
1346 1180
1347 1180
1347 1179
1348 1179
1348 1178
1354 1178
1354 1177
1380 1177
1380 1178
1386 1178
1386 1179
1387 1179
1387 1185
1386 1185
1386 1187
1385 1187
1385 1189
1384 1189
1384 1190
1385 1190
1385 1194
1386 1194
1386 1196
1387 1196
1387 1198
1388 1198
1388 1199
1390 1199
1390 1200
1391 1200
1391 1201
1393 1201
1393 1202
1398 1202
1398 1203
1401 1203
1401 1204
1406 1204
1406 1205
1410 1205
1410 1206
1413 1206
1413 1207
1417 1207
1417 1208
1421 1208
1421 1209
1428 1209
1428 1210
1433 1210
1433 1211
1441 1211
1441 1210
1445 1210
1445 1211
1448 1211
1448 1210
1456 1210
1456 1209
1458 1209
1458 1208
1462 1208
1462 1207
1463 1207
1463 1206
1465 1206
1465 1205
1467 1205
1467 1203
1468 1203
1468 1198
1469 1198
1469 1194
1470 1194
1470 1189
1471 1189
1471 1181
1470 1181
1470 1176
1469 1176
1469 1166
1470 1166
1470 1164
1471 1164
1471 1163
1472 1163
1472 1162
1473 1162
1473 1161
1475 1161
1475 1160
1477 1160
1477 1159
1478 1159
1478 1158
1480 1158
1480 1157
1481 1157
1481 1156
1484 1156
1484 1155
1487 1155
1487 1154
1488 1154
1488 1153
1489 1153
1489 1150
1490 1150
1490 1144
1489 1144
1489 1143
1490 1143
1490 1140
1491 1140
1491 1139
1493 1139
1493 1138
1502 1138
1502 1137
1504 1137
1504 1136
1506 1136
1506 1135
1507 1135
1507 1134
1508 1134
1508 1133
1509 1133
1509 1132
1512 1132
1512 1131
1519 1131
1519 1132
1522 1132
1522 1133
1528 1133
1528 1132
1531 1132
1531 1131
1533 1131
1533 1130
1535 1130
1535 1129
1536 1129
1536 1128
1537 1128
1537 1127
1538 1127
1538 1126
1540 1126
1540 1125
1543 1125
1543 1124
1548 1124
1548 1123
1551 1123
1551 1122
1556 1122
1556 1121
1558 1121
1558 1120
1559 1120
1559 1119
1561 1119
1561 1118
1563 1118
1563 1117
1573 1117
1573 1116
1575 1116
1575 1117
1584 1117
1584 1116
1588 1116
1588 1115
1590 1115
1590 1114
1592 1114
1592 1113
1597 1113
1597 1112
1599 1112
1599 1111
1600 1111
1600 1110
1601 1110
1601 1109
1603 1109
1603 1108
1605 1108
1605 1107
1611 1107
1611 1106
1613 1106
1613 1105
1615 1105
1615 1104
1616 1104
1616 1103
1617 1103
1617 1102
1618 1102
1618 1101
1619 1101
1619 1099
1620 1099
1620 1098
1621 1098
1621 1096
1622 1096
1622 1094
1623 1094
1623 1089
1624 1089
1624 1085
1623 1085
1623 1082
1624 1082
1624 1081
1625 1081
1625 1080
1630 1080
1630 1081
1631 1081
1631 1082
1632 1082
1632 1083
1633 1083
1633 1087
1634 1087
1634 1103
1635 1103
1635 1105
1636 1105
1636 1109
1637 1109
1637 1111
1638 1111
1638 1113
1639 1113
1639 1115
1640 1115
1640 1116
1641 1116
1641 1117
1643 1117
1643 1118
1644 1118
1644 1119
1645 1119
1645 1120
1646 1120
1646 1121
1647 1121
1647 1122
1648 1122
1648 1124
1649 1124
1649 1127
1650 1127
1650 1138
1651 1138
1651 1143
1652 1143
1652 1145
1653 1145
1653 1149
1654 1149
1654 1151
1655 1151
1655 1153
1656 1153
1656 1156
1657 1156
1657 1158
1658 1158
1658 1160
1659 1160
1659 1161
1660 1161
1660 1162
1661 1162
1661 1163
1662 1163
1662 1164
1663 1164
1663 1165
1664 1165
1664 1166
1665 1166
1665 1167
1666 1167
1666 1168
1667 1168
1667 1169
1668 1169
1668 1170
1678 1170
1678 1169
1683 1169
1683 1168
1684 1168
1684 1167
1687 1167
1687 1166
1688 1166
1688 1165
1689 1165
1689 1164
1691 1164
1691 1163
1697 1163
1697 1164
1699 1164
1699 1165
1700 1165
1700 1166
1701 1166
1701 1167
1702 1167
1702 1169
1703 1169
1703 1170
1704 1170
1704 1172
1705 1172
1705 1173
1706 1173
1706 1175
1707 1175
1707 1176
1708 1176
1708 1177
1709 1177
1709 1178
1711 1178
1711 1179
1713 1179
1713 1180
1718 1180
1718 1181
1720 1181
1720 1182
1724 1182
1724 1183
1727 1183
1727 1184
1729 1184
1729 1185
1731 1185
1731 1186
1733 1186
1733 1187
1735 1187
1735 1188
1738 1188
1738 1189
1740 1189
1740 1190
1745 1190
1745 1189
1749 1189
1749 1188
1750 1188
1750 1187
1752 1187
1752 1186
1756 1186
1756 1185
1759 1185
1759 1184
1761 1184
1761 1183
1762 1183
1762 1182
1765 1182
1765 1181
1769 1181
1769 1180
1775 1180
1775 1181
1777 1181
1777 1180
1780 1180
1780 1179
1782 1179
1782 1178
1784 1178
1784 1177
1786 1177
1786 1176
1790 1176
1790 1175
1798 1175
1798 1174
1802 1174
1802 1173
1804 1173
1804 1172
1805 1172
1805 1171
1806 1171
1806 1170
1808 1170
1808 1169
1809 1169
1809 1168
1810 1168
1810 1167
1812 1167
1812 1166
1814 1166
1814 1165
1816 1165
1816 1164
1820 1164
1820 1163
1822 1163
1822 1162
1824 1162
1824 1161
1825 1161
1825 1160
1827 1160
1827 1159
1828 1159
1828 1157
1829 1157
1829 1156
1830 1156
1830 1155
1831 1155
1831 1154
1832 1154
1832 1153
1834 1153
1834 1152
1835 1152
1835 1151
1836 1151
1836 1150
1837 1150
1837 1149
1838 1149
1838 1147
1839 1147
1839 1146
1840 1146
1840 1145
1841 1145
1841 1144
1842 1144
1842 1143
1845 1143
1845 1142
1847 1142
1847 1140
1848 1140
1848 1135
1849 1135
1849 1133
1850 1133
1850 1132
1856 1132
1856 1131
1860 1131
1860 1130
1863 1130
1863 1129
1870 1129
1870 1128
1874 1128
1874 1129
1876 1129
1876 1128
1878 1128
1878 1127
1879 1127
1879 1125
1880 1125
1880 1124
1879 1124
1879 1121
1880 1121
1880 1117
1881 1117
1881 1116
1882 1116
1882 1115
1883 1115
1883 1114
1884 1114
1884 1113
1885 1113
1885 1110
1886 1110
1886 1098
1885 1098
1885 1088
1886 1088
1886 1078
1887 1078
1887 1077
1896 1077
1896 1078
1899 1078
1899 1079
1904 1079
1904 1080
1913 1080
1913 1079
1915 1079
1915 1078
1919 1078
1919 1077
1926 1077
1926 1078
1928 1078
1928 1079
1929 1079
1929 1080
1930 1080
1930 1104
1931 1104
1931 1106
1932 1106
1932 1109
1933 1109
1933 1121
1934 1121
1934 1124
1935 1124
1935 1128
1936 1128
1936 1129
1937 1129
1937 1130
1938 1130
1938 1131
1939 1131
1939 1132
1944 1132
1944 1133
1949 1133
1949 1134
1950 1134
1950 1136
1951 1136
1951 1138
1952 1138
1952 1139
1953 1139
1953 1140
1955 1140
1955 1141
1956 1141
1956 1142
1958 1142
1958 1143
1959 1143
1959 1144
1960 1144
1960 1145
1961 1145
1961 1146
1962 1146
1962 1148
1963 1148
1963 1150
1964 1150
1964 1152
1965 1152
1965 1154
1968 1154
1968 1155
1970 1155
1970 1156
1971 1156
1971 1157
1975 1157
1975 1158
1982 1158
1982 1157
1984 1157
1984 1156
1988 1156
1988 1155
1990 1155
1990 1154
1993 1154
1993 1153
1994 1153
1994 1152
1995 1152
1995 1151
1998 1151
1998 1150
1999 1150
1999 1149
2001 1149
2001 1148
2002 1148
2002 1147
2004 1147
2004 1146
2005 1146
2005 1144
2006 1144
2006 1143
2007 1143
2007 1142
2008 1142
2008 1141
2009 1141
2009 1140
2010 1140
2010 1138
2011 1138
2011 1137
2012 1137
2012 1136
2013 1136
2013 1135
2014 1135
2014 1134
2015 1134
2015 1133
2017 1133
2017 1132
2018 1132
2018 1129
2019 1129
2019 1128
2020 1128
2020 1123
2021 1123
2021 1121
2020 1121
2020 1120
2021 1120
2021 1118
2022 1118
2022 1116
2023 1116
2023 1114
2024 1114
2024 1113
2025 1113
2025 1110
2026 1110
2026 1109
2025 1109
2025 1104
2026 1104
2026 1098
2027 1098
2027 1091
2026 1091
2026 1088
2027 1088
2027 1083
2026 1083
2026 1064
2027 1064
2027 1063
2029 1063
2029 1062
2033 1062
2033 1061
2036 1061
2036 1060
2039 1060
2039 1059
2042 1059
2042 1058
2044 1058
2044 1057
2045 1057
2045 1056
2046 1056
2046 1055
2047 1055
2047 1054
2048 1054
2048 1053
2050 1053
2050 1052
2051 1052
2051 1051
2053 1051
2053 1050
2055 1050
2055 1049
2057 1049
2057 1048
2058 1048
2058 1047
2059 1047
2059 1041
2060 1041
2060 1036
2061 1036
2061 1033
2062 1033
2062 1030
2063 1030
2063 1028
2064 1028
2064 1027
2065 1027
2065 1026
2066 1026
2066 1025
2067 1025
2067 1024
2068 1024
2068 1023
2069 1023
2069 1021
2070 1021
2070 1019
2071 1019
2071 1008
2070 1008
2070 995
2069 995
2069 970
2093 970
2093 969
2096 969
2096 968
2101 968
2101 967
2103 967
2103 966
2106 966
2106 965
2108 965
2108 964
2111 964
2111 961
2112 961
2112 960
2113 960
2113 959
2114 959
2114 958
2115 958
2115 956
2116 956
2116 955
2117 955
2117 954
2118 954
2118 952
2119 952
2119 950
2120 950
2120 949
2123 949
2123 948
2128 948
2128 949
2129 949
2129 950
2131 950
2131 951
2133 951
2133 952
2136 952
2136 953
2137 953
2137 954
2138 954
2138 955
2145 955
2145 956
2147 956
2147 957
2149 957
2149 958
2150 958
2150 959
2151 959
2151 960
2152 960
2152 961
2154 961
2154 962
2156 962
2156 963
2164 963
2164 964
2167 964
2167 965
2172 965
2172 966
2176 966
2176 967
2184 967
2184 966
2187 966
2187 965
2189 965
2189 964
2190 964
2190 962
2191 962
2191 960
2192 960
2192 959
2193 959
2193 958
2194 958
2194 957
2195 957
2195 956
2198 956
2198 955
2218 955
2218 954
2225 954
2225 953
2227 953
2227 952
2228 952
2228 951
2229 951
2229 950
2232 950
2232 949
2234 949
2234 948
2236 948
2236 947
2237 947
2237 946
2238 946
2238 945
2239 945
2239 944
2240 944
2240 943
2241 943
2241 942
2242 942
2242 941
2243 941
2243 939
2244 939
2244 935
2245 935
2245 930
2246 930
2246 927
2247 927
2247 919
2248 919
2248 896
2247 896
2247 886
2246 886
2246 884
2247 884
2247 882
2248 882
2248 881
2249 881
2249 880
2250 880
2250 879
2252 879
2252 878
2253 878
2253 877
2255 877
2255 876
2256 876
2256 874
2257 874
2257 873
2258 873
2258 862
2259 862
2259 860
2260 860
2260 859
2261 859
2261 858
2263 858
2263 857
2265 857
2265 856
2266 856
2266 855
2268 855
2268 854
2269 854
2269 841
2270 841
2270 837
2271 837
2271 836
2272 836
2272 835
2273 835
2273 834
2275 834
2275 833
2277 833
2277 832
2278 832
2278 831
2279 831
2279 830
2280 830
2280 828
2281 828
2281 827
2282 827
2282 823
2283 823
2283 818
2284 818
2284 816
2283 816
2283 799
2284 799
2284 798
2285 798
2285 797
2286 797
2286 795
2287 795
2287 794
2288 794
2288 792
2289 792
2289 780
2290 780
2290 774
2291 774
2291 762
2292 762
2292 755
2293 755
2293 752
2294 752
2294 751
2300 751
2300 750
2301 750
2301 749
2302 749
2302 748
2303 748
2303 747
2304 747
2304 746
2306 746
2306 745
2319 745
2319 746
2323 746
2323 747
2325 747
2325 748
2328 748
2328 749
2330 749
2330 750
2333 750
2333 751
2335 751
2335 752
2338 752
2338 753
2339 753
2339 754
2341 754
2341 755
2342 755
2342 756
2343 756
2343 762
2344 762
2344 769
2345 769
2345 775
2346 775
2346 778
2347 778
2347 779
2348 779
2348 780
2349 780
2349 781
2350 781
2350 782
2351 782
2351 783
2352 783
2352 785
2353 785
2353 786
2354 786
2354 788
2355 788
2355 794
2356 794
2356 796
2357 796
2357 800
2358 800
2358 801
2359 801
2359 802
2360 802
2360 803
2361 803
2361 804
2363 804
2363 805
2369 805
2369 804
2381 804
2381 803
2385 803
2385 802
2386 802
2386 801
2387 801
2387 799
2388 799
2388 798
2389 798
2389 796
2390 796
2390 794
2392 794
2392 793
2395 793
2395 792
2398 792
2398 791
2399 791
2399 790
2400 790
2400 789
2401 789
2401 788
2402 788
2402 786
2403 786
2403 785
2404 785
2404 784
2405 784
2405 783
2406 783
2406 781
2407 781
2407 780
2409 780
2409 779
2411 779
2411 778
2417 778
2417 777
2419 777
2419 776
2420 776
2420 775
2421 775
2421 771
2422 771
2422 770
2423 770
2423 769
2425 769
2425 768
2427 768
2427 767
2430 767
2430 766
2433 766
2433 764
2434 764
2434 762
2435 762
2435 753
2436 753
2436 735
2437 735
2437 726
2438 726
2438 710
2439 710
2439 677
2438 677
2438 671
2439 671
2439 670
2440 670
2440 669
2442 669
2442 668
2443 668
2443 667
2445 667
2445 666
2446 666
2446 665
2447 665
2447 664
2448 664
2448 661
2449 661
2449 657
2450 657
2450 653
2451 653
2451 633
2452 633
2452 608
2453 608
2453 594
2452 594
2452 585
2453 585
2453 573
2454 573
2454 563
2453 563
2453 556
2454 556
2454 555
2455 555
2455 554
2456 554
2456 553
2458 553
2458 552
2459 552
2459 551
2460 551
2460 549
2461 549
2461 548
2462 548
2462 546
2463 546
2463 545
2464 545
2464 533
2465 533
2465 531
2466 531
2466 530
2475 530
2475 529
2482 529
2482 530
2491 530
2491 529
2501 529
2501 528
2504 528
2504 527
2508 527
2508 526
2515 526
2515 527
2516 527
2516 528
2518 528
2518 529
2521 529
2521 530
2522 530
2522 531
2524 531
2524 530
2529 530
2529 529
2531 529
2531 528
2532 528
2532 527
2534 527
2534 525
2535 525
2535 523
2536 523
2536 519
2537 519
2537 512
2538 512
2538 501
2537 501
2537 497
2538 497
2538 492
2539 492
2539 489
2540 489
2540 488
2541 488
2541 487
2542 487
2542 486
2544 486
2544 484
2545 484
2545 482
2546 482
2546 481
2547 481
2547 479
2548 479
2548 476
2549 476
2549 469
2550 469
2550 468
2551 468
2551 467
2553 467
2553 466
2555 466
2555 465
2557 465
2557 463
2558 463
2558 462
2559 462
2559 461
2560 461
2560 460
2561 460
2561 459
2563 459
2563 458
2564 458
2564 457
2565 457
2565 456
2566 456
2566 455
2567 455
2567 454
2568 454
2568 453
2570 453
2570 452
2572 452
2572 451
2575 451
2575 450
2577 450
2577 449
2580 449
2580 448
2581 448
2581 447
2582 447
2582 445
2583 445
2583 443
2584 443
2584 441
2585 441
2585 433
2586 433
2586 430
2587 430
2587 428
2588 428
2588 427
2589 427
2589 426
2590 426
2590 425
2593 425
2593 424
2595 424
2595 423
2596 423
2596 421
2597 421
2597 420
2598 420
2598 419
2599 419
2599 417
2600 417
2600 416
2602 416
2602 415
2603 415
2603 414
2604 414
2604 413
2605 413
2605 412
2606 412
2606 411
2608 411
2608 410
2610 410
2610 409
2612 409
2612 408
2615 408
2615 407
2616 407
2616 406
2617 406
2617 405
2620 405
2620 404
2622 404
2622 403
2624 403
2624 402
2627 402
2627 401
2629 401
2629 400
2630 400
2630 399
2631 399
2631 398
2632 398
2632 395
2633 395
2633 392
2634 392
2634 389
2635 389
2635 387
2636 387
2636 386
2637 386
2637 385
2638 385
2638 384
2639 384
2639 383
2641 383
2641 382
2646 382
2646 381
2659 381
2659 380
2666 380
2666 379
2674 379
2674 380
2679 380
2679 383
2685 383
2685 382
2691 382
2691 381
2695 381
2695 380
2696 380
2696 379
2697 379
2697 378
2701 378
2701 377
2704 377
2704 376
2709 376
2709 375
2711 375
2711 376
2709 376
2709 377
2704 377
2704 378
2701 378
2701 379
2697 379
2697 380
2696 380
2696 382
2691 382
2691 383
2685 383
2685 384
2679 384
2679 383
2678 383
2678 381
2674 381
2674 380
2666 380
2666 381
2659 381
2659 382
2646 382
2646 383
2641 383
2641 384
2639 384
2639 385
2638 385
2638 386
2637 386
2637 387
2636 387
2636 389
2635 389
2635 392
2634 392
2634 395
2633 395
2633 398
2632 398
2632 399
2631 399
2631 400
2630 400
2630 401
2629 401
2629 402
2627 402
2627 403
2624 403
2624 404
2622 404
2622 405
2620 405
2620 406
2617 406
2617 407
2616 407
2616 408
2615 408
2615 409
2612 409
2612 410
2610 410
2610 411
2608 411
2608 412
2606 412
2606 413
2605 413
2605 414
2604 414
2604 415
2603 415
2603 416
2602 416
2602 417
2600 417
2600 419
2599 419
2599 420
2598 420
2598 421
2597 421
2597 423
2596 423
2596 424
2595 424
2595 425
2593 425
2593 426
2590 426
2590 427
2589 427
2589 428
2588 428
2588 430
2587 430
2587 433
2586 433
2586 441
2585 441
2585 443
2584 443
2584 445
2583 445
2583 447
2582 447
2582 448
2581 448
2581 449
2580 449
2580 450
2577 450
2577 451
2575 451
2575 452
2572 452
2572 453
2570 453
2570 454
2568 454
2568 455
2567 455
2567 456
2566 456
2566 457
2565 457
2565 458
2564 458
2564 459
2563 459
2563 460
2561 460
2561 461
2560 461
2560 462
2559 462
2559 463
2558 463
2558 465
2557 465
2557 466
2555 466
2555 467
2553 467
2553 468
2551 468
2551 469
2550 469
2550 476
2549 476
2549 479
2548 479
2548 481
2547 481
2547 482
2546 482
2546 484
2545 484
2545 486
2544 486
2544 487
2542 487
2542 488
2541 488
2541 489
2540 489
2540 492
2539 492
2539 497
2538 497
2538 501
2539 501
2539 512
2538 512
2538 519
2537 519
2537 523
2536 523
2536 525
2535 525
2535 527
2534 527
2534 528
2532 528
2532 529
2531 529
2531 530
2529 530
2529 531
2524 531
2524 532
2522 532
2522 531
2521 531
2521 530
2518 530
2518 529
2516 529
2516 528
2515 528
2515 527
2508 527
2508 528
2504 528
2504 529
2501 529
2501 530
2491 530
2491 531
2482 531
2482 530
2475 530
2475 531
2466 531
2466 533
2465 533
2465 545
2464 545
2464 546
2463 546
2463 548
2462 548
2462 549
2461 549
2461 551
2460 551
2460 552
2459 552
2459 553
2458 553
2458 554
2456 554
2456 555
2455 555
2455 556
2454 556
2454 563
2455 563
2455 573
2454 573
2454 585
2453 585
2453 594
2454 594
2454 608
2453 608
2453 633
2452 633
2452 653
2451 653
2451 657
2450 657
2450 661
2449 661
2449 664
2448 664
2448 665
2447 665
2447 666
2446 666
2446 667
2445 667
2445 668
2443 668
2443 669
2442 669
2442 670
2440 670
2440 671
2439 671
2439 677
2440 677
2440 710
2439 710
2439 726
2438 726
2438 735
2437 735
2437 753
2436 753
2436 762
2435 762
2435 764
2434 764
2434 766
2433 766
2433 767
2430 767
2430 768
2427 768
2427 769
2425 769
2425 770
2423 770
2423 771
2422 771
2422 775
2421 775
2421 776
2420 776
2420 777
2419 777
2419 778
2417 778
2417 779
2411 779
2411 780
2409 780
2409 781
2407 781
2407 783
2406 783
2406 784
2405 784
2405 785
2404 785
2404 786
2403 786
2403 788
2402 788
2402 789
2401 789
2401 791
2399 791
2399 792
2398 792
2398 793
2395 793
2395 794
2392 794
2392 795
2391 795
2391 796
2390 796
2390 798
2389 798
2389 799
2388 799
2388 801
2387 801
2387 803
2385 803
2385 804
2381 804
2381 805
2369 805
2369 806
2363 806
2363 805
2361 805
2361 804
2360 804
2360 803
2359 803
2359 802
2358 802
2358 801
2357 801
2357 800
2356 800
2356 796
2355 796
2355 794
2354 794
2354 788
2353 788
2353 786
2352 786
2352 785
2351 785
2351 783
2350 783
2350 782
2349 782
2349 781
2348 781
2348 780
2347 780
2347 779
2346 779
2346 778
2345 778
2345 775
2344 775
2344 769
2343 769
2343 762
2342 762
2342 756
2341 756
2341 755
2339 755
2339 754
2338 754
2338 753
2335 753
2335 752
2333 752
2333 751
2330 751
2330 750
2328 750
2328 749
2325 749
2325 748
2323 748
2323 747
2319 747
2319 746
2306 746
2306 747
2304 747
2304 748
2303 748
2303 749
2302 749
2302 750
2301 750
2301 751
2300 751
2300 752
2294 752
2294 755
2293 755
2293 762
2292 762
2292 774
2291 774
2291 780
2290 780
2290 792
2289 792
2289 794
2288 794
2288 795
2287 795
2287 797
2286 797
2286 798
2285 798
2285 799
2284 799
2284 816
2285 816
2285 818
2284 818
2284 823
2283 823
2283 827
2282 827
2282 828
2281 828
2281 830
2280 830
2280 831
2279 831
2279 832
2278 832
2278 833
2277 833
2277 834
2275 834
2275 835
2273 835
2273 836
2272 836
2272 837
2271 837
2271 841
2270 841
2270 854
2269 854
2269 855
2268 855
2268 856
2266 856
2266 857
2265 857
2265 858
2263 858
2263 859
2261 859
2261 860
2260 860
2260 862
2259 862
2259 873
2258 873
2258 874
2257 874
2257 876
2256 876
2256 877
2255 877
2255 878
2253 878
2253 879
2252 879
2252 880
2250 880
2250 881
2249 881
2249 882
2248 882
2248 884
2247 884
2247 886
2248 886
2248 896
2249 896
2249 919
2248 919
2248 927
2247 927
2247 930
2246 930
2246 935
2245 935
2245 939
2244 939
2244 941
2243 941
2243 942
2242 942
2242 943
2241 943
2241 944
2240 944
2240 945
2239 945
2239 946
2238 946
2238 947
2237 947
2237 948
2236 948
2236 949
2234 949
2234 950
2232 950
2232 951
2229 951
2229 952
2228 952
2228 953
2227 953
2227 954
2225 954
2225 955
2218 955
