3418 898
3417 898
3417 899
3416 899
3416 900
3415 900
3415 901
3413 901
3413 902
3411 902
3411 903
3410 903
3410 904
3409 904
3409 906
3408 906
3408 909
3407 909
3407 910
3406 910
3406 911
3405 911
3405 913
3404 913
3404 914
3403 914
3403 915
3401 915
3401 916
3399 916
3399 917
3397 917
3397 918
3396 918
3396 919
3394 919
3394 920
3368 920
3368 919
3367 919
3367 918
3366 918
3366 916
3365 916
3365 915
3364 915
3364 914
3362 914
3362 913
3361 913
3361 912
3346 912
3346 911
3320 911
3320 912
3316 912
3316 913
3314 913
3314 914
3313 914
3313 915
3312 915
3312 916
3309 916
3309 917
3303 917
3303 920
3302 920
3302 936
3301 936
3301 946
3300 946
3300 951
3299 951
3299 954
3298 954
3298 957
3297 957
3297 958
3296 958
3296 959
3295 959
3295 960
3293 960
3293 961
3292 961
3292 962
3290 962
3290 963
3289 963
3289 964
3288 964
3288 965
3287 965
3287 966
3285 966
3285 967
3282 967
3282 968
3279 968
3279 969
3278 969
3278 970
3275 970
3275 971
3272 971
3272 972
3271 972
3271 973
3268 973
3268 974
3267 974
3267 975
3266 975
3266 977
3265 977
3265 979
3264 979
3264 980
3263 980
3263 981
3262 981
3262 982
3258 982
3258 983
3256 983
3256 984
3254 984
3254 985
3251 985
3251 986
3249 986
3249 987
3248 987
3248 988
3246 988
3246 989
3241 989
3241 990
3237 990
3237 991
3232 991
3232 992
3230 992
3230 993
3229 993
3229 994
3227 994
3227 995
3223 995
3223 996
3204 996
3204 995
3196 995
3196 996
3184 996
3184 995
3181 995
3181 994
3179 994
3179 993
3157 993
3157 994
3154 994
3154 995
3148 995
3148 994
3134 994
3134 995
3133 995
3133 1021
3132 1021
3132 1025
3131 1025
3131 1027
3130 1027
3130 1028
3129 1028
3129 1029
3128 1029
3128 1030
3127 1030
3127 1031
3126 1031
3126 1032
3123 1032
3123 1033
3120 1033
3120 1034
3119 1034
3119 1035
3117 1035
3117 1036
3116 1036
3116 1037
3115 1037
3115 1038
3114 1038
3114 1039
3113 1039
3113 1040
3112 1040
3112 1041
3110 1041
3110 1042
3103 1042
3103 1043
3101 1043
3101 1044
3097 1044
3097 1045
3096 1045
3096 1046
3094 1046
3094 1047
3092 1047
3092 1048
3091 1048
3091 1049
3089 1049
3089 1050
3088 1050
3088 1051
3087 1051
3087 1053
3086 1053
3086 1054
3085 1054
3085 1055
3082 1055
3082 1056
3081 1056
3081 1057
3080 1057
3080 1058
3077 1058
3077 1059
3074 1059
3074 1060
3072 1060
3072 1061
3070 1061
3070 1062
3069 1062
3069 1063
3067 1063
3067 1064
3066 1064
3066 1065
3058 1065
3058 1064
3040 1064
3040 1063
3030 1063
3030 1062
3019 1062
3019 1063
3018 1063
3018 1064
3017 1064
3017 1065
3013 1065
3013 1066
3008 1066
3008 1067
3007 1067
3007 1068
3006 1068
3006 1069
3005 1069
3005 1070
3002 1070
3002 1071
3001 1071
3001 1072
2997 1072
2997 1073
2996 1073
2996 1074
2993 1074
2993 1075
2988 1075
2988 1076
2986 1076
2986 1077
2983 1077
2983 1078
2981 1078
2981 1079
2979 1079
2979 1080
2977 1080
2977 1081
2976 1081
2976 1082
2974 1082
2974 1083
2972 1083
2972 1084
2968 1084
2968 1083
2966 1083
2966 1084
2962 1084
2962 1085
2956 1085
2956 1086
2946 1086
2946 1085
2937 1085
2937 1086
2932 1086
2932 1087
2931 1087
2931 1088
2930 1088
2930 1095
2929 1095
2929 1099
2928 1099
2928 1100
2927 1100
2927 1101
2926 1101
2926 1102
2925 1102
2925 1103
2924 1103
2924 1104
2915 1104
2915 1103
2914 1103
2914 1102
2913 1102
2913 1101
2912 1101
2912 1100
2897 1100
2897 1099
2896 1099
2896 1098
2895 1098
2895 1097
2894 1097
2894 1096
2891 1096
2891 1095
2886 1095
2886 1094
2877 1094
2877 1095
2873 1095
2873 1096
2872 1096
2872 1098
2871 1098
2871 1107
2870 1107
2870 1125
2869 1125
2869 1135
2868 1135
2868 1137
2867 1137
2867 1140
2866 1140
2866 1142
2865 1142
2865 1143
2864 1143
2864 1145
2863 1145
2863 1146
2862 1146
2862 1148
2861 1148
2861 1149
2860 1149
2860 1150
2859 1150
2859 1151
2858 1151
2858 1152
2857 1152
2857 1153
2856 1153
2856 1154
2855 1154
2855 1155
2854 1155
2854 1156
2853 1156
2853 1158
2852 1158
2852 1162
2851 1162
2851 1163
2844 1163
2844 1164
2840 1164
2840 1163
2831 1163
2831 1162
2827 1162
2827 1161
2823 1161
2823 1160
2821 1160
2821 1159
2820 1159
2820 1158
2819 1158
2819 1157
2818 1157
2818 1156
2817 1156
2817 1154
2816 1154
2816 1152
2815 1152
2815 1128
2814 1128
2814 1125
2813 1125
2813 1124
2812 1124
2812 1123
2811 1123
2811 1122
2808 1122
2808 1121
2802 1121
2802 1122
2798 1122
2798 1123
2796 1123
2796 1125
2795 1125
2795 1131
2794 1131
2794 1132
2793 1132
2793 1133
2792 1133
2792 1134
2769 1134
2769 1135
2768 1135
2768 1141
2767 1141
2767 1149
2768 1149
2768 1177
2767 1177
2767 1180
2766 1180
2766 1181
2765 1181
2765 1182
2764 1182
2764 1183
2761 1183
2761 1182
2750 1182
2750 1183
2748 1183
2748 1184
2746 1184
2746 1185
2745 1185
2745 1186
2743 1186
2743 1187
2741 1187
2741 1188
2735 1188
2735 1189
2732 1189
2732 1190
2725 1190
2725 1191
2722 1191
2722 1192
2713 1192
2713 1193
2710 1193
2710 1194
2707 1194
2707 1195
2703 1195
2703 1196
2700 1196
2700 1195
2689 1195
2689 1194
2686 1194
2686 1193
2682 1193
2682 1192
2681 1192
2681 1191
2680 1191
2680 1190
2679 1190
2679 1189
2678 1189
2678 1188
2677 1188
2677 1187
2676 1187
2676 1186
2675 1186
2675 1185
2672 1185
2672 1184
2671 1184
2671 1183
2670 1183
2670 1182
2669 1182
2669 1180
2668 1180
2668 1178
2666 1178
2666 1177
2664 1177
2664 1176
2663 1176
2663 1175
2657 1175
2657 1174
2648 1174
2648 1173
2636 1173
2636 1174
2633 1174
2633 1175
2632 1175
2632 1176
2630 1176
2630 1177
2629 1177
2629 1178
2628 1178
2628 1179
2626 1179
2626 1180
2612 1180
2612 1181
2610 1181
2610 1182
2608 1182
2608 1183
2607 1183
2607 1184
2605 1184
2605 1185
2604 1185
2604 1186
2603 1186
2603 1188
2602 1188
2602 1189
2601 1189
2601 1191
2600 1191
2600 1192
2599 1192
2599 1193
2598 1193
2598 1195
2597 1195
2597 1196
2596 1196
2596 1197
2594 1197
2594 1198
2578 1198
2578 1199
2577 1199
2577 1203
2576 1203
2576 1207
2575 1207
2575 1213
2574 1213
2574 1218
2573 1218
2573 1220
2572 1220
2572 1221
2567 1221
2567 1222
2562 1222
2562 1223
2560 1223
2560 1222
2556 1222
2556 1223
2546 1223
2546 1224
2536 1224
2536 1223
2533 1223
2533 1222
2499 1222
2499 1221
2497 1221
2497 1222
2492 1222
2492 1221
2473 1221
2473 1222
2467 1222
2467 1223
2466 1223
2466 1224
2464 1224
2464 1225
2462 1225
2462 1226
2460 1226
2460 1227
2459 1227
2459 1228
2457 1228
2457 1229
2455 1229
2455 1230
2451 1230
2451 1231
2449 1231
2449 1232
2447 1232
2447 1233
2445 1233
2445 1234
2442 1234
2442 1235
2441 1235
2441 1236
2440 1236
2440 1237
2439 1237
2439 1238
2428 1238
2428 1239
2424 1239
2424 1240
2417 1240
2417 1241
2412 1241
2412 1242
2397 1242
2397 1241
2395 1241
2395 1240
2393 1240
2393 1239
2392 1239
2392 1238
2391 1238
2391 1237
2390 1237
2390 1235
2389 1235
2389 1233
2388 1233
2388 1226
2387 1226
2387 1223
2386 1223
2386 1219
2385 1219
2385 1216
2384 1216
2384 1217
2359 1217
2359 1216
2358 1216
2358 1215
2357 1215
2357 1214
2356 1214
2356 1213
2355 1213
2355 1212
2352 1212
2352 1211
2345 1211
2345 1212
2342 1212
2342 1213
2339 1213
2339 1214
2338 1214
2338 1213
2336 1213
2336 1214
2318 1214
2318 1215
2301 1215
2301 1214
2295 1214
2295 1215
2292 1215
2292 1216
2291 1216
2291 1217
2292 1217
2292 1224
2293 1224
2293 1225
2294 1225
2294 1228
2293 1228
2293 1230
2292 1230
2292 1231
2291 1231
2291 1232
2290 1232
2290 1235
2289 1235
2289 1236
2288 1236
2288 1237
2287 1237
2287 1239
2286 1239
2286 1240
2276 1240
2276 1241
2270 1241
2270 1240
2267 1240
2267 1239
2265 1239
2265 1238
2264 1238
2264 1237
2263 1237
2263 1236
2262 1236
2262 1235
2261 1235
2261 1233
2248 1233
2248 1234
2246 1234
2246 1233
2236 1233
2236 1234
2230 1234
2230 1235
2207 1235
2207 1236
2206 1236
2206 1235
2203 1235
2203 1234
2201 1234
2201 1233
2198 1233
2198 1234
2187 1234
2187 1233
2184 1233
2184 1232
2183 1232
2183 1231
2178 1231
2178 1230
2170 1230
2170 1231
2159 1231
2159 1232
2152 1232
2152 1231
2149 1231
2149 1230
2132 1230
2132 1229
2130 1229
2130 1228
2129 1228
2129 1227
2128 1227
2128 1225
2127 1225
2127 1223
2126 1223
2126 1222
2125 1222
2125 1221
2124 1221
2124 1203
2123 1203
2123 1196
2122 1196
2122 1195
2121 1195
2121 1194
2119 1194
2119 1193
2117 1193
2117 1192
2116 1192
2116 1191
2114 1191
2114 1190
2113 1190
2113 1189
2112 1189
2112 1188
2111 1188
2111 1187
2101 1187
2101 1191
2100 1191
2100 1226
2099 1226
2099 1229
2098 1229
2098 1233
2097 1233
2097 1235
2096 1235
2096 1236
2095 1236
2095 1237
2093 1237
2093 1238
2091 1238
2091 1239
2088 1239
2088 1240
2082 1240
2082 1241
2081 1241
2081 1242
2080 1242
2080 1251
2079 1251
2079 1261
2078 1261
2078 1262
2077 1262
2077 1263
2075 1263
2075 1264
2074 1264
2074 1265
2070 1265
2070 1264
2065 1264
2065 1263
2064 1263
2064 1262
2063 1262
2063 1261
2062 1261
2062 1260
2061 1260
2061 1259
2060 1259
2060 1258
2058 1258
2058 1257
2053 1257
2053 1258
2050 1258
2050 1259
2047 1259
2047 1260
2046 1260
2046 1261
2043 1261
2043 1262
2038 1262
2038 1263
2023 1263
2023 1264
2003 1264
2003 1263
2002 1263
2002 1262
1996 1262
1996 1261
1991 1261
1991 1260
1988 1260
1988 1259
1987 1259
1987 1258
1986 1258
1986 1257
1985 1257
1985 1256
1984 1256
1984 1255
1983 1255
1983 1254
1982 1254
1982 1253
1981 1253
1981 1252
1979 1252
1979 1251
1977 1251
1977 1250
1974 1250
1974 1249
1969 1249
1969 1248
1965 1248
1965 1247
1963 1247
1963 1246
1962 1246
1962 1245
1961 1245
1961 1244
1960 1244
1960 1243
1959 1243
1959 1242
1958 1242
1958 1241
1957 1241
1957 1240
1956 1240
1956 1238
1955 1238
1955 1237
1948 1237
1948 1236
1947 1236
1947 1235
1946 1235
1946 1234
1943 1234
1943 1233
1941 1233
1941 1232
1934 1232
1934 1233
1926 1233
1926 1234
1924 1234
1924 1239
1925 1239
1925 1248
1926 1248
1926 1257
1925 1257
1925 1258
1924 1258
1924 1259
1923 1259
1923 1260
1909 1260
1909 1259
1906 1259
1906 1258
1905 1258
1905 1256
1904 1256
1904 1255
1903 1255
1903 1254
1898 1254
1898 1253
1890 1253
1890 1254
1887 1254
1887 1253
1884 1253
1884 1252
1882 1252
1882 1251
1880 1251
1880 1250
1879 1250
1879 1249
1878 1249
1878 1248
1877 1248
1877 1246
1876 1246
1876 1245
1875 1245
1875 1244
1874 1244
1874 1241
1873 1241
1873 1237
1872 1237
1872 1235
1871 1235
1871 1233
1870 1233
1870 1231
1869 1231
1869 1225
1868 1225
1868 1223
1867 1223
1867 1218
1866 1218
1866 1216
1865 1216
1865 1214
1864 1214
1864 1212
1863 1212
1863 1211
1862 1211
1862 1210
1860 1210
1860 1209
1851 1209
1851 1210
1846 1210
1846 1209
1842 1209
1842 1208
1839 1208
1839 1207
1832 1207
1832 1206
1830 1206
1830 1205
1827 1205
1827 1204
1825 1204
1825 1203
1822 1203
1822 1202
1818 1202
1818 1201
1816 1201
1816 1200
1815 1200
1815 1199
1814 1199
1814 1198
1813 1198
1813 1197
1812 1197
1812 1196
1811 1196
1811 1195
1810 1195
1810 1193
1809 1193
1809 1191
1808 1191
1808 1189
1807 1189
1807 1188
1806 1188
1806 1187
1804 1187
1804 1186
1785 1186
1785 1197
1786 1197
1786 1212
1787 1212
1787 1217
1786 1217
1786 1219
1785 1219
1785 1220
1781 1220
1781 1221
1780 1221
1780 1222
1779 1222
1779 1225
1778 1225
1778 1228
1777 1228
1777 1230
1776 1230
1776 1231
1775 1231
1775 1232
1773 1232
1773 1233
1770 1233
1770 1234
1765 1234
1765 1233
1764 1233
1764 1232
1763 1232
1763 1231
1751 1231
1751 1230
1749 1230
1749 1229
1747 1229
1747 1228
1746 1228
1746 1227
1743 1227
1743 1226
1736 1226
1736 1225
1734 1225
1734 1224
1732 1224
1732 1223
1731 1223
1731 1222
1730 1222
1730 1221
1729 1221
1729 1220
1728 1220
1728 1218
1727 1218
1727 1216
1726 1216
1726 1213
1725 1213
1725 1212
1724 1212
1724 1209
1723 1209
1723 1207
1722 1207
1722 1206
1721 1206
1721 1205
1720 1205
1720 1203
1719 1203
1719 1198
1718 1198
1718 1197
1716 1197
1716 1196
1714 1196
1714 1195
1712 1195
1712 1194
1710 1194
1710 1193
1708 1193
1708 1192
1707 1192
1707 1191
1703 1191
1703 1190
1696 1190
1696 1191
1686 1191
1686 1190
1684 1190
1684 1189
1681 1189
1681 1188
1661 1188
1661 1187
1658 1187
1658 1186
1657 1186
1657 1185
1655 1185
1655 1184
1653 1184
1653 1183
1652 1183
1652 1181
1651 1181
1651 1177
1650 1177
1650 1173
1649 1173
1649 1172
1648 1172
1648 1171
1644 1171
1644 1170
1637 1170
1637 1169
1636 1169
1636 1168
1634 1168
1634 1167
1631 1167
1631 1166
1629 1166
1629 1165
1628 1165
1628 1164
1627 1164
1627 1163
1626 1163
1626 1162
1625 1162
1625 1161
1624 1161
1624 1160
1623 1160
1623 1159
1622 1159
1622 1155
1621 1155
1621 1153
1620 1153
1620 1152
1619 1152
1619 1151
1618 1151
1618 1150
1617 1150
1617 1149
1616 1149
1616 1148
1615 1148
1615 1147
1614 1147
1614 1146
1613 1146
1613 1145
1612 1145
1612 1144
1611 1144
1611 1142
1610 1142
1610 1141
1607 1141
1607 1140
1604 1140
1604 1139
1594 1139
1594 1138
1592 1138
1592 1137
1590 1137
1590 1136
1588 1136
1588 1135
1586 1135
1586 1134
1580 1134
1580 1133
1569 1133
1569 1132
1568 1132
1568 1131
1566 1131
1566 1130
1565 1130
1565 1129
1564 1129
1564 1128
1563 1128
1563 1127
1562 1127
1562 1124
1560 1124
1560 1123
1550 1123
1550 1122
1544 1122
1544 1123
1538 1123
1538 1124
1536 1124
1536 1125
1529 1125
1529 1126
1519 1126
1519 1125
1515 1125
1515 1124
1508 1124
1508 1125
1489 1125
1489 1124
1479 1124
1479 1123
1474 1123
1474 1122
1470 1122
1470 1121
1463 1121
1463 1122
1459 1122
1459 1123
1458 1123
1458 1124
1457 1124
1457 1125
1455 1125
1455 1126
1454 1126
1454 1127
1453 1127
1453 1128
1450 1128
1450 1129
1444 1129
1444 1130
1442 1130
1442 1131
1440 1131
1440 1132
1436 1132
1436 1133
1435 1133
1435 1135
1434 1135
1434 1152
1435 1152
1435 1161
1436 1161
1436 1171
1435 1171
1435 1174
1434 1174
1434 1177
1433 1177
1433 1180
1432 1180
1432 1184
1431 1184
1431 1185
1430 1185
1430 1186
1428 1186
1428 1187
1423 1187
1423 1188
1420 1188
1420 1189
1411 1189
1411 1188
1409 1188
1409 1187
1406 1187
1406 1186
1404 1186
1404 1185
1401 1185
1401 1184
1398 1184
1398 1183
1396 1183
1396 1182
1394 1182
1394 1181
1392 1181
1392 1180
1389 1180
1389 1179
1387 1179
1387 1175
1386 1175
1386 1172
1385 1172
1385 1171
1384 1171
1384 1170
1383 1170
1383 1169
1381 1169
1381 1168
1379 1168
1379 1167
1373 1167
1373 1166
1370 1166
1370 1165
1368 1165
1368 1164
1367 1164
1367 1163
1366 1163
1366 1162
1362 1162
1362 1161
1355 1161
1355 1162
1353 1162
1353 1161
1346 1161
1346 1160
1345 1160
1345 1159
1344 1159
1344 1158
1342 1158
1342 1157
1341 1157
1341 1156
1338 1156
1338 1155
1335 1155
1335 1154
1333 1154
1333 1153
1331 1153
1331 1152
1327 1152
1327 1151
1324 1151
1324 1152
1321 1152
1321 1151
1316 1151
1316 1150
1314 1150
1314 1145
1313 1145
1313 1144
1312 1144
1312 1142
1311 1142
1311 1141
1310 1141
1310 1138
1309 1138
1309 1137
1305 1137
1305 1136
1302 1136
1302 1135
1301 1135
1301 1134
1300 1134
1300 1133
1299 1133
1299 1132
1296 1132
1296 1131
1295 1131
1295 1130
1292 1130
1292 1129
1291 1129
1291 1128
1290 1128
1290 1127
1287 1127
1287 1126
1284 1126
1284 1125
1283 1125
1283 1124
1282 1124
1282 1123
1281 1123
1281 1122
1280 1122
1280 1121
1279 1121
1279 1119
1278 1119
1278 1115
1277 1115
1277 1111
1276 1111
1276 1109
1275 1109
1275 1104
1274 1104
1274 1103
1269 1103
1269 1104
1268 1104
1268 1118
1269 1118
1269 1126
1268 1126
1268 1128
1267 1128
1267 1129
1266 1129
1266 1130
1263 1130
1263 1131
1262 1131
1262 1132
1261 1132
1261 1133
1260 1133
1260 1134
1259 1134
1259 1135
1258 1135
1258 1140
1257 1140
1257 1142
1256 1142
1256 1143
1255 1143
1255 1144
1253 1144
1253 1145
1247 1145
1247 1146
1243 1146
1243 1145
1241 1145
1241 1144
1239 1144
1239 1143
1238 1143
1238 1142
1237 1142
1237 1141
1236 1141
1236 1140
1235 1140
1235 1132
1234 1132
1234 1125
1233 1125
1233 1119
1232 1119
1232 1118
1228 1118
1228 1117
1221 1117
1221 1116
1215 1116
1215 1115
1213 1115
1213 1114
1212 1114
1212 1113
1211 1113
1211 1112
1210 1112
1210 1111
1209 1111
1209 1110
1205 1110
1205 1109
1203 1109
1203 1108
1201 1108
1201 1107
1200 1107
1200 1106
1196 1106
1196 1107
1192 1107
1192 1106
1190 1106
1190 1105
1188 1105
1188 1104
1186 1104
1186 1103
1185 1103
1185 1102
1184 1102
1184 1101
1183 1101
1183 1100
1180 1100
1180 1099
1178 1099
1178 1098
1176 1098
1176 1097
1175 1097
1175 1096
1174 1096
1174 1095
1173 1095
1173 1093
1172 1093
1172 1092
1171 1092
1171 1091
1170 1091
1170 1090
1167 1090
1167 1089
1165 1089
1165 1088
1164 1088
1164 1087
1163 1087
1163 1086
1162 1086
1162 1085
1161 1085
1161 1084
1160 1084
1160 1083
1159 1083
1159 1081
1158 1081
1158 1078
1157 1078
1157 1075
1153 1075
1153 1074
1151 1074
1151 1073
1150 1073
1150 1072
1149 1072
1149 1071
1148 1071
1148 1070
1146 1070
1146 1069
1145 1069
1145 1068
1144 1068
1144 1066
1143 1066
1143 1057
1142 1057
1142 1046
1141 1046
1141 1036
1140 1036
1140 1027
1139 1027
1139 1016
1136 1016
1136 1015
1131 1015
1131 1014
1127 1014
1127 1013
1126 1013
1126 1012
1124 1012
1124 1011
1122 1011
1122 1010
1120 1010
1120 1009
1117 1009
1117 1008
1109 1008
1109 1007
1107 1007
1107 1006
1106 1006
1106 1005
1105 1005
1105 1004
1104 1004
1104 1002
1103 1002
1103 1001
1099 1001
1099 1000
1096 1000
1096 999
1094 999
1094 998
1093 998
1093 997
1092 997
1092 996
1091 996
1091 995
1089 995
1089 994
1088 994
1088 993
1083 993
1083 992
1078 992
1078 991
1077 991
1077 990
1076 990
1076 989
1075 989
1075 988
1074 988
1074 987
1071 987
1071 986
1065 986
1065 985
1064 985
1064 984
1063 984
1063 983
1062 983
1062 982
1055 982
1055 981
1052 981
1052 980
1051 980
1051 979
1050 979
1050 978
1048 978
1048 977
1047 977
1047 976
1046 976
1046 975
1042 975
1042 974
1041 974
1041 973
1040 973
1040 972
1038 972
1038 971
1037 971
1037 970
1036 970
1036 968
1035 968
1035 967
1034 967
1034 965
1033 965
1033 964
1030 964
1030 963
1029 963
1029 962
1025 962
1025 961
1024 961
1024 960
1022 960
1022 959
1021 959
1021 958
1016 958
1016 957
1012 957
1012 956
1004 956
1004 955
1001 955
1001 954
991 954
991 953
989 953
989 952
988 952
988 951
987 951
987 949
986 949
986 948
983 948
983 947
980 947
980 946
977 946
977 945
976 945
976 944
975 944
975 943
974 943
974 942
972 942
972 941
969 941
969 940
967 940
967 939
965 939
965 938
963 938
963 937
962 937
962 935
961 935
961 934
960 934
960 931
959 931
959 926
958 926
958 918
957 918
957 917
956 917
956 916
955 916
955 915
950 915
950 914
949 914
949 913
948 913
948 912
947 912
947 911
946 911
946 909
945 909
945 908
943 908
943 907
939 907
939 906
938 906
938 905
936 905
936 904
935 904
935 903
934 903
934 902
933 902
933 901
932 901
932 894
931 894
931 892
930 892
930 873
929 873
929 869
928 869
928 853
927 853
927 841
926 841
926 840
924 840
924 839
921 839
921 838
920 838
920 837
919 837
919 836
917 836
917 835
916 835
916 834
915 834
915 831
914 831
914 829
912 829
912 828
908 828
908 827
906 827
906 826
905 826
905 825
904 825
904 824
903 824
903 822
902 822
902 821
901 821
901 810
900 810
900 808
899 808
899 807
895 807
895 806
893 806
893 805
891 805
891 804
890 804
890 802
889 802
889 801
888 801
888 800
887 800
887 799
886 799
886 787
884 787
884 786
880 786
880 785
879 785
879 784
878 784
878 783
877 783
877 782
876 782
876 781
875 781
875 780
874 780
874 779
873 779
873 776
872 776
872 764
871 764
871 762
870 762
870 761
869 761
869 760
865 760
865 759
864 759
864 758
863 758
863 757
854 757
854 756
845 756
845 757
844 757
844 758
841 758
841 759
840 759
840 760
839 760
839 762
838 762
838 763
837 763
837 764
834 764
834 765
831 765
831 766
825 766
825 785
826 785
826 793
827 793
827 805
826 805
826 811
825 811
825 812
820 812
820 813
813 813
813 812
810 812
810 811
808 811
808 810
804 810
804 811
803 811
803 812
799 812
799 813
786 813
786 812
785 812
785 811
784 811
784 810
783 810
783 809
782 809
782 808
781 808
781 807
780 807
780 806
779 806
779 805
773 805
773 804
772 804
772 803
771 803
771 802
770 802
770 800
769 800
769 799
766 799
766 798
761 798
761 797
759 797
759 796
757 796
757 795
756 795
756 793
755 793
755 786
754 786
754 785
749 785
749 784
747 784
747 783
746 783
746 782
744 782
744 781
743 781
743 780
742 780
742 773
741 773
741 766
740 766
740 754
739 754
739 743
738 743
738 734
737 734
737 723
736 723
736 722
735 722
735 721
732 721
732 720
730 720
730 719
728 719
728 718
727 718
727 717
726 717
726 716
725 716
725 714
724 714
724 708
723 708
723 706
717 706
717 705
705 705
705 704
703 704
703 703
701 703
701 702
700 702
700 701
699 701
699 697
698 697
698 695
691 695
691 694
689 694
689 693
688 693
688 692
687 692
687 690
686 690
686 687
683 687
683 686
678 686
678 685
676 685
676 684
675 684
675 683
674 683
674 681
673 681
673 680
666 680
666 679
664 679
664 678
663 678
663 677
662 677
662 676
661 676
661 674
660 674
660 669
659 669
659 667
650 667
650 668
647 668
647 669
643 669
643 670
640 670
640 671
636 671
636 672
633 672
633 673
628 673
628 674
622 674
622 670
621 670
621 668
620 668
620 666
619 666
619 665
618 665
618 664
617 664
617 662
608 662
608 661
607 661
607 660
606 660
606 659
605 659
605 658
604 658
604 657
603 657
603 656
601 656
601 655
600 655
600 654
597 654
597 653
592 653
592 652
591 652
591 653
583 653
583 654
580 654
580 655
573 655
573 654
569 654
569 653
568 653
568 652
567 652
567 651
566 651
566 649
565 649
565 645
564 645
564 643
563 643
563 642
560 642
560 643
558 643
558 647
557 647
557 648
556 648
556 649
552 649
552 650
550 650
550 651
544 651
544 652
536 652
536 653
532 653
532 654
529 654
529 655
524 655
524 654
521 654
521 653
520 653
520 652
519 652
519 651
518 651
518 650
517 650
517 649
516 649
516 648
511 648
511 647
507 647
507 646
504 646
504 645
503 645
503 644
502 644
502 643
497 643
497 642
494 642
494 641
493 641
493 640
492 640
492 639
491 639
491 637
490 637
490 635
489 635
489 634
487 634
487 633
482 633
482 632
481 632
481 631
480 631
480 630
479 630
479 629
478 629
478 628
477 628
477 627
476 627
476 626
475 626
475 625
470 625
470 624
475 624
475 625
476 625
476 626
477 626
477 627
478 627
478 628
479 628
479 629
480 629
480 630
481 630
481 631
482 631
482 632
487 632
487 633
489 633
489 634
490 634
490 635
491 635
491 637
492 637
492 639
493 639
493 640
494 640
494 641
497 641
497 642
502 642
502 643
503 643
503 644
504 644
504 645
507 645
507 646
511 646
511 647
516 647
516 648
517 648
517 649
518 649
518 650
519 650
519 651
520 651
520 652
521 652
521 653
524 653
524 654
529 654
529 653
532 653
532 652
536 652
536 651
544 651
544 650
550 650
550 649
552 649
552 648
556 648
556 647
557 647
557 643
558 643
558 642
560 642
560 641
563 641
563 642
564 642
564 643
565 643
565 645
566 645
566 649
567 649
567 651
568 651
568 652
569 652
569 653
573 653
573 654
580 654
580 653
583 653
583 652
591 652
591 651
592 651
592 652
597 652
597 653
600 653
600 654
601 654
601 655
603 655
603 656
604 656
604 657
605 657
605 658
606 658
606 659
607 659
607 660
608 660
608 661
617 661
617 662
618 662
618 664
619 664
619 665
620 665
620 666
621 666
621 668
622 668
622 670
623 670
623 673
628 673
628 672
633 672
633 671
636 671
636 670
640 670
640 669
643 669
643 668
647 668
647 667
650 667
650 666
659 666
659 667
660 667
660 669
661 669
661 674
662 674
662 676
663 676
663 677
664 677
664 678
666 678
666 679
673 679
673 680
674 680
674 681
675 681
675 683
676 683
676 684
678 684
678 685
683 685
683 686
686 686
686 687
687 687
687 690
688 690
688 692
689 692
689 693
691 693
691 694
698 694
698 695
699 695
699 697
700 697
700 701
701 701
701 702
703 702
703 703
705 703
705 704
717 704
717 705
723 705
723 706
724 706
724 708
725 708
725 714
726 714
726 716
727 716
727 717
728 717
728 718
730 718
730 719
732 719
732 720
735 720
735 721
736 721
736 722
737 722
737 723
738 723
738 734
739 734
739 743
740 743
740 754
741 754
741 766
742 766
742 773
743 773
743 780
744 780
744 781
746 781
746 782
747 782
747 783
749 783
749 784
754 784
754 785
755 785
755 786
756 786
756 793
757 793
757 795
759 795
759 796
761 796
761 797
766 797
766 798
769 798
769 799
770 799
770 800
771 800
771 802
772 802
772 803
773 803
773 804
779 804
779 805
780 805
780 806
781 806
781 807
782 807
782 808
783 808
783 809
784 809
784 810
785 810
785 811
786 811
786 812
799 812
799 811
803 811
803 810
804 810
804 809
808 809
808 810
810 810
810 811
813 811
813 812
820 812
820 811
825 811
825 805
826 805
826 793
825 793
825 785
824 785
824 766
825 766
825 765
831 765
831 764
834 764
834 763
837 763
837 762
838 762
838 760
839 760
839 759
840 759
840 758
841 758
841 757
844 757
844 756
845 756
845 755
854 755
854 756
863 756
863 757
864 757
864 758
865 758
865 759
869 759
869 760
870 760
870 761
871 761
871 762
872 762
872 764
873 764
873 776
874 776
874 779
875 779
875 780
876 780
876 781
877 781
877 782
878 782
878 783
879 783
879 784
880 784
880 785
884 785
884 786
886 786
886 787
887 787
887 799
888 799
888 800
889 800
889 801
890 801
890 802
891 802
891 804
893 804
893 805
895 805
895 806
899 806
899 807
900 807
900 808
901 808
901 810
902 810
902 821
903 821
903 822
904 822
904 824
905 824
905 825
906 825
906 826
908 826
908 827
912 827
912 828
914 828
914 829
915 829
915 831
916 831
916 834
917 834
917 835
919 835
919 836
920 836
920 837
921 837
921 838
924 838
924 839
926 839
926 840
927 840
927 841
928 841
928 853
929 853
929 869
930 869
930 873
931 873
931 892
932 892
932 894
933 894
933 901
934 901
934 902
935 902
935 903
936 903
936 904
938 904
938 905
939 905
939 906
943 906
943 907
945 907
945 908
946 908
946 909
947 909
947 911
948 911
948 912
949 912
949 913
950 913
950 914
955 914
955 915
956 915
956 916
957 916
957 917
958 917
958 918
959 918
959 926
960 926
960 931
961 931
961 934
962 934
962 935
963 935
963 937
965 937
965 938
967 938
967 939
969 939
969 940
972 940
972 941
974 941
974 942
975 942
975 943
976 943
976 944
977 944
977 945
980 945
980 946
983 946
983 947
986 947
986 948
987 948
987 949
988 949
988 951
989 951
989 952
991 952
991 953
1001 953
1001 954
1004 954
1004 955
1012 955
1012 956
1016 956
1016 957
1021 957
1021 958
1022 958
1022 959
1024 959
1024 960
1025 960
1025 961
1029 961
1029 962
1030 962
1030 963
1033 963
1033 964
1034 964
1034 965
1035 965
1035 967
1036 967
1036 968
1037 968
1037 970
1038 970
1038 971
1040 971
1040 972
1041 972
1041 973
1042 973
1042 974
1046 974
1046 975
1047 975
1047 976
1048 976
1048 977
1050 977
1050 978
1051 978
1051 979
1052 979
1052 980
1055 980
1055 981
1062 981
1062 982
1063 982
1063 983
1064 983
1064 984
1065 984
1065 985
1071 985
1071 986
1074 986
1074 987
1075 987
1075 988
1076 988
1076 989
1077 989
1077 990
1078 990
1078 991
1083 991
1083 992
1088 992
1088 993
1089 993
1089 994
1091 994
1091 995
1092 995
1092 996
1093 996
1093 997
1094 997
1094 998
1096 998
1096 999
1099 999
1099 1000
1103 1000
1103 1001
1104 1001
1104 1002
1105 1002
1105 1004
1106 1004
1106 1005
1107 1005
1107 1006
1109 1006
1109 1007
1117 1007
1117 1008
1120 1008
1120 1009
1122 1009
1122 1010
1124 1010
1124 1011
1126 1011
1126 1012
1127 1012
1127 1013
1131 1013
1131 1014
1136 1014
1136 1015
1139 1015
1139 1016
1140 1016
1140 1027
1141 1027
1141 1036
1142 1036
1142 1046
1143 1046
1143 1057
1144 1057
1144 1066
1145 1066
1145 1068
1146 1068
1146 1069
1148 1069
1148 1070
1149 1070
1149 1071
1150 1071
1150 1072
1151 1072
1151 1073
1153 1073
1153 1074
1157 1074
1157 1075
1158 1075
1158 1078
1159 1078
1159 1081
1160 1081
1160 1083
1161 1083
1161 1084
1162 1084
1162 1085
1163 1085
1163 1086
1164 1086
1164 1087
1165 1087
1165 1088
1167 1088
1167 1089
1170 1089
1170 1090
1171 1090
1171 1091
1172 1091
1172 1092
1173 1092
1173 1093
1174 1093
1174 1095
1175 1095
1175 1096
1176 1096
1176 1097
1178 1097
1178 1098
1180 1098
1180 1099
1183 1099
1183 1100
1184 1100
1184 1101
1185 1101
1185 1102
1186 1102
1186 1103
1188 1103
1188 1104
1190 1104
1190 1105
1192 1105
1192 1106
1196 1106
1196 1105
1200 1105
1200 1106
1201 1106
1201 1107
1203 1107
1203 1108
1205 1108
1205 1109
1209 1109
1209 1110
1210 1110
1210 1111
1211 1111
1211 1112
1212 1112
1212 1113
1213 1113
1213 1114
1215 1114
1215 1115
1221 1115
1221 1116
1228 1116
1228 1117
1232 1117
1232 1118
1233 1118
1233 1119
1234 1119
1234 1125
1235 1125
1235 1132
1236 1132
1236 1140
1237 1140
1237 1141
1238 1141
1238 1142
1239 1142
1239 1143
1241 1143
1241 1144
1243 1144
1243 1145
1247 1145
1247 1144
1253 1144
1253 1143
1255 1143
1255 1142
1256 1142
1256 1140
1257 1140
1257 1135
1258 1135
1258 1134
1259 1134
1259 1133
1260 1133
1260 1132
1261 1132
1261 1131
1262 1131
1262 1130
1263 1130
1263 1129
1266 1129
1266 1128
1267 1128
1267 1126
1268 1126
1268 1118
1267 1118
1267 1103
1269 1103
1269 1102
1274 1102
1274 1103
1275 1103
1275 1104
1276 1104
1276 1109
1277 1109
1277 1111
1278 1111
1278 1115
1279 1115
1279 1119
1280 1119
1280 1121
1281 1121
1281 1122
1282 1122
1282 1123
1283 1123
1283 1124
1284 1124
1284 1125
1287 1125
1287 1126
1290 1126
1290 1127
1291 1127
1291 1128
1292 1128
1292 1129
1295 1129
1295 1130
1296 1130
1296 1131
1299 1131
1299 1132
1300 1132
1300 1133
1301 1133
1301 1134
1302 1134
1302 1135
1305 1135
1305 1136
1309 1136
1309 1137
1310 1137
1310 1138
1311 1138
1311 1141
1312 1141
1312 1142
1313 1142
1313 1144
1314 1144
1314 1145
1315 1145
1315 1149
1316 1149
1316 1150
1321 1150
1321 1151
1324 1151
1324 1150
1327 1150
1327 1151
1331 1151
1331 1152
1333 1152
1333 1153
1335 1153
1335 1154
1338 1154
1338 1155
1341 1155
1341 1156
1342 1156
1342 1157
1344 1157
1344 1158
1345 1158
1345 1159
1346 1159
1346 1160
1353 1160
1353 1161
1355 1161
1355 1160
1362 1160
1362 1161
1366 1161
1366 1162
1367 1162
1367 1163
1368 1163
1368 1164
1370 1164
1370 1165
1373 1165
1373 1166
1379 1166
1379 1167
1381 1167
1381 1168
1383 1168
1383 1169
1384 1169
1384 1170
1385 1170
1385 1171
1386 1171
1386 1172
1387 1172
1387 1175
1388 1175
1388 1178
1389 1178
1389 1179
1392 1179
1392 1180
1394 1180
1394 1181
1396 1181
1396 1182
1398 1182
1398 1183
1401 1183
1401 1184
1404 1184
1404 1185
1406 1185
1406 1186
1409 1186
1409 1187
1411 1187
1411 1188
1420 1188
1420 1187
1423 1187
1423 1186
1428 1186
1428 1185
1430 1185
1430 1184
1431 1184
1431 1180
1432 1180
1432 1177
1433 1177
1433 1174
1434 1174
1434 1171
1435 1171
1435 1161
1434 1161
1434 1152
1433 1152
1433 1135
1434 1135
1434 1133
1435 1133
1435 1132
1436 1132
1436 1131
1440 1131
1440 1130
1442 1130
1442 1129
1444 1129
1444 1128
1450 1128
1450 1127
1453 1127
1453 1126
1454 1126
1454 1125
1455 1125
1455 1124
1457 1124
1457 1123
1458 1123
1458 1122
1459 1122
1459 1121
1463 1121
1463 1120
1470 1120
1470 1121
1474 1121
1474 1122
1479 1122
1479 1123
1489 1123
1489 1124
1508 1124
1508 1123
1515 1123
1515 1124
1519 1124
1519 1125
1529 1125
1529 1124
1536 1124
1536 1123
1538 1123
1538 1122
1544 1122
1544 1121
1550 1121
1550 1122
1560 1122
1560 1123
1562 1123
1562 1124
1563 1124
1563 1127
1564 1127
1564 1128
1565 1128
1565 1129
1566 1129
1566 1130
1568 1130
1568 1131
1569 1131
1569 1132
1580 1132
1580 1133
1586 1133
1586 1134
1588 1134
1588 1135
1590 1135
1590 1136
1592 1136
1592 1137
1594 1137
1594 1138
1604 1138
1604 1139
1607 1139
1607 1140
1610 1140
1610 1141
1611 1141
1611 1142
1612 1142
1612 1144
1613 1144
1613 1145
1614 1145
1614 1146
1615 1146
1615 1147
1616 1147
1616 1148
1617 1148
1617 1149
1618 1149
1618 1150
1619 1150
1619 1151
1620 1151
1620 1152
1621 1152
1621 1153
1622 1153
1622 1155
1623 1155
1623 1159
1624 1159
1624 1160
1625 1160
1625 1161
1626 1161
1626 1162
1627 1162
1627 1163
1628 1163
1628 1164
1629 1164
1629 1165
1631 1165
1631 1166
1634 1166
1634 1167
1636 1167
1636 1168
1637 1168
1637 1169
1644 1169
1644 1170
1648 1170
1648 1171
1649 1171
1649 1172
1650 1172
1650 1173
1651 1173
1651 1177
1652 1177
1652 1181
1653 1181
1653 1183
1655 1183
1655 1184
1657 1184
1657 1185
1658 1185
1658 1186
1661 1186
1661 1187
1681 1187
1681 1188
1684 1188
1684 1189
1686 1189
1686 1190
1696 1190
1696 1189
1703 1189
1703 1190
1707 1190
1707 1191
1708 1191
1708 1192
1710 1192
1710 1193
1712 1193
1712 1194
1714 1194
1714 1195
1716 1195
1716 1196
1718 1196
1718 1197
1719 1197
1719 1198
1720 1198
1720 1203
1721 1203
1721 1205
1722 1205
1722 1206
1723 1206
1723 1207
1724 1207
1724 1209
1725 1209
1725 1212
1726 1212
1726 1213
1727 1213
1727 1216
1728 1216
1728 1218
1729 1218
1729 1220
1730 1220
1730 1221
1731 1221
1731 1222
1732 1222
1732 1223
1734 1223
1734 1224
1736 1224
1736 1225
1743 1225
1743 1226
1746 1226
1746 1227
1747 1227
1747 1228
1749 1228
1749 1229
1751 1229
1751 1230
1763 1230
1763 1231
1764 1231
1764 1232
1765 1232
1765 1233
1770 1233
1770 1232
1773 1232
1773 1231
1775 1231
1775 1230
1776 1230
1776 1228
1777 1228
1777 1225
1778 1225
1778 1222
1779 1222
1779 1221
1780 1221
1780 1220
1781 1220
1781 1219
1785 1219
1785 1217
1786 1217
1786 1212
1785 1212
1785 1197
1784 1197
1784 1186
1785 1186
1785 1185
1804 1185
1804 1186
1806 1186
1806 1187
1807 1187
1807 1188
1808 1188
1808 1189
1809 1189
1809 1191
1810 1191
1810 1193
1811 1193
1811 1195
1812 1195
1812 1196
1813 1196
1813 1197
1814 1197
1814 1198
1815 1198
1815 1199
1816 1199
1816 1200
1818 1200
1818 1201
1822 1201
1822 1202
1825 1202
1825 1203
1827 1203
1827 1204
1830 1204
1830 1205
1832 1205
1832 1206
1839 1206
1839 1207
1842 1207
1842 1208
1846 1208
1846 1209
1851 1209
1851 1208
1860 1208
1860 1209
1862 1209
1862 1210
1863 1210
1863 1211
1864 1211
1864 1212
1865 1212
1865 1214
1866 1214
1866 1216
1867 1216
1867 1218
1868 1218
1868 1223
1869 1223
1869 1225
1870 1225
1870 1231
1871 1231
1871 1233
1872 1233
1872 1235
1873 1235
1873 1237
1874 1237
1874 1241
1875 1241
1875 1244
1876 1244
1876 1245
1877 1245
1877 1246
1878 1246
1878 1248
1879 1248
1879 1249
1880 1249
1880 1250
1882 1250
1882 1251
1884 1251
1884 1252
1887 1252
1887 1253
1890 1253
1890 1252
1898 1252
1898 1253
1903 1253
1903 1254
1904 1254
1904 1255
1905 1255
1905 1256
1906 1256
1906 1258
1909 1258
1909 1259
1923 1259
1923 1258
1924 1258
1924 1257
1925 1257
1925 1248
1924 1248
1924 1239
1923 1239
1923 1234
1924 1234
1924 1233
1926 1233
1926 1232
1934 1232
1934 1231
1941 1231
1941 1232
1943 1232
1943 1233
1946 1233
1946 1234
1947 1234
1947 1235
1948 1235
1948 1236
1955 1236
1955 1237
1956 1237
1956 1238
1957 1238
1957 1240
1958 1240
1958 1241
1959 1241
1959 1242
1960 1242
1960 1243
1961 1243
1961 1244
1962 1244
1962 1245
1963 1245
1963 1246
1965 1246
1965 1247
1969 1247
1969 1248
1974 1248
1974 1249
1977 1249
1977 1250
1979 1250
1979 1251
1981 1251
1981 1252
1982 1252
1982 1253
1983 1253
1983 1254
1984 1254
1984 1255
1985 1255
1985 1256
1986 1256
1986 1257
1987 1257
1987 1258
1988 1258
1988 1259
1991 1259
1991 1260
1996 1260
1996 1261
2002 1261
2002 1262
2003 1262
2003 1263
2023 1263
2023 1262
2038 1262
2038 1261
2043 1261
2043 1260
2046 1260
2046 1259
2047 1259
2047 1258
2050 1258
2050 1257
2053 1257
2053 1256
2058 1256
2058 1257
2060 1257
2060 1258
2061 1258
2061 1259
2062 1259
2062 1260
2063 1260
2063 1261
2064 1261
2064 1262
2065 1262
2065 1263
2070 1263
2070 1264
2074 1264
2074 1263
2075 1263
2075 1262
2077 1262
2077 1261
2078 1261
2078 1251
2079 1251
2079 1242
2080 1242
2080 1241
2081 1241
2081 1240
2082 1240
2082 1239
2088 1239
2088 1238
2091 1238
2091 1237
2093 1237
2093 1236
2095 1236
2095 1235
2096 1235
2096 1233
2097 1233
2097 1229
2098 1229
2098 1226
2099 1226
2099 1191
2100 1191
2100 1187
2101 1187
2101 1186
2111 1186
2111 1187
2112 1187
2112 1188
2113 1188
2113 1189
2114 1189
2114 1190
2116 1190
2116 1191
2117 1191
2117 1192
2119 1192
2119 1193
2121 1193
2121 1194
2122 1194
2122 1195
2123 1195
2123 1196
2124 1196
2124 1203
2125 1203
2125 1221
2126 1221
2126 1222
2127 1222
2127 1223
2128 1223
2128 1225
2129 1225
2129 1227
2130 1227
2130 1228
2132 1228
2132 1229
2149 1229
2149 1230
2152 1230
2152 1231
2159 1231
2159 1230
2170 1230
2170 1229
2178 1229
2178 1230
2183 1230
2183 1231
2184 1231
2184 1232
2187 1232
2187 1233
2198 1233
2198 1232
2201 1232
2201 1233
2203 1233
2203 1234
2206 1234
2206 1235
2207 1235
2207 1234
2230 1234
2230 1233
2236 1233
2236 1232
2246 1232
2246 1233
2248 1233
2248 1232
2262 1232
2262 1235
2263 1235
2263 1236
2264 1236
2264 1237
2265 1237
2265 1238
2267 1238
2267 1239
2270 1239
2270 1240
2276 1240
2276 1239
2286 1239
2286 1237
2287 1237
2287 1236
2288 1236
2288 1235
2289 1235
2289 1232
2290 1232
2290 1231
2291 1231
2291 1230
2292 1230
2292 1228
2293 1228
2293 1225
2292 1225
2292 1224
2291 1224
2291 1217
2290 1217
2290 1216
2291 1216
2291 1215
2292 1215
2292 1214
2295 1214
2295 1213
2301 1213
2301 1214
2318 1214
2318 1213
2336 1213
2336 1212
2338 1212
2338 1213
2339 1213
2339 1212
2342 1212
2342 1211
2345 1211
2345 1210
2352 1210
2352 1211
2355 1211
2355 1212
2356 1212
2356 1213
2357 1213
2357 1214
2358 1214
2358 1215
2359 1215
2359 1216
2384 1216
2384 1215
2385 1215
2385 1216
2386 1216
2386 1219
2387 1219
2387 1223
2388 1223
2388 1226
2389 1226
2389 1233
2390 1233
2390 1235
2391 1235
2391 1237
2392 1237
2392 1238
2393 1238
2393 1239
2395 1239
2395 1240
2397 1240
2397 1241
2412 1241
2412 1240
2417 1240
2417 1239
2424 1239
2424 1238
2428 1238
2428 1237
2439 1237
2439 1236
2440 1236
2440 1235
2441 1235
2441 1234
2442 1234
2442 1233
2445 1233
2445 1232
2447 1232
2447 1231
2449 1231
2449 1230
2451 1230
2451 1229
2455 1229
2455 1228
2457 1228
2457 1227
2459 1227
2459 1226
2460 1226
2460 1225
2462 1225
2462 1224
2464 1224
2464 1223
2466 1223
2466 1222
2467 1222
2467 1221
2473 1221
2473 1220
2492 1220
2492 1221
2497 1221
2497 1220
2499 1220
2499 1221
2533 1221
2533 1222
2536 1222
2536 1223
2546 1223
2546 1222
2556 1222
2556 1221
2560 1221
2560 1222
2562 1222
2562 1221
2567 1221
2567 1220
2572 1220
2572 1218
2573 1218
2573 1213
2574 1213
2574 1207
2575 1207
2575 1203
2576 1203
2576 1199
2577 1199
2577 1197
2594 1197
2594 1196
2596 1196
2596 1195
2597 1195
2597 1193
2598 1193
2598 1192
2599 1192
2599 1191
2600 1191
2600 1189
2601 1189
2601 1188
2602 1188
2602 1186
2603 1186
2603 1185
2604 1185
2604 1184
2605 1184
2605 1183
2607 1183
2607 1182
2608 1182
2608 1181
2610 1181
2610 1180
2612 1180
2612 1179
2626 1179
2626 1178
2628 1178
2628 1177
2629 1177
2629 1176
2630 1176
2630 1175
2632 1175
2632 1174
2633 1174
2633 1173
2636 1173
2636 1172
2648 1172
2648 1173
2657 1173
2657 1174
2663 1174
2663 1175
2664 1175
2664 1176
2666 1176
2666 1177
2668 1177
2668 1178
2669 1178
2669 1180
2670 1180
2670 1182
2671 1182
2671 1183
2672 1183
2672 1184
2675 1184
2675 1185
2676 1185
2676 1186
2677 1186
2677 1187
2678 1187
2678 1188
2679 1188
2679 1189
2680 1189
2680 1190
2681 1190
2681 1191
2682 1191
2682 1192
2686 1192
2686 1193
2689 1193
2689 1194
2700 1194
2700 1195
2703 1195
2703 1194
2707 1194
2707 1193
2710 1193
2710 1192
2713 1192
2713 1191
2722 1191
2722 1190
2725 1190
2725 1189
2732 1189
2732 1188
2735 1188
2735 1187
2741 1187
2741 1186
2743 1186
2743 1185
2745 1185
2745 1184
2746 1184
2746 1183
2748 1183
2748 1182
2750 1182
2750 1181
2761 1181
2761 1182
2764 1182
2764 1181
2765 1181
2765 1180
2766 1180
2766 1177
2767 1177
2767 1149
2766 1149
2766 1141
2767 1141
2767 1135
2768 1135
2768 1134
2769 1134
2769 1133
2792 1133
2792 1132
2793 1132
2793 1131
2794 1131
2794 1125
2795 1125
2795 1123
2796 1123
2796 1122
2798 1122
2798 1121
2802 1121
2802 1120
2808 1120
2808 1121
2811 1121
2811 1122
2812 1122
2812 1123
2813 1123
2813 1124
2814 1124
2814 1125
2815 1125
2815 1128
2816 1128
2816 1152
2817 1152
2817 1154
2818 1154
2818 1156
2819 1156
2819 1157
2820 1157
2820 1158
2821 1158
2821 1159
2823 1159
2823 1160
2827 1160
2827 1161
2831 1161
2831 1162
2840 1162
2840 1163
2844 1163
2844 1162
2851 1162
2851 1158
2852 1158
2852 1156
2853 1156
2853 1155
2854 1155
2854 1154
2855 1154
2855 1153
2856 1153
2856 1152
2857 1152
2857 1151
2858 1151
2858 1150
2859 1150
2859 1149
2860 1149
2860 1148
2861 1148
2861 1146
2862 1146
2862 1145
2863 1145
2863 1143
2864 1143
2864 1142
2865 1142
2865 1140
2866 1140
2866 1137
2867 1137
2867 1135
2868 1135
2868 1125
2869 1125
2869 1107
2870 1107
2870 1098
2871 1098
2871 1096
2872 1096
2872 1095
2873 1095
2873 1094
2877 1094
2877 1093
2886 1093
2886 1094
2891 1094
2891 1095
2894 1095
2894 1096
2895 1096
2895 1097
2896 1097
2896 1098
2897 1098
2897 1099
2912 1099
2912 1100
2913 1100
2913 1101
2914 1101
2914 1102
2915 1102
2915 1103
2924 1103
2924 1102
2925 1102
2925 1101
2926 1101
2926 1100
2927 1100
2927 1099
2928 1099
2928 1095
2929 1095
2929 1088
2930 1088
2930 1087
2931 1087
2931 1086
2932 1086
2932 1085
2937 1085
2937 1084
2946 1084
2946 1085
2956 1085
2956 1084
2962 1084
2962 1083
2966 1083
2966 1082
2968 1082
2968 1083
2972 1083
2972 1082
2974 1082
2974 1081
2976 1081
2976 1080
2977 1080
2977 1079
2979 1079
2979 1078
2981 1078
2981 1077
2983 1077
2983 1076
2986 1076
2986 1075
2988 1075
2988 1074
2993 1074
2993 1073
2996 1073
2996 1072
2997 1072
2997 1071
3001 1071
3001 1070
3002 1070
3002 1069
3005 1069
3005 1068
3006 1068
3006 1067
3007 1067
3007 1066
3008 1066
3008 1065
3013 1065
3013 1064
3017 1064
3017 1063
3018 1063
3018 1062
3019 1062
3019 1061
3030 1061
3030 1062
3040 1062
3040 1063
3058 1063
3058 1064
3066 1064
3066 1063
3067 1063
3067 1062
3069 1062
3069 1061
3070 1061
3070 1060
3072 1060
3072 1059
3074 1059
3074 1058
3077 1058
3077 1057
3080 1057
3080 1056
3081 1056
3081 1055
3082 1055
3082 1054
3085 1054
3085 1053
3086 1053
3086 1051
3087 1051
3087 1050
3088 1050
3088 1049
3089 1049
3089 1048
3091 1048
3091 1047
3092 1047
3092 1046
3094 1046
3094 1045
3096 1045
3096 1044
3097 1044
3097 1043
3101 1043
3101 1042
3103 1042
3103 1041
3110 1041
3110 1040
3112 1040
3112 1039
3113 1039
3113 1038
3114 1038
3114 1037
3115 1037
3115 1036
3116 1036
3116 1035
3117 1035
3117 1034
3119 1034
3119 1033
3120 1033
3120 1032
3123 1032
3123 1031
3126 1031
3126 1030
3127 1030
3127 1029
3128 1029
3128 1028
3129 1028
3129 1027
3130 1027
3130 1025
3131 1025
3131 1021
3132 1021
3132 995
3133 995
3133 994
3134 994
3134 993
3148 993
3148 994
3154 994
3154 993
3157 993
3157 992
3179 992
3179 993
3181 993
3181 994
3184 994
3184 995
3196 995
3196 994
3204 994
3204 995
3223 995
3223 994
3227 994
3227 993
3229 993
3229 992
3230 992
3230 991
3232 991
3232 990
3237 990
3237 989
3241 989
3241 988
3246 988
3246 987
3248 987
3248 986
3249 986
3249 985
3251 985
3251 984
3254 984
3254 983
3256 983
3256 982
3258 982
3258 981
3262 981
3262 980
3263 980
3263 979
3264 979
3264 977
3265 977
3265 975
3266 975
3266 974
3267 974
3267 973
3268 973
3268 972
3271 972
3271 971
3272 971
3272 970
3275 970
3275 969
3278 969
3278 968
3279 968
3279 967
3282 967
3282 966
3285 966
3285 965
3287 965
3287 964
3288 964
3288 963
3289 963
3289 962
3290 962
3290 961
3292 961
3292 960
3293 960
3293 959
3295 959
3295 958
3296 958
3296 957
3297 957
3297 954
3298 954
3298 951
3299 951
3299 946
3300 946
3300 936
3301 936
3301 920
3302 920
3302 917
3303 917
3303 916
3309 916
3309 915
3312 915
3312 914
3313 914
3313 913
3314 913
3314 912
3316 912
3316 911
3320 911
3320 910
3346 910
3346 911
3361 911
3361 912
3362 912
3362 913
3364 913
3364 914
3365 914
3365 915
3366 915
3366 916
3367 916
3367 918
3368 918
3368 919
3394 919
3394 918
3396 918
3396 917
3397 917
3397 916
3399 916
3399 915
3401 915
3401 914
3403 914
3403 913
3404 913
3404 911
3405 911
3405 910
3406 910
3406 909
3407 909
3407 906
3408 906
3408 904
3409 904
3409 903
3410 903
3410 902
3411 902
3411 901
3413 901
3413 900
3415 900
3415 899
3416 899
3416 898
3417 898
3417 897
3418 897
3418 896
3420 896
3420 895
3422 895
3422 894
3423 894
3423 893
3425 893
3425 892
3427 892
3427 890
3428 890
3428 889
3429 889
3429 888
3431 888
3431 887
3432 887
3432 886
3435 886
3435 885
3437 885
3437 884
3439 884
3439 883
3440 883
3440 882
3442 882
3442 881
3445 881
3445 880
3447 880
3447 879
3450 879
3450 878
3451 878
3451 877
3454 877
3454 874
3455 874
3455 873
3458 873
3458 872
3459 872
3459 871
3460 871
3460 870
3462 870
3462 869
3464 869
3464 868
3466 868
3466 865
3467 865
3467 863
3468 863
3468 862
3473 862
3473 861
3475 861
3475 860
3476 860
3476 859
3478 859
3478 858
3481 858
3481 857
3482 857
3482 856
3483 856
3483 855
3486 855
3486 854
3488 854
3488 853
3489 853
3489 851
3490 851
3490 849
3491 849
3491 848
3492 848
3492 847
3493 847
3493 846
3496 846
3496 845
3497 845
3497 844
3499 844
3499 843
3500 843
3500 842
3501 842
3501 841
3502 841
3502 822
3503 822
3503 819
3510 819
3510 818
3514 818
3514 816
3515 816
3515 815
3516 815
3516 814
3519 814
3519 813
3522 813
3522 811
3523 811
3523 810
3524 810
3524 808
3525 808
3525 797
3526 797
3526 796
3527 796
3527 795
3528 795
3528 794
3529 794
3529 793
3531 793
3531 792
3532 792
3532 791
3533 791
3533 790
3535 790
3535 789
3536 789
3536 788
3537 788
3537 787
3538 787
3538 786
3539 786
3539 785
3543 785
3543 784
3545 784
3545 783
3546 783
3546 782
3547 782
3547 781
3550 781
3550 780
3553 780
3553 779
3555 779
3555 778
3557 778
3557 777
3559 777
3559 776
3560 776
3560 772
3561 772
3561 771
3562 771
3562 770
3563 770
3563 769
3564 769
3564 768
3565 768
3565 767
3567 767
3567 766
3568 766
3568 765
3569 765
3569 764
3570 764
3570 763
3573 763
3573 762
3575 762
3575 761
3576 761
3576 760
3577 760
3577 759
3578 759
3578 758
3580 758
3580 757
3582 757
3582 756
3583 756
3583 755
3584 755
3584 754
3585 754
3585 753
3586 753
3586 752
3587 752
3587 750
3588 750
3588 749
3589 749
3589 748
3590 748
3590 747
3592 747
3592 745
3595 745
3595 746
3597 746
3597 747
3598 747
3598 748
3600 748
3600 749
3601 749
3601 750
3603 750
3603 751
3604 751
3604 752
3605 752
3605 754
3612 754
3612 753
3613 753
3613 752
3614 752
3614 751
3615 751
3615 750
3617 750
3617 749
3618 749
3618 747
3619 747
3619 744
3620 744
3620 742
3621 742
3621 730
3622 730
3622 729
3627 729
3627 728
3630 728
3630 727
3632 727
3632 726
3633 726
3633 725
3634 725
3634 724
3637 724
3637 723
3639 723
3639 722
3644 722
3644 717
3645 717
3645 712
3646 712
3646 705
3647 705
3647 704
3648 704
3648 703
3650 703
3650 702
3651 702
3651 701
3654 701
3654 700
3655 700
3655 699
3656 699
3656 697
3657 697
3657 696
3659 696
3659 695
3660 695
3660 694
3661 694
3661 693
3662 693
3662 692
3663 692
3663 691
3665 691
3665 690
3666 690
3666 689
3667 689
3667 687
3668 687
3668 685
3669 685
3669 683
3670 683
3670 682
3671 682
3671 681
3673 681
3673 680
3676 680
3676 679
3687 679
3687 680
3696 680
3696 679
3702 679
3702 680
3703 680
3703 681
3707 681
3707 680
3710 680
3710 682
3711 682
3711 683
3713 683
3713 684
3719 684
3719 685
3721 685
3721 684
3725 684
3725 683
3738 683
3738 682
3743 682
3743 681
3755 681
3755 680
3766 680
3766 679
3771 679
3771 678
3774 678
3774 679
3771 679
3771 680
3766 680
3766 681
3755 681
3755 682
3743 682
3743 683
3738 683
3738 684
3725 684
3725 685
3721 685
3721 686
3719 686
3719 685
3713 685
3713 684
3711 684
3711 683
3710 683
3710 682
3709 682
3709 681
3707 681
3707 682
3703 682
3703 681
3702 681
3702 680
3696 680
3696 681
3687 681
3687 680
3676 680
3676 681
3673 681
3673 682
3671 682
3671 683
3670 683
3670 685
3669 685
3669 687
3668 687
3668 689
3667 689
3667 690
3666 690
3666 691
3665 691
3665 692
3663 692
3663 693
3662 693
3662 694
3661 694
3661 695
3660 695
3660 696
3659 696
3659 697
3657 697
3657 699
3656 699
3656 700
3655 700
3655 701
3654 701
3654 702
3651 702
3651 703
3650 703
3650 704
3648 704
3648 705
3647 705
3647 712
3646 712
3646 717
3645 717
3645 722
3644 722
3644 723
3639 723
3639 724
3637 724
3637 725
3634 725
3634 726
3633 726
3633 727
3632 727
3632 728
3630 728
3630 729
3627 729
3627 730
3622 730
3622 742
3621 742
3621 744
3620 744
3620 747
3619 747
3619 749
3618 749
3618 750
3617 750
3617 751
3615 751
3615 752
3614 752
3614 753
3613 753
3613 754
3612 754
3612 755
3605 755
3605 754
3604 754
3604 752
3603 752
3603 751
3601 751
3601 750
3600 750
3600 749
3598 749
3598 748
3597 748
3597 747
3595 747
3595 746
3593 746
3593 747
3592 747
3592 748
3590 748
3590 749
3589 749
3589 750
3588 750
3588 752
3587 752
3587 753
3586 753
3586 754
3585 754
3585 755
3584 755
3584 756
3583 756
3583 757
3582 757
3582 758
3580 758
3580 759
3578 759
3578 760
3577 760
3577 761
3576 761
3576 762
3575 762
3575 763
3573 763
3573 764
3570 764
3570 765
3569 765
3569 766
3568 766
3568 767
3567 767
3567 768
3565 768
3565 769
3564 769
3564 770
3563 770
3563 771
3562 771
3562 772
3561 772
3561 776
3560 776
3560 777
3559 777
3559 778
3557 778
3557 779
3555 779
3555 780
3553 780
3553 781
3550 781
3550 782
3547 782
3547 783
3546 783
3546 784
3545 784
3545 785
3543 785
3543 786
3539 786
3539 787
3538 787
3538 788
3537 788
3537 789
3536 789
3536 790
3535 790
3535 791
3533 791
3533 792
3532 792
3532 793
3531 793
3531 794
3529 794
3529 795
3528 795
3528 796
3527 796
3527 797
3526 797
3526 808
3525 808
3525 810
3524 810
3524 811
3523 811
3523 813
3522 813
3522 814
3519 814
3519 815
3516 815
3516 816
3515 816
3515 818
3514 818
3514 819
3510 819
3510 820
3504 820
3504 822
3503 822
3503 841
3502 841
3502 842
3501 842
3501 843
3500 843
3500 844
3499 844
3499 845
3497 845
3497 846
3496 846
3496 847
3493 847
3493 848
3492 848
3492 849
3491 849
3491 851
3490 851
3490 853
3489 853
3489 854
3488 854
3488 855
3486 855
3486 856
3483 856
3483 857
3482 857
3482 858
3481 858
3481 859
3478 859
3478 860
3476 860
3476 861
3475 861
3475 862
3473 862
3473 863
3468 863
3468 865
3467 865
3467 869
3464 869
3464 870
3462 870
3462 871
3460 871
3460 872
3459 872
3459 873
3458 873
3458 874
3455 874
3455 877
3454 877
3454 878
3451 878
3451 879
3450 879
3450 880
3447 880
3447 881
3445 881
3445 882
3442 882
3442 883
3440 883
3440 884
3439 884
3439 885
3437 885
3437 886
3435 886
3435 887
3432 887
3432 888
3431 888
3431 889
3429 889
3429 890
3428 890
3428 892
3427 892
3427 893
3425 893
3425 894
3423 894
3423 895
3422 895
3422 896
3420 896
3420 897
3418 897
