2167 1275
2166 1275
2166 1276
2165 1276
2165 1278
2164 1278
2164 1279
2165 1279
2165 1284
2164 1284
2164 1286
2163 1286
2163 1287
2161 1287
2161 1288
2160 1288
2160 1289
2158 1289
2158 1290
2156 1290
2156 1291
2153 1291
2153 1292
2152 1292
2152 1293
2150 1293
2150 1294
2137 1294
2137 1293
2135 1293
2135 1292
2134 1292
2134 1291
2133 1291
2133 1290
2132 1290
2132 1289
2131 1289
2131 1288
2130 1288
2130 1287
2129 1287
2129 1286
2128 1286
2128 1285
2124 1285
2124 1286
2123 1286
2123 1287
2122 1287
2122 1288
2118 1288
2118 1289
2106 1289
2106 1288
2104 1288
2104 1287
2102 1287
2102 1286
2101 1286
2101 1285
2085 1285
2085 1286
2084 1286
2084 1287
2067 1287
2067 1288
2066 1288
2066 1289
2064 1289
2064 1290
2043 1290
2043 1289
2040 1289
2040 1288
2037 1288
2037 1287
2035 1287
2035 1286
2034 1286
2034 1285
2033 1285
2033 1284
2032 1284
2032 1283
2031 1283
2031 1282
2030 1282
2030 1281
2029 1281
2029 1280
2028 1280
2028 1278
2027 1278
2027 1277
2026 1277
2026 1276
2024 1276
2024 1275
2022 1275
2022 1274
2020 1274
2020 1273
2014 1273
2014 1274
2011 1274
2011 1275
2007 1275
2007 1274
2003 1274
2003 1273
1994 1273
1994 1274
1991 1274
1991 1275
1986 1275
1986 1280
1985 1280
1985 1281
1984 1281
1984 1284
1983 1284
1983 1285
1982 1285
1982 1286
1973 1286
1973 1285
1972 1285
1972 1283
1971 1283
1971 1282
1970 1282
1970 1280
1969 1280
1969 1275
1968 1275
1968 1273
1967 1273
1967 1272
1966 1272
1966 1271
1965 1271
1965 1270
1964 1270
1964 1269
1962 1269
1962 1268
1961 1268
1961 1267
1958 1267
1958 1266
1944 1266
1944 1265
1942 1265
1942 1264
1930 1264
1930 1263
1927 1263
1927 1262
1926 1262
1926 1261
1924 1261
1924 1260
1923 1260
1923 1259
1921 1259
1921 1258
1920 1258
1920 1257
1919 1257
1919 1256
1917 1256
1917 1257
1914 1257
1914 1256
1906 1256
1906 1257
1904 1257
1904 1260
1903 1260
1903 1268
1902 1268
1902 1269
1901 1269
1901 1270
1900 1270
1900 1273
1899 1273
1899 1274
1895 1274
1895 1275
1894 1275
1894 1276
1893 1276
1893 1277
1888 1277
1888 1276
1883 1276
1883 1275
1882 1275
1882 1273
1881 1273
1881 1269
1880 1269
1880 1268
1879 1268
1879 1260
1878 1260
1878 1253
1877 1253
1877 1251
1876 1251
1876 1237
1875 1237
1875 1236
1874 1236
1874 1231
1873 1231
1873 1229
1872 1229
1872 1227
1871 1227
1871 1221
1870 1221
1870 1215
1869 1215
1869 1211
1868 1211
1868 1207
1867 1207
1867 1194
1866 1194
1866 1190
1865 1190
1865 1176
1864 1176
1864 1169
1863 1169
1863 1166
1862 1166
1862 1161
1861 1161
1861 1160
1859 1160
1859 1159
1858 1159
1858 1160
1855 1160
1855 1161
1851 1161
1851 1164
1850 1164
1850 1165
1848 1165
1848 1166
1847 1166
1847 1167
1846 1167
1846 1168
1843 1168
1843 1169
1828 1169
1828 1170
1822 1170
1822 1171
1821 1171
1821 1172
1820 1172
1820 1173
1819 1173
1819 1174
1818 1174
1818 1173
1812 1173
1812 1172
1811 1172
1811 1171
1810 1171
1810 1170
1775 1170
1775 1169
1773 1169
1773 1168
1771 1168
1771 1167
1761 1167
1761 1166
1759 1166
1759 1165
1757 1165
1757 1164
1756 1164
1756 1162
1754 1162
1754 1161
1746 1161
1746 1160
1739 1160
1739 1161
1738 1161
1738 1162
1730 1162
1730 1163
1723 1163
1723 1162
1722 1162
1722 1161
1717 1161
1717 1160
1716 1160
1716 1159
1715 1159
1715 1158
1714 1158
1714 1157
1712 1157
1712 1156
1708 1156
1708 1155
1706 1155
1706 1154
1703 1154
1703 1153
1701 1153
1701 1152
1695 1152
1695 1151
1691 1151
1691 1150
1681 1150
1681 1149
1680 1149
1680 1148
1677 1148
1677 1147
1676 1147
1676 1146
1667 1146
1667 1145
1665 1145
1665 1146
1654 1146
1654 1147
1650 1147
1650 1146
1643 1146
1643 1145
1640 1145
1640 1144
1635 1144
1635 1143
1634 1143
1634 1142
1632 1142
1632 1141
1631 1141
1631 1140
1630 1140
1630 1139
1629 1139
1629 1136
1628 1136
1628 1131
1627 1131
1627 1130
1621 1130
1621 1131
1618 1131
1618 1132
1617 1132
1617 1133
1612 1133
1612 1134
1609 1134
1609 1135
1597 1135
1597 1134
1593 1134
1593 1133
1592 1133
1592 1132
1590 1132
1590 1131
1589 1131
1589 1130
1588 1130
1588 1129
1587 1129
1587 1128
1586 1128
1586 1126
1585 1126
1585 1125
1584 1125
1584 1123
1583 1123
1583 1121
1582 1121
1582 1119
1581 1119
1581 1117
1580 1117
1580 1115
1579 1115
1579 1113
1578 1113
1578 1111
1577 1111
1577 1108
1576 1108
1576 1105
1575 1105
1575 1102
1574 1102
1574 1099
1573 1099
1573 1098
1572 1098
1572 1097
1571 1097
1571 1096
1563 1096
1563 1095
1560 1095
1560 1094
1559 1094
1559 1093
1558 1093
1558 1091
1554 1091
1554 1090
1547 1090
1547 1089
1546 1089
1546 1088
1544 1088
1544 1087
1542 1087
1542 1086
1541 1086
1541 1085
1540 1085
1540 1083
1536 1083
1536 1082
1523 1082
1523 1080
1522 1080
1522 1078
1521 1078
1521 1077
1520 1077
1520 1076
1519 1076
1519 1075
1518 1075
1518 1074
1513 1074
1513 1073
1508 1073
1508 1072
1500 1072
1500 1071
1497 1071
1497 1070
1496 1070
1496 1069
1495 1069
1495 1064
1494 1064
1494 1057
1493 1057
1493 1055
1492 1055
1492 1054
1491 1054
1491 1053
1489 1053
1489 1052
1488 1052
1488 1051
1486 1051
1486 1050
1485 1050
1485 1049
1484 1049
1484 1048
1483 1048
1483 1046
1482 1046
1482 1044
1481 1044
1481 1029
1480 1029
1480 1028
1479 1028
1479 1027
1477 1027
1477 1025
1461 1025
1461 1026
1460 1026
1460 1027
1459 1027
1459 1028
1458 1028
1458 1029
1457 1029
1457 1030
1456 1030
1456 1031
1455 1031
1455 1033
1454 1033
1454 1034
1453 1034
1453 1035
1452 1035
1452 1038
1450 1038
1450 1040
1439 1040
1439 1039
1434 1039
1434 1040
1433 1040
1433 1039
1429 1039
1429 1040
1427 1040
1427 1041
1425 1041
1425 1042
1424 1042
1424 1043
1423 1043
1423 1044
1422 1044
1422 1045
1421 1045
1421 1046
1420 1046
1420 1047
1419 1047
1419 1048
1418 1048
1418 1049
1417 1049
1417 1050
1416 1050
1416 1051
1415 1051
1415 1052
1414 1052
1414 1053
1413 1053
1413 1054
1411 1054
1411 1055
1409 1055
1409 1056
1408 1056
1408 1057
1406 1057
1406 1058
1404 1058
1404 1059
1400 1059
1400 1060
1396 1060
1396 1059
1395 1059
1395 1058
1394 1058
1394 1057
1393 1057
1393 1054
1392 1054
1392 1042
1391 1042
1391 1041
1390 1041
1390 1039
1389 1039
1389 1038
1384 1038
1384 1037
1382 1037
1382 1036
1381 1036
1381 1034
1380 1034
1380 1032
1379 1032
1379 1022
1378 1022
1378 1011
1377 1011
1377 1007
1376 1007
1376 1004
1375 1004
1375 1003
1374 1003
1374 1001
1372 1001
1372 1000
1370 1000
1370 999
1369 999
1369 998
1368 998
1368 997
1367 997
1367 995
1366 995
1366 981
1365 981
1365 979
1364 979
1364 978
1363 978
1363 977
1362 977
1362 976
1361 976
1361 975
1360 975
1360 974
1356 974
1356 973
1355 973
1355 972
1354 972
1354 971
1353 971
1353 969
1352 969
1352 965
1351 965
1351 959
1350 959
1350 947
1349 947
1349 940
1350 940
1350 939
1349 939
1349 935
1348 935
1348 932
1349 932
1349 929
1348 929
1348 927
1347 927
1347 909
1348 909
1348 908
1347 908
1347 903
1346 903
1346 899
1347 899
1347 897
1346 897
1346 888
1345 888
1345 887
1344 887
1344 886
1339 886
1339 887
1332 887
1332 888
1318 888
1318 887
1314 887
1314 888
1304 888
1304 887
1303 887
1303 886
1302 886
1302 885
1301 885
1301 884
1300 884
1300 882
1299 882
1299 878
1298 878
1298 872
1297 872
1297 870
1296 870
1296 869
1295 869
1295 868
1294 868
1294 867
1292 867
1292 866
1291 866
1291 865
1290 865
1290 864
1289 864
1289 863
1288 863
1288 862
1286 862
1286 861
1283 861
1283 860
1282 860
1282 859
1281 859
1281 858
1279 858
1279 857
1273 857
1273 856
1269 856
1269 855
1268 855
1268 854
1267 854
1267 852
1266 852
1266 850
1265 850
1265 849
1264 849
1264 848
1263 848
1263 847
1262 847
1262 846
1261 846
1261 845
1260 845
1260 844
1259 844
1259 843
1246 843
1246 842
1240 842
1240 841
1239 841
1239 839
1238 839
1238 833
1237 833
1237 828
1236 828
1236 824
1235 824
1235 806
1234 806
1234 805
1233 805
1233 801
1234 801
1234 800
1235 800
1235 785
1234 785
1234 776
1233 776
1233 774
1226 774
1226 773
1224 773
1224 772
1223 772
1223 770
1222 770
1222 760
1221 760
1221 756
1220 756
1220 755
1219 755
1219 754
1218 754
1218 753
1216 753
1216 752
1214 752
1214 751
1212 751
1212 750
1211 750
1211 749
1210 749
1210 746
1209 746
1209 734
1208 734
1208 716
1207 716
1207 692
1206 692
1206 676
1205 676
1205 662
1204 662
1204 661
1203 661
1203 660
1200 660
1200 659
1197 659
1197 658
1195 658
1195 657
1194 657
1194 655
1193 655
1193 648
1192 648
1192 644
1193 644
1193 643
1192 643
1192 628
1191 628
1191 618
1189 618
1189 617
1184 617
1184 616
1182 616
1182 615
1181 615
1181 614
1180 614
1180 613
1179 613
1179 607
1178 607
1178 597
1177 597
1177 596
1175 596
1175 595
1172 595
1172 594
1169 594
1169 593
1168 593
1168 592
1167 592
1167 591
1166 591
1166 581
1165 581
1165 565
1164 565
1164 553
1163 553
1163 552
1159 552
1159 551
1155 551
1155 550
1154 550
1154 549
1153 549
1153 548
1152 548
1152 545
1151 545
1151 544
1150 544
1150 543
1146 543
1146 544
1142 544
1142 542
1141 542
1141 540
1140 540
1140 539
1139 539
1139 534
1138 534
1138 531
1131 531
1131 530
1122 530
1122 531
1112 531
1112 530
1122 530
1122 529
1131 529
1131 530
1138 530
1138 531
1139 531
1139 534
1140 534
1140 539
1141 539
1141 540
1142 540
1142 542
1143 542
1143 543
1146 543
1146 542
1150 542
1150 543
1151 543
1151 544
1152 544
1152 545
1153 545
1153 548
1154 548
1154 549
1155 549
1155 550
1159 550
1159 551
1163 551
1163 552
1164 552
1164 553
1165 553
1165 565
1166 565
1166 581
1167 581
1167 591
1168 591
1168 592
1169 592
1169 593
1172 593
1172 594
1175 594
1175 595
1177 595
1177 596
1178 596
1178 597
1179 597
1179 607
1180 607
1180 613
1181 613
1181 614
1182 614
1182 615
1184 615
1184 616
1189 616
1189 617
1191 617
1191 618
1192 618
1192 628
1193 628
1193 643
1194 643
1194 644
1193 644
1193 648
1194 648
1194 655
1195 655
1195 657
1197 657
1197 658
1200 658
1200 659
1203 659
1203 660
1204 660
1204 661
1205 661
1205 662
1206 662
1206 676
1207 676
1207 692
1208 692
1208 716
1209 716
1209 734
1210 734
1210 746
1211 746
1211 749
1212 749
1212 750
1214 750
1214 751
1216 751
1216 752
1218 752
1218 753
1219 753
1219 754
1220 754
1220 755
1221 755
1221 756
1222 756
1222 760
1223 760
1223 770
1224 770
1224 772
1226 772
1226 773
1233 773
1233 774
1234 774
1234 776
1235 776
1235 785
1236 785
1236 801
1234 801
1234 805
1235 805
1235 806
1236 806
1236 824
1237 824
1237 828
1238 828
1238 833
1239 833
1239 839
1240 839
1240 841
1246 841
1246 842
1259 842
1259 843
1260 843
1260 844
1261 844
1261 845
1262 845
1262 846
1263 846
1263 847
1264 847
1264 848
1265 848
1265 849
1266 849
1266 850
1267 850
1267 852
1268 852
1268 854
1269 854
1269 855
1273 855
1273 856
1279 856
1279 857
1281 857
1281 858
1282 858
1282 859
1283 859
1283 860
1286 860
1286 861
1288 861
1288 862
1289 862
1289 863
1290 863
1290 864
1291 864
1291 865
1292 865
1292 866
1294 866
1294 867
1295 867
1295 868
1296 868
1296 869
1297 869
1297 870
1298 870
1298 872
1299 872
1299 878
1300 878
1300 882
1301 882
1301 884
1302 884
1302 885
1303 885
1303 886
1304 886
1304 887
1314 887
1314 886
1318 886
1318 887
1332 887
1332 886
1339 886
1339 885
1344 885
1344 886
1345 886
1345 887
1346 887
1346 888
1347 888
1347 897
1348 897
1348 899
1347 899
1347 903
1348 903
1348 908
1349 908
1349 909
1348 909
1348 927
1349 927
1349 929
1350 929
1350 932
1349 932
1349 935
1350 935
1350 939
1351 939
1351 940
1350 940
1350 947
1351 947
1351 959
1352 959
1352 965
1353 965
1353 969
1354 969
1354 971
1355 971
1355 972
1356 972
1356 973
1360 973
1360 974
1361 974
1361 975
1362 975
1362 976
1363 976
1363 977
1364 977
1364 978
1365 978
1365 979
1366 979
1366 981
1367 981
1367 995
1368 995
1368 997
1369 997
1369 998
1370 998
1370 999
1372 999
1372 1000
1374 1000
1374 1001
1375 1001
1375 1003
1376 1003
1376 1004
1377 1004
1377 1007
1378 1007
1378 1011
1379 1011
1379 1022
1380 1022
1380 1032
1381 1032
1381 1034
1382 1034
1382 1036
1384 1036
1384 1037
1389 1037
1389 1038
1390 1038
1390 1039
1391 1039
1391 1041
1392 1041
1392 1042
1393 1042
1393 1054
1394 1054
1394 1057
1395 1057
1395 1058
1396 1058
1396 1059
1400 1059
1400 1058
1404 1058
1404 1057
1406 1057
1406 1056
1408 1056
1408 1055
1409 1055
1409 1054
1411 1054
1411 1053
1413 1053
1413 1052
1414 1052
1414 1051
1415 1051
1415 1050
1416 1050
1416 1049
1417 1049
1417 1048
1418 1048
1418 1047
1419 1047
1419 1046
1420 1046
1420 1045
1421 1045
1421 1044
1422 1044
1422 1043
1423 1043
1423 1042
1424 1042
1424 1041
1425 1041
1425 1040
1427 1040
1427 1039
1429 1039
1429 1038
1433 1038
1433 1039
1434 1039
1434 1038
1439 1038
1439 1039
1449 1039
1449 1038
1450 1038
1450 1037
1451 1037
1451 1035
1452 1035
1452 1034
1453 1034
1453 1033
1454 1033
1454 1031
1455 1031
1455 1030
1456 1030
1456 1029
1457 1029
1457 1028
1458 1028
1458 1027
1459 1027
1459 1026
1460 1026
1460 1025
1461 1025
1461 1024
1477 1024
1477 1025
1478 1025
1478 1026
1479 1026
1479 1027
1480 1027
1480 1028
1481 1028
1481 1029
1482 1029
1482 1044
1483 1044
1483 1046
1484 1046
1484 1048
1485 1048
1485 1049
1486 1049
1486 1050
1488 1050
1488 1051
1489 1051
1489 1052
1491 1052
1491 1053
1492 1053
1492 1054
1493 1054
1493 1055
1494 1055
1494 1057
1495 1057
1495 1064
1496 1064
1496 1069
1497 1069
1497 1070
1500 1070
1500 1071
1508 1071
1508 1072
1513 1072
1513 1073
1518 1073
1518 1074
1519 1074
1519 1075
1520 1075
1520 1076
1521 1076
1521 1077
1522 1077
1522 1078
1523 1078
1523 1080
1524 1080
1524 1081
1536 1081
1536 1082
1540 1082
1540 1083
1541 1083
1541 1085
1542 1085
1542 1086
1544 1086
1544 1087
1546 1087
1546 1088
1547 1088
1547 1089
1554 1089
1554 1090
1558 1090
1558 1091
1559 1091
1559 1093
1560 1093
1560 1094
1563 1094
1563 1095
1571 1095
1571 1096
1572 1096
1572 1097
1573 1097
1573 1098
1574 1098
1574 1099
1575 1099
1575 1102
1576 1102
1576 1105
1577 1105
1577 1108
1578 1108
1578 1111
1579 1111
1579 1113
1580 1113
1580 1115
1581 1115
1581 1117
1582 1117
1582 1119
1583 1119
1583 1121
1584 1121
1584 1123
1585 1123
1585 1125
1586 1125
1586 1126
1587 1126
1587 1128
1588 1128
1588 1129
1589 1129
1589 1130
1590 1130
1590 1131
1592 1131
1592 1132
1593 1132
1593 1133
1597 1133
1597 1134
1609 1134
1609 1133
1612 1133
1612 1132
1617 1132
1617 1131
1618 1131
1618 1130
1621 1130
1621 1129
1627 1129
1627 1130
1628 1130
1628 1131
1629 1131
1629 1136
1630 1136
1630 1139
1631 1139
1631 1140
1632 1140
1632 1141
1634 1141
1634 1142
1635 1142
1635 1143
1640 1143
1640 1144
1643 1144
1643 1145
1650 1145
1650 1146
1654 1146
1654 1145
1665 1145
1665 1144
1667 1144
1667 1145
1676 1145
1676 1146
1677 1146
1677 1147
1680 1147
1680 1148
1681 1148
1681 1149
1691 1149
1691 1150
1695 1150
1695 1151
1701 1151
1701 1152
1703 1152
1703 1153
1706 1153
1706 1154
1708 1154
1708 1155
1712 1155
1712 1156
1714 1156
1714 1157
1715 1157
1715 1158
1716 1158
1716 1159
1717 1159
1717 1160
1722 1160
1722 1161
1723 1161
1723 1162
1730 1162
1730 1161
1738 1161
1738 1160
1739 1160
1739 1159
1746 1159
1746 1160
1754 1160
1754 1161
1756 1161
1756 1162
1757 1162
1757 1164
1759 1164
1759 1165
1761 1165
1761 1166
1771 1166
1771 1167
1773 1167
1773 1168
1775 1168
1775 1169
1810 1169
1810 1170
1811 1170
1811 1171
1812 1171
1812 1172
1818 1172
1818 1173
1819 1173
1819 1172
1820 1172
1820 1171
1821 1171
1821 1170
1822 1170
1822 1169
1828 1169
1828 1168
1843 1168
1843 1167
1846 1167
1846 1166
1847 1166
1847 1165
1848 1165
1848 1164
1850 1164
1850 1161
1851 1161
1851 1160
1855 1160
1855 1159
1858 1159
1858 1158
1859 1158
1859 1159
1861 1159
1861 1160
1862 1160
1862 1161
1863 1161
1863 1166
1864 1166
1864 1169
1865 1169
1865 1176
1866 1176
1866 1190
1867 1190
1867 1194
1868 1194
1868 1207
1869 1207
1869 1211
1870 1211
1870 1215
1871 1215
1871 1221
1872 1221
1872 1227
1873 1227
1873 1229
1874 1229
1874 1231
1875 1231
1875 1236
1876 1236
1876 1237
1877 1237
1877 1251
1878 1251
1878 1253
1879 1253
1879 1260
1880 1260
1880 1268
1881 1268
1881 1269
1882 1269
1882 1273
1883 1273
1883 1275
1888 1275
1888 1276
1893 1276
1893 1275
1894 1275
1894 1273
1899 1273
1899 1270
1900 1270
1900 1269
1901 1269
1901 1268
1902 1268
1902 1260
1903 1260
1903 1257
1904 1257
1904 1256
1906 1256
1906 1255
1914 1255
1914 1256
1917 1256
1917 1255
1919 1255
1919 1256
1920 1256
1920 1257
1921 1257
1921 1258
1923 1258
1923 1259
1924 1259
1924 1260
1926 1260
1926 1261
1927 1261
1927 1262
1930 1262
1930 1263
1942 1263
1942 1264
1944 1264
1944 1265
1958 1265
1958 1266
1961 1266
1961 1267
1962 1267
1962 1268
1964 1268
1964 1269
1965 1269
1965 1270
1966 1270
1966 1271
1967 1271
1967 1272
1968 1272
1968 1273
1969 1273
1969 1275
1970 1275
1970 1280
1971 1280
1971 1282
1972 1282
1972 1283
1973 1283
1973 1285
1982 1285
1982 1284
1983 1284
1983 1281
1984 1281
1984 1280
1985 1280
1985 1275
1986 1275
1986 1274
1991 1274
1991 1273
1994 1273
1994 1272
2003 1272
2003 1273
2007 1273
2007 1274
2011 1274
2011 1273
2014 1273
2014 1272
2020 1272
2020 1273
2022 1273
2022 1274
2024 1274
2024 1275
2026 1275
2026 1276
2027 1276
2027 1277
2028 1277
2028 1278
2029 1278
2029 1280
2030 1280
2030 1281
2031 1281
2031 1282
2032 1282
2032 1283
2033 1283
2033 1284
2034 1284
2034 1285
2035 1285
2035 1286
2037 1286
2037 1287
2040 1287
2040 1288
2043 1288
2043 1289
2064 1289
2064 1288
2066 1288
2066 1287
2067 1287
2067 1286
2084 1286
2084 1285
2085 1285
2085 1284
2101 1284
2101 1285
2102 1285
2102 1286
2104 1286
2104 1287
2106 1287
2106 1288
2118 1288
2118 1287
2122 1287
2122 1286
2123 1286
2123 1285
2124 1285
2124 1284
2128 1284
2128 1285
2129 1285
2129 1286
2130 1286
2130 1287
2131 1287
2131 1288
2132 1288
2132 1289
2133 1289
2133 1290
2134 1290
2134 1291
2135 1291
2135 1292
2137 1292
2137 1293
2150 1293
2150 1292
2152 1292
2152 1291
2153 1291
2153 1290
2156 1290
2156 1289
2158 1289
2158 1288
2160 1288
2160 1287
2161 1287
2161 1286
2163 1286
2163 1284
2164 1284
2164 1279
2163 1279
2163 1278
2164 1278
2164 1276
2165 1276
2165 1275
2166 1275
2166 1273
2167 1273
2167 1272
2169 1272
2169 1271
2170 1271
2170 1270
2171 1270
2171 1269
2180 1269
2180 1270
2187 1270
2187 1269
2193 1269
2193 1268
2201 1268
2201 1267
2204 1267
2204 1266
2221 1266
2221 1265
2224 1265
2224 1264
2225 1264
2225 1263
2226 1263
2226 1262
2227 1262
2227 1261
2228 1261
2228 1260
2229 1260
2229 1259
2230 1259
2230 1258
2231 1258
2231 1257
2232 1257
2232 1256
2233 1256
2233 1255
2234 1255
2234 1254
2240 1254
2240 1255
2242 1255
2242 1256
2244 1256
2244 1257
2245 1257
2245 1258
2246 1258
2246 1260
2248 1260
2248 1261
2249 1261
2249 1262
2250 1262
2250 1263
2251 1263
2251 1264
2253 1264
2253 1265
2255 1265
2255 1266
2271 1266
2271 1265
2272 1265
2272 1264
2274 1264
2274 1263
2275 1263
2275 1262
2276 1262
2276 1258
2277 1258
2277 1252
2279 1252
2279 1253
2286 1253
2286 1254
2300 1254
2300 1255
2304 1255
2304 1256
2320 1256
2320 1255
2322 1255
2322 1254
2323 1254
2323 1253
2324 1253
2324 1252
2325 1252
2325 1251
2335 1251
2335 1250
2337 1250
2337 1249
2338 1249
2338 1248
2339 1248
2339 1247
2341 1247
2341 1244
2342 1244
2342 1242
2343 1242
2343 1241
2345 1241
2345 1240
2346 1240
2346 1239
2347 1239
2347 1236
2348 1236
2348 1235
2350 1235
2350 1234
2351 1234
2351 1232
2352 1232
2352 1230
2353 1230
2353 1229
2354 1229
2354 1228
2356 1228
2356 1226
2357 1226
2357 1224
2358 1224
2358 1222
2359 1222
2359 1221
2361 1221
2361 1218
2362 1218
2362 1216
2363 1216
2363 1214
2364 1214
2364 1213
2365 1213
2365 1211
2366 1211
2366 1210
2367 1210
2367 1209
2369 1209
2369 1208
2370 1208
2370 1207
2376 1207
2376 1208
2377 1208
2377 1209
2380 1209
2380 1210
2382 1210
2382 1211
2392 1211
2392 1210
2395 1210
2395 1209
2397 1209
2397 1208
2401 1208
2401 1207
2404 1207
2404 1206
2410 1206
2410 1205
2411 1205
2411 1204
2413 1204
2413 1203
2419 1203
2419 1204
2421 1204
2421 1205
2424 1205
2424 1206
2429 1206
2429 1207
2438 1207
2438 1208
2439 1208
2439 1210
2440 1210
2440 1211
2442 1211
2442 1212
2448 1212
2448 1213
2452 1213
2452 1214
2454 1214
2454 1215
2456 1215
2456 1216
2458 1216
2458 1217
2463 1217
2463 1218
2464 1218
2464 1220
2469 1220
2469 1221
2475 1221
2475 1220
2478 1220
2478 1219
2489 1219
2489 1218
2501 1218
2501 1219
2510 1219
2510 1220
2517 1220
2517 1221
2521 1221
2521 1220
2523 1220
2523 1219
2524 1219
2524 1218
2526 1218
2526 1217
2527 1217
2527 1216
2528 1216
2528 1215
2535 1215
2535 1214
2537 1214
2537 1213
2538 1213
2538 1212
2540 1212
2540 1211
2549 1211
2549 1210
2552 1210
2552 1209
2560 1209
2560 1208
2562 1208
2562 1207
2563 1207
2563 1206
2568 1206
2568 1205
2572 1205
2572 1204
2581 1204
2581 1203
2584 1203
2584 1202
2592 1202
2592 1201
2593 1201
2593 1200
2594 1200
2594 1199
2597 1199
2597 1198
2600 1198
2600 1197
2605 1197
2605 1196
2606 1196
2606 1195
2607 1195
2607 1194
2608 1194
2608 1190
2609 1190
2609 1181
2610 1181
2610 1172
2611 1172
2611 1156
2612 1156
2612 1149
2611 1149
2611 1146
2610 1146
2610 1138
2611 1138
2611 1123
2612 1123
2612 1119
2613 1119
2613 1115
2614 1115
2614 1109
2615 1109
2615 1096
2616 1096
2616 1092
2617 1092
2617 1090
2618 1090
2618 1086
2619 1086
2619 1083
2620 1083
2620 1082
2621 1082
2621 1081
2622 1081
2622 1080
2623 1080
2623 1079
2624 1079
2624 1078
2626 1078
2626 1077
2627 1077
2627 1076
2628 1076
2628 1075
2629 1075
2629 1074
2631 1074
2631 1073
2632 1073
2632 1072
2633 1072
2633 1071
2635 1071
2635 1070
2637 1070
2637 1069
2638 1069
2638 1067
2639 1067
2639 1066
2640 1066
2640 1065
2641 1065
2641 1064
2643 1064
2643 1063
2644 1063
2644 1061
2645 1061
2645 1057
2646 1057
2646 1054
2647 1054
2647 1051
2648 1051
2648 1049
2649 1049
2649 1046
2652 1046
2652 1045
2659 1045
2659 1044
2660 1044
2660 1042
2661 1042
2661 1040
2662 1040
2662 1035
2664 1035
2664 1034
2665 1034
2665 1033
2666 1033
2666 1032
2667 1032
2667 1031
2668 1031
2668 1030
2669 1030
2669 1028
2670 1028
2670 1026
2671 1026
2671 1017
2672 1017
2672 1010
2673 1010
2673 1009
2678 1009
2678 1010
2680 1010
2680 1009
2684 1009
2684 1008
2689 1008
2689 1007
2692 1007
2692 1006
2693 1006
2693 1005
2695 1005
2695 1003
2696 1003
2696 1001
2697 1001
2697 998
2698 998
2698 997
2706 997
2706 998
2707 998
2707 999
2708 999
2708 1000
2713 1000
2713 999
2715 999
2715 998
2716 998
2716 997
2718 997
2718 996
2719 996
2719 995
2720 995
2720 994
2721 994
2721 993
2722 993
2722 988
2723 988
2723 984
2724 984
2724 983
2725 983
2725 982
2729 982
2729 981
2730 981
2730 982
2733 982
2733 981
2741 981
2741 982
2750 982
2750 983
2755 983
2755 982
2757 982
2757 979
2758 979
2758 976
2759 976
2759 969
2760 969
2760 965
2761 965
2761 963
2764 963
2764 964
2767 964
2767 963
2768 963
2768 962
2770 962
2770 961
2771 961
2771 958
2772 958
2772 954
2773 954
2773 944
2774 944
2774 940
2775 940
2775 937
2780 937
2780 936
2781 936
2781 935
2784 935
2784 934
2785 934
2785 933
2786 933
2786 932
2787 932
2787 931
2789 931
2789 930
2790 930
2790 929
2797 929
2797 928
2798 928
2798 927
2799 927
2799 926
2800 926
2800 925
2801 925
2801 923
2802 923
2802 922
2803 922
2803 921
2804 921
2804 919
2805 919
2805 918
2806 918
2806 917
2807 917
2807 916
2808 916
2808 915
2810 915
2810 914
2811 914
2811 913
2814 913
2814 912
2820 912
2820 913
2821 913
2821 914
2822 914
2822 915
2823 915
2823 916
2825 916
2825 917
2827 917
2827 918
2829 918
2829 919
2831 919
2831 920
2834 920
2834 921
2837 921
2837 922
2838 922
2838 923
2839 923
2839 924
2840 924
2840 925
2841 925
2841 926
2844 926
2844 927
2848 927
2848 928
2867 928
2867 929
2868 929
2868 928
2872 928
2872 929
2873 929
2873 930
2876 930
2876 929
2880 929
2880 928
2882 928
2882 927
2884 927
2884 926
2886 926
2886 924
2887 924
2887 923
2888 923
2888 922
2889 922
2889 921
2890 921
2890 920
2893 920
2893 919
2894 919
2894 917
2895 917
2895 914
2896 914
2896 909
2897 909
2897 907
2898 907
2898 902
2899 902
2899 898
2898 898
2898 896
2899 896
2899 891
2900 891
2900 890
2901 890
2901 889
2902 889
2902 888
2903 888
2903 887
2904 887
2904 884
2905 884
2905 883
2906 883
2906 882
2908 882
2908 881
2909 881
2909 879
2910 879
2910 878
2911 878
2911 877
2912 877
2912 876
2913 876
2913 875
2914 875
2914 874
2915 874
2915 873
2916 873
2916 872
2917 872
2917 871
2918 871
2918 867
2919 867
2919 863
2920 863
2920 862
2921 862
2921 861
2922 861
2922 859
2923 859
2923 856
2924 856
2924 855
2925 855
2925 854
2929 854
2929 853
2931 853
2931 852
2933 852
2933 850
2934 850
2934 849
2935 849
2935 844
2936 844
2936 839
2937 839
2937 836
2938 836
2938 823
2939 823
2939 814
2940 814
2940 808
2941 808
2941 807
2942 807
2942 805
2941 805
2941 802
2942 802
2942 799
2952 799
2952 798
2954 798
2954 797
2955 797
2955 796
2957 796
2957 795
2959 795
2959 794
2960 794
2960 792
2961 792
2961 791
2967 791
2967 790
2968 790
2968 789
2970 789
2970 788
2973 788
2973 787
2976 787
2976 786
2984 786
2984 787
2997 787
2997 786
3003 786
3003 787
3009 787
3009 786
3015 786
3015 787
3016 787
3016 788
3024 788
3024 789
3025 789
3025 790
3028 790
3028 791
3029 791
3029 792
3030 792
3030 793
3031 793
3031 792
3034 792
3034 791
3035 791
3035 790
3036 790
3036 791
3035 791
3035 792
3034 792
3034 793
3031 793
3031 794
3030 794
3030 793
3029 793
3029 792
3028 792
3028 791
3025 791
3025 790
3024 790
3024 789
3016 789
3016 788
3015 788
3015 787
3009 787
3009 788
3003 788
3003 787
2997 787
2997 788
2984 788
2984 787
2976 787
2976 788
2973 788
2973 789
2970 789
2970 790
2968 790
2968 791
2967 791
2967 792
2961 792
2961 794
2960 794
2960 795
2959 795
2959 796
2957 796
2957 797
2955 797
2955 798
2954 798
2954 799
2952 799
2952 800
2943 800
2943 802
2942 802
2942 805
2943 805
2943 808
2941 808
2941 814
2940 814
2940 823
2939 823
2939 836
2938 836
2938 839
2937 839
2937 844
2936 844
2936 849
2935 849
2935 850
2934 850
2934 852
2933 852
2933 853
2931 853
2931 854
2929 854
2929 855
2925 855
2925 856
2924 856
2924 859
2923 859
2923 861
2922 861
2922 862
2921 862
2921 863
2920 863
2920 867
2919 867
2919 871
2918 871
2918 872
2917 872
2917 873
2916 873
2916 874
2915 874
2915 875
2914 875
2914 876
2913 876
2913 877
2912 877
2912 878
2911 878
2911 879
2910 879
2910 881
2909 881
2909 882
2908 882
2908 883
2906 883
2906 884
2905 884
2905 887
2904 887
2904 888
2903 888
2903 889
2902 889
2902 890
2901 890
2901 891
2900 891
2900 896
2899 896
2899 898
2900 898
2900 902
2899 902
2899 907
2898 907
2898 909
2897 909
2897 914
2896 914
2896 917
2895 917
2895 919
2894 919
2894 920
2893 920
2893 921
2890 921
2890 922
2889 922
2889 923
2888 923
2888 924
2887 924
2887 926
2886 926
2886 927
2884 927
2884 928
2882 928
2882 929
2880 929
2880 930
2876 930
2876 931
2873 931
2873 930
2872 930
2872 929
2868 929
2868 930
2867 930
2867 929
2848 929
2848 928
2844 928
2844 927
2841 927
2841 926
2840 926
2840 925
2839 925
2839 924
2838 924
2838 923
2837 923
2837 922
2834 922
2834 921
2831 921
2831 920
2829 920
2829 919
2827 919
2827 918
2825 918
2825 917
2823 917
2823 916
2822 916
2822 915
2821 915
2821 914
2820 914
2820 913
2814 913
2814 914
2811 914
2811 915
2810 915
2810 916
2808 916
2808 917
2807 917
2807 918
2806 918
2806 919
2805 919
2805 921
2804 921
2804 922
2803 922
2803 923
2802 923
2802 925
2801 925
2801 926
2800 926
2800 927
2799 927
2799 928
2798 928
2798 929
2797 929
2797 930
2790 930
2790 931
2789 931
2789 932
2787 932
2787 933
2786 933
2786 934
2785 934
2785 935
2784 935
2784 936
2781 936
2781 937
2780 937
2780 938
2776 938
2776 940
2775 940
2775 944
2774 944
2774 954
2773 954
2773 958
2772 958
2772 961
2771 961
2771 962
2770 962
2770 963
2768 963
2768 964
2767 964
2767 965
2764 965
2764 964
2762 964
2762 965
2761 965
2761 969
2760 969
2760 976
2759 976
2759 979
2758 979
2758 982
2757 982
2757 983
2755 983
2755 984
2750 984
2750 983
2741 983
2741 982
2733 982
2733 983
2730 983
2730 982
2729 982
2729 983
2725 983
2725 984
2724 984
2724 988
2723 988
2723 993
2722 993
2722 994
2721 994
2721 995
2720 995
2720 996
2719 996
2719 997
2718 997
2718 998
2716 998
2716 999
2715 999
2715 1000
2713 1000
2713 1001
2708 1001
2708 1000
2707 1000
2707 999
2706 999
2706 998
2698 998
2698 1001
2697 1001
2697 1003
2696 1003
2696 1005
2695 1005
2695 1006
2693 1006
2693 1007
2692 1007
2692 1008
2689 1008
2689 1009
2684 1009
2684 1010
2680 1010
2680 1011
2678 1011
2678 1010
2673 1010
2673 1017
2672 1017
2672 1026
2671 1026
2671 1028
2670 1028
2670 1030
2669 1030
2669 1031
2668 1031
2668 1032
2667 1032
2667 1033
2666 1033
2666 1034
2665 1034
2665 1035
2664 1035
2664 1036
2663 1036
2663 1040
2662 1040
2662 1042
2661 1042
2661 1044
2660 1044
2660 1045
2659 1045
2659 1046
2652 1046
2652 1047
2650 1047
2650 1049
2649 1049
2649 1051
2648 1051
2648 1054
2647 1054
2647 1057
2646 1057
2646 1061
2645 1061
2645 1063
2644 1063
2644 1064
2643 1064
2643 1065
2641 1065
2641 1066
2640 1066
2640 1067
2639 1067
2639 1069
2638 1069
2638 1070
2637 1070
2637 1071
2635 1071
2635 1072
2633 1072
2633 1073
2632 1073
2632 1074
2631 1074
2631 1075
2629 1075
2629 1076
2628 1076
2628 1077
2627 1077
2627 1078
2626 1078
2626 1079
2624 1079
2624 1080
2623 1080
2623 1081
2622 1081
2622 1082
2621 1082
2621 1083
2620 1083
2620 1086
2619 1086
2619 1090
2618 1090
2618 1092
2617 1092
2617 1096
2616 1096
2616 1109
2615 1109
2615 1115
2614 1115
2614 1119
2613 1119
2613 1123
2612 1123
2612 1138
2611 1138
2611 1146
2612 1146
2612 1149
2613 1149
2613 1156
2612 1156
2612 1172
2611 1172
2611 1181
2610 1181
2610 1190
2609 1190
2609 1194
2608 1194
2608 1195
2607 1195
2607 1196
2606 1196
2606 1197
2605 1197
2605 1198
2600 1198
2600 1199
2597 1199
2597 1200
2594 1200
2594 1201
2593 1201
2593 1202
2592 1202
2592 1203
2584 1203
2584 1204
2581 1204
2581 1205
2572 1205
2572 1206
2568 1206
2568 1207
2563 1207
2563 1208
2562 1208
2562 1209
2560 1209
2560 1210
2552 1210
2552 1211
2549 1211
2549 1212
2540 1212
2540 1213
2538 1213
2538 1214
2537 1214
2537 1215
2535 1215
2535 1216
2528 1216
2528 1217
2527 1217
2527 1218
2526 1218
2526 1219
2524 1219
2524 1220
2523 1220
2523 1221
2521 1221
2521 1222
2517 1222
2517 1221
2510 1221
2510 1220
2501 1220
2501 1219
2489 1219
2489 1220
2478 1220
2478 1221
2475 1221
2475 1222
2469 1222
2469 1221
2464 1221
2464 1220
2463 1220
2463 1218
2458 1218
2458 1217
2456 1217
2456 1216
2454 1216
2454 1215
2452 1215
2452 1214
2448 1214
2448 1213
2442 1213
2442 1212
2440 1212
2440 1211
2439 1211
2439 1210
2438 1210
2438 1208
2429 1208
2429 1207
2424 1207
2424 1206
2421 1206
2421 1205
2419 1205
2419 1204
2413 1204
2413 1205
2411 1205
2411 1207
2404 1207
2404 1208
2401 1208
2401 1209
2397 1209
2397 1210
2395 1210
2395 1211
2392 1211
2392 1212
2382 1212
2382 1211
2380 1211
2380 1210
2377 1210
2377 1209
2376 1209
2376 1208
2370 1208
2370 1209
2369 1209
2369 1210
2367 1210
2367 1211
2366 1211
2366 1213
2365 1213
2365 1214
2364 1214
2364 1216
2363 1216
2363 1218
2362 1218
2362 1221
2361 1221
2361 1222
2359 1222
2359 1224
2358 1224
2358 1226
2357 1226
2357 1228
2356 1228
2356 1229
2354 1229
2354 1230
2353 1230
2353 1232
2352 1232
2352 1234
2351 1234
2351 1236
2348 1236
2348 1239
2347 1239
2347 1240
2346 1240
2346 1241
2345 1241
2345 1242
2343 1242
2343 1244
2342 1244
2342 1247
2341 1247
2341 1248
2339 1248
2339 1249
2338 1249
2338 1251
2335 1251
2335 1252
2325 1252
2325 1253
2324 1253
2324 1254
2323 1254
2323 1255
2322 1255
2322 1256
2320 1256
2320 1257
2304 1257
2304 1256
2300 1256
2300 1255
2286 1255
2286 1254
2279 1254
2279 1253
2278 1253
2278 1258
2277 1258
2277 1262
2276 1262
2276 1263
2275 1263
2275 1264
2274 1264
2274 1265
2272 1265
2272 1266
2271 1266
2271 1267
2255 1267
2255 1266
2253 1266
2253 1265
2251 1265
2251 1264
2250 1264
2250 1263
2249 1263
2249 1262
2248 1262
2248 1261
2246 1261
2246 1260
2245 1260
2245 1258
2244 1258
2244 1257
2242 1257
2242 1256
2240 1256
2240 1255
2234 1255
2234 1256
2233 1256
2233 1257
2232 1257
2232 1258
2231 1258
2231 1259
2230 1259
2230 1260
2229 1260
2229 1261
2228 1261
2228 1262
2227 1262
2227 1263
2226 1263
2226 1264
2225 1264
2225 1265
2224 1265
2224 1266
2221 1266
2221 1267
2204 1267
2204 1268
2201 1268
2201 1269
2193 1269
2193 1270
2187 1270
2187 1271
2180 1271
2180 1270
2171 1270
2171 1271
2170 1271
2170 1272
2169 1272
2169 1273
2167 1273
