3726 202
3715 202
3715 203
3712 203
3712 204
3709 204
3709 205
3706 205
3706 206
3705 206
3705 207
3703 207
3703 208
3702 208
3702 209
3700 209
3700 210
3693 210
3693 211
3691 211
3691 212
3682 212
3682 213
3676 213
3676 212
3674 212
3674 211
3671 211
3671 210
3670 210
3670 209
3667 209
3667 208
3666 208
3666 207
3665 207
3665 206
3664 206
3664 205
3663 205
3663 204
3662 204
3662 203
3661 203
3661 195
3660 195
3660 189
3658 189
3658 188
3657 188
3657 187
3656 187
3656 186
3655 186
3655 185
3654 185
3654 184
3653 184
3653 183
3652 183
3652 182
3651 182
3651 181
3650 181
3650 180
3645 180
3645 181
3644 181
3644 182
3641 182
3641 183
3636 183
3636 184
3635 184
3635 186
3634 186
3634 208
3633 208
3633 219
3632 219
3632 220
3631 220
3631 222
3630 222
3630 223
3629 223
3629 224
3626 224
3626 225
3625 225
3625 226
3623 226
3623 227
3622 227
3622 228
3621 228
3621 229
3619 229
3619 230
3618 230
3618 231
3616 231
3616 232
3610 232
3610 233
3609 233
3609 236
3608 236
3608 238
3607 238
3607 239
3606 239
3606 240
3605 240
3605 241
3603 241
3603 242
3601 242
3601 243
3599 243
3599 244
3598 244
3598 246
3597 246
3597 248
3596 248
3596 249
3595 249
3595 250
3593 250
3593 251
3590 251
3590 252
3584 252
3584 253
3582 253
3582 254
3580 254
3580 255
3578 255
3578 256
3577 256
3577 257
3575 257
3575 258
3574 258
3574 259
3573 259
3573 260
3572 260
3572 261
3571 261
3571 262
3570 262
3570 263
3566 263
3566 264
3563 264
3563 265
3562 265
3562 266
3561 266
3561 267
3560 267
3560 268
3558 268
3558 269
3557 269
3557 270
3556 270
3556 271
3554 271
3554 272
3553 272
3553 273
3551 273
3551 274
3550 274
3550 275
3549 275
3549 277
3548 277
3548 278
3544 278
3544 279
3539 279
3539 280
3537 280
3537 281
3535 281
3535 282
3533 282
3533 283
3526 283
3526 284
3523 284
3523 285
3513 285
3513 284
3508 284
3508 283
3507 283
3507 282
3506 282
3506 281
3505 281
3505 280
3504 280
3504 279
3503 279
3503 278
3502 278
3502 272
3501 272
3501 262
3500 262
3500 260
3499 260
3499 259
3486 259
3486 260
3485 260
3485 261
3482 261
3482 262
3480 262
3480 263
3478 263
3478 264
3477 264
3477 265
3474 265
3474 266
3472 266
3472 267
3469 267
3469 268
3467 268
3467 269
3465 269
3465 270
3464 270
3464 271
3462 271
3462 272
3458 272
3458 273
3457 273
3457 275
3456 275
3456 289
3455 289
3455 303
3454 303
3454 305
3453 305
3453 307
3452 307
3452 308
3451 308
3451 309
3450 309
3450 310
3448 310
3448 311
3447 311
3447 312
3446 312
3446 313
3445 313
3445 314
3444 314
3444 316
3443 316
3443 319
3442 319
3442 327
3441 327
3441 329
3440 329
3440 330
3439 330
3439 331
3438 331
3438 332
3437 332
3437 333
3436 333
3436 334
3435 334
3435 335
3434 335
3434 336
3433 336
3433 337
3432 337
3432 338
3431 338
3431 339
3429 339
3429 338
3428 338
3428 337
3426 337
3426 336
3422 336
3422 337
3420 337
3420 338
3417 338
3417 339
3416 339
3416 340
3414 340
3414 341
3411 341
3411 342
3408 342
3408 343
3402 343
3402 344
3399 344
3399 345
3396 345
3396 346
3386 346
3386 347
3378 347
3378 348
3375 348
3375 349
3372 349
3372 350
3369 350
3369 351
3365 351
3365 352
3361 352
3361 353
3343 353
3343 354
3342 354
3342 355
3341 355
3341 356
3340 356
3340 358
3339 358
3339 360
3338 360
3338 361
3337 361
3337 362
3336 362
3336 363
3333 363
3333 364
3331 364
3331 365
3329 365
3329 366
3327 366
3327 367
3322 367
3322 368
3319 368
3319 369
3317 369
3317 370
3315 370
3315 371
3302 371
3302 370
3294 370
3294 369
3291 369
3291 368
3290 368
3290 367
3289 367
3289 365
3288 365
3288 362
3287 362
3287 358
3286 358
3286 353
3285 353
3285 343
3284 343
3284 342
3282 342
3282 341
3279 341
3279 340
3278 340
3278 339
3277 339
3277 338
3274 338
3274 337
3268 337
3268 338
3267 338
3267 339
3265 339
3265 340
3264 340
3264 341
3263 341
3263 342
3261 342
3261 343
3260 343
3260 344
3252 344
3252 345
3249 345
3249 346
3247 346
3247 347
3239 347
3239 346
3238 346
3238 347
3232 347
3232 348
3225 348
3225 349
3219 349
3219 350
3216 350
3216 351
3214 351
3214 352
3213 352
3213 353
3203 353
3203 354
3202 354
3202 355
3200 355
3200 356
3188 356
3188 355
3178 355
3178 354
3174 354
3174 353
3171 353
3171 352
3170 352
3170 351
3167 351
3167 350
3160 350
3160 351
3156 351
3156 352
3154 352
3154 353
3151 353
3151 354
3150 354
3150 356
3149 356
3149 357
3148 357
3148 358
3147 358
3147 359
3146 359
3146 375
3145 375
3145 376
3144 376
3144 378
3143 378
3143 379
3142 379
3142 380
3140 380
3140 381
3131 381
3131 380
3130 380
3130 381
3124 381
3124 382
3117 382
3117 383
3115 383
3115 384
3108 384
3108 385
3106 385
3106 386
3105 386
3105 387
3091 387
3091 388
3084 388
3084 389
3081 389
3081 390
3074 390
3074 391
3069 391
3069 392
3067 392
3067 393
3065 393
3065 394
3057 394
3057 395
3054 395
3054 396
3052 396
3052 397
3051 397
3051 399
3050 399
3050 400
3048 400
3048 401
3047 401
3047 402
3044 402
3044 403
3028 403
3028 402
3027 402
3027 403
3021 403
3021 405
3020 405
3020 406
3019 406
3019 407
3017 407
3017 410
3013 410
3013 411
3012 411
3012 412
3010 412
3010 413
2998 413
2998 412
2997 412
2997 411
2988 411
2988 410
2981 410
2981 411
2977 411
2977 412
2974 412
2974 413
2973 413
2973 415
2972 415
2972 417
2971 417
2971 418
2970 418
2970 420
2969 420
2969 421
2968 421
2968 422
2966 422
2966 423
2964 423
2964 424
2962 424
2962 425
2955 425
2955 426
2953 426
2953 427
2947 427
2947 428
2935 428
2935 427
2932 427
2932 428
2929 428
2929 429
2928 429
2928 430
2924 430
2924 431
2921 431
2921 432
2920 432
2920 441
2919 441
2919 451
2918 451
2918 452
2917 452
2917 453
2916 453
2916 454
2915 454
2915 455
2904 455
2904 456
2900 456
2900 457
2886 457
2886 456
2874 456
2874 455
2868 455
2868 454
2855 454
2855 453
2848 453
2848 452
2839 452
2839 450
2837 450
2837 449
2836 449
2836 448
2835 448
2835 447
2834 447
2834 445
2833 445
2833 442
2832 442
2832 440
2831 440
2831 436
2830 436
2830 435
2829 435
2829 434
2828 434
2828 433
2827 433
2827 432
2826 432
2826 431
2825 431
2825 430
2824 430
2824 429
2823 429
2823 428
2822 428
2822 427
2821 427
2821 426
2820 426
2820 425
2818 425
2818 426
2816 426
2816 427
2815 427
2815 428
2814 428
2814 429
2813 429
2813 430
2811 430
2811 431
2810 431
2810 432
2803 432
2803 433
2802 433
2802 449
2801 449
2801 450
2800 450
2800 451
2797 451
2797 452
2794 452
2794 453
2790 453
2790 452
2784 452
2784 451
2774 451
2774 450
2771 450
2771 449
2769 449
2769 448
2763 448
2763 447
2758 447
2758 446
2756 446
2756 445
2753 445
2753 444
2742 444
2742 445
2737 445
2737 446
2733 446
2733 447
2732 447
2732 448
2731 448
2731 449
2730 449
2730 450
2729 450
2729 451
2728 451
2728 452
2725 452
2725 453
2720 453
2720 454
2719 454
2719 461
2718 461
2718 469
2717 469
2717 485
2718 485
2718 486
2717 486
2717 493
2716 493
2716 496
2715 496
2715 497
2704 497
2704 496
2702 496
2702 495
2701 495
2701 494
2697 494
2697 493
2696 493
2696 492
2695 492
2695 491
2694 491
2694 490
2677 490
2677 491
2674 491
2674 492
2672 492
2672 493
2671 493
2671 494
2670 494
2670 495
2669 495
2669 496
2668 496
2668 497
2664 497
2664 498
2644 498
2644 499
2641 499
2641 500
2632 500
2632 501
2624 501
2624 502
2623 502
2623 503
2622 503
2622 504
2621 504
2621 505
2620 505
2620 506
2608 506
2608 507
2606 507
2606 508
2596 508
2596 509
2593 509
2593 510
2588 510
2588 511
2587 511
2587 512
2585 512
2585 513
2581 513
2581 512
2569 512
2569 511
2563 511
2563 510
2561 510
2561 509
2559 509
2559 508
2558 508
2558 507
2556 507
2556 506
2555 506
2555 505
2554 505
2554 504
2553 504
2553 502
2552 502
2552 500
2551 500
2551 498
2550 498
2550 495
2549 495
2549 494
2548 494
2548 493
2540 493
2540 494
2539 494
2539 495
2538 495
2538 496
2536 496
2536 497
2535 497
2535 498
2533 498
2533 499
2529 499
2529 500
2528 500
2528 501
2527 501
2527 502
2526 502
2526 503
2525 503
2525 504
2522 504
2522 503
2516 503
2516 504
2515 504
2515 505
2514 505
2514 506
2513 506
2513 507
2510 507
2510 508
2505 508
2505 514
2504 514
2504 515
2503 515
2503 516
2502 516
2502 517
2501 517
2501 518
2500 518
2500 519
2497 519
2497 520
2490 520
2490 521
2488 521
2488 522
2476 522
2476 523
2474 523
2474 524
2471 524
2471 523
2460 523
2460 522
2452 522
2452 521
2443 521
2443 522
2442 522
2442 523
2441 523
2441 524
2401 524
2401 525
2389 525
2389 524
2368 524
2368 525
2367 525
2367 524
2330 524
2330 525
2323 525
2323 524
2319 524
2319 523
2316 523
2316 522
2313 522
2313 521
2302 521
2302 520
2297 520
2297 519
2295 519
2295 518
2292 518
2292 517
2291 517
2291 516
2289 516
2289 515
2288 515
2288 514
2287 514
2287 513
2286 513
2286 512
2285 512
2285 511
2284 511
2284 510
2283 510
2283 508
2282 508
2282 483
2281 483
2281 482
2280 482
2280 481
2269 481
2269 480
2266 480
2266 481
2260 481
2260 482
2258 482
2258 483
2257 483
2257 484
2255 484
2255 485
2254 485
2254 486
2253 486
2253 487
2252 487
2252 488
2239 488
2239 489
2235 489
2235 490
2226 490
2226 489
2220 489
2220 490
2219 490
2219 491
2217 491
2217 492
2193 492
2193 493
2183 493
2183 494
2181 494
2181 495
2169 495
2169 494
2165 494
2165 493
2163 493
2163 492
2161 492
2161 491
2160 491
2160 490
2159 490
2159 489
2158 489
2158 487
2157 487
2157 485
2156 485
2156 480
2157 480
2157 463
2156 463
2156 462
2155 462
2155 460
2154 460
2154 459
2152 459
2152 458
2151 458
2151 459
2146 459
2146 460
2135 460
2135 459
2120 459
2120 460
2118 460
2118 461
2117 461
2117 462
2115 462
2115 463
2104 463
2104 467
2103 467
2103 468
2102 468
2102 471
2101 471
2101 472
2100 472
2100 473
2098 473
2098 474
2097 474
2097 475
2096 475
2096 477
2095 477
2095 478
2094 478
2094 479
2093 479
2093 480
2090 480
2090 481
2083 481
2083 493
2082 493
2082 494
2081 494
2081 495
2080 495
2080 496
2078 496
2078 497
2067 497
2067 498
2063 498
2063 497
2058 497
2058 496
2048 496
2048 497
2030 497
2030 498
2026 498
2026 506
2027 506
2027 510
2028 510
2028 514
2029 514
2029 519
2028 519
2028 520
2027 520
2027 521
2026 521
2026 522
2025 522
2025 523
2023 523
2023 524
2017 524
2017 525
2016 525
2016 527
2015 527
2015 528
2014 528
2014 530
2013 530
2013 531
2011 531
2011 532
2008 532
2008 533
1999 533
1999 532
1996 532
1996 531
1993 531
1993 530
1991 530
1991 529
1990 529
1990 528
1989 528
1989 527
1988 527
1988 525
1987 525
1987 524
1986 524
1986 523
1978 523
1978 522
1975 522
1975 521
1973 521
1973 520
1972 520
1972 519
1971 519
1971 518
1970 518
1970 517
1969 517
1969 516
1967 516
1967 515
1966 515
1966 514
1963 514
1963 513
1957 513
1957 512
1955 512
1955 511
1945 511
1945 510
1938 510
1938 509
1928 509
1928 508
1926 508
1926 507
1925 507
1925 506
1924 506
1924 505
1923 505
1923 504
1922 504
1922 503
1920 503
1920 502
1918 502
1918 501
1915 501
1915 500
1913 500
1913 499
1911 499
1911 498
1908 498
1908 497
1904 497
1904 496
1902 496
1902 495
1901 495
1901 494
1900 494
1900 493
1899 493
1899 492
1897 492
1897 491
1892 491
1892 490
1886 490
1886 489
1876 489
1876 490
1875 490
1875 492
1874 492
1874 493
1869 493
1869 494
1860 494
1860 495
1853 495
1853 496
1852 496
1852 497
1851 497
1851 498
1843 498
1843 499
1842 499
1842 500
1841 500
1841 511
1842 511
1842 512
1841 512
1841 513
1840 513
1840 516
1839 516
1839 517
1836 517
1836 518
1832 518
1832 519
1830 519
1830 520
1829 520
1829 521
1827 521
1827 522
1825 522
1825 523
1806 523
1806 522
1800 522
1800 523
1798 523
1798 522
1783 522
1783 521
1781 521
1781 520
1774 520
1774 521
1761 521
1761 520
1756 520
1756 519
1753 519
1753 518
1740 518
1740 517
1733 517
1733 518
1716 518
1716 517
1709 517
1709 516
1699 516
1699 515
1693 515
1693 514
1691 514
1691 513
1689 513
1689 512
1687 512
1687 511
1679 511
1679 510
1678 510
1678 509
1677 509
1677 508
1676 508
1676 506
1675 506
1675 505
1674 505
1674 500
1673 500
1673 495
1672 495
1672 455
1673 455
1673 450
1672 450
1672 447
1671 447
1671 445
1670 445
1670 444
1669 444
1669 442
1668 442
1668 441
1667 441
1667 440
1666 440
1666 439
1665 439
1665 438
1664 438
1664 437
1663 437
1663 433
1662 433
1662 432
1659 432
1659 433
1658 433
1658 434
1657 434
1657 435
1656 435
1656 437
1655 437
1655 439
1654 439
1654 440
1653 440
1653 441
1652 441
1652 442
1651 442
1651 443
1650 443
1650 444
1646 444
1646 445
1645 445
1645 446
1644 446
1644 448
1643 448
1643 450
1642 450
1642 452
1641 452
1641 453
1640 453
1640 454
1639 454
1639 455
1637 455
1637 456
1619 456
1619 455
1618 455
1618 456
1617 456
1617 457
1615 457
1615 458
1614 458
1614 459
1598 459
1598 458
1596 458
1596 457
1595 457
1595 456
1594 456
1594 455
1592 455
1592 454
1591 454
1591 453
1588 453
1588 452
1586 452
1586 451
1583 451
1583 450
1582 450
1582 449
1581 449
1581 448
1580 448
1580 446
1579 446
1579 445
1578 445
1578 441
1577 441
1577 439
1576 439
1576 438
1575 438
1575 437
1573 437
1573 436
1572 436
1572 435
1571 435
1571 434
1570 434
1570 433
1569 433
1569 431
1568 431
1568 428
1567 428
1567 426
1566 426
1566 425
1565 425
1565 424
1563 424
1563 423
1562 423
1562 422
1561 422
1561 421
1560 421
1560 420
1559 420
1559 419
1558 419
1558 418
1557 418
1557 416
1556 416
1556 414
1555 414
1555 396
1554 396
1554 394
1553 394
1553 393
1550 393
1550 392
1549 392
1549 391
1548 391
1548 390
1547 390
1547 389
1546 389
1546 388
1545 388
1545 371
1544 371
1544 370
1543 370
1543 369
1538 369
1538 382
1537 382
1537 386
1538 386
1538 392
1537 392
1537 395
1536 395
1536 396
1532 396
1532 397
1531 397
1531 398
1530 398
1530 397
1527 397
1527 398
1523 398
1523 399
1520 399
1520 398
1514 398
1514 399
1512 399
1512 400
1511 400
1511 401
1505 401
1505 402
1504 402
1504 403
1503 403
1503 417
1502 417
1502 418
1501 418
1501 419
1500 419
1500 420
1498 420
1498 421
1495 421
1495 422
1490 422
1490 424
1489 424
1489 425
1488 425
1488 426
1487 426
1487 427
1484 427
1484 428
1481 428
1481 429
1478 429
1478 434
1479 434
1479 437
1480 437
1480 442
1479 442
1479 444
1478 444
1478 445
1477 445
1477 447
1476 447
1476 448
1475 448
1475 449
1474 449
1474 450
1472 450
1472 451
1469 451
1469 452
1461 452
1461 453
1452 453
1452 454
1450 454
1450 455
1448 455
1448 456
1435 456
1435 455
1432 455
1432 454
1430 454
1430 453
1429 453
1429 452
1428 452
1428 451
1427 451
1427 450
1426 450
1426 449
1425 449
1425 447
1424 447
1424 444
1423 444
1423 438
1424 438
1424 433
1423 433
1423 431
1422 431
1422 430
1421 430
1421 429
1419 429
1419 428
1418 428
1418 427
1417 427
1417 426
1416 426
1416 425
1415 425
1415 424
1414 424
1414 423
1413 423
1413 422
1411 422
1411 421
1410 421
1410 420
1409 420
1409 419
1408 419
1408 418
1406 418
1406 417
1405 417
1405 416
1404 416
1404 415
1403 415
1403 414
1402 414
1402 411
1401 411
1401 397
1400 397
1400 395
1398 395
1398 394
1396 394
1396 393
1394 393
1394 392
1383 392
1383 391
1379 391
1379 390
1376 390
1376 389
1374 389
1374 388
1373 388
1373 387
1370 387
1370 386
1369 386
1369 387
1367 387
1367 388
1361 388
1361 389
1360 389
1360 402
1359 402
1359 403
1358 403
1358 404
1357 404
1357 405
1356 405
1356 406
1343 406
1343 407
1339 407
1339 408
1334 408
1334 409
1332 409
1332 410
1325 410
1325 409
1315 409
1315 407
1314 407
1314 406
1313 406
1313 405
1312 405
1312 404
1309 404
1309 403
1306 403
1306 402
1297 402
1297 401
1296 401
1296 400
1293 400
1293 399
1290 399
1290 398
1288 398
1288 397
1284 397
1284 396
1282 396
1282 395
1280 395
1280 394
1277 394
1277 393
1275 393
1275 392
1273 392
1273 391
1271 391
1271 390
1269 390
1269 389
1265 389
1265 388
1263 388
1263 387
1259 387
1259 386
1256 386
1256 385
1254 385
1254 384
1250 384
1250 383
1245 383
1245 382
1239 382
1239 381
1237 381
1237 380
1234 380
1234 379
1232 379
1232 378
1230 378
1230 377
1229 377
1229 376
1228 376
1228 374
1227 374
1227 372
1226 372
1226 369
1225 369
1225 357
1224 357
1224 353
1223 353
1223 352
1222 352
1222 351
1220 351
1220 350
1217 350
1217 349
1212 349
1212 348
1209 348
1209 347
1204 347
1204 346
1201 346
1201 345
1199 345
1199 344
1197 344
1197 343
1196 343
1196 342
1195 342
1195 341
1194 341
1194 339
1193 339
1193 338
1192 338
1192 336
1190 336
1190 335
1188 335
1188 334
1187 334
1187 333
1185 333
1185 332
1184 332
1184 331
1183 331
1183 330
1182 330
1182 328
1181 328
1181 326
1180 326
1180 301
1177 301
1177 300
1176 300
1176 301
1174 301
1174 323
1173 323
1173 324
1172 324
1172 325
1171 325
1171 326
1168 326
1168 327
1155 327
1155 326
1153 326
1153 325
1151 325
1151 324
1148 324
1148 325
1145 325
1145 326
1143 326
1143 325
1129 325
1129 326
1120 326
1120 325
1118 325
1118 324
1116 324
1116 323
1115 323
1115 322
1114 322
1114 321
1113 321
1113 320
1112 320
1112 319
1111 319
1111 317
1110 317
1110 315
1109 315
1109 314
1108 314
1108 313
1107 313
1107 312
1105 312
1105 311
1104 311
1104 310
1103 310
1103 309
1102 309
1102 308
1101 308
1101 307
1100 307
1100 306
1099 306
1099 304
1098 304
1098 270
1097 270
1097 268
1095 268
1095 267
1094 267
1094 266
1092 266
1092 265
1090 265
1090 264
1083 264
1083 265
1082 265
1082 275
1081 275
1081 276
1080 276
1080 278
1079 278
1079 279
1078 279
1078 280
1058 280
1058 296
1057 296
1057 299
1056 299
1056 300
1055 300
1055 301
1050 301
1050 302
1040 302
1040 301
1036 301
1036 300
1034 300
1034 299
1033 299
1033 298
1032 298
1032 297
1031 297
1031 296
1030 296
1030 295
1029 295
1029 293
1028 293
1028 290
1027 290
1027 271
1026 271
1026 269
1025 269
1025 268
1024 268
1024 267
1023 267
1023 266
1022 266
1022 265
1021 265
1021 264
1020 264
1020 263
1019 263
1019 262
1018 262
1018 259
1017 259
1017 253
1016 253
1016 251
1015 251
1015 250
1008 250
1008 251
1000 251
1000 252
998 252
998 253
997 253
997 254
993 254
993 255
989 255
989 261
990 261
990 264
989 264
989 265
988 265
988 270
987 270
987 272
986 272
986 273
985 273
985 274
983 274
983 275
972 275
972 276
968 276
968 275
956 275
956 274
954 274
954 273
952 273
952 272
951 272
951 271
948 271
948 270
944 270
944 269
943 269
943 268
941 268
941 267
940 267
940 266
939 266
939 265
938 265
938 264
937 264
937 263
936 263
936 261
935 261
935 258
934 258
934 257
933 257
933 256
931 256
931 255
929 255
929 254
928 254
928 253
927 253
927 252
921 252
921 251
913 251
913 250
909 250
909 249
902 249
902 248
898 248
898 247
895 247
895 246
894 246
894 245
893 245
893 244
892 244
892 243
891 243
891 242
890 242
890 241
889 241
889 240
885 240
885 239
878 239
878 238
873 238
873 237
872 237
872 236
871 236
871 235
870 235
870 234
869 234
869 233
868 233
868 232
867 232
867 231
866 231
866 230
865 230
865 220
864 220
864 219
863 219
863 218
862 218
862 217
861 217
861 216
860 216
860 215
859 215
859 214
854 214
854 213
852 213
852 212
849 212
849 211
848 211
848 210
847 210
847 209
846 209
846 208
844 208
844 207
840 207
840 206
819 206
819 205
815 205
815 204
813 204
813 203
812 203
812 202
811 202
811 201
810 201
810 200
809 200
809 199
808 199
808 198
807 198
807 197
803 197
803 196
801 196
801 197
797 197
797 198
788 198
788 199
785 199
785 198
780 198
780 197
778 197
778 196
776 196
776 195
775 195
775 194
773 194
773 193
771 193
771 192
768 192
768 191
766 191
766 190
764 190
764 189
763 189
763 188
761 188
761 187
759 187
759 186
757 186
757 187
756 187
756 188
755 188
755 189
754 189
754 190
753 190
753 191
752 191
752 192
751 192
751 193
750 193
750 194
744 194
744 195
738 195
738 197
737 197
737 199
736 199
736 200
735 200
735 201
734 201
734 202
733 202
733 204
732 204
732 205
731 205
731 206
730 206
730 209
729 209
729 210
728 210
728 211
727 211
727 212
726 212
726 213
725 213
725 214
719 214
719 215
705 215
705 216
703 216
703 217
702 217
702 218
698 218
698 219
691 219
691 220
688 220
688 221
678 221
678 222
673 222
673 223
672 223
672 224
671 224
671 225
670 225
670 226
669 226
669 227
668 227
668 228
667 228
667 229
665 229
665 230
663 230
663 232
662 232
662 235
661 235
661 236
660 236
660 237
659 237
659 239
658 239
658 240
657 240
657 241
655 241
655 242
654 242
654 243
648 243
648 244
639 244
639 243
637 243
637 242
635 242
635 241
634 241
634 240
633 240
633 239
632 239
632 238
630 238
630 237
622 237
622 238
621 238
621 239
620 239
620 240
618 240
618 241
616 241
616 242
614 242
614 243
608 243
608 244
603 244
603 245
600 245
600 246
599 246
599 247
598 247
598 252
597 252
597 254
596 254
596 255
592 255
592 254
587 254
587 255
586 255
586 258
585 258
585 259
584 259
584 260
583 260
583 261
577 261
577 262
575 262
575 263
574 263
574 264
573 264
573 266
572 266
572 267
556 267
556 266
554 266
554 265
553 265
553 264
552 264
552 263
551 263
551 262
550 262
550 261
549 261
549 259
548 259
548 250
547 250
547 218
546 218
546 214
543 214
543 213
537 213
537 214
536 214
536 213
533 213
533 212
531 212
531 211
530 211
530 210
529 210
529 209
528 209
528 208
526 208
526 207
524 207
524 206
522 206
522 205
521 205
521 204
519 204
519 203
518 203
518 202
517 202
517 200
516 200
516 199
515 199
515 189
514 189
514 187
513 187
513 186
511 186
511 185
509 185
509 184
507 184
507 183
506 183
506 182
505 182
505 180
504 180
504 178
503 178
503 175
502 175
502 168
501 168
501 155
500 155
500 154
499 154
499 152
498 152
498 151
497 151
497 150
496 150
496 149
493 149
493 148
491 148
491 147
485 147
485 154
484 154
484 172
483 172
483 174
482 174
482 176
481 176
481 177
479 177
479 178
465 178
465 177
462 177
462 176
460 176
460 175
459 175
459 174
458 174
458 173
455 173
455 172
450 172
450 176
449 176
449 180
448 180
448 181
447 181
447 182
446 182
446 183
445 183
445 184
437 184
437 185
436 185
436 184
437 184
437 183
445 183
445 182
446 182
446 181
447 181
447 180
448 180
448 176
449 176
449 172
450 172
450 171
455 171
455 172
458 172
458 173
459 173
459 174
460 174
460 175
462 175
462 176
465 176
465 177
479 177
479 176
481 176
481 174
482 174
482 172
483 172
483 154
484 154
484 147
485 147
485 146
491 146
491 147
493 147
493 148
496 148
496 149
497 149
497 150
498 150
498 151
499 151
499 152
500 152
500 154
501 154
501 155
502 155
502 168
503 168
503 175
504 175
504 178
505 178
505 180
506 180
506 182
507 182
507 183
509 183
509 184
511 184
511 185
513 185
513 186
514 186
514 187
515 187
515 189
516 189
516 199
517 199
517 200
518 200
518 202
519 202
519 203
521 203
521 204
522 204
522 205
524 205
524 206
526 206
526 207
528 207
528 208
529 208
529 209
530 209
530 210
531 210
531 211
533 211
533 212
536 212
536 213
537 213
537 212
543 212
543 213
546 213
546 214
547 214
547 218
548 218
548 250
549 250
549 259
550 259
550 261
551 261
551 262
552 262
552 263
553 263
553 264
554 264
554 265
556 265
556 266
572 266
572 264
573 264
573 263
574 263
574 262
575 262
575 261
577 261
577 260
583 260
583 259
584 259
584 258
585 258
585 255
586 255
586 254
587 254
587 253
592 253
592 254
596 254
596 252
597 252
597 247
598 247
598 246
599 246
599 245
600 245
600 244
603 244
603 243
608 243
608 242
614 242
614 241
616 241
616 240
618 240
618 239
620 239
620 238
621 238
621 237
622 237
622 236
630 236
630 237
632 237
632 238
633 238
633 239
634 239
634 240
635 240
635 241
637 241
637 242
639 242
639 243
648 243
648 242
654 242
654 241
655 241
655 240
657 240
657 239
658 239
658 237
659 237
659 236
660 236
660 235
661 235
661 232
662 232
662 229
665 229
665 228
667 228
667 227
668 227
668 226
669 226
669 225
670 225
670 224
671 224
671 223
672 223
672 222
673 222
673 221
678 221
678 220
688 220
688 219
691 219
691 218
698 218
698 217
702 217
702 216
703 216
703 215
705 215
705 214
719 214
719 213
725 213
725 212
726 212
726 211
727 211
727 210
728 210
728 209
729 209
729 206
730 206
730 205
731 205
731 204
732 204
732 202
733 202
733 201
734 201
734 200
735 200
735 199
736 199
736 197
737 197
737 195
738 195
738 194
744 194
744 193
750 193
750 192
751 192
751 191
752 191
752 190
753 190
753 189
754 189
754 188
755 188
755 187
756 187
756 186
757 186
757 185
759 185
759 186
761 186
761 187
763 187
763 188
764 188
764 189
766 189
766 190
768 190
768 191
771 191
771 192
773 192
773 193
775 193
775 194
776 194
776 195
778 195
778 196
780 196
780 197
785 197
785 198
788 198
788 197
797 197
797 196
801 196
801 195
803 195
803 196
807 196
807 197
808 197
808 198
809 198
809 199
810 199
810 200
811 200
811 201
812 201
812 202
813 202
813 203
815 203
815 204
819 204
819 205
840 205
840 206
844 206
844 207
846 207
846 208
847 208
847 209
848 209
848 210
849 210
849 211
852 211
852 212
854 212
854 213
859 213
859 214
860 214
860 215
861 215
861 216
862 216
862 217
863 217
863 218
864 218
864 219
865 219
865 220
866 220
866 230
867 230
867 231
868 231
868 232
869 232
869 233
870 233
870 234
871 234
871 235
872 235
872 236
873 236
873 237
878 237
878 238
885 238
885 239
889 239
889 240
890 240
890 241
891 241
891 242
892 242
892 243
893 243
893 244
894 244
894 245
895 245
895 246
898 246
898 247
902 247
902 248
909 248
909 249
913 249
913 250
921 250
921 251
927 251
927 252
928 252
928 253
929 253
929 254
931 254
931 255
933 255
933 256
934 256
934 257
935 257
935 258
936 258
936 261
937 261
937 263
938 263
938 264
939 264
939 265
940 265
940 266
941 266
941 267
943 267
943 268
944 268
944 269
948 269
948 270
951 270
951 271
952 271
952 272
954 272
954 273
956 273
956 274
968 274
968 275
972 275
972 274
983 274
983 273
985 273
985 272
986 272
986 270
987 270
987 265
988 265
988 264
989 264
989 261
988 261
988 255
989 255
989 254
993 254
993 253
997 253
997 252
998 252
998 251
1000 251
1000 250
1008 250
1008 249
1015 249
1015 250
1016 250
1016 251
1017 251
1017 253
1018 253
1018 259
1019 259
1019 262
1020 262
1020 263
1021 263
1021 264
1022 264
1022 265
1023 265
1023 266
1024 266
1024 267
1025 267
1025 268
1026 268
1026 269
1027 269
1027 271
1028 271
1028 290
1029 290
1029 293
1030 293
1030 295
1031 295
1031 296
1032 296
1032 297
1033 297
1033 298
1034 298
1034 299
1036 299
1036 300
1040 300
1040 301
1050 301
1050 300
1055 300
1055 299
1056 299
1056 296
1057 296
1057 280
1058 280
1058 279
1078 279
1078 278
1079 278
1079 276
1080 276
1080 275
1081 275
1081 265
1082 265
1082 264
1083 264
1083 263
1090 263
1090 264
1092 264
1092 265
1094 265
1094 266
1095 266
1095 267
1097 267
1097 268
1098 268
1098 270
1099 270
1099 304
1100 304
1100 306
1101 306
1101 307
1102 307
1102 308
1103 308
1103 309
1104 309
1104 310
1105 310
1105 311
1107 311
1107 312
1108 312
1108 313
1109 313
1109 314
1110 314
1110 315
1111 315
1111 317
1112 317
1112 319
1113 319
1113 320
1114 320
1114 321
1115 321
1115 322
1116 322
1116 323
1118 323
1118 324
1120 324
1120 325
1129 325
1129 324
1143 324
1143 325
1145 325
1145 324
1148 324
1148 323
1151 323
1151 324
1153 324
1153 325
1155 325
1155 326
1168 326
1168 325
1171 325
1171 324
1172 324
1172 323
1173 323
1173 301
1174 301
1174 300
1176 300
1176 299
1177 299
1177 300
1180 300
1180 301
1181 301
1181 326
1182 326
1182 328
1183 328
1183 330
1184 330
1184 331
1185 331
1185 332
1187 332
1187 333
1188 333
1188 334
1190 334
1190 335
1192 335
1192 336
1193 336
1193 338
1194 338
1194 339
1195 339
1195 341
1196 341
1196 342
1197 342
1197 343
1199 343
1199 344
1201 344
1201 345
1204 345
1204 346
1209 346
1209 347
1212 347
1212 348
1217 348
1217 349
1220 349
1220 350
1222 350
1222 351
1223 351
1223 352
1224 352
1224 353
1225 353
1225 357
1226 357
1226 369
1227 369
1227 372
1228 372
1228 374
1229 374
1229 376
1230 376
1230 377
1232 377
1232 378
1234 378
1234 379
1237 379
1237 380
1239 380
1239 381
1245 381
1245 382
1250 382
1250 383
1254 383
1254 384
1256 384
1256 385
1259 385
1259 386
1263 386
1263 387
1265 387
1265 388
1269 388
1269 389
1271 389
1271 390
1273 390
1273 391
1275 391
1275 392
1277 392
1277 393
1280 393
1280 394
1282 394
1282 395
1284 395
1284 396
1288 396
1288 397
1290 397
1290 398
1293 398
1293 399
1296 399
1296 400
1297 400
1297 401
1306 401
1306 402
1309 402
1309 403
1312 403
1312 404
1313 404
1313 405
1314 405
1314 406
1315 406
1315 407
1316 407
1316 408
1325 408
1325 409
1332 409
1332 408
1334 408
1334 407
1339 407
1339 406
1343 406
1343 405
1356 405
1356 404
1357 404
1357 403
1358 403
1358 402
1359 402
1359 389
1360 389
1360 388
1361 388
1361 387
1367 387
1367 386
1369 386
1369 385
1370 385
1370 386
1373 386
1373 387
1374 387
1374 388
1376 388
1376 389
1379 389
1379 390
1383 390
1383 391
1394 391
1394 392
1396 392
1396 393
1398 393
1398 394
1400 394
1400 395
1401 395
1401 397
1402 397
1402 411
1403 411
1403 414
1404 414
1404 415
1405 415
1405 416
1406 416
1406 417
1408 417
1408 418
1409 418
1409 419
1410 419
1410 420
1411 420
1411 421
1413 421
1413 422
1414 422
1414 423
1415 423
1415 424
1416 424
1416 425
1417 425
1417 426
1418 426
1418 427
1419 427
1419 428
1421 428
1421 429
1422 429
1422 430
1423 430
1423 431
1424 431
1424 433
1425 433
1425 438
1424 438
1424 444
1425 444
1425 447
1426 447
1426 449
1427 449
1427 450
1428 450
1428 451
1429 451
1429 452
1430 452
1430 453
1432 453
1432 454
1435 454
1435 455
1448 455
1448 454
1450 454
1450 453
1452 453
1452 452
1461 452
1461 451
1469 451
1469 450
1472 450
1472 449
1474 449
1474 448
1475 448
1475 447
1476 447
1476 445
1477 445
1477 444
1478 444
1478 442
1479 442
1479 437
1478 437
1478 434
1477 434
1477 429
1478 429
1478 428
1481 428
1481 427
1484 427
1484 426
1487 426
1487 425
1488 425
1488 424
1489 424
1489 422
1490 422
1490 421
1495 421
1495 420
1498 420
1498 419
1500 419
1500 418
1501 418
1501 417
1502 417
1502 403
1503 403
1503 402
1504 402
1504 401
1505 401
1505 400
1511 400
1511 399
1512 399
1512 398
1514 398
1514 397
1520 397
1520 398
1523 398
1523 397
1527 397
1527 396
1530 396
1530 397
1531 397
1531 396
1532 396
1532 395
1536 395
1536 392
1537 392
1537 386
1536 386
1536 382
1537 382
1537 369
1538 369
1538 368
1543 368
1543 369
1544 369
1544 370
1545 370
1545 371
1546 371
1546 388
1547 388
1547 389
1548 389
1548 390
1549 390
1549 391
1550 391
1550 392
1553 392
1553 393
1554 393
1554 394
1555 394
1555 396
1556 396
1556 414
1557 414
1557 416
1558 416
1558 418
1559 418
1559 419
1560 419
1560 420
1561 420
1561 421
1562 421
1562 422
1563 422
1563 423
1565 423
1565 424
1566 424
1566 425
1567 425
1567 426
1568 426
1568 428
1569 428
1569 431
1570 431
1570 433
1571 433
1571 434
1572 434
1572 435
1573 435
1573 436
1575 436
1575 437
1576 437
1576 438
1577 438
1577 439
1578 439
1578 441
1579 441
1579 445
1580 445
1580 446
1581 446
1581 448
1582 448
1582 449
1583 449
1583 450
1586 450
1586 451
1588 451
1588 452
1591 452
1591 453
1592 453
1592 454
1594 454
1594 455
1595 455
1595 456
1596 456
1596 457
1598 457
1598 458
1614 458
1614 457
1615 457
1615 456
1617 456
1617 455
1618 455
1618 454
1619 454
1619 455
1637 455
1637 454
1639 454
1639 453
1640 453
1640 452
1641 452
1641 450
1642 450
1642 448
1643 448
1643 446
1644 446
1644 445
1645 445
1645 444
1646 444
1646 443
1650 443
1650 442
1651 442
1651 441
1652 441
1652 440
1653 440
1653 439
1654 439
1654 437
1655 437
1655 435
1656 435
1656 434
1657 434
1657 433
1658 433
1658 432
1659 432
1659 431
1662 431
1662 432
1663 432
1663 433
1664 433
1664 437
1665 437
1665 438
1666 438
1666 439
1667 439
1667 440
1668 440
1668 441
1669 441
1669 442
1670 442
1670 444
1671 444
1671 445
1672 445
1672 447
1673 447
1673 450
1674 450
1674 455
1673 455
1673 495
1674 495
1674 500
1675 500
1675 505
1676 505
1676 506
1677 506
1677 508
1678 508
1678 509
1679 509
1679 510
1687 510
1687 511
1689 511
1689 512
1691 512
1691 513
1693 513
1693 514
1699 514
1699 515
1709 515
1709 516
1716 516
1716 517
1733 517
1733 516
1740 516
1740 517
1753 517
1753 518
1756 518
1756 519
1761 519
1761 520
1774 520
1774 519
1781 519
1781 520
1783 520
1783 521
1798 521
1798 522
1800 522
1800 521
1806 521
1806 522
1825 522
1825 521
1827 521
1827 520
1829 520
1829 519
1830 519
1830 518
1832 518
1832 517
1836 517
1836 516
1839 516
1839 513
1840 513
1840 512
1841 512
1841 511
1840 511
1840 500
1841 500
1841 499
1842 499
1842 498
1843 498
1843 497
1851 497
1851 496
1852 496
1852 495
1853 495
1853 494
1860 494
1860 493
1869 493
1869 492
1874 492
1874 490
1875 490
1875 489
1876 489
1876 488
1886 488
1886 489
1892 489
1892 490
1897 490
1897 491
1899 491
1899 492
1900 492
1900 493
1901 493
1901 494
1902 494
1902 495
1904 495
1904 496
1908 496
1908 497
1911 497
1911 498
1913 498
1913 499
1915 499
1915 500
1918 500
1918 501
1920 501
1920 502
1922 502
1922 503
1923 503
1923 504
1924 504
1924 505
1925 505
1925 506
1926 506
1926 507
1928 507
1928 508
1938 508
1938 509
1945 509
1945 510
1955 510
1955 511
1957 511
1957 512
1963 512
1963 513
1966 513
1966 514
1967 514
1967 515
1969 515
1969 516
1970 516
1970 517
1971 517
1971 518
1972 518
1972 519
1973 519
1973 520
1975 520
1975 521
1978 521
1978 522
1986 522
1986 523
1987 523
1987 524
1988 524
1988 525
1989 525
1989 527
1990 527
1990 528
1991 528
1991 529
1993 529
1993 530
1996 530
1996 531
1999 531
1999 532
2008 532
2008 531
2011 531
2011 530
2013 530
2013 528
2014 528
2014 527
2015 527
2015 525
2016 525
2016 524
2017 524
2017 523
2023 523
2023 522
2025 522
2025 521
2026 521
2026 520
2027 520
2027 519
2028 519
2028 514
2027 514
2027 510
2026 510
2026 506
2025 506
2025 498
2026 498
2026 497
2030 497
2030 496
2048 496
2048 495
2058 495
2058 496
2063 496
2063 497
2067 497
2067 496
2078 496
2078 495
2080 495
2080 494
2081 494
2081 493
2082 493
2082 480
2090 480
2090 479
2093 479
2093 478
2094 478
2094 477
2095 477
2095 475
2096 475
2096 474
2097 474
2097 473
2098 473
2098 472
2100 472
2100 471
2101 471
2101 468
2102 468
2102 466
2103 466
2103 463
2104 463
2104 462
2115 462
2115 461
2117 461
2117 460
2118 460
2118 459
2120 459
2120 458
2135 458
2135 459
2146 459
2146 458
2151 458
2151 457
2152 457
2152 458
2154 458
2154 459
2155 459
2155 460
2156 460
2156 462
2157 462
2157 463
2158 463
2158 480
2157 480
2157 485
2158 485
2158 487
2159 487
2159 489
2160 489
2160 490
2161 490
2161 491
2163 491
2163 492
2165 492
2165 493
2169 493
2169 494
2181 494
2181 493
2183 493
2183 492
2193 492
2193 491
2217 491
2217 490
2219 490
2219 489
2220 489
2220 488
2226 488
2226 489
2235 489
2235 488
2239 488
2239 487
2252 487
2252 486
2253 486
2253 485
2254 485
2254 484
2255 484
2255 483
2257 483
2257 482
2258 482
2258 481
2260 481
2260 480
2266 480
2266 479
2269 479
2269 480
2280 480
2280 481
2281 481
2281 482
2282 482
2282 483
2283 483
2283 508
2284 508
2284 510
2285 510
2285 511
2286 511
2286 512
2287 512
2287 513
2288 513
2288 514
2289 514
2289 515
2291 515
2291 516
2292 516
2292 517
2295 517
2295 518
2297 518
2297 519
2302 519
2302 520
2313 520
2313 521
2316 521
2316 522
2319 522
2319 523
2323 523
2323 524
2330 524
2330 523
2367 523
2367 524
2368 524
2368 523
2389 523
2389 524
2401 524
2401 523
2441 523
2441 522
2442 522
2442 521
2443 521
2443 520
2452 520
2452 521
2460 521
2460 522
2471 522
2471 523
2474 523
2474 522
2476 522
2476 521
2488 521
2488 520
2490 520
2490 519
2497 519
2497 518
2500 518
2500 517
2501 517
2501 516
2502 516
2502 515
2503 515
2503 514
2504 514
2504 508
2505 508
2505 507
2510 507
2510 506
2513 506
2513 505
2514 505
2514 504
2515 504
2515 503
2516 503
2516 502
2522 502
2522 503
2525 503
2525 502
2526 502
2526 501
2527 501
2527 500
2528 500
2528 499
2529 499
2529 498
2533 498
2533 497
2535 497
2535 496
2536 496
2536 495
2538 495
2538 494
2539 494
2539 493
2540 493
2540 492
2548 492
2548 493
2549 493
2549 494
2550 494
2550 495
2551 495
2551 498
2552 498
2552 500
2553 500
2553 502
2554 502
2554 504
2555 504
2555 505
2556 505
2556 506
2558 506
2558 507
2559 507
2559 508
2561 508
2561 509
2563 509
2563 510
2569 510
2569 511
2581 511
2581 512
2585 512
2585 511
2587 511
2587 510
2588 510
2588 509
2593 509
2593 508
2596 508
2596 507
2606 507
2606 506
2608 506
2608 505
2620 505
2620 504
2621 504
2621 503
2622 503
2622 502
2623 502
2623 501
2624 501
2624 500
2632 500
2632 499
2641 499
2641 498
2644 498
2644 497
2664 497
2664 496
2668 496
2668 495
2669 495
2669 494
2670 494
2670 493
2671 493
2671 492
2672 492
2672 491
2674 491
2674 490
2677 490
2677 489
2694 489
2694 490
2695 490
2695 491
2696 491
2696 492
2697 492
2697 493
2701 493
2701 494
2702 494
2702 495
2704 495
2704 496
2715 496
2715 493
2716 493
2716 486
2717 486
2717 485
2716 485
2716 469
2717 469
2717 461
2718 461
2718 454
2719 454
2719 453
2720 453
2720 452
2725 452
2725 451
2728 451
2728 450
2729 450
2729 449
2730 449
2730 448
2731 448
2731 447
2732 447
2732 446
2733 446
2733 445
2737 445
2737 444
2742 444
2742 443
2753 443
2753 444
2756 444
2756 445
2758 445
2758 446
2763 446
2763 447
2769 447
2769 448
2771 448
2771 449
2774 449
2774 450
2784 450
2784 451
2790 451
2790 452
2794 452
2794 451
2797 451
2797 450
2800 450
2800 449
2801 449
2801 433
2802 433
2802 432
2803 432
2803 431
2810 431
2810 430
2811 430
2811 429
2813 429
2813 428
2814 428
2814 427
2815 427
2815 426
2816 426
2816 425
2818 425
2818 424
2820 424
2820 425
2821 425
2821 426
2822 426
2822 427
2823 427
2823 428
2824 428
2824 429
2825 429
2825 430
2826 430
2826 431
2827 431
2827 432
2828 432
2828 433
2829 433
2829 434
2830 434
2830 435
2831 435
2831 436
2832 436
2832 440
2833 440
2833 442
2834 442
2834 445
2835 445
2835 447
2836 447
2836 448
2837 448
2837 449
2839 449
2839 450
2840 450
2840 451
2848 451
2848 452
2855 452
2855 453
2868 453
2868 454
2874 454
2874 455
2886 455
2886 456
2900 456
2900 455
2904 455
2904 454
2915 454
2915 453
2916 453
2916 452
2917 452
2917 451
2918 451
2918 441
2919 441
2919 432
2920 432
2920 431
2921 431
2921 430
2924 430
2924 429
2928 429
2928 428
2929 428
2929 427
2932 427
2932 426
2935 426
2935 427
2947 427
2947 426
2953 426
2953 425
2955 425
2955 424
2962 424
2962 423
2964 423
2964 422
2966 422
2966 421
2968 421
2968 420
2969 420
2969 418
2970 418
2970 417
2971 417
2971 415
2972 415
2972 413
2973 413
2973 412
2974 412
2974 411
2977 411
2977 410
2981 410
2981 409
2988 409
2988 410
2997 410
2997 411
2998 411
2998 412
3010 412
3010 411
3012 411
3012 410
3013 410
3013 409
3016 409
3016 407
3017 407
3017 406
3019 406
3019 405
3020 405
3020 403
3021 403
3021 402
3027 402
3027 401
3028 401
3028 402
3044 402
3044 401
3047 401
3047 400
3048 400
3048 399
3050 399
3050 397
3051 397
3051 396
3052 396
3052 395
3054 395
3054 394
3057 394
3057 393
3065 393
3065 392
3067 392
3067 391
3069 391
3069 390
3074 390
3074 389
3081 389
3081 388
3084 388
3084 387
3091 387
3091 386
3105 386
3105 385
3106 385
3106 384
3108 384
3108 383
3115 383
3115 382
3117 382
3117 381
3124 381
3124 380
3130 380
3130 379
3131 379
3131 380
3140 380
3140 379
3142 379
3142 378
3143 378
3143 376
3144 376
3144 375
3145 375
3145 359
3146 359
3146 358
3147 358
3147 357
3148 357
3148 356
3149 356
3149 354
3150 354
3150 353
3151 353
3151 352
3154 352
3154 351
3156 351
3156 350
3160 350
3160 349
3167 349
3167 350
3170 350
3170 351
3171 351
3171 352
3174 352
3174 353
3178 353
3178 354
3188 354
3188 355
3200 355
3200 354
3202 354
3202 353
3203 353
3203 352
3213 352
3213 351
3214 351
3214 350
3216 350
3216 349
3219 349
3219 348
3225 348
3225 347
3232 347
3232 346
3238 346
3238 345
3239 345
3239 346
3247 346
3247 345
3249 345
3249 344
3252 344
3252 343
3260 343
3260 342
3261 342
3261 341
3263 341
3263 340
3264 340
3264 339
3265 339
3265 338
3267 338
3267 337
3268 337
3268 336
3274 336
3274 337
3277 337
3277 338
3278 338
3278 339
3279 339
3279 340
3282 340
3282 341
3284 341
3284 342
3285 342
3285 343
3286 343
3286 353
3287 353
3287 358
3288 358
3288 362
3289 362
3289 365
3290 365
3290 367
3291 367
3291 368
3294 368
3294 369
3302 369
3302 370
3315 370
3315 369
3317 369
3317 368
3319 368
3319 367
3322 367
3322 366
3327 366
3327 365
3329 365
3329 364
3331 364
3331 363
3333 363
3333 362
3336 362
3336 361
3337 361
3337 360
3338 360
3338 358
3339 358
3339 356
3340 356
3340 355
3341 355
3341 354
3342 354
3342 353
3343 353
3343 352
3361 352
3361 351
3365 351
3365 350
3369 350
3369 349
3372 349
3372 348
3375 348
3375 347
3378 347
3378 346
3386 346
3386 345
3396 345
3396 344
3399 344
3399 343
3402 343
3402 342
3408 342
3408 341
3411 341
3411 340
3414 340
3414 339
3416 339
3416 338
3417 338
3417 337
3420 337
3420 336
3422 336
3422 335
3426 335
3426 336
3428 336
3428 337
3429 337
3429 338
3431 338
3431 337
3432 337
3432 336
3433 336
3433 335
3434 335
3434 334
3435 334
3435 333
3436 333
3436 332
3437 332
3437 331
3438 331
3438 330
3439 330
3439 329
3440 329
3440 327
3441 327
3441 319
3442 319
3442 316
3443 316
3443 314
3444 314
3444 313
3445 313
3445 312
3446 312
3446 311
3447 311
3447 310
3448 310
3448 309
3450 309
3450 308
3451 308
3451 307
3452 307
3452 305
3453 305
3453 303
3454 303
3454 289
3455 289
3455 275
3456 275
3456 273
3457 273
3457 272
3458 272
3458 271
3462 271
3462 270
3464 270
3464 269
3465 269
3465 268
3467 268
3467 267
3469 267
3469 266
3472 266
3472 265
3474 265
3474 264
3477 264
3477 263
3478 263
3478 262
3480 262
3480 261
3482 261
3482 260
3485 260
3485 259
3486 259
3486 258
3499 258
3499 259
3500 259
3500 260
3501 260
3501 262
3502 262
3502 272
3503 272
3503 278
3504 278
3504 279
3505 279
3505 280
3506 280
3506 281
3507 281
3507 282
3508 282
3508 283
3513 283
3513 284
3523 284
3523 283
3526 283
3526 282
3533 282
3533 281
3535 281
3535 280
3537 280
3537 279
3539 279
3539 278
3544 278
3544 277
3548 277
3548 275
3549 275
3549 274
3550 274
3550 273
3551 273
3551 272
3553 272
3553 271
3554 271
3554 270
3556 270
3556 269
3557 269
3557 268
3558 268
3558 267
3560 267
3560 266
3561 266
3561 265
3562 265
3562 264
3563 264
3563 263
3566 263
3566 262
3570 262
3570 261
3571 261
3571 260
3572 260
3572 259
3573 259
3573 258
3574 258
3574 257
3575 257
3575 256
3577 256
3577 255
3578 255
3578 254
3580 254
3580 253
3582 253
3582 252
3584 252
3584 251
3590 251
3590 250
3593 250
3593 249
3595 249
3595 248
3596 248
3596 246
3597 246
3597 244
3598 244
3598 243
3599 243
3599 242
3601 242
3601 241
3603 241
3603 240
3605 240
3605 239
3606 239
3606 238
3607 238
3607 236
3608 236
3608 233
3609 233
3609 232
3610 232
3610 231
3616 231
3616 230
3618 230
3618 229
3619 229
3619 228
3621 228
3621 227
3622 227
3622 226
3623 226
3623 225
3625 225
3625 224
3626 224
3626 223
3629 223
3629 222
3630 222
3630 220
3631 220
3631 219
3632 219
3632 208
3633 208
3633 186
3634 186
3634 184
3635 184
3635 183
3636 183
3636 182
3641 182
3641 181
3644 181
3644 180
3645 180
3645 179
3650 179
3650 180
3651 180
3651 181
3652 181
3652 182
3653 182
3653 183
3654 183
3654 184
3655 184
3655 185
3656 185
3656 186
3657 186
3657 187
3658 187
3658 188
3660 188
3660 189
3661 189
3661 195
3662 195
3662 203
3663 203
3663 204
3664 204
3664 205
3665 205
3665 206
3666 206
3666 207
3667 207
3667 208
3670 208
3670 209
3671 209
3671 210
3674 210
3674 211
3676 211
3676 212
3682 212
3682 211
3691 211
3691 210
3693 210
3693 209
3700 209
3700 208
3702 208
3702 207
3703 207
3703 206
3705 206
3705 205
3706 205
3706 204
3709 204
3709 203
3712 203
3712 202
3715 202
3715 201
3726 201
3726 200
3728 200
3728 199
3737 199
3737 198
3740 198
3740 197
3744 197
3744 196
3747 196
3747 195
3749 195
3749 194
3751 194
3751 193
3752 193
3752 192
3753 192
3753 186
3754 186
3754 179
3755 179
3755 167
3756 167
3756 166
3757 166
3757 165
3758 165
3758 164
3764 164
3764 165
3774 165
3774 164
3779 164
3779 163
3782 163
3782 162
3783 162
3783 161
3784 161
3784 160
3785 160
3785 158
3786 158
3786 157
3787 157
3787 153
3786 153
3786 141
3787 141
3787 133
3788 133
3788 123
3789 123
3789 120
3790 120
3790 119
3792 119
3792 118
3795 118
3795 117
3796 117
3796 116
3797 116
3797 115
3800 115
3800 114
3802 114
3802 115
3803 115
3803 116
3804 116
3804 117
3805 117
3805 129
3804 129
3804 117
3803 117
3803 116
3802 116
3802 115
3800 115
3800 116
3797 116
3797 117
3796 117
3796 118
3795 118
3795 119
3792 119
3792 120
3790 120
3790 123
3789 123
3789 133
3788 133
3788 141
3787 141
3787 153
3788 153
3788 157
3787 157
3787 158
3786 158
3786 160
3785 160
3785 161
3784 161
3784 162
3783 162
3783 163
3782 163
3782 164
3779 164
3779 165
3774 165
3774 166
3764 166
3764 165
3758 165
3758 166
3757 166
3757 167
3756 167
3756 179
3755 179
3755 186
3754 186
3754 192
3753 192
3753 193
3752 193
3752 194
3751 194
3751 195
3749 195
3749 196
3747 196
3747 197
3744 197
3744 198
3740 198
3740 199
3737 199
3737 200
3728 200
3728 201
3726 201
