3265 498
3261 498
3261 499
3254 499
3254 500
3249 500
3249 501
3243 501
3243 500
3238 500
3238 499
3236 499
3236 498
3230 498
3230 497
3217 497
3217 496
3207 496
3207 497
3205 497
3205 496
3202 496
3202 495
3200 495
3200 494
3196 494
3196 493
3193 493
3193 494
3191 494
3191 495
3189 495
3189 496
3188 496
3188 497
3187 497
3187 505
3186 505
3186 508
3185 508
3185 517
3184 517
3184 519
3185 519
3185 520
3184 520
3184 522
3183 522
3183 523
3182 523
3182 524
3179 524
3179 525
3177 525
3177 526
3176 526
3176 527
3175 527
3175 528
3174 528
3174 529
3169 529
3169 530
3167 530
3167 531
3166 531
3166 532
3164 532
3164 533
3162 533
3162 534
3158 534
3158 535
3156 535
3156 536
3154 536
3154 537
3153 537
3153 538
3151 538
3151 539
3148 539
3148 540
3142 540
3142 541
3141 541
3141 542
3138 542
3138 543
3136 543
3136 544
3132 544
3132 545
3131 545
3131 546
3130 546
3130 547
3128 547
3128 548
3127 548
3127 549
3124 549
3124 550
3121 550
3121 551
3119 551
3119 552
3118 552
3118 553
3116 553
3116 554
3115 554
3115 555
3114 555
3114 556
3103 556
3103 557
3101 557
3101 558
3089 558
3089 559
3087 559
3087 560
3086 560
3086 561
3085 561
3085 562
3084 562
3084 563
3081 563
3081 564
3080 564
3080 565
3079 565
3079 566
3078 566
3078 568
3077 568
3077 569
3076 569
3076 570
3075 570
3075 572
3074 572
3074 573
3068 573
3068 572
3059 572
3059 573
3057 573
3057 574
3055 574
3055 575
3054 575
3054 576
3053 576
3053 577
3052 577
3052 578
3051 578
3051 579
3050 579
3050 580
3048 580
3048 581
3047 581
3047 582
3044 582
3044 588
3045 588
3045 595
3044 595
3044 596
3043 596
3043 597
3042 597
3042 598
3041 598
3041 599
3040 599
3040 600
3038 600
3038 602
3037 602
3037 603
3036 603
3036 604
3035 604
3035 605
3032 605
3032 606
3031 606
3031 607
3030 607
3030 608
3027 608
3027 611
3026 611
3026 614
3025 614
3025 623
3024 623
3024 634
3023 634
3023 638
3022 638
3022 649
3021 649
3021 652
3020 652
3020 654
3019 654
3019 655
3018 655
3018 656
3017 656
3017 657
3014 657
3014 658
3009 658
3009 657
3002 657
3002 656
2997 656
2997 657
2996 657
2996 658
2994 658
2994 659
2992 659
2992 660
2991 660
2991 661
2989 661
2989 662
2981 662
2981 663
2980 663
2980 664
2978 664
2978 665
2972 665
2972 664
2966 664
2966 665
2953 665
2953 664
2948 664
2948 663
2943 663
2943 662
2940 662
2940 661
2938 661
2938 660
2936 660
2936 659
2934 659
2934 660
2933 660
2933 661
2931 661
2931 662
2930 662
2930 663
2929 663
2929 664
2923 664
2923 665
2921 665
2921 666
2918 666
2918 667
2917 667
2917 668
2901 668
2901 667
2899 667
2899 666
2896 666
2896 665
2893 665
2893 664
2892 664
2892 663
2891 663
2891 662
2890 662
2890 660
2889 660
2889 645
2888 645
2888 642
2887 642
2887 640
2886 640
2886 639
2885 639
2885 638
2883 638
2883 637
2882 637
2882 636
2881 636
2881 635
2879 635
2879 634
2875 634
2875 633
2868 633
2868 632
2860 632
2860 633
2847 633
2847 634
2841 634
2841 633
2827 633
2827 634
2825 634
2825 635
2818 635
2818 636
2816 636
2816 637
2813 637
2813 638
2807 638
2807 645
2806 645
2806 650
2805 650
2805 652
2804 652
2804 662
2803 662
2803 668
2802 668
2802 678
2801 678
2801 681
2800 681
2800 693
2799 693
2799 694
2798 694
2798 697
2797 697
2797 698
2796 698
2796 700
2795 700
2795 701
2794 701
2794 702
2793 702
2793 703
2792 703
2792 704
2791 704
2791 705
2790 705
2790 706
2789 706
2789 707
2788 707
2788 708
2787 708
2787 710
2786 710
2786 711
2785 711
2785 712
2784 712
2784 715
2783 715
2783 716
2782 716
2782 717
2781 717
2781 718
2780 718
2780 719
2779 719
2779 720
2778 720
2778 721
2776 721
2776 723
2775 723
2775 724
2774 724
2774 725
2771 725
2771 726
2769 726
2769 727
2768 727
2768 728
2766 728
2766 729
2764 729
2764 730
2763 730
2763 731
2761 731
2761 732
2750 732
2750 731
2747 731
2747 730
2746 730
2746 729
2744 729
2744 728
2741 728
2741 727
2739 727
2739 726
2738 726
2738 725
2736 725
2736 724
2734 724
2734 723
2733 723
2733 722
2730 722
2730 721
2729 721
2729 720
2728 720
2728 719
2727 719
2727 718
2726 718
2726 717
2725 717
2725 716
2724 716
2724 715
2723 715
2723 714
2720 714
2720 713
2719 713
2719 712
2718 712
2718 711
2717 711
2717 710
2709 710
2709 709
2708 709
2708 708
2701 708
2701 707
2697 707
2697 706
2692 706
2692 707
2680 707
2680 708
2673 708
2673 706
2666 706
2666 705
2664 705
2664 704
2659 704
2659 703
2656 703
2656 702
2655 702
2655 701
2654 701
2654 700
2653 700
2653 699
2652 699
2652 698
2650 698
2650 697
2647 697
2647 696
2645 696
2645 695
2644 695
2644 694
2643 694
2643 691
2642 691
2642 689
2641 689
2641 687
2640 687
2640 685
2638 685
2638 684
2636 684
2636 683
2635 683
2635 682
2633 682
2633 681
2632 681
2632 680
2631 680
2631 679
2629 679
2629 678
2627 678
2627 689
2626 689
2626 691
2625 691
2625 692
2622 692
2622 693
2620 693
2620 694
2619 694
2619 695
2618 695
2618 696
2617 696
2617 697
2616 697
2616 698
2615 698
2615 699
2614 699
2614 698
2608 698
2608 697
2606 697
2606 696
2605 696
2605 694
2604 694
2604 692
2603 692
2603 691
2602 691
2602 690
2601 690
2601 689
2599 689
2599 688
2598 688
2598 687
2597 687
2597 686
2596 686
2596 684
2595 684
2595 683
2594 683
2594 682
2593 682
2593 680
2592 680
2592 668
2591 668
2591 665
2590 665
2590 661
2589 661
2589 660
2588 660
2588 657
2587 657
2587 649
2586 649
2586 648
2585 648
2585 649
2573 649
2573 650
2569 650
2569 651
2566 651
2566 654
2565 654
2565 659
2564 659
2564 661
2563 661
2563 663
2562 663
2562 664
2561 664
2561 665
2557 665
2557 666
2555 666
2555 667
2554 667
2554 668
2552 668
2552 669
2551 669
2551 670
2550 670
2550 671
2549 671
2549 672
2547 672
2547 673
2546 673
2546 674
2545 674
2545 675
2537 675
2537 676
2534 676
2534 675
2522 675
2522 681
2521 681
2521 687
2520 687
2520 690
2519 690
2519 691
2511 691
2511 692
2502 692
2502 691
2501 691
2501 690
2500 690
2500 689
2499 689
2499 688
2498 688
2498 687
2497 687
2497 686
2496 686
2496 682
2493 682
2493 681
2490 681
2490 680
2487 680
2487 679
2481 679
2481 680
2479 680
2479 681
2477 681
2477 682
2476 682
2476 683
2475 683
2475 685
2474 685
2474 686
2473 686
2473 687
2472 687
2472 688
2470 688
2470 690
2469 690
2469 691
2467 691
2467 692
2465 692
2465 693
2464 693
2464 694
2463 694
2463 695
2462 695
2462 696
2460 696
2460 697
2459 697
2459 698
2458 698
2458 699
2456 699
2456 701
2455 701
2455 702
2453 702
2453 703
2452 703
2452 704
2451 704
2451 705
2449 705
2449 706
2440 706
2440 707
2437 707
2437 708
2431 708
2431 709
2428 709
2428 710
2427 710
2427 711
2420 711
2420 712
2417 712
2417 713
2416 713
2416 714
2412 714
2412 715
2395 715
2395 719
2394 719
2394 721
2393 721
2393 725
2392 725
2392 729
2391 729
2391 730
2390 730
2390 731
2386 731
2386 732
2384 732
2384 733
2375 733
2375 732
2366 732
2366 733
2364 733
2364 734
2357 734
2357 735
2352 735
2352 734
2338 734
2338 733
2331 733
2331 732
2328 732
2328 731
2323 731
2323 732
2319 732
2319 731
2308 731
2308 730
2299 730
2299 729
2294 729
2294 728
2281 728
2281 727
2266 727
2266 728
2264 728
2264 729
2262 729
2262 730
2260 730
2260 731
2259 731
2259 732
2257 732
2257 733
2255 733
2255 734
2254 734
2254 735
2253 735
2253 736
2250 736
2250 738
2249 738
2249 742
2247 742
2247 748
2246 748
2246 755
2245 755
2245 761
2244 761
2244 762
2243 762
2243 764
2241 764
2241 765
2240 765
2240 766
2238 766
2238 767
2232 767
2232 768
2229 768
2229 769
2228 769
2228 770
2226 770
2226 771
2224 771
2224 772
2221 772
2221 773
2211 773
2211 774
2209 774
2209 775
2203 775
2203 774
2193 774
2193 775
2192 775
2192 776
2191 776
2191 777
2189 777
2189 778
2187 778
2187 779
2186 779
2186 781
2185 781
2185 782
2183 782
2183 783
2178 783
2178 782
2171 782
2171 781
2170 781
2170 780
2169 780
2169 779
2168 779
2168 772
2157 772
2157 773
2154 773
2154 774
2153 774
2153 775
2141 775
2141 774
2130 774
2130 775
2128 775
2128 776
2127 776
2127 777
2126 777
2126 778
2125 778
2125 779
2124 779
2124 780
2123 780
2123 781
2122 781
2122 782
2121 782
2121 783
2119 783
2119 784
2118 784
2118 785
2116 785
2116 786
2108 786
2108 785
2106 785
2106 784
2098 784
2098 783
2090 783
2090 785
2089 785
2089 786
2086 786
2086 787
2081 787
2081 788
2079 788
2079 789
2077 789
2077 790
2061 790
2061 791
2057 791
2057 790
2054 790
2054 789
2049 789
2049 788
2046 788
2046 787
2041 787
2041 786
2039 786
2039 785
2035 785
2035 784
2027 784
2027 785
2025 785
2025 786
2007 786
2007 787
2004 787
2004 788
2002 788
2002 789
1977 789
1977 790
1967 790
1967 789
1961 789
1961 790
1950 790
1950 791
1937 791
1937 792
1931 792
1931 791
1922 791
1922 790
1914 790
1914 789
1912 789
1912 788
1911 788
1911 787
1910 787
1910 786
1909 786
1909 785
1908 785
1908 784
1907 784
1907 783
1906 783
1906 782
1905 782
1905 781
1904 781
1904 778
1903 778
1903 777
1902 777
1902 776
1901 776
1901 774
1900 774
1900 773
1896 773
1896 772
1890 772
1890 773
1887 773
1887 770
1886 770
1886 769
1884 769
1884 768
1882 768
1882 767
1881 767
1881 766
1879 766
1879 765
1878 765
1878 763
1873 763
1873 764
1868 764
1868 765
1866 765
1866 766
1862 766
1862 767
1854 767
1854 768
1850 768
1850 769
1847 769
1847 768
1844 768
1844 767
1832 767
1832 766
1830 766
1830 765
1826 765
1826 764
1821 764
1821 763
1816 763
1816 762
1813 762
1813 761
1808 761
1808 760
1806 760
1806 759
1804 759
1804 758
1796 758
1796 764
1795 764
1795 766
1794 766
1794 767
1793 767
1793 768
1792 768
1792 770
1791 770
1791 772
1790 772
1790 773
1789 773
1789 774
1783 774
1783 772
1765 772
1765 771
1757 771
1757 770
1744 770
1744 769
1742 769
1742 768
1740 768
1740 767
1739 767
1739 766
1738 766
1738 765
1735 765
1735 764
1734 764
1734 763
1732 763
1732 762
1731 762
1731 761
1729 761
1729 760
1728 760
1728 759
1724 759
1724 758
1722 758
1722 757
1721 757
1721 756
1720 756
1720 755
1713 755
1713 754
1710 754
1710 753
1706 753
1706 752
1705 752
1705 751
1704 751
1704 750
1703 750
1703 749
1702 749
1702 748
1701 748
1701 747
1700 747
1700 745
1699 745
1699 744
1698 744
1698 743
1697 743
1697 742
1696 742
1696 738
1695 738
1695 736
1694 736
1694 734
1693 734
1693 733
1690 733
1690 732
1688 732
1688 731
1685 731
1685 730
1665 730
1665 729
1664 729
1664 728
1663 728
1663 727
1662 727
1662 725
1661 725
1661 724
1659 724
1659 723
1645 723
1645 722
1622 722
1622 723
1620 723
1620 724
1618 724
1618 725
1616 725
1616 726
1614 726
1614 727
1608 727
1608 728
1605 728
1605 727
1602 727
1602 726
1599 726
1599 727
1587 727
1587 728
1570 728
1570 729
1569 729
1569 730
1568 730
1568 732
1566 732
1566 733
1564 733
1564 734
1561 734
1561 735
1560 735
1560 736
1559 736
1559 739
1558 739
1558 740
1557 740
1557 742
1556 742
1556 744
1555 744
1555 745
1553 745
1553 746
1552 746
1552 747
1551 747
1551 748
1550 748
1550 749
1549 749
1549 751
1548 751
1548 752
1547 752
1547 753
1546 753
1546 754
1545 754
1545 755
1544 755
1544 756
1542 756
1542 757
1541 757
1541 758
1539 758
1539 759
1528 759
1528 758
1522 758
1522 759
1521 759
1521 760
1518 760
1518 761
1517 761
1517 762
1512 762
1512 763
1505 763
1505 762
1497 762
1497 763
1492 763
1492 764
1490 764
1490 765
1489 765
1489 766
1484 766
1484 767
1471 767
1471 768
1469 768
1469 769
1465 769
1465 770
1462 770
1462 771
1454 771
1454 770
1447 770
1447 769
1442 769
1442 770
1438 770
1438 771
1432 771
1432 772
1424 772
1424 771
1421 771
1421 770
1417 770
1417 769
1414 769
1414 768
1410 768
1410 767
1408 767
1408 766
1407 766
1407 765
1406 765
1406 764
1405 764
1405 763
1404 763
1404 761
1403 761
1403 759
1402 759
1402 757
1401 757
1401 752
1400 752
1400 738
1399 738
1399 731
1398 731
1398 730
1397 730
1397 729
1396 729
1396 727
1395 727
1395 726
1394 726
1394 722
1393 722
1393 712
1392 712
1392 705
1391 705
1391 702
1390 702
1390 698
1389 698
1389 697
1388 697
1388 696
1386 696
1386 695
1382 695
1382 694
1378 694
1378 693
1377 693
1377 694
1375 694
1375 693
1371 693
1371 692
1370 692
1370 691
1368 691
1368 690
1367 690
1367 689
1365 689
1365 688
1364 688
1364 687
1359 687
1359 686
1356 686
1356 685
1352 685
1352 684
1349 684
1349 683
1347 683
1347 682
1345 682
1345 681
1344 681
1344 680
1341 680
1341 679
1335 679
1335 678
1333 678
1333 677
1328 677
1328 676
1326 676
1326 675
1324 675
1324 674
1323 674
1323 673
1322 673
1322 672
1321 672
1321 671
1319 671
1319 670
1318 670
1318 655
1317 655
1317 654
1314 654
1314 653
1312 653
1312 652
1311 652
1311 651
1307 651
1307 650
1303 650
1303 649
1302 649
1302 648
1301 648
1301 647
1297 647
1297 646
1296 646
1296 643
1286 643
1286 644
1284 644
1284 645
1278 645
1278 646
1275 646
1275 647
1273 647
1273 648
1271 648
1271 649
1268 649
1268 650
1257 650
1257 649
1253 649
1253 648
1249 648
1249 647
1246 647
1246 639
1245 639
1245 637
1246 637
1246 633
1245 633
1245 630
1243 630
1243 631
1240 631
1240 632
1237 632
1237 633
1236 633
1236 634
1232 634
1232 635
1230 635
1230 636
1228 636
1228 637
1227 637
1227 638
1226 638
1226 639
1224 639
1224 640
1223 640
1223 641
1222 641
1222 642
1221 642
1221 643
1219 643
1219 645
1218 645
1218 646
1215 646
1215 647
1214 647
1214 648
1212 648
1212 649
1201 649
1201 650
1193 650
1193 662
1194 662
1194 663
1193 663
1193 676
1192 676
1192 679
1191 679
1191 680
1190 680
1190 682
1189 682
1189 683
1184 683
1184 684
1181 684
1181 683
1176 683
1176 682
1172 682
1172 681
1164 681
1164 680
1160 680
1160 679
1157 679
1157 678
1156 678
1156 677
1154 677
1154 676
1151 676
1151 675
1149 675
1149 674
1147 674
1147 673
1145 673
1145 672
1143 672
1143 671
1139 671
1139 670
1138 670
1138 669
1137 669
1137 668
1135 668
1135 667
1133 667
1133 666
1132 666
1132 665
1130 665
1130 664
1129 664
1129 663
1128 663
1128 662
1126 662
1126 661
1125 661
1125 660
1123 660
1123 659
1122 659
1122 657
1119 657
1119 656
1117 656
1117 655
1116 655
1116 654
1115 654
1115 653
1113 653
1113 652
1112 652
1112 650
1111 650
1111 649
1110 649
1110 648
1109 648
1109 647
1107 647
1107 646
1106 646
1106 645
1104 645
1104 644
1102 644
1102 643
1101 643
1101 642
1100 642
1100 641
1097 641
1097 640
1095 640
1095 639
1086 639
1086 640
1071 640
1071 639
1070 639
1070 638
1068 638
1068 637
1067 637
1067 636
1066 636
1066 635
1065 635
1065 634
1064 634
1064 632
1063 632
1063 631
1062 631
1062 629
1061 629
1061 628
1060 628
1060 627
1059 627
1059 626
1058 626
1058 624
1057 624
1057 623
1056 623
1056 621
1055 621
1055 619
1054 619
1054 618
1053 618
1053 617
1052 617
1052 616
1048 616
1048 614
1045 614
1045 613
1043 613
1043 612
1039 612
1039 611
1038 611
1038 610
1034 610
1034 609
1032 609
1032 608
1031 608
1031 607
1030 607
1030 606
1028 606
1028 605
1026 605
1026 604
1024 604
1024 603
1023 603
1023 602
1022 602
1022 601
1020 601
1020 600
1018 600
1018 599
1017 599
1017 598
1016 598
1016 597
1015 597
1015 596
1014 596
1014 595
1013 595
1013 594
1012 594
1012 593
1011 593
1011 592
1010 592
1010 591
1008 591
1008 590
1007 590
1007 589
1003 589
1003 588
999 588
999 587
997 587
997 586
995 586
995 585
993 585
993 584
990 584
990 583
988 583
988 582
987 582
987 581
986 581
986 580
983 580
983 578
982 578
982 577
981 577
981 576
978 576
978 575
975 575
975 574
972 574
972 573
969 573
969 574
953 574
953 575
951 575
951 576
949 576
949 577
948 577
948 579
947 579
947 580
945 580
945 581
943 581
943 582
940 582
940 583
935 583
935 584
933 584
933 585
931 585
931 586
926 586
926 587
915 587
915 586
914 586
914 585
913 585
913 584
911 584
911 583
910 583
910 582
908 582
908 581
906 581
906 580
905 580
905 579
902 579
902 578
900 578
900 577
898 577
898 576
896 576
896 575
894 575
894 574
893 574
893 573
891 573
891 572
888 572
888 571
887 571
887 570
886 570
886 569
884 569
884 568
883 568
883 566
882 566
882 564
881 564
881 563
880 563
880 562
877 562
877 561
876 561
876 560
875 560
875 559
874 559
874 558
873 558
873 557
872 557
872 555
871 555
871 553
870 553
870 552
869 552
869 551
868 551
868 550
864 550
864 549
863 549
863 548
862 548
862 547
861 547
861 546
860 546
860 545
859 545
859 544
858 544
858 543
857 543
857 542
856 542
856 541
854 541
854 540
853 540
853 539
850 539
850 538
842 538
842 537
841 537
841 536
839 536
839 535
836 535
836 534
833 534
833 533
829 533
829 532
828 532
828 531
827 531
827 530
826 530
826 529
825 529
825 528
824 528
824 527
823 527
823 526
822 526
822 524
821 524
821 523
819 523
819 522
818 522
818 521
816 521
816 520
813 520
813 519
811 519
811 518
807 518
807 517
806 517
806 516
805 516
805 515
802 515
802 514
786 514
786 513
783 513
783 512
782 512
782 511
779 511
779 510
778 510
778 509
777 509
777 507
776 507
776 506
775 506
775 505
774 505
774 503
773 503
773 502
770 502
770 501
768 501
768 500
767 500
767 498
766 498
766 497
765 497
765 494
766 494
766 493
767 493
767 489
766 489
766 485
765 485
765 483
763 483
763 482
760 482
760 481
754 481
754 480
749 480
749 479
747 479
747 478
746 478
746 477
745 477
745 476
744 476
744 475
742 475
742 474
741 474
741 473
740 473
740 460
739 460
739 459
738 459
738 458
737 458
737 457
735 457
735 456
733 456
733 455
732 455
732 449
731 449
731 448
730 448
730 447
728 447
728 446
727 446
727 445
726 445
726 444
724 444
724 443
723 443
723 440
722 440
722 439
721 439
721 435
720 435
720 434
719 434
719 433
717 433
717 432
715 432
715 431
709 431
709 430
705 430
705 429
703 429
703 428
702 428
702 427
699 427
699 426
697 426
697 425
695 425
695 424
694 424
694 423
693 423
693 422
691 422
691 421
689 421
689 420
688 420
688 419
687 419
687 418
686 418
686 417
685 417
685 416
684 416
684 415
683 415
683 414
682 414
682 413
681 413
681 411
680 411
680 410
679 410
679 409
678 409
678 408
677 408
677 407
676 407
676 406
675 406
675 405
674 405
674 404
673 404
673 403
672 403
672 401
671 401
671 399
670 399
670 397
669 397
669 393
668 393
668 392
667 392
667 391
665 391
665 390
664 390
664 388
663 388
663 387
662 387
662 385
661 385
661 384
660 384
660 383
656 383
656 382
654 382
654 381
652 381
652 380
650 380
650 379
647 379
647 378
644 378
644 377
640 377
640 376
638 376
638 375
636 375
636 374
629 374
629 375
624 375
624 374
622 374
622 373
619 373
619 372
613 372
613 373
612 373
612 374
611 374
611 375
609 375
609 376
608 376
608 377
606 377
606 379
605 379
605 380
604 380
604 382
603 382
603 383
602 383
602 384
601 384
601 385
600 385
600 386
599 386
599 387
594 387
594 386
587 386
587 388
579 388
579 387
576 387
576 386
572 386
572 385
571 385
571 384
570 384
570 383
569 383
569 382
568 382
568 381
567 381
567 380
564 380
564 379
555 379
555 378
553 378
553 377
549 377
549 376
543 376
543 375
539 375
539 374
527 374
527 375
518 375
518 376
517 376
517 377
515 377
515 376
511 376
511 375
510 375
510 374
509 374
509 373
507 373
507 372
504 372
504 371
503 371
503 370
502 370
502 369
501 369
501 366
500 366
500 365
501 365
501 358
500 358
500 357
498 357
498 356
497 356
497 355
496 355
496 353
494 353
494 352
493 352
493 351
492 351
492 350
491 350
491 348
492 348
492 350
493 350
493 351
494 351
494 352
496 352
496 353
497 353
497 355
498 355
498 356
500 356
500 357
501 357
501 358
502 358
502 365
501 365
501 366
502 366
502 369
503 369
503 370
504 370
504 371
507 371
507 372
509 372
509 373
510 373
510 374
511 374
511 375
515 375
515 376
517 376
517 375
518 375
518 374
527 374
527 373
539 373
539 374
543 374
543 375
549 375
549 376
553 376
553 377
555 377
555 378
564 378
564 379
567 379
567 380
568 380
568 381
569 381
569 382
570 382
570 383
571 383
571 384
572 384
572 385
576 385
576 386
579 386
579 387
586 387
586 386
587 386
587 385
594 385
594 386
599 386
599 385
600 385
600 384
601 384
601 383
602 383
602 382
603 382
603 380
604 380
604 379
605 379
605 377
606 377
606 376
608 376
608 375
609 375
609 374
611 374
611 373
612 373
612 371
619 371
619 372
622 372
622 373
624 373
624 374
629 374
629 373
636 373
636 374
638 374
638 375
640 375
640 376
644 376
644 377
647 377
647 378
650 378
650 379
652 379
652 380
654 380
654 381
656 381
656 382
660 382
660 383
661 383
661 384
662 384
662 385
663 385
663 387
664 387
664 388
665 388
665 390
667 390
667 391
668 391
668 392
669 392
669 393
670 393
670 397
671 397
671 399
672 399
672 401
673 401
673 403
674 403
674 404
675 404
675 405
676 405
676 406
677 406
677 407
678 407
678 408
679 408
679 409
680 409
680 410
681 410
681 411
682 411
682 413
683 413
683 414
684 414
684 415
685 415
685 416
686 416
686 417
687 417
687 418
688 418
688 419
689 419
689 420
691 420
691 421
693 421
693 422
694 422
694 423
695 423
695 424
697 424
697 425
699 425
699 426
702 426
702 427
703 427
703 428
705 428
705 429
709 429
709 430
715 430
715 431
717 431
717 432
719 432
719 433
720 433
720 434
721 434
721 435
722 435
722 439
723 439
723 440
724 440
724 443
726 443
726 444
727 444
727 445
728 445
728 446
730 446
730 447
731 447
731 448
733 448
733 455
735 455
735 456
737 456
737 457
738 457
738 458
739 458
739 459
740 459
740 460
741 460
741 473
742 473
742 474
744 474
744 475
745 475
745 476
746 476
746 477
747 477
747 478
749 478
749 479
754 479
754 480
760 480
760 481
763 481
763 482
765 482
765 483
766 483
766 485
767 485
767 489
768 489
768 493
767 493
767 494
766 494
766 497
767 497
767 498
768 498
768 500
770 500
770 501
773 501
773 502
774 502
774 503
775 503
775 505
776 505
776 506
777 506
777 507
778 507
778 509
779 509
779 510
782 510
782 511
783 511
783 512
786 512
786 513
802 513
802 514
805 514
805 515
806 515
806 516
807 516
807 517
811 517
811 518
813 518
813 519
816 519
816 520
818 520
818 521
819 521
819 522
821 522
821 523
822 523
822 524
823 524
823 526
824 526
824 527
825 527
825 528
826 528
826 529
827 529
827 530
828 530
828 531
829 531
829 532
833 532
833 533
836 533
836 534
839 534
839 535
841 535
841 536
842 536
842 537
850 537
850 538
853 538
853 539
854 539
854 540
856 540
856 541
857 541
857 542
858 542
858 543
859 543
859 544
860 544
860 545
861 545
861 546
862 546
862 547
863 547
863 548
864 548
864 549
868 549
868 550
869 550
869 551
870 551
870 552
871 552
871 553
872 553
872 555
873 555
873 557
874 557
874 558
875 558
875 559
876 559
876 560
877 560
877 561
880 561
880 562
881 562
881 563
882 563
882 564
883 564
883 566
884 566
884 568
886 568
886 569
887 569
887 570
888 570
888 571
891 571
891 572
893 572
893 573
894 573
894 574
896 574
896 575
898 575
898 576
900 576
900 577
902 577
902 578
905 578
905 579
906 579
906 580
908 580
908 581
910 581
910 582
911 582
911 583
913 583
913 584
914 584
914 585
915 585
915 586
926 586
926 585
931 585
931 584
933 584
933 583
935 583
935 582
940 582
940 581
943 581
943 580
945 580
945 579
947 579
947 577
948 577
948 576
949 576
949 575
951 575
951 574
953 574
953 573
969 573
969 572
972 572
972 573
975 573
975 574
978 574
978 575
981 575
981 576
982 576
982 577
983 577
983 578
984 578
984 579
986 579
986 580
987 580
987 581
988 581
988 582
990 582
990 583
993 583
993 584
995 584
995 585
997 585
997 586
999 586
999 587
1003 587
1003 588
1007 588
1007 589
1008 589
1008 590
1010 590
1010 591
1011 591
1011 592
1012 592
1012 593
1013 593
1013 594
1014 594
1014 595
1015 595
1015 596
1016 596
1016 597
1017 597
1017 598
1018 598
1018 599
1020 599
1020 600
1022 600
1022 601
1023 601
1023 602
1024 602
1024 603
1026 603
1026 604
1028 604
1028 605
1030 605
1030 606
1031 606
1031 607
1032 607
1032 608
1034 608
1034 609
1038 609
1038 610
1039 610
1039 611
1043 611
1043 612
1045 612
1045 613
1048 613
1048 614
1049 614
1049 615
1052 615
1052 616
1053 616
1053 617
1054 617
1054 618
1055 618
1055 619
1056 619
1056 621
1057 621
1057 623
1058 623
1058 624
1059 624
1059 626
1060 626
1060 627
1061 627
1061 628
1062 628
1062 629
1063 629
1063 631
1064 631
1064 632
1065 632
1065 634
1066 634
1066 635
1067 635
1067 636
1068 636
1068 637
1070 637
1070 638
1071 638
1071 639
1086 639
1086 638
1095 638
1095 639
1097 639
1097 640
1100 640
1100 641
1101 641
1101 642
1102 642
1102 643
1104 643
1104 644
1106 644
1106 645
1107 645
1107 646
1109 646
1109 647
1110 647
1110 648
1111 648
1111 649
1112 649
1112 650
1113 650
1113 652
1115 652
1115 653
1116 653
1116 654
1117 654
1117 655
1119 655
1119 656
1122 656
1122 657
1123 657
1123 659
1125 659
1125 660
1126 660
1126 661
1128 661
1128 662
1129 662
1129 663
1130 663
1130 664
1132 664
1132 665
1133 665
1133 666
1135 666
1135 667
1137 667
1137 668
1138 668
1138 669
1139 669
1139 670
1143 670
1143 671
1145 671
1145 672
1147 672
1147 673
1149 673
1149 674
1151 674
1151 675
1154 675
1154 676
1156 676
1156 677
1157 677
1157 678
1160 678
1160 679
1164 679
1164 680
1172 680
1172 681
1176 681
1176 682
1181 682
1181 683
1184 683
1184 682
1189 682
1189 680
1190 680
1190 679
1191 679
1191 676
1192 676
1192 663
1193 663
1193 662
1192 662
1192 650
1193 650
1193 649
1201 649
1201 648
1212 648
1212 647
1214 647
1214 646
1215 646
1215 645
1218 645
1218 643
1219 643
1219 642
1221 642
1221 641
1222 641
1222 640
1223 640
1223 639
1224 639
1224 638
1226 638
1226 637
1227 637
1227 636
1228 636
1228 635
1230 635
1230 634
1232 634
1232 633
1236 633
1236 632
1237 632
1237 631
1240 631
1240 630
1243 630
1243 629
1245 629
1245 630
1246 630
1246 633
1247 633
1247 637
1246 637
1246 639
1247 639
1247 646
1249 646
1249 647
1253 647
1253 648
1257 648
1257 649
1268 649
1268 648
1271 648
1271 647
1273 647
1273 646
1275 646
1275 645
1278 645
1278 644
1284 644
1284 643
1286 643
1286 642
1296 642
1296 643
1297 643
1297 646
1301 646
1301 647
1302 647
1302 648
1303 648
1303 649
1307 649
1307 650
1311 650
1311 651
1312 651
1312 652
1314 652
1314 653
1317 653
1317 654
1318 654
1318 655
1319 655
1319 670
1321 670
1321 671
1322 671
1322 672
1323 672
1323 673
1324 673
1324 674
1326 674
1326 675
1328 675
1328 676
1333 676
1333 677
1335 677
1335 678
1341 678
1341 679
1344 679
1344 680
1345 680
1345 681
1347 681
1347 682
1349 682
1349 683
1352 683
1352 684
1356 684
1356 685
1359 685
1359 686
1364 686
1364 687
1365 687
1365 688
1367 688
1367 689
1368 689
1368 690
1370 690
1370 691
1371 691
1371 692
1375 692
1375 693
1377 693
1377 692
1378 692
1378 693
1382 693
1382 694
1386 694
1386 695
1388 695
1388 696
1389 696
1389 697
1390 697
1390 698
1391 698
1391 702
1392 702
1392 705
1393 705
1393 712
1394 712
1394 722
1395 722
1395 726
1396 726
1396 727
1397 727
1397 729
1398 729
1398 730
1399 730
1399 731
1400 731
1400 738
1401 738
1401 752
1402 752
1402 757
1403 757
1403 759
1404 759
1404 761
1405 761
1405 763
1406 763
1406 764
1407 764
1407 765
1408 765
1408 766
1410 766
1410 767
1414 767
1414 768
1417 768
1417 769
1421 769
1421 770
1424 770
1424 771
1432 771
1432 770
1438 770
1438 769
1442 769
1442 768
1447 768
1447 769
1454 769
1454 770
1462 770
1462 769
1465 769
1465 768
1469 768
1469 767
1471 767
1471 766
1484 766
1484 765
1489 765
1489 764
1490 764
1490 763
1492 763
1492 762
1497 762
1497 761
1505 761
1505 762
1512 762
1512 761
1517 761
1517 760
1518 760
1518 759
1521 759
1521 758
1522 758
1522 757
1528 757
1528 758
1539 758
1539 757
1541 757
1541 756
1542 756
1542 755
1544 755
1544 754
1545 754
1545 753
1546 753
1546 752
1547 752
1547 751
1548 751
1548 749
1549 749
1549 748
1550 748
1550 747
1551 747
1551 746
1552 746
1552 745
1553 745
1553 744
1555 744
1555 742
1556 742
1556 740
1557 740
1557 739
1558 739
1558 735
1560 735
1560 734
1561 734
1561 733
1564 733
1564 732
1566 732
1566 731
1567 731
1567 730
1568 730
1568 729
1569 729
1569 728
1570 728
1570 727
1587 727
1587 726
1599 726
1599 725
1602 725
1602 726
1605 726
1605 727
1608 727
1608 726
1614 726
1614 725
1616 725
1616 724
1618 724
1618 723
1620 723
1620 722
1622 722
1622 721
1645 721
1645 722
1659 722
1659 723
1661 723
1661 724
1662 724
1662 725
1663 725
1663 727
1664 727
1664 728
1665 728
1665 729
1685 729
1685 730
1688 730
1688 731
1690 731
1690 732
1693 732
1693 733
1694 733
1694 734
1695 734
1695 736
1696 736
1696 738
1697 738
1697 742
1698 742
1698 743
1699 743
1699 744
1700 744
1700 745
1701 745
1701 747
1702 747
1702 748
1703 748
1703 749
1704 749
1704 750
1705 750
1705 751
1706 751
1706 752
1710 752
1710 753
1713 753
1713 754
1720 754
1720 755
1721 755
1721 756
1722 756
1722 757
1724 757
1724 758
1728 758
1728 759
1729 759
1729 760
1731 760
1731 761
1732 761
1732 762
1734 762
1734 763
1735 763
1735 764
1738 764
1738 765
1739 765
1739 766
1740 766
1740 767
1742 767
1742 768
1744 768
1744 769
1757 769
1757 770
1765 770
1765 771
1783 771
1783 772
1784 772
1784 773
1789 773
1789 772
1790 772
1790 770
1791 770
1791 768
1792 768
1792 767
1793 767
1793 766
1794 766
1794 764
1795 764
1795 757
1804 757
1804 758
1806 758
1806 759
1808 759
1808 760
1813 760
1813 761
1816 761
1816 762
1821 762
1821 763
1826 763
1826 764
1830 764
1830 765
1832 765
1832 766
1844 766
1844 767
1847 767
1847 768
1850 768
1850 767
1854 767
1854 766
1862 766
1862 765
1866 765
1866 764
1868 764
1868 763
1873 763
1873 762
1878 762
1878 763
1879 763
1879 765
1881 765
1881 766
1882 766
1882 767
1884 767
1884 768
1886 768
1886 769
1887 769
1887 770
1888 770
1888 772
1890 772
1890 771
1896 771
1896 772
1900 772
1900 773
1901 773
1901 774
1902 774
1902 776
1903 776
1903 777
1904 777
1904 778
1905 778
1905 781
1906 781
1906 782
1907 782
1907 783
1908 783
1908 784
1909 784
1909 785
1910 785
1910 786
1911 786
1911 787
1912 787
1912 788
1914 788
1914 789
1922 789
1922 790
1931 790
1931 791
1937 791
1937 790
1950 790
1950 789
1961 789
1961 788
1967 788
1967 789
1977 789
1977 788
2002 788
2002 787
2004 787
2004 786
2007 786
2007 785
2025 785
2025 784
2027 784
2027 783
2035 783
2035 784
2039 784
2039 785
2041 785
2041 786
2046 786
2046 787
2049 787
2049 788
2054 788
2054 789
2057 789
2057 790
2061 790
2061 789
2077 789
2077 788
2079 788
2079 787
2081 787
2081 786
2086 786
2086 785
2089 785
2089 783
2090 783
2090 782
2098 782
2098 783
2106 783
2106 784
2108 784
2108 785
2116 785
2116 784
2118 784
2118 783
2119 783
2119 782
2121 782
2121 781
2122 781
2122 780
2123 780
2123 779
2124 779
2124 778
2125 778
2125 777
2126 777
2126 776
2127 776
2127 775
2128 775
2128 774
2130 774
2130 773
2141 773
2141 774
2153 774
2153 773
2154 773
2154 772
2157 772
2157 771
2169 771
2169 779
2170 779
2170 780
2171 780
2171 781
2178 781
2178 782
2183 782
2183 781
2185 781
2185 779
2186 779
2186 778
2187 778
2187 777
2189 777
2189 776
2191 776
2191 775
2192 775
2192 774
2193 774
2193 773
2203 773
2203 774
2209 774
2209 773
2211 773
2211 772
2221 772
2221 771
2224 771
2224 770
2226 770
2226 769
2228 769
2228 768
2229 768
2229 767
2232 767
2232 766
2238 766
2238 765
2240 765
2240 764
2241 764
2241 763
2242 763
2242 762
2243 762
2243 761
2244 761
2244 755
2245 755
2245 748
2246 748
2246 742
2247 742
2247 741
2248 741
2248 738
2249 738
2249 736
2250 736
2250 735
2253 735
2253 734
2254 734
2254 733
2255 733
2255 732
2257 732
2257 731
2259 731
2259 730
2260 730
2260 729
2262 729
2262 728
2264 728
2264 727
2266 727
2266 726
2281 726
2281 727
2294 727
2294 728
2299 728
2299 729
2308 729
2308 730
2319 730
2319 731
2323 731
2323 730
2328 730
2328 731
2331 731
2331 732
2338 732
2338 733
2352 733
2352 734
2357 734
2357 733
2364 733
2364 732
2366 732
2366 731
2375 731
2375 732
2384 732
2384 731
2386 731
2386 730
2390 730
2390 729
2391 729
2391 725
2392 725
2392 721
2393 721
2393 719
2394 719
2394 715
2395 715
2395 714
2412 714
2412 713
2416 713
2416 712
2417 712
2417 711
2420 711
2420 710
2427 710
2427 709
2428 709
2428 708
2431 708
2431 707
2437 707
2437 706
2440 706
2440 705
2449 705
2449 704
2451 704
2451 703
2452 703
2452 702
2453 702
2453 701
2455 701
2455 699
2456 699
2456 698
2458 698
2458 697
2459 697
2459 696
2460 696
2460 695
2462 695
2462 694
2463 694
2463 693
2464 693
2464 692
2465 692
2465 691
2467 691
2467 690
2469 690
2469 688
2470 688
2470 687
2472 687
2472 686
2473 686
2473 685
2474 685
2474 683
2475 683
2475 682
2476 682
2476 681
2477 681
2477 680
2479 680
2479 679
2481 679
2481 678
2487 678
2487 679
2490 679
2490 680
2493 680
2493 681
2496 681
2496 682
2497 682
2497 686
2498 686
2498 687
2499 687
2499 688
2500 688
2500 689
2501 689
2501 690
2502 690
2502 691
2511 691
2511 690
2519 690
2519 687
2520 687
2520 681
2521 681
2521 674
2534 674
2534 675
2537 675
2537 674
2545 674
2545 673
2546 673
2546 672
2547 672
2547 671
2549 671
2549 670
2550 670
2550 669
2551 669
2551 668
2552 668
2552 667
2554 667
2554 666
2555 666
2555 665
2557 665
2557 664
2561 664
2561 663
2562 663
2562 661
2563 661
2563 658
2564 658
2564 653
2565 653
2565 651
2566 651
2566 650
2569 650
2569 649
2573 649
2573 648
2585 648
2585 647
2586 647
2586 648
2587 648
2587 649
2588 649
2588 657
2589 657
2589 660
2590 660
2590 661
2591 661
2591 665
2592 665
2592 668
2593 668
2593 680
2594 680
2594 682
2595 682
2595 683
2596 683
2596 684
2597 684
2597 686
2598 686
2598 687
2599 687
2599 688
2601 688
2601 689
2602 689
2602 690
2603 690
2603 691
2604 691
2604 692
2605 692
2605 694
2606 694
2606 696
2608 696
2608 697
2614 697
2614 698
2615 698
2615 697
2616 697
2616 696
2617 696
2617 695
2618 695
2618 694
2619 694
2619 693
2620 693
2620 692
2622 692
2622 691
2625 691
2625 689
2626 689
2626 677
2629 677
2629 678
2631 678
2631 679
2632 679
2632 680
2633 680
2633 681
2635 681
2635 682
2636 682
2636 683
2638 683
2638 684
2640 684
2640 685
2641 685
2641 687
2642 687
2642 689
2643 689
2643 691
2644 691
2644 694
2645 694
2645 695
2647 695
2647 696
2650 696
2650 697
2652 697
2652 698
2653 698
2653 699
2654 699
2654 700
2655 700
2655 701
2656 701
2656 702
2659 702
2659 703
2664 703
2664 704
2666 704
2666 705
2673 705
2673 706
2674 706
2674 707
2680 707
2680 706
2692 706
2692 705
2697 705
2697 706
2701 706
2701 707
2708 707
2708 708
2709 708
2709 709
2717 709
2717 710
2719 710
2719 712
2720 712
2720 713
2723 713
2723 714
2724 714
2724 715
2725 715
2725 716
2726 716
2726 717
2727 717
2727 718
2728 718
2728 719
2729 719
2729 720
2730 720
2730 721
2733 721
2733 722
2734 722
2734 723
2736 723
2736 724
2738 724
2738 725
2739 725
2739 726
2741 726
2741 727
2744 727
2744 728
2746 728
2746 729
2747 729
2747 730
2750 730
2750 731
2761 731
2761 730
2763 730
2763 729
2764 729
2764 728
2766 728
2766 727
2768 727
2768 726
2769 726
2769 725
2771 725
2771 724
2774 724
2774 723
2775 723
2775 721
2776 721
2776 720
2778 720
2778 719
2779 719
2779 718
2780 718
2780 717
2781 717
2781 716
2782 716
2782 715
2783 715
2783 712
2784 712
2784 711
2785 711
2785 710
2786 710
2786 708
2787 708
2787 707
2788 707
2788 706
2789 706
2789 705
2790 705
2790 704
2791 704
2791 703
2792 703
2792 702
2793 702
2793 701
2794 701
2794 700
2795 700
2795 698
2796 698
2796 697
2797 697
2797 693
2799 693
2799 681
2800 681
2800 678
2801 678
2801 668
2802 668
2802 662
2803 662
2803 652
2804 652
2804 650
2805 650
2805 645
2806 645
2806 638
2807 638
2807 637
2813 637
2813 636
2816 636
2816 635
2818 635
2818 634
2825 634
2825 633
2827 633
2827 632
2841 632
2841 633
2847 633
2847 632
2860 632
2860 631
2868 631
2868 632
2875 632
2875 633
2879 633
2879 634
2881 634
2881 635
2882 635
2882 636
2883 636
2883 637
2885 637
2885 638
2886 638
2886 639
2887 639
2887 640
2888 640
2888 642
2889 642
2889 645
2890 645
2890 660
2891 660
2891 662
2892 662
2892 663
2893 663
2893 664
2896 664
2896 665
2899 665
2899 666
2901 666
2901 667
2917 667
2917 666
2918 666
2918 665
2921 665
2921 664
2923 664
2923 663
2929 663
2929 662
2930 662
2930 661
2931 661
2931 660
2933 660
2933 659
2934 659
2934 658
2936 658
2936 659
2938 659
2938 660
2940 660
2940 661
2943 661
2943 662
2948 662
2948 663
2953 663
2953 664
2966 664
2966 663
2972 663
2972 664
2978 664
2978 663
2980 663
2980 662
2981 662
2981 661
2989 661
2989 660
2991 660
2991 659
2992 659
2992 658
2994 658
2994 657
2996 657
2996 656
2997 656
2997 655
3002 655
3002 656
3009 656
3009 657
3014 657
3014 656
3017 656
3017 655
3018 655
3018 654
3019 654
3019 652
3020 652
3020 649
3021 649
3021 638
3022 638
3022 634
3023 634
3023 623
3024 623
3024 614
3025 614
3025 611
3026 611
3026 607
3030 607
3030 606
3031 606
3031 605
3032 605
3032 604
3035 604
3035 603
3036 603
3036 602
3037 602
3037 600
3038 600
3038 599
3040 599
3040 598
3041 598
3041 597
3042 597
3042 596
3043 596
3043 595
3044 595
3044 588
3043 588
3043 582
3044 582
3044 581
3047 581
3047 580
3048 580
3048 579
3050 579
3050 578
3051 578
3051 577
3052 577
3052 576
3053 576
3053 575
3054 575
3054 574
3055 574
3055 573
3057 573
3057 572
3059 572
3059 571
3068 571
3068 572
3074 572
3074 570
3075 570
3075 569
3076 569
3076 568
3077 568
3077 566
3078 566
3078 564
3080 564
3080 563
3081 563
3081 562
3084 562
3084 561
3085 561
3085 560
3086 560
3086 559
3087 559
3087 558
3089 558
3089 557
3101 557
3101 556
3103 556
3103 555
3114 555
3114 554
3115 554
3115 553
3116 553
3116 552
3118 552
3118 551
3119 551
3119 550
3121 550
3121 549
3124 549
3124 548
3127 548
3127 547
3128 547
3128 546
3130 546
3130 545
3131 545
3131 544
3132 544
3132 543
3136 543
3136 542
3138 542
3138 541
3141 541
3141 540
3142 540
3142 539
3148 539
3148 538
3151 538
3151 537
3153 537
3153 536
3154 536
3154 535
3156 535
3156 534
3158 534
3158 533
3162 533
3162 532
3164 532
3164 531
3166 531
3166 530
3167 530
3167 529
3169 529
3169 528
3174 528
3174 527
3175 527
3175 526
3176 526
3176 525
3177 525
3177 524
3179 524
3179 523
3182 523
3182 522
3183 522
3183 520
3184 520
3184 519
3183 519
3183 517
3184 517
3184 508
3185 508
3185 505
3186 505
3186 497
3187 497
3187 496
3188 496
3188 495
3189 495
3189 494
3191 494
3191 493
3193 493
3193 492
3196 492
3196 493
3200 493
3200 494
3202 494
3202 495
3205 495
3205 496
3207 496
3207 495
3217 495
3217 496
3230 496
3230 497
3236 497
3236 498
3238 498
3238 499
3243 499
3243 500
3249 500
3249 499
3254 499
3254 498
3261 498
3261 497
3265 497
3265 496
3275 496
3275 495
3278 495
3278 494
3281 494
3281 493
3291 493
3291 492
3313 492
3313 493
3322 493
3322 494
3323 494
3323 495
3324 495
3324 496
3325 496
3325 498
3326 498
3326 501
3327 501
3327 505
3328 505
3328 508
3329 508
3329 511
3330 511
3330 513
3336 513
3336 514
3337 514
3337 515
3340 515
3340 516
3343 516
3343 517
3345 517
3345 518
3356 518
3356 517
3359 517
3359 516
3365 516
3365 517
3367 517
3367 516
3369 516
3369 515
3372 515
3372 513
3373 513
3373 512
3376 512
3376 511
3377 511
3377 510
3387 510
3387 511
3389 511
3389 510
3390 510
3390 509
3394 509
3394 508
3396 508
3396 507
3397 507
3397 506
3398 506
3398 505
3400 505
3400 504
3401 504
3401 503
3404 503
3404 502
3406 502
3406 501
3408 501
3408 500
3409 500
3409 499
3412 499
3412 498
3413 498
3413 497
3415 497
3415 496
3420 496
3420 495
3422 495
3422 494
3423 494
3423 493
3424 493
3424 491
3425 491
3425 490
3426 490
3426 489
3429 489
3429 488
3432 488
3432 487
3435 487
3435 486
3436 486
3436 485
3437 485
3437 482
3438 482
3438 485
3437 485
3437 486
3436 486
3436 487
3435 487
3435 488
3432 488
3432 489
3429 489
3429 490
3426 490
3426 491
3425 491
3425 493
3424 493
3424 494
3423 494
3423 495
3422 495
3422 496
3420 496
3420 497
3415 497
3415 498
3413 498
3413 499
3412 499
3412 500
3409 500
3409 501
3408 501
3408 502
3406 502
3406 503
3404 503
3404 504
3401 504
3401 505
3400 505
3400 506
3398 506
3398 507
3397 507
3397 508
3396 508
3396 509
3394 509
3394 510
3390 510
3390 512
3387 512
3387 511
3377 511
3377 512
3376 512
3376 513
3373 513
3373 516
3369 516
3369 517
3367 517
3367 518
3365 518
3365 517
3359 517
3359 518
3356 518
3356 519
3345 519
3345 518
3343 518
3343 517
3340 517
3340 516
3337 516
3337 515
3336 515
3336 514
3330 514
3330 513
3329 513
3329 511
3328 511
3328 508
3327 508
3327 505
3326 505
3326 501
3325 501
3325 498
3324 498
3324 496
3323 496
3323 495
3322 495
3322 494
3313 494
3313 493
3291 493
3291 494
3281 494
3281 495
3278 495
3278 496
3275 496
3275 497
3265 497
