2806 889
2805 889
2805 890
2804 890
2804 893
2803 893
2803 895
2802 895
2802 896
2801 896
2801 897
2800 897
2800 898
2799 898
2799 899
2798 899
2798 900
2797 900
2797 901
2795 901
2795 902
2794 902
2794 903
2793 903
2793 904
2792 904
2792 905
2790 905
2790 906
2787 906
2787 907
2785 907
2785 909
2784 909
2784 910
2781 910
2781 911
2780 911
2780 912
2777 912
2777 913
2775 913
2775 914
2773 914
2773 915
2772 915
2772 916
2771 916
2771 917
2768 917
2768 918
2766 918
2766 919
2764 919
2764 920
2763 920
2763 921
2761 921
2761 922
2760 922
2760 923
2758 923
2758 924
2755 924
2755 925
2754 925
2754 926
2752 926
2752 927
2750 927
2750 928
2748 928
2748 929
2746 929
2746 930
2744 930
2744 931
2740 931
2740 932
2739 932
2739 935
2738 935
2738 936
2736 936
2736 937
2735 937
2735 938
2734 938
2734 939
2733 939
2733 940
2732 940
2732 941
2730 941
2730 942
2728 942
2728 943
2726 943
2726 944
2722 944
2722 945
2721 945
2721 946
2719 946
2719 947
2718 947
2718 949
2717 949
2717 950
2716 950
2716 951
2715 951
2715 952
2714 952
2714 953
2713 953
2713 954
2708 954
2708 955
2707 955
2707 956
2706 956
2706 957
2705 957
2705 958
2704 958
2704 959
2703 959
2703 960
2702 960
2702 961
2701 961
2701 962
2700 962
2700 963
2698 963
2698 964
2697 964
2697 965
2694 965
2694 966
2693 966
2693 967
2692 967
2692 968
2689 968
2689 969
2688 969
2688 970
2687 970
2687 971
2685 971
2685 973
2684 973
2684 974
2682 974
2682 975
2679 975
2679 976
2677 976
2677 977
2675 977
2675 978
2668 978
2668 979
2667 979
2667 981
2666 981
2666 982
2663 982
2663 983
2662 983
2662 984
2660 984
2660 985
2658 985
2658 986
2656 986
2656 987
2655 987
2655 988
2654 988
2654 989
2651 989
2651 990
2650 990
2650 991
2649 991
2649 992
2648 992
2648 993
2646 993
2646 994
2640 994
2640 995
2638 995
2638 996
2631 996
2631 997
2625 997
2625 998
2624 998
2624 999
2623 999
2623 1000
2622 1000
2622 1001
2620 1001
2620 1002
2617 1002
2617 1003
2616 1003
2616 1004
2613 1004
2613 1005
2610 1005
2610 1006
2609 1006
2609 1007
2607 1007
2607 1008
2606 1008
2606 1009
2605 1009
2605 1010
2604 1010
2604 1011
2603 1011
2603 1012
2595 1012
2595 1013
2586 1013
2586 1011
2582 1011
2582 1012
2572 1012
2572 1013
2570 1013
2570 1014
2569 1014
2569 1015
2568 1015
2568 1016
2567 1016
2567 1017
2565 1017
2565 1018
2564 1018
2564 1019
2563 1019
2563 1020
2562 1020
2562 1022
2561 1022
2561 1023
2560 1023
2560 1024
2559 1024
2559 1025
2558 1025
2558 1026
2557 1026
2557 1027
2556 1027
2556 1028
2555 1028
2555 1029
2554 1029
2554 1030
2551 1030
2551 1031
2550 1031
2550 1032
2549 1032
2549 1035
2548 1035
2548 1040
2547 1040
2547 1043
2546 1043
2546 1046
2547 1046
2547 1049
2545 1049
2545 1051
2544 1051
2544 1053
2542 1053
2542 1054
2539 1054
2539 1055
2531 1055
2531 1056
2530 1056
2530 1057
2529 1057
2529 1058
2528 1058
2528 1059
2524 1059
2524 1058
2517 1058
2517 1059
2516 1059
2516 1060
2513 1060
2513 1061
2511 1061
2511 1062
2510 1062
2510 1061
2505 1061
2505 1062
2504 1062
2504 1064
2495 1064
2495 1065
2494 1065
2494 1066
2493 1066
2493 1067
2490 1067
2490 1066
2486 1066
2486 1067
2484 1067
2484 1068
2483 1068
2483 1069
2482 1069
2482 1070
2480 1070
2480 1071
2479 1071
2479 1072
2468 1072
2468 1074
2466 1074
2466 1075
2464 1075
2464 1076
2455 1076
2455 1077
2452 1077
2452 1078
2447 1078
2447 1079
2443 1079
2443 1080
2442 1080
2442 1081
2440 1081
2440 1082
2437 1082
2437 1083
2436 1083
2436 1084
2434 1084
2434 1086
2433 1086
2433 1087
2432 1087
2432 1088
2431 1088
2431 1089
2429 1089
2429 1090
2428 1090
2428 1091
2427 1091
2427 1097
2426 1097
2426 1098
2425 1098
2425 1099
2424 1099
2424 1100
2423 1100
2423 1101
2422 1101
2422 1103
2421 1103
2421 1104
2420 1104
2420 1105
2419 1105
2419 1106
2418 1106
2418 1107
2417 1107
2417 1110
2416 1110
2416 1111
2415 1111
2415 1112
2414 1112
2414 1113
2413 1113
2413 1115
2412 1115
2412 1117
2411 1117
2411 1118
2409 1118
2409 1119
2407 1119
2407 1120
2404 1120
2404 1121
2403 1121
2403 1122
2402 1122
2402 1123
2400 1123
2400 1126
2399 1126
2399 1127
2398 1127
2398 1128
2397 1128
2397 1129
2396 1129
2396 1130
2395 1130
2395 1131
2394 1131
2394 1132
2391 1132
2391 1133
2387 1133
2387 1134
2385 1134
2385 1135
2384 1135
2384 1136
2381 1136
2381 1137
2379 1137
2379 1138
2378 1138
2378 1139
2377 1139
2377 1140
2375 1140
2375 1141
2374 1141
2374 1143
2373 1143
2373 1144
2371 1144
2371 1143
2360 1143
2360 1144
2356 1144
2356 1145
2355 1145
2355 1146
2353 1146
2353 1147
2349 1147
2349 1148
2348 1148
2348 1149
2347 1149
2347 1150
2344 1150
2344 1151
2341 1151
2341 1152
2340 1152
2340 1153
2336 1153
2336 1154
2334 1154
2334 1155
2333 1155
2333 1156
2330 1156
2330 1157
2329 1157
2329 1158
2328 1158
2328 1159
2327 1159
2327 1160
2326 1160
2326 1161
2325 1161
2325 1162
2316 1162
2316 1161
2315 1161
2315 1162
2313 1162
2313 1163
2312 1163
2312 1164
2299 1164
2299 1163
2285 1163
2285 1164
2283 1164
2283 1163
2277 1163
2277 1162
2272 1162
2272 1163
2270 1163
2270 1182
2269 1182
2269 1191
2268 1191
2268 1195
2267 1195
2267 1196
2266 1196
2266 1197
2265 1197
2265 1199
2264 1199
2264 1202
2263 1202
2263 1203
2262 1203
2262 1205
2261 1205
2261 1206
2259 1206
2259 1209
2258 1209
2258 1210
2255 1210
2255 1211
2252 1211
2252 1212
2248 1212
2248 1211
2246 1211
2246 1210
2242 1210
2242 1212
2241 1212
2241 1213
2240 1213
2240 1214
2239 1214
2239 1215
2236 1215
2236 1216
2233 1216
2233 1217
2231 1217
2231 1218
2229 1218
2229 1219
2227 1219
2227 1220
2225 1220
2225 1222
2224 1222
2224 1223
2223 1223
2223 1224
2218 1224
2218 1225
2212 1225
2212 1224
2210 1224
2210 1225
2207 1225
2207 1223
2205 1223
2205 1222
2194 1222
2194 1221
2187 1221
2187 1222
2186 1222
2186 1221
2172 1221
2172 1220
2166 1220
2166 1219
2151 1219
2151 1218
2146 1218
2146 1217
2130 1217
2130 1216
2122 1216
2122 1217
2121 1217
2121 1218
2120 1218
2120 1219
2119 1219
2119 1220
2118 1220
2118 1221
2117 1221
2117 1226
2116 1226
2116 1232
2117 1232
2117 1234
2116 1234
2116 1235
2115 1235
2115 1236
2114 1236
2114 1237
2108 1237
2108 1238
2106 1238
2106 1239
2104 1239
2104 1240
2098 1240
2098 1241
2090 1241
2090 1242
2088 1242
2088 1243
2085 1243
2085 1244
2084 1244
2084 1245
2083 1245
2083 1246
2081 1246
2081 1247
2079 1247
2079 1248
2078 1248
2078 1249
2068 1249
2068 1248
2056 1248
2056 1249
2049 1249
2049 1250
2048 1250
2048 1251
2047 1251
2047 1252
2025 1252
2025 1251
2024 1251
2024 1252
2019 1252
2019 1253
2012 1253
2012 1252
2010 1252
2010 1253
2006 1253
2006 1254
1997 1254
1997 1255
1992 1255
1992 1254
1986 1254
1986 1253
1985 1253
1985 1252
1984 1252
1984 1251
1983 1251
1983 1250
1982 1250
1982 1249
1980 1249
1980 1248
1978 1248
1978 1247
1975 1247
1975 1246
1970 1246
1970 1247
1969 1247
1969 1248
1963 1248
1963 1247
1959 1247
1959 1246
1958 1246
1958 1245
1957 1245
1957 1244
1942 1244
1942 1243
1937 1243
1937 1242
1935 1242
1935 1241
1933 1241
1933 1240
1932 1240
1932 1239
1931 1239
1931 1238
1930 1238
1930 1237
1929 1237
1929 1236
1928 1236
1928 1235
1927 1235
1927 1234
1923 1234
1923 1233
1920 1233
1920 1232
1919 1232
1919 1231
1918 1231
1918 1232
1906 1232
1906 1231
1897 1231
1897 1230
1892 1230
1892 1229
1887 1229
1887 1227
1885 1227
1885 1226
1883 1226
1883 1225
1880 1225
1880 1224
1879 1224
1879 1223
1875 1223
1875 1224
1865 1224
1865 1223
1863 1223
1863 1222
1862 1222
1862 1221
1861 1221
1861 1220
1860 1220
1860 1219
1859 1219
1859 1218
1858 1218
1858 1217
1857 1217
1857 1216
1856 1216
1856 1215
1855 1215
1855 1214
1854 1214
1854 1213
1853 1213
1853 1212
1852 1212
1852 1211
1851 1211
1851 1210
1850 1210
1850 1209
1849 1209
1849 1208
1848 1208
1848 1207
1847 1207
1847 1206
1846 1206
1846 1205
1845 1205
1845 1204
1844 1204
1844 1203
1843 1203
1843 1202
1840 1202
1840 1201
1838 1201
1838 1200
1836 1200
1836 1199
1834 1199
1834 1198
1833 1198
1833 1197
1832 1197
1832 1196
1829 1196
1829 1195
1824 1195
1824 1194
1822 1194
1822 1193
1821 1193
1821 1192
1816 1192
1816 1191
1814 1191
1814 1190
1810 1190
1810 1189
1808 1189
1808 1188
1807 1188
1807 1187
1806 1187
1806 1186
1801 1186
1801 1185
1797 1185
1797 1184
1795 1184
1795 1183
1793 1183
1793 1182
1792 1182
1792 1181
1791 1181
1791 1178
1790 1178
1790 1176
1789 1176
1789 1172
1788 1172
1788 1167
1787 1167
1787 1165
1786 1165
1786 1163
1785 1163
1785 1162
1784 1162
1784 1161
1783 1161
1783 1159
1781 1159
1781 1158
1780 1158
1780 1157
1778 1157
1778 1156
1776 1156
1776 1155
1766 1155
1766 1154
1764 1154
1764 1153
1761 1153
1761 1152
1758 1152
1758 1151
1756 1151
1756 1150
1755 1150
1755 1149
1751 1149
1751 1148
1750 1148
1750 1147
1747 1147
1747 1146
1740 1146
1740 1145
1739 1145
1739 1144
1737 1144
1737 1143
1736 1143
1736 1142
1735 1142
1735 1141
1734 1141
1734 1140
1732 1140
1732 1139
1728 1139
1728 1138
1727 1138
1727 1137
1721 1137
1721 1136
1719 1136
1719 1135
1714 1135
1714 1134
1708 1134
1708 1135
1706 1135
1706 1136
1705 1136
1705 1137
1704 1137
1704 1138
1702 1138
1702 1140
1701 1140
1701 1141
1700 1141
1700 1142
1699 1142
1699 1143
1698 1143
1698 1144
1696 1144
1696 1145
1694 1145
1694 1146
1684 1146
1684 1145
1683 1145
1683 1144
1681 1144
1681 1143
1680 1143
1680 1142
1679 1142
1679 1141
1678 1141
1678 1140
1677 1140
1677 1139
1676 1139
1676 1138
1675 1138
1675 1137
1674 1137
1674 1135
1673 1135
1673 1134
1672 1134
1672 1132
1671 1132
1671 1128
1670 1128
1670 1127
1668 1127
1668 1125
1667 1125
1667 1124
1665 1124
1665 1123
1663 1123
1663 1122
1659 1122
1659 1121
1650 1121
1650 1120
1645 1120
1645 1119
1640 1119
1640 1118
1633 1118
1633 1117
1620 1117
1620 1116
1615 1116
1615 1115
1609 1115
1609 1114
1602 1114
1602 1113
1601 1113
1601 1112
1598 1112
1598 1111
1596 1111
1596 1110
1595 1110
1595 1109
1594 1109
1594 1107
1593 1107
1593 1106
1592 1106
1592 1105
1591 1105
1591 1104
1590 1104
1590 1103
1589 1103
1589 1102
1588 1102
1588 1100
1587 1100
1587 1097
1586 1097
1586 1090
1585 1090
1585 1081
1584 1081
1584 1067
1583 1067
1583 1051
1578 1051
1578 1050
1570 1050
1570 1049
1567 1049
1567 1048
1561 1048
1561 1047
1559 1047
1559 1046
1557 1046
1557 1044
1556 1044
1556 1043
1554 1043
1554 1042
1553 1042
1553 1041
1552 1041
1552 1040
1550 1040
1550 1039
1549 1039
1549 1038
1548 1038
1548 1037
1547 1037
1547 1036
1546 1036
1546 1035
1545 1035
1545 1034
1544 1034
1544 1032
1543 1032
1543 1031
1542 1031
1542 1030
1541 1030
1541 1029
1536 1029
1536 1028
1530 1028
1530 1029
1525 1029
1525 1028
1524 1028
1524 1027
1522 1027
1522 1026
1521 1026
1521 1025
1520 1025
1520 1023
1519 1023
1519 1021
1518 1021
1518 1020
1517 1020
1517 1018
1516 1018
1516 1017
1515 1017
1515 1015
1514 1015
1514 1014
1513 1014
1513 1012
1512 1012
1512 1011
1511 1011
1511 1009
1510 1009
1510 1008
1509 1008
1509 1007
1507 1007
1507 1006
1505 1006
1505 1005
1504 1005
1504 1006
1497 1006
1497 1005
1496 1005
1496 1002
1495 1002
1495 1000
1494 1000
1494 999
1493 999
1493 998
1490 998
1490 997
1486 997
1486 994
1485 994
1485 992
1484 992
1484 987
1483 987
1483 981
1482 981
1482 978
1481 978
1481 973
1480 973
1480 972
1479 972
1479 971
1477 971
1477 970
1460 970
1460 971
1446 971
1446 972
1443 972
1443 971
1435 971
1435 970
1432 970
1432 969
1430 969
1430 968
1421 968
1421 967
1420 967
1420 965
1419 965
1419 959
1418 959
1418 956
1417 956
1417 953
1416 953
1416 950
1415 950
1415 948
1413 948
1413 947
1412 947
1412 946
1409 946
1409 945
1407 945
1407 944
1406 944
1406 943
1404 943
1404 942
1401 942
1401 941
1400 941
1400 940
1396 940
1396 939
1392 939
1392 938
1391 938
1391 937
1389 937
1389 936
1388 936
1388 935
1387 935
1387 934
1376 934
1376 933
1372 933
1372 934
1369 934
1369 935
1363 935
1363 934
1361 934
1361 933
1356 933
1356 932
1354 932
1354 931
1353 931
1353 930
1352 930
1352 929
1351 929
1351 928
1350 928
1350 927
1349 927
1349 926
1348 926
1348 925
1347 925
1347 924
1346 924
1346 923
1344 923
1344 922
1342 922
1342 921
1341 921
1341 920
1340 920
1340 919
1339 919
1339 918
1337 918
1337 917
1335 917
1335 916
1334 916
1334 915
1332 915
1332 914
1331 914
1331 913
1327 913
1327 912
1325 912
1325 911
1324 911
1324 910
1323 910
1323 908
1322 908
1322 906
1321 906
1321 904
1320 904
1320 902
1319 902
1319 900
1318 900
1318 899
1315 899
1315 900
1312 900
1312 899
1311 899
1311 898
1310 898
1310 897
1309 897
1309 895
1308 895
1308 892
1307 892
1307 890
1306 890
1306 887
1305 887
1305 883
1303 883
1303 882
1301 882
1301 881
1297 881
1297 880
1296 880
1296 879
1295 879
1295 877
1294 877
1294 874
1293 874
1293 871
1292 871
1292 870
1291 870
1291 869
1289 869
1289 868
1288 868
1288 867
1278 867
1278 866
1277 866
1277 865
1273 865
1273 864
1272 864
1272 862
1271 862
1271 861
1270 861
1270 860
1269 860
1269 858
1268 858
1268 854
1267 854
1267 846
1266 846
1266 845
1265 845
1265 844
1261 844
1261 843
1260 843
1260 842
1258 842
1258 841
1257 841
1257 840
1256 840
1256 836
1255 836
1255 834
1254 834
1254 815
1253 815
1253 797
1252 797
1252 794
1248 794
1248 793
1243 793
1243 792
1242 792
1242 791
1241 791
1241 790
1240 790
1240 789
1239 789
1239 787
1238 787
1238 786
1237 786
1237 770
1236 770
1236 759
1235 759
1235 754
1234 754
1234 753
1233 753
1233 752
1231 752
1231 751
1230 751
1230 750
1227 750
1227 749
1226 749
1226 748
1224 748
1224 747
1218 747
1218 746
1217 746
1217 745
1213 745
1213 746
1210 746
1210 745
1208 745
1208 744
1201 744
1201 743
1196 743
1196 742
1195 742
1195 741
1194 741
1194 740
1193 740
1193 739
1192 739
1192 737
1191 737
1191 733
1190 733
1190 729
1189 729
1189 707
1188 707
1188 701
1187 701
1187 682
1186 682
1186 675
1185 675
1185 659
1184 659
1184 656
1179 656
1179 655
1177 655
1177 654
1176 654
1176 652
1174 652
1174 651
1173 651
1173 648
1172 648
1172 644
1171 644
1171 637
1170 637
1170 636
1168 636
1168 635
1166 635
1166 634
1164 634
1164 633
1163 633
1163 632
1162 632
1162 631
1161 631
1161 630
1160 630
1160 627
1159 627
1159 617
1158 617
1158 612
1157 612
1157 603
1156 603
1156 601
1155 601
1155 600
1154 600
1154 599
1149 599
1149 598
1148 598
1148 596
1146 596
1146 595
1145 595
1145 593
1144 593
1144 591
1143 591
1143 590
1142 590
1142 589
1139 589
1139 588
1136 588
1136 587
1135 587
1135 586
1134 586
1134 585
1133 585
1133 582
1132 582
1132 580
1131 580
1131 578
1128 578
1128 577
1124 577
1124 576
1122 576
1122 575
1121 575
1121 573
1120 573
1120 572
1119 572
1119 571
1118 571
1118 570
1117 570
1117 569
1114 569
1114 568
1113 568
1113 567
1110 567
1110 566
1108 566
1108 565
1106 565
1106 564
1102 564
1102 563
1100 563
1100 562
1099 562
1099 561
1095 561
1095 560
1094 560
1094 559
1093 559
1093 545
1092 545
1092 542
1091 542
1091 539
1090 539
1090 538
1089 538
1089 537
1088 537
1088 535
1087 535
1087 533
1081 533
1081 527
1080 527
1080 525
1079 525
1079 524
1078 524
1078 514
1079 514
1079 524
1080 524
1080 525
1081 525
1081 527
1082 527
1082 532
1088 532
1088 535
1089 535
1089 537
1090 537
1090 538
1091 538
1091 539
1092 539
1092 542
1093 542
1093 545
1094 545
1094 559
1095 559
1095 560
1099 560
1099 561
1100 561
1100 562
1102 562
1102 563
1106 563
1106 564
1108 564
1108 565
1110 565
1110 566
1113 566
1113 567
1114 567
1114 568
1117 568
1117 569
1118 569
1118 570
1119 570
1119 571
1120 571
1120 572
1121 572
1121 573
1122 573
1122 575
1124 575
1124 576
1128 576
1128 577
1131 577
1131 578
1132 578
1132 580
1133 580
1133 582
1134 582
1134 585
1135 585
1135 586
1136 586
1136 587
1139 587
1139 588
1142 588
1142 589
1143 589
1143 590
1144 590
1144 591
1145 591
1145 593
1146 593
1146 595
1148 595
1148 596
1149 596
1149 598
1154 598
1154 599
1155 599
1155 600
1156 600
1156 601
1157 601
1157 603
1158 603
1158 612
1159 612
1159 617
1160 617
1160 627
1161 627
1161 630
1162 630
1162 631
1163 631
1163 632
1164 632
1164 633
1166 633
1166 634
1168 634
1168 635
1170 635
1170 636
1171 636
1171 637
1172 637
1172 644
1173 644
1173 648
1174 648
1174 651
1177 651
1177 654
1179 654
1179 655
1184 655
1184 656
1185 656
1185 659
1186 659
1186 675
1187 675
1187 682
1188 682
1188 701
1189 701
1189 707
1190 707
1190 729
1191 729
1191 733
1192 733
1192 737
1193 737
1193 739
1194 739
1194 740
1195 740
1195 741
1196 741
1196 742
1201 742
1201 743
1208 743
1208 744
1210 744
1210 745
1213 745
1213 744
1217 744
1217 745
1218 745
1218 746
1224 746
1224 747
1226 747
1226 748
1227 748
1227 749
1230 749
1230 750
1231 750
1231 751
1233 751
1233 752
1234 752
1234 753
1235 753
1235 754
1236 754
1236 759
1237 759
1237 770
1238 770
1238 786
1239 786
1239 787
1240 787
1240 789
1241 789
1241 790
1242 790
1242 791
1243 791
1243 792
1248 792
1248 793
1252 793
1252 794
1253 794
1253 797
1254 797
1254 815
1255 815
1255 834
1256 834
1256 836
1257 836
1257 840
1258 840
1258 841
1260 841
1260 842
1261 842
1261 843
1265 843
1265 844
1266 844
1266 845
1267 845
1267 846
1268 846
1268 854
1269 854
1269 858
1270 858
1270 860
1271 860
1271 861
1272 861
1272 862
1273 862
1273 864
1277 864
1277 865
1278 865
1278 866
1288 866
1288 867
1289 867
1289 868
1291 868
1291 869
1292 869
1292 870
1293 870
1293 871
1294 871
1294 874
1295 874
1295 877
1296 877
1296 879
1297 879
1297 880
1301 880
1301 881
1303 881
1303 882
1305 882
1305 883
1306 883
1306 887
1307 887
1307 890
1308 890
1308 892
1309 892
1309 895
1310 895
1310 897
1311 897
1311 898
1312 898
1312 899
1315 899
1315 898
1318 898
1318 899
1319 899
1319 900
1320 900
1320 902
1321 902
1321 904
1322 904
1322 906
1323 906
1323 908
1324 908
1324 910
1325 910
1325 911
1327 911
1327 912
1331 912
1331 913
1332 913
1332 914
1334 914
1334 915
1335 915
1335 916
1337 916
1337 917
1339 917
1339 918
1340 918
1340 919
1341 919
1341 920
1342 920
1342 921
1344 921
1344 922
1346 922
1346 923
1347 923
1347 924
1348 924
1348 925
1349 925
1349 926
1350 926
1350 927
1351 927
1351 928
1352 928
1352 929
1353 929
1353 930
1354 930
1354 931
1356 931
1356 932
1361 932
1361 933
1363 933
1363 934
1369 934
1369 933
1372 933
1372 932
1376 932
1376 933
1387 933
1387 934
1388 934
1388 935
1389 935
1389 936
1391 936
1391 937
1392 937
1392 938
1396 938
1396 939
1400 939
1400 940
1401 940
1401 941
1404 941
1404 942
1406 942
1406 943
1407 943
1407 944
1409 944
1409 945
1412 945
1412 946
1413 946
1413 947
1415 947
1415 948
1416 948
1416 950
1417 950
1417 953
1418 953
1418 956
1419 956
1419 959
1420 959
1420 965
1421 965
1421 967
1430 967
1430 968
1432 968
1432 969
1435 969
1435 970
1443 970
1443 971
1446 971
1446 970
1460 970
1460 969
1477 969
1477 970
1479 970
1479 971
1480 971
1480 972
1481 972
1481 973
1482 973
1482 978
1483 978
1483 981
1484 981
1484 987
1485 987
1485 992
1486 992
1486 994
1487 994
1487 996
1490 996
1490 997
1493 997
1493 998
1494 998
1494 999
1495 999
1495 1000
1496 1000
1496 1002
1497 1002
1497 1005
1504 1005
1504 1004
1505 1004
1505 1005
1507 1005
1507 1006
1509 1006
1509 1007
1510 1007
1510 1008
1511 1008
1511 1009
1512 1009
1512 1011
1513 1011
1513 1012
1514 1012
1514 1014
1515 1014
1515 1015
1516 1015
1516 1017
1517 1017
1517 1018
1518 1018
1518 1020
1519 1020
1519 1021
1520 1021
1520 1023
1521 1023
1521 1025
1522 1025
1522 1026
1524 1026
1524 1027
1525 1027
1525 1028
1530 1028
1530 1027
1536 1027
1536 1028
1541 1028
1541 1029
1542 1029
1542 1030
1543 1030
1543 1031
1544 1031
1544 1032
1545 1032
1545 1034
1546 1034
1546 1035
1547 1035
1547 1036
1548 1036
1548 1037
1549 1037
1549 1038
1550 1038
1550 1039
1552 1039
1552 1040
1553 1040
1553 1041
1554 1041
1554 1042
1556 1042
1556 1043
1557 1043
1557 1044
1558 1044
1558 1045
1559 1045
1559 1046
1561 1046
1561 1047
1567 1047
1567 1048
1570 1048
1570 1049
1578 1049
1578 1050
1583 1050
1583 1051
1584 1051
1584 1067
1585 1067
1585 1081
1586 1081
1586 1090
1587 1090
1587 1097
1588 1097
1588 1100
1589 1100
1589 1102
1590 1102
1590 1103
1591 1103
1591 1104
1593 1104
1593 1106
1594 1106
1594 1107
1595 1107
1595 1109
1596 1109
1596 1110
1598 1110
1598 1111
1601 1111
1601 1112
1602 1112
1602 1113
1609 1113
1609 1114
1615 1114
1615 1115
1620 1115
1620 1116
1633 1116
1633 1117
1640 1117
1640 1118
1645 1118
1645 1119
1650 1119
1650 1120
1659 1120
1659 1121
1663 1121
1663 1122
1665 1122
1665 1123
1667 1123
1667 1124
1668 1124
1668 1125
1669 1125
1669 1126
1670 1126
1670 1127
1672 1127
1672 1132
1673 1132
1673 1134
1674 1134
1674 1135
1675 1135
1675 1137
1676 1137
1676 1138
1677 1138
1677 1139
1678 1139
1678 1140
1679 1140
1679 1141
1680 1141
1680 1142
1681 1142
1681 1143
1683 1143
1683 1144
1684 1144
1684 1145
1694 1145
1694 1144
1696 1144
1696 1143
1698 1143
1698 1142
1699 1142
1699 1141
1700 1141
1700 1140
1701 1140
1701 1138
1702 1138
1702 1137
1704 1137
1704 1136
1705 1136
1705 1135
1706 1135
1706 1134
1708 1134
1708 1133
1714 1133
1714 1134
1719 1134
1719 1135
1721 1135
1721 1136
1727 1136
1727 1137
1728 1137
1728 1138
1732 1138
1732 1139
1734 1139
1734 1140
1735 1140
1735 1141
1736 1141
1736 1142
1737 1142
1737 1143
1739 1143
1739 1144
1740 1144
1740 1145
1747 1145
1747 1146
1750 1146
1750 1147
1751 1147
1751 1148
1755 1148
1755 1149
1756 1149
1756 1150
1758 1150
1758 1151
1761 1151
1761 1152
1764 1152
1764 1153
1766 1153
1766 1154
1776 1154
1776 1155
1778 1155
1778 1156
1780 1156
1780 1157
1781 1157
1781 1158
1783 1158
1783 1159
1784 1159
1784 1161
1785 1161
1785 1162
1786 1162
1786 1163
1787 1163
1787 1165
1788 1165
1788 1167
1789 1167
1789 1172
1790 1172
1790 1176
1791 1176
1791 1178
1792 1178
1792 1181
1793 1181
1793 1182
1795 1182
1795 1183
1797 1183
1797 1184
1801 1184
1801 1185
1806 1185
1806 1186
1807 1186
1807 1187
1808 1187
1808 1188
1810 1188
1810 1189
1814 1189
1814 1190
1816 1190
1816 1191
1821 1191
1821 1192
1822 1192
1822 1193
1824 1193
1824 1194
1829 1194
1829 1195
1832 1195
1832 1196
1833 1196
1833 1197
1834 1197
1834 1198
1836 1198
1836 1199
1838 1199
1838 1200
1840 1200
1840 1201
1843 1201
1843 1202
1844 1202
1844 1203
1845 1203
1845 1204
1846 1204
1846 1205
1847 1205
1847 1206
1848 1206
1848 1207
1849 1207
1849 1208
1850 1208
1850 1209
1851 1209
1851 1210
1852 1210
1852 1211
1853 1211
1853 1212
1854 1212
1854 1213
1855 1213
1855 1214
1856 1214
1856 1215
1857 1215
1857 1216
1858 1216
1858 1217
1859 1217
1859 1218
1860 1218
1860 1219
1861 1219
1861 1220
1862 1220
1862 1221
1863 1221
1863 1222
1865 1222
1865 1223
1875 1223
1875 1222
1879 1222
1879 1223
1880 1223
1880 1224
1883 1224
1883 1225
1885 1225
1885 1226
1887 1226
1887 1227
1888 1227
1888 1228
1892 1228
1892 1229
1897 1229
1897 1230
1906 1230
1906 1231
1918 1231
1918 1230
1919 1230
1919 1231
1920 1231
1920 1232
1923 1232
1923 1233
1927 1233
1927 1234
1928 1234
1928 1235
1929 1235
1929 1236
1930 1236
1930 1237
1931 1237
1931 1238
1932 1238
1932 1239
1933 1239
1933 1240
1935 1240
1935 1241
1937 1241
1937 1242
1942 1242
1942 1243
1957 1243
1957 1244
1958 1244
1958 1245
1959 1245
1959 1246
1963 1246
1963 1247
1969 1247
1969 1246
1970 1246
1970 1245
1975 1245
1975 1246
1978 1246
1978 1247
1980 1247
1980 1248
1982 1248
1982 1249
1983 1249
1983 1250
1984 1250
1984 1251
1985 1251
1985 1252
1986 1252
1986 1253
1992 1253
1992 1254
1997 1254
1997 1253
2006 1253
2006 1252
2010 1252
2010 1251
2012 1251
2012 1252
2019 1252
2019 1251
2024 1251
2024 1250
2025 1250
2025 1251
2047 1251
2047 1250
2048 1250
2048 1249
2049 1249
2049 1248
2056 1248
2056 1247
2068 1247
2068 1248
2078 1248
2078 1247
2079 1247
2079 1246
2081 1246
2081 1245
2083 1245
2083 1244
2084 1244
2084 1243
2085 1243
2085 1242
2088 1242
2088 1241
2090 1241
2090 1240
2098 1240
2098 1239
2104 1239
2104 1238
2106 1238
2106 1237
2108 1237
2108 1236
2114 1236
2114 1235
2115 1235
2115 1234
2116 1234
2116 1232
2115 1232
2115 1226
2116 1226
2116 1221
2117 1221
2117 1220
2118 1220
2118 1219
2119 1219
2119 1218
2120 1218
2120 1217
2121 1217
2121 1216
2122 1216
2122 1215
2130 1215
2130 1216
2146 1216
2146 1217
2151 1217
2151 1218
2166 1218
2166 1219
2172 1219
2172 1220
2186 1220
2186 1221
2187 1221
2187 1220
2194 1220
2194 1221
2205 1221
2205 1222
2207 1222
2207 1223
2208 1223
2208 1224
2210 1224
2210 1223
2212 1223
2212 1224
2218 1224
2218 1223
2223 1223
2223 1222
2224 1222
2224 1220
2225 1220
2225 1219
2227 1219
2227 1218
2229 1218
2229 1217
2231 1217
2231 1216
2233 1216
2233 1215
2236 1215
2236 1214
2239 1214
2239 1213
2240 1213
2240 1212
2241 1212
2241 1210
2242 1210
2242 1209
2246 1209
2246 1210
2248 1210
2248 1211
2252 1211
2252 1210
2255 1210
2255 1209
2258 1209
2258 1206
2259 1206
2259 1205
2261 1205
2261 1203
2262 1203
2262 1202
2263 1202
2263 1199
2264 1199
2264 1197
2265 1197
2265 1196
2266 1196
2266 1195
2267 1195
2267 1191
2268 1191
2268 1182
2269 1182
2269 1163
2270 1163
2270 1162
2272 1162
2272 1161
2277 1161
2277 1162
2283 1162
2283 1163
2285 1163
2285 1162
2299 1162
2299 1163
2312 1163
2312 1162
2313 1162
2313 1161
2315 1161
2315 1160
2316 1160
2316 1161
2325 1161
2325 1160
2326 1160
2326 1159
2327 1159
2327 1158
2328 1158
2328 1157
2329 1157
2329 1156
2330 1156
2330 1155
2333 1155
2333 1154
2334 1154
2334 1153
2336 1153
2336 1152
2340 1152
2340 1151
2341 1151
2341 1150
2344 1150
2344 1149
2347 1149
2347 1148
2348 1148
2348 1147
2349 1147
2349 1146
2353 1146
2353 1145
2355 1145
2355 1144
2356 1144
2356 1143
2360 1143
2360 1142
2371 1142
2371 1143
2373 1143
2373 1141
2374 1141
2374 1140
2375 1140
2375 1139
2377 1139
2377 1138
2378 1138
2378 1137
2379 1137
2379 1136
2381 1136
2381 1135
2384 1135
2384 1134
2385 1134
2385 1133
2387 1133
2387 1132
2391 1132
2391 1131
2394 1131
2394 1130
2395 1130
2395 1129
2396 1129
2396 1128
2397 1128
2397 1127
2398 1127
2398 1126
2399 1126
2399 1123
2400 1123
2400 1122
2402 1122
2402 1121
2403 1121
2403 1120
2404 1120
2404 1119
2407 1119
2407 1118
2409 1118
2409 1117
2411 1117
2411 1115
2412 1115
2412 1113
2413 1113
2413 1112
2414 1112
2414 1111
2415 1111
2415 1110
2416 1110
2416 1107
2417 1107
2417 1106
2418 1106
2418 1105
2419 1105
2419 1104
2420 1104
2420 1103
2421 1103
2421 1101
2422 1101
2422 1100
2423 1100
2423 1099
2424 1099
2424 1098
2425 1098
2425 1097
2426 1097
2426 1091
2427 1091
2427 1090
2428 1090
2428 1089
2429 1089
2429 1088
2431 1088
2431 1087
2432 1087
2432 1086
2433 1086
2433 1084
2434 1084
2434 1083
2436 1083
2436 1082
2437 1082
2437 1081
2440 1081
2440 1080
2442 1080
2442 1079
2443 1079
2443 1078
2447 1078
2447 1077
2452 1077
2452 1076
2455 1076
2455 1075
2464 1075
2464 1074
2466 1074
2466 1073
2467 1073
2467 1072
2468 1072
2468 1071
2479 1071
2479 1070
2480 1070
2480 1069
2482 1069
2482 1068
2483 1068
2483 1067
2484 1067
2484 1066
2486 1066
2486 1065
2490 1065
2490 1066
2493 1066
2493 1065
2494 1065
2494 1064
2495 1064
2495 1063
2503 1063
2503 1062
2504 1062
2504 1061
2505 1061
2505 1060
2510 1060
2510 1061
2511 1061
2511 1060
2513 1060
2513 1059
2516 1059
2516 1058
2517 1058
2517 1057
2524 1057
2524 1058
2528 1058
2528 1057
2529 1057
2529 1056
2530 1056
2530 1055
2531 1055
2531 1054
2539 1054
2539 1053
2542 1053
2542 1052
2543 1052
2543 1051
2544 1051
2544 1049
2545 1049
2545 1048
2546 1048
2546 1046
2545 1046
2545 1043
2546 1043
2546 1040
2547 1040
2547 1035
2548 1035
2548 1032
2549 1032
2549 1031
2550 1031
2550 1030
2551 1030
2551 1029
2554 1029
2554 1028
2555 1028
2555 1027
2556 1027
2556 1026
2557 1026
2557 1025
2558 1025
2558 1024
2559 1024
2559 1023
2560 1023
2560 1022
2561 1022
2561 1020
2562 1020
2562 1019
2563 1019
2563 1018
2564 1018
2564 1017
2565 1017
2565 1016
2567 1016
2567 1015
2568 1015
2568 1014
2569 1014
2569 1013
2570 1013
2570 1012
2572 1012
2572 1011
2582 1011
2582 1010
2586 1010
2586 1011
2587 1011
2587 1012
2595 1012
2595 1011
2603 1011
2603 1010
2604 1010
2604 1009
2605 1009
2605 1008
2606 1008
2606 1007
2607 1007
2607 1006
2609 1006
2609 1005
2610 1005
2610 1004
2613 1004
2613 1003
2616 1003
2616 1002
2617 1002
2617 1001
2620 1001
2620 1000
2622 1000
2622 999
2623 999
2623 998
2624 998
2624 997
2625 997
2625 996
2631 996
2631 995
2638 995
2638 994
2640 994
2640 993
2646 993
2646 992
2648 992
2648 991
2649 991
2649 990
2650 990
2650 989
2651 989
2651 988
2654 988
2654 987
2655 987
2655 986
2656 986
2656 985
2658 985
2658 984
2660 984
2660 983
2662 983
2662 982
2663 982
2663 981
2665 981
2665 980
2666 980
2666 979
2667 979
2667 978
2668 978
2668 977
2675 977
2675 976
2677 976
2677 975
2679 975
2679 974
2682 974
2682 973
2684 973
2684 971
2685 971
2685 970
2687 970
2687 969
2688 969
2688 968
2689 968
2689 967
2692 967
2692 965
2694 965
2694 964
2697 964
2697 963
2698 963
2698 962
2700 962
2700 961
2701 961
2701 960
2702 960
2702 959
2703 959
2703 958
2704 958
2704 957
2705 957
2705 956
2706 956
2706 955
2707 955
2707 954
2708 954
2708 953
2713 953
2713 952
2714 952
2714 951
2715 951
2715 950
2716 950
2716 949
2717 949
2717 947
2718 947
2718 946
2719 946
2719 945
2721 945
2721 943
2726 943
2726 942
2728 942
2728 941
2730 941
2730 940
2732 940
2732 939
2733 939
2733 938
2734 938
2734 937
2735 937
2735 936
2736 936
2736 935
2738 935
2738 932
2739 932
2739 931
2740 931
2740 930
2744 930
2744 929
2746 929
2746 928
2748 928
2748 927
2750 927
2750 926
2752 926
2752 925
2754 925
2754 923
2758 923
2758 922
2760 922
2760 921
2761 921
2761 920
2763 920
2763 919
2764 919
2764 918
2766 918
2766 917
2768 917
2768 916
2771 916
2771 915
2772 915
2772 914
2773 914
2773 913
2775 913
2775 912
2777 912
2777 911
2780 911
2780 909
2784 909
2784 907
2785 907
2785 906
2787 906
2787 905
2790 905
2790 904
2792 904
2792 903
2793 903
2793 902
2794 902
2794 901
2795 901
2795 900
2797 900
2797 899
2798 899
2798 898
2799 898
2799 897
2800 897
2800 896
2801 896
2801 895
2802 895
2802 893
2803 893
2803 890
2804 890
2804 889
2805 889
2805 886
2806 886
2806 885
2810 885
2810 884
2811 884
2811 883
2812 883
2812 881
2815 881
2815 880
2816 880
2816 879
2817 879
2817 876
2818 876
2818 869
2819 869
2819 863
2820 863
2820 858
2821 858
2821 847
2822 847
2822 844
2821 844
2821 840
2822 840
2822 838
2823 838
2823 837
2824 837
2824 836
2825 836
2825 834
2826 834
2826 833
2828 833
2828 832
2829 832
2829 830
2832 830
2832 828
2833 828
2833 827
2834 827
2834 826
2835 826
2835 825
2836 825
2836 824
2837 824
2837 821
2838 821
2838 819
2839 819
2839 818
2841 818
2841 817
2848 817
2848 818
2850 818
2850 819
2851 819
2851 820
2852 820
2852 821
2853 821
2853 823
2854 823
2854 824
2856 824
2856 823
2862 823
2862 822
2867 822
2867 821
2870 821
2870 820
2874 820
2874 819
2877 819
2877 818
2879 818
2879 817
2883 817
2883 816
2884 816
2884 812
2885 812
2885 808
2886 808
2886 806
2887 806
2887 803
2888 803
2888 798
2889 798
2889 790
2890 790
2890 774
2891 774
2891 768
2892 768
2892 763
2893 763
2893 758
2894 758
2894 748
2895 748
2895 739
2896 739
2896 737
2897 737
2897 728
2898 728
2898 722
2899 722
2899 719
2901 719
2901 718
2903 718
2903 717
2904 717
2904 716
2906 716
2906 715
2907 715
2907 714
2908 714
2908 713
2909 713
2909 711
2910 711
2910 710
2911 710
2911 703
2912 703
2912 699
2913 699
2913 688
2914 688
2914 679
2915 679
2915 669
2916 669
2916 659
2917 659
2917 651
2918 651
2918 636
2919 636
2919 632
2920 632
2920 622
2921 622
2921 617
2922 617
2922 606
2923 606
2923 603
2924 603
2924 598
2925 598
2925 590
2926 590
2926 581
2927 581
2927 574
2928 574
2928 563
2929 563
2929 562
2934 562
2934 561
2939 561
2939 560
2946 560
2946 559
2947 559
2947 557
2955 557
2955 556
2962 556
2962 557
2964 557
2964 558
2965 558
2965 559
2967 559
2967 558
2972 558
2972 559
2967 559
2967 560
2965 560
2965 559
2964 559
2964 558
2962 558
2962 557
2955 557
2955 558
2948 558
2948 559
2947 559
2947 561
2939 561
2939 562
2934 562
2934 563
2929 563
2929 574
2928 574
2928 581
2927 581
2927 590
2926 590
2926 598
2925 598
2925 603
2924 603
2924 606
2923 606
2923 617
2922 617
2922 622
2921 622
2921 632
2920 632
2920 636
2919 636
2919 651
2918 651
2918 659
2917 659
2917 669
2916 669
2916 679
2915 679
2915 688
2914 688
2914 699
2913 699
2913 703
2912 703
2912 710
2911 710
2911 711
2910 711
2910 713
2909 713
2909 714
2908 714
2908 715
2907 715
2907 716
2906 716
2906 717
2904 717
2904 718
2903 718
2903 719
2901 719
2901 720
2900 720
2900 722
2899 722
2899 728
2898 728
2898 737
2897 737
2897 739
2896 739
2896 748
2895 748
2895 758
2894 758
2894 763
2893 763
2893 768
2892 768
2892 774
2891 774
2891 790
2890 790
2890 798
2889 798
2889 803
2888 803
2888 806
2887 806
2887 808
2886 808
2886 813
2885 813
2885 816
2884 816
2884 817
2883 817
2883 818
2879 818
2879 819
2877 819
2877 820
2874 820
2874 821
2870 821
2870 822
2867 822
2867 823
2862 823
2862 824
2856 824
2856 825
2854 825
2854 824
2853 824
2853 823
2852 823
2852 821
2851 821
2851 820
2850 820
2850 819
2848 819
2848 818
2841 818
2841 819
2839 819
2839 821
2838 821
2838 824
2837 824
2837 825
2836 825
2836 826
2835 826
2835 827
2834 827
2834 828
2833 828
2833 830
2832 830
2832 831
2830 831
2830 832
2829 832
2829 833
2828 833
2828 834
2826 834
2826 836
2825 836
2825 837
2824 837
2824 838
2823 838
2823 840
2822 840
2822 844
2823 844
2823 847
2822 847
2822 858
2821 858
2821 863
2820 863
2820 869
2819 869
2819 876
2818 876
2818 879
2817 879
2817 880
2816 880
2816 881
2815 881
2815 882
2813 882
2813 883
2812 883
2812 884
2811 884
2811 885
2810 885
2810 886
2806 886
