1954 1151
1953 1151
1953 1155
1952 1155
1952 1157
1951 1157
1951 1158
1950 1158
1950 1159
1949 1159
1949 1160
1948 1160
1948 1162
1947 1162
1947 1163
1945 1163
1945 1164
1943 1164
1943 1165
1941 1165
1941 1166
1940 1166
1940 1167
1938 1167
1938 1168
1936 1168
1936 1169
1935 1169
1935 1170
1934 1170
1934 1171
1933 1171
1933 1172
1931 1172
1931 1173
1930 1173
1930 1174
1928 1174
1928 1175
1927 1175
1927 1176
1926 1176
1926 1177
1925 1177
1925 1178
1924 1178
1924 1179
1923 1179
1923 1181
1922 1181
1922 1182
1919 1182
1919 1183
1916 1183
1916 1184
1915 1184
1915 1185
1913 1185
1913 1186
1912 1186
1912 1187
1909 1187
1909 1188
1903 1188
1903 1189
1897 1189
1897 1188
1895 1188
1895 1187
1892 1187
1892 1186
1889 1186
1889 1185
1887 1185
1887 1184
1885 1184
1885 1183
1884 1183
1884 1182
1883 1182
1883 1181
1882 1181
1882 1180
1881 1180
1881 1179
1880 1179
1880 1178
1879 1178
1879 1177
1878 1177
1878 1176
1876 1176
1876 1175
1875 1175
1875 1174
1873 1174
1873 1173
1870 1173
1870 1172
1869 1172
1869 1171
1867 1171
1867 1170
1861 1170
1861 1169
1856 1169
1856 1168
1843 1168
1843 1169
1841 1169
1841 1170
1839 1170
1839 1171
1838 1171
1838 1172
1837 1172
1837 1173
1836 1173
1836 1174
1835 1174
1835 1176
1834 1176
1834 1185
1835 1185
1835 1190
1836 1190
1836 1195
1837 1195
1837 1200
1836 1200
1836 1203
1835 1203
1835 1206
1834 1206
1834 1208
1833 1208
1833 1209
1832 1209
1832 1210
1831 1210
1831 1211
1830 1211
1830 1212
1828 1212
1828 1213
1826 1213
1826 1214
1823 1214
1823 1215
1820 1215
1820 1216
1818 1216
1818 1217
1815 1217
1815 1218
1809 1218
1809 1219
1794 1219
1794 1220
1779 1220
1779 1221
1775 1221
1775 1222
1771 1222
1771 1223
1770 1223
1770 1224
1766 1224
1766 1225
1762 1225
1762 1226
1759 1226
1759 1227
1757 1227
1757 1228
1755 1228
1755 1229
1754 1229
1754 1230
1753 1230
1753 1231
1742 1231
1742 1230
1741 1230
1741 1229
1739 1229
1739 1228
1737 1228
1737 1227
1734 1227
1734 1226
1733 1226
1733 1225
1732 1225
1732 1223
1731 1223
1731 1222
1730 1222
1730 1220
1729 1220
1729 1219
1728 1219
1728 1217
1727 1217
1727 1215
1726 1215
1726 1211
1725 1211
1725 1203
1724 1203
1724 1201
1723 1201
1723 1200
1722 1200
1722 1198
1721 1198
1721 1197
1720 1197
1720 1196
1717 1196
1717 1195
1715 1195
1715 1194
1712 1194
1712 1193
1698 1193
1698 1194
1694 1194
1694 1195
1693 1195
1693 1196
1691 1196
1691 1197
1689 1197
1689 1199
1688 1199
1688 1200
1687 1200
1687 1201
1686 1201
1686 1202
1685 1202
1685 1203
1684 1203
1684 1204
1683 1204
1683 1206
1682 1206
1682 1207
1681 1207
1681 1209
1680 1209
1680 1212
1679 1212
1679 1214
1678 1214
1678 1215
1677 1215
1677 1216
1676 1216
1676 1217
1675 1217
1675 1218
1672 1218
1672 1219
1669 1219
1669 1220
1663 1220
1663 1219
1658 1219
1658 1220
1614 1220
1614 1219
1610 1219
1610 1220
1598 1220
1598 1221
1593 1221
1593 1222
1585 1222
1585 1221
1571 1221
1571 1220
1567 1220
1567 1219
1561 1219
1561 1218
1547 1218
1547 1217
1539 1217
1539 1216
1537 1216
1537 1215
1535 1215
1535 1214
1533 1214
1533 1213
1532 1213
1532 1212
1531 1212
1531 1210
1530 1210
1530 1209
1529 1209
1529 1207
1528 1207
1528 1203
1527 1203
1527 1198
1526 1198
1526 1195
1525 1195
1525 1187
1524 1187
1524 1182
1523 1182
1523 1180
1522 1180
1522 1176
1521 1176
1521 1174
1520 1174
1520 1172
1519 1172
1519 1171
1518 1171
1518 1170
1515 1170
1515 1169
1512 1169
1512 1168
1508 1168
1508 1167
1504 1167
1504 1168
1500 1168
1500 1169
1498 1169
1498 1170
1497 1170
1497 1171
1495 1171
1495 1172
1494 1172
1494 1175
1493 1175
1493 1176
1492 1176
1492 1178
1491 1178
1491 1180
1490 1180
1490 1184
1489 1184
1489 1185
1488 1185
1488 1186
1486 1186
1486 1187
1485 1187
1485 1188
1475 1188
1475 1189
1472 1189
1472 1191
1471 1191
1471 1195
1470 1195
1470 1197
1469 1197
1469 1200
1468 1200
1468 1201
1467 1201
1467 1202
1466 1202
1466 1203
1464 1203
1464 1204
1461 1204
1461 1205
1446 1205
1446 1206
1444 1206
1444 1205
1441 1205
1441 1204
1439 1204
1439 1203
1437 1203
1437 1202
1435 1202
1435 1201
1433 1201
1433 1200
1429 1200
1429 1199
1428 1199
1428 1198
1420 1198
1420 1199
1415 1199
1415 1198
1408 1198
1408 1197
1406 1197
1406 1196
1405 1196
1405 1195
1404 1195
1404 1194
1403 1194
1403 1193
1402 1193
1402 1192
1401 1192
1401 1191
1400 1191
1400 1190
1399 1190
1399 1189
1397 1189
1397 1188
1392 1188
1392 1187
1390 1187
1390 1186
1389 1186
1389 1185
1386 1185
1386 1184
1385 1184
1385 1183
1384 1183
1384 1182
1383 1182
1383 1181
1381 1181
1381 1180
1380 1180
1380 1179
1379 1179
1379 1178
1375 1178
1375 1177
1371 1177
1371 1176
1370 1176
1370 1175
1368 1175
1368 1174
1367 1174
1367 1173
1365 1173
1365 1172
1364 1172
1364 1171
1363 1171
1363 1170
1362 1170
1362 1169
1361 1169
1361 1168
1356 1168
1356 1169
1352 1169
1352 1170
1339 1170
1339 1171
1333 1171
1333 1172
1321 1172
1321 1173
1316 1173
1316 1172
1314 1172
1314 1171
1312 1171
1312 1170
1309 1170
1309 1169
1308 1169
1308 1168
1307 1168
1307 1167
1306 1167
1306 1166
1305 1166
1305 1165
1304 1165
1304 1162
1302 1162
1302 1161
1300 1161
1300 1160
1295 1160
1295 1159
1286 1159
1286 1158
1284 1158
1284 1157
1282 1157
1282 1156
1279 1156
1279 1155
1278 1155
1278 1154
1277 1154
1277 1151
1276 1151
1276 1150
1275 1150
1275 1148
1274 1148
1274 1146
1273 1146
1273 1145
1272 1145
1272 1144
1271 1144
1271 1142
1270 1142
1270 1141
1268 1141
1268 1140
1256 1140
1256 1139
1252 1139
1252 1138
1250 1138
1250 1137
1249 1137
1249 1136
1248 1136
1248 1135
1247 1135
1247 1133
1246 1133
1246 1132
1245 1132
1245 1131
1244 1131
1244 1130
1243 1130
1243 1129
1242 1129
1242 1128
1241 1128
1241 1127
1240 1127
1240 1126
1238 1126
1238 1125
1235 1125
1235 1124
1232 1124
1232 1123
1229 1123
1229 1122
1219 1122
1219 1121
1215 1121
1215 1120
1213 1120
1213 1119
1212 1119
1212 1118
1211 1118
1211 1113
1210 1113
1210 1108
1209 1108
1209 1105
1208 1105
1208 1101
1207 1101
1207 1100
1206 1100
1206 1099
1205 1099
1205 1098
1204 1098
1204 1097
1203 1097
1203 1096
1202 1096
1202 1095
1201 1095
1201 1090
1200 1090
1200 1087
1199 1087
1199 1086
1198 1086
1198 1085
1194 1085
1194 1091
1195 1091
1195 1093
1194 1093
1194 1096
1193 1096
1193 1097
1191 1097
1191 1098
1188 1098
1188 1099
1170 1099
1170 1098
1168 1098
1168 1097
1166 1097
1166 1096
1164 1096
1164 1095
1163 1095
1163 1094
1162 1094
1162 1080
1161 1080
1161 1079
1160 1079
1160 1078
1159 1078
1159 1077
1158 1077
1158 1076
1157 1076
1157 1074
1156 1074
1156 1073
1149 1073
1149 1072
1139 1072
1139 1073
1132 1073
1132 1072
1131 1072
1131 1071
1130 1071
1130 1069
1129 1069
1129 1068
1128 1068
1128 1067
1127 1067
1127 1066
1126 1066
1126 1065
1125 1065
1125 1063
1124 1063
1124 1062
1122 1062
1122 1061
1120 1061
1120 1060
1106 1060
1106 1059
1104 1059
1104 1058
1103 1058
1103 1057
1102 1057
1102 1056
1101 1056
1101 1054
1100 1054
1100 1052
1099 1052
1099 1047
1098 1047
1098 1045
1097 1045
1097 1044
1096 1044
1096 1043
1087 1043
1087 1042
1084 1042
1084 1041
1083 1041
1083 1040
1082 1040
1082 1039
1081 1039
1081 1038
1080 1038
1080 1037
1078 1037
1078 1036
1077 1036
1077 1035
1076 1035
1076 1034
1075 1034
1075 1027
1076 1027
1076 1026
1077 1026
1077 1024
1078 1024
1078 1011
1079 1011
1079 1004
1078 1004
1078 1002
1077 1002
1077 1000
1076 1000
1076 998
1075 998
1075 997
1074 997
1074 996
1073 996
1073 995
1067 995
1067 994
1063 994
1063 993
1062 993
1062 992
1061 992
1061 988
1060 988
1060 984
1059 984
1059 982
1058 982
1058 981
1056 981
1056 980
1055 980
1055 979
1054 979
1054 978
1053 978
1053 977
1052 977
1052 976
1047 976
1047 975
1045 975
1045 974
1041 974
1041 973
1039 973
1039 972
1038 972
1038 971
1037 971
1037 970
1036 970
1036 968
1035 968
1035 967
1034 967
1034 966
1033 966
1033 965
1031 965
1031 964
1030 964
1030 963
1029 963
1029 962
1027 962
1027 961
1026 961
1026 960
1024 960
1024 959
1023 959
1023 958
1021 958
1021 957
1019 957
1019 956
1015 956
1015 955
1009 955
1009 954
1002 954
1002 953
997 953
997 952
991 952
991 951
982 951
982 950
975 950
975 951
972 951
972 950
957 950
957 951
947 951
947 952
941 952
941 953
936 953
936 954
932 954
932 955
928 955
928 956
922 956
922 955
921 955
921 954
920 954
920 953
919 953
919 951
918 951
918 946
919 946
919 939
918 939
918 938
916 938
916 937
914 937
914 936
905 936
905 937
892 937
892 936
891 936
891 934
889 934
889 933
888 933
888 932
887 932
887 930
886 930
886 928
885 928
885 926
884 926
884 925
882 925
882 924
871 924
871 923
863 923
863 922
861 922
861 921
858 921
858 920
853 920
853 919
844 919
844 918
842 918
842 917
839 917
839 916
837 916
837 915
836 915
836 914
835 914
835 913
834 913
834 911
833 911
833 909
832 909
832 907
831 907
831 906
830 906
830 904
829 904
829 903
828 903
828 902
825 902
825 901
823 901
823 900
821 900
821 899
818 899
818 898
817 898
817 897
816 897
816 896
813 896
813 895
812 895
812 894
811 894
811 893
810 893
810 892
809 892
809 890
808 890
808 889
807 889
807 887
805 887
805 886
804 886
804 885
802 885
802 884
790 884
790 883
787 883
787 882
785 882
785 881
784 881
784 880
783 880
783 878
782 878
782 876
781 876
781 875
780 875
780 874
779 874
779 873
778 873
778 872
777 872
777 871
774 871
774 870
769 870
769 869
767 869
767 868
766 868
766 867
765 867
765 866
764 866
764 864
763 864
763 863
762 863
762 862
761 862
761 861
760 861
760 859
758 859
758 858
756 858
756 857
754 857
754 856
750 856
750 855
746 855
746 854
744 854
744 853
743 853
743 852
742 852
742 851
741 851
741 849
740 849
740 848
739 848
739 846
738 846
738 840
737 840
737 834
738 834
738 831
739 831
739 816
740 816
740 814
739 814
739 804
740 804
740 797
739 797
739 794
738 794
738 792
737 792
737 791
736 791
736 790
730 790
730 791
728 791
728 792
726 792
726 793
724 793
724 792
722 792
722 791
720 791
720 790
719 790
719 789
714 789
714 790
711 790
711 791
708 791
708 790
706 790
706 789
705 789
705 788
703 788
703 787
694 787
694 788
687 788
687 787
679 787
679 786
678 786
678 785
676 785
676 784
675 784
675 781
674 781
674 779
673 779
673 776
672 776
672 771
671 771
671 770
670 770
670 769
669 769
669 768
668 768
668 766
666 766
666 765
665 765
665 764
664 764
664 763
659 763
659 762
654 762
654 761
653 761
653 762
641 762
641 761
638 761
638 759
637 759
637 758
636 758
636 757
633 757
633 756
631 756
631 755
630 755
630 754
629 754
629 753
628 753
628 752
627 752
627 750
626 750
626 747
625 747
625 744
624 744
624 742
623 742
623 741
622 741
622 740
621 740
621 739
618 739
618 738
614 738
614 737
613 737
613 736
611 736
611 735
610 735
610 728
609 728
609 724
608 724
608 722
607 722
607 721
606 721
606 720
605 720
605 719
602 719
602 718
599 718
599 717
598 717
598 716
597 716
597 715
596 715
596 714
595 714
595 710
594 710
594 658
593 658
593 656
592 656
592 655
591 655
591 654
588 654
588 653
587 653
587 652
577 652
577 653
571 653
571 654
569 654
569 655
546 655
546 656
540 656
540 657
528 657
528 656
525 656
525 655
524 655
524 654
523 654
523 652
522 652
522 643
521 643
521 629
522 629
522 625
523 625
523 624
522 624
522 618
521 618
521 615
520 615
520 613
518 613
518 612
516 612
516 611
513 611
513 610
511 610
511 609
510 609
510 608
509 608
509 606
508 606
508 600
507 600
507 596
506 596
506 585
505 585
505 565
504 565
504 560
503 560
503 553
502 553
502 549
501 549
501 539
500 539
500 538
499 538
499 536
498 536
498 530
497 530
497 524
496 524
496 523
495 523
495 521
493 521
493 520
489 520
489 519
483 519
483 520
480 520
480 521
478 521
478 520
474 520
474 519
472 519
472 518
470 518
470 517
464 517
464 518
457 518
457 519
455 519
455 518
451 518
451 517
450 517
450 516
449 516
449 514
448 514
448 505
449 505
449 500
448 500
448 498
447 498
447 496
446 496
446 495
445 495
445 494
443 494
443 493
441 493
441 492
440 492
440 491
427 491
427 492
424 492
424 491
419 491
419 490
417 490
417 489
416 489
416 488
415 488
415 487
414 487
414 481
413 481
413 478
412 478
412 475
411 475
411 474
410 474
410 473
409 473
409 472
408 472
408 471
407 471
407 470
406 470
406 469
405 469
405 466
404 466
404 465
403 465
403 461
402 461
402 460
401 460
401 459
400 459
400 458
398 458
398 457
397 457
397 456
396 456
396 455
395 455
395 454
393 454
393 453
392 453
392 452
389 452
389 451
387 451
387 450
385 450
385 449
384 449
384 448
383 448
383 447
380 447
380 446
378 446
378 445
377 445
377 443
376 443
376 437
375 437
375 435
374 435
374 434
372 434
372 433
371 433
371 432
370 432
370 431
369 431
369 430
368 430
368 429
367 429
367 427
366 427
366 424
365 424
365 421
364 421
364 416
365 416
365 415
366 415
366 413
367 413
367 409
368 409
368 406
367 406
367 401
366 401
366 399
365 399
365 398
364 398
364 397
362 397
362 396
360 396
360 395
359 395
359 394
355 394
355 393
352 393
352 392
350 392
350 391
349 391
349 390
348 390
348 389
347 389
347 385
348 385
348 380
347 380
347 378
346 378
346 376
345 376
345 375
343 375
343 374
341 374
341 373
340 373
340 371
339 371
339 369
338 369
338 366
337 366
337 365
336 365
336 354
337 354
337 353
338 353
338 352
339 352
339 350
340 350
340 352
339 352
339 353
338 353
338 354
337 354
337 365
339 365
339 369
340 369
340 371
341 371
341 373
343 373
343 374
345 374
345 375
346 375
346 376
347 376
347 378
348 378
348 380
349 380
349 385
348 385
348 389
349 389
349 390
350 390
350 391
352 391
352 392
355 392
355 393
359 393
359 394
360 394
360 395
362 395
362 396
364 396
364 397
365 397
365 398
366 398
366 399
367 399
367 401
368 401
368 406
369 406
369 409
368 409
368 413
367 413
367 415
366 415
366 416
365 416
365 421
366 421
366 424
367 424
367 427
368 427
368 429
369 429
369 430
370 430
370 431
371 431
371 432
372 432
372 433
374 433
374 434
375 434
375 435
376 435
376 437
377 437
377 443
378 443
378 445
380 445
380 446
383 446
383 447
384 447
384 448
385 448
385 449
387 449
387 450
389 450
389 451
392 451
392 452
393 452
393 453
395 453
395 454
396 454
396 455
397 455
397 456
398 456
398 457
400 457
400 458
401 458
401 459
402 459
402 460
403 460
403 461
404 461
404 465
405 465
405 466
406 466
406 469
407 469
407 470
408 470
408 471
409 471
409 472
410 472
410 473
411 473
411 474
412 474
412 475
413 475
413 478
414 478
414 481
415 481
415 487
416 487
416 488
417 488
417 489
419 489
419 490
424 490
424 491
427 491
427 490
440 490
440 491
441 491
441 492
443 492
443 493
445 493
445 494
446 494
446 495
447 495
447 496
448 496
448 498
449 498
449 500
450 500
450 505
449 505
449 514
450 514
450 516
451 516
451 517
455 517
455 518
457 518
457 517
464 517
464 516
470 516
470 517
472 517
472 518
474 518
474 519
478 519
478 520
480 520
480 519
483 519
483 518
489 518
489 519
493 519
493 520
495 520
495 521
496 521
496 523
497 523
497 524
498 524
498 530
499 530
499 536
500 536
500 538
501 538
501 539
502 539
502 549
503 549
503 553
504 553
504 560
505 560
505 565
506 565
506 585
507 585
507 596
508 596
508 600
509 600
509 606
510 606
510 608
511 608
511 609
513 609
513 610
516 610
516 611
518 611
518 612
520 612
520 613
521 613
521 615
522 615
522 618
523 618
523 624
524 624
524 625
523 625
523 629
522 629
522 643
523 643
523 652
524 652
524 654
525 654
525 655
528 655
528 656
540 656
540 655
546 655
546 654
569 654
569 653
571 653
571 652
577 652
577 651
587 651
587 652
588 652
588 653
591 653
591 654
592 654
592 655
593 655
593 656
594 656
594 658
595 658
595 709
596 709
596 714
597 714
597 715
598 715
598 716
599 716
599 717
602 717
602 718
605 718
605 719
606 719
606 720
607 720
607 721
608 721
608 722
609 722
609 724
610 724
610 728
611 728
611 735
613 735
613 736
614 736
614 737
618 737
618 738
621 738
621 739
622 739
622 740
623 740
623 741
624 741
624 742
625 742
625 744
626 744
626 747
627 747
627 750
628 750
628 752
629 752
629 753
630 753
630 754
631 754
631 755
633 755
633 756
636 756
636 757
637 757
637 758
638 758
638 759
639 759
639 760
641 760
641 761
653 761
653 760
654 760
654 761
659 761
659 762
664 762
664 763
665 763
665 764
666 764
666 765
668 765
668 766
669 766
669 768
670 768
670 769
671 769
671 770
672 770
672 771
673 771
673 776
674 776
674 779
675 779
675 781
676 781
676 784
678 784
678 785
679 785
679 786
687 786
687 787
694 787
694 786
703 786
703 787
705 787
705 788
706 788
706 789
708 789
708 790
711 790
711 789
714 789
714 788
719 788
719 789
720 789
720 790
722 790
722 791
724 791
724 792
726 792
726 791
728 791
728 790
730 790
730 789
736 789
736 790
737 790
737 791
738 791
738 792
739 792
739 794
740 794
740 797
741 797
741 804
740 804
740 814
741 814
741 816
740 816
740 831
739 831
739 834
738 834
738 840
739 840
739 846
740 846
740 848
741 848
741 849
742 849
742 851
743 851
743 852
744 852
744 853
746 853
746 854
750 854
750 855
754 855
754 856
756 856
756 857
758 857
758 858
760 858
760 859
761 859
761 861
762 861
762 862
763 862
763 863
764 863
764 864
765 864
765 866
766 866
766 867
767 867
767 868
769 868
769 869
774 869
774 870
777 870
777 871
778 871
778 872
779 872
779 873
780 873
780 874
781 874
781 875
782 875
782 876
783 876
783 878
784 878
784 880
785 880
785 881
787 881
787 882
790 882
790 883
802 883
802 884
804 884
804 885
805 885
805 886
807 886
807 887
808 887
808 889
809 889
809 890
810 890
810 892
811 892
811 893
812 893
812 894
813 894
813 895
816 895
816 896
817 896
817 897
818 897
818 898
821 898
821 899
823 899
823 900
825 900
825 901
828 901
828 902
829 902
829 903
830 903
830 904
831 904
831 906
832 906
832 907
833 907
833 909
834 909
834 911
835 911
835 913
836 913
836 914
837 914
837 915
839 915
839 916
842 916
842 917
844 917
844 918
853 918
853 919
858 919
858 920
861 920
861 921
863 921
863 922
871 922
871 923
882 923
882 924
884 924
884 925
885 925
885 926
886 926
886 928
887 928
887 930
888 930
888 932
889 932
889 933
891 933
891 934
892 934
892 936
905 936
905 935
914 935
914 936
916 936
916 937
918 937
918 938
919 938
919 939
920 939
920 946
919 946
919 951
920 951
920 953
921 953
921 954
922 954
922 955
928 955
928 954
932 954
932 953
936 953
936 952
941 952
941 951
947 951
947 950
957 950
957 949
972 949
972 950
975 950
975 949
982 949
982 950
991 950
991 951
997 951
997 952
1002 952
1002 953
1009 953
1009 954
1015 954
1015 955
1019 955
1019 956
1021 956
1021 957
1023 957
1023 958
1024 958
1024 959
1026 959
1026 960
1027 960
1027 961
1029 961
1029 962
1030 962
1030 963
1031 963
1031 964
1033 964
1033 965
1034 965
1034 966
1035 966
1035 967
1036 967
1036 968
1037 968
1037 970
1038 970
1038 971
1039 971
1039 972
1041 972
1041 973
1045 973
1045 974
1047 974
1047 975
1052 975
1052 976
1053 976
1053 977
1054 977
1054 978
1055 978
1055 979
1056 979
1056 980
1058 980
1058 981
1059 981
1059 982
1060 982
1060 984
1061 984
1061 988
1062 988
1062 992
1063 992
1063 993
1067 993
1067 994
1073 994
1073 995
1074 995
1074 996
1075 996
1075 997
1076 997
1076 998
1077 998
1077 1000
1078 1000
1078 1002
1079 1002
1079 1004
1080 1004
1080 1011
1079 1011
1079 1024
1078 1024
1078 1027
1076 1027
1076 1034
1077 1034
1077 1035
1078 1035
1078 1036
1081 1036
1081 1038
1082 1038
1082 1039
1083 1039
1083 1040
1084 1040
1084 1041
1087 1041
1087 1042
1096 1042
1096 1043
1097 1043
1097 1044
1098 1044
1098 1045
1099 1045
1099 1047
1100 1047
1100 1052
1101 1052
1101 1054
1102 1054
1102 1056
1103 1056
1103 1057
1104 1057
1104 1058
1106 1058
1106 1059
1120 1059
1120 1060
1122 1060
1122 1061
1124 1061
1124 1062
1125 1062
1125 1063
1126 1063
1126 1065
1127 1065
1127 1066
1128 1066
1128 1067
1129 1067
1129 1068
1130 1068
1130 1069
1131 1069
1131 1071
1132 1071
1132 1072
1139 1072
1139 1071
1149 1071
1149 1072
1156 1072
1156 1073
1157 1073
1157 1074
1158 1074
1158 1076
1159 1076
1159 1077
1160 1077
1160 1078
1161 1078
1161 1079
1162 1079
1162 1080
1163 1080
1163 1094
1164 1094
1164 1095
1166 1095
1166 1096
1168 1096
1168 1097
1170 1097
1170 1098
1188 1098
1188 1097
1191 1097
1191 1096
1193 1096
1193 1093
1194 1093
1194 1091
1193 1091
1193 1085
1194 1085
1194 1084
1198 1084
1198 1085
1199 1085
1199 1086
1200 1086
1200 1087
1201 1087
1201 1090
1202 1090
1202 1095
1203 1095
1203 1096
1204 1096
1204 1097
1205 1097
1205 1098
1206 1098
1206 1099
1207 1099
1207 1100
1208 1100
1208 1101
1209 1101
1209 1105
1210 1105
1210 1108
1211 1108
1211 1113
1212 1113
1212 1118
1213 1118
1213 1119
1215 1119
1215 1120
1219 1120
1219 1121
1229 1121
1229 1122
1232 1122
1232 1123
1235 1123
1235 1124
1238 1124
1238 1125
1240 1125
1240 1126
1241 1126
1241 1127
1242 1127
1242 1128
1243 1128
1243 1129
1244 1129
1244 1130
1245 1130
1245 1131
1246 1131
1246 1132
1247 1132
1247 1133
1248 1133
1248 1135
1249 1135
1249 1136
1250 1136
1250 1137
1252 1137
1252 1138
1256 1138
1256 1139
1268 1139
1268 1140
1270 1140
1270 1141
1271 1141
1271 1142
1272 1142
1272 1144
1273 1144
1273 1145
1274 1145
1274 1146
1275 1146
1275 1148
1276 1148
1276 1150
1277 1150
1277 1151
1278 1151
1278 1154
1279 1154
1279 1155
1282 1155
1282 1156
1284 1156
1284 1157
1286 1157
1286 1158
1295 1158
1295 1159
1300 1159
1300 1160
1302 1160
1302 1161
1304 1161
1304 1162
1305 1162
1305 1165
1306 1165
1306 1166
1307 1166
1307 1167
1308 1167
1308 1168
1309 1168
1309 1169
1312 1169
1312 1170
1314 1170
1314 1171
1316 1171
1316 1172
1321 1172
1321 1171
1333 1171
1333 1170
1339 1170
1339 1169
1352 1169
1352 1168
1356 1168
1356 1167
1361 1167
1361 1168
1362 1168
1362 1169
1363 1169
1363 1170
1364 1170
1364 1171
1365 1171
1365 1172
1367 1172
1367 1173
1368 1173
1368 1174
1370 1174
1370 1175
1371 1175
1371 1176
1375 1176
1375 1177
1379 1177
1379 1178
1380 1178
1380 1179
1381 1179
1381 1180
1383 1180
1383 1181
1384 1181
1384 1182
1385 1182
1385 1183
1386 1183
1386 1184
1389 1184
1389 1185
1390 1185
1390 1186
1392 1186
1392 1187
1397 1187
1397 1188
1399 1188
1399 1189
1400 1189
1400 1190
1401 1190
1401 1191
1402 1191
1402 1192
1403 1192
1403 1193
1404 1193
1404 1194
1405 1194
1405 1195
1406 1195
1406 1196
1408 1196
1408 1197
1415 1197
1415 1198
1420 1198
1420 1197
1428 1197
1428 1198
1429 1198
1429 1199
1433 1199
1433 1200
1435 1200
1435 1201
1437 1201
1437 1202
1439 1202
1439 1203
1441 1203
1441 1204
1444 1204
1444 1205
1446 1205
1446 1204
1461 1204
1461 1203
1464 1203
1464 1202
1466 1202
1466 1201
1467 1201
1467 1200
1468 1200
1468 1197
1469 1197
1469 1195
1470 1195
1470 1191
1471 1191
1471 1189
1472 1189
1472 1188
1475 1188
1475 1187
1485 1187
1485 1186
1486 1186
1486 1185
1488 1185
1488 1184
1489 1184
1489 1180
1490 1180
1490 1178
1491 1178
1491 1176
1492 1176
1492 1175
1493 1175
1493 1172
1494 1172
1494 1171
1495 1171
1495 1170
1497 1170
1497 1169
1498 1169
1498 1168
1500 1168
1500 1167
1504 1167
1504 1166
1508 1166
1508 1167
1512 1167
1512 1168
1515 1168
1515 1169
1518 1169
1518 1170
1519 1170
1519 1171
1520 1171
1520 1172
1521 1172
1521 1174
1522 1174
1522 1176
1523 1176
1523 1180
1524 1180
1524 1182
1525 1182
1525 1187
1526 1187
1526 1195
1527 1195
1527 1198
1528 1198
1528 1203
1529 1203
1529 1207
1530 1207
1530 1209
1531 1209
1531 1210
1532 1210
1532 1212
1533 1212
1533 1213
1535 1213
1535 1214
1537 1214
1537 1215
1539 1215
1539 1216
1547 1216
1547 1217
1561 1217
1561 1218
1567 1218
1567 1219
1571 1219
1571 1220
1585 1220
1585 1221
1593 1221
1593 1220
1598 1220
1598 1219
1610 1219
1610 1218
1614 1218
1614 1219
1658 1219
1658 1218
1663 1218
1663 1219
1669 1219
1669 1218
1672 1218
1672 1217
1675 1217
1675 1216
1676 1216
1676 1215
1677 1215
1677 1214
1678 1214
1678 1212
1679 1212
1679 1209
1680 1209
1680 1207
1681 1207
1681 1206
1682 1206
1682 1204
1683 1204
1683 1203
1684 1203
1684 1202
1685 1202
1685 1201
1686 1201
1686 1200
1687 1200
1687 1199
1688 1199
1688 1197
1689 1197
1689 1196
1691 1196
1691 1195
1693 1195
1693 1194
1694 1194
1694 1193
1698 1193
1698 1192
1712 1192
1712 1193
1715 1193
1715 1194
1717 1194
1717 1195
1720 1195
1720 1196
1721 1196
1721 1197
1722 1197
1722 1198
1723 1198
1723 1200
1724 1200
1724 1201
1725 1201
1725 1203
1726 1203
1726 1211
1727 1211
1727 1215
1728 1215
1728 1217
1729 1217
1729 1219
1730 1219
1730 1220
1731 1220
1731 1222
1732 1222
1732 1223
1733 1223
1733 1225
1734 1225
1734 1226
1737 1226
1737 1227
1739 1227
1739 1228
1741 1228
1741 1229
1742 1229
1742 1230
1753 1230
1753 1229
1754 1229
1754 1228
1755 1228
1755 1227
1757 1227
1757 1226
1759 1226
1759 1225
1762 1225
1762 1224
1766 1224
1766 1223
1770 1223
1770 1222
1771 1222
1771 1221
1775 1221
1775 1220
1779 1220
1779 1219
1794 1219
1794 1218
1809 1218
1809 1217
1815 1217
1815 1216
1818 1216
1818 1215
1820 1215
1820 1214
1823 1214
1823 1213
1826 1213
1826 1212
1828 1212
1828 1211
1830 1211
1830 1210
1831 1210
1831 1209
1832 1209
1832 1208
1833 1208
1833 1206
1834 1206
1834 1203
1835 1203
1835 1200
1836 1200
1836 1195
1835 1195
1835 1190
1834 1190
1834 1185
1833 1185
1833 1176
1834 1176
1834 1174
1835 1174
1835 1173
1836 1173
1836 1172
1837 1172
1837 1171
1838 1171
1838 1170
1839 1170
1839 1169
1841 1169
1841 1168
1843 1168
1843 1167
1856 1167
1856 1168
1861 1168
1861 1169
1867 1169
1867 1170
1869 1170
1869 1171
1870 1171
1870 1172
1873 1172
1873 1173
1875 1173
1875 1174
1876 1174
1876 1175
1878 1175
1878 1176
1879 1176
1879 1177
1880 1177
1880 1178
1881 1178
1881 1179
1882 1179
1882 1180
1883 1180
1883 1181
1884 1181
1884 1182
1885 1182
1885 1183
1887 1183
1887 1184
1889 1184
1889 1185
1892 1185
1892 1186
1895 1186
1895 1187
1897 1187
1897 1188
1903 1188
1903 1187
1909 1187
1909 1186
1912 1186
1912 1185
1913 1185
1913 1184
1915 1184
1915 1183
1916 1183
1916 1182
1919 1182
1919 1181
1922 1181
1922 1179
1923 1179
1923 1178
1924 1178
1924 1177
1925 1177
1925 1176
1926 1176
1926 1175
1927 1175
1927 1174
1928 1174
1928 1173
1930 1173
1930 1172
1931 1172
1931 1171
1933 1171
1933 1170
1934 1170
1934 1169
1935 1169
1935 1168
1936 1168
1936 1167
1938 1167
1938 1166
1940 1166
1940 1165
1941 1165
1941 1164
1943 1164
1943 1163
1945 1163
1945 1162
1947 1162
1947 1160
1948 1160
1948 1159
1949 1159
1949 1158
1950 1158
1950 1157
1951 1157
1951 1155
1952 1155
1952 1151
1953 1151
1953 1150
1954 1150
1954 1148
1955 1148
1955 1146
1956 1146
1956 1144
1957 1144
1957 1143
1958 1143
1958 1141
1959 1141
1959 1138
1960 1138
1960 1137
1961 1137
1961 1136
1962 1136
1962 1134
1963 1134
1963 1132
1964 1132
1964 1131
1965 1131
1965 1130
1967 1130
1967 1129
1969 1129
1969 1128
1970 1128
1970 1127
1973 1127
1973 1126
1979 1126
1979 1125
1981 1125
1981 1124
1986 1124
1986 1123
1992 1123
1992 1118
1993 1118
1993 1117
1994 1117
1994 1115
1995 1115
1995 1113
1996 1113
1996 1108
1997 1108
1997 1102
1998 1102
1998 1096
1997 1096
1997 1083
1998 1083
1998 1070
1999 1070
1999 1063
2000 1063
2000 1061
2001 1061
2001 1060
2002 1060
2002 1059
2003 1059
2003 1058
2004 1058
2004 1057
2009 1057
2009 1056
2010 1056
2010 1055
2017 1055
2017 1056
2026 1056
2026 1057
2042 1057
2042 1058
2050 1058
2050 1059
2053 1059
2053 1060
2059 1060
2059 1061
2060 1061
2060 1062
2065 1062
2065 1063
2067 1063
2067 1064
2069 1064
2069 1065
2071 1065
2071 1066
2074 1066
2074 1067
2075 1067
2075 1068
2076 1068
2076 1070
2078 1070
2078 1071
2079 1071
2079 1073
2080 1073
2080 1074
2081 1074
2081 1075
2083 1075
2083 1076
2089 1076
2089 1077
2100 1077
2100 1076
2103 1076
2103 1075
2106 1075
2106 1074
2108 1074
2108 1073
2109 1073
2109 1072
2111 1072
2111 1071
2112 1071
2112 1070
2113 1070
2113 1069
2114 1069
2114 1067
2115 1067
2115 1066
2116 1066
2116 1065
2117 1065
2117 1064
2118 1064
2118 1062
2119 1062
2119 1061
2120 1061
2120 1059
2121 1059
2121 1057
2122 1057
2122 1054
2123 1054
2123 1052
2124 1052
2124 1051
2125 1051
2125 1049
2126 1049
2126 1048
2127 1048
2127 1044
2128 1044
2128 1043
2129 1043
2129 1042
2130 1042
2130 1041
2143 1041
2143 1040
2144 1040
2144 1039
2145 1039
2145 1038
2147 1038
2147 1037
2148 1037
2148 1035
2149 1035
2149 1034
2150 1034
2150 1031
2151 1031
2151 1029
2152 1029
2152 1025
2153 1025
2153 1023
2154 1023
2154 1016
2155 1016
2155 1015
2156 1015
2156 1014
2157 1014
2157 1013
2159 1013
2159 1012
2163 1012
2163 1011
2165 1011
2165 1010
2167 1010
2167 1009
2169 1009
2169 1008
2172 1008
2172 1007
2174 1007
2174 1006
2176 1006
2176 1005
2177 1005
2177 1004
2178 1004
2178 1003
2179 1003
2179 1002
2180 1002
2180 1001
2181 1001
2181 1000
2182 1000
2182 998
2183 998
2183 997
2185 997
2185 996
2186 996
2186 995
2187 995
2187 994
2189 994
2189 993
2190 993
2190 992
2191 992
2191 991
2192 991
2192 990
2194 990
2194 989
2196 989
2196 988
2201 988
2201 987
2207 987
2207 986
2216 986
2216 985
2220 985
2220 986
2227 986
2227 987
2230 987
2230 988
2235 988
2235 989
2239 989
2239 990
2251 990
2251 991
2255 991
2255 992
2257 992
2257 993
2280 993
2280 992
2285 992
2285 991
2289 991
2289 990
2293 990
2293 989
2295 989
2295 988
2298 988
2298 987
2300 987
2300 986
2301 986
2301 985
2303 985
2303 984
2304 984
2304 983
2306 983
2306 982
2307 982
2307 981
2308 981
2308 980
2309 980
2309 979
2310 979
2310 975
2311 975
2311 973
2312 973
2312 962
2311 962
2311 953
2312 953
2312 936
2313 936
2313 899
2314 899
2314 898
2316 898
2316 897
2318 897
2318 896
2319 896
2319 895
2320 895
2320 894
2321 894
2321 893
2322 893
2322 892
2324 892
2324 891
2325 891
2325 890
2326 890
2326 888
2327 888
2327 886
2328 886
2328 882
2329 882
2329 864
2330 864
2330 843
2331 843
2331 835
2332 835
2332 830
2333 830
2333 827
2334 827
2334 823
2335 823
2335 819
2336 819
2336 817
2337 817
2337 816
2338 816
2338 815
2341 815
2341 814
2342 814
2342 813
2343 813
2343 812
2344 812
2344 811
2346 811
2346 810
2347 810
2347 809
2349 809
2349 808
2352 808
2352 807
2357 807
2357 806
2360 806
2360 805
2362 805
2362 804
2366 804
2366 803
2368 803
2368 802
2371 802
2371 801
2372 801
2372 800
2373 800
2373 799
2375 799
2375 798
2378 798
2378 797
2382 797
2382 796
2384 796
2384 795
2386 795
2386 794
2389 794
2389 793
2390 793
2390 792
2391 792
2391 791
2392 791
2392 790
2393 790
2393 789
2395 789
2395 788
2396 788
2396 787
2397 787
2397 786
2398 786
2398 785
2399 785
2399 783
2400 783
2400 782
2401 782
2401 780
2402 780
2402 777
2403 777
2403 775
2404 775
2404 772
2405 772
2405 771
2406 771
2406 770
2407 770
2407 769
2408 769
2408 768
2409 768
2409 767
2410 767
2410 766
2412 766
2412 765
2413 765
2413 764
2414 764
2414 763
2416 763
2416 762
2417 762
2417 761
2418 761
2418 760
2419 760
2419 758
2420 758
2420 754
2421 754
2421 750
2422 750
2422 749
2421 749
2421 743
2420 743
2420 734
2421 734
2421 733
2422 733
2422 732
2424 732
2424 731
2425 731
2425 730
2426 730
2426 729
2428 729
2428 726
2429 726
2429 725
2430 725
2430 719
2431 719
2431 717
2432 717
2432 714
2433 714
2433 704
2434 704
2434 695
2435 695
2435 682
2436 682
2436 675
2437 675
2437 673
2438 673
2438 645
2437 645
2437 643
2438 643
2438 639
2437 639
2437 633
2436 633
2436 628
2437 628
2437 627
2440 627
2440 626
2441 626
2441 623
2442 623
2442 622
2444 622
2444 621
2446 621
2446 620
2449 620
2449 619
2450 619
2450 618
2452 618
2452 617
2455 617
2455 616
2457 616
2457 615
2459 615
2459 614
2462 614
2462 613
2464 613
2464 612
2465 612
2465 611
2467 611
2467 610
2468 610
2468 608
2469 608
2469 606
2470 606
2470 605
2471 605
2471 603
2472 603
2472 601
2473 601
2473 600
2474 600
2474 599
2475 599
2475 598
2477 598
2477 597
2478 597
2478 598
2477 598
2477 599
2475 599
2475 600
2474 600
2474 601
2473 601
2473 603
2472 603
2472 605
2471 605
2471 606
2470 606
2470 608
2469 608
2469 610
2468 610
2468 611
2467 611
2467 612
2465 612
2465 613
2464 613
2464 614
2462 614
2462 615
2459 615
2459 616
2457 616
2457 617
2455 617
2455 618
2452 618
2452 619
2450 619
2450 620
2449 620
2449 621
2446 621
2446 622
2444 622
2444 623
2442 623
2442 626
2441 626
2441 627
2440 627
2440 628
2437 628
2437 633
2438 633
2438 639
2439 639
2439 643
2438 643
2438 645
2439 645
2439 673
2438 673
2438 675
2437 675
2437 682
2436 682
2436 695
2435 695
2435 704
2434 704
2434 714
2433 714
2433 717
2432 717
2432 719
2431 719
2431 725
2430 725
2430 726
2429 726
2429 729
2428 729
2428 730
2426 730
2426 731
2425 731
2425 732
2424 732
2424 733
2422 733
2422 734
2421 734
2421 743
2422 743
2422 749
2423 749
2423 750
2422 750
2422 754
2421 754
2421 758
2420 758
2420 760
2419 760
2419 761
2418 761
2418 762
2417 762
2417 763
2416 763
2416 764
2414 764
2414 765
2413 765
2413 766
2412 766
2412 767
2410 767
2410 768
2409 768
2409 769
2408 769
2408 770
2407 770
2407 771
2406 771
2406 772
2405 772
2405 775
2404 775
2404 777
2403 777
2403 780
2402 780
2402 782
2401 782
2401 783
2400 783
2400 785
2399 785
2399 786
2398 786
2398 787
2397 787
2397 788
2396 788
2396 789
2395 789
2395 790
2393 790
2393 791
2392 791
2392 792
2391 792
2391 793
2390 793
2390 794
2389 794
2389 795
2386 795
2386 796
2384 796
2384 797
2382 797
2382 798
2378 798
2378 799
2375 799
2375 800
2373 800
2373 801
2372 801
2372 802
2371 802
2371 803
2368 803
2368 804
2366 804
2366 805
2362 805
2362 806
2360 806
2360 807
2357 807
2357 808
2352 808
2352 809
2349 809
2349 810
2347 810
2347 811
2346 811
2346 812
2344 812
2344 813
2343 813
2343 814
2342 814
2342 815
2341 815
2341 816
2338 816
2338 817
2337 817
2337 819
2336 819
2336 823
2335 823
2335 827
2334 827
2334 830
2333 830
2333 835
2332 835
2332 843
2331 843
2331 864
2330 864
2330 882
2329 882
2329 886
2328 886
2328 888
2327 888
2327 890
2326 890
2326 891
2325 891
2325 892
2324 892
2324 893
2322 893
2322 894
2321 894
2321 895
2320 895
2320 896
2319 896
2319 897
2318 897
2318 898
2316 898
2316 899
2314 899
2314 936
2313 936
2313 953
2312 953
2312 962
2313 962
2313 973
2312 973
2312 975
2311 975
2311 979
2310 979
2310 980
2309 980
2309 981
2308 981
2308 982
2307 982
2307 983
2306 983
2306 984
2304 984
2304 985
2303 985
2303 986
2301 986
2301 987
2300 987
2300 988
2298 988
2298 989
2295 989
2295 990
2293 990
2293 991
2289 991
2289 992
2285 992
2285 993
2280 993
2280 994
2257 994
2257 993
2255 993
2255 992
2251 992
2251 991
2239 991
2239 990
2235 990
2235 989
2230 989
2230 988
2227 988
2227 987
2220 987
2220 986
2216 986
2216 987
2207 987
2207 988
2201 988
2201 989
2196 989
2196 990
2194 990
2194 991
2192 991
2192 992
2191 992
2191 993
2190 993
2190 994
2189 994
2189 995
2187 995
2187 996
2186 996
2186 997
2185 997
2185 998
2183 998
2183 1000
2182 1000
2182 1001
2181 1001
2181 1002
2180 1002
2180 1003
2179 1003
2179 1004
2178 1004
2178 1005
2177 1005
2177 1006
2176 1006
2176 1007
2174 1007
2174 1008
2172 1008
2172 1009
2169 1009
2169 1010
2167 1010
2167 1011
2165 1011
2165 1012
2163 1012
2163 1013
2159 1013
2159 1014
2157 1014
2157 1015
2156 1015
2156 1016
2155 1016
2155 1023
2154 1023
2154 1025
2153 1025
2153 1029
2152 1029
2152 1031
2151 1031
2151 1034
2150 1034
2150 1035
2149 1035
2149 1037
2148 1037
2148 1038
2147 1038
2147 1039
2145 1039
2145 1040
2144 1040
2144 1041
2143 1041
2143 1042
2130 1042
2130 1043
2129 1043
2129 1044
2128 1044
2128 1048
2127 1048
2127 1049
2126 1049
2126 1051
2125 1051
2125 1052
2124 1052
2124 1054
2123 1054
2123 1057
2122 1057
2122 1059
2121 1059
2121 1061
2120 1061
2120 1062
2119 1062
2119 1064
2118 1064
2118 1065
2117 1065
2117 1066
2116 1066
2116 1067
2115 1067
2115 1069
2114 1069
2114 1070
2113 1070
2113 1071
2112 1071
2112 1072
2111 1072
2111 1073
2109 1073
2109 1074
2108 1074
2108 1075
2106 1075
2106 1076
2103 1076
2103 1077
2100 1077
2100 1078
2089 1078
2089 1077
2083 1077
2083 1076
2081 1076
2081 1075
2080 1075
2080 1074
2079 1074
2079 1073
2078 1073
2078 1071
2076 1071
2076 1070
2075 1070
2075 1068
2074 1068
2074 1067
2071 1067
2071 1066
2069 1066
2069 1065
2067 1065
2067 1064
2065 1064
2065 1063
2060 1063
2060 1062
2059 1062
2059 1061
2053 1061
2053 1060
2050 1060
2050 1059
2042 1059
2042 1058
2026 1058
2026 1057
2017 1057
2017 1056
2010 1056
2010 1057
2009 1057
2009 1058
2004 1058
2004 1059
2003 1059
2003 1060
2002 1060
2002 1061
2001 1061
2001 1063
2000 1063
2000 1070
1999 1070
1999 1083
1998 1083
1998 1096
1999 1096
1999 1102
1998 1102
1998 1108
1997 1108
1997 1113
1996 1113
1996 1115
1995 1115
1995 1117
1994 1117
1994 1118
1993 1118
1993 1123
1992 1123
1992 1124
1986 1124
1986 1125
1981 1125
1981 1126
1979 1126
1979 1127
1973 1127
1973 1128
1970 1128
1970 1129
1969 1129
1969 1130
1967 1130
1967 1131
1965 1131
1965 1132
1964 1132
1964 1134
1963 1134
1963 1136
1962 1136
1962 1137
1961 1137
1961 1138
1960 1138
1960 1141
1959 1141
1959 1143
1958 1143
1958 1144
1957 1144
1957 1146
1956 1146
1956 1148
1955 1148
1955 1150
1954 1150
