2323 1125
2322 1125
2322 1126
2321 1126
2321 1127
2320 1127
2320 1128
2319 1128
2319 1129
2318 1129
2318 1130
2317 1130
2317 1133
2316 1133
2316 1134
2315 1134
2315 1136
2314 1136
2314 1137
2313 1137
2313 1138
2309 1138
2309 1137
2307 1137
2307 1138
2306 1138
2306 1139
2304 1139
2304 1141
2303 1141
2303 1142
2302 1142
2302 1144
2301 1144
2301 1148
2300 1148
2300 1150
2299 1150
2299 1152
2298 1152
2298 1153
2297 1153
2297 1155
2296 1155
2296 1157
2292 1157
2292 1158
2290 1158
2290 1159
2286 1159
2286 1160
2285 1160
2285 1161
2284 1161
2284 1163
2283 1163
2283 1164
2275 1164
2275 1165
2266 1165
2266 1171
2267 1171
2267 1174
2268 1174
2268 1177
2269 1177
2269 1184
2268 1184
2268 1185
2266 1185
2266 1189
2265 1189
2265 1191
2254 1191
2254 1195
2253 1195
2253 1197
2254 1197
2254 1201
2253 1201
2253 1205
2252 1205
2252 1206
2251 1206
2251 1207
2250 1207
2250 1208
2249 1208
2249 1209
2240 1209
2240 1208
2236 1208
2236 1207
2233 1207
2233 1206
2232 1206
2232 1205
2230 1205
2230 1204
2229 1204
2229 1203
2228 1203
2228 1202
2227 1202
2227 1201
2226 1201
2226 1200
2224 1200
2224 1199
2223 1199
2223 1198
2220 1198
2220 1197
2218 1197
2218 1196
2208 1196
2208 1195
2199 1195
2199 1194
2193 1194
2193 1193
2166 1193
2166 1194
2165 1194
2165 1196
2164 1196
2164 1197
2163 1197
2163 1198
2162 1198
2162 1199
2161 1199
2161 1200
2160 1200
2160 1202
2159 1202
2159 1203
2157 1203
2157 1204
2156 1204
2156 1205
2155 1205
2155 1206
2153 1206
2153 1207
2150 1207
2150 1208
2147 1208
2147 1209
2141 1209
2141 1208
2137 1208
2137 1207
2135 1207
2135 1206
2131 1206
2131 1205
2130 1205
2130 1204
2127 1204
2127 1203
2126 1203
2126 1202
2125 1202
2125 1201
2123 1201
2123 1200
2121 1200
2121 1199
2099 1199
2099 1200
2090 1200
2090 1201
2071 1201
2071 1202
2050 1202
2050 1201
2046 1201
2046 1200
2045 1200
2045 1199
2044 1199
2044 1198
2043 1198
2043 1197
2042 1197
2042 1196
2040 1196
2040 1195
2038 1195
2038 1194
2035 1194
2035 1193
2029 1193
2029 1192
2026 1192
2026 1193
2009 1193
2009 1192
1983 1192
1983 1191
1981 1191
1981 1190
1979 1190
1979 1189
1977 1189
1977 1188
1975 1188
1975 1187
1974 1187
1974 1186
1972 1186
1972 1185
1971 1185
1971 1184
1967 1184
1967 1183
1939 1183
1939 1182
1937 1182
1937 1181
1933 1181
1933 1180
1929 1180
1929 1179
1926 1179
1926 1178
1920 1178
1920 1177
1918 1177
1918 1176
1917 1176
1917 1174
1916 1174
1916 1173
1915 1173
1915 1172
1914 1172
1914 1171
1913 1171
1913 1170
1887 1170
1887 1171
1879 1171
1879 1172
1874 1172
1874 1173
1871 1173
1871 1174
1868 1174
1868 1175
1865 1175
1865 1176
1851 1176
1851 1177
1847 1177
1847 1178
1831 1178
1831 1176
1829 1176
1829 1175
1828 1175
1828 1174
1816 1174
1816 1173
1811 1173
1811 1172
1804 1172
1804 1171
1803 1171
1803 1170
1796 1170
1796 1169
1795 1169
1795 1168
1792 1168
1792 1167
1791 1167
1791 1166
1789 1166
1789 1167
1788 1167
1788 1166
1786 1166
1786 1165
1785 1165
1785 1164
1782 1164
1782 1163
1781 1163
1781 1162
1779 1162
1779 1161
1777 1161
1777 1160
1775 1160
1775 1159
1773 1159
1773 1158
1772 1158
1772 1157
1769 1157
1769 1156
1768 1156
1768 1155
1767 1155
1767 1154
1765 1154
1765 1153
1762 1153
1762 1152
1761 1152
1761 1151
1758 1151
1758 1150
1756 1150
1756 1149
1753 1149
1753 1148
1751 1148
1751 1147
1746 1147
1746 1146
1743 1146
1743 1145
1741 1145
1741 1144
1739 1144
1739 1143
1737 1143
1737 1142
1736 1142
1736 1141
1735 1141
1735 1140
1734 1140
1734 1139
1733 1139
1733 1138
1732 1138
1732 1137
1731 1137
1731 1135
1730 1135
1730 1134
1729 1134
1729 1133
1728 1133
1728 1132
1727 1132
1727 1131
1726 1131
1726 1130
1725 1130
1725 1129
1723 1129
1723 1128
1722 1128
1722 1127
1719 1127
1719 1126
1717 1126
1717 1125
1709 1125
1709 1124
1706 1124
1706 1125
1699 1125
1699 1126
1687 1126
1687 1125
1678 1125
1678 1126
1670 1126
1670 1127
1667 1127
1667 1128
1664 1128
1664 1129
1662 1129
1662 1130
1660 1130
1660 1131
1655 1131
1655 1130
1652 1130
1652 1129
1649 1129
1649 1128
1647 1128
1647 1127
1646 1127
1646 1126
1644 1126
1644 1125
1643 1125
1643 1124
1640 1124
1640 1123
1631 1123
1631 1122
1629 1122
1629 1121
1626 1121
1626 1120
1624 1120
1624 1119
1623 1119
1623 1118
1621 1118
1621 1117
1620 1117
1620 1116
1619 1116
1619 1115
1617 1115
1617 1114
1616 1114
1616 1113
1614 1113
1614 1112
1612 1112
1612 1111
1610 1111
1610 1110
1609 1110
1609 1109
1606 1109
1606 1108
1590 1108
1590 1107
1586 1107
1586 1106
1585 1106
1585 1105
1584 1105
1584 1104
1583 1104
1583 1102
1582 1102
1582 1098
1581 1098
1581 1088
1580 1088
1580 1086
1579 1086
1579 1083
1578 1083
1578 1081
1577 1081
1577 1079
1576 1079
1576 1078
1575 1078
1575 1077
1574 1077
1574 1076
1573 1076
1573 1075
1571 1075
1571 1074
1570 1074
1570 1073
1569 1073
1569 1072
1568 1072
1568 1071
1567 1071
1567 1069
1566 1069
1566 1061
1565 1061
1565 1059
1566 1059
1566 1048
1565 1048
1565 1042
1564 1042
1564 1041
1563 1041
1563 1040
1562 1040
1562 1039
1561 1039
1561 1038
1560 1038
1560 1037
1558 1037
1558 1036
1554 1036
1554 1035
1553 1035
1553 1036
1547 1036
1547 1035
1544 1035
1544 1034
1541 1034
1541 1033
1540 1033
1540 1032
1539 1032
1539 1031
1538 1031
1538 1029
1537 1029
1537 1028
1536 1028
1536 1026
1535 1026
1535 1024
1534 1024
1534 1022
1533 1022
1533 1021
1532 1021
1532 1020
1526 1020
1526 1021
1523 1021
1523 1022
1520 1022
1520 1023
1519 1023
1519 1024
1511 1024
1511 1025
1508 1025
1508 1026
1503 1026
1503 1027
1488 1027
1488 1026
1484 1026
1484 1025
1475 1025
1475 1023
1474 1023
1474 1022
1473 1022
1473 1021
1471 1021
1471 1020
1469 1020
1469 1019
1468 1019
1468 1018
1467 1018
1467 1017
1466 1017
1466 1016
1465 1016
1465 1015
1464 1015
1464 1013
1463 1013
1463 1012
1462 1012
1462 1010
1461 1010
1461 1009
1460 1009
1460 1008
1459 1008
1459 1007
1458 1007
1458 1005
1457 1005
1457 1003
1456 1003
1456 1001
1455 1001
1455 999
1454 999
1454 998
1453 998
1453 997
1452 997
1452 996
1451 996
1451 995
1448 995
1448 994
1444 994
1444 993
1442 993
1442 992
1441 992
1441 991
1440 991
1440 990
1439 990
1439 989
1437 989
1437 988
1435 988
1435 987
1433 987
1433 986
1430 986
1430 985
1429 985
1429 984
1428 984
1428 983
1427 983
1427 982
1426 982
1426 981
1425 981
1425 980
1424 980
1424 979
1423 979
1423 977
1422 977
1422 974
1421 974
1421 970
1420 970
1420 964
1419 964
1419 961
1418 961
1418 945
1417 945
1417 939
1416 939
1416 913
1415 913
1415 910
1413 910
1413 911
1412 911
1412 912
1411 912
1411 913
1410 913
1410 914
1409 914
1409 915
1407 915
1407 916
1406 916
1406 917
1405 917
1405 918
1404 918
1404 919
1403 919
1403 920
1400 920
1400 921
1393 921
1393 922
1391 922
1391 923
1384 923
1384 924
1361 924
1361 923
1358 923
1358 922
1356 922
1356 921
1355 921
1355 920
1351 920
1351 919
1349 919
1349 918
1348 918
1348 917
1347 917
1347 916
1345 916
1345 915
1344 915
1344 914
1343 914
1343 913
1342 913
1342 912
1341 912
1341 911
1340 911
1340 910
1337 910
1337 909
1335 909
1335 908
1328 908
1328 907
1325 907
1325 906
1324 906
1324 905
1323 905
1323 904
1322 904
1322 903
1321 903
1321 902
1320 902
1320 901
1319 901
1319 898
1318 898
1318 894
1317 894
1317 893
1316 893
1316 892
1315 892
1315 891
1312 891
1312 890
1311 890
1311 889
1309 889
1309 888
1308 888
1308 886
1307 886
1307 884
1306 884
1306 882
1305 882
1305 880
1304 880
1304 878
1303 878
1303 877
1302 877
1302 872
1301 872
1301 868
1300 868
1300 864
1299 864
1299 858
1297 858
1297 857
1293 857
1293 856
1292 856
1292 855
1291 855
1291 854
1290 854
1290 853
1289 853
1289 852
1288 852
1288 845
1287 845
1287 838
1286 838
1286 831
1285 831
1285 829
1286 829
1286 825
1285 825
1285 820
1284 820
1284 818
1283 818
1283 817
1282 817
1282 816
1281 816
1281 815
1279 815
1279 814
1276 814
1276 813
1274 813
1274 812
1271 812
1271 811
1269 811
1269 810
1266 810
1266 809
1265 809
1265 808
1264 808
1264 807
1263 807
1263 806
1262 806
1262 805
1261 805
1261 803
1260 803
1260 800
1259 800
1259 797
1258 797
1258 796
1257 796
1257 794
1256 794
1256 792
1255 792
1255 778
1254 778
1254 777
1253 777
1253 776
1250 776
1250 775
1248 775
1248 774
1247 774
1247 773
1245 773
1245 772
1244 772
1244 770
1243 770
1243 768
1242 768
1242 763
1241 763
1241 759
1240 759
1240 755
1239 755
1239 733
1238 733
1238 722
1235 722
1235 721
1231 721
1231 720
1229 720
1229 719
1228 719
1228 718
1227 718
1227 717
1226 717
1226 712
1225 712
1225 709
1224 709
1224 707
1223 707
1223 706
1219 706
1219 705
1218 705
1218 704
1217 704
1217 703
1216 703
1216 702
1215 702
1215 701
1214 701
1214 699
1213 699
1213 698
1212 698
1212 692
1211 692
1211 687
1210 687
1210 681
1209 681
1209 674
1210 674
1210 672
1209 672
1209 661
1208 661
1208 657
1209 657
1209 652
1204 652
1204 651
1201 651
1201 650
1200 650
1200 649
1199 649
1199 648
1198 648
1198 647
1197 647
1197 645
1196 645
1196 636
1195 636
1195 627
1194 627
1194 621
1193 621
1193 618
1192 618
1192 617
1186 617
1186 616
1177 616
1177 615
1174 615
1174 614
1172 614
1172 613
1171 613
1171 612
1170 612
1170 610
1169 610
1169 607
1168 607
1168 603
1167 603
1167 596
1166 596
1166 592
1165 592
1165 577
1164 577
1164 570
1163 570
1163 563
1161 563
1161 562
1154 562
1154 563
1147 563
1147 564
1134 564
1134 563
1132 563
1132 562
1130 562
1130 561
1129 561
1129 560
1128 560
1128 559
1127 559
1127 557
1126 557
1126 545
1125 545
1125 540
1124 540
1124 534
1123 534
1123 528
1122 528
1122 511
1121 511
1121 501
1119 501
1119 489
1118 489
1118 488
1115 488
1115 487
1114 487
1114 486
1113 486
1113 485
1112 485
1112 484
1110 484
1110 483
1109 483
1109 482
1108 482
1108 481
1105 481
1105 482
1104 482
1104 483
1103 483
1103 484
1098 484
1098 483
1093 483
1093 482
1091 482
1091 481
1093 481
1093 482
1098 482
1098 483
1103 483
1103 482
1104 482
1104 481
1105 481
1105 480
1108 480
1108 481
1109 481
1109 482
1110 482
1110 483
1112 483
1112 484
1113 484
1113 485
1114 485
1114 486
1115 486
1115 487
1118 487
1118 488
1119 488
1119 489
1120 489
1120 500
1121 500
1121 501
1122 501
1122 511
1123 511
1123 528
1124 528
1124 534
1125 534
1125 540
1126 540
1126 545
1127 545
1127 557
1128 557
1128 559
1129 559
1129 560
1130 560
1130 561
1132 561
1132 562
1134 562
1134 563
1147 563
1147 562
1154 562
1154 561
1161 561
1161 562
1163 562
1163 563
1164 563
1164 570
1165 570
1165 577
1166 577
1166 592
1167 592
1167 596
1168 596
1168 603
1169 603
1169 607
1170 607
1170 610
1171 610
1171 612
1172 612
1172 613
1174 613
1174 614
1177 614
1177 615
1186 615
1186 616
1192 616
1192 617
1193 617
1193 618
1194 618
1194 621
1195 621
1195 627
1196 627
1196 636
1197 636
1197 645
1198 645
1198 647
1199 647
1199 648
1200 648
1200 649
1201 649
1201 650
1204 650
1204 651
1209 651
1209 652
1210 652
1210 657
1209 657
1209 661
1210 661
1210 672
1211 672
1211 674
1210 674
1210 681
1211 681
1211 687
1212 687
1212 692
1213 692
1213 698
1214 698
1214 699
1215 699
1215 701
1216 701
1216 702
1217 702
1217 703
1218 703
1218 704
1219 704
1219 705
1223 705
1223 706
1224 706
1224 707
1225 707
1225 709
1226 709
1226 712
1227 712
1227 717
1228 717
1228 718
1229 718
1229 719
1231 719
1231 720
1235 720
1235 721
1238 721
1238 722
1239 722
1239 733
1240 733
1240 755
1241 755
1241 759
1242 759
1242 763
1243 763
1243 768
1244 768
1244 770
1245 770
1245 772
1247 772
1247 773
1248 773
1248 774
1250 774
1250 775
1253 775
1253 776
1254 776
1254 777
1255 777
1255 778
1256 778
1256 792
1257 792
1257 794
1258 794
1258 796
1259 796
1259 797
1260 797
1260 800
1261 800
1261 803
1262 803
1262 805
1263 805
1263 806
1264 806
1264 807
1265 807
1265 808
1266 808
1266 809
1269 809
1269 810
1271 810
1271 811
1274 811
1274 812
1276 812
1276 813
1279 813
1279 814
1281 814
1281 815
1282 815
1282 816
1283 816
1283 817
1284 817
1284 818
1285 818
1285 820
1286 820
1286 825
1287 825
1287 829
1286 829
1286 831
1287 831
1287 838
1288 838
1288 845
1289 845
1289 852
1290 852
1290 853
1291 853
1291 854
1292 854
1292 855
1293 855
1293 856
1297 856
1297 857
1299 857
1299 858
1300 858
1300 864
1301 864
1301 868
1302 868
1302 872
1303 872
1303 877
1304 877
1304 878
1305 878
1305 880
1306 880
1306 882
1307 882
1307 884
1308 884
1308 886
1309 886
1309 888
1311 888
1311 889
1312 889
1312 890
1315 890
1315 891
1316 891
1316 892
1317 892
1317 893
1318 893
1318 894
1319 894
1319 898
1320 898
1320 901
1321 901
1321 902
1322 902
1322 903
1323 903
1323 904
1324 904
1324 905
1325 905
1325 906
1328 906
1328 907
1335 907
1335 908
1337 908
1337 909
1340 909
1340 910
1341 910
1341 911
1342 911
1342 912
1343 912
1343 913
1344 913
1344 914
1345 914
1345 915
1347 915
1347 916
1348 916
1348 917
1349 917
1349 918
1351 918
1351 919
1355 919
1355 920
1356 920
1356 921
1358 921
1358 922
1361 922
1361 923
1384 923
1384 922
1391 922
1391 921
1393 921
1393 920
1400 920
1400 919
1403 919
1403 918
1404 918
1404 917
1405 917
1405 916
1406 916
1406 915
1407 915
1407 914
1409 914
1409 913
1410 913
1410 912
1411 912
1411 911
1412 911
1412 910
1413 910
1413 909
1415 909
1415 910
1416 910
1416 913
1417 913
1417 939
1418 939
1418 945
1419 945
1419 961
1420 961
1420 964
1421 964
1421 970
1422 970
1422 974
1423 974
1423 977
1424 977
1424 979
1425 979
1425 980
1426 980
1426 981
1427 981
1427 982
1428 982
1428 983
1429 983
1429 984
1430 984
1430 985
1433 985
1433 986
1435 986
1435 987
1437 987
1437 988
1439 988
1439 989
1440 989
1440 990
1441 990
1441 991
1442 991
1442 992
1444 992
1444 993
1448 993
1448 994
1451 994
1451 995
1452 995
1452 996
1453 996
1453 997
1454 997
1454 998
1455 998
1455 999
1456 999
1456 1001
1457 1001
1457 1003
1458 1003
1458 1005
1459 1005
1459 1007
1460 1007
1460 1008
1461 1008
1461 1009
1462 1009
1462 1010
1463 1010
1463 1012
1464 1012
1464 1013
1465 1013
1465 1015
1466 1015
1466 1016
1467 1016
1467 1017
1468 1017
1468 1018
1469 1018
1469 1019
1471 1019
1471 1020
1473 1020
1473 1021
1474 1021
1474 1022
1475 1022
1475 1023
1476 1023
1476 1024
1484 1024
1484 1025
1488 1025
1488 1026
1503 1026
1503 1025
1508 1025
1508 1024
1511 1024
1511 1023
1519 1023
1519 1022
1520 1022
1520 1021
1523 1021
1523 1020
1526 1020
1526 1019
1532 1019
1532 1020
1533 1020
1533 1021
1534 1021
1534 1022
1535 1022
1535 1024
1536 1024
1536 1026
1537 1026
1537 1028
1538 1028
1538 1029
1539 1029
1539 1031
1540 1031
1540 1032
1541 1032
1541 1033
1544 1033
1544 1034
1547 1034
1547 1035
1553 1035
1553 1034
1554 1034
1554 1035
1558 1035
1558 1036
1560 1036
1560 1037
1561 1037
1561 1038
1562 1038
1562 1039
1563 1039
1563 1040
1564 1040
1564 1041
1565 1041
1565 1042
1566 1042
1566 1048
1567 1048
1567 1059
1566 1059
1566 1061
1567 1061
1567 1069
1568 1069
1568 1071
1569 1071
1569 1072
1570 1072
1570 1073
1571 1073
1571 1074
1573 1074
1573 1075
1574 1075
1574 1076
1575 1076
1575 1077
1576 1077
1576 1078
1577 1078
1577 1079
1578 1079
1578 1081
1579 1081
1579 1083
1580 1083
1580 1086
1581 1086
1581 1088
1582 1088
1582 1098
1583 1098
1583 1102
1584 1102
1584 1104
1585 1104
1585 1105
1586 1105
1586 1106
1590 1106
1590 1107
1606 1107
1606 1108
1609 1108
1609 1109
1610 1109
1610 1110
1612 1110
1612 1111
1614 1111
1614 1112
1616 1112
1616 1113
1617 1113
1617 1114
1619 1114
1619 1115
1620 1115
1620 1116
1621 1116
1621 1117
1623 1117
1623 1118
1624 1118
1624 1119
1626 1119
1626 1120
1629 1120
1629 1121
1631 1121
1631 1122
1640 1122
1640 1123
1643 1123
1643 1124
1644 1124
1644 1125
1646 1125
1646 1126
1647 1126
1647 1127
1649 1127
1649 1128
1652 1128
1652 1129
1655 1129
1655 1130
1660 1130
1660 1129
1662 1129
1662 1128
1664 1128
1664 1127
1667 1127
1667 1126
1670 1126
1670 1125
1678 1125
1678 1124
1687 1124
1687 1125
1699 1125
1699 1124
1706 1124
1706 1123
1709 1123
1709 1124
1717 1124
1717 1125
1719 1125
1719 1126
1722 1126
1722 1127
1723 1127
1723 1128
1725 1128
1725 1129
1726 1129
1726 1130
1727 1130
1727 1131
1728 1131
1728 1132
1729 1132
1729 1133
1730 1133
1730 1134
1731 1134
1731 1135
1732 1135
1732 1137
1733 1137
1733 1138
1734 1138
1734 1139
1735 1139
1735 1140
1736 1140
1736 1141
1737 1141
1737 1142
1739 1142
1739 1143
1741 1143
1741 1144
1743 1144
1743 1145
1746 1145
1746 1146
1751 1146
1751 1147
1753 1147
1753 1148
1756 1148
1756 1149
1758 1149
1758 1150
1761 1150
1761 1151
1762 1151
1762 1152
1765 1152
1765 1153
1767 1153
1767 1154
1768 1154
1768 1155
1769 1155
1769 1156
1772 1156
1772 1157
1773 1157
1773 1158
1775 1158
1775 1159
1777 1159
1777 1160
1779 1160
1779 1161
1781 1161
1781 1162
1782 1162
1782 1163
1786 1163
1786 1165
1788 1165
1788 1166
1789 1166
1789 1165
1792 1165
1792 1167
1795 1167
1795 1168
1796 1168
1796 1169
1803 1169
1803 1170
1804 1170
1804 1171
1811 1171
1811 1172
1816 1172
1816 1173
1828 1173
1828 1174
1829 1174
1829 1175
1831 1175
1831 1176
1832 1176
1832 1177
1847 1177
1847 1176
1851 1176
1851 1175
1865 1175
1865 1174
1868 1174
1868 1173
1871 1173
1871 1172
1874 1172
1874 1171
1879 1171
1879 1170
1887 1170
1887 1169
1913 1169
1913 1170
1914 1170
1914 1171
1915 1171
1915 1172
1916 1172
1916 1173
1917 1173
1917 1174
1918 1174
1918 1176
1920 1176
1920 1177
1926 1177
1926 1178
1929 1178
1929 1179
1933 1179
1933 1180
1937 1180
1937 1181
1939 1181
1939 1182
1967 1182
1967 1183
1971 1183
1971 1184
1972 1184
1972 1185
1974 1185
1974 1186
1975 1186
1975 1187
1977 1187
1977 1188
1979 1188
1979 1189
1981 1189
1981 1190
1983 1190
1983 1191
2009 1191
2009 1192
2026 1192
2026 1191
2029 1191
2029 1192
2035 1192
2035 1193
2038 1193
2038 1194
2040 1194
2040 1195
2042 1195
2042 1196
2043 1196
2043 1197
2044 1197
2044 1198
2045 1198
2045 1199
2046 1199
2046 1200
2050 1200
2050 1201
2071 1201
2071 1200
2090 1200
2090 1199
2099 1199
2099 1198
2121 1198
2121 1199
2123 1199
2123 1200
2125 1200
2125 1201
2126 1201
2126 1202
2127 1202
2127 1203
2130 1203
2130 1204
2131 1204
2131 1205
2135 1205
2135 1206
2137 1206
2137 1207
2141 1207
2141 1208
2147 1208
2147 1207
2150 1207
2150 1206
2153 1206
2153 1205
2155 1205
2155 1204
2156 1204
2156 1203
2157 1203
2157 1202
2159 1202
2159 1200
2160 1200
2160 1199
2161 1199
2161 1198
2162 1198
2162 1197
2163 1197
2163 1196
2164 1196
2164 1194
2165 1194
2165 1193
2166 1193
2166 1192
2193 1192
2193 1193
2199 1193
2199 1194
2208 1194
2208 1195
2218 1195
2218 1196
2220 1196
2220 1197
2223 1197
2223 1198
2224 1198
2224 1199
2226 1199
2226 1200
2227 1200
2227 1201
2228 1201
2228 1202
2229 1202
2229 1203
2230 1203
2230 1204
2232 1204
2232 1205
2233 1205
2233 1206
2236 1206
2236 1207
2240 1207
2240 1208
2249 1208
2249 1207
2250 1207
2250 1206
2251 1206
2251 1205
2252 1205
2252 1201
2253 1201
2253 1197
2252 1197
2252 1195
2253 1195
2253 1191
2254 1191
2254 1190
2264 1190
2264 1189
2265 1189
2265 1184
2268 1184
2268 1177
2267 1177
2267 1174
2266 1174
2266 1171
2265 1171
2265 1164
2275 1164
2275 1163
2283 1163
2283 1161
2284 1161
2284 1160
2285 1160
2285 1159
2286 1159
2286 1158
2290 1158
2290 1157
2292 1157
2292 1156
2295 1156
2295 1155
2296 1155
2296 1153
2297 1153
2297 1152
2298 1152
2298 1150
2299 1150
2299 1148
2300 1148
2300 1144
2301 1144
2301 1142
2302 1142
2302 1141
2303 1141
2303 1139
2304 1139
2304 1138
2306 1138
2306 1137
2307 1137
2307 1136
2309 1136
2309 1137
2313 1137
2313 1136
2314 1136
2314 1134
2315 1134
2315 1133
2316 1133
2316 1130
2317 1130
2317 1129
2318 1129
2318 1128
2319 1128
2319 1127
2320 1127
2320 1126
2321 1126
2321 1125
2322 1125
2322 1121
2326 1121
2326 1119
2327 1119
2327 1117
2328 1117
2328 1116
2330 1116
2330 1115
2331 1115
2331 1114
2332 1114
2332 1106
2333 1106
2333 1105
2339 1105
2339 1104
2343 1104
2343 1103
2344 1103
2344 1101
2345 1101
2345 1100
2346 1100
2346 1099
2354 1099
2354 1098
2356 1098
2356 1097
2357 1097
2357 1096
2358 1096
2358 1094
2361 1094
2361 1095
2364 1095
2364 1096
2366 1096
2366 1097
2367 1097
2367 1098
2368 1098
2368 1099
2369 1099
2369 1100
2370 1100
2370 1101
2371 1101
2371 1102
2372 1102
2372 1103
2373 1103
2373 1104
2374 1104
2374 1105
2376 1105
2376 1106
2378 1106
2378 1107
2379 1107
2379 1108
2382 1108
2382 1109
2387 1109
2387 1110
2392 1110
2392 1111
2394 1111
2394 1112
2409 1112
2409 1113
2413 1113
2413 1114
2416 1114
2416 1115
2418 1115
2418 1116
2419 1116
2419 1117
2420 1117
2420 1118
2422 1118
2422 1119
2423 1119
2423 1120
2424 1120
2424 1121
2425 1121
2425 1122
2426 1122
2426 1123
2431 1123
2431 1122
2432 1122
2432 1121
2437 1121
2437 1120
2439 1120
2439 1119
2443 1119
2443 1118
2451 1118
2451 1117
2472 1117
2472 1116
2473 1116
2473 1115
2474 1115
2474 1114
2475 1114
2475 1113
2476 1113
2476 1112
2478 1112
2478 1111
2480 1111
2480 1110
2481 1110
2481 1109
2484 1109
2484 1108
2489 1108
2489 1107
2490 1107
2490 1106
2492 1106
2492 1102
2493 1102
2493 1101
2494 1101
2494 1100
2495 1100
2495 1099
2496 1099
2496 1098
2497 1098
2497 1096
2505 1096
2505 1095
2508 1095
2508 1094
2509 1094
2509 1092
2510 1092
2510 1091
2511 1091
2511 1090
2512 1090
2512 1089
2513 1089
2513 1088
2516 1088
2516 1086
2517 1086
2517 1085
2518 1085
2518 1082
2521 1082
2521 1081
2523 1081
2523 1079
2524 1079
2524 1078
2525 1078
2525 1077
2526 1077
2526 1076
2527 1076
2527 1075
2528 1075
2528 1073
2529 1073
2529 1071
2531 1071
2531 1070
2532 1070
2532 1068
2533 1068
2533 1067
2534 1067
2534 1066
2535 1066
2535 1065
2548 1065
2548 1063
2549 1063
2549 1058
2550 1058
2550 1056
2551 1056
2551 1055
2552 1055
2552 1053
2553 1053
2553 1052
2554 1052
2554 1051
2555 1051
2555 1050
2556 1050
2556 1049
2558 1049
2558 1047
2559 1047
2559 1046
2560 1046
2560 1045
2562 1045
2562 1044
2564 1044
2564 1043
2565 1043
2565 1042
2566 1042
2566 1041
2567 1041
2567 1040
2568 1040
2568 1039
2569 1039
2569 1038
2570 1038
2570 1037
2571 1037
2571 1036
2572 1036
2572 1035
2574 1035
2574 1032
2575 1032
2575 1030
2574 1030
2574 1024
2575 1024
2575 1023
2591 1023
2591 1024
2592 1024
2592 1025
2594 1025
2594 1026
2596 1026
2596 1027
2598 1027
2598 1028
2599 1028
2599 1029
2600 1029
2600 1031
2601 1031
2601 1032
2602 1032
2602 1033
2603 1033
2603 1036
2604 1036
2604 1037
2605 1037
2605 1038
2606 1038
2606 1039
2607 1039
2607 1040
2608 1040
2608 1041
2612 1041
2612 1042
2619 1042
2619 1041
2621 1041
2621 1040
2623 1040
2623 1039
2624 1039
2624 1038
2625 1038
2625 1037
2626 1037
2626 1036
2627 1036
2627 1035
2628 1035
2628 1034
2629 1034
2629 1033
2630 1033
2630 1032
2633 1032
2633 1031
2634 1031
2634 1029
2635 1029
2635 1028
2637 1028
2637 1027
2644 1027
2644 1026
2656 1026
2656 1025
2657 1025
2657 1024
2658 1024
2658 1023
2660 1023
2660 1022
2661 1022
2661 1021
2664 1021
2664 1020
2666 1020
2666 1019
2668 1019
2668 1018
2669 1018
2669 1017
2670 1017
2670 1016
2672 1016
2672 1015
2677 1015
2677 1014
2679 1014
2679 1012
2680 1012
2680 1011
2681 1011
2681 1010
2684 1010
2684 1009
2685 1009
2685 1008
2691 1008
2691 1007
2692 1007
2692 1006
2694 1006
2694 1005
2696 1005
2696 1003
2697 1003
2697 1002
2698 1002
2698 1001
2701 1001
2701 1000
2703 1000
2703 999
2704 999
2704 998
2706 998
2706 997
2707 997
2707 995
2708 995
2708 993
2710 993
2710 992
2711 992
2711 991
2712 991
2712 990
2713 990
2713 989
2714 989
2714 988
2716 988
2716 987
2717 987
2717 986
2718 986
2718 985
2720 985
2720 984
2722 984
2722 983
2723 983
2723 981
2724 981
2724 980
2725 980
2725 979
2726 979
2726 977
2727 977
2727 975
2728 975
2728 974
2729 974
2729 972
2730 972
2730 971
2731 971
2731 970
2732 970
2732 969
2735 969
2735 968
2736 968
2736 967
2737 967
2737 966
2739 966
2739 965
2742 965
2742 964
2743 964
2743 963
2746 963
2746 962
2748 962
2748 959
2749 959
2749 958
2750 958
2750 955
2751 955
2751 953
2752 953
2752 952
2753 952
2753 951
2754 951
2754 950
2755 950
2755 949
2757 949
2757 948
2758 948
2758 947
2759 947
2759 946
2760 946
2760 945
2761 945
2761 943
2762 943
2762 942
2763 942
2763 937
2764 937
2764 935
2765 935
2765 934
2766 934
2766 933
2768 933
2768 932
2769 932
2769 931
2770 931
2770 930
2771 930
2771 929
2772 929
2772 928
2773 928
2773 927
2774 927
2774 926
2775 926
2775 925
2776 925
2776 924
2777 924
2777 923
2778 923
2778 921
2779 921
2779 920
2780 920
2780 919
2781 919
2781 918
2782 918
2782 917
2783 917
2783 916
2784 916
2784 915
2785 915
2785 914
2786 914
2786 913
2787 913
2787 912
2789 912
2789 911
2790 911
2790 910
2791 910
2791 909
2792 909
2792 908
2793 908
2793 907
2794 907
2794 906
2795 906
2795 905
2796 905
2796 902
2797 902
2797 899
2798 899
2798 898
2799 898
2799 895
2800 895
2800 893
2801 893
2801 892
2802 892
2802 891
2803 891
2803 890
2804 890
2804 889
2805 889
2805 888
2806 888
2806 887
2808 887
2808 886
2809 886
2809 885
2811 885
2811 884
2812 884
2812 883
2813 883
2813 882
2814 882
2814 881
2816 881
2816 880
2817 880
2817 879
2818 879
2818 878
2819 878
2819 877
2821 877
2821 876
2822 876
2822 874
2823 874
2823 870
2824 870
2824 866
2825 866
2825 862
2826 862
2826 861
2827 861
2827 860
2828 860
2828 858
2829 858
2829 857
2830 857
2830 856
2832 856
2832 855
2833 855
2833 854
2834 854
2834 853
2835 853
2835 852
2836 852
2836 851
2837 851
2837 848
2838 848
2838 846
2839 846
2839 845
2840 845
2840 844
2841 844
2841 843
2842 843
2842 842
2843 842
2843 841
2844 841
2844 840
2845 840
2845 839
2846 839
2846 838
2847 838
2847 837
2848 837
2848 836
2849 836
2849 835
2850 835
2850 833
2851 833
2851 831
2852 831
2852 828
2853 828
2853 824
2854 824
2854 821
2855 821
2855 806
2856 806
2856 800
2857 800
2857 796
2858 796
2858 792
2859 792
2859 785
2860 785
2860 776
2861 776
2861 771
2862 771
2862 770
2865 770
2865 769
2866 769
2866 768
2867 768
2867 767
2868 767
2868 766
2869 766
2869 764
2870 764
2870 762
2871 762
2871 761
2872 761
2872 758
2873 758
2873 757
2874 757
2874 747
2875 747
2875 746
2882 746
2882 745
2885 745
2885 744
2890 744
2890 743
2895 743
2895 742
2896 742
2896 741
2898 741
2898 739
2899 739
2899 738
2900 738
2900 737
2901 737
2901 736
2902 736
2902 735
2903 735
2903 725
2904 725
2904 724
2906 724
2906 723
2908 723
2908 722
2909 722
2909 721
2910 721
2910 720
2911 720
2911 719
2912 719
2912 718
2920 718
2920 719
2924 719
2924 720
2925 720
2925 721
2926 721
2926 722
2929 722
2929 723
2931 723
2931 724
2934 724
2934 725
2936 725
2936 724
2939 724
2939 723
2944 723
2944 722
2945 722
2945 721
2946 721
2946 720
2947 720
2947 719
2948 719
2948 718
2949 718
2949 717
2953 717
2953 718
2949 718
2949 719
2948 719
2948 720
2947 720
2947 721
2946 721
2946 722
2945 722
2945 723
2944 723
2944 724
2939 724
2939 725
2936 725
2936 726
2934 726
2934 725
2931 725
2931 724
2929 724
2929 723
2925 723
2925 721
2924 721
2924 720
2920 720
2920 719
2912 719
2912 720
2911 720
2911 721
2910 721
2910 722
2909 722
2909 723
2908 723
2908 724
2906 724
2906 725
2904 725
2904 735
2903 735
2903 736
2902 736
2902 737
2901 737
2901 738
2900 738
2900 739
2899 739
2899 741
2898 741
2898 742
2896 742
2896 743
2895 743
2895 744
2890 744
2890 745
2885 745
2885 746
2882 746
2882 747
2875 747
2875 757
2874 757
2874 758
2873 758
2873 761
2872 761
2872 762
2871 762
2871 764
2870 764
2870 766
2869 766
2869 767
2868 767
2868 768
2867 768
2867 769
2866 769
2866 770
2865 770
2865 771
2862 771
2862 776
2861 776
2861 785
2860 785
2860 792
2859 792
2859 796
2858 796
2858 800
2857 800
2857 806
2856 806
2856 821
2855 821
2855 824
2854 824
2854 828
2853 828
2853 831
2852 831
2852 833
2851 833
2851 835
2850 835
2850 836
2849 836
2849 837
2848 837
2848 838
2847 838
2847 839
2846 839
2846 840
2845 840
2845 841
2844 841
2844 842
2843 842
2843 843
2842 843
2842 844
2841 844
2841 845
2840 845
2840 846
2839 846
2839 848
2838 848
2838 851
2837 851
2837 852
2836 852
2836 853
2835 853
2835 854
2834 854
2834 855
2833 855
2833 856
2832 856
2832 857
2830 857
2830 858
2829 858
2829 860
2828 860
2828 861
2827 861
2827 862
2826 862
2826 866
2825 866
2825 870
2824 870
2824 874
2823 874
2823 876
2822 876
2822 877
2821 877
2821 878
2819 878
2819 879
2818 879
2818 880
2817 880
2817 881
2816 881
2816 882
2814 882
2814 883
2813 883
2813 884
2812 884
2812 885
2811 885
2811 886
2809 886
2809 887
2808 887
2808 888
2806 888
2806 889
2805 889
2805 890
2804 890
2804 891
2803 891
2803 892
2802 892
2802 893
2801 893
2801 895
2800 895
2800 898
2799 898
2799 899
2798 899
2798 902
2797 902
2797 905
2796 905
2796 906
2795 906
2795 907
2794 907
2794 908
2793 908
2793 909
2792 909
2792 910
2791 910
2791 911
2790 911
2790 912
2789 912
2789 913
2787 913
2787 914
2786 914
2786 915
2785 915
2785 916
2784 916
2784 917
2783 917
2783 918
2782 918
2782 919
2781 919
2781 920
2780 920
2780 921
2779 921
2779 923
2778 923
2778 924
2777 924
2777 925
2776 925
2776 926
2775 926
2775 927
2774 927
2774 928
2773 928
2773 929
2772 929
2772 930
2771 930
2771 931
2770 931
2770 932
2769 932
2769 933
2768 933
2768 934
2766 934
2766 935
2765 935
2765 937
2764 937
2764 942
2763 942
2763 943
2762 943
2762 945
2761 945
2761 946
2760 946
2760 947
2759 947
2759 948
2758 948
2758 949
2757 949
2757 950
2755 950
2755 951
2754 951
2754 952
2753 952
2753 953
2752 953
2752 955
2751 955
2751 958
2750 958
2750 959
2749 959
2749 962
2748 962
2748 963
2746 963
2746 964
2743 964
2743 965
2742 965
2742 966
2739 966
2739 967
2737 967
2737 968
2736 968
2736 969
2735 969
2735 970
2732 970
2732 971
2731 971
2731 972
2730 972
2730 974
2729 974
2729 975
2728 975
2728 977
2727 977
2727 979
2726 979
2726 980
2725 980
2725 981
2724 981
2724 983
2723 983
2723 984
2722 984
2722 985
2720 985
2720 986
2718 986
2718 987
2717 987
2717 988
2716 988
2716 989
2714 989
2714 990
2713 990
2713 991
2712 991
2712 992
2711 992
2711 993
2710 993
2710 994
2709 994
2709 995
2708 995
2708 997
2707 997
2707 998
2706 998
2706 999
2704 999
2704 1000
2703 1000
2703 1001
2701 1001
2701 1002
2698 1002
2698 1003
2697 1003
2697 1005
2696 1005
2696 1006
2694 1006
2694 1007
2692 1007
2692 1008
2691 1008
2691 1009
2685 1009
2685 1010
2684 1010
2684 1011
2681 1011
2681 1012
2680 1012
2680 1014
2679 1014
2679 1015
2677 1015
2677 1016
2672 1016
2672 1017
2670 1017
2670 1018
2669 1018
2669 1019
2668 1019
2668 1020
2666 1020
2666 1021
2664 1021
2664 1022
2661 1022
2661 1023
2660 1023
2660 1024
2658 1024
2658 1025
2657 1025
2657 1026
2656 1026
2656 1027
2644 1027
2644 1028
2637 1028
2637 1029
2635 1029
2635 1031
2634 1031
2634 1032
2633 1032
2633 1033
2630 1033
2630 1034
2629 1034
2629 1035
2628 1035
2628 1036
2627 1036
2627 1037
2626 1037
2626 1038
2625 1038
2625 1039
2624 1039
2624 1040
2623 1040
2623 1041
2621 1041
2621 1042
2619 1042
2619 1043
2612 1043
2612 1042
2608 1042
2608 1041
2607 1041
2607 1040
2606 1040
2606 1039
2605 1039
2605 1038
2604 1038
2604 1037
2603 1037
2603 1036
2602 1036
2602 1033
2601 1033
2601 1032
2600 1032
2600 1031
2599 1031
2599 1029
2598 1029
2598 1028
2596 1028
2596 1027
2594 1027
2594 1026
2592 1026
2592 1025
2591 1025
2591 1024
2575 1024
2575 1030
2576 1030
2576 1032
2575 1032
2575 1036
2572 1036
2572 1037
2571 1037
2571 1038
2570 1038
2570 1039
2569 1039
2569 1040
2568 1040
2568 1041
2567 1041
2567 1042
2566 1042
2566 1043
2565 1043
2565 1044
2564 1044
2564 1045
2562 1045
2562 1046
2560 1046
2560 1047
2559 1047
2559 1049
2558 1049
2558 1050
2556 1050
2556 1051
2555 1051
2555 1052
2554 1052
2554 1053
2553 1053
2553 1055
2552 1055
2552 1056
2551 1056
2551 1058
2550 1058
2550 1063
2549 1063
2549 1065
2548 1065
2548 1066
2535 1066
2535 1067
2534 1067
2534 1068
2533 1068
2533 1070
2532 1070
2532 1071
2531 1071
2531 1072
2530 1072
2530 1073
2529 1073
2529 1075
2528 1075
2528 1076
2527 1076
2527 1077
2526 1077
2526 1078
2525 1078
2525 1079
2524 1079
2524 1081
2523 1081
2523 1082
2521 1082
2521 1083
2519 1083
2519 1085
2518 1085
2518 1086
2517 1086
2517 1088
2516 1088
2516 1089
2513 1089
2513 1090
2512 1090
2512 1091
2511 1091
2511 1092
2510 1092
2510 1094
2509 1094
2509 1095
2508 1095
2508 1096
2505 1096
2505 1097
2498 1097
2498 1098
2497 1098
2497 1099
2496 1099
2496 1100
2495 1100
2495 1101
2494 1101
2494 1102
2493 1102
2493 1106
2492 1106
2492 1107
2490 1107
2490 1108
2489 1108
2489 1109
2484 1109
2484 1110
2481 1110
2481 1111
2480 1111
2480 1112
2478 1112
2478 1113
2476 1113
2476 1114
2475 1114
2475 1115
2474 1115
2474 1117
2472 1117
2472 1118
2451 1118
2451 1119
2443 1119
2443 1120
2439 1120
2439 1121
2437 1121
2437 1122
2432 1122
2432 1123
2431 1123
2431 1124
2426 1124
2426 1123
2425 1123
2425 1122
2424 1122
2424 1121
2423 1121
2423 1120
2422 1120
2422 1119
2420 1119
2420 1118
2419 1118
2419 1117
2418 1117
2418 1116
2416 1116
2416 1115
2413 1115
2413 1114
2409 1114
2409 1113
2394 1113
2394 1112
2392 1112
2392 1111
2387 1111
2387 1110
2382 1110
2382 1109
2379 1109
2379 1108
2378 1108
2378 1107
2376 1107
2376 1106
2374 1106
2374 1105
2373 1105
2373 1104
2372 1104
2372 1103
2371 1103
2371 1102
2370 1102
2370 1101
2369 1101
2369 1100
2368 1100
2368 1099
2367 1099
2367 1098
2366 1098
2366 1097
2364 1097
2364 1096
2361 1096
2361 1095
2359 1095
2359 1096
2358 1096
2358 1097
2357 1097
2357 1098
2356 1098
2356 1099
2354 1099
2354 1100
2346 1100
2346 1101
2345 1101
2345 1103
2344 1103
2344 1104
2343 1104
2343 1105
2339 1105
2339 1106
2333 1106
2333 1114
2332 1114
2332 1115
2331 1115
2331 1116
2330 1116
2330 1117
2328 1117
2328 1120
2327 1120
2327 1121
2326 1121
2326 1122
2323 1122
