2241 997
2240 997
2240 998
2236 998
2236 1002
2235 1002
2235 1016
2234 1016
2234 1017
2231 1017
2231 1018
2228 1018
2228 1019
2226 1019
2226 1020
2225 1020
2225 1029
2224 1029
2224 1030
2223 1030
2223 1031
2221 1031
2221 1032
2219 1032
2219 1033
2217 1033
2217 1034
2216 1034
2216 1035
2215 1035
2215 1036
2214 1036
2214 1037
2213 1037
2213 1038
2212 1038
2212 1039
2211 1039
2211 1040
2184 1040
2184 1039
2181 1039
2181 1038
2169 1038
2169 1037
2160 1037
2160 1036
2156 1036
2156 1035
2154 1035
2154 1034
2152 1034
2152 1033
2150 1033
2150 1032
2147 1032
2147 1031
2146 1031
2146 1030
2144 1030
2144 1029
2143 1029
2143 1028
2142 1028
2142 1027
2139 1027
2139 1026
2135 1026
2135 1025
2132 1025
2132 1024
2123 1024
2123 1023
2120 1023
2120 1022
2117 1022
2117 1021
2115 1021
2115 1020
2113 1020
2113 1019
2109 1019
2109 1018
2108 1018
2108 1017
2107 1017
2107 1016
2105 1016
2105 1015
2104 1015
2104 1012
2103 1012
2103 996
2102 996
2102 995
2103 995
2103 975
2102 975
2102 974
2101 974
2101 965
2100 965
2100 964
2096 964
2096 963
2090 963
2090 964
2085 964
2085 965
2078 965
2078 964
2076 964
2076 963
2072 963
2072 962
2070 962
2070 963
2069 963
2069 964
2068 964
2068 965
2067 965
2067 971
2066 971
2066 984
2067 984
2067 993
2068 993
2068 1005
2067 1005
2067 1011
2066 1011
2066 1012
2065 1012
2065 1013
2064 1013
2064 1014
2063 1014
2063 1015
2061 1015
2061 1016
2060 1016
2060 1018
2059 1018
2059 1019
2058 1019
2058 1020
2057 1020
2057 1021
2056 1021
2056 1022
2055 1022
2055 1023
2053 1023
2053 1024
2050 1024
2050 1025
2047 1025
2047 1026
2043 1026
2043 1027
2014 1027
2014 1028
2010 1028
2010 1029
2008 1029
2008 1030
2007 1030
2007 1031
2006 1031
2006 1032
2005 1032
2005 1033
2004 1033
2004 1034
2003 1034
2003 1035
2002 1035
2002 1036
2001 1036
2001 1037
2000 1037
2000 1038
1987 1038
1987 1039
1985 1039
1985 1040
1979 1040
1979 1041
1978 1041
1978 1042
1976 1042
1976 1043
1958 1043
1958 1042
1940 1042
1940 1043
1934 1043
1934 1042
1933 1042
1933 1041
1932 1041
1932 1039
1931 1039
1931 1038
1930 1038
1930 1029
1929 1029
1929 1027
1928 1027
1928 1026
1927 1026
1927 1025
1925 1025
1925 1024
1923 1024
1923 1023
1922 1023
1922 1021
1921 1021
1921 1018
1920 1018
1920 1010
1921 1010
1921 1009
1920 1009
1920 1001
1921 1001
1921 1000
1920 1000
1920 993
1919 993
1919 980
1918 980
1918 977
1917 977
1917 976
1916 976
1916 974
1914 974
1914 973
1900 973
1900 974
1896 974
1896 975
1894 975
1894 976
1893 976
1893 978
1892 978
1892 998
1893 998
1893 1010
1894 1010
1894 1017
1895 1017
1895 1020
1896 1020
1896 1024
1895 1024
1895 1028
1894 1028
1894 1029
1893 1029
1893 1030
1892 1030
1892 1032
1891 1032
1891 1034
1890 1034
1890 1035
1887 1035
1887 1036
1886 1036
1886 1037
1885 1037
1885 1038
1884 1038
1884 1039
1882 1039
1882 1040
1881 1040
1881 1041
1878 1041
1878 1042
1870 1042
1870 1041
1865 1041
1865 1040
1862 1040
1862 1039
1860 1039
1860 1038
1858 1038
1858 1039
1853 1039
1853 1040
1850 1040
1850 1041
1847 1041
1847 1040
1823 1040
1823 1039
1803 1039
1803 1040
1788 1040
1788 1039
1785 1039
1785 1038
1782 1038
1782 1037
1781 1037
1781 1036
1780 1036
1780 1035
1779 1035
1779 1033
1778 1033
1778 1032
1777 1032
1777 1031
1776 1031
1776 1030
1775 1030
1775 1029
1773 1029
1773 1028
1771 1028
1771 1027
1770 1027
1770 1026
1768 1026
1768 1025
1767 1025
1767 1023
1766 1023
1766 1019
1764 1019
1764 1018
1761 1018
1761 1017
1755 1017
1755 1016
1743 1016
1743 1017
1740 1017
1740 1018
1738 1018
1738 1019
1737 1019
1737 1020
1730 1020
1730 1022
1729 1022
1729 1031
1728 1031
1728 1033
1727 1033
1727 1036
1726 1036
1726 1038
1725 1038
1725 1039
1724 1039
1724 1040
1723 1040
1723 1041
1722 1041
1722 1042
1720 1042
1720 1043
1718 1043
1718 1044
1710 1044
1710 1045
1700 1045
1700 1046
1696 1046
1696 1047
1694 1047
1694 1048
1671 1048
1671 1047
1669 1047
1669 1048
1664 1048
1664 1049
1662 1049
1662 1050
1656 1050
1656 1051
1637 1051
1637 1052
1633 1052
1633 1053
1610 1053
1610 1052
1606 1052
1606 1051
1605 1051
1605 1050
1604 1050
1604 1049
1602 1049
1602 1048
1594 1048
1594 1047
1592 1047
1592 1046
1591 1046
1591 1045
1590 1045
1590 1035
1589 1035
1589 1028
1588 1028
1588 1023
1587 1023
1587 1022
1583 1022
1583 1021
1582 1021
1582 1020
1581 1020
1581 1019
1580 1019
1580 1018
1579 1018
1579 1017
1578 1017
1578 1016
1577 1016
1577 1015
1576 1015
1576 1014
1570 1014
1570 1015
1568 1015
1568 1016
1565 1016
1565 1015
1564 1015
1564 1014
1562 1014
1562 1013
1560 1013
1560 1012
1551 1012
1551 1013
1550 1013
1550 1014
1548 1014
1548 1015
1543 1015
1543 1016
1540 1016
1540 1017
1538 1017
1538 1018
1537 1018
1537 1019
1536 1019
1536 1020
1534 1020
1534 1021
1533 1021
1533 1022
1530 1022
1530 1023
1529 1023
1529 1024
1526 1024
1526 1025
1519 1025
1519 1024
1503 1024
1503 1025
1500 1025
1500 1026
1497 1026
1497 1027
1495 1027
1495 1028
1490 1028
1490 1027
1487 1027
1487 1026
1485 1026
1485 1025
1483 1025
1483 1024
1472 1024
1472 1023
1471 1023
1471 1024
1469 1024
1469 1025
1465 1025
1465 1026
1459 1026
1459 1025
1455 1025
1455 1024
1453 1024
1453 1023
1450 1023
1450 1022
1447 1022
1447 1021
1437 1021
1437 1022
1433 1022
1433 1023
1428 1023
1428 1022
1424 1022
1424 1021
1423 1021
1423 1020
1422 1020
1422 1019
1421 1019
1421 1013
1420 1013
1420 1011
1419 1011
1419 1010
1418 1010
1418 1005
1416 1005
1416 1003
1415 1003
1415 1002
1414 1002
1414 1001
1413 1001
1413 1000
1412 1000
1412 999
1411 999
1411 996
1409 996
1409 995
1408 995
1408 993
1406 993
1406 992
1404 992
1404 991
1397 991
1397 990
1395 990
1395 989
1390 989
1390 990
1382 990
1382 991
1374 991
1374 992
1369 992
1369 991
1364 991
1364 990
1352 990
1352 989
1344 989
1344 988
1328 988
1328 989
1327 989
1327 990
1325 990
1325 991
1324 991
1324 1034
1323 1034
1323 1036
1322 1036
1322 1038
1321 1038
1321 1039
1320 1039
1320 1040
1318 1040
1318 1041
1313 1041
1313 1042
1303 1042
1303 1041
1292 1041
1292 1042
1290 1042
1290 1043
1289 1043
1289 1045
1288 1045
1288 1046
1287 1046
1287 1047
1273 1047
1273 1046
1272 1046
1272 1047
1271 1047
1271 1048
1265 1048
1265 1049
1263 1049
1263 1050
1261 1050
1261 1051
1246 1051
1246 1050
1243 1050
1243 1049
1241 1049
1241 1048
1238 1048
1238 1047
1235 1047
1235 1046
1231 1046
1231 1045
1230 1045
1230 1044
1229 1044
1229 1043
1227 1043
1227 1042
1226 1042
1226 1039
1225 1039
1225 1034
1226 1034
1226 1033
1225 1033
1225 1029
1224 1029
1224 1025
1222 1025
1222 1024
1221 1024
1221 1023
1220 1023
1220 1022
1219 1022
1219 1018
1218 1018
1218 1014
1217 1014
1217 1013
1216 1013
1216 1010
1214 1010
1214 1009
1213 1009
1213 1008
1212 1008
1212 1007
1211 1007
1211 1006
1210 1006
1210 1005
1208 1005
1208 1004
1207 1004
1207 1003
1206 1003
1206 1002
1205 1002
1205 1001
1204 1001
1204 1000
1202 1000
1202 999
1200 999
1200 998
1199 998
1199 997
1196 997
1196 996
1192 996
1192 995
1188 995
1188 994
1187 994
1187 993
1186 993
1186 992
1185 992
1185 991
1184 991
1184 990
1183 990
1183 989
1182 989
1182 970
1181 970
1181 967
1180 967
1180 966
1174 966
1174 967
1173 967
1173 968
1171 968
1171 969
1170 969
1170 970
1157 970
1157 969
1150 969
1150 968
1147 968
1147 967
1146 967
1146 966
1144 966
1144 965
1143 965
1143 964
1141 964
1141 963
1139 963
1139 962
1138 962
1138 961
1133 961
1133 960
1127 960
1127 961
1124 961
1124 962
1123 962
1123 963
1122 963
1122 962
1113 962
1113 961
1111 961
1111 960
1109 960
1109 959
1105 959
1105 958
1101 958
1101 957
1100 957
1100 956
1096 956
1096 955
1093 955
1093 954
1090 954
1090 953
1087 953
1087 952
1085 952
1085 951
1083 951
1083 950
1081 950
1081 949
1077 949
1077 948
1074 948
1074 947
1070 947
1070 946
1068 946
1068 945
1059 945
1059 944
1057 944
1057 943
1054 943
1054 942
1052 942
1052 941
1050 941
1050 940
1048 940
1048 939
1047 939
1047 938
1044 938
1044 937
1039 937
1039 936
1037 936
1037 935
1035 935
1035 934
1034 934
1034 933
1033 933
1033 932
1032 932
1032 931
1030 931
1030 930
1029 930
1029 929
1028 929
1028 928
1026 928
1026 927
1022 927
1022 926
1020 926
1020 925
1017 925
1017 924
1014 924
1014 923
1002 923
1002 922
988 922
988 921
986 921
986 920
984 920
984 919
982 919
982 918
977 918
977 917
965 917
965 916
962 916
962 915
960 915
960 914
958 914
958 913
957 913
957 912
954 912
954 911
951 911
951 910
950 910
950 909
949 909
949 908
948 908
948 907
947 907
947 906
946 906
946 904
945 904
945 903
944 903
944 902
942 902
942 901
941 901
941 900
940 900
940 899
939 899
939 898
938 898
938 897
937 897
937 896
935 896
935 895
934 895
934 894
932 894
932 893
931 893
931 892
929 892
929 891
928 891
928 890
926 890
926 889
925 889
925 888
921 888
921 887
918 887
918 888
915 888
915 889
914 889
914 890
913 890
913 891
912 891
912 892
911 892
911 893
908 893
908 894
906 894
906 895
897 895
897 894
892 894
892 893
889 893
889 892
886 892
886 891
884 891
884 890
882 890
882 889
880 889
880 888
878 888
878 887
876 887
876 886
874 886
874 885
873 885
873 884
870 884
870 883
869 883
869 882
868 882
868 881
867 881
867 880
866 880
866 879
865 879
865 877
864 877
864 876
861 876
861 875
848 875
848 874
845 874
845 873
843 873
843 872
841 872
841 871
840 871
840 870
838 870
838 869
836 869
836 868
834 868
834 867
833 867
833 866
830 866
830 865
826 865
826 864
824 864
824 865
820 865
820 866
818 866
818 867
809 867
809 866
807 866
807 865
805 865
805 864
790 864
790 865
783 865
783 866
781 866
781 867
778 867
778 868
772 868
772 867
771 867
771 866
770 866
770 865
768 865
768 864
760 864
760 863
756 863
756 862
753 862
753 861
751 861
751 860
749 860
749 859
748 859
748 858
747 858
747 857
746 857
746 856
745 856
745 855
744 855
744 854
743 854
743 853
742 853
742 852
741 852
741 851
740 851
740 850
737 850
737 849
735 849
735 848
734 848
734 847
731 847
731 846
728 846
728 845
726 845
726 844
725 844
725 843
723 843
723 842
722 842
722 841
720 841
720 840
716 840
716 839
714 839
714 838
713 838
713 836
712 836
712 835
711 835
711 833
710 833
710 831
709 831
709 830
708 830
708 829
707 829
707 828
706 828
706 826
705 826
705 824
704 824
704 821
703 821
703 819
702 819
702 816
701 816
701 814
700 814
700 812
699 812
699 810
698 810
698 805
697 805
697 791
696 791
696 779
695 779
695 762
694 762
694 756
693 756
693 755
692 755
692 756
688 756
688 757
687 757
687 759
686 759
686 761
685 761
685 763
684 763
684 764
683 764
683 765
682 765
682 766
677 766
677 767
675 767
675 768
674 768
674 769
672 769
672 768
664 768
664 767
661 767
661 766
657 766
657 765
649 765
649 764
645 764
645 765
643 765
643 766
627 766
627 767
617 767
617 766
616 766
616 765
612 765
612 764
611 764
611 763
609 763
609 762
608 762
608 761
606 761
606 760
605 760
605 759
604 759
604 758
602 758
602 757
601 757
601 756
600 756
600 755
599 755
599 754
598 754
598 753
597 753
597 752
596 752
596 750
595 750
595 748
594 748
594 747
593 747
593 746
592 746
592 745
590 745
590 744
586 744
586 743
583 743
583 742
582 742
582 741
581 741
581 740
580 740
580 738
579 738
579 737
578 737
578 734
577 734
577 733
576 733
576 732
575 732
575 731
574 731
574 730
573 730
573 729
572 729
572 727
571 727
571 726
569 726
569 725
567 725
567 724
565 724
565 723
564 723
564 721
563 721
563 720
562 720
562 719
561 719
561 718
559 718
559 717
558 717
558 716
557 716
557 715
556 715
556 714
554 714
554 713
553 713
553 712
552 712
552 711
551 711
551 710
550 710
550 709
548 709
548 708
546 708
546 707
545 707
545 706
544 706
544 705
543 705
543 704
542 704
542 703
541 703
541 702
539 702
539 701
533 701
533 702
531 702
531 703
530 703
530 704
529 704
529 706
528 706
528 707
527 707
527 708
526 708
526 709
524 709
524 710
517 710
517 709
515 709
515 708
514 708
514 707
513 707
513 705
512 705
512 704
511 704
511 703
510 703
510 701
509 701
509 700
508 700
508 699
507 699
507 698
505 698
505 697
503 697
503 696
501 696
501 695
500 695
500 694
499 694
499 687
498 687
498 681
497 681
497 679
496 679
496 678
495 678
495 676
494 676
494 675
493 675
493 674
492 674
492 673
491 673
491 672
490 672
490 671
488 671
488 670
487 670
487 669
486 669
486 667
485 667
485 660
484 660
484 651
481 651
481 650
471 650
471 651
468 651
468 652
465 652
465 653
462 653
462 654
458 654
458 655
453 655
453 654
452 654
452 653
450 653
450 652
441 652
441 651
436 651
436 650
421 650
421 649
419 649
419 648
415 648
415 647
412 647
412 646
407 646
407 645
406 645
406 644
404 644
404 643
401 643
401 642
397 642
397 641
393 641
393 640
389 640
389 639
386 639
386 638
384 638
384 637
382 637
382 636
377 636
377 635
375 635
375 634
369 634
369 633
367 633
367 632
366 632
366 631
365 631
365 626
364 626
364 624
365 624
365 623
364 623
364 598
365 598
365 550
364 550
364 540
363 540
363 537
362 537
362 536
360 536
360 535
357 535
357 534
346 534
346 535
344 535
344 536
342 536
342 537
340 537
340 538
338 538
338 539
337 539
337 540
336 540
336 541
334 541
334 545
333 545
333 546
332 546
332 550
331 550
331 559
330 559
330 562
329 562
329 564
328 564
328 565
326 565
326 566
324 566
324 567
322 567
322 568
317 568
317 567
315 567
315 566
312 566
312 565
304 565
304 564
301 564
301 563
300 563
300 562
299 562
299 560
298 560
298 559
297 559
297 558
296 558
296 557
295 557
295 556
294 556
294 555
293 555
293 553
292 553
292 552
291 552
291 551
290 551
290 550
289 550
289 549
288 549
288 548
287 548
287 547
286 547
286 546
285 546
285 545
284 545
284 544
283 544
283 543
282 543
282 542
281 542
281 541
280 541
280 539
279 539
279 538
278 538
278 537
277 537
277 536
276 536
276 535
275 535
275 534
274 534
274 533
272 533
272 532
271 532
271 531
270 531
270 530
268 530
268 529
267 529
267 528
265 528
265 527
263 527
263 526
259 526
259 525
251 525
251 526
247 526
247 527
245 527
245 528
240 528
240 527
237 527
237 526
234 526
234 525
232 525
232 524
230 524
230 523
229 523
229 522
227 522
227 521
226 521
226 520
225 520
225 519
224 519
224 518
222 518
222 517
221 517
221 516
219 516
219 515
217 515
217 514
216 514
216 512
215 512
215 511
214 511
214 510
213 510
213 509
212 509
212 508
211 508
211 507
210 507
210 505
209 505
209 504
208 504
208 502
207 502
207 501
206 501
206 500
205 500
205 499
204 499
204 497
203 497
203 496
201 496
201 495
200 495
200 494
199 494
199 493
198 493
198 492
197 492
197 491
196 491
196 489
195 489
195 487
194 487
194 481
193 481
193 480
192 480
192 479
191 479
191 478
187 478
187 477
185 477
185 476
184 476
184 475
183 475
183 474
182 474
182 473
181 473
181 472
180 472
180 468
179 468
179 460
178 460
178 418
176 418
176 417
174 417
174 416
173 416
173 415
172 415
172 414
170 414
170 413
169 413
169 412
167 412
167 411
166 411
166 410
165 410
165 409
163 409
163 408
162 408
162 407
161 407
161 406
159 406
159 405
158 405
158 404
156 404
156 403
152 403
152 402
149 402
149 401
148 401
148 400
142 400
142 401
133 401
133 402
129 402
129 403
123 403
123 404
121 404
121 403
117 403
117 404
110 404
110 403
108 403
108 402
105 402
105 401
103 401
103 400
101 400
101 399
100 399
100 398
95 398
95 399
91 399
91 398
89 398
89 397
88 397
88 396
86 396
86 395
84 395
84 394
83 394
83 393
82 393
82 392
81 392
81 391
80 391
80 390
79 390
79 389
78 389
78 388
76 388
76 387
74 387
74 386
72 386
72 385
71 385
71 384
69 384
69 383
68 383
68 382
67 382
67 381
65 381
65 380
63 380
63 379
61 379
61 378
59 378
59 377
58 377
58 376
57 376
57 375
55 375
55 374
52 374
52 373
49 373
49 370
48 370
48 369
46 369
46 368
44 368
44 367
41 367
41 364
40 364
40 361
39 361
39 360
38 360
38 359
37 359
37 357
36 357
36 347
37 347
37 357
38 357
38 359
39 359
39 360
40 360
40 361
41 361
41 364
42 364
42 366
44 366
44 367
46 367
46 368
48 368
48 369
49 369
49 370
50 370
50 372
52 372
52 373
55 373
55 374
57 374
57 375
58 375
58 376
59 376
59 377
61 377
61 378
63 378
63 379
65 379
65 380
67 380
67 381
68 381
68 382
69 382
69 383
71 383
71 384
72 384
72 385
74 385
74 386
76 386
76 387
78 387
78 388
79 388
79 389
80 389
80 390
81 390
81 391
82 391
82 392
83 392
83 393
84 393
84 394
86 394
86 395
88 395
88 396
89 396
89 397
91 397
91 398
95 398
95 397
100 397
100 398
101 398
101 399
103 399
103 400
105 400
105 401
108 401
108 402
110 402
110 403
117 403
117 402
121 402
121 403
123 403
123 402
129 402
129 401
133 401
133 400
142 400
142 399
148 399
148 400
149 400
149 401
152 401
152 402
156 402
156 403
158 403
158 404
159 404
159 405
161 405
161 406
162 406
162 407
163 407
163 408
165 408
165 409
166 409
166 410
167 410
167 411
169 411
169 412
170 412
170 413
172 413
172 414
173 414
173 415
174 415
174 416
176 416
176 417
178 417
178 418
179 418
179 460
180 460
180 468
181 468
181 472
182 472
182 473
183 473
183 474
184 474
184 475
185 475
185 476
187 476
187 477
191 477
191 478
192 478
192 479
193 479
193 480
194 480
194 481
195 481
195 487
196 487
196 489
197 489
197 491
198 491
198 492
199 492
199 493
200 493
200 494
201 494
201 495
203 495
203 496
204 496
204 497
205 497
205 499
206 499
206 500
207 500
207 501
208 501
208 502
209 502
209 504
210 504
210 505
211 505
211 507
212 507
212 508
213 508
213 509
214 509
214 510
215 510
215 511
216 511
216 512
217 512
217 514
219 514
219 515
221 515
221 516
222 516
222 517
224 517
224 518
225 518
225 519
226 519
226 520
227 520
227 521
229 521
229 522
230 522
230 523
232 523
232 524
234 524
234 525
237 525
237 526
240 526
240 527
245 527
245 526
247 526
247 525
251 525
251 524
259 524
259 525
263 525
263 526
265 526
265 527
267 527
267 528
268 528
268 529
270 529
270 530
271 530
271 531
272 531
272 532
274 532
274 533
275 533
275 534
276 534
276 535
277 535
277 536
278 536
278 537
279 537
279 538
280 538
280 539
281 539
281 541
282 541
282 542
283 542
283 543
284 543
284 544
285 544
285 545
286 545
286 546
287 546
287 547
288 547
288 548
289 548
289 549
290 549
290 550
291 550
291 551
292 551
292 552
293 552
293 553
294 553
294 555
295 555
295 556
296 556
296 557
297 557
297 558
298 558
298 559
299 559
299 560
300 560
300 562
301 562
301 563
304 563
304 564
312 564
312 565
315 565
315 566
317 566
317 567
322 567
322 566
324 566
324 565
326 565
326 564
328 564
328 562
329 562
329 559
330 559
330 550
331 550
331 546
332 546
332 545
333 545
333 540
336 540
336 539
337 539
337 538
338 538
338 537
340 537
340 536
342 536
342 535
344 535
344 534
346 534
346 533
357 533
357 534
360 534
360 535
362 535
362 536
363 536
363 537
364 537
364 540
365 540
365 550
366 550
366 598
365 598
365 623
366 623
366 624
365 624
365 626
366 626
366 631
367 631
367 632
369 632
369 633
375 633
375 634
377 634
377 635
382 635
382 636
384 636
384 637
386 637
386 638
389 638
389 639
393 639
393 640
397 640
397 641
401 641
401 642
404 642
404 643
406 643
406 644
407 644
407 645
412 645
412 646
415 646
415 647
419 647
419 648
421 648
421 649
436 649
436 650
441 650
441 651
450 651
450 652
452 652
452 653
453 653
453 654
458 654
458 653
462 653
462 652
465 652
465 651
468 651
468 650
471 650
471 649
481 649
481 650
484 650
484 651
485 651
485 660
486 660
486 667
487 667
487 669
488 669
488 670
490 670
490 671
491 671
491 672
492 672
492 673
493 673
493 674
494 674
494 675
495 675
495 676
496 676
496 678
497 678
497 679
498 679
498 681
499 681
499 687
500 687
500 694
501 694
501 695
503 695
503 696
505 696
505 697
507 697
507 698
508 698
508 699
509 699
509 700
510 700
510 701
511 701
511 703
512 703
512 704
513 704
513 705
514 705
514 707
515 707
515 708
517 708
517 709
524 709
524 708
526 708
526 707
527 707
527 706
528 706
528 704
529 704
529 703
530 703
530 702
531 702
531 701
533 701
533 700
539 700
539 701
541 701
541 702
542 702
542 703
543 703
543 704
544 704
544 705
545 705
545 706
546 706
546 707
548 707
548 708
550 708
550 709
551 709
551 710
552 710
552 711
553 711
553 712
554 712
554 713
556 713
556 714
557 714
557 715
558 715
558 716
559 716
559 717
561 717
561 718
562 718
562 719
563 719
563 720
564 720
564 721
565 721
565 723
567 723
567 724
569 724
569 725
571 725
571 726
572 726
572 727
573 727
573 729
574 729
574 730
575 730
575 731
576 731
576 732
577 732
577 733
578 733
578 734
579 734
579 737
580 737
580 738
581 738
581 740
582 740
582 741
583 741
583 742
586 742
586 743
590 743
590 744
592 744
592 745
593 745
593 746
594 746
594 747
595 747
595 748
596 748
596 750
597 750
597 752
598 752
598 753
599 753
599 754
600 754
600 755
601 755
601 756
602 756
602 757
604 757
604 758
605 758
605 759
606 759
606 760
608 760
608 761
609 761
609 762
611 762
611 763
612 763
612 764
616 764
616 765
617 765
617 766
627 766
627 765
643 765
643 764
645 764
645 763
649 763
649 764
657 764
657 765
661 765
661 766
664 766
664 767
672 767
672 768
674 768
674 767
675 767
675 766
677 766
677 765
682 765
682 764
683 764
683 763
684 763
684 761
685 761
685 759
686 759
686 757
687 757
687 756
688 756
688 755
692 755
692 754
693 754
693 755
694 755
694 756
695 756
695 762
696 762
696 779
697 779
697 791
698 791
698 805
699 805
699 810
700 810
700 812
701 812
701 814
702 814
702 816
703 816
703 819
704 819
704 821
705 821
705 824
706 824
706 826
707 826
707 828
708 828
708 829
709 829
709 830
710 830
710 831
711 831
711 833
712 833
712 835
713 835
713 836
714 836
714 838
716 838
716 839
720 839
720 840
722 840
722 841
723 841
723 842
725 842
725 843
726 843
726 844
728 844
728 845
731 845
731 846
734 846
734 847
735 847
735 848
737 848
737 849
740 849
740 850
741 850
741 851
742 851
742 852
743 852
743 853
744 853
744 854
745 854
745 855
746 855
746 856
747 856
747 857
748 857
748 858
749 858
749 859
751 859
751 860
753 860
753 861
756 861
756 862
760 862
760 863
768 863
768 864
770 864
770 865
771 865
771 866
772 866
772 867
778 867
778 866
781 866
781 865
783 865
783 864
790 864
790 863
805 863
805 864
807 864
807 865
809 865
809 866
818 866
818 865
820 865
820 864
824 864
824 863
826 863
826 864
830 864
830 865
833 865
833 866
834 866
834 867
836 867
836 868
838 868
838 869
840 869
840 870
841 870
841 871
843 871
843 872
845 872
845 873
848 873
848 874
861 874
861 875
864 875
864 876
865 876
865 877
866 877
866 879
867 879
867 880
868 880
868 881
869 881
869 882
870 882
870 883
873 883
873 884
874 884
874 885
876 885
876 886
878 886
878 887
880 887
880 888
882 888
882 889
884 889
884 890
886 890
886 891
889 891
889 892
892 892
892 893
897 893
897 894
906 894
906 893
908 893
908 892
911 892
911 891
912 891
912 890
913 890
913 889
914 889
914 888
915 888
915 887
918 887
918 886
921 886
921 887
925 887
925 888
926 888
926 889
928 889
928 890
929 890
929 891
931 891
931 892
932 892
932 893
934 893
934 894
935 894
935 895
937 895
937 896
938 896
938 897
939 897
939 898
940 898
940 899
941 899
941 900
942 900
942 901
944 901
944 902
945 902
945 903
946 903
946 904
947 904
947 906
948 906
948 907
949 907
949 908
950 908
950 909
951 909
951 910
954 910
954 911
957 911
957 912
958 912
958 913
960 913
960 914
962 914
962 915
965 915
965 916
977 916
977 917
982 917
982 918
984 918
984 919
986 919
986 920
988 920
988 921
1002 921
1002 922
1014 922
1014 923
1017 923
1017 924
1020 924
1020 925
1022 925
1022 926
1026 926
1026 927
1028 927
1028 928
1029 928
1029 929
1030 929
1030 930
1032 930
1032 931
1033 931
1033 932
1034 932
1034 933
1035 933
1035 934
1037 934
1037 935
1039 935
1039 936
1044 936
1044 937
1047 937
1047 938
1048 938
1048 939
1050 939
1050 940
1052 940
1052 941
1054 941
1054 942
1057 942
1057 943
1059 943
1059 944
1068 944
1068 945
1070 945
1070 946
1074 946
1074 947
1077 947
1077 948
1081 948
1081 949
1083 949
1083 950
1085 950
1085 951
1087 951
1087 952
1090 952
1090 953
1093 953
1093 954
1096 954
1096 955
1100 955
1100 956
1101 956
1101 957
1105 957
1105 958
1109 958
1109 959
1111 959
1111 960
1113 960
1113 961
1122 961
1122 962
1123 962
1123 961
1124 961
1124 960
1127 960
1127 959
1133 959
1133 960
1138 960
1138 961
1139 961
1139 962
1141 962
1141 963
1143 963
1143 964
1144 964
1144 965
1146 965
1146 966
1147 966
1147 967
1150 967
1150 968
1157 968
1157 969
1170 969
1170 968
1171 968
1171 967
1173 967
1173 966
1174 966
1174 965
1180 965
1180 966
1181 966
1181 967
1182 967
1182 970
1183 970
1183 989
1184 989
1184 990
1185 990
1185 991
1186 991
1186 992
1187 992
1187 993
1188 993
1188 994
1192 994
1192 995
1196 995
1196 996
1199 996
1199 997
1200 997
1200 998
1202 998
1202 999
1204 999
1204 1000
1205 1000
1205 1001
1206 1001
1206 1002
1207 1002
1207 1003
1208 1003
1208 1004
1210 1004
1210 1005
1211 1005
1211 1006
1212 1006
1212 1007
1213 1007
1213 1008
1214 1008
1214 1009
1216 1009
1216 1010
1217 1010
1217 1013
1218 1013
1218 1014
1219 1014
1219 1018
1220 1018
1220 1022
1221 1022
1221 1023
1222 1023
1222 1024
1224 1024
1224 1025
1225 1025
1225 1029
1226 1029
1226 1033
1227 1033
1227 1034
1226 1034
1226 1039
1227 1039
1227 1042
1229 1042
1229 1043
1230 1043
1230 1044
1231 1044
1231 1045
1235 1045
1235 1046
1238 1046
1238 1047
1241 1047
1241 1048
1243 1048
1243 1049
1246 1049
1246 1050
1261 1050
1261 1049
1263 1049
1263 1048
1265 1048
1265 1047
1271 1047
1271 1046
1272 1046
1272 1045
1273 1045
1273 1046
1287 1046
1287 1045
1288 1045
1288 1043
1289 1043
1289 1042
1290 1042
1290 1041
1292 1041
1292 1040
1303 1040
1303 1041
1313 1041
1313 1040
1318 1040
1318 1039
1320 1039
1320 1038
1321 1038
1321 1036
1322 1036
1322 1034
1323 1034
1323 991
1324 991
1324 990
1325 990
1325 989
1327 989
1327 988
1328 988
1328 987
1344 987
1344 988
1352 988
1352 989
1364 989
1364 990
1369 990
1369 991
1374 991
1374 990
1382 990
1382 989
1390 989
1390 988
1395 988
1395 989
1397 989
1397 990
1404 990
1404 991
1406 991
1406 992
1408 992
1408 993
1409 993
1409 995
1411 995
1411 996
1412 996
1412 999
1413 999
1413 1000
1414 1000
1414 1001
1415 1001
1415 1002
1416 1002
1416 1003
1417 1003
1417 1004
1418 1004
1418 1005
1419 1005
1419 1010
1420 1010
1420 1011
1421 1011
1421 1013
1422 1013
1422 1019
1423 1019
1423 1020
1424 1020
1424 1021
1428 1021
1428 1022
1433 1022
1433 1021
1437 1021
1437 1020
1447 1020
1447 1021
1450 1021
1450 1022
1453 1022
1453 1023
1455 1023
1455 1024
1459 1024
1459 1025
1465 1025
1465 1024
1469 1024
1469 1023
1471 1023
1471 1022
1472 1022
1472 1023
1483 1023
1483 1024
1485 1024
1485 1025
1487 1025
1487 1026
1490 1026
1490 1027
1495 1027
1495 1026
1497 1026
1497 1025
1500 1025
1500 1024
1503 1024
1503 1023
1519 1023
1519 1024
1526 1024
1526 1023
1529 1023
1529 1022
1530 1022
1530 1021
1533 1021
1533 1020
1534 1020
1534 1019
1536 1019
1536 1018
1537 1018
1537 1017
1538 1017
1538 1016
1540 1016
1540 1015
1543 1015
1543 1014
1548 1014
1548 1013
1550 1013
1550 1012
1551 1012
1551 1011
1560 1011
1560 1012
1562 1012
1562 1013
1564 1013
1564 1014
1565 1014
1565 1015
1568 1015
1568 1014
1570 1014
1570 1013
1576 1013
1576 1014
1577 1014
1577 1015
1578 1015
1578 1016
1579 1016
1579 1017
1580 1017
1580 1018
1581 1018
1581 1019
1582 1019
1582 1020
1583 1020
1583 1021
1587 1021
1587 1022
1588 1022
1588 1023
1589 1023
1589 1028
1590 1028
1590 1035
1591 1035
1591 1045
1592 1045
1592 1046
1594 1046
1594 1047
1602 1047
1602 1048
1604 1048
1604 1049
1605 1049
1605 1050
1606 1050
1606 1051
1610 1051
1610 1052
1633 1052
1633 1051
1637 1051
1637 1050
1656 1050
1656 1049
1662 1049
1662 1048
1664 1048
1664 1047
1669 1047
1669 1046
1671 1046
1671 1047
1694 1047
1694 1046
1696 1046
1696 1045
1700 1045
1700 1044
1710 1044
1710 1043
1718 1043
1718 1042
1720 1042
1720 1041
1722 1041
1722 1040
1723 1040
1723 1039
1724 1039
1724 1038
1725 1038
1725 1036
1726 1036
1726 1033
1727 1033
1727 1031
1728 1031
1728 1022
1729 1022
1729 1020
1730 1020
1730 1019
1737 1019
1737 1018
1738 1018
1738 1017
1740 1017
1740 1016
1743 1016
1743 1015
1755 1015
1755 1016
1761 1016
1761 1017
1764 1017
1764 1018
1766 1018
1766 1019
1767 1019
1767 1023
1768 1023
1768 1025
1770 1025
1770 1026
1771 1026
1771 1027
1773 1027
1773 1028
1775 1028
1775 1029
1776 1029
1776 1030
1777 1030
1777 1031
1778 1031
1778 1032
1779 1032
1779 1033
1780 1033
1780 1035
1781 1035
1781 1036
1782 1036
1782 1037
1785 1037
1785 1038
1788 1038
1788 1039
1803 1039
1803 1038
1823 1038
1823 1039
1847 1039
1847 1040
1850 1040
1850 1039
1853 1039
1853 1038
1858 1038
1858 1037
1860 1037
1860 1038
1862 1038
1862 1039
1865 1039
1865 1040
1870 1040
1870 1041
1878 1041
1878 1040
1881 1040
1881 1039
1882 1039
1882 1038
1884 1038
1884 1037
1885 1037
1885 1036
1886 1036
1886 1035
1887 1035
1887 1034
1890 1034
1890 1032
1891 1032
1891 1030
1892 1030
1892 1029
1893 1029
1893 1028
1894 1028
1894 1024
1895 1024
1895 1020
1894 1020
1894 1017
1893 1017
1893 1010
1892 1010
1892 998
1891 998
1891 978
1892 978
1892 976
1893 976
1893 975
1894 975
1894 974
1896 974
1896 973
1900 973
1900 972
1914 972
1914 973
1916 973
1916 974
1917 974
1917 976
1918 976
1918 977
1919 977
1919 980
1920 980
1920 993
1921 993
1921 1000
1922 1000
1922 1001
1921 1001
1921 1009
1922 1009
1922 1010
1921 1010
1921 1018
1922 1018
1922 1021
1923 1021
1923 1023
1925 1023
1925 1024
1927 1024
1927 1025
1928 1025
1928 1026
1929 1026
1929 1027
1930 1027
1930 1029
1931 1029
1931 1038
1932 1038
1932 1039
1933 1039
1933 1041
1934 1041
1934 1042
1940 1042
1940 1041
1958 1041
1958 1042
1976 1042
1976 1041
1978 1041
1978 1040
1979 1040
1979 1039
1985 1039
1985 1038
1987 1038
1987 1037
2000 1037
2000 1036
2001 1036
2001 1035
2002 1035
2002 1034
2003 1034
2003 1033
2004 1033
2004 1032
2005 1032
2005 1031
2006 1031
2006 1030
2007 1030
2007 1029
2008 1029
2008 1028
2010 1028
2010 1027
2014 1027
2014 1026
2043 1026
2043 1025
2047 1025
2047 1024
2050 1024
2050 1023
2053 1023
2053 1022
2055 1022
2055 1021
2056 1021
2056 1020
2057 1020
2057 1019
2058 1019
2058 1018
2059 1018
2059 1016
2060 1016
2060 1015
2061 1015
2061 1014
2063 1014
2063 1013
2064 1013
2064 1012
2065 1012
2065 1011
2066 1011
2066 1005
2067 1005
2067 993
2066 993
2066 984
2065 984
2065 971
2066 971
2066 965
2067 965
2067 964
2068 964
2068 963
2069 963
2069 962
2070 962
2070 961
2072 961
2072 962
2076 962
2076 963
2078 963
2078 964
2085 964
2085 963
2090 963
2090 962
2096 962
2096 963
2100 963
2100 964
2101 964
2101 965
2102 965
2102 974
2103 974
2103 975
2104 975
2104 995
2103 995
2103 996
2104 996
2104 1012
2105 1012
2105 1015
2107 1015
2107 1016
2108 1016
2108 1017
2109 1017
2109 1018
2113 1018
2113 1019
2115 1019
2115 1020
2117 1020
2117 1021
2120 1021
2120 1022
2123 1022
2123 1023
2132 1023
2132 1024
2135 1024
2135 1025
2139 1025
2139 1026
2142 1026
2142 1027
2143 1027
2143 1028
2144 1028
2144 1029
2146 1029
2146 1030
2147 1030
2147 1031
2150 1031
2150 1032
2152 1032
2152 1033
2154 1033
2154 1034
2156 1034
2156 1035
2160 1035
2160 1036
2169 1036
2169 1037
2181 1037
2181 1038
2184 1038
2184 1039
2211 1039
2211 1038
2212 1038
2212 1037
2213 1037
2213 1036
2214 1036
2214 1035
2215 1035
2215 1034
2216 1034
2216 1033
2217 1033
2217 1032
2219 1032
2219 1031
2221 1031
2221 1030
2223 1030
2223 1029
2224 1029
2224 1020
2225 1020
2225 1019
2226 1019
2226 1018
2228 1018
2228 1017
2231 1017
2231 1016
2234 1016
2234 1002
2235 1002
2235 998
2236 998
2236 997
2240 997
2240 996
2241 996
2241 995
2242 995
2242 994
2243 994
2243 982
2244 982
2244 981
2245 981
2245 980
2246 980
2246 979
2249 979
2249 978
2250 978
2250 977
2251 977
2251 976
2252 976
2252 975
2253 975
2253 973
2254 973
2254 960
2253 960
2253 948
2252 948
2252 940
2251 940
2251 930
2250 930
2250 922
2249 922
2249 917
2248 917
2248 905
2249 905
2249 900
2250 900
2250 899
2251 899
2251 898
2255 898
2255 899
2259 899
2259 900
2260 900
2260 902
2261 902
2261 908
2262 908
2262 911
2263 911
2263 913
2264 913
2264 914
2269 914
2269 915
2277 915
2277 916
2286 916
2286 917
2295 917
2295 918
2296 918
2296 919
2298 919
2298 920
2300 920
2300 921
2302 921
2302 923
2304 923
2304 924
2305 924
2305 925
2306 925
2306 926
2307 926
2307 927
2314 927
2314 925
2317 925
2317 926
2322 926
2322 927
2323 927
2323 929
2324 929
2324 931
2325 931
2325 932
2326 932
2326 933
2327 933
2327 934
2328 934
2328 935
2331 935
2331 936
2332 936
2332 937
2333 937
2333 938
2334 938
2334 939
2335 939
2335 940
2336 940
2336 941
2337 941
2337 942
2338 942
2338 943
2341 943
2341 944
2342 944
2342 945
2343 945
2343 946
2344 946
2344 947
2361 947
2361 948
2365 948
2365 949
2370 949
2370 950
2373 950
2373 951
2374 951
2374 952
2376 952
2376 953
2378 953
2378 954
2379 954
2379 955
2380 955
2380 956
2381 956
2381 957
2382 957
2382 961
2383 961
2383 963
2384 963
2384 969
2385 969
2385 974
2386 974
2386 977
2387 977
2387 979
2389 979
2389 980
2391 980
2391 981
2398 981
2398 980
2400 980
2400 979
2401 979
2401 978
2402 978
2402 976
2403 976
2403 959
2402 959
2402 951
2401 951
2401 945
2400 945
2400 934
2399 934
2399 918
2398 918
2398 908
2399 908
2399 899
2400 899
2400 897
2401 897
2401 895
2402 895
2402 893
2403 893
2403 892
2404 892
2404 891
2405 891
2405 890
2406 890
2406 889
2407 889
2407 888
2408 888
2408 887
2409 887
2409 885
2410 885
2410 859
2409 859
2409 853
2410 853
2410 850
2411 850
2411 849
2412 849
2412 848
2420 848
2420 846
2421 846
2421 820
2422 820
2422 819
2423 819
2423 818
2424 818
2424 817
2425 817
2425 816
2433 816
2433 817
2444 817
2444 816
2446 816
2446 815
2447 815
2447 814
2448 814
2448 813
2450 813
2450 812
2452 812
2452 811
2461 811
2461 812
2463 812
2463 813
2468 813
2468 814
2481 814
2481 813
2486 813
2486 812
2492 812
2492 811
2500 811
2500 810
2503 810
2503 809
2504 809
2504 808
2505 808
2505 804
2506 804
2506 801
2507 801
2507 800
2508 800
2508 799
2509 799
2509 798
2510 798
2510 797
2511 797
2511 796
2512 796
2512 795
2513 795
2513 794
2514 794
2514 793
2515 793
2515 792
2517 792
2517 791
2518 791
2518 790
2519 790
2519 789
2520 789
2520 788
2522 788
2522 787
2524 787
2524 786
2525 786
2525 785
2526 785
2526 784
2527 784
2527 782
2528 782
2528 781
2529 781
2529 780
2530 780
2530 779
2532 779
2532 778
2543 778
2543 779
2545 779
2545 780
2562 780
2562 781
2565 781
2565 782
2566 782
2566 783
2567 783
2567 784
2568 784
2568 785
2569 785
2569 786
2570 786
2570 787
2571 787
2571 788
2572 788
2572 789
2573 789
2573 790
2574 790
2574 791
2575 791
2575 793
2576 793
2576 794
2577 794
2577 795
2578 795
2578 796
2579 796
2579 797
2580 797
2580 798
2585 798
2585 799
2592 799
2592 798
2595 798
2595 797
2597 797
2597 796
2603 796
2603 795
2605 795
2605 794
2611 794
2611 793
2612 793
2612 792
2614 792
2614 790
2615 790
2615 789
2616 789
2616 787
2617 787
2617 782
2618 782
2618 777
2619 777
2619 765
2620 765
2620 760
2621 760
2621 758
2622 758
2622 757
2624 757
2624 756
2626 756
2626 755
2629 755
2629 754
2630 754
2630 753
2631 753
2631 737
2632 737
2632 736
2634 736
2634 735
2637 735
2637 734
2638 734
2638 733
2639 733
2639 732
2640 732
2640 731
2641 731
2641 693
2642 693
2642 691
2643 691
2643 690
2644 690
2644 689
2645 689
2645 688
2647 688
2647 687
2649 687
2649 686
2651 686
2651 685
2653 685
2653 684
2655 684
2655 683
2656 683
2656 682
2658 682
2658 681
2659 681
2659 680
2661 680
2661 679
2663 679
2663 678
2665 678
2665 677
2666 677
2666 676
2668 676
2668 674
2669 674
2669 672
2670 672
2670 671
2673 671
2673 670
2677 670
2677 669
2680 669
2680 668
2681 668
2681 667
2682 667
2682 665
2683 665
2683 662
2684 662
2684 632
2683 632
2683 627
2684 627
2684 626
2692 626
2692 627
2697 627
2697 628
2699 628
2699 629
2702 629
2702 630
2706 630
2706 629
2712 629
2712 630
2714 630
2714 631
2716 631
2716 632
2717 632
2717 633
2718 633
2718 634
2720 634
2720 635
2721 635
2721 636
2722 636
2722 637
2723 637
2723 639
2724 639
2724 642
2725 642
2725 643
2726 643
2726 645
2727 645
2727 646
2728 646
2728 647
2729 647
2729 648
2730 648
2730 650
2731 650
2731 652
2732 652
2732 660
2733 660
2733 670
2734 670
2734 675
2735 675
2735 677
2736 677
2736 680
2737 680
2737 681
2739 681
2739 682
2745 682
2745 681
2749 681
2749 680
2750 680
2750 678
2751 678
2751 674
2752 674
2752 673
2753 673
2753 654
2754 654
2754 651
2755 651
2755 647
2756 647
2756 646
2757 646
2757 645
2758 645
2758 644
2759 644
2759 643
2761 643
2761 642
2763 642
2763 641
2766 641
2766 640
2768 640
2768 638
2769 638
2769 637
2770 637
2770 636
2771 636
2771 635
2772 635
2772 634
2773 634
2773 633
2774 633
2774 632
2775 632
2775 631
2776 631
2776 618
2775 618
2775 590
2776 590
2776 589
2778 589
2778 588
2780 588
2780 587
2781 587
2781 585
2782 585
2782 584
2783 584
2783 582
2784 582
2784 579
2785 579
2785 561
2786 561
2786 560
2787 560
2787 559
2788 559
2788 558
2793 558
2793 556
2794 556
2794 553
2795 553
2795 550
2796 550
2796 545
2797 545
2797 537
2796 537
2796 526
2795 526
2795 509
2796 509
2796 508
2797 508
2797 507
2798 507
2798 506
2802 506
2802 505
2806 505
2806 506
2808 506
2808 507
2814 507
2814 506
2822 506
2822 507
2824 507
2824 508
2825 508
2825 509
2826 509
2826 510
2828 510
2828 511
2829 511
2829 512
2830 512
2830 513
2833 513
2833 514
2834 514
2834 516
2835 516
2835 519
2836 519
2836 525
2837 525
2837 526
2838 526
2838 527
2840 527
2840 528
2847 528
2847 529
2865 529
2865 528
2873 528
2873 527
2875 527
2875 526
2876 526
2876 525
2877 525
2877 524
2878 524
2878 523
2880 523
2880 522
2881 522
2881 521
2882 521
2882 519
2883 519
2883 517
2884 517
2884 514
2885 514
2885 507
2886 507
2886 504
2887 504
2887 503
2888 503
2888 502
2889 502
2889 501
2893 501
2893 500
2895 500
2895 499
2898 499
2898 496
2899 496
2899 485
2900 485
2900 484
2901 484
2901 483
2902 483
2902 482
2905 482
2905 481
2906 481
2906 469
2905 469
2905 463
2906 463
2906 448
2907 448
2907 447
2908 447
2908 446
2909 446
2909 445
2910 445
2910 444
2911 444
2911 443
2913 443
2913 442
2914 442
2914 441
2916 441
2916 440
2918 440
2918 438
2919 438
2919 436
2920 436
2920 413
2919 413
2919 403
2918 403
2918 396
2917 396
2917 383
2918 383
2918 380
2919 380
2919 379
2922 379
2922 378
2926 378
2926 379
2934 379
2934 378
2938 378
2938 379
2939 379
2939 378
2941 378
2941 377
2942 377
2942 376
2943 376
2943 374
2946 374
2946 375
2947 375
2947 374
2948 374
2948 373
2951 373
2951 372
2954 372
2954 371
2956 371
2956 368
2957 368
2957 367
2956 367
2956 356
2957 356
2957 355
2958 355
2958 354
2959 354
2959 353
2969 353
2969 354
2970 354
2970 353
2972 353
2972 354
2970 354
2970 355
2969 355
2969 354
2959 354
2959 355
2958 355
2958 356
2957 356
2957 367
2958 367
2958 368
2957 368
2957 371
2956 371
2956 372
2954 372
2954 373
2951 373
2951 374
2948 374
2948 375
2947 375
2947 376
2946 376
2946 375
2944 375
2944 376
2943 376
2943 377
2942 377
2942 378
2941 378
2941 379
2939 379
2939 381
2938 381
2938 379
2934 379
2934 380
2926 380
2926 379
2922 379
2922 380
2919 380
2919 383
2918 383
2918 396
2919 396
2919 403
2920 403
2920 413
2921 413
2921 436
2920 436
2920 438
2919 438
2919 440
2918 440
2918 441
2916 441
2916 442
2914 442
2914 443
2913 443
2913 444
2911 444
2911 445
2910 445
2910 446
2909 446
2909 447
2908 447
2908 448
2907 448
2907 463
2906 463
2906 469
2907 469
2907 481
2906 481
2906 482
2905 482
2905 483
2902 483
2902 484
2901 484
2901 485
2900 485
2900 496
2899 496
2899 499
2898 499
2898 500
2895 500
2895 501
2893 501
2893 502
2889 502
2889 503
2888 503
2888 504
2887 504
2887 507
2886 507
2886 514
2885 514
2885 517
2884 517
2884 519
2883 519
2883 521
2882 521
2882 522
2881 522
2881 523
2880 523
2880 524
2878 524
2878 525
2877 525
2877 526
2876 526
2876 527
2875 527
2875 528
2873 528
2873 529
2865 529
2865 530
2847 530
2847 529
2840 529
2840 528
2838 528
2838 527
2837 527
2837 526
2836 526
2836 525
2835 525
2835 519
2834 519
2834 516
2833 516
2833 514
2830 514
2830 513
2829 513
2829 512
2828 512
2828 511
2826 511
2826 510
2825 510
2825 509
2824 509
2824 508
2822 508
2822 507
2814 507
2814 508
2808 508
2808 507
2806 507
2806 506
2802 506
2802 507
2798 507
2798 508
2797 508
2797 509
2796 509
2796 526
2797 526
2797 537
2798 537
2798 545
2797 545
2797 550
2796 550
2796 553
2795 553
2795 556
2794 556
2794 558
2793 558
2793 559
2788 559
2788 560
2787 560
2787 561
2786 561
2786 579
2785 579
2785 582
2784 582
2784 584
2783 584
2783 585
2782 585
2782 587
2781 587
2781 588
2780 588
2780 589
2778 589
2778 590
2776 590
2776 618
2777 618
2777 631
2776 631
2776 632
2775 632
2775 633
2774 633
2774 634
2773 634
2773 635
2772 635
2772 636
2771 636
2771 637
2770 637
2770 638
2769 638
2769 640
2768 640
2768 641
2766 641
2766 642
2763 642
2763 643
2761 643
2761 644
2759 644
2759 645
2758 645
2758 646
2757 646
2757 647
2756 647
2756 651
2755 651
2755 654
2754 654
2754 673
2753 673
2753 674
2752 674
2752 678
2751 678
2751 680
2750 680
2750 681
2749 681
2749 682
2745 682
2745 683
2739 683
2739 682
2737 682
2737 681
2736 681
2736 680
2735 680
2735 677
2734 677
2734 675
2733 675
2733 670
2732 670
2732 660
2731 660
2731 652
2730 652
2730 650
2729 650
2729 648
2728 648
2728 647
2727 647
2727 646
2726 646
2726 645
2725 645
2725 643
2724 643
2724 642
2723 642
2723 639
2722 639
2722 637
2721 637
2721 636
2720 636
2720 635
2718 635
2718 634
2717 634
2717 633
2716 633
2716 632
2714 632
2714 631
2712 631
2712 630
2706 630
2706 631
2702 631
2702 630
2699 630
2699 629
2697 629
2697 628
2692 628
2692 627
2684 627
2684 632
2685 632
2685 662
2684 662
2684 665
2683 665
2683 667
2682 667
2682 668
2681 668
2681 669
2680 669
2680 670
2677 670
2677 671
2673 671
2673 672
2670 672
2670 674
2669 674
2669 676
2668 676
2668 677
2666 677
2666 678
2665 678
2665 679
2663 679
2663 680
2661 680
2661 681
2659 681
2659 682
2658 682
2658 683
2656 683
2656 684
2655 684
2655 685
2653 685
2653 686
2651 686
2651 687
2649 687
2649 688
2647 688
2647 689
2645 689
2645 690
2644 690
2644 691
2643 691
2643 693
2642 693
2642 731
2641 731
2641 732
2640 732
2640 733
2639 733
2639 734
2638 734
2638 735
2637 735
2637 736
2634 736
2634 737
2632 737
2632 753
2631 753
2631 754
2630 754
2630 755
2629 755
2629 756
2626 756
2626 757
2624 757
2624 758
2622 758
2622 760
2621 760
2621 765
2620 765
2620 777
2619 777
2619 782
2618 782
2618 787
2617 787
2617 789
2616 789
2616 790
2615 790
2615 792
2614 792
2614 793
2612 793
2612 794
2611 794
2611 795
2605 795
2605 796
2603 796
2603 797
2597 797
2597 798
2595 798
2595 799
2592 799
2592 800
2585 800
2585 799
2580 799
2580 798
2579 798
2579 797
2578 797
2578 796
2577 796
2577 795
2576 795
2576 794
2575 794
2575 793
2574 793
2574 791
2573 791
2573 790
2572 790
2572 789
2571 789
2571 788
2570 788
2570 787
2569 787
2569 786
2568 786
2568 785
2567 785
2567 784
2566 784
2566 783
2565 783
2565 782
2562 782
2562 781
2545 781
2545 780
2543 780
2543 779
2532 779
2532 780
2530 780
2530 781
2529 781
2529 782
2528 782
2528 784
2527 784
2527 785
2526 785
2526 786
2525 786
2525 787
2524 787
2524 788
2522 788
2522 789
2520 789
2520 790
2519 790
2519 791
2518 791
2518 792
2517 792
2517 793
2515 793
2515 794
2514 794
2514 795
2513 795
2513 796
2512 796
2512 797
2511 797
2511 798
2510 798
2510 799
2509 799
2509 800
2508 800
2508 801
2507 801
2507 804
2506 804
2506 808
2505 808
2505 809
2504 809
2504 810
2503 810
2503 811
2500 811
2500 812
2492 812
2492 813
2486 813
2486 814
2481 814
2481 815
2468 815
2468 814
2463 814
2463 813
2461 813
2461 812
2452 812
2452 813
2450 813
2450 814
2448 814
2448 815
2447 815
2447 816
2446 816
2446 817
2444 817
2444 818
2433 818
2433 817
2425 817
2425 818
2424 818
2424 819
2423 819
2423 820
2422 820
2422 846
2421 846
2421 848
2420 848
2420 849
2412 849
2412 850
2411 850
2411 853
2410 853
2410 859
2411 859
2411 885
2410 885
2410 887
2409 887
2409 888
2408 888
2408 889
2407 889
2407 890
2406 890
2406 891
2405 891
2405 892
2404 892
2404 893
2403 893
2403 895
2402 895
2402 897
2401 897
2401 899
2400 899
2400 908
2399 908
2399 918
2400 918
2400 934
2401 934
2401 945
2402 945
2402 951
2403 951
2403 959
2404 959
2404 976
2403 976
2403 978
2402 978
2402 979
2401 979
2401 980
2400 980
2400 981
2398 981
2398 982
2391 982
2391 981
2389 981
2389 980
2387 980
2387 979
2386 979
2386 977
2385 977
2385 974
2384 974
2384 969
2383 969
2383 963
2382 963
2382 961
2381 961
2381 957
2380 957
2380 956
2379 956
2379 955
2378 955
2378 954
2376 954
2376 953
2374 953
2374 952
2373 952
2373 951
2370 951
2370 950
2365 950
2365 949
2361 949
2361 948
2344 948
2344 947
2343 947
2343 946
2342 946
2342 945
2341 945
2341 944
2338 944
2338 943
2337 943
2337 942
2336 942
2336 941
2335 941
2335 940
2334 940
2334 939
2333 939
2333 938
2332 938
2332 937
2331 937
2331 936
2328 936
2328 935
2327 935
2327 934
2326 934
2326 933
2325 933
2325 932
2324 932
2324 931
2323 931
2323 929
2322 929
2322 927
2317 927
2317 926
2315 926
2315 927
2314 927
2314 928
2307 928
2307 927
2306 927
2306 926
2305 926
2305 925
2304 925
2304 924
2302 924
2302 923
2301 923
2301 922
2300 922
2300 921
2298 921
2298 920
2296 920
2296 919
2295 919
2295 918
2286 918
2286 917
2277 917
2277 916
2269 916
2269 915
2264 915
2264 914
2263 914
2263 913
2262 913
2262 911
2261 911
2261 908
2260 908
2260 902
2259 902
2259 900
2255 900
2255 899
2251 899
2251 900
2250 900
2250 905
2249 905
2249 917
2250 917
2250 922
2251 922
2251 930
2252 930
2252 940
2253 940
2253 948
2254 948
2254 960
2255 960
2255 973
2254 973
2254 975
2253 975
2253 976
2252 976
2252 977
2251 977
2251 978
2250 978
2250 979
2249 979
2249 980
2246 980
2246 981
2245 981
2245 982
2244 982
2244 994
2243 994
2243 995
2242 995
2242 996
2241 996
