2470 1125
2466 1125
2466 1123
2460 1123
2460 1125
2459 1125
2459 1130
2458 1130
2458 1136
2457 1136
2457 1141
2456 1141
2456 1160
2455 1160
2455 1169
2454 1169
2454 1186
2453 1186
2453 1192
2452 1192
2452 1196
2451 1196
2451 1200
2450 1200
2450 1203
2449 1203
2449 1206
2448 1206
2448 1207
2447 1207
2447 1209
2446 1209
2446 1211
2445 1211
2445 1212
2443 1212
2443 1213
2442 1213
2442 1214
2441 1214
2441 1215
2440 1215
2440 1217
2439 1217
2439 1219
2438 1219
2438 1220
2437 1220
2437 1221
2436 1221
2436 1222
2435 1222
2435 1223
2434 1223
2434 1224
2433 1224
2433 1225
2431 1225
2431 1226
2430 1226
2430 1228
2428 1228
2428 1229
2426 1229
2426 1230
2425 1230
2425 1232
2408 1232
2408 1231
2396 1231
2396 1230
2392 1230
2392 1229
2388 1229
2388 1228
2384 1228
2384 1227
2379 1227
2379 1226
2375 1226
2375 1219
2372 1219
2372 1218
2355 1218
2355 1217
2339 1217
2339 1216
2332 1216
2332 1215
2327 1215
2327 1214
2320 1214
2320 1213
2313 1213
2313 1214
2312 1214
2312 1218
2311 1218
2311 1221
2310 1221
2310 1223
2311 1223
2311 1231
2312 1231
2312 1236
2311 1236
2311 1238
2310 1238
2310 1239
2309 1239
2309 1240
2308 1240
2308 1241
2307 1241
2307 1242
2306 1242
2306 1243
2301 1243
2301 1244
2300 1244
2300 1255
2299 1255
2299 1258
2298 1258
2298 1260
2297 1260
2297 1261
2296 1261
2296 1262
2283 1262
2283 1263
2282 1263
2282 1264
2272 1264
2272 1265
2271 1265
2271 1277
2270 1277
2270 1282
2269 1282
2269 1283
2263 1283
2263 1282
2256 1282
2256 1281
2255 1281
2255 1280
2242 1280
2242 1279
2239 1279
2239 1278
2237 1278
2237 1277
2234 1277
2234 1276
2228 1276
2228 1275
2227 1275
2227 1274
2225 1274
2225 1273
2224 1273
2224 1272
2223 1272
2223 1271
2222 1271
2222 1270
2216 1270
2216 1269
2196 1269
2196 1270
2191 1270
2191 1271
2187 1271
2187 1272
2182 1272
2182 1273
2178 1273
2178 1274
2176 1274
2176 1276
2175 1276
2175 1277
2174 1277
2174 1278
2172 1278
2172 1282
2171 1282
2171 1286
2170 1286
2170 1287
2169 1287
2169 1288
2168 1288
2168 1289
2158 1289
2158 1288
2144 1288
2144 1289
2143 1289
2143 1290
2142 1290
2142 1291
2141 1291
2141 1293
2140 1293
2140 1294
2139 1294
2139 1295
2138 1295
2138 1294
2135 1294
2135 1293
2132 1293
2132 1292
2121 1292
2121 1293
2120 1293
2120 1294
2117 1294
2117 1293
2115 1293
2115 1292
2105 1292
2105 1291
2101 1291
2101 1290
2100 1290
2100 1289
2098 1289
2098 1288
2097 1288
2097 1287
2095 1287
2095 1286
2094 1286
2094 1285
2093 1285
2093 1283
2092 1283
2092 1282
2091 1282
2091 1281
2090 1281
2090 1275
2089 1275
2089 1274
2088 1274
2088 1273
2087 1273
2087 1270
2086 1270
2086 1267
2085 1267
2085 1266
2084 1266
2084 1263
2083 1263
2083 1262
2082 1262
2082 1259
2081 1259
2081 1257
2080 1257
2080 1254
2079 1254
2079 1252
2078 1252
2078 1250
2077 1250
2077 1249
2076 1249
2076 1248
2075 1248
2075 1247
2074 1247
2074 1246
2073 1246
2073 1247
2068 1247
2068 1246
2062 1246
2062 1245
2057 1245
2057 1246
2034 1246
2034 1247
2031 1247
2031 1251
2032 1251
2032 1264
2030 1264
2030 1267
2029 1267
2029 1268
2028 1268
2028 1269
2023 1269
2023 1270
2022 1270
2022 1269
2002 1269
2002 1268
1995 1268
1995 1269
1992 1269
1992 1270
1990 1270
1990 1271
1989 1271
1989 1272
1978 1272
1978 1273
1976 1273
1976 1280
1975 1280
1975 1290
1966 1290
1966 1291
1964 1291
1964 1290
1962 1290
1962 1289
1961 1289
1961 1287
1960 1287
1960 1284
1957 1284
1957 1283
1952 1283
1952 1282
1946 1282
1946 1281
1943 1281
1943 1280
1941 1280
1941 1279
1940 1279
1940 1278
1935 1278
1935 1277
1933 1277
1933 1276
1926 1276
1926 1281
1927 1281
1927 1293
1928 1293
1928 1295
1918 1295
1918 1293
1917 1293
1917 1292
1913 1292
1913 1291
1912 1291
1912 1290
1907 1290
1907 1289
1901 1289
1901 1288
1895 1288
1895 1287
1893 1287
1893 1286
1892 1286
1892 1285
1891 1285
1891 1283
1888 1283
1888 1282
1887 1282
1887 1281
1886 1281
1886 1280
1885 1280
1885 1279
1884 1279
1884 1277
1883 1277
1883 1276
1882 1276
1882 1275
1881 1275
1881 1274
1880 1274
1880 1273
1879 1273
1879 1272
1878 1272
1878 1271
1877 1271
1877 1268
1876 1268
1876 1266
1875 1266
1875 1265
1874 1265
1874 1264
1873 1264
1873 1263
1872 1263
1872 1262
1871 1262
1871 1260
1870 1260
1870 1259
1869 1259
1869 1258
1868 1258
1868 1257
1867 1257
1867 1256
1866 1256
1866 1255
1863 1255
1863 1256
1861 1256
1861 1255
1857 1255
1857 1254
1855 1254
1855 1253
1854 1253
1854 1252
1853 1252
1853 1251
1852 1251
1852 1250
1851 1250
1851 1248
1850 1248
1850 1246
1849 1246
1849 1245
1847 1245
1847 1244
1846 1244
1846 1243
1844 1243
1844 1242
1842 1242
1842 1241
1834 1241
1834 1248
1835 1248
1835 1258
1836 1258
1836 1263
1835 1263
1835 1264
1834 1264
1834 1265
1833 1265
1833 1266
1832 1266
1832 1268
1831 1268
1831 1270
1830 1270
1830 1273
1829 1273
1829 1274
1828 1274
1828 1276
1827 1276
1827 1277
1826 1277
1826 1281
1825 1281
1825 1282
1824 1282
1824 1283
1822 1283
1822 1284
1814 1284
1814 1285
1813 1285
1813 1284
1812 1284
1812 1283
1809 1283
1809 1282
1807 1282
1807 1281
1805 1281
1805 1280
1804 1280
1804 1278
1803 1278
1803 1277
1802 1277
1802 1276
1801 1276
1801 1275
1800 1275
1800 1274
1799 1274
1799 1273
1798 1273
1798 1272
1797 1272
1797 1271
1796 1271
1796 1270
1795 1270
1795 1269
1790 1269
1790 1268
1787 1268
1787 1267
1776 1267
1776 1266
1772 1266
1772 1265
1768 1265
1768 1264
1767 1264
1767 1263
1765 1263
1765 1262
1764 1262
1764 1261
1763 1261
1763 1260
1760 1260
1760 1259
1759 1259
1759 1258
1757 1258
1757 1257
1755 1257
1755 1256
1753 1256
1753 1255
1751 1255
1751 1254
1747 1254
1747 1253
1746 1253
1746 1252
1740 1252
1740 1251
1738 1251
1738 1250
1737 1250
1737 1249
1731 1249
1731 1248
1729 1248
1729 1247
1727 1247
1727 1246
1724 1246
1724 1245
1720 1245
1720 1244
1718 1244
1718 1243
1717 1243
1717 1242
1716 1242
1716 1241
1714 1241
1714 1240
1713 1240
1713 1239
1712 1239
1712 1238
1710 1238
1710 1237
1707 1237
1707 1236
1704 1236
1704 1235
1699 1235
1699 1234
1697 1234
1697 1233
1689 1233
1689 1232
1686 1232
1686 1231
1680 1231
1680 1230
1678 1230
1678 1229
1677 1229
1677 1228
1676 1228
1676 1227
1675 1227
1675 1226
1674 1226
1674 1225
1673 1225
1673 1223
1672 1223
1672 1221
1671 1221
1671 1209
1670 1209
1670 1203
1669 1203
1669 1202
1668 1202
1668 1201
1655 1201
1655 1200
1637 1200
1637 1199
1633 1199
1633 1198
1627 1198
1627 1197
1624 1197
1624 1198
1610 1198
1610 1197
1607 1197
1607 1196
1603 1196
1603 1195
1597 1195
1597 1194
1591 1194
1591 1193
1583 1193
1583 1192
1582 1192
1582 1191
1581 1191
1581 1188
1580 1188
1580 1183
1573 1183
1573 1184
1572 1184
1572 1183
1568 1183
1568 1182
1567 1182
1567 1183
1562 1183
1562 1182
1558 1182
1558 1181
1545 1181
1545 1180
1544 1180
1544 1179
1541 1179
1541 1178
1537 1178
1537 1177
1536 1177
1536 1176
1535 1176
1535 1175
1533 1175
1533 1174
1532 1174
1532 1172
1531 1172
1531 1169
1530 1169
1530 1158
1529 1158
1529 1141
1528 1141
1528 1130
1527 1130
1527 1129
1512 1129
1512 1131
1511 1131
1511 1148
1510 1148
1510 1151
1509 1151
1509 1152
1508 1152
1508 1153
1507 1153
1507 1154
1506 1154
1506 1155
1504 1155
1504 1156
1503 1156
1503 1157
1501 1157
1501 1158
1500 1158
1500 1159
1496 1159
1496 1160
1488 1160
1488 1159
1485 1159
1485 1158
1484 1158
1484 1156
1482 1156
1482 1155
1481 1155
1481 1152
1480 1152
1480 1148
1479 1148
1479 1146
1478 1146
1478 1145
1477 1145
1477 1144
1475 1144
1475 1143
1474 1143
1474 1142
1472 1142
1472 1141
1470 1141
1470 1139
1466 1139
1466 1138
1464 1138
1464 1137
1462 1137
1462 1136
1461 1136
1461 1135
1460 1135
1460 1134
1459 1134
1459 1133
1456 1133
1456 1132
1454 1132
1454 1131
1453 1131
1453 1130
1452 1130
1452 1129
1451 1129
1451 1128
1450 1128
1450 1127
1449 1127
1449 1126
1448 1126
1448 1124
1446 1124
1446 1123
1445 1123
1445 1122
1444 1122
1444 1121
1439 1121
1439 1119
1435 1119
1435 1118
1433 1118
1433 1117
1432 1117
1432 1116
1430 1116
1430 1115
1428 1115
1428 1114
1426 1114
1426 1113
1422 1113
1422 1112
1421 1112
1421 1111
1419 1111
1419 1110
1413 1110
1413 1109
1412 1109
1412 1108
1411 1108
1411 1107
1410 1107
1410 1106
1408 1106
1408 1105
1407 1105
1407 1104
1406 1104
1406 1103
1401 1103
1401 1102
1400 1102
1400 1101
1399 1101
1399 1100
1398 1100
1398 1099
1397 1099
1397 1098
1396 1098
1396 1097
1395 1097
1395 1096
1392 1096
1392 1095
1390 1095
1390 1094
1386 1094
1386 1093
1385 1093
1385 1092
1384 1092
1384 1091
1383 1091
1383 1090
1382 1090
1382 1089
1379 1089
1379 1088
1378 1088
1378 1087
1377 1087
1377 1086
1375 1086
1375 1085
1374 1085
1374 1084
1373 1084
1373 1083
1371 1083
1371 1082
1370 1082
1370 1081
1368 1081
1368 1080
1367 1080
1367 1079
1365 1079
1365 1078
1361 1078
1361 1077
1360 1077
1360 1076
1359 1076
1359 1075
1358 1075
1358 1074
1357 1074
1357 1073
1356 1073
1356 1072
1355 1072
1355 1070
1354 1070
1354 1068
1353 1068
1353 1065
1352 1065
1352 1060
1351 1060
1351 1057
1350 1057
1350 1056
1349 1056
1349 1054
1348 1054
1348 1053
1347 1053
1347 1051
1346 1051
1346 1050
1345 1050
1345 1049
1344 1049
1344 1048
1343 1048
1343 1047
1342 1047
1342 1045
1341 1045
1341 1044
1340 1044
1340 1040
1339 1040
1339 1037
1338 1037
1338 1036
1335 1036
1335 1035
1334 1035
1334 1033
1333 1033
1333 1032
1332 1032
1332 1030
1331 1030
1331 1029
1330 1029
1330 1028
1320 1028
1320 1029
1319 1029
1319 1030
1318 1030
1318 1031
1316 1031
1316 1032
1315 1032
1315 1033
1314 1033
1314 1034
1313 1034
1313 1041
1312 1041
1312 1043
1311 1043
1311 1045
1310 1045
1310 1046
1309 1046
1309 1047
1306 1047
1306 1048
1289 1048
1289 1047
1288 1047
1288 1046
1285 1046
1285 1045
1283 1045
1283 1044
1280 1044
1280 1043
1278 1043
1278 1042
1276 1042
1276 1041
1275 1041
1275 1036
1274 1036
1274 1034
1273 1034
1273 1032
1272 1032
1272 1030
1270 1030
1270 1029
1269 1029
1269 1028
1268 1028
1268 1027
1267 1027
1267 1026
1266 1026
1266 1025
1265 1025
1265 1023
1264 1023
1264 1016
1263 1016
1263 1015
1262 1015
1262 1013
1263 1013
1263 1011
1262 1011
1262 1010
1261 1010
1261 1009
1260 1009
1260 1008
1259 1008
1259 1007
1257 1007
1257 1006
1256 1006
1256 1003
1255 1003
1255 1002
1253 1002
1253 1001
1252 1001
1252 1000
1251 1000
1251 999
1250 999
1250 997
1249 997
1249 996
1248 996
1248 992
1247 992
1247 991
1246 991
1246 989
1245 989
1245 988
1244 988
1244 985
1240 985
1240 984
1237 984
1237 983
1235 983
1235 982
1233 982
1233 981
1228 981
1228 980
1226 980
1226 979
1221 979
1221 978
1219 978
1219 977
1215 977
1215 976
1214 976
1214 975
1212 975
1212 974
1211 974
1211 973
1210 973
1210 972
1209 972
1209 971
1208 971
1208 970
1207 970
1207 968
1206 968
1206 967
1204 967
1204 966
1202 966
1202 965
1199 965
1199 964
1198 964
1198 962
1197 962
1197 960
1192 960
1192 959
1190 959
1190 958
1189 958
1189 957
1188 957
1188 956
1187 956
1187 955
1186 955
1186 953
1185 953
1185 952
1184 952
1184 951
1183 951
1183 950
1182 950
1182 949
1181 949
1181 948
1177 948
1177 947
1175 947
1175 946
1169 946
1169 945
1166 945
1166 944
1165 944
1165 943
1161 943
1161 942
1160 942
1160 941
1157 941
1157 940
1155 940
1155 939
1154 939
1154 938
1153 938
1153 936
1152 936
1152 935
1151 935
1151 931
1150 931
1150 929
1151 929
1151 925
1150 925
1150 924
1149 924
1149 922
1147 922
1147 921
1145 921
1145 920
1143 920
1143 919
1141 919
1141 918
1140 918
1140 917
1137 917
1137 916
1134 916
1134 915
1132 915
1132 914
1122 914
1122 911
1121 911
1121 910
1118 910
1118 909
1109 909
1109 910
1100 910
1100 909
1098 909
1098 908
1096 908
1096 907
1095 907
1095 906
1094 906
1094 905
1093 905
1093 904
1092 904
1092 903
1089 903
1089 902
1086 902
1086 901
1076 901
1076 900
1075 900
1075 899
1072 899
1072 898
1070 898
1070 897
1069 897
1069 894
1068 894
1068 893
1067 893
1067 892
1066 892
1066 889
1065 889
1065 888
1063 888
1063 887
1054 887
1054 886
1048 886
1048 885
1039 885
1039 884
1038 884
1038 883
1036 883
1036 882
1035 882
1035 880
1034 880
1034 879
1033 879
1033 878
1032 878
1032 877
1030 877
1030 876
1025 876
1025 875
1024 875
1024 874
1023 874
1023 873
1022 873
1022 870
1021 870
1021 869
1020 869
1020 868
1019 868
1019 858
1018 858
1018 846
1017 846
1017 845
1018 845
1018 820
1017 820
1017 817
1016 817
1016 808
1013 808
1013 805
1009 805
1009 804
1002 804
1002 803
1000 803
1000 804
996 804
996 805
994 805
994 806
992 806
992 807
990 807
990 808
988 808
988 809
987 809
987 810
986 810
986 811
985 811
985 812
984 812
984 813
983 813
983 814
981 814
981 815
980 815
980 816
978 816
978 817
977 817
977 818
976 818
976 819
975 819
975 820
973 820
973 821
972 821
972 823
971 823
971 824
968 824
968 825
967 825
967 826
966 826
966 827
963 827
963 828
962 828
962 829
959 829
959 830
957 830
957 831
953 831
953 832
949 832
949 833
932 833
932 832
929 832
929 831
928 831
928 830
927 830
927 829
926 829
926 828
925 828
925 827
924 827
924 826
923 826
923 825
921 825
921 824
920 824
920 823
917 823
917 822
915 822
915 821
914 821
914 819
913 819
913 818
912 818
912 814
911 814
911 802
910 802
910 801
907 801
907 800
905 800
905 799
904 799
904 798
903 798
903 797
902 797
902 796
901 796
901 795
900 795
900 793
899 793
899 792
896 792
896 791
894 791
894 790
892 790
892 789
891 789
891 788
890 788
890 787
889 787
889 786
887 786
887 785
886 785
886 784
884 784
884 783
880 783
880 782
879 782
879 781
878 781
878 780
877 780
877 777
876 777
876 776
875 776
875 774
874 774
874 769
873 769
873 768
870 768
870 767
869 767
869 766
868 766
868 765
867 765
867 764
866 764
866 763
865 763
865 762
864 762
864 760
863 760
863 754
862 754
862 753
860 753
860 752
858 752
858 751
849 751
849 750
846 750
846 749
845 749
845 748
844 748
844 747
843 747
843 746
842 746
842 745
841 745
841 743
840 743
840 742
839 742
839 739
838 739
838 724
837 724
837 723
835 723
835 722
833 722
833 721
831 721
831 720
830 720
830 719
829 719
829 718
828 718
828 716
827 716
827 714
824 714
824 713
822 713
822 712
819 712
819 711
818 711
818 710
817 710
817 709
816 709
816 706
815 706
815 705
813 705
813 704
809 704
809 703
808 703
808 702
807 702
807 701
806 701
806 700
805 700
805 699
804 699
804 697
803 697
803 694
802 694
802 688
801 688
801 686
800 686
800 685
799 685
799 683
798 683
798 682
795 682
795 681
794 681
794 680
793 680
793 679
792 679
792 678
791 678
791 677
789 677
789 676
788 676
788 675
786 675
786 674
785 674
785 673
784 673
784 672
782 672
782 671
781 671
781 670
780 670
780 669
779 669
779 666
778 666
778 661
777 661
777 660
775 660
775 659
773 659
773 658
772 658
772 657
771 657
771 656
770 656
770 655
769 655
769 654
768 654
768 653
767 653
767 649
766 649
766 647
765 647
765 646
763 646
763 645
760 645
760 644
759 644
759 643
757 643
757 642
756 642
756 640
755 640
755 639
754 639
754 630
753 630
753 620
752 620
752 619
751 619
751 618
749 618
749 617
748 617
748 616
747 616
747 615
746 615
746 614
745 614
745 613
744 613
744 612
743 612
743 611
742 611
742 609
741 609
741 605
740 605
740 599
737 599
737 598
735 598
735 597
734 597
734 596
733 596
733 595
732 595
732 594
731 594
731 593
730 593
730 590
729 590
729 589
728 589
728 588
725 588
725 587
723 587
723 586
722 586
722 585
721 585
721 584
720 584
720 583
719 583
719 582
716 582
716 581
715 581
715 580
714 580
714 579
711 579
711 578
710 578
710 577
709 577
709 576
708 576
708 575
706 575
706 574
702 574
702 573
700 573
700 572
699 572
699 571
697 571
697 570
696 570
696 569
695 569
695 568
694 568
694 567
690 567
690 566
688 566
688 565
686 565
686 564
685 564
685 563
684 563
684 562
683 562
683 559
682 559
682 558
680 558
680 557
679 557
679 556
676 556
676 555
674 555
674 554
673 554
673 553
672 553
672 552
671 552
671 550
670 550
670 549
667 549
667 548
664 548
664 547
663 547
663 546
662 546
662 545
661 545
661 544
660 544
660 543
659 543
659 542
658 542
658 538
657 538
657 532
658 532
658 529
657 529
657 525
655 525
655 524
652 524
652 523
650 523
650 522
649 522
649 521
648 521
648 520
647 520
647 517
646 517
646 513
645 513
645 497
644 497
644 495
645 495
645 480
644 480
644 476
645 476
645 472
644 472
644 455
643 455
643 424
642 424
642 421
638 421
638 420
626 420
626 419
624 419
624 418
623 418
623 417
622 417
622 416
621 416
621 414
620 414
620 411
619 411
619 408
617 408
617 407
614 407
614 406
609 406
609 405
607 405
607 404
602 404
602 403
600 403
600 402
598 402
598 401
595 401
595 399
594 399
594 396
593 396
593 388
592 388
592 385
591 385
591 383
590 383
590 382
589 382
589 381
588 381
588 380
585 380
585 381
584 381
584 382
583 382
583 383
580 383
580 382
579 382
579 375
576 375
576 374
574 374
574 373
573 373
573 371
572 371
572 370
571 370
571 368
570 368
570 363
569 363
569 362
566 362
566 361
562 361
562 360
560 360
560 359
562 359
562 360
566 360
566 361
569 361
569 362
570 362
570 363
571 363
571 368
572 368
572 370
573 370
573 371
574 371
574 373
576 373
576 374
579 374
579 375
580 375
580 382
583 382
583 381
584 381
584 380
585 380
585 379
588 379
588 380
589 380
589 381
590 381
590 382
591 382
591 383
592 383
592 385
593 385
593 388
594 388
594 396
595 396
595 399
596 399
596 400
598 400
598 401
600 401
600 402
602 402
602 403
607 403
607 404
609 404
609 405
614 405
614 406
617 406
617 407
619 407
619 408
620 408
620 411
621 411
621 414
622 414
622 416
623 416
623 417
624 417
624 418
626 418
626 419
638 419
638 420
642 420
642 421
643 421
643 424
644 424
644 455
645 455
645 472
646 472
646 476
645 476
645 480
646 480
646 495
645 495
645 497
646 497
646 513
647 513
647 517
648 517
648 520
649 520
649 521
650 521
650 522
652 522
652 523
655 523
655 524
657 524
657 525
658 525
658 529
659 529
659 532
658 532
658 538
659 538
659 542
660 542
660 543
661 543
661 544
662 544
662 545
663 545
663 546
664 546
664 547
667 547
667 548
670 548
670 549
671 549
671 550
672 550
672 552
673 552
673 553
674 553
674 554
676 554
676 555
679 555
679 556
680 556
680 557
682 557
682 558
683 558
683 559
684 559
684 562
685 562
685 563
686 563
686 564
688 564
688 565
690 565
690 566
694 566
694 567
695 567
695 568
696 568
696 569
697 569
697 570
699 570
699 571
700 571
700 572
702 572
702 573
706 573
706 574
708 574
708 575
709 575
709 576
710 576
710 577
711 577
711 578
714 578
714 579
717 579
717 580
718 580
718 581
719 581
719 582
720 582
720 583
721 583
721 584
722 584
722 585
723 585
723 586
725 586
725 587
728 587
728 588
729 588
729 589
730 589
730 590
731 590
731 593
732 593
732 594
733 594
733 595
734 595
734 596
735 596
735 597
737 597
737 598
740 598
740 599
741 599
741 605
742 605
742 609
743 609
743 611
744 611
744 612
745 612
745 613
746 613
746 614
747 614
747 615
748 615
748 616
749 616
749 617
751 617
751 618
752 618
752 619
753 619
753 620
754 620
754 630
755 630
755 639
756 639
756 640
757 640
757 642
759 642
759 643
760 643
760 644
763 644
763 645
765 645
765 646
766 646
766 647
767 647
767 649
768 649
768 653
769 653
769 654
770 654
770 655
771 655
771 656
772 656
772 657
773 657
773 658
775 658
775 659
777 659
777 660
778 660
778 661
779 661
779 666
780 666
780 669
781 669
781 670
782 670
782 671
784 671
784 672
785 672
785 673
786 673
786 674
788 674
788 675
789 675
789 676
791 676
791 677
792 677
792 678
793 678
793 679
794 679
794 680
795 680
795 681
798 681
798 682
799 682
799 683
800 683
800 685
801 685
801 686
802 686
802 688
803 688
803 694
804 694
804 697
805 697
805 699
806 699
806 700
807 700
807 701
808 701
808 702
809 702
809 703
813 703
813 704
815 704
815 705
816 705
816 706
817 706
817 709
818 709
818 710
819 710
819 711
822 711
822 712
824 712
824 713
827 713
827 714
828 714
828 716
829 716
829 718
830 718
830 719
831 719
831 720
833 720
833 721
835 721
835 722
837 722
837 723
838 723
838 724
839 724
839 739
840 739
840 742
841 742
841 743
842 743
842 745
843 745
843 746
844 746
844 747
845 747
845 748
846 748
846 749
849 749
849 750
858 750
858 751
860 751
860 752
862 752
862 753
863 753
863 754
864 754
864 760
865 760
865 762
866 762
866 763
867 763
867 764
868 764
868 765
869 765
869 766
870 766
870 767
873 767
873 768
874 768
874 769
875 769
875 774
876 774
876 776
877 776
877 777
878 777
878 780
879 780
879 781
880 781
880 782
884 782
884 783
886 783
886 784
887 784
887 785
889 785
889 786
890 786
890 787
891 787
891 788
892 788
892 789
894 789
894 790
896 790
896 791
899 791
899 792
900 792
900 793
901 793
901 795
902 795
902 796
903 796
903 797
904 797
904 798
905 798
905 799
907 799
907 800
910 800
910 801
911 801
911 802
912 802
912 814
913 814
913 818
914 818
914 819
915 819
915 821
917 821
917 822
920 822
920 823
921 823
921 824
923 824
923 825
924 825
924 826
925 826
925 827
926 827
926 828
927 828
927 829
928 829
928 830
929 830
929 831
932 831
932 832
949 832
949 831
953 831
953 830
957 830
957 829
959 829
959 828
962 828
962 827
963 827
963 826
966 826
966 825
967 825
967 824
968 824
968 823
971 823
971 821
972 821
972 820
973 820
973 819
975 819
975 818
976 818
976 817
977 817
977 816
978 816
978 815
980 815
980 814
981 814
981 813
983 813
983 812
984 812
984 811
985 811
985 810
986 810
986 809
987 809
987 808
988 808
988 807
990 807
990 806
992 806
992 805
994 805
994 804
996 804
996 803
1000 803
1000 802
1002 802
1002 803
1009 803
1009 804
1013 804
1013 805
1014 805
1014 807
1016 807
1016 808
1017 808
1017 817
1018 817
1018 820
1019 820
1019 845
1018 845
1018 846
1019 846
1019 858
1020 858
1020 868
1021 868
1021 869
1022 869
1022 870
1023 870
1023 873
1024 873
1024 874
1025 874
1025 875
1030 875
1030 876
1032 876
1032 877
1033 877
1033 878
1034 878
1034 879
1035 879
1035 880
1036 880
1036 882
1038 882
1038 883
1039 883
1039 884
1048 884
1048 885
1054 885
1054 886
1063 886
1063 887
1065 887
1065 888
1066 888
1066 889
1067 889
1067 892
1068 892
1068 893
1069 893
1069 894
1070 894
1070 897
1072 897
1072 898
1075 898
1075 899
1076 899
1076 900
1086 900
1086 901
1089 901
1089 902
1092 902
1092 903
1093 903
1093 904
1094 904
1094 905
1095 905
1095 906
1096 906
1096 907
1098 907
1098 908
1100 908
1100 909
1109 909
1109 908
1118 908
1118 909
1121 909
1121 910
1122 910
1122 911
1123 911
1123 913
1132 913
1132 914
1134 914
1134 915
1137 915
1137 916
1140 916
1140 917
1141 917
1141 918
1143 918
1143 919
1145 919
1145 920
1147 920
1147 921
1149 921
1149 922
1150 922
1150 924
1151 924
1151 925
1152 925
1152 929
1151 929
1151 931
1152 931
1152 935
1153 935
1153 936
1154 936
1154 938
1155 938
1155 939
1157 939
1157 940
1160 940
1160 941
1161 941
1161 942
1165 942
1165 943
1166 943
1166 944
1169 944
1169 945
1175 945
1175 946
1177 946
1177 947
1181 947
1181 948
1182 948
1182 949
1183 949
1183 950
1184 950
1184 951
1185 951
1185 952
1186 952
1186 953
1187 953
1187 955
1188 955
1188 956
1189 956
1189 957
1190 957
1190 958
1192 958
1192 959
1197 959
1197 960
1198 960
1198 962
1199 962
1199 964
1202 964
1202 965
1204 965
1204 966
1206 966
1206 967
1207 967
1207 968
1208 968
1208 970
1209 970
1209 971
1210 971
1210 972
1211 972
1211 973
1212 973
1212 974
1214 974
1214 975
1215 975
1215 976
1219 976
1219 977
1221 977
1221 978
1226 978
1226 979
1228 979
1228 980
1233 980
1233 981
1235 981
1235 982
1237 982
1237 983
1240 983
1240 984
1244 984
1244 985
1245 985
1245 988
1246 988
1246 989
1247 989
1247 991
1248 991
1248 992
1249 992
1249 996
1250 996
1250 997
1251 997
1251 999
1252 999
1252 1000
1253 1000
1253 1001
1255 1001
1255 1002
1256 1002
1256 1003
1257 1003
1257 1006
1259 1006
1259 1007
1260 1007
1260 1008
1262 1008
1262 1010
1264 1010
1264 1014
1263 1014
1263 1015
1264 1015
1264 1016
1265 1016
1265 1023
1266 1023
1266 1025
1267 1025
1267 1026
1268 1026
1268 1027
1269 1027
1269 1028
1270 1028
1270 1029
1273 1029
1273 1032
1274 1032
1274 1034
1275 1034
1275 1036
1276 1036
1276 1041
1278 1041
1278 1042
1280 1042
1280 1043
1283 1043
1283 1044
1285 1044
1285 1045
1288 1045
1288 1046
1289 1046
1289 1047
1306 1047
1306 1046
1309 1046
1309 1045
1310 1045
1310 1043
1311 1043
1311 1041
1312 1041
1312 1034
1313 1034
1313 1033
1314 1033
1314 1032
1315 1032
1315 1031
1316 1031
1316 1030
1318 1030
1318 1029
1319 1029
1319 1028
1320 1028
1320 1027
1330 1027
1330 1028
1331 1028
1331 1029
1332 1029
1332 1030
1333 1030
1333 1032
1334 1032
1334 1033
1335 1033
1335 1035
1338 1035
1338 1036
1339 1036
1339 1037
1340 1037
1340 1040
1341 1040
1341 1044
1342 1044
1342 1045
1343 1045
1343 1047
1344 1047
1344 1048
1345 1048
1345 1049
1346 1049
1346 1050
1348 1050
1348 1053
1349 1053
1349 1054
1350 1054
1350 1056
1351 1056
1351 1057
1352 1057
1352 1060
1353 1060
1353 1065
1354 1065
1354 1068
1355 1068
1355 1070
1356 1070
1356 1072
1357 1072
1357 1073
1358 1073
1358 1074
1359 1074
1359 1075
1360 1075
1360 1076
1361 1076
1361 1077
1365 1077
1365 1078
1367 1078
1367 1079
1368 1079
1368 1080
1370 1080
1370 1081
1371 1081
1371 1082
1373 1082
1373 1083
1374 1083
1374 1084
1375 1084
1375 1085
1377 1085
1377 1086
1378 1086
1378 1087
1379 1087
1379 1088
1382 1088
1382 1089
1383 1089
1383 1090
1384 1090
1384 1091
1385 1091
1385 1092
1386 1092
1386 1093
1390 1093
1390 1094
1392 1094
1392 1095
1395 1095
1395 1096
1396 1096
1396 1097
1397 1097
1397 1098
1398 1098
1398 1099
1399 1099
1399 1100
1400 1100
1400 1101
1401 1101
1401 1102
1406 1102
1406 1103
1407 1103
1407 1104
1408 1104
1408 1105
1410 1105
1410 1106
1411 1106
1411 1107
1412 1107
1412 1108
1413 1108
1413 1109
1419 1109
1419 1110
1421 1110
1421 1111
1422 1111
1422 1112
1426 1112
1426 1113
1428 1113
1428 1114
1430 1114
1430 1115
1432 1115
1432 1116
1433 1116
1433 1117
1435 1117
1435 1118
1439 1118
1439 1119
1440 1119
1440 1120
1444 1120
1444 1121
1445 1121
1445 1122
1446 1122
1446 1123
1448 1123
1448 1124
1449 1124
1449 1126
1451 1126
1451 1128
1452 1128
1452 1129
1453 1129
1453 1130
1454 1130
1454 1131
1456 1131
1456 1132
1459 1132
1459 1133
1460 1133
1460 1134
1461 1134
1461 1135
1462 1135
1462 1136
1464 1136
1464 1137
1466 1137
1466 1138
1470 1138
1470 1139
1472 1139
1472 1141
1474 1141
1474 1142
1475 1142
1475 1143
1477 1143
1477 1144
1478 1144
1478 1145
1479 1145
1479 1146
1480 1146
1480 1148
1481 1148
1481 1152
1482 1152
1482 1155
1485 1155
1485 1158
1488 1158
1488 1159
1496 1159
1496 1158
1500 1158
1500 1157
1501 1157
1501 1156
1503 1156
1503 1155
1504 1155
1504 1154
1506 1154
1506 1153
1507 1153
1507 1152
1508 1152
1508 1151
1509 1151
1509 1148
1510 1148
1510 1131
1511 1131
1511 1129
1512 1129
1512 1128
1527 1128
1527 1129
1528 1129
1528 1130
1529 1130
1529 1141
1530 1141
1530 1158
1531 1158
1531 1169
1532 1169
1532 1172
1533 1172
1533 1174
1535 1174
1535 1175
1536 1175
1536 1176
1537 1176
1537 1177
1541 1177
1541 1178
1544 1178
1544 1179
1545 1179
1545 1180
1558 1180
1558 1181
1562 1181
1562 1182
1567 1182
1567 1181
1568 1181
1568 1182
1572 1182
1572 1183
1573 1183
1573 1182
1580 1182
1580 1183
1581 1183
1581 1188
1582 1188
1582 1191
1583 1191
1583 1192
1591 1192
1591 1193
1597 1193
1597 1194
1603 1194
1603 1195
1607 1195
1607 1196
1610 1196
1610 1197
1624 1197
1624 1196
1627 1196
1627 1197
1633 1197
1633 1198
1637 1198
1637 1199
1655 1199
1655 1200
1668 1200
1668 1201
1669 1201
1669 1202
1670 1202
1670 1203
1671 1203
1671 1209
1672 1209
1672 1221
1673 1221
1673 1223
1674 1223
1674 1225
1675 1225
1675 1226
1676 1226
1676 1227
1677 1227
1677 1228
1678 1228
1678 1229
1680 1229
1680 1230
1686 1230
1686 1231
1689 1231
1689 1232
1697 1232
1697 1233
1699 1233
1699 1234
1704 1234
1704 1235
1707 1235
1707 1236
1710 1236
1710 1237
1712 1237
1712 1238
1713 1238
1713 1239
1714 1239
1714 1240
1716 1240
1716 1241
1717 1241
1717 1242
1718 1242
1718 1243
1720 1243
1720 1244
1724 1244
1724 1245
1727 1245
1727 1246
1729 1246
1729 1247
1731 1247
1731 1248
1737 1248
1737 1249
1738 1249
1738 1250
1740 1250
1740 1251
1746 1251
1746 1252
1747 1252
1747 1253
1751 1253
1751 1254
1753 1254
1753 1255
1755 1255
1755 1256
1757 1256
1757 1257
1759 1257
1759 1258
1760 1258
1760 1259
1763 1259
1763 1260
1764 1260
1764 1261
1765 1261
1765 1262
1767 1262
1767 1263
1768 1263
1768 1264
1772 1264
1772 1265
1776 1265
1776 1266
1787 1266
1787 1267
1790 1267
1790 1268
1795 1268
1795 1269
1796 1269
1796 1270
1797 1270
1797 1271
1798 1271
1798 1272
1799 1272
1799 1273
1800 1273
1800 1274
1801 1274
1801 1275
1802 1275
1802 1276
1803 1276
1803 1277
1804 1277
1804 1278
1805 1278
1805 1280
1807 1280
1807 1281
1809 1281
1809 1282
1812 1282
1812 1283
1813 1283
1813 1284
1814 1284
1814 1283
1822 1283
1822 1282
1824 1282
1824 1281
1825 1281
1825 1277
1826 1277
1826 1276
1827 1276
1827 1274
1828 1274
1828 1273
1829 1273
1829 1270
1830 1270
1830 1268
1831 1268
1831 1266
1832 1266
1832 1265
1833 1265
1833 1264
1834 1264
1834 1263
1835 1263
1835 1258
1834 1258
1834 1248
1833 1248
1833 1241
1834 1241
1834 1240
1842 1240
1842 1241
1844 1241
1844 1242
1846 1242
1846 1243
1847 1243
1847 1244
1849 1244
1849 1245
1850 1245
1850 1246
1851 1246
1851 1248
1852 1248
1852 1250
1853 1250
1853 1251
1854 1251
1854 1252
1855 1252
1855 1253
1857 1253
1857 1254
1861 1254
1861 1255
1863 1255
1863 1254
1866 1254
1866 1255
1867 1255
1867 1256
1868 1256
1868 1257
1869 1257
1869 1258
1870 1258
1870 1259
1871 1259
1871 1260
1872 1260
1872 1262
1873 1262
1873 1263
1874 1263
1874 1264
1875 1264
1875 1265
1876 1265
1876 1266
1877 1266
1877 1268
1878 1268
1878 1271
1879 1271
1879 1272
1880 1272
1880 1273
1881 1273
1881 1274
1882 1274
1882 1275
1883 1275
1883 1276
1884 1276
1884 1277
1885 1277
1885 1279
1886 1279
1886 1280
1887 1280
1887 1281
1888 1281
1888 1282
1891 1282
1891 1283
1892 1283
1892 1285
1893 1285
1893 1286
1895 1286
1895 1287
1901 1287
1901 1288
1907 1288
1907 1289
1912 1289
1912 1290
1913 1290
1913 1291
1917 1291
1917 1292
1918 1292
1918 1293
1919 1293
1919 1294
1927 1294
1927 1293
1926 1293
1926 1281
1925 1281
1925 1275
1933 1275
1933 1276
1935 1276
1935 1277
1940 1277
1940 1278
1941 1278
1941 1279
1943 1279
1943 1280
1946 1280
1946 1281
1952 1281
1952 1282
1957 1282
1957 1283
1960 1283
1960 1284
1961 1284
1961 1287
1962 1287
1962 1289
1964 1289
1964 1290
1966 1290
1966 1289
1974 1289
1974 1280
1975 1280
1975 1273
1976 1273
1976 1272
1978 1272
1978 1271
1989 1271
1989 1270
1990 1270
1990 1269
1992 1269
1992 1268
1995 1268
1995 1267
2002 1267
2002 1268
2022 1268
2022 1269
2023 1269
2023 1268
2028 1268
2028 1267
2029 1267
2029 1264
2030 1264
2030 1263
2031 1263
2031 1251
2030 1251
2030 1247
2031 1247
2031 1246
2034 1246
2034 1245
2057 1245
2057 1244
2062 1244
2062 1245
2068 1245
2068 1246
2073 1246
2073 1245
2074 1245
2074 1246
2075 1246
2075 1247
2076 1247
2076 1248
2077 1248
2077 1249
2078 1249
2078 1250
2079 1250
2079 1252
2080 1252
2080 1254
2081 1254
2081 1257
2082 1257
2082 1259
2083 1259
2083 1262
2084 1262
2084 1263
2085 1263
2085 1266
2086 1266
2086 1267
2087 1267
2087 1270
2088 1270
2088 1273
2089 1273
2089 1274
2090 1274
2090 1275
2091 1275
2091 1281
2092 1281
2092 1282
2093 1282
2093 1283
2094 1283
2094 1285
2095 1285
2095 1286
2097 1286
2097 1287
2098 1287
2098 1288
2100 1288
2100 1289
2101 1289
2101 1290
2105 1290
2105 1291
2115 1291
2115 1292
2117 1292
2117 1293
2120 1293
2120 1292
2121 1292
2121 1291
2132 1291
2132 1292
2135 1292
2135 1293
2138 1293
2138 1294
2139 1294
2139 1293
2140 1293
2140 1291
2141 1291
2141 1290
2142 1290
2142 1289
2143 1289
2143 1288
2144 1288
2144 1287
2158 1287
2158 1288
2168 1288
2168 1287
2169 1287
2169 1286
2170 1286
2170 1282
2171 1282
2171 1278
2172 1278
2172 1277
2174 1277
2174 1276
2175 1276
2175 1274
2176 1274
2176 1273
2178 1273
2178 1272
2182 1272
2182 1271
2187 1271
2187 1270
2191 1270
2191 1269
2196 1269
2196 1268
2216 1268
2216 1269
2222 1269
2222 1270
2223 1270
2223 1271
2224 1271
2224 1272
2225 1272
2225 1273
2227 1273
2227 1274
2228 1274
2228 1275
2234 1275
2234 1276
2237 1276
2237 1277
2239 1277
2239 1278
2242 1278
2242 1279
2255 1279
2255 1280
2256 1280
2256 1281
2263 1281
2263 1282
2269 1282
2269 1277
2270 1277
2270 1265
2271 1265
2271 1264
2272 1264
2272 1263
2282 1263
2282 1262
2283 1262
2283 1261
2296 1261
2296 1260
2297 1260
2297 1258
2298 1258
2298 1254
2299 1254
2299 1244
2300 1244
2300 1243
2301 1243
2301 1242
2306 1242
2306 1241
2307 1241
2307 1240
2308 1240
2308 1239
2309 1239
2309 1238
2310 1238
2310 1236
2311 1236
2311 1231
2310 1231
2310 1223
2309 1223
2309 1221
2310 1221
2310 1218
2311 1218
2311 1214
2312 1214
2312 1213
2313 1213
2313 1212
2320 1212
2320 1213
2327 1213
2327 1214
2332 1214
2332 1215
2339 1215
2339 1216
2355 1216
2355 1217
2372 1217
2372 1218
2376 1218
2376 1225
2379 1225
2379 1226
2384 1226
2384 1227
2388 1227
2388 1228
2392 1228
2392 1229
2396 1229
2396 1230
2408 1230
2408 1231
2424 1231
2424 1230
2425 1230
2425 1229
2426 1229
2426 1228
2428 1228
2428 1227
2429 1227
2429 1226
2430 1226
2430 1225
2431 1225
2431 1224
2433 1224
2433 1223
2434 1223
2434 1222
2435 1222
2435 1221
2436 1221
2436 1220
2437 1220
2437 1219
2438 1219
2438 1217
2439 1217
2439 1215
2440 1215
2440 1214
2441 1214
2441 1213
2442 1213
2442 1212
2443 1212
2443 1211
2445 1211
2445 1209
2446 1209
2446 1207
2447 1207
2447 1206
2448 1206
2448 1203
2449 1203
2449 1200
2450 1200
2450 1196
2451 1196
2451 1192
2452 1192
2452 1186
2453 1186
2453 1169
2454 1169
2454 1160
2455 1160
2455 1141
2456 1141
2456 1136
2457 1136
2457 1130
2458 1130
2458 1125
2459 1125
2459 1123
2460 1123
2460 1122
2467 1122
2467 1124
2469 1124
2469 1123
2470 1123
2470 1122
2475 1122
2475 1123
2486 1123
2486 1122
2487 1122
2487 1120
2488 1120
2488 1119
2491 1119
2491 1118
2492 1118
2492 1115
2493 1115
2493 1113
2494 1113
2494 1111
2497 1111
2497 1110
2498 1110
2498 1109
2502 1109
2502 1110
2503 1110
2503 1111
2517 1111
2517 1110
2521 1110
2521 1109
2522 1109
2522 1108
2523 1108
2523 1107
2524 1107
2524 1106
2525 1106
2525 1105
2526 1105
2526 1104
2527 1104
2527 1103
2529 1103
2529 1102
2533 1102
2533 1101
2544 1101
2544 1102
2553 1102
2553 1101
2555 1101
2555 1100
2562 1100
2562 1099
2580 1099
2580 1100
2581 1100
2581 1101
2583 1101
2583 1102
2587 1102
2587 1103
2588 1103
2588 1104
2589 1104
2589 1105
2591 1105
2591 1106
2592 1106
2592 1107
2595 1107
2595 1108
2596 1108
2596 1110
2597 1110
2597 1111
2598 1111
2598 1112
2599 1112
2599 1114
2600 1114
2600 1115
2601 1115
2601 1116
2602 1116
2602 1117
2605 1117
2605 1118
2606 1118
2606 1119
2607 1119
2607 1120
2608 1120
2608 1121
2609 1121
2609 1122
2610 1122
2610 1123
2611 1123
2611 1124
2613 1124
2613 1125
2615 1125
2615 1126
2621 1126
2621 1127
2627 1127
2627 1128
2629 1128
2629 1129
2633 1129
2633 1128
2643 1128
2643 1127
2644 1127
2644 1126
2653 1126
2653 1125
2654 1125
2654 1124
2655 1124
2655 1123
2658 1123
2658 1122
2661 1122
2661 1121
2668 1121
2668 1120
2669 1120
2669 1119
2671 1119
2671 1118
2673 1118
2673 1117
2674 1117
2674 1116
2682 1116
2682 1115
2683 1115
2683 1114
2684 1114
2684 1112
2685 1112
2685 1111
2686 1111
2686 1110
2688 1110
2688 1109
2689 1109
2689 1108
2691 1108
2691 1107
2694 1107
2694 1106
2696 1106
2696 1102
2695 1102
2695 1098
2694 1098
2694 1091
2695 1091
2695 1086
2696 1086
2696 1080
2697 1080
2697 1079
2698 1079
2698 1078
2700 1078
2700 1077
2707 1077
2707 1076
2709 1076
2709 1075
2711 1075
2711 1074
2717 1074
2717 1073
2719 1073
2719 1072
2723 1072
2723 1065
2724 1065
2724 1057
2723 1057
2723 1038
2724 1038
2724 1035
2725 1035
2725 1034
2726 1034
2726 1033
2731 1033
2731 1034
2744 1034
2744 1035
2751 1035
2751 1036
2756 1036
2756 1037
2757 1037
2757 1036
2761 1036
2761 1037
2764 1037
2764 1038
2766 1038
2766 1039
2768 1039
2768 1040
2769 1040
2769 1041
2770 1041
2770 1042
2776 1042
2776 1041
2777 1041
2777 1038
2778 1038
2778 1035
2779 1035
2779 1034
2780 1034
2780 1032
2782 1032
2782 1031
2783 1031
2783 1030
2784 1030
2784 1029
2785 1029
2785 1028
2787 1028
2787 1027
2788 1027
2788 1026
2789 1026
2789 1025
2791 1025
2791 1024
2793 1024
2793 1023
2794 1023
2794 1022
2799 1022
2799 1021
2802 1021
2802 1020
2803 1020
2803 1018
2804 1018
2804 1017
2812 1017
2812 1013
2813 1013
2813 1011
2814 1011
2814 1010
2815 1010
2815 1009
2816 1009
2816 1008
2817 1008
2817 1000
2818 1000
2818 995
2819 995
2819 993
2820 993
2820 991
2821 991
2821 989
2822 989
2822 986
2823 986
2823 985
2824 985
2824 982
2825 982
2825 981
2826 981
2826 979
2827 979
2827 978
2828 978
2828 976
2829 976
2829 974
2830 974
2830 972
2831 972
2831 971
2832 971
2832 966
2833 966
2833 964
2834 964
2834 962
2835 962
2835 961
2836 961
2836 960
2837 960
2837 958
2838 958
2838 957
2839 957
2839 956
2841 956
2841 955
2842 955
2842 954
2843 954
2843 953
2844 953
2844 951
2845 951
2845 948
2846 948
2846 947
2847 947
2847 945
2848 945
2848 943
2849 943
2849 941
2850 941
2850 938
2851 938
2851 931
2852 931
2852 923
2853 923
2853 917
2854 917
2854 910
2855 910
2855 904
2856 904
2856 898
2857 898
2857 895
2858 895
2858 892
2859 892
2859 890
2860 890
2860 889
2869 889
2869 888
2870 888
2870 887
2871 887
2871 886
2885 886
2885 887
2901 887
2901 886
2902 886
2902 887
2907 887
2907 888
2915 888
2915 889
2916 889
2916 899
2917 899
2917 916
2916 916
2916 928
2917 928
2917 931
2918 931
2918 933
2919 933
2919 934
2920 934
2920 935
2921 935
2921 936
2922 936
2922 937
2925 937
2925 938
2926 938
2926 937
2935 937
2935 936
2936 936
2936 935
2938 935
2938 934
2939 934
2939 933
2940 933
2940 932
2941 932
2941 931
2942 931
2942 930
2959 930
2959 926
2960 926
2960 925
2961 925
2961 923
2962 923
2962 922
2963 922
2963 919
2964 919
2964 916
2965 916
2965 910
2964 910
2964 907
2963 907
2963 904
2962 904
2962 898
2961 898
2961 895
2962 895
2962 894
2963 894
2963 893
2969 893
2969 894
2975 894
2975 893
2976 893
2976 892
2977 892
2977 891
2978 891
2978 889
2979 889
2979 881
2978 881
2978 878
2977 878
2977 872
2976 872
2976 861
2977 861
2977 854
2978 854
2978 853
2977 853
2977 849
2978 849
2978 838
2979 838
2979 837
2980 837
2980 836
2981 836
2981 834
2982 834
2982 832
2983 832
2983 828
2984 828
2984 812
2985 812
2985 809
2986 809
2986 808
2998 808
2998 806
2999 806
2999 805
3000 805
3000 803
3001 803
3001 801
3002 801
3002 800
3003 800
3003 799
3012 799
3012 798
3014 798
3014 797
3015 797
3015 796
3034 796
3034 795
3040 795
3040 794
3041 794
3041 793
3042 793
3042 792
3044 792
3044 791
3045 791
3045 790
3046 790
3046 788
3047 788
3047 783
3048 783
3048 771
3049 771
3049 767
3048 767
3048 758
3049 758
3049 757
3050 757
3050 756
3052 756
3052 755
3055 755
3055 754
3056 754
3056 753
3057 753
3057 751
3058 751
3058 750
3059 750
3059 747
3060 747
3060 744
3061 744
3061 743
3068 743
3068 742
3070 742
3070 741
3071 741
3071 740
3073 740
3073 738
3074 738
3074 737
3075 737
3075 733
3076 733
3076 720
3077 720
3077 706
3078 706
3078 701
3079 701
3079 699
3080 699
3080 698
3086 698
3086 697
3092 697
3092 696
3093 696
3093 695
3094 695
3094 694
3095 694
3095 693
3102 693
3102 692
3114 692
3114 690
3121 690
3121 691
3127 691
3127 690
3129 690
3129 689
3131 689
3131 688
3132 688
3132 686
3133 686
3133 685
3134 685
3134 684
3135 684
3135 683
3136 683
3136 682
3137 682
3137 681
3138 681
3138 680
3139 680
3139 653
3140 653
3140 648
3141 648
3141 645
3140 645
3140 641
3141 641
3141 636
3142 636
3142 630
3143 630
3143 621
3144 621
3144 619
3145 619
3145 618
3146 618
3146 617
3147 617
3147 616
3148 616
3148 615
3149 615
3149 614
3150 614
3150 613
3151 613
3151 612
3152 612
3152 611
3153 611
3153 610
3155 610
3155 608
3156 608
3156 607
3158 607
3158 606
3165 606
3165 607
3170 607
3170 608
3172 608
3172 609
3181 609
3181 608
3182 608
3182 607
3184 607
3184 606
3186 606
3186 605
3187 605
3187 604
3188 604
3188 603
3190 603
3190 601
3191 601
3191 600
3192 600
3192 597
3193 597
3193 594
3194 594
3194 582
3195 582
3195 581
3196 581
3196 580
3197 580
3197 579
3198 579
3198 578
3199 578
3199 577
3201 577
3201 576
3202 576
3202 575
3203 575
3203 574
3204 574
3204 572
3205 572
3205 571
3207 571
3207 562
3208 562
3208 556
3209 556
3209 555
3211 555
3211 553
3212 553
3212 552
3213 552
3213 551
3215 551
3215 550
3217 550
3217 548
3218 548
3218 545
3219 545
3219 538
3220 538
3220 537
3221 537
3221 535
3222 535
3222 534
3223 534
3223 533
3225 533
3225 532
3226 532
3226 530
3227 530
3227 529
3228 529
3228 528
3230 528
3230 525
3231 525
3231 512
3232 512
3232 510
3233 510
3233 512
3232 512
3232 525
3231 525
3231 528
3230 528
3230 529
3228 529
3228 530
3227 530
3227 532
3226 532
3226 533
3225 533
3225 534
3223 534
3223 535
3222 535
3222 537
3221 537
3221 538
3220 538
3220 545
3219 545
3219 548
3218 548
3218 550
3217 550
3217 551
3215 551
3215 552
3213 552
3213 553
3212 553
3212 555
3211 555
3211 556
3209 556
3209 562
3208 562
3208 572
3205 572
3205 574
3204 574
3204 575
3203 575
3203 576
3202 576
3202 577
3201 577
3201 578
3199 578
3199 579
3198 579
3198 580
3197 580
3197 581
3196 581
3196 582
3195 582
3195 594
3194 594
3194 597
3193 597
3193 600
3192 600
3192 601
3191 601
3191 603
3190 603
3190 604
3188 604
3188 605
3187 605
3187 606
3186 606
3186 607
3184 607
3184 608
3182 608
3182 610
3172 610
3172 609
3170 609
3170 608
3165 608
3165 607
3158 607
3158 608
3156 608
3156 610
3155 610
3155 611
3153 611
3153 612
3152 612
3152 613
3151 613
3151 614
3150 614
3150 615
3149 615
3149 616
3148 616
3148 617
3147 617
3147 618
3146 618
3146 619
3145 619
3145 621
3144 621
3144 630
3143 630
3143 636
3142 636
3142 641
3141 641
3141 645
3142 645
3142 648
3141 648
3141 653
3140 653
3140 681
3138 681
3138 682
3137 682
3137 683
3136 683
3136 684
3135 684
3135 685
3134 685
3134 686
3133 686
3133 688
3132 688
3132 689
3131 689
3131 690
3129 690
3129 691
3127 691
3127 692
3121 692
3121 691
3115 691
3115 692
3114 692
3114 693
3102 693
3102 694
3095 694
3095 695
3094 695
3094 697
3092 697
3092 698
3086 698
3086 699
3080 699
3080 701
3079 701
3079 706
3078 706
3078 720
3077 720
3077 733
3076 733
3076 737
3075 737
3075 738
3074 738
3074 740
3073 740
3073 741
3071 741
3071 742
3070 742
3070 743
3068 743
3068 744
3061 744
3061 747
3060 747
3060 750
3059 750
3059 751
3058 751
3058 753
3057 753
3057 754
3056 754
3056 755
3055 755
3055 756
3052 756
3052 757
3050 757
3050 758
3049 758
3049 767
3050 767
3050 771
3049 771
3049 784
3048 784
3048 788
3047 788
3047 790
3046 790
3046 791
3045 791
3045 792
3044 792
3044 793
3042 793
3042 794
3041 794
3041 795
3040 795
3040 796
3034 796
3034 797
3015 797
3015 798
3014 798
3014 799
3012 799
3012 800
3003 800
3003 801
3002 801
3002 803
3001 803
3001 805
3000 805
3000 806
2999 806
2999 809
2986 809
2986 812
2985 812
2985 828
2984 828
2984 832
2983 832
2983 834
2982 834
2982 836
2981 836
2981 837
2980 837
2980 838
2979 838
2979 849
2978 849
2978 853
2979 853
2979 854
2978 854
2978 861
2977 861
2977 872
2978 872
2978 878
2979 878
2979 881
2980 881
2980 889
2979 889
2979 891
2978 891
2978 892
2977 892
2977 893
2976 893
2976 894
2975 894
2975 895
2969 895
2969 894
2963 894
2963 895
2962 895
2962 898
2963 898
2963 904
2964 904
2964 907
2965 907
2965 910
2966 910
2966 916
2965 916
2965 919
2964 919
2964 922
2963 922
2963 923
2962 923
2962 925
2961 925
2961 926
2960 926
2960 930
2959 930
2959 931
2942 931
2942 932
2941 932
2941 933
2940 933
2940 934
2939 934
2939 935
2938 935
2938 936
2936 936
2936 937
2935 937
2935 938
2926 938
2926 939
2925 939
2925 938
2922 938
2922 937
2921 937
2921 936
2920 936
2920 935
2919 935
2919 934
2918 934
2918 933
2917 933
2917 931
2916 931
2916 928
2915 928
2915 916
2916 916
2916 899
2915 899
2915 889
2907 889
2907 888
2902 888
2902 887
2901 887
2901 888
2885 888
2885 887
2871 887
2871 888
2870 888
2870 889
2869 889
2869 890
2860 890
2860 892
2859 892
2859 895
2858 895
2858 898
2857 898
2857 904
2856 904
2856 910
2855 910
2855 917
2854 917
2854 923
2853 923
2853 931
2852 931
2852 938
2851 938
2851 941
2850 941
2850 943
2849 943
2849 945
2848 945
2848 947
2847 947
2847 948
2846 948
2846 951
2845 951
2845 953
2844 953
2844 954
2843 954
2843 955
2842 955
2842 956
2841 956
2841 957
2839 957
2839 958
2838 958
2838 960
2837 960
2837 961
2836 961
2836 962
2835 962
2835 964
2834 964
2834 966
2833 966
2833 971
2832 971
2832 972
2831 972
2831 974
2830 974
2830 976
2829 976
2829 978
2828 978
2828 979
2827 979
2827 981
2826 981
2826 982
2825 982
2825 985
2824 985
2824 986
2823 986
2823 989
2822 989
2822 991
2821 991
2821 993
2820 993
2820 995
2819 995
2819 1000
2818 1000
2818 1008
2817 1008
2817 1009
2816 1009
2816 1010
2815 1010
2815 1011
2814 1011
2814 1013
2813 1013
2813 1017
2812 1017
2812 1018
2804 1018
2804 1020
2803 1020
2803 1021
2802 1021
2802 1022
2799 1022
2799 1023
2794 1023
2794 1024
2793 1024
2793 1025
2791 1025
2791 1026
2789 1026
2789 1027
2788 1027
2788 1028
2787 1028
2787 1029
2785 1029
2785 1030
2784 1030
2784 1031
2783 1031
2783 1032
2782 1032
2782 1033
2781 1033
2781 1034
2780 1034
2780 1035
2779 1035
2779 1038
2778 1038
2778 1041
2777 1041
2777 1042
2776 1042
2776 1043
2770 1043
2770 1042
2769 1042
2769 1041
2768 1041
2768 1040
2766 1040
2766 1039
2764 1039
2764 1038
2761 1038
2761 1037
2757 1037
2757 1038
2756 1038
2756 1037
2751 1037
2751 1036
2744 1036
2744 1035
2731 1035
2731 1034
2726 1034
2726 1035
2725 1035
2725 1038
2724 1038
2724 1057
2725 1057
2725 1065
2724 1065
2724 1072
2723 1072
2723 1073
2719 1073
2719 1074
2717 1074
2717 1075
2711 1075
2711 1076
2709 1076
2709 1077
2707 1077
2707 1078
2700 1078
2700 1079
2698 1079
2698 1080
2697 1080
2697 1086
2696 1086
2696 1091
2695 1091
2695 1098
2696 1098
2696 1102
2697 1102
2697 1106
2696 1106
2696 1107
2694 1107
2694 1108
2691 1108
2691 1109
2689 1109
2689 1110
2688 1110
2688 1111
2686 1111
2686 1112
2685 1112
2685 1114
2684 1114
2684 1115
2683 1115
2683 1116
2682 1116
2682 1117
2674 1117
2674 1118
2673 1118
2673 1119
2671 1119
2671 1120
2669 1120
2669 1121
2668 1121
2668 1122
2661 1122
2661 1123
2658 1123
2658 1124
2655 1124
2655 1125
2654 1125
2654 1126
2653 1126
2653 1127
2644 1127
2644 1128
2643 1128
2643 1129
2633 1129
2633 1130
2629 1130
2629 1129
2627 1129
2627 1128
2621 1128
2621 1127
2615 1127
2615 1126
2613 1126
2613 1125
2611 1125
2611 1124
2610 1124
2610 1123
2609 1123
2609 1122
2608 1122
2608 1121
2607 1121
2607 1120
2606 1120
2606 1119
2605 1119
2605 1118
2602 1118
2602 1117
2601 1117
2601 1116
2600 1116
2600 1115
2599 1115
2599 1114
2598 1114
2598 1112
2597 1112
2597 1111
2596 1111
2596 1110
2595 1110
2595 1108
2592 1108
2592 1107
2591 1107
2591 1106
2589 1106
2589 1105
2588 1105
2588 1104
2587 1104
2587 1103
2583 1103
2583 1102
2581 1102
2581 1101
2580 1101
2580 1100
2562 1100
2562 1101
2555 1101
2555 1102
2553 1102
2553 1103
2544 1103
2544 1102
2533 1102
2533 1103
2529 1103
2529 1104
2527 1104
2527 1105
2526 1105
2526 1106
2525 1106
2525 1107
2524 1107
2524 1108
2523 1108
2523 1109
2522 1109
2522 1110
2521 1110
2521 1111
2517 1111
2517 1112
2502 1112
2502 1110
2498 1110
2498 1112
2495 1112
2495 1113
2494 1113
2494 1115
2493 1115
2493 1119
2491 1119
2491 1120
2488 1120
2488 1122
2487 1122
2487 1123
2486 1123
2486 1124
2475 1124
2475 1123
2470 1123
