2614 722
2613 722
2613 724
2612 724
2612 725
2610 725
2610 726
2609 726
2609 727
2603 727
2603 728
2599 728
2599 729
2598 729
2598 730
2597 730
2597 731
2596 731
2596 732
2595 732
2595 733
2594 733
2594 734
2590 734
2590 735
2589 735
2589 736
2588 736
2588 737
2586 737
2586 739
2585 739
2585 740
2582 740
2582 741
2576 741
2576 742
2574 742
2574 743
2573 743
2573 744
2570 744
2570 743
2565 743
2565 744
2563 744
2563 745
2561 745
2561 746
2550 746
2550 748
2549 748
2549 749
2545 749
2545 750
2543 750
2543 751
2538 751
2538 752
2529 752
2529 753
2511 753
2511 754
2507 754
2507 755
2504 755
2504 756
2501 756
2501 757
2499 757
2499 758
2497 758
2497 759
2495 759
2495 760
2493 760
2493 761
2490 761
2490 762
2489 762
2489 763
2486 763
2486 764
2485 764
2485 765
2483 765
2483 766
2482 766
2482 767
2480 767
2480 768
2479 768
2479 769
2478 769
2478 770
2470 770
2470 771
2468 771
2468 772
2466 772
2466 773
2458 773
2458 775
2457 775
2457 776
2456 776
2456 779
2455 779
2455 780
2454 780
2454 782
2453 782
2453 784
2442 784
2442 785
2441 785
2441 787
2440 787
2440 788
2438 788
2438 789
2435 789
2435 790
2434 790
2434 791
2433 791
2433 793
2432 793
2432 794
2431 794
2431 795
2428 795
2428 796
2426 796
2426 797
2425 797
2425 798
2424 798
2424 799
2414 799
2414 800
2412 800
2412 801
2410 801
2410 802
2409 802
2409 803
2407 803
2407 804
2406 804
2406 805
2405 805
2405 806
2396 806
2396 807
2394 807
2394 808
2393 808
2393 810
2392 810
2392 815
2391 815
2391 816
2390 816
2390 821
2389 821
2389 822
2388 822
2388 824
2387 824
2387 827
2384 827
2384 828
2378 828
2378 827
2376 827
2376 826
2375 826
2375 825
2374 825
2374 824
2373 824
2373 822
2372 822
2372 821
2371 821
2371 816
2370 816
2370 813
2371 813
2371 810
2370 810
2370 807
2366 807
2366 806
2343 806
2343 807
2341 807
2341 808
2340 808
2340 809
2339 809
2339 810
2338 810
2338 811
2337 811
2337 812
2334 812
2334 813
2333 813
2333 815
2332 815
2332 822
2331 822
2331 824
2330 824
2330 825
2329 825
2329 826
2324 826
2324 827
2323 827
2323 828
2322 828
2322 829
2321 829
2321 830
2319 830
2319 831
2318 831
2318 832
2316 832
2316 833
2315 833
2315 834
2307 834
2307 835
2305 835
2305 836
2304 836
2304 837
2301 837
2301 838
2288 838
2288 839
2281 839
2281 840
2266 840
2266 839
2262 839
2262 838
2254 838
2254 839
2251 839
2251 840
2234 840
2234 841
2230 841
2230 842
2219 842
2219 843
2212 843
2212 844
2209 844
2209 845
2204 845
2204 846
2196 846
2196 847
2186 847
2186 846
2179 846
2179 847
2174 847
2174 848
2166 848
2166 849
2164 849
2164 848
2157 848
2157 849
2151 849
2151 850
2149 850
2149 849
2143 849
2143 850
2133 850
2133 849
2115 849
2115 850
2113 850
2113 851
2111 851
2111 852
2108 852
2108 853
2102 853
2102 854
2099 854
2099 855
2098 855
2098 856
2095 856
2095 857
2092 857
2092 858
2073 858
2073 857
2070 857
2070 858
2057 858
2057 857
2049 857
2049 856
2021 856
2021 857
2020 857
2020 858
2003 858
2003 859
1997 859
1997 860
1978 860
1978 859
1975 859
1975 858
1959 858
1959 857
1953 857
1953 856
1952 856
1952 855
1946 855
1946 854
1943 854
1943 855
1939 855
1939 856
1938 856
1938 857
1936 857
1936 858
1933 858
1933 859
1932 859
1932 860
1929 860
1929 861
1928 861
1928 862
1927 862
1927 863
1926 863
1926 864
1918 864
1918 865
1911 865
1911 864
1909 864
1909 863
1903 863
1903 862
1897 862
1897 861
1890 861
1890 862
1888 862
1888 863
1885 863
1885 864
1881 864
1881 865
1877 865
1877 866
1869 866
1869 865
1860 865
1860 866
1855 866
1855 867
1847 867
1847 868
1844 868
1844 869
1839 869
1839 870
1837 870
1837 871
1836 871
1836 872
1834 872
1834 873
1828 873
1828 874
1824 874
1824 875
1822 875
1822 876
1817 876
1817 877
1812 877
1812 878
1809 878
1809 879
1804 879
1804 880
1790 880
1790 881
1789 881
1789 882
1775 882
1775 883
1773 883
1773 884
1771 884
1771 885
1768 885
1768 886
1767 886
1767 887
1766 887
1766 888
1762 888
1762 886
1759 886
1759 885
1757 885
1757 884
1756 884
1756 883
1755 883
1755 882
1754 882
1754 881
1753 881
1753 880
1752 880
1752 879
1751 879
1751 877
1750 877
1750 876
1746 876
1746 875
1739 875
1739 874
1735 874
1735 875
1733 875
1733 874
1722 874
1722 873
1720 873
1720 872
1707 872
1707 873
1704 873
1704 874
1702 874
1702 875
1698 875
1698 876
1694 876
1694 877
1691 877
1691 878
1687 878
1687 877
1684 877
1684 876
1682 876
1682 875
1678 875
1678 874
1663 874
1663 873
1659 873
1659 872
1657 872
1657 871
1653 871
1653 870
1645 870
1645 869
1643 869
1643 868
1634 868
1634 869
1631 869
1631 870
1625 870
1625 871
1616 871
1616 872
1609 872
1609 871
1607 871
1607 870
1602 870
1602 869
1599 869
1599 868
1591 868
1591 867
1588 867
1588 866
1586 866
1586 865
1583 865
1583 864
1580 864
1580 863
1576 863
1576 862
1572 862
1572 861
1567 861
1567 860
1561 860
1561 859
1559 859
1559 858
1552 858
1552 857
1550 857
1550 856
1548 856
1548 855
1544 855
1544 854
1534 854
1534 853
1518 853
1518 854
1511 854
1511 853
1508 853
1508 852
1491 852
1491 851
1488 851
1488 850
1485 850
1485 849
1479 849
1479 848
1478 848
1478 847
1477 847
1477 846
1476 846
1476 845
1474 845
1474 844
1473 844
1473 843
1468 843
1468 842
1460 842
1460 841
1458 841
1458 840
1457 840
1457 839
1455 839
1455 838
1454 838
1454 837
1452 837
1452 836
1451 836
1451 835
1449 835
1449 834
1446 834
1446 833
1445 833
1445 832
1443 832
1443 831
1441 831
1441 830
1440 830
1440 829
1439 829
1439 828
1438 828
1438 827
1437 827
1437 825
1436 825
1436 824
1435 824
1435 823
1434 823
1434 822
1433 822
1433 821
1431 821
1431 820
1429 820
1429 819
1428 819
1428 818
1427 818
1427 817
1426 817
1426 815
1425 815
1425 814
1423 814
1423 813
1415 813
1415 812
1411 812
1411 811
1409 811
1409 810
1405 810
1405 809
1403 809
1403 808
1402 808
1402 806
1401 806
1401 805
1400 805
1400 803
1399 803
1399 800
1398 800
1398 799
1392 799
1392 798
1384 798
1384 797
1382 797
1382 796
1380 796
1380 795
1379 795
1379 794
1376 794
1376 793
1371 793
1371 794
1360 794
1360 793
1356 793
1356 792
1354 792
1354 791
1348 791
1348 790
1345 790
1345 789
1344 789
1344 788
1343 788
1343 787
1341 787
1341 786
1340 786
1340 785
1339 785
1339 784
1338 784
1338 783
1337 783
1337 782
1336 782
1336 781
1334 781
1334 780
1332 780
1332 779
1330 779
1330 778
1324 778
1324 777
1323 777
1323 776
1321 776
1321 775
1319 775
1319 774
1314 774
1314 773
1312 773
1312 772
1309 772
1309 771
1304 771
1304 770
1301 770
1301 769
1299 769
1299 768
1297 768
1297 767
1295 767
1295 766
1293 766
1293 764
1292 764
1292 762
1291 762
1291 761
1290 761
1290 760
1289 760
1289 759
1288 759
1288 758
1287 758
1287 757
1286 757
1286 756
1285 756
1285 754
1284 754
1284 746
1282 746
1282 745
1263 745
1263 744
1258 744
1258 743
1256 743
1256 742
1254 742
1254 741
1253 741
1253 740
1252 740
1252 739
1251 739
1251 738
1249 738
1249 737
1245 737
1245 736
1242 736
1242 735
1234 735
1234 734
1226 734
1226 733
1220 733
1220 732
1215 732
1215 731
1209 731
1209 730
1208 730
1208 729
1206 729
1206 728
1205 728
1205 727
1204 727
1204 726
1203 726
1203 725
1202 725
1202 724
1200 724
1200 723
1198 723
1198 722
1196 722
1196 721
1194 721
1194 720
1193 720
1193 719
1192 719
1192 718
1191 718
1191 717
1189 717
1189 716
1188 716
1188 715
1187 715
1187 714
1186 714
1186 713
1183 713
1183 712
1182 712
1182 711
1181 711
1181 710
1180 710
1180 709
1179 709
1179 708
1178 708
1178 706
1177 706
1177 705
1176 705
1176 702
1175 702
1175 701
1174 701
1174 700
1173 700
1173 699
1172 699
1172 698
1171 698
1171 697
1170 697
1170 696
1169 696
1169 695
1168 695
1168 694
1167 694
1167 693
1166 693
1166 692
1164 692
1164 693
1159 693
1159 692
1158 692
1158 689
1157 689
1157 688
1156 688
1156 687
1155 687
1155 686
1152 686
1152 685
1149 685
1149 684
1145 684
1145 685
1144 685
1144 686
1125 686
1125 685
1123 685
1123 684
1120 684
1120 683
1115 683
1115 682
1111 682
1111 681
1110 681
1110 680
1108 680
1108 679
1107 679
1107 678
1106 678
1106 676
1105 676
1105 675
1104 675
1104 671
1103 671
1103 670
1102 670
1102 669
1101 669
1101 667
1100 667
1100 666
1099 666
1099 665
1098 665
1098 664
1095 664
1095 663
1093 663
1093 662
1092 662
1092 661
1091 661
1091 660
1090 660
1090 659
1087 659
1087 658
1083 658
1083 657
1080 657
1080 656
1079 656
1079 655
1077 655
1077 654
1076 654
1076 653
1073 653
1073 652
1072 652
1072 651
1071 651
1071 650
1070 650
1070 649
1068 649
1068 648
1067 648
1067 647
1066 647
1066 645
1065 645
1065 644
1064 644
1064 643
1063 643
1063 638
1062 638
1062 637
1061 637
1061 636
1060 636
1060 635
1059 635
1059 634
1057 634
1057 633
1055 633
1055 632
1054 632
1054 630
1053 630
1053 629
1052 629
1052 627
1051 627
1051 624
1050 624
1050 621
1049 621
1049 617
1048 617
1048 616
1047 616
1047 615
1046 615
1046 614
1045 614
1045 613
1044 613
1044 612
1043 612
1043 611
1042 611
1042 610
1041 610
1041 609
1040 609
1040 605
1039 605
1039 602
1038 602
1038 598
1037 598
1037 583
1036 583
1036 582
1035 582
1035 581
1033 581
1033 580
1032 580
1032 579
1031 579
1031 578
1030 578
1030 577
1029 577
1029 576
1028 576
1028 574
1027 574
1027 571
1026 571
1026 560
1025 560
1025 559
1024 559
1024 558
1021 558
1021 557
1010 557
1010 556
1007 556
1007 555
1005 555
1005 554
1002 554
1002 553
998 553
998 552
995 552
995 551
994 551
994 550
993 550
993 549
988 549
988 548
985 548
985 547
984 547
984 546
983 546
983 545
982 545
982 544
981 544
981 542
980 542
980 541
979 541
979 539
978 539
978 538
977 538
977 537
973 537
973 536
971 536
971 535
969 535
969 534
968 534
968 533
967 533
967 532
966 532
966 530
965 530
965 528
964 528
964 527
962 527
962 526
961 526
961 525
960 525
960 523
959 523
959 522
958 522
958 521
957 521
957 520
955 520
955 519
951 519
951 518
950 518
950 517
949 517
949 516
948 516
948 515
947 515
947 514
946 514
946 512
945 512
945 510
944 510
944 509
942 509
942 508
940 508
940 507
938 507
938 506
937 506
937 505
936 505
936 504
935 504
935 503
934 503
934 501
933 501
933 500
930 500
930 499
928 499
928 498
927 498
927 497
926 497
926 496
925 496
925 495
924 495
924 494
922 494
922 493
919 493
919 492
918 492
918 491
916 491
916 490
914 490
914 489
913 489
913 488
912 488
912 486
911 486
911 484
910 484
910 480
909 480
909 471
908 471
908 470
907 470
907 469
906 469
906 468
903 468
903 467
902 467
902 466
901 466
901 465
900 465
900 464
899 464
899 463
898 463
898 462
894 462
894 461
890 461
890 460
889 460
889 459
888 459
888 458
887 458
887 457
886 457
886 456
885 456
885 454
884 454
884 450
883 450
883 446
882 446
882 443
881 443
881 442
880 442
880 441
879 441
879 440
878 440
878 436
877 436
877 433
876 433
876 430
874 430
874 429
873 429
873 428
870 428
870 427
869 427
869 426
868 426
868 425
867 425
867 424
866 424
866 423
865 423
865 422
864 422
864 421
862 421
862 420
851 420
851 419
847 419
847 418
845 418
845 417
844 417
844 416
843 416
843 415
842 415
842 414
841 414
841 413
840 413
840 412
838 412
838 411
835 411
835 410
832 410
832 409
831 409
831 408
828 408
828 407
826 407
826 406
824 406
824 405
816 405
816 404
811 404
811 403
810 403
810 402
809 402
809 401
808 401
808 399
807 399
807 393
806 393
806 353
805 353
805 352
804 352
804 351
795 351
795 350
791 350
791 349
788 349
788 348
787 348
787 347
786 347
786 344
785 344
785 342
784 342
784 340
783 340
783 337
782 337
782 335
781 335
781 334
780 334
780 333
779 333
779 332
777 332
777 331
776 331
776 330
775 330
775 329
774 329
774 328
773 328
773 327
772 327
772 325
771 325
771 323
770 323
770 317
769 317
769 315
768 315
768 314
767 314
767 312
765 312
765 311
764 311
764 310
763 310
763 309
762 309
762 308
761 308
761 307
760 307
760 304
759 304
759 301
758 301
758 291
757 291
757 286
756 286
756 285
748 285
748 286
746 286
746 287
744 287
744 288
742 288
742 289
733 289
733 290
725 290
725 291
706 291
706 290
705 290
705 289
703 289
703 288
702 288
702 286
701 286
701 283
700 283
700 274
699 274
699 272
698 272
698 271
697 271
697 270
696 270
696 269
694 269
694 268
696 268
696 269
697 269
697 270
698 270
698 271
699 271
699 272
700 272
700 274
701 274
701 283
702 283
702 286
703 286
703 288
705 288
705 289
706 289
706 290
725 290
725 289
733 289
733 288
742 288
742 287
744 287
744 286
746 286
746 285
748 285
748 284
756 284
756 285
757 285
757 286
758 286
758 291
759 291
759 301
760 301
760 304
761 304
761 307
762 307
762 308
763 308
763 309
764 309
764 310
765 310
765 311
767 311
767 312
768 312
768 314
769 314
769 315
770 315
770 317
771 317
771 323
772 323
772 325
773 325
773 327
774 327
774 328
775 328
775 329
776 329
776 330
777 330
777 331
779 331
779 332
780 332
780 333
781 333
781 334
782 334
782 335
783 335
783 337
784 337
784 340
785 340
785 342
786 342
786 344
787 344
787 347
788 347
788 348
791 348
791 349
795 349
795 350
804 350
804 351
805 351
805 352
806 352
806 353
807 353
807 393
808 393
808 399
809 399
809 401
810 401
810 402
811 402
811 403
816 403
816 404
824 404
824 405
826 405
826 406
828 406
828 407
831 407
831 408
832 408
832 409
835 409
835 410
838 410
838 411
840 411
840 412
841 412
841 413
842 413
842 414
843 414
843 415
844 415
844 416
845 416
845 417
847 417
847 418
851 418
851 419
862 419
862 420
864 420
864 421
865 421
865 422
866 422
866 423
867 423
867 424
868 424
868 425
869 425
869 426
870 426
870 427
873 427
873 428
874 428
874 429
876 429
876 430
877 430
877 433
878 433
878 436
879 436
879 440
880 440
880 441
881 441
881 442
882 442
882 443
883 443
883 446
884 446
884 450
885 450
885 454
886 454
886 456
887 456
887 457
888 457
888 458
889 458
889 459
890 459
890 460
894 460
894 461
898 461
898 462
899 462
899 463
900 463
900 464
901 464
901 465
902 465
902 466
903 466
903 467
906 467
906 468
907 468
907 469
908 469
908 470
909 470
909 471
910 471
910 480
911 480
911 484
912 484
912 486
913 486
913 488
914 488
914 489
916 489
916 490
918 490
918 491
919 491
919 492
922 492
922 493
924 493
924 494
925 494
925 495
926 495
926 496
927 496
927 497
928 497
928 498
930 498
930 499
933 499
933 500
934 500
934 501
935 501
935 503
936 503
936 504
937 504
937 505
938 505
938 506
940 506
940 507
942 507
942 508
944 508
944 509
945 509
945 510
946 510
946 512
947 512
947 514
948 514
948 515
949 515
949 516
950 516
950 517
951 517
951 518
955 518
955 519
957 519
957 520
958 520
958 521
959 521
959 522
960 522
960 523
961 523
961 525
962 525
962 526
964 526
964 527
965 527
965 528
966 528
966 530
967 530
967 532
968 532
968 533
969 533
969 534
971 534
971 535
973 535
973 536
977 536
977 537
978 537
978 538
979 538
979 539
980 539
980 541
981 541
981 542
982 542
982 544
983 544
983 545
984 545
984 546
985 546
985 547
988 547
988 548
993 548
993 549
994 549
994 550
995 550
995 551
998 551
998 552
1002 552
1002 553
1005 553
1005 554
1007 554
1007 555
1010 555
1010 556
1021 556
1021 557
1024 557
1024 558
1025 558
1025 559
1026 559
1026 560
1027 560
1027 571
1028 571
1028 574
1029 574
1029 576
1030 576
1030 577
1031 577
1031 578
1032 578
1032 579
1033 579
1033 580
1035 580
1035 581
1036 581
1036 582
1037 582
1037 583
1038 583
1038 598
1039 598
1039 602
1040 602
1040 605
1041 605
1041 609
1042 609
1042 610
1043 610
1043 611
1044 611
1044 612
1045 612
1045 613
1046 613
1046 614
1047 614
1047 615
1048 615
1048 616
1049 616
1049 617
1050 617
1050 621
1051 621
1051 624
1052 624
1052 627
1053 627
1053 629
1054 629
1054 630
1055 630
1055 632
1057 632
1057 633
1059 633
1059 634
1060 634
1060 635
1061 635
1061 636
1062 636
1062 637
1063 637
1063 638
1064 638
1064 643
1065 643
1065 644
1066 644
1066 645
1067 645
1067 647
1068 647
1068 648
1070 648
1070 649
1071 649
1071 650
1072 650
1072 651
1073 651
1073 652
1076 652
1076 653
1077 653
1077 654
1079 654
1079 655
1080 655
1080 656
1083 656
1083 657
1087 657
1087 658
1090 658
1090 659
1091 659
1091 660
1092 660
1092 661
1093 661
1093 662
1095 662
1095 663
1098 663
1098 664
1099 664
1099 665
1100 665
1100 666
1101 666
1101 667
1102 667
1102 669
1103 669
1103 670
1104 670
1104 671
1105 671
1105 675
1106 675
1106 676
1107 676
1107 678
1108 678
1108 679
1110 679
1110 680
1111 680
1111 681
1115 681
1115 682
1120 682
1120 683
1123 683
1123 684
1125 684
1125 685
1144 685
1144 683
1149 683
1149 684
1152 684
1152 685
1155 685
1155 686
1156 686
1156 687
1157 687
1157 688
1158 688
1158 689
1159 689
1159 692
1164 692
1164 691
1166 691
1166 692
1167 692
1167 693
1168 693
1168 694
1169 694
1169 695
1170 695
1170 696
1171 696
1171 697
1172 697
1172 698
1173 698
1173 699
1174 699
1174 700
1175 700
1175 701
1176 701
1176 702
1177 702
1177 705
1178 705
1178 706
1179 706
1179 708
1180 708
1180 709
1181 709
1181 710
1182 710
1182 711
1183 711
1183 712
1186 712
1186 713
1187 713
1187 714
1188 714
1188 715
1189 715
1189 716
1191 716
1191 717
1192 717
1192 718
1193 718
1193 719
1194 719
1194 720
1196 720
1196 721
1198 721
1198 722
1200 722
1200 723
1202 723
1202 724
1203 724
1203 725
1204 725
1204 726
1205 726
1205 727
1206 727
1206 728
1208 728
1208 729
1209 729
1209 730
1215 730
1215 731
1220 731
1220 732
1226 732
1226 733
1234 733
1234 734
1242 734
1242 735
1245 735
1245 736
1249 736
1249 737
1251 737
1251 738
1252 738
1252 739
1253 739
1253 740
1254 740
1254 741
1256 741
1256 742
1258 742
1258 743
1263 743
1263 744
1282 744
1282 745
1284 745
1284 746
1285 746
1285 754
1286 754
1286 756
1287 756
1287 757
1288 757
1288 758
1289 758
1289 759
1290 759
1290 760
1291 760
1291 761
1292 761
1292 762
1293 762
1293 764
1294 764
1294 765
1295 765
1295 766
1297 766
1297 767
1299 767
1299 768
1301 768
1301 769
1304 769
1304 770
1309 770
1309 771
1312 771
1312 772
1314 772
1314 773
1319 773
1319 774
1321 774
1321 775
1323 775
1323 776
1324 776
1324 777
1330 777
1330 778
1332 778
1332 779
1334 779
1334 780
1336 780
1336 781
1337 781
1337 782
1338 782
1338 783
1339 783
1339 784
1340 784
1340 785
1341 785
1341 786
1343 786
1343 787
1344 787
1344 788
1345 788
1345 789
1348 789
1348 790
1354 790
1354 791
1356 791
1356 792
1360 792
1360 793
1371 793
1371 792
1376 792
1376 793
1379 793
1379 794
1380 794
1380 795
1382 795
1382 796
1384 796
1384 797
1392 797
1392 798
1398 798
1398 799
1399 799
1399 800
1400 800
1400 803
1401 803
1401 805
1402 805
1402 806
1403 806
1403 808
1405 808
1405 809
1409 809
1409 810
1411 810
1411 811
1415 811
1415 812
1423 812
1423 813
1425 813
1425 814
1426 814
1426 815
1427 815
1427 817
1428 817
1428 818
1429 818
1429 819
1431 819
1431 820
1433 820
1433 821
1434 821
1434 822
1435 822
1435 823
1436 823
1436 824
1437 824
1437 825
1438 825
1438 827
1439 827
1439 828
1440 828
1440 829
1441 829
1441 830
1443 830
1443 831
1445 831
1445 832
1446 832
1446 833
1449 833
1449 834
1451 834
1451 835
1452 835
1452 836
1454 836
1454 837
1455 837
1455 838
1457 838
1457 839
1458 839
1458 840
1460 840
1460 841
1468 841
1468 842
1473 842
1473 843
1474 843
1474 844
1476 844
1476 845
1477 845
1477 846
1478 846
1478 847
1479 847
1479 848
1485 848
1485 849
1488 849
1488 850
1491 850
1491 851
1508 851
1508 852
1511 852
1511 853
1518 853
1518 852
1534 852
1534 853
1544 853
1544 854
1548 854
1548 855
1550 855
1550 856
1552 856
1552 857
1559 857
1559 858
1561 858
1561 859
1567 859
1567 860
1572 860
1572 861
1576 861
1576 862
1580 862
1580 863
1583 863
1583 864
1586 864
1586 865
1588 865
1588 866
1591 866
1591 867
1599 867
1599 868
1602 868
1602 869
1607 869
1607 870
1609 870
1609 871
1616 871
1616 870
1625 870
1625 869
1631 869
1631 868
1634 868
1634 867
1643 867
1643 868
1645 868
1645 869
1653 869
1653 870
1657 870
1657 871
1659 871
1659 872
1663 872
1663 873
1678 873
1678 874
1682 874
1682 875
1684 875
1684 876
1687 876
1687 877
1691 877
1691 876
1694 876
1694 875
1698 875
1698 874
1702 874
1702 873
1704 873
1704 872
1707 872
1707 871
1720 871
1720 872
1722 872
1722 873
1733 873
1733 874
1735 874
1735 873
1739 873
1739 874
1746 874
1746 875
1750 875
1750 876
1751 876
1751 877
1752 877
1752 879
1753 879
1753 880
1754 880
1754 881
1755 881
1755 882
1756 882
1756 883
1757 883
1757 884
1759 884
1759 885
1762 885
1762 886
1763 886
1763 887
1766 887
1766 886
1767 886
1767 885
1768 885
1768 884
1771 884
1771 883
1773 883
1773 882
1775 882
1775 881
1789 881
1789 880
1790 880
1790 879
1804 879
1804 878
1809 878
1809 877
1812 877
1812 876
1817 876
1817 875
1822 875
1822 874
1824 874
1824 873
1828 873
1828 872
1834 872
1834 871
1836 871
1836 870
1837 870
1837 869
1839 869
1839 868
1844 868
1844 867
1847 867
1847 866
1855 866
1855 865
1860 865
1860 864
1869 864
1869 865
1877 865
1877 864
1881 864
1881 863
1885 863
1885 862
1888 862
1888 861
1890 861
1890 860
1897 860
1897 861
1903 861
1903 862
1909 862
1909 863
1911 863
1911 864
1918 864
1918 863
1926 863
1926 862
1927 862
1927 861
1928 861
1928 860
1929 860
1929 859
1932 859
1932 858
1933 858
1933 857
1936 857
1936 856
1938 856
1938 855
1939 855
1939 854
1943 854
1943 853
1946 853
1946 854
1952 854
1952 855
1953 855
1953 856
1959 856
1959 857
1975 857
1975 858
1978 858
1978 859
1997 859
1997 858
2003 858
2003 857
2020 857
2020 856
2021 856
2021 855
2049 855
2049 856
2057 856
2057 857
2070 857
2070 856
2073 856
2073 857
2092 857
2092 856
2095 856
2095 855
2098 855
2098 854
2099 854
2099 853
2102 853
2102 852
2108 852
2108 851
2111 851
2111 850
2113 850
2113 849
2115 849
2115 848
2133 848
2133 849
2143 849
2143 848
2149 848
2149 849
2151 849
2151 848
2157 848
2157 847
2164 847
2164 848
2166 848
2166 847
2174 847
2174 846
2179 846
2179 845
2186 845
2186 846
2196 846
2196 845
2204 845
2204 844
2209 844
2209 843
2212 843
2212 842
2219 842
2219 841
2230 841
2230 840
2234 840
2234 839
2251 839
2251 838
2254 838
2254 837
2262 837
2262 838
2266 838
2266 839
2281 839
2281 838
2288 838
2288 837
2301 837
2301 836
2304 836
2304 835
2305 835
2305 834
2307 834
2307 833
2315 833
2315 832
2316 832
2316 831
2318 831
2318 830
2319 830
2319 829
2321 829
2321 828
2322 828
2322 827
2323 827
2323 826
2324 826
2324 825
2329 825
2329 824
2330 824
2330 822
2331 822
2331 815
2332 815
2332 813
2333 813
2333 812
2334 812
2334 811
2337 811
2337 810
2338 810
2338 809
2339 809
2339 808
2340 808
2340 807
2341 807
2341 806
2343 806
2343 805
2366 805
2366 806
2370 806
2370 807
2371 807
2371 810
2372 810
2372 813
2371 813
2371 816
2372 816
2372 821
2373 821
2373 822
2374 822
2374 824
2375 824
2375 825
2376 825
2376 826
2378 826
2378 827
2384 827
2384 826
2386 826
2386 824
2387 824
2387 822
2388 822
2388 821
2389 821
2389 816
2390 816
2390 815
2391 815
2391 810
2392 810
2392 808
2393 808
2393 807
2394 807
2394 806
2396 806
2396 805
2405 805
2405 804
2406 804
2406 803
2407 803
2407 802
2409 802
2409 801
2410 801
2410 800
2412 800
2412 799
2414 799
2414 798
2424 798
2424 797
2425 797
2425 796
2426 796
2426 795
2428 795
2428 794
2431 794
2431 793
2432 793
2432 791
2433 791
2433 790
2434 790
2434 789
2435 789
2435 788
2438 788
2438 787
2440 787
2440 785
2441 785
2441 784
2442 784
2442 783
2452 783
2452 782
2453 782
2453 780
2454 780
2454 779
2455 779
2455 776
2456 776
2456 775
2457 775
2457 773
2458 773
2458 772
2466 772
2466 771
2468 771
2468 770
2470 770
2470 769
2478 769
2478 768
2479 768
2479 767
2480 767
2480 766
2482 766
2482 765
2483 765
2483 764
2485 764
2485 763
2486 763
2486 762
2489 762
2489 761
2490 761
2490 760
2493 760
2493 759
2495 759
2495 758
2497 758
2497 757
2499 757
2499 756
2501 756
2501 755
2504 755
2504 754
2507 754
2507 753
2511 753
2511 752
2529 752
2529 751
2538 751
2538 750
2543 750
2543 749
2545 749
2545 748
2549 748
2549 746
2550 746
2550 745
2561 745
2561 744
2563 744
2563 743
2565 743
2565 742
2570 742
2570 743
2573 743
2573 742
2574 742
2574 741
2576 741
2576 740
2582 740
2582 739
2585 739
2585 737
2586 737
2586 736
2588 736
2588 735
2589 735
2589 734
2590 734
2590 733
2594 733
2594 732
2595 732
2595 731
2596 731
2596 730
2597 730
2597 729
2598 729
2598 728
2599 728
2599 727
2603 727
2603 726
2609 726
2609 725
2610 725
2610 724
2612 724
2612 722
2613 722
2613 721
2614 721
2614 720
2618 720
2618 719
2620 719
2620 718
2622 718
2622 717
2623 717
2623 716
2624 716
2624 715
2626 715
2626 714
2627 714
2627 713
2633 713
2633 712
2634 712
2634 711
2635 711
2635 710
2636 710
2636 709
2637 709
2637 708
2638 708
2638 707
2639 707
2639 706
2640 706
2640 705
2641 705
2641 704
2643 704
2643 703
2644 703
2644 702
2645 702
2645 701
2647 701
2647 700
2648 700
2648 699
2649 699
2649 697
2650 697
2650 696
2651 696
2651 695
2652 695
2652 694
2653 694
2653 693
2654 693
2654 692
2655 692
2655 691
2656 691
2656 690
2658 690
2658 689
2660 689
2660 688
2661 688
2661 687
2662 687
2662 686
2664 686
2664 685
2667 685
2667 684
2669 684
2669 683
2671 683
2671 682
2672 682
2672 681
2674 681
2674 680
2675 680
2675 678
2676 678
2676 677
2677 677
2677 676
2678 676
2678 675
2682 675
2682 674
2683 674
2683 673
2688 673
2688 672
2693 672
2693 671
2695 671
2695 670
2696 670
2696 669
2697 669
2697 668
2698 668
2698 667
2699 667
2699 665
2700 665
2700 664
2701 664
2701 663
2703 663
2703 662
2704 662
2704 661
2707 661
2707 660
2711 660
2711 661
2712 661
2712 660
2718 660
2718 659
2719 659
2719 658
2720 658
2720 657
2721 657
2721 656
2722 656
2722 651
2723 651
2723 650
2725 650
2725 649
2726 649
2726 648
2727 648
2727 647
2729 647
2729 645
2730 645
2730 644
2732 644
2732 643
2734 643
2734 642
2738 642
2738 641
2741 641
2741 640
2742 640
2742 639
2743 639
2743 637
2744 637
2744 636
2745 636
2745 635
2746 635
2746 634
2747 634
2747 633
2751 633
2751 632
2752 632
2752 631
2754 631
2754 630
2755 630
2755 629
2756 629
2756 628
2757 628
2757 627
2760 627
2760 626
2761 626
2761 625
2764 625
2764 624
2765 624
2765 623
2766 623
2766 622
2767 622
2767 621
2768 621
2768 620
2774 620
2774 619
2776 619
2776 618
2777 618
2777 617
2779 617
2779 615
2780 615
2780 614
2782 614
2782 613
2786 613
2786 612
2787 612
2787 611
2788 611
2788 610
2789 610
2789 609
2790 609
2790 608
2791 608
2791 607
2792 607
2792 605
2793 605
2793 604
2794 604
2794 603
2799 603
2799 602
2800 602
2800 601
2801 601
2801 600
2803 600
2803 599
2804 599
2804 597
2805 597
2805 596
2807 596
2807 594
2808 594
2808 593
2809 593
2809 592
2811 592
2811 591
2812 591
2812 589
2813 589
2813 588
2815 588
2815 585
2817 585
2817 584
2818 584
2818 582
2819 582
2819 581
2820 581
2820 580
2822 580
2822 578
2823 578
2823 577
2824 577
2824 573
2825 573
2825 572
2826 572
2826 571
2827 571
2827 570
2833 570
2833 569
2835 569
2835 568
2846 568
2846 569
2847 569
2847 570
2848 570
2848 571
2849 571
2849 578
2850 578
2850 580
2851 580
2851 581
2853 581
2853 580
2860 580
2860 579
2861 579
2861 577
2862 577
2862 573
2863 573
2863 567
2864 567
2864 565
2865 565
2865 563
2866 563
2866 562
2867 562
2867 561
2868 561
2868 560
2870 560
2870 559
2871 559
2871 558
2873 558
2873 557
2874 557
2874 556
2876 556
2876 555
2877 555
2877 554
2878 554
2878 553
2879 553
2879 552
2880 552
2880 551
2882 551
2882 549
2883 549
2883 548
2884 548
2884 545
2885 545
2885 541
2886 541
2886 540
2887 540
2887 537
2888 537
2888 535
2889 535
2889 534
2891 534
2891 532
2892 532
2892 531
2894 531
2894 530
2897 530
2897 528
2898 528
2898 527
2899 527
2899 521
2900 521
2900 520
2901 520
2901 519
2902 519
2902 518
2903 518
2903 517
2905 517
2905 516
2906 516
2906 515
2907 515
2907 514
2908 514
2908 512
2909 512
2909 511
2910 511
2910 508
2911 508
2911 507
2912 507
2912 505
2913 505
2913 504
2914 504
2914 503
2915 503
2915 502
2916 502
2916 501
2917 501
2917 500
2919 500
2919 499
2920 499
2920 498
2922 498
2922 497
2923 497
2923 496
2924 496
2924 495
2926 495
2926 494
2927 494
2927 493
2928 493
2928 492
2930 492
2930 491
2933 491
2933 490
2935 490
2935 489
2936 489
2936 488
2938 488
2938 487
2939 487
2939 486
2941 486
2941 485
2943 485
2943 484
2944 484
2944 483
2946 483
2946 482
2947 482
2947 481
2948 481
2948 480
2949 480
2949 479
2950 479
2950 478
2951 478
2951 477
2952 477
2952 476
2953 476
2953 475
2954 475
2954 474
2955 474
2955 473
2957 473
2957 472
2958 472
2958 470
2959 470
2959 466
2960 466
2960 457
2961 457
2961 455
2960 455
2960 454
2961 454
2961 452
2962 452
2962 451
2963 451
2963 450
2964 450
2964 449
2966 449
2966 448
2967 448
2967 447
2969 447
2969 446
2970 446
2970 444
2971 444
2971 439
2972 439
2972 434
2973 434
2973 431
2974 431
2974 430
2976 430
2976 429
2977 429
2977 427
2978 427
2978 426
2981 426
2981 425
2982 425
2982 424
2983 424
2983 423
2984 423
2984 421
2985 421
2985 415
2986 415
2986 390
2987 390
2987 389
2988 389
2988 388
2989 388
2989 387
2990 387
2990 384
2991 384
2991 383
2992 383
2992 382
2993 382
2993 380
2995 380
2995 378
2997 378
2997 361
2998 361
2998 355
2999 355
2999 354
3000 354
3000 353
3001 353
3001 352
3002 352
3002 351
3003 351
3003 350
3005 350
3005 349
3006 349
3006 348
3007 348
3007 347
3010 347
3010 346
3012 346
3012 345
3015 345
3015 346
3012 346
3012 347
3010 347
3010 348
3007 348
3007 349
3006 349
3006 350
3005 350
3005 351
3003 351
3003 352
3002 352
3002 353
3001 353
3001 354
3000 354
3000 355
2999 355
2999 361
2998 361
2998 378
2997 378
2997 379
2996 379
2996 380
2995 380
2995 381
2994 381
2994 382
2993 382
2993 383
2992 383
2992 384
2991 384
2991 387
2990 387
2990 388
2989 388
2989 389
2988 389
2988 390
2987 390
2987 415
2986 415
2986 421
2985 421
2985 423
2984 423
2984 424
2983 424
2983 425
2982 425
2982 426
2981 426
2981 427
2978 427
2978 429
2977 429
2977 430
2976 430
2976 431
2974 431
2974 434
2973 434
2973 439
2972 439
2972 444
2971 444
2971 446
2970 446
2970 447
2969 447
2969 448
2967 448
2967 449
2966 449
2966 450
2964 450
2964 451
2963 451
2963 452
2962 452
2962 454
2961 454
2961 455
2962 455
2962 457
2961 457
2961 466
2960 466
2960 470
2959 470
2959 472
2958 472
2958 473
2957 473
2957 474
2955 474
2955 475
2954 475
2954 476
2953 476
2953 477
2952 477
2952 478
2951 478
2951 479
2950 479
2950 480
2949 480
2949 481
2948 481
2948 482
2947 482
2947 483
2946 483
2946 484
2944 484
2944 485
2943 485
2943 486
2941 486
2941 487
2939 487
2939 488
2938 488
2938 489
2936 489
2936 490
2935 490
2935 491
2933 491
2933 492
2930 492
2930 493
2928 493
2928 494
2927 494
2927 495
2926 495
2926 496
2924 496
2924 497
2923 497
2923 498
2922 498
2922 499
2920 499
2920 500
2919 500
2919 501
2917 501
2917 502
2916 502
2916 503
2915 503
2915 504
2914 504
2914 505
2913 505
2913 507
2912 507
2912 508
2911 508
2911 511
2910 511
2910 512
2909 512
2909 514
2908 514
2908 515
2907 515
2907 516
2906 516
2906 517
2905 517
2905 518
2903 518
2903 519
2902 519
2902 520
2901 520
2901 521
2900 521
2900 527
2899 527
2899 528
2898 528
2898 530
2897 530
2897 531
2894 531
2894 532
2892 532
2892 534
2891 534
2891 535
2889 535
2889 537
2888 537
2888 540
2887 540
2887 541
2886 541
2886 545
2885 545
2885 548
2884 548
2884 549
2883 549
2883 551
2882 551
2882 552
2880 552
2880 553
2879 553
2879 554
2878 554
2878 555
2877 555
2877 556
2876 556
2876 557
2874 557
2874 558
2873 558
2873 559
2871 559
2871 560
2870 560
2870 561
2868 561
2868 562
2867 562
2867 563
2866 563
2866 565
2865 565
2865 567
2864 567
2864 573
2863 573
2863 577
2862 577
2862 579
2861 579
2861 580
2860 580
2860 581
2853 581
2853 582
2851 582
2851 581
2850 581
2850 580
2849 580
2849 578
2848 578
2848 571
2847 571
2847 570
2846 570
2846 569
2835 569
2835 570
2833 570
2833 571
2827 571
2827 572
2826 572
2826 573
2825 573
2825 577
2824 577
2824 578
2823 578
2823 580
2822 580
2822 581
2820 581
2820 582
2819 582
2819 584
2818 584
2818 585
2817 585
2817 586
2816 586
2816 588
2815 588
2815 589
2813 589
2813 591
2812 591
2812 592
2811 592
2811 593
2809 593
2809 594
2808 594
2808 596
2807 596
2807 597
2805 597
2805 599
2804 599
2804 600
2803 600
2803 601
2801 601
2801 602
2800 602
2800 603
2799 603
2799 604
2794 604
2794 605
2793 605
2793 607
2792 607
2792 608
2791 608
2791 609
2790 609
2790 610
2789 610
2789 611
2788 611
2788 612
2787 612
2787 613
2786 613
2786 614
2782 614
2782 615
2780 615
2780 617
2779 617
2779 618
2777 618
2777 619
2776 619
2776 620
2774 620
2774 621
2768 621
2768 622
2767 622
2767 623
2766 623
2766 624
2765 624
2765 625
2764 625
2764 626
2761 626
2761 627
2760 627
2760 628
2757 628
2757 629
2756 629
2756 630
2755 630
2755 631
2754 631
2754 632
2752 632
2752 633
2751 633
2751 634
2747 634
2747 635
2746 635
2746 636
2745 636
2745 637
2744 637
2744 639
2743 639
2743 640
2742 640
2742 641
2741 641
2741 642
2738 642
2738 643
2734 643
2734 644
2732 644
2732 645
2730 645
2730 647
2729 647
2729 648
2727 648
2727 649
2726 649
2726 650
2725 650
2725 651
2723 651
2723 656
2722 656
2722 657
2721 657
2721 658
2720 658
2720 659
2719 659
2719 660
2718 660
2718 661
2712 661
2712 662
2711 662
2711 661
2707 661
2707 662
2704 662
2704 663
2703 663
2703 664
2701 664
2701 665
2700 665
2700 667
2699 667
2699 668
2698 668
2698 669
2697 669
2697 670
2696 670
2696 671
2695 671
2695 672
2693 672
2693 673
2688 673
2688 674
2683 674
2683 675
2682 675
2682 676
2678 676
2678 677
2677 677
2677 678
2676 678
2676 680
2675 680
2675 681
2674 681
2674 682
2672 682
2672 683
2671 683
2671 684
2669 684
2669 685
2667 685
2667 686
2664 686
2664 687
2662 687
2662 688
2661 688
2661 689
2660 689
2660 690
2658 690
2658 691
2656 691
2656 692
2655 692
2655 693
2654 693
2654 694
2653 694
2653 695
2652 695
2652 696
2651 696
2651 697
2650 697
2650 699
2649 699
2649 700
2648 700
2648 701
2647 701
2647 702
2645 702
2645 703
2644 703
2644 704
2643 704
2643 705
2641 705
2641 706
2640 706
2640 707
2639 707
2639 708
2638 708
2638 709
2637 709
2637 710
2636 710
2636 711
2635 711
2635 712
2634 712
2634 713
2633 713
2633 714
2627 714
2627 715
2626 715
2626 716
2624 716
2624 717
2623 717
2623 718
2622 718
2622 719
2620 719
2620 720
2618 720
2618 721
2614 721
