1857 854
1858 854
1858 853
1863 853
1863 852
1866 852
1866 851
1869 851
1869 850
1871 850
1871 849
1873 849
1873 848
1874 848
1874 847
1875 847
1875 845
1876 845
1876 843
1877 843
1877 841
1878 841
1878 838
1879 838
1879 832
1880 832
1880 830
1881 830
1881 828
1882 828
1882 827
1883 827
1883 826
1885 826
1885 827
1887 827
1887 828
1889 828
1889 829
1890 829
1890 833
1891 833
1891 835
1892 835
1892 840
1893 840
1893 843
1894 843
1894 845
1895 845
1895 848
1896 848
1896 849
1897 849
1897 850
1899 850
1899 851
1900 851
1900 852
1901 852
1901 853
1905 853
1905 854
1906 854
1906 855
1908 855
1908 856
1911 856
1911 857
1912 857
1912 858
1917 858
1917 859
1919 859
1919 860
1921 860
1921 861
1924 861
1924 862
1930 862
1930 863
1931 863
1931 862
1937 862
1937 861
1945 861
1945 860
1948 860
1948 859
1950 859
1950 858
1954 858
1954 857
1956 857
1956 856
1959 856
1959 855
1960 855
1960 854
1961 854
1961 853
1962 853
1962 852
1963 852
1963 851
1965 851
1965 850
1978 850
1978 849
1981 849
1981 848
1983 848
1983 847
1989 847
1989 846
1991 846
1991 845
1994 845
1994 844
1996 844
1996 843
1997 843
1997 842
1999 842
1999 841
2007 841
2007 840
2008 840
2008 839
2013 839
2013 838
2016 838
2016 837
2017 837
2017 836
2019 836
2019 835
2021 835
2021 834
2022 834
2022 833
2023 833
2023 832
2024 832
2024 831
2026 831
2026 830
2027 830
2027 829
2028 829
2028 828
2029 828
2029 827
2030 827
2030 826
2031 826
2031 825
2032 825
2032 823
2033 823
2033 807
2034 807
2034 806
2035 806
2035 805
2036 805
2036 804
2037 804
2037 803
2040 803
2040 801
2041 801
2041 800
2042 800
2042 799
2043 799
2043 797
2044 797
2044 775
2043 775
2043 774
2044 774
2044 773
2045 773
2045 772
2047 772
2047 771
2058 771
2058 772
2060 772
2060 773
2061 773
2061 775
2062 775
2062 780
2063 780
2063 786
2064 786
2064 788
2065 788
2065 790
2066 790
2066 792
2067 792
2067 795
2068 795
2068 796
2069 796
2069 797
2070 797
2070 798
2071 798
2071 799
2072 799
2072 800
2074 800
2074 801
2077 801
2077 802
2078 802
2078 803
2081 803
2081 804
2106 804
2106 803
2108 803
2108 802
2111 802
2111 801
2115 801
2115 800
2117 800
2117 799
2119 799
2119 798
2120 798
2120 797
2121 797
2121 796
2123 796
2123 795
2124 795
2124 793
2125 793
2125 773
2126 773
2126 771
2127 771
2127 770
2132 770
2132 769
2135 769
2135 768
2136 768
2136 767
2138 767
2138 766
2142 766
2142 767
2143 767
2143 769
2144 769
2144 771
2145 771
2145 774
2146 774
2146 777
2147 777
2147 778
2148 778
2148 780
2149 780
2149 781
2150 781
2150 783
2151 783
2151 785
2152 785
2152 786
2153 786
2153 787
2154 787
2154 788
2156 788
2156 789
2157 789
2157 790
2159 790
2159 791
2176 791
2176 790
2177 790
2177 789
2179 789
2179 788
2186 788
2186 789
2189 789
2189 790
2196 790
2196 791
2206 791
2206 790
2209 790
2209 789
2214 789
2214 788
2216 788
2216 787
2219 787
2219 786
2221 786
2221 785
2222 785
2222 784
2224 784
2224 783
2226 783
2226 782
2228 782
2228 781
2231 781
2231 780
2232 780
2232 779
2233 779
2233 778
2234 778
2234 777
2235 777
2235 776
2236 776
2236 775
2237 775
2237 774
2240 774
2240 773
2253 773
2253 772
2255 772
2255 771
2256 771
2256 770
2257 770
2257 769
2258 769
2258 768
2260 768
2260 767
2262 767
2262 766
2268 766
2268 767
2279 767
2279 766
2280 766
2280 765
2281 765
2281 764
2282 764
2282 763
2283 763
2283 762
2288 762
2288 761
2293 761
2293 760
2299 760
2299 759
2301 759
2301 758
2302 758
2302 757
2303 757
2303 756
2304 756
2304 755
2305 755
2305 754
2306 754
2306 753
2307 753
2307 752
2308 752
2308 751
2309 751
2309 750
2313 750
2313 749
2317 749
2317 748
2320 748
2320 747
2322 747
2322 746
2323 746
2323 745
2327 745
2327 744
2336 744
2336 743
2352 743
2352 744
2354 744
2354 745
2359 745
2359 744
2363 744
2363 743
2366 743
2366 742
2367 742
2367 741
2368 741
2368 740
2369 740
2369 739
2370 739
2370 738
2371 738
2371 729
2372 729
2372 727
2373 727
2373 726
2374 726
2374 725
2377 725
2377 724
2380 724
2380 723
2381 723
2381 722
2383 722
2383 720
2384 720
2384 714
2385 714
2385 703
2384 703
2384 698
2383 698
2383 694
2382 694
2382 676
2383 676
2383 675
2384 675
2384 674
2386 674
2386 673
2393 673
2393 672
2406 672
2406 671
2414 671
2414 670
2419 670
2419 669
2420 669
2420 668
2423 668
2423 667
2424 667
2424 666
2425 666
2425 665
2426 665
2426 663
2427 663
2427 662
2429 662
2429 661
2430 661
2430 660
2432 660
2432 659
2433 659
2433 658
2434 658
2434 657
2435 657
2435 656
2436 656
2436 655
2437 655
2437 654
2438 654
2438 653
2439 653
2439 652
2440 652
2440 651
2441 651
2441 650
2442 650
2442 649
2443 649
2443 648
2445 648
2445 647
2447 647
2447 646
2448 646
2448 645
2450 645
2450 644
2451 644
2451 643
2453 643
2453 642
2454 642
2454 641
2458 641
2458 640
2460 640
2460 639
2461 639
2461 638
2462 638
2462 637
2464 637
2464 636
2466 636
2466 635
2469 635
2469 634
2471 634
2471 633
2476 633
2476 632
2481 632
2481 633
2482 633
2482 634
2483 634
2483 635
2484 635
2484 638
2485 638
2485 655
2486 655
2486 659
2487 659
2487 660
2488 660
2488 662
2489 662
2489 664
2491 664
2491 665
2492 665
2492 666
2493 666
2493 667
2494 667
2494 668
2505 668
2505 667
2513 667
2513 668
2517 668
2517 669
2520 669
2520 670
2523 670
2523 671
2529 671
2529 672
2537 672
2537 673
2539 673
2539 674
2541 674
2541 675
2545 675
2545 676
2546 676
2546 678
2547 678
2547 679
2548 679
2548 680
2549 680
2549 681
2551 681
2551 682
2555 682
2555 683
2566 683
2566 682
2568 682
2568 681
2571 681
2571 680
2573 680
2573 679
2575 679
2575 678
2576 678
2576 677
2577 677
2577 674
2578 674
2578 672
2579 672
2579 671
2580 671
2580 668
2581 668
2581 667
2582 667
2582 666
2585 666
2585 665
2586 665
2586 664
2587 664
2587 663
2590 663
2590 662
2591 662
2591 661
2593 661
2593 660
2595 660
2595 659
2597 659
2597 658
2599 658
2599 657
2601 657
2601 656
2602 656
2602 655
2603 655
2603 654
2605 654
2605 653
2606 653
2606 652
2607 652
2607 651
2608 651
2608 650
2609 650
2609 648
2610 648
2610 647
2612 647
2612 646
2613 646
2613 645
2614 645
2614 644
2615 644
2615 643
2616 643
2616 641
2617 641
2617 640
2618 640
2618 639
2619 639
2619 638
2620 638
2620 637
2621 637
2621 636
2622 636
2622 635
2623 635
2623 634
2624 634
2624 632
2625 632
2625 630
2626 630
2626 627
2627 627
2627 616
2626 616
2626 606
2627 606
2627 602
2628 602
2628 600
2629 600
2629 599
2630 599
2630 598
2641 598
2641 597
2643 597
2643 596
2646 596
2646 595
2647 595
2647 571
2648 571
2648 568
2649 568
2649 557
2650 557
2650 555
2651 555
2651 554
2653 554
2653 553
2656 553
2656 552
2660 552
2660 551
2661 551
2661 550
2662 550
2662 549
2663 549
2663 547
2664 547
2664 539
2665 539
2665 538
2666 538
2666 537
2675 537
2675 538
2683 538
2683 537
2685 537
2685 536
2686 536
2686 535
2688 535
2688 534
2689 534
2689 532
2690 532
2690 531
2691 531
2691 515
2692 515
2692 514
2693 514
2693 513
2694 513
2694 512
2697 512
2697 511
2700 511
2700 510
2702 510
2702 498
2703 498
2703 497
2704 497
2704 496
2706 496
2706 495
2707 495
2707 494
2708 494
2708 493
2709 493
2709 491
2710 491
2710 490
2711 490
2711 488
2712 488
2712 485
2713 485
2713 482
2714 482
2714 480
2715 480
2715 479
2716 479
2716 478
2717 478
2717 477
2719 477
2719 476
2721 476
2721 475
2724 475
2724 474
2727 474
2727 473
2729 473
2729 472
2731 472
2731 471
2732 471
2732 470
2733 470
2733 467
2734 467
2734 466
2735 466
2735 465
2736 465
2736 463
2737 463
2737 460
2738 460
2738 457
2739 457
2739 455
2740 455
2740 454
2741 454
2741 452
2742 452
2742 451
2743 451
2743 450
2744 450
2744 449
2752 449
2752 448
2759 448
2759 447
2791 447
2791 446
2798 446
2798 445
2802 445
2802 444
2805 444
2805 443
2809 443
2809 442
2812 442
2812 441
2814 441
2814 440
2815 440
2815 439
2816 439
2816 438
2817 438
2817 436
2818 436
2818 434
2819 434
2819 428
2820 428
2820 426
2821 426
2821 424
2822 424
2822 423
2823 423
2823 421
2824 421
2824 420
2826 420
2826 419
2827 419
2827 418
2828 418
2828 417
2831 417
2831 416
2834 416
2834 415
2837 415
2837 414
2843 414
2843 413
2845 413
2845 412
2846 412
2846 411
2848 411
2848 410
2849 410
2849 409
2850 409
2850 408
2851 408
2851 407
2853 407
2853 405
2854 405
2854 404
2855 404
2855 403
2856 403
2856 402
2858 402
2858 401
2859 401
2859 400
2860 400
2860 399
2862 399
2862 398
2863 398
2863 395
2864 395
2864 393
2865 393
2865 392
2866 392
2866 391
2868 391
2868 390
2872 390
2872 389
2877 389
2877 388
2878 388
2878 387
2879 387
2879 386
2881 386
2881 385
2884 385
2884 384
2886 384
2886 383
2887 383
2887 382
2888 382
2888 381
2889 381
2889 380
2890 380
2890 379
2891 379
2891 378
2892 378
2892 377
2893 377
2893 375
2894 375
2894 374
2895 374
2895 373
2896 373
2896 371
2897 371
2897 369
2898 369
2898 368
2899 368
2899 367
2901 367
2901 366
2902 366
2902 365
2903 365
2903 364
2905 364
2905 363
2907 363
2907 362
2908 362
2908 361
2909 361
2909 360
2910 360
2910 359
2911 359
2911 358
2912 358
2912 348
2911 348
2911 347
2912 347
2912 345
2913 345
2913 344
2914 344
2914 343
2915 343
2915 342
2917 342
2917 341
2919 341
2919 340
2921 340
2921 339
2923 339
2923 338
2924 338
2924 337
2925 337
2925 336
2926 336
2926 334
2927 334
2927 332
2928 332
2928 331
2930 331
2930 330
2931 330
2931 329
2933 329
2933 328
2934 328
2934 327
2936 327
2936 325
2937 325
2937 324
2938 324
2938 323
2939 323
2939 319
2940 319
2940 318
2941 318
2941 315
2942 315
2942 314
2943 314
2943 312
2944 312
2944 311
2945 311
2945 310
2946 310
2946 309
2947 309
2947 308
2948 308
2948 307
2949 307
2949 306
2950 306
2950 305
2952 305
2952 304
2953 304
2953 303
2954 303
2954 302
2955 302
2955 301
2956 301
2956 300
2957 300
2957 298
2958 298
2958 297
2959 297
2959 296
2960 296
2960 295
2962 295
2962 294
2963 294
2963 293
2966 293
2966 292
2969 292
2969 291
2981 291
2981 290
2985 290
2985 289
2988 289
2988 287
2989 287
2989 286
2990 286
2990 285
2992 285
2992 284
2996 284
2996 283
2998 283
2998 282
2999 282
2999 281
3000 281
3000 280
3001 280
3001 279
3002 279
3002 278
3003 278
3003 277
3004 277
3004 276
3005 276
3005 275
3006 275
3006 274
3008 274
3008 273
3009 273
3009 272
3010 272
3010 271
3012 271
3012 270
3015 270
3015 269
3033 269
3033 268
3035 268
3035 267
3036 267
3036 266
3038 266
3038 265
3039 265
3039 264
3040 264
3040 263
3041 263
3041 262
3043 262
3043 260
3044 260
3044 258
3045 258
3045 257
3046 257
3046 256
3047 256
3047 255
3048 255
3048 254
3049 254
3049 253
3050 253
3050 252
3051 252
3051 251
3054 251
3054 250
3056 250
3056 249
3059 249
3059 248
3063 248
3063 247
3067 247
3067 246
3068 246
3068 245
3069 245
3069 244
3070 244
3070 243
3071 243
3071 242
3072 242
3072 241
3073 241
3073 240
3074 240
3074 239
3076 239
3076 238
3077 238
3077 237
3079 237
3079 236
3080 236
3080 235
3081 235
3081 234
3086 234
3086 233
3090 233
3090 232
3093 232
3093 231
3095 231
3095 229
3096 229
3096 226
3097 226
3097 224
3098 224
3098 222
3099 222
3099 221
3100 221
3100 220
3101 220
3101 219
3102 219
3102 218
3104 218
3104 217
3105 217
3105 216
3106 216
3106 215
3107 215
3107 214
3108 214
3108 213
3109 213
3109 212
3111 212
3111 211
3112 211
3112 208
3113 208
3113 207
3115 207
3115 206
3116 206
3116 204
3117 204
3117 202
3118 202
3118 199
3119 199
3119 197
3120 197
3120 196
3121 196
3121 194
3122 194
3122 193
3123 193
3123 188
3124 188
3124 186
3125 186
3125 184
3126 184
3126 182
3127 182
3127 181
3128 181
3128 180
3129 180
3129 179
3137 179
3137 178
3140 178
3140 179
3151 179
3151 178
3153 178
3153 177
3155 177
3155 176
3157 176
3157 175
3159 175
3159 174
3160 174
3160 173
3161 173
3161 172
3162 172
3162 171
3164 171
3164 170
3167 170
3167 169
3172 169
3172 168
3177 168
3177 167
3180 167
3180 166
3182 166
3182 165
3186 165
3186 163
3187 163
3187 161
3188 161
3188 159
3189 159
3189 161
3188 161
3188 163
3187 163
3187 165
3186 165
3186 166
3182 166
3182 167
3180 167
3180 168
3177 168
3177 169
3172 169
3172 170
3167 170
3167 171
3164 171
3164 172
3162 172
3162 173
3161 173
3161 174
3160 174
3160 175
3159 175
3159 176
3157 176
3157 177
3155 177
3155 178
3153 178
3153 179
3151 179
3151 180
3140 180
3140 179
3137 179
3137 180
3129 180
3129 181
3128 181
3128 182
3127 182
3127 184
3126 184
3126 186
3125 186
3125 188
3124 188
3124 193
3123 193
3123 194
3122 194
3122 196
3121 196
3121 197
3120 197
3120 199
3119 199
3119 202
3118 202
3118 204
3117 204
3117 206
3116 206
3116 207
3115 207
3115 208
3113 208
3113 211
3112 211
3112 212
3111 212
3111 213
3109 213
3109 214
3108 214
3108 215
3107 215
3107 216
3106 216
3106 217
3105 217
3105 218
3104 218
3104 219
3102 219
3102 220
3101 220
3101 221
3100 221
3100 222
3099 222
3099 224
3098 224
3098 226
3097 226
3097 229
3096 229
3096 231
3095 231
3095 232
3093 232
3093 233
3090 233
3090 234
3086 234
3086 235
3081 235
3081 236
3080 236
3080 237
3079 237
3079 238
3077 238
3077 239
3076 239
3076 240
3074 240
3074 241
3073 241
3073 242
3072 242
3072 243
3071 243
3071 244
3070 244
3070 245
3069 245
3069 246
3068 246
3068 247
3067 247
3067 248
3063 248
3063 249
3059 249
3059 250
3056 250
3056 251
3054 251
3054 252
3051 252
3051 253
3050 253
3050 254
3049 254
3049 255
3048 255
3048 256
3047 256
3047 257
3046 257
3046 258
3045 258
3045 260
3044 260
3044 262
3043 262
3043 263
3041 263
3041 264
3040 264
3040 265
3039 265
3039 266
3038 266
3038 267
3036 267
3036 268
3035 268
3035 269
3033 269
3033 270
3015 270
3015 271
3012 271
3012 272
3010 272
3010 273
3009 273
3009 274
3008 274
3008 275
3006 275
3006 276
3005 276
3005 277
3004 277
3004 278
3003 278
3003 279
3002 279
3002 280
3001 280
3001 281
3000 281
3000 282
2999 282
2999 283
2998 283
2998 284
2996 284
2996 285
2992 285
2992 286
2990 286
2990 287
2989 287
2989 289
2988 289
2988 290
2985 290
2985 291
2981 291
2981 292
2969 292
2969 293
2966 293
2966 294
2963 294
2963 295
2962 295
2962 296
2960 296
2960 297
2959 297
2959 298
2958 298
2958 300
2957 300
2957 301
2956 301
2956 302
2955 302
2955 303
2954 303
2954 304
2953 304
2953 305
2952 305
2952 306
2950 306
2950 307
2949 307
2949 308
2948 308
2948 309
2947 309
2947 310
2946 310
2946 311
2945 311
2945 312
2944 312
2944 314
2943 314
2943 315
2942 315
2942 318
2941 318
2941 319
2940 319
2940 323
2939 323
2939 324
2938 324
2938 325
2937 325
2937 327
2936 327
2936 328
2934 328
2934 329
2933 329
2933 330
2931 330
2931 331
2930 331
2930 332
2928 332
2928 334
2927 334
2927 336
2926 336
2926 337
2925 337
2925 338
2924 338
2924 339
2923 339
2923 340
2921 340
2921 341
2919 341
2919 342
2917 342
2917 343
2915 343
2915 344
2914 344
2914 345
2913 345
2913 347
2912 347
2912 348
2913 348
2913 358
2912 358
2912 359
2911 359
2911 360
2910 360
2910 361
2909 361
2909 362
2908 362
2908 363
2907 363
2907 364
2905 364
2905 365
2903 365
2903 366
2902 366
2902 367
2901 367
2901 368
2899 368
2899 369
2898 369
2898 371
2897 371
2897 373
2896 373
2896 374
2895 374
2895 375
2894 375
2894 377
2893 377
2893 378
2892 378
2892 379
2891 379
2891 380
2890 380
2890 381
2889 381
2889 382
2888 382
2888 383
2887 383
2887 384
2886 384
2886 385
2884 385
2884 386
2881 386
2881 387
2879 387
2879 388
2878 388
2878 389
2877 389
2877 390
2872 390
2872 391
2868 391
2868 392
2866 392
2866 393
2865 393
2865 395
2864 395
2864 398
2863 398
2863 399
2862 399
2862 400
2860 400
2860 401
2859 401
2859 402
2858 402
2858 403
2856 403
2856 404
2855 404
2855 405
2854 405
2854 407
2853 407
2853 408
2851 408
2851 409
2850 409
2850 410
2849 410
2849 411
2848 411
2848 412
2846 412
2846 413
2845 413
2845 414
2843 414
2843 415
2837 415
2837 416
2834 416
2834 417
2831 417
2831 418
2828 418
2828 419
2827 419
2827 420
2826 420
2826 421
2824 421
2824 423
2823 423
2823 424
2822 424
2822 426
2821 426
2821 428
2820 428
2820 434
2819 434
2819 436
2818 436
2818 438
2817 438
2817 439
2816 439
2816 440
2815 440
2815 441
2814 441
2814 442
2812 442
2812 443
2809 443
2809 444
2805 444
2805 445
2802 445
2802 446
2798 446
2798 447
2791 447
2791 448
2759 448
2759 449
2752 449
2752 450
2744 450
2744 451
2743 451
2743 452
2742 452
2742 454
2741 454
2741 455
2740 455
2740 457
2739 457
2739 460
2738 460
2738 463
2737 463
2737 465
2736 465
2736 466
2735 466
2735 467
2734 467
2734 470
2733 470
2733 471
2732 471
2732 472
2731 472
2731 473
2729 473
2729 474
2727 474
2727 475
2724 475
2724 476
2721 476
2721 477
2719 477
2719 478
2717 478
2717 479
2716 479
2716 480
2715 480
2715 482
2714 482
2714 485
2713 485
2713 488
2712 488
2712 490
2711 490
2711 491
2710 491
2710 493
2709 493
2709 494
2708 494
2708 495
2707 495
2707 496
2706 496
2706 497
2704 497
2704 498
2703 498
2703 510
2702 510
2702 511
2700 511
2700 512
2697 512
2697 513
2694 513
2694 514
2693 514
2693 515
2692 515
2692 531
2691 531
2691 532
2690 532
2690 534
2689 534
2689 535
2688 535
2688 536
2686 536
2686 537
2685 537
2685 538
2683 538
2683 539
2675 539
2675 538
2666 538
2666 539
2665 539
2665 547
2664 547
2664 549
2663 549
2663 550
2662 550
2662 551
2661 551
2661 552
2660 552
2660 553
2656 553
2656 554
2653 554
2653 555
2651 555
2651 557
2650 557
2650 568
2649 568
2649 571
2648 571
2648 595
2647 595
2647 596
2646 596
2646 597
2643 597
2643 598
2641 598
2641 599
2630 599
2630 600
2629 600
2629 602
2628 602
2628 606
2627 606
2627 616
2628 616
2628 627
2627 627
2627 630
2626 630
2626 632
2625 632
2625 634
2624 634
2624 635
2623 635
2623 636
2622 636
2622 637
2621 637
2621 638
2620 638
2620 639
2619 639
2619 640
2618 640
2618 641
2617 641
2617 643
2616 643
2616 644
2615 644
2615 645
2614 645
2614 646
2613 646
2613 647
2612 647
2612 648
2610 648
2610 650
2609 650
2609 651
2608 651
2608 652
2607 652
2607 653
2606 653
2606 654
2605 654
2605 655
2603 655
2603 656
2602 656
2602 657
2601 657
2601 658
2599 658
2599 659
2597 659
2597 660
2595 660
2595 661
2593 661
2593 662
2591 662
2591 663
2590 663
2590 664
2587 664
2587 665
2586 665
2586 666
2585 666
2585 667
2582 667
2582 668
2581 668
2581 671
2580 671
2580 672
2579 672
2579 674
2578 674
2578 677
2577 677
2577 678
2576 678
2576 679
2575 679
2575 680
2573 680
2573 681
2571 681
2571 682
2568 682
2568 683
2566 683
2566 684
2555 684
2555 683
2551 683
2551 682
2549 682
2549 681
2548 681
2548 680
2547 680
2547 679
2546 679
2546 678
2545 678
2545 676
2541 676
2541 675
2539 675
2539 674
2537 674
2537 673
2529 673
2529 672
2523 672
2523 671
2520 671
2520 670
2517 670
2517 669
2513 669
2513 668
2505 668
2505 669
2494 669
2494 668
2493 668
2493 667
2492 667
2492 666
2491 666
2491 665
2489 665
2489 664
2488 664
2488 662
2487 662
2487 660
2486 660
2486 659
2485 659
2485 655
2484 655
2484 638
2483 638
2483 635
2482 635
2482 634
2481 634
2481 633
2476 633
2476 634
2471 634
2471 635
2469 635
2469 636
2466 636
2466 637
2464 637
2464 638
2462 638
2462 639
2461 639
2461 640
2460 640
2460 641
2458 641
2458 642
2454 642
2454 643
2453 643
2453 644
2451 644
2451 645
2450 645
2450 646
2448 646
2448 647
2447 647
2447 648
2445 648
2445 649
2443 649
2443 650
2442 650
2442 651
2441 651
2441 652
2440 652
2440 653
2439 653
2439 654
2438 654
2438 655
2437 655
2437 656
2436 656
2436 657
2435 657
2435 658
2434 658
2434 659
2433 659
2433 660
2432 660
2432 661
2430 661
2430 662
2429 662
2429 663
2427 663
2427 665
2426 665
2426 666
2425 666
2425 667
2424 667
2424 668
2423 668
2423 669
2420 669
2420 670
2419 670
2419 671
2414 671
2414 672
2406 672
2406 673
2393 673
2393 674
2386 674
2386 675
2384 675
2384 676
2383 676
2383 694
2384 694
2384 698
2385 698
2385 703
2386 703
2386 714
2385 714
2385 720
2384 720
2384 722
2383 722
2383 723
2381 723
2381 724
2380 724
2380 725
2377 725
2377 726
2374 726
2374 727
2373 727
2373 729
2372 729
2372 738
2371 738
2371 739
2370 739
2370 740
2369 740
2369 741
2368 741
2368 742
2367 742
2367 743
2366 743
2366 744
2363 744
2363 745
2359 745
2359 746
2354 746
2354 745
2352 745
2352 744
2336 744
2336 745
2327 745
2327 746
2323 746
2323 747
2322 747
2322 748
2320 748
2320 749
2317 749
2317 750
2313 750
2313 751
2309 751
2309 752
2308 752
2308 753
2307 753
2307 754
2306 754
2306 755
2305 755
2305 756
2304 756
2304 757
2303 757
2303 758
2302 758
2302 759
2301 759
2301 760
2299 760
2299 761
2293 761
2293 762
2288 762
2288 763
2283 763
2283 764
2282 764
2282 765
2281 765
2281 766
2280 766
2280 767
2279 767
2279 768
2268 768
2268 767
2262 767
2262 768
2260 768
2260 769
2258 769
2258 770
2257 770
2257 771
2256 771
2256 772
2255 772
2255 773
2253 773
2253 774
2240 774
2240 775
2237 775
2237 776
2236 776
2236 777
2235 777
2235 778
2234 778
2234 779
2233 779
2233 780
2232 780
2232 781
2231 781
2231 782
2228 782
2228 783
2226 783
2226 784
2224 784
2224 785
2222 785
2222 786
2221 786
2221 787
2219 787
2219 788
2216 788
2216 789
2214 789
2214 790
2209 790
2209 791
2206 791
2206 792
2196 792
2196 791
2189 791
2189 790
2186 790
2186 789
2179 789
2179 790
2177 790
2177 791
2176 791
2176 792
2159 792
2159 791
2157 791
2157 790
2156 790
2156 789
2154 789
2154 788
2153 788
2153 787
2152 787
2152 786
2151 786
2151 785
2150 785
2150 783
2149 783
2149 781
2148 781
2148 780
2147 780
2147 778
2146 778
2146 777
2145 777
2145 774
2144 774
2144 771
2143 771
2143 769
2142 769
2142 767
2138 767
2138 768
2136 768
2136 769
2135 769
2135 770
2132 770
2132 771
2127 771
2127 773
2126 773
2126 793
2125 793
2125 795
2124 795
2124 796
2123 796
2123 797
2121 797
2121 798
2120 798
2120 799
2119 799
2119 800
2117 800
2117 801
2115 801
2115 802
2111 802
2111 803
2108 803
2108 804
2106 804
2106 805
2081 805
2081 804
2078 804
2078 803
2077 803
2077 802
2074 802
2074 801
2072 801
2072 800
2071 800
2071 799
2070 799
2070 798
2069 798
2069 797
2068 797
2068 796
2067 796
2067 795
2066 795
2066 792
2065 792
2065 790
2064 790
2064 788
2063 788
2063 786
2062 786
2062 780
2061 780
2061 775
2060 775
2060 773
2058 773
2058 772
2047 772
2047 773
2045 773
2045 774
2044 774
2044 775
2045 775
2045 797
2044 797
2044 799
2043 799
2043 800
2042 800
2042 801
2041 801
2041 803
2040 803
2040 804
2037 804
2037 805
2036 805
2036 806
2035 806
2035 807
2034 807
2034 823
2033 823
2033 825
2032 825
2032 826
2031 826
2031 827
2030 827
2030 828
2029 828
2029 829
2028 829
2028 830
2027 830
2027 831
2026 831
2026 832
2024 832
2024 833
2023 833
2023 834
2022 834
2022 835
2021 835
2021 836
2019 836
2019 837
2017 837
2017 838
2016 838
2016 839
2013 839
2013 840
2008 840
2008 841
2007 841
2007 842
1999 842
1999 843
1997 843
1997 844
1996 844
1996 845
1994 845
1994 846
1991 846
1991 847
1989 847
1989 848
1983 848
1983 849
1981 849
1981 850
1978 850
1978 851
1965 851
1965 852
1963 852
1963 853
1962 853
1962 854
1961 854
1961 855
1960 855
1960 856
1959 856
1959 857
1956 857
1956 858
1954 858
1954 859
1950 859
1950 860
1948 860
1948 861
1945 861
1945 862
1937 862
1937 863
1931 863
1931 864
1930 864
1930 863
1924 863
1924 862
1921 862
1921 861
1919 861
1919 860
1917 860
1917 859
1912 859
1912 858
1911 858
1911 857
1908 857
1908 856
1906 856
1906 855
1905 855
1905 854
1901 854
1901 853
1900 853
1900 852
1899 852
1899 851
1897 851
1897 850
1896 850
1896 849
1895 849
1895 848
1894 848
1894 845
1893 845
1893 843
1892 843
1892 840
1891 840
1891 835
1890 835
1890 833
1889 833
1889 829
1887 829
1887 828
1885 828
1885 827
1883 827
1883 828
1882 828
1882 830
1881 830
1881 832
1880 832
1880 838
1879 838
1879 841
1878 841
1878 843
1877 843
1877 845
1876 845
1876 847
1875 847
1875 848
1874 848
1874 849
1873 849
1873 850
1871 850
1871 851
1869 851
1869 852
1866 852
1866 853
1863 853
1863 854
1858 854
1858 855
1857 855
1857 854
1851 854
1851 853
1849 853
1849 852
1847 852
1847 851
1846 851
1846 850
1844 850
1844 849
1842 849
1842 848
1841 848
1841 847
1839 847
1839 846
1838 846
1838 845
1836 845
1836 844
1835 844
1835 843
1834 843
1834 842
1833 842
1833 841
1832 841
1832 840
1831 840
1831 838
1829 838
1829 837
1827 837
1827 836
1825 836
1825 835
1824 835
1824 834
1823 834
1823 833
1820 833
1820 832
1816 832
1816 831
1810 831
1810 832
1808 832
1808 833
1806 833
1806 834
1804 834
1804 835
1803 835
1803 836
1802 836
1802 837
1801 837
1801 844
1800 844
1800 846
1799 846
1799 847
1798 847
1798 848
1796 848
1796 849
1795 849
1795 852
1794 852
1794 854
1793 854
1793 856
1792 856
1792 857
1790 857
1790 858
1788 858
1788 859
1784 859
1784 860
1776 860
1776 861
1772 861
1772 862
1763 862
1763 863
1758 863
1758 864
1750 864
1750 863
1748 863
1748 862
1746 862
1746 861
1745 861
1745 860
1739 860
1739 859
1722 859
1722 858
1721 858
1721 859
1703 859
1703 860
1700 860
1700 861
1699 861
1699 866
1698 866
1698 868
1697 868
1697 869
1696 869
1696 870
1695 870
1695 871
1693 871
1693 872
1691 872
1691 873
1686 873
1686 874
1678 874
1678 873
1668 873
1668 872
1666 872
1666 871
1664 871
1664 870
1662 870
1662 869
1661 869
1661 868
1660 868
1660 867
1658 867
1658 866
1657 866
1657 865
1656 865
1656 864
1654 864
1654 863
1653 863
1653 862
1652 862
1652 861
1650 861
1650 860
1647 860
1647 859
1636 859
1636 858
1635 858
1635 857
1634 857
1634 856
1633 856
1633 855
1632 855
1632 854
1631 854
1631 853
1628 853
1628 852
1626 852
1626 851
1625 851
1625 850
1624 850
1624 849
1622 849
1622 848
1620 848
1620 847
1619 847
1619 845
1618 845
1618 844
1617 844
1617 842
1616 842
1616 832
1615 832
1615 831
1612 831
1612 830
1607 830
1607 831
1605 831
1605 832
1604 832
1604 833
1603 833
1603 834
1602 834
1602 835
1601 835
1601 836
1600 836
1600 837
1599 837
1599 838
1597 838
1597 839
1595 839
1595 840
1592 840
1592 841
1586 841
1586 842
1566 842
1566 843
1544 843
1544 842
1539 842
1539 841
1527 841
1527 840
1524 840
1524 839
1518 839
1518 838
1517 838
1517 837
1516 837
1516 836
1515 836
1515 834
1514 834
1514 833
1513 833
1513 832
1511 832
1511 831
1509 831
1509 830
1505 830
1505 829
1497 829
1497 830
1477 830
1477 829
1468 829
1468 828
1466 828
1466 829
1465 829
1465 832
1464 832
1464 833
1452 833
1452 832
1447 832
1447 831
1445 831
1445 830
1442 830
1442 829
1440 829
1440 828
1439 828
1439 827
1438 827
1438 826
1437 826
1437 823
1436 823
1436 822
1435 822
1435 821
1432 821
1432 820
1425 820
1425 821
1422 821
1422 820
1420 820
1420 819
1416 819
1416 818
1415 818
1415 817
1413 817
1413 816
1411 816
1411 815
1410 815
1410 814
1409 814
1409 813
1408 813
1408 812
1407 812
1407 811
1406 811
1406 810
1402 810
1402 809
1392 809
1392 808
1386 808
1386 807
1383 807
1383 806
1381 806
1381 805
1379 805
1379 804
1378 804
1378 803
1377 803
1377 802
1376 802
1376 800
1375 800
1375 799
1374 799
1374 797
1373 797
1373 795
1372 795
1372 794
1371 794
1371 793
1369 793
1369 792
1368 792
1368 791
1362 791
1362 790
1358 790
1358 789
1356 789
1356 788
1354 788
1354 787
1353 787
1353 786
1350 786
1350 785
1347 785
1347 784
1343 784
1343 783
1335 783
1335 784
1332 784
1332 785
1329 785
1329 786
1325 786
1325 787
1319 787
1319 786
1315 786
1315 785
1312 785
1312 784
1304 784
1304 785
1302 785
1302 786
1300 786
1300 787
1297 787
1297 788
1293 788
1293 789
1289 789
1289 790
1287 790
1287 789
1285 789
1285 788
1284 788
1284 787
1282 787
1282 786
1280 786
1280 785
1278 785
1278 784
1277 784
1277 782
1275 782
1275 781
1272 781
1272 780
1266 780
1266 779
1240 779
1240 778
1216 778
1216 777
1183 777
1183 778
1181 778
1181 780
1180 780
1180 785
1179 785
1179 788
1178 788
1178 789
1177 789
1177 790
1176 790
1176 791
1174 791
1174 792
1168 792
1168 793
1165 793
1165 792
1164 792
1164 791
1163 791
1163 789
1162 789
1162 788
1159 788
1159 787
1158 787
1158 786
1156 786
1156 785
1154 785
1154 784
1148 784
1148 783
1142 783
1142 784
1141 784
1141 785
1140 785
1140 787
1139 787
1139 788
1138 788
1138 789
1135 789
1135 790
1122 790
1122 791
1118 791
1118 792
1116 792
1116 793
1113 793
1113 794
1109 794
1109 795
1107 795
1107 796
1106 796
1106 797
1105 797
1105 798
1104 798
1104 800
1103 800
1103 801
1102 801
1102 802
1101 802
1101 803
1099 803
1099 805
1098 805
1098 806
1096 806
1096 807
1093 807
1093 808
1086 808
1086 807
1074 807
1074 808
1071 808
1071 809
1070 809
1070 811
1069 811
1069 812
1068 812
1068 813
1067 813
1067 814
1066 814
1066 815
1065 815
1065 816
1064 816
1064 817
1062 817
1062 819
1061 819
1061 820
1060 820
1060 821
1059 821
1059 822
1057 822
1057 823
1055 823
1055 824
1054 824
1054 825
1052 825
1052 826
1050 826
1050 827
1047 827
1047 828
1043 828
1043 829
1030 829
1030 828
1023 828
1023 827
1015 827
1015 826
1011 826
1011 825
1006 825
1006 824
1004 824
1004 823
1003 823
1003 822
1000 822
1000 821
999 821
999 820
998 820
998 819
997 819
997 818
996 818
996 817
992 817
992 816
990 816
990 815
984 815
984 816
982 816
982 815
976 815
976 814
973 814
973 813
971 813
971 812
968 812
968 811
962 811
962 810
958 810
958 809
954 809
954 808
952 808
952 807
950 807
950 806
949 806
949 805
948 805
948 804
947 804
947 803
946 803
946 800
945 800
945 798
944 798
944 796
943 796
943 795
942 795
942 794
941 794
941 793
940 793
940 792
939 792
939 791
938 791
938 789
937 789
937 787
936 787
936 784
935 784
935 782
934 782
934 774
933 774
933 769
932 769
932 759
931 759
931 741
930 741
930 734
929 734
929 729
928 729
928 725
927 725
927 719
926 719
926 717
925 717
925 716
923 716
923 715
921 715
921 714
920 714
920 712
919 712
919 711
918 711
918 710
917 710
917 709
916 709
916 708
913 708
913 707
909 707
909 706
907 706
907 705
905 705
905 704
903 704
903 703
902 703
902 702
901 702
901 701
900 701
900 698
899 698
899 695
898 695
898 686
897 686
897 685
896 685
896 683
894 683
894 682
892 682
892 683
889 683
889 685
888 685
888 687
887 687
887 688
886 688
886 690
885 690
885 691
884 691
884 692
882 692
882 693
880 693
880 694
876 694
876 695
873 695
873 696
872 696
872 697
871 697
871 698
870 698
870 699
867 699
867 700
856 700
856 699
854 699
854 698
850 698
850 697
849 697
849 696
841 696
841 697
832 697
832 699
831 699
831 700
830 700
830 701
829 701
829 702
828 702
828 703
824 703
824 704
821 704
821 703
813 703
813 702
810 702
810 701
802 701
802 702
800 702
800 703
798 703
798 704
797 704
797 705
796 705
796 706
795 706
795 707
794 707
794 708
793 708
793 709
791 709
791 710
790 710
790 711
788 711
788 712
785 712
785 713
783 713
783 714
781 714
781 715
775 715
775 716
769 716
769 717
753 717
753 716
744 716
744 715
743 715
743 714
742 714
742 713
740 713
740 712
739 712
739 711
738 711
738 710
737 710
737 708
736 708
736 707
735 707
735 706
734 706
734 705
728 705
728 704
727 704
727 703
721 703
721 702
719 702
719 701
718 701
718 700
717 700
717 699
716 699
716 698
715 698
715 697
714 697
714 696
713 696
713 695
712 695
712 693
711 693
711 692
710 692
710 690
709 690
709 689
708 689
708 688
707 688
707 687
706 687
706 686
705 686
705 685
704 685
704 684
702 684
702 683
701 683
701 682
700 682
700 681
699 681
699 680
697 680
697 679
694 679
694 678
687 678
687 677
685 677
685 676
684 676
684 675
683 675
683 673
682 673
682 672
681 672
681 671
680 671
680 670
679 670
679 668
678 668
678 667
677 667
677 661
676 661
676 660
675 660
675 658
674 658
674 656
673 656
673 655
672 655
672 654
671 654
671 653
670 653
670 652
669 652
669 650
668 650
668 649
667 649
667 648
666 648
666 646
665 646
665 643
664 643
664 641
663 641
663 640
662 640
662 639
661 639
661 638
660 638
660 636
659 636
659 635
658 635
658 634
657 634
657 633
656 633
656 631
655 631
655 630
654 630
654 627
653 627
653 626
652 626
652 625
651 625
651 623
650 623
650 622
648 622
648 621
646 621
646 620
644 620
644 619
642 619
642 618
638 618
638 617
636 617
636 616
633 616
633 615
631 615
631 614
630 614
630 613
628 613
628 612
625 612
625 611
624 611
624 610
623 610
623 609
622 609
622 608
621 608
621 606
620 606
620 605
619 605
619 604
617 604
617 603
616 603
616 602
615 602
615 601
613 601
613 600
612 600
612 599
611 599
611 598
609 598
609 597
607 597
607 596
606 596
606 595
604 595
604 594
602 594
602 593
599 593
599 592
591 592
591 591
589 591
589 590
588 590
588 589
587 589
587 577
586 577
586 574
583 574
583 573
562 573
562 574
561 574
561 573
558 573
558 572
556 572
556 571
555 571
555 570
554 570
554 569
552 569
552 568
550 568
550 567
549 567
549 566
547 566
547 565
545 565
545 564
544 564
544 563
542 563
542 564
537 564
537 563
532 563
532 562
530 562
530 561
529 561
529 560
527 560
527 559
525 559
525 558
521 558
521 559
519 559
519 560
514 560
514 561
511 561
511 560
508 560
508 559
500 559
500 558
498 558
498 557
497 557
497 556
496 556
496 555
493 555
493 554
492 554
492 552
491 552
491 551
490 551
490 550
489 550
489 549
488 549
488 547
487 547
487 546
486 546
486 544
485 544
485 543
484 543
484 542
483 542
483 541
482 541
482 540
480 540
480 539
478 539
478 538
477 538
477 537
475 537
475 536
473 536
473 535
472 535
472 534
470 534
470 533
469 533
469 532
468 532
468 531
465 531
465 530
462 530
462 529
460 529
460 528
458 528
458 527
455 527
455 526
453 526
453 525
449 525
449 524
444 524
444 523
429 523
429 522
427 522
427 521
424 521
424 520
423 520
423 519
422 519
422 518
421 518
421 516
420 516
420 515
419 515
419 511
418 511
418 506
417 506
417 505
416 505
416 504
413 504
413 503
412 503
412 502
411 502
411 501
410 501
410 500
409 500
409 499
407 499
407 498
405 498
405 497
404 497
404 496
403 496
403 495
402 495
402 494
401 494
401 493
400 493
400 492
399 492
399 490
398 490
398 488
397 488
397 482
396 482
396 477
395 477
395 470
394 470
394 465
393 465
393 460
392 460
392 453
390 453
390 452
388 452
388 451
386 451
386 450
383 450
383 449
382 449
382 448
380 448
380 447
378 447
378 446
377 446
377 444
376 444
376 443
375 443
375 441
374 441
374 440
372 440
372 439
371 439
371 438
369 438
369 437
368 437
368 436
367 436
367 435
366 435
366 434
365 434
365 433
364 433
364 432
363 432
363 431
362 431
362 430
361 430
361 429
359 429
359 428
356 428
356 427
353 427
353 426
351 426
351 425
350 425
350 424
348 424
348 423
347 423
347 422
346 422
346 421
344 421
344 420
343 420
343 419
342 419
342 418
341 418
341 417
340 417
340 416
339 416
339 415
338 415
338 414
337 414
337 413
336 413
336 412
335 412
335 411
333 411
333 410
332 410
332 409
331 409
331 408
328 408
328 407
327 407
327 406
325 406
325 405
324 405
324 404
322 404
322 403
321 403
321 402
320 402
320 401
319 401
319 400
318 400
318 399
316 399
316 398
314 398
314 397
311 397
311 396
308 396
308 395
305 395
305 394
301 394
301 393
296 393
296 392
295 392
295 391
294 391
294 390
293 390
293 389
292 389
292 388
290 388
290 387
288 387
288 386
287 386
287 385
285 385
285 384
284 384
284 383
282 383
282 382
280 382
280 381
277 381
277 380
274 380
274 379
271 379
271 378
266 378
266 377
260 377
260 376
257 376
257 377
254 377
254 378
246 378
246 377
243 377
243 376
242 376
242 375
240 375
240 374
239 374
239 373
237 373
237 372
215 372
215 373
201 373
201 372
188 372
188 371
183 371
183 370
181 370
181 369
179 369
179 368
177 368
177 367
175 367
175 366
174 366
174 365
173 365
173 364
171 364
171 363
170 363
170 362
169 362
169 361
168 361
168 360
167 360
167 359
165 359
165 358
162 358
162 357
160 357
160 356
158 356
158 355
155 355
155 354
145 354
145 353
119 353
119 352
100 352
100 351
95 351
95 350
94 350
94 349
93 349
93 348
92 348
92 347
91 347
91 345
90 345
90 344
89 344
89 343
88 343
88 342
85 342
85 341
84 341
84 340
83 340
83 339
81 339
81 338
80 338
80 337
79 337
79 336
77 336
77 335
76 335
76 334
75 334
75 333
74 333
74 332
73 332
73 331
72 331
72 330
71 330
71 328
70 328
70 327
69 327
69 326
68 326
68 325
66 325
66 324
64 324
64 323
63 323
63 322
62 322
62 321
61 321
61 320
60 320
60 319
59 319
59 317
58 317
58 316
57 316
57 313
56 313
56 285
55 285
55 279
54 279
54 276
53 276
53 275
52 275
52 273
51 273
51 271
50 271
50 269
49 269
49 267
48 267
48 265
47 265
47 264
46 264
46 263
45 263
45 262
44 262
44 261
39 261
39 260
37 260
37 259
33 259
33 258
30 258
30 257
23 257
23 256
15 256
15 255
12 255
12 254
9 254
9 253
3 253
3 252
9 252
9 253
12 253
12 254
15 254
15 255
23 255
23 256
30 256
30 257
33 257
33 258
37 258
37 259
39 259
39 260
44 260
44 261
45 261
45 262
46 262
46 263
47 263
47 264
48 264
48 265
49 265
49 267
50 267
50 269
51 269
51 271
52 271
52 273
53 273
53 275
54 275
54 276
55 276
55 279
56 279
56 285
57 285
57 313
58 313
58 316
59 316
59 317
60 317
60 319
61 319
61 320
62 320
62 321
63 321
63 322
64 322
64 323
66 323
66 324
68 324
68 325
69 325
69 326
70 326
70 327
71 327
71 328
72 328
72 330
73 330
73 331
74 331
74 332
75 332
75 333
76 333
76 334
77 334
77 335
79 335
79 336
80 336
80 337
81 337
81 338
83 338
83 339
84 339
84 340
85 340
85 341
88 341
88 342
89 342
89 343
90 343
90 344
91 344
91 345
92 345
92 347
93 347
93 348
94 348
94 349
95 349
95 350
100 350
100 351
119 351
119 352
145 352
145 353
155 353
155 354
158 354
158 355
160 355
160 356
162 356
162 357
165 357
165 358
167 358
167 359
168 359
168 360
169 360
169 361
170 361
170 362
171 362
171 363
173 363
173 364
174 364
174 365
175 365
175 366
177 366
177 367
179 367
179 368
181 368
181 369
183 369
183 370
188 370
188 371
201 371
201 372
215 372
215 371
237 371
237 372
239 372
239 373
240 373
240 374
242 374
242 375
243 375
243 376
246 376
246 377
254 377
254 376
257 376
257 375
260 375
260 376
266 376
266 377
271 377
271 378
274 378
274 379
277 379
277 380
280 380
280 381
282 381
282 382
284 382
284 383
285 383
285 384
287 384
287 385
288 385
288 386
290 386
290 387
292 387
292 388
293 388
293 389
294 389
294 390
295 390
295 391
296 391
296 392
301 392
301 393
305 393
305 394
308 394
308 395
311 395
311 396
314 396
314 397
316 397
316 398
318 398
318 399
319 399
319 400
320 400
320 401
321 401
321 402
322 402
322 403
324 403
324 404
325 404
325 405
327 405
327 406
328 406
328 407
331 407
331 408
332 408
332 409
333 409
333 410
335 410
335 411
336 411
336 412
337 412
337 413
338 413
338 414
339 414
339 415
340 415
340 416
341 416
341 417
342 417
342 418
343 418
343 419
344 419
344 420
346 420
346 421
347 421
347 422
348 422
348 423
350 423
350 424
351 424
351 425
353 425
353 426
356 426
356 427
359 427
359 428
361 428
361 429
362 429
362 430
363 430
363 431
364 431
364 432
365 432
365 433
366 433
366 434
367 434
367 435
368 435
368 436
369 436
369 437
371 437
371 438
372 438
372 439
374 439
374 440
375 440
375 441
376 441
376 443
377 443
377 444
378 444
378 446
380 446
380 447
382 447
382 448
383 448
383 449
386 449
386 450
388 450
388 451
390 451
390 452
392 452
392 453
393 453
393 460
394 460
394 465
395 465
395 470
396 470
396 477
397 477
397 482
398 482
398 488
399 488
399 490
400 490
400 492
401 492
401 493
402 493
402 494
403 494
403 495
404 495
404 496
405 496
405 497
407 497
407 498
409 498
409 499
410 499
410 500
411 500
411 501
412 501
412 502
413 502
413 503
416 503
416 504
417 504
417 505
418 505
418 506
419 506
419 511
420 511
420 515
421 515
421 516
422 516
422 518
423 518
423 519
424 519
424 520
427 520
427 521
429 521
429 522
444 522
444 523
449 523
449 524
453 524
453 525
455 525
455 526
458 526
458 527
460 527
460 528
462 528
462 529
465 529
465 530
468 530
468 531
469 531
469 532
470 532
470 533
472 533
472 534
473 534
473 535
475 535
475 536
477 536
477 537
478 537
478 538
480 538
480 539
482 539
482 540
483 540
483 541
484 541
484 542
485 542
485 543
486 543
486 544
487 544
487 546
488 546
488 547
489 547
489 549
490 549
490 550
491 550
491 551
492 551
492 552
493 552
493 554
496 554
496 555
497 555
497 556
498 556
498 557
500 557
500 558
508 558
508 559
511 559
511 560
514 560
514 559
519 559
519 558
521 558
521 557
525 557
525 558
527 558
527 559
529 559
529 560
530 560
530 561
532 561
532 562
537 562
537 563
542 563
542 562
544 562
544 563
545 563
545 564
547 564
547 565
549 565
549 566
550 566
550 567
552 567
552 568
554 568
554 569
555 569
555 570
556 570
556 571
558 571
558 572
561 572
561 573
562 573
562 572
583 572
583 573
586 573
586 574
587 574
587 577
588 577
588 589
589 589
589 590
591 590
591 591
599 591
599 592
602 592
602 593
604 593
604 594
606 594
606 595
607 595
607 596
609 596
609 597
611 597
611 598
612 598
612 599
613 599
613 600
615 600
615 601
616 601
616 602
617 602
617 603
619 603
619 604
620 604
620 605
621 605
621 606
622 606
622 608
623 608
623 609
624 609
624 610
625 610
625 611
628 611
628 612
630 612
630 613
631 613
631 614
633 614
633 615
636 615
636 616
638 616
638 617
642 617
642 618
644 618
644 619
646 619
646 620
648 620
648 621
650 621
650 622
651 622
651 623
652 623
652 625
653 625
653 626
654 626
654 627
655 627
655 630
656 630
656 631
657 631
657 633
658 633
658 634
659 634
659 635
660 635
660 636
661 636
661 638
662 638
662 639
663 639
663 640
664 640
664 641
665 641
665 643
666 643
666 646
667 646
667 648
668 648
668 649
669 649
669 650
670 650
670 652
671 652
671 653
672 653
672 654
673 654
673 655
674 655
674 656
675 656
675 658
676 658
676 660
677 660
677 661
678 661
678 667
679 667
679 668
680 668
680 670
681 670
681 671
682 671
682 672
683 672
683 673
684 673
684 675
685 675
685 676
687 676
687 677
694 677
694 678
697 678
697 679
699 679
699 680
700 680
700 681
701 681
701 682
702 682
702 683
704 683
704 684
705 684
705 685
706 685
706 686
707 686
707 687
708 687
708 688
709 688
709 689
710 689
710 690
711 690
711 692
712 692
712 693
713 693
713 695
714 695
714 696
715 696
715 697
716 697
716 698
717 698
717 699
718 699
718 700
719 700
719 701
721 701
721 702
727 702
727 703
728 703
728 704
734 704
734 705
735 705
735 706
736 706
736 707
737 707
737 708
738 708
738 710
739 710
739 711
740 711
740 712
742 712
742 713
743 713
743 714
744 714
744 715
753 715
753 716
769 716
769 715
775 715
775 714
781 714
781 713
783 713
783 712
785 712
785 711
788 711
788 710
790 710
790 709
791 709
791 708
793 708
793 707
794 707
794 706
795 706
795 705
796 705
796 704
797 704
797 703
798 703
798 702
800 702
800 701
802 701
802 700
810 700
810 701
813 701
813 702
821 702
821 703
824 703
824 702
828 702
828 701
829 701
829 700
830 700
830 699
831 699
831 697
832 697
832 696
841 696
841 695
849 695
849 696
850 696
850 697
854 697
854 698
856 698
856 699
867 699
867 698
870 698
870 697
871 697
871 696
872 696
872 695
873 695
873 694
876 694
876 693
880 693
880 692
882 692
882 691
884 691
884 690
885 690
885 688
886 688
886 687
887 687
887 685
888 685
888 683
889 683
889 682
892 682
892 681
894 681
894 682
896 682
896 683
897 683
897 685
898 685
898 686
899 686
899 695
900 695
900 698
901 698
901 701
902 701
902 702
903 702
903 703
905 703
905 704
907 704
907 705
909 705
909 706
913 706
913 707
916 707
916 708
917 708
917 709
918 709
918 710
919 710
919 711
920 711
920 712
921 712
921 714
923 714
923 715
925 715
925 716
926 716
926 717
927 717
927 719
928 719
928 725
929 725
929 729
930 729
930 734
931 734
931 741
932 741
932 759
933 759
933 769
934 769
934 774
935 774
935 782
936 782
936 784
937 784
937 787
938 787
938 789
939 789
939 791
940 791
940 792
941 792
941 793
942 793
942 794
943 794
943 795
944 795
944 796
945 796
945 798
946 798
946 800
947 800
947 803
948 803
948 804
949 804
949 805
950 805
950 806
952 806
952 807
954 807
954 808
958 808
958 809
962 809
962 810
968 810
968 811
971 811
971 812
973 812
973 813
976 813
976 814
982 814
982 815
984 815
984 814
990 814
990 815
992 815
992 816
996 816
996 817
997 817
997 818
998 818
998 819
999 819
999 820
1000 820
1000 821
1003 821
1003 822
1004 822
1004 823
1006 823
1006 824
1011 824
1011 825
1015 825
1015 826
1023 826
1023 827
1030 827
1030 828
1043 828
1043 827
1047 827
1047 826
1050 826
1050 825
1052 825
1052 824
1054 824
1054 823
1055 823
1055 822
1057 822
1057 821
1059 821
1059 820
1060 820
1060 819
1061 819
1061 817
1062 817
1062 816
1064 816
1064 815
1065 815
1065 814
1066 814
1066 813
1067 813
1067 812
1068 812
1068 811
1069 811
1069 809
1070 809
1070 808
1071 808
1071 807
1074 807
1074 806
1086 806
1086 807
1093 807
1093 806
1096 806
1096 805
1098 805
1098 803
1099 803
1099 802
1101 802
1101 801
1102 801
1102 800
1103 800
1103 798
1104 798
1104 797
1105 797
1105 796
1106 796
1106 795
1107 795
1107 794
1109 794
1109 793
1113 793
1113 792
1116 792
1116 791
1118 791
1118 790
1122 790
1122 789
1135 789
1135 788
1138 788
1138 787
1139 787
1139 785
1140 785
1140 784
1141 784
1141 783
1142 783
1142 782
1148 782
1148 783
1154 783
1154 784
1156 784
1156 785
1158 785
1158 786
1159 786
1159 787
1162 787
1162 788
1163 788
1163 789
1164 789
1164 791
1165 791
1165 792
1168 792
1168 791
1174 791
1174 790
1176 790
1176 789
1177 789
1177 788
1178 788
1178 785
1179 785
1179 780
1180 780
1180 778
1181 778
1181 777
1183 777
1183 776
1216 776
1216 777
1240 777
1240 778
1266 778
1266 779
1272 779
1272 780
1275 780
1275 781
1277 781
1277 782
1278 782
1278 784
1280 784
1280 785
1282 785
1282 786
1284 786
1284 787
1285 787
1285 788
1287 788
1287 789
1289 789
1289 788
1293 788
1293 787
1297 787
1297 786
1300 786
1300 785
1302 785
1302 784
1304 784
1304 783
1312 783
1312 784
1315 784
1315 785
1319 785
1319 786
1325 786
1325 785
1329 785
1329 784
1332 784
1332 783
1335 783
1335 782
1343 782
1343 783
1347 783
1347 784
1350 784
1350 785
1353 785
1353 786
1354 786
1354 787
1356 787
1356 788
1358 788
1358 789
1362 789
1362 790
1368 790
1368 791
1369 791
1369 792
1371 792
1371 793
1372 793
1372 794
1373 794
1373 795
1374 795
1374 797
1375 797
1375 799
1376 799
1376 800
1377 800
1377 802
1378 802
1378 803
1379 803
1379 804
1381 804
1381 805
1383 805
1383 806
1386 806
1386 807
1392 807
1392 808
1402 808
1402 809
1406 809
1406 810
1407 810
1407 811
1408 811
1408 812
1409 812
1409 813
1410 813
1410 814
1411 814
1411 815
1413 815
1413 816
1415 816
1415 817
1416 817
1416 818
1420 818
1420 819
1422 819
1422 820
1425 820
1425 819
1432 819
1432 820
1435 820
1435 821
1436 821
1436 822
1437 822
1437 823
1438 823
1438 826
1439 826
1439 827
1440 827
1440 828
1442 828
1442 829
1445 829
1445 830
1447 830
1447 831
1452 831
1452 832
1464 832
1464 829
1465 829
1465 827
1468 827
1468 828
1477 828
1477 829
1497 829
1497 828
1505 828
1505 829
1509 829
1509 830
1511 830
1511 831
1513 831
1513 832
1514 832
1514 833
1515 833
1515 834
1516 834
1516 836
1517 836
1517 837
1518 837
1518 838
1524 838
1524 839
1527 839
1527 840
1539 840
1539 841
1544 841
1544 842
1566 842
1566 841
1586 841
1586 840
1592 840
1592 839
1595 839
1595 838
1597 838
1597 837
1599 837
1599 836
1600 836
1600 835
1601 835
1601 834
1602 834
1602 833
1603 833
1603 832
1604 832
1604 831
1605 831
1605 830
1607 830
1607 829
1612 829
1612 830
1615 830
1615 831
1616 831
1616 832
1617 832
1617 842
1618 842
1618 844
1619 844
1619 845
1620 845
1620 847
1622 847
1622 848
1624 848
1624 849
1625 849
1625 850
1626 850
1626 851
1628 851
1628 852
1631 852
1631 853
1632 853
1632 854
1633 854
1633 855
1634 855
1634 856
1635 856
1635 857
1636 857
1636 858
1647 858
1647 859
1650 859
1650 860
1652 860
1652 861
1653 861
1653 862
1654 862
1654 863
1656 863
1656 864
1657 864
1657 865
1658 865
1658 866
1660 866
1660 867
1661 867
1661 868
1662 868
1662 869
1664 869
1664 870
1666 870
1666 871
1668 871
1668 872
1678 872
1678 873
1686 873
1686 872
1691 872
1691 871
1693 871
1693 870
1695 870
1695 869
1696 869
1696 868
1697 868
1697 866
1698 866
1698 861
1699 861
1699 860
1700 860
1700 859
1703 859
1703 858
1721 858
1721 857
1722 857
1722 858
1739 858
1739 859
1745 859
1745 860
1746 860
1746 861
1748 861
1748 862
1750 862
1750 863
1758 863
1758 862
1763 862
1763 861
1772 861
1772 860
1776 860
1776 859
1784 859
1784 858
1788 858
1788 857
1790 857
1790 856
1792 856
1792 854
1793 854
1793 852
1794 852
1794 848
1796 848
1796 847
1798 847
1798 846
1799 846
1799 844
1800 844
1800 837
1801 837
1801 836
1802 836
1802 835
1803 835
1803 834
1804 834
1804 833
1806 833
1806 832
1808 832
1808 831
1810 831
1810 830
1816 830
1816 831
1820 831
1820 832
1823 832
1823 833
1824 833
1824 834
1825 834
1825 835
1827 835
1827 836
1829 836
1829 837
1831 837
1831 838
1832 838
1832 840
1833 840
1833 841
1834 841
1834 842
1835 842
1835 843
1836 843
1836 844
1838 844
1838 845
1839 845
1839 846
1841 846
1841 847
1842 847
1842 848
1844 848
1844 849
1846 849
1846 850
1847 850
1847 851
1849 851
1849 852
1851 852
1851 853
1857 853
