2602 1104
2600 1104
2600 1105
2599 1105
2599 1106
2597 1106
2597 1107
2595 1107
2595 1108
2594 1108
2594 1110
2595 1110
2595 1113
2594 1113
2594 1118
2592 1118
2592 1121
2590 1121
2590 1122
2589 1122
2589 1123
2587 1123
2587 1124
2586 1124
2586 1125
2585 1125
2585 1126
2584 1126
2584 1127
2583 1127
2583 1128
2578 1128
2578 1129
2574 1129
2574 1130
2559 1130
2559 1129
2558 1129
2558 1128
2557 1128
2557 1126
2556 1126
2556 1125
2555 1125
2555 1124
2540 1124
2540 1125
2539 1125
2539 1132
2540 1132
2540 1137
2539 1137
2539 1144
2538 1144
2538 1150
2537 1150
2537 1153
2536 1153
2536 1155
2535 1155
2535 1156
2534 1156
2534 1157
2531 1157
2531 1158
2530 1158
2530 1159
2526 1159
2526 1160
2524 1160
2524 1161
2523 1161
2523 1162
2522 1162
2522 1163
2519 1163
2519 1164
2518 1164
2518 1165
2516 1165
2516 1166
2515 1166
2515 1167
2512 1167
2512 1168
2511 1168
2511 1169
2509 1169
2509 1170
2508 1170
2508 1171
2506 1171
2506 1172
2505 1172
2505 1173
2504 1173
2504 1175
2503 1175
2503 1176
2502 1176
2502 1177
2498 1177
2498 1178
2497 1178
2497 1180
2496 1180
2496 1181
2495 1181
2495 1183
2494 1183
2494 1184
2493 1184
2493 1185
2492 1185
2492 1186
2491 1186
2491 1187
2489 1187
2489 1188
2487 1188
2487 1189
2485 1189
2485 1190
2484 1190
2484 1191
2483 1191
2483 1192
2482 1192
2482 1200
2481 1200
2481 1202
2480 1202
2480 1203
2479 1203
2479 1204
2478 1204
2478 1205
2475 1205
2475 1206
2473 1206
2473 1207
2472 1207
2472 1209
2471 1209
2471 1210
2470 1210
2470 1211
2469 1211
2469 1212
2447 1212
2447 1213
2445 1213
2445 1214
2439 1214
2439 1215
2437 1215
2437 1216
2435 1216
2435 1217
2421 1217
2421 1216
2420 1216
2420 1215
2419 1215
2419 1214
2418 1214
2418 1213
2417 1213
2417 1212
2416 1212
2416 1211
2415 1211
2415 1208
2414 1208
2414 1204
2413 1204
2413 1201
2408 1201
2408 1202
2402 1202
2402 1203
2401 1203
2401 1204
2400 1204
2400 1218
2399 1218
2399 1219
2397 1219
2397 1220
2396 1220
2396 1221
2395 1221
2395 1222
2394 1222
2394 1223
2393 1223
2393 1224
2391 1224
2391 1225
2389 1225
2389 1226
2388 1226
2388 1227
2387 1227
2387 1229
2386 1229
2386 1230
2385 1230
2385 1231
2383 1231
2383 1232
2381 1232
2381 1233
2380 1233
2380 1234
2379 1234
2379 1235
2376 1235
2376 1236
2374 1236
2374 1237
2373 1237
2373 1238
2371 1238
2371 1239
2370 1239
2370 1240
2368 1240
2368 1242
2367 1242
2367 1245
2359 1245
2359 1246
2358 1246
2358 1249
2357 1249
2357 1251
2350 1251
2350 1252
2347 1252
2347 1253
2340 1253
2340 1254
2330 1254
2330 1253
2328 1253
2328 1252
2327 1252
2327 1251
2326 1251
2326 1250
2325 1250
2325 1249
2324 1249
2324 1248
2323 1248
2323 1247
2322 1247
2322 1245
2323 1245
2323 1242
2322 1242
2322 1241
2317 1241
2317 1240
2314 1240
2314 1241
2310 1241
2310 1242
2294 1242
2294 1247
2293 1247
2293 1256
2292 1256
2292 1260
2291 1260
2291 1262
2290 1262
2290 1263
2289 1263
2289 1264
2288 1264
2288 1265
2287 1265
2287 1266
2286 1266
2286 1267
2285 1267
2285 1268
2283 1268
2283 1269
2269 1269
2269 1268
2257 1268
2257 1267
2252 1267
2252 1268
2251 1268
2251 1269
2249 1269
2249 1270
2248 1270
2248 1271
2242 1271
2242 1272
2240 1272
2240 1273
2239 1273
2239 1274
2238 1274
2238 1275
2237 1275
2237 1276
2235 1276
2235 1277
2211 1277
2211 1278
2210 1278
2210 1279
2208 1279
2208 1280
2207 1280
2207 1281
2206 1281
2206 1282
2204 1282
2204 1283
2200 1283
2200 1284
2197 1284
2197 1283
2190 1283
2190 1284
2180 1284
2180 1285
2162 1285
2162 1284
2158 1284
2158 1283
2155 1283
2155 1284
2150 1284
2150 1285
2148 1285
2148 1286
2138 1286
2138 1285
2136 1285
2136 1284
2135 1284
2135 1283
2133 1283
2133 1282
2130 1282
2130 1281
2128 1281
2128 1280
2124 1280
2124 1279
2122 1279
2122 1278
2121 1278
2121 1277
2120 1277
2120 1276
2119 1276
2119 1275
2118 1275
2118 1274
2116 1274
2116 1273
2115 1273
2115 1272
2114 1272
2114 1271
2113 1271
2113 1269
2112 1269
2112 1268
2111 1268
2111 1267
2110 1267
2110 1266
2109 1266
2109 1264
2108 1264
2108 1263
2107 1263
2107 1262
2106 1262
2106 1261
2105 1261
2105 1260
2104 1260
2104 1258
2103 1258
2103 1257
2102 1257
2102 1254
2103 1254
2103 1250
2099 1250
2099 1249
2096 1249
2096 1248
2089 1248
2089 1253
2090 1253
2090 1255
2091 1255
2091 1259
2090 1259
2090 1260
2089 1260
2089 1261
2083 1261
2083 1262
2081 1262
2081 1263
2080 1263
2080 1264
2079 1264
2079 1265
2078 1265
2078 1266
2077 1266
2077 1267
2075 1267
2075 1269
2074 1269
2074 1272
2073 1272
2073 1274
2072 1274
2072 1277
2071 1277
2071 1279
2070 1279
2070 1280
2069 1280
2069 1281
2066 1281
2066 1280
2063 1280
2063 1279
2061 1279
2061 1278
2060 1278
2060 1277
2058 1277
2058 1276
2057 1276
2057 1275
2055 1275
2055 1274
2054 1274
2054 1273
2051 1273
2051 1272
2050 1272
2050 1271
2044 1271
2044 1270
2043 1270
2043 1269
2042 1269
2042 1268
2041 1268
2041 1267
2039 1267
2039 1266
2037 1266
2037 1265
2023 1265
2023 1264
2021 1264
2021 1263
2019 1263
2019 1262
2015 1262
2015 1261
2012 1261
2012 1260
2010 1260
2010 1259
2004 1259
2004 1258
2002 1258
2002 1257
2001 1257
2001 1256
2000 1256
2000 1255
1999 1255
1999 1254
1997 1254
1997 1253
1988 1253
1988 1252
1987 1252
1987 1251
1980 1251
1980 1250
1974 1250
1974 1249
1967 1249
1967 1248
1964 1248
1964 1247
1961 1247
1961 1246
1960 1246
1960 1245
1958 1245
1958 1244
1954 1244
1954 1243
1950 1243
1950 1242
1947 1242
1947 1241
1946 1241
1946 1240
1945 1240
1945 1239
1942 1239
1942 1238
1941 1238
1941 1237
1937 1237
1937 1236
1935 1236
1935 1235
1933 1235
1933 1234
1930 1234
1930 1233
1929 1233
1929 1232
1928 1232
1928 1231
1926 1231
1926 1230
1925 1230
1925 1229
1924 1229
1924 1228
1923 1228
1923 1227
1922 1227
1922 1226
1920 1226
1920 1225
1919 1225
1919 1223
1918 1223
1918 1222
1917 1222
1917 1221
1915 1221
1915 1220
1914 1220
1914 1219
1912 1219
1912 1218
1910 1218
1910 1217
1907 1217
1907 1216
1905 1216
1905 1215
1891 1215
1891 1214
1885 1214
1885 1213
1882 1213
1882 1212
1879 1212
1879 1211
1878 1211
1878 1210
1876 1210
1876 1209
1875 1209
1875 1208
1874 1208
1874 1207
1873 1207
1873 1206
1872 1206
1872 1205
1871 1205
1871 1204
1870 1204
1870 1203
1869 1203
1869 1202
1868 1202
1868 1200
1867 1200
1867 1198
1866 1198
1866 1196
1865 1196
1865 1194
1864 1194
1864 1192
1863 1192
1863 1189
1862 1189
1862 1188
1860 1188
1860 1187
1858 1187
1858 1186
1855 1186
1855 1185
1852 1185
1852 1184
1848 1184
1848 1183
1846 1183
1846 1184
1844 1184
1844 1183
1836 1183
1836 1182
1833 1182
1833 1180
1832 1180
1832 1179
1831 1179
1831 1178
1824 1178
1824 1177
1818 1177
1818 1176
1817 1176
1817 1175
1814 1175
1814 1174
1813 1174
1813 1173
1812 1173
1812 1172
1811 1172
1811 1171
1810 1171
1810 1170
1809 1170
1809 1169
1808 1169
1808 1168
1807 1168
1807 1167
1806 1167
1806 1166
1805 1166
1805 1164
1804 1164
1804 1162
1803 1162
1803 1160
1802 1160
1802 1159
1801 1159
1801 1157
1800 1157
1800 1155
1799 1155
1799 1153
1798 1153
1798 1150
1797 1150
1797 1149
1795 1149
1795 1148
1794 1148
1794 1146
1793 1146
1793 1145
1792 1145
1792 1144
1791 1144
1791 1143
1789 1143
1789 1142
1788 1142
1788 1141
1787 1141
1787 1140
1786 1140
1786 1139
1785 1139
1785 1138
1784 1138
1784 1137
1783 1137
1783 1136
1782 1136
1782 1135
1781 1135
1781 1133
1780 1133
1780 1132
1779 1132
1779 1131
1778 1131
1778 1130
1776 1130
1776 1129
1772 1129
1772 1128
1769 1128
1769 1127
1768 1127
1768 1126
1766 1126
1766 1125
1765 1125
1765 1124
1764 1124
1764 1123
1763 1123
1763 1121
1762 1121
1762 1119
1761 1119
1761 1118
1760 1118
1760 1117
1757 1117
1757 1116
1753 1116
1753 1115
1751 1115
1751 1114
1750 1114
1750 1113
1749 1113
1749 1112
1748 1112
1748 1111
1747 1111
1747 1109
1746 1109
1746 1108
1745 1108
1745 1107
1744 1107
1744 1106
1742 1106
1742 1105
1741 1105
1741 1104
1738 1104
1738 1103
1734 1103
1734 1102
1730 1102
1730 1101
1722 1101
1722 1100
1718 1100
1718 1099
1714 1099
1714 1098
1712 1098
1712 1097
1711 1097
1711 1096
1710 1096
1710 1094
1709 1094
1709 1093
1708 1093
1708 1092
1707 1092
1707 1091
1705 1091
1705 1090
1704 1090
1704 1089
1702 1089
1702 1088
1701 1088
1701 1087
1700 1087
1700 1086
1698 1086
1698 1085
1693 1085
1693 1084
1692 1084
1692 1083
1691 1083
1691 1082
1690 1082
1690 1081
1689 1081
1689 1079
1688 1079
1688 1078
1687 1078
1687 1075
1686 1075
1686 1062
1685 1062
1685 1058
1684 1058
1684 1056
1682 1056
1682 1055
1677 1055
1677 1054
1674 1054
1674 1053
1672 1053
1672 1052
1671 1052
1671 1051
1670 1051
1670 1050
1669 1050
1669 1049
1668 1049
1668 1047
1667 1047
1667 1041
1665 1041
1665 1040
1662 1040
1662 1039
1659 1039
1659 1038
1656 1038
1656 1037
1655 1037
1655 1035
1654 1035
1654 1034
1653 1034
1653 1033
1652 1033
1652 1031
1651 1031
1651 1028
1650 1028
1650 1024
1649 1024
1649 1022
1637 1022
1637 1021
1636 1021
1636 1020
1635 1020
1635 1019
1634 1019
1634 1018
1633 1018
1633 1017
1632 1017
1632 1015
1631 1015
1631 1014
1630 1014
1630 1013
1629 1013
1629 1011
1628 1011
1628 1010
1626 1010
1626 1009
1618 1009
1618 1008
1617 1008
1617 1006
1615 1006
1615 1005
1614 1005
1614 1003
1613 1003
1613 1001
1612 1001
1612 1000
1611 1000
1611 998
1605 998
1605 997
1603 997
1603 996
1602 996
1602 995
1600 995
1600 994
1599 994
1599 993
1597 993
1597 992
1596 992
1596 991
1593 991
1593 990
1590 990
1590 989
1589 989
1589 988
1588 988
1588 987
1587 987
1587 984
1586 984
1586 983
1585 983
1585 977
1584 977
1584 973
1583 973
1583 968
1582 968
1582 963
1581 963
1581 959
1578 959
1578 958
1575 958
1575 957
1574 957
1574 956
1573 956
1573 955
1572 955
1572 954
1571 954
1571 953
1570 953
1570 952
1569 952
1569 946
1568 946
1568 943
1567 943
1567 940
1566 940
1566 938
1565 938
1565 936
1564 936
1564 935
1562 935
1562 934
1547 934
1547 933
1543 933
1543 932
1539 932
1539 931
1537 931
1537 930
1536 930
1536 929
1535 929
1535 928
1534 928
1534 927
1533 927
1533 924
1532 924
1532 921
1531 921
1531 920
1530 920
1530 917
1529 917
1529 913
1528 913
1528 907
1527 907
1527 903
1526 903
1526 900
1525 900
1525 899
1524 899
1524 898
1521 898
1521 897
1519 897
1519 896
1518 896
1518 895
1517 895
1517 894
1516 894
1516 892
1515 892
1515 887
1514 887
1514 882
1513 882
1513 878
1512 878
1512 872
1511 872
1511 864
1510 864
1510 863
1509 863
1509 862
1508 862
1508 861
1503 861
1503 860
1502 860
1502 859
1501 859
1501 858
1500 858
1500 857
1499 857
1499 855
1498 855
1498 852
1497 852
1497 850
1496 850
1496 846
1495 846
1495 842
1494 842
1494 840
1493 840
1493 838
1492 838
1492 836
1491 836
1491 835
1490 835
1490 834
1486 834
1486 833
1483 833
1483 831
1482 831
1482 830
1481 830
1481 829
1480 829
1480 828
1479 828
1479 825
1478 825
1478 821
1477 821
1477 815
1476 815
1476 806
1475 806
1475 800
1474 800
1474 790
1473 790
1473 783
1472 783
1472 781
1473 781
1473 783
1474 783
1474 790
1475 790
1475 800
1476 800
1476 806
1477 806
1477 815
1478 815
1478 821
1479 821
1479 825
1480 825
1480 828
1481 828
1481 829
1482 829
1482 830
1483 830
1483 831
1484 831
1484 832
1486 832
1486 833
1490 833
1490 834
1491 834
1491 835
1492 835
1492 836
1493 836
1493 838
1494 838
1494 840
1495 840
1495 842
1496 842
1496 846
1497 846
1497 850
1498 850
1498 852
1499 852
1499 855
1500 855
1500 857
1501 857
1501 858
1502 858
1502 859
1503 859
1503 860
1508 860
1508 861
1509 861
1509 862
1510 862
1510 863
1511 863
1511 864
1512 864
1512 872
1513 872
1513 878
1514 878
1514 882
1515 882
1515 887
1516 887
1516 892
1517 892
1517 894
1518 894
1518 895
1519 895
1519 896
1521 896
1521 897
1524 897
1524 898
1525 898
1525 899
1526 899
1526 900
1527 900
1527 903
1528 903
1528 907
1529 907
1529 913
1530 913
1530 917
1531 917
1531 920
1532 920
1532 921
1533 921
1533 924
1534 924
1534 927
1535 927
1535 928
1536 928
1536 929
1537 929
1537 930
1539 930
1539 931
1543 931
1543 932
1547 932
1547 933
1562 933
1562 934
1564 934
1564 935
1565 935
1565 936
1566 936
1566 938
1567 938
1567 940
1568 940
1568 943
1569 943
1569 946
1570 946
1570 952
1571 952
1571 953
1572 953
1572 954
1573 954
1573 955
1574 955
1574 956
1575 956
1575 957
1578 957
1578 958
1581 958
1581 959
1582 959
1582 963
1583 963
1583 968
1584 968
1584 973
1585 973
1585 977
1586 977
1586 983
1587 983
1587 984
1588 984
1588 987
1589 987
1589 988
1590 988
1590 989
1593 989
1593 990
1596 990
1596 991
1597 991
1597 992
1599 992
1599 993
1600 993
1600 994
1602 994
1602 995
1603 995
1603 996
1605 996
1605 997
1611 997
1611 998
1612 998
1612 1000
1613 1000
1613 1001
1614 1001
1614 1003
1615 1003
1615 1005
1617 1005
1617 1006
1618 1006
1618 1008
1626 1008
1626 1009
1628 1009
1628 1010
1629 1010
1629 1011
1630 1011
1630 1013
1631 1013
1631 1014
1632 1014
1632 1015
1633 1015
1633 1017
1634 1017
1634 1018
1635 1018
1635 1019
1636 1019
1636 1020
1637 1020
1637 1021
1649 1021
1649 1022
1650 1022
1650 1024
1651 1024
1651 1028
1652 1028
1652 1031
1653 1031
1653 1033
1654 1033
1654 1034
1655 1034
1655 1035
1656 1035
1656 1037
1659 1037
1659 1038
1662 1038
1662 1039
1665 1039
1665 1040
1667 1040
1667 1041
1668 1041
1668 1047
1669 1047
1669 1049
1670 1049
1670 1050
1671 1050
1671 1051
1672 1051
1672 1052
1674 1052
1674 1053
1677 1053
1677 1054
1682 1054
1682 1055
1684 1055
1684 1056
1685 1056
1685 1058
1686 1058
1686 1062
1687 1062
1687 1075
1688 1075
1688 1078
1689 1078
1689 1079
1690 1079
1690 1081
1691 1081
1691 1082
1692 1082
1692 1083
1693 1083
1693 1084
1698 1084
1698 1085
1700 1085
1700 1086
1701 1086
1701 1087
1702 1087
1702 1088
1704 1088
1704 1089
1705 1089
1705 1090
1707 1090
1707 1091
1708 1091
1708 1092
1709 1092
1709 1093
1710 1093
1710 1094
1711 1094
1711 1096
1712 1096
1712 1097
1714 1097
1714 1098
1718 1098
1718 1099
1722 1099
1722 1100
1730 1100
1730 1101
1734 1101
1734 1102
1738 1102
1738 1103
1741 1103
1741 1104
1742 1104
1742 1105
1744 1105
1744 1106
1745 1106
1745 1107
1746 1107
1746 1108
1747 1108
1747 1109
1748 1109
1748 1111
1749 1111
1749 1112
1750 1112
1750 1113
1751 1113
1751 1114
1753 1114
1753 1115
1757 1115
1757 1116
1760 1116
1760 1117
1761 1117
1761 1118
1762 1118
1762 1119
1763 1119
1763 1121
1764 1121
1764 1123
1765 1123
1765 1124
1766 1124
1766 1125
1768 1125
1768 1126
1769 1126
1769 1127
1772 1127
1772 1128
1776 1128
1776 1129
1778 1129
1778 1130
1779 1130
1779 1131
1780 1131
1780 1132
1781 1132
1781 1133
1782 1133
1782 1135
1783 1135
1783 1136
1784 1136
1784 1137
1785 1137
1785 1138
1786 1138
1786 1139
1787 1139
1787 1140
1788 1140
1788 1141
1789 1141
1789 1142
1791 1142
1791 1143
1792 1143
1792 1144
1793 1144
1793 1145
1794 1145
1794 1146
1795 1146
1795 1148
1797 1148
1797 1149
1798 1149
1798 1150
1799 1150
1799 1153
1800 1153
1800 1155
1801 1155
1801 1157
1802 1157
1802 1159
1803 1159
1803 1160
1804 1160
1804 1162
1805 1162
1805 1164
1806 1164
1806 1166
1807 1166
1807 1167
1808 1167
1808 1168
1809 1168
1809 1169
1810 1169
1810 1170
1811 1170
1811 1171
1812 1171
1812 1172
1813 1172
1813 1173
1814 1173
1814 1174
1817 1174
1817 1175
1818 1175
1818 1176
1824 1176
1824 1177
1831 1177
1831 1178
1832 1178
1832 1179
1833 1179
1833 1180
1834 1180
1834 1181
1836 1181
1836 1182
1844 1182
1844 1183
1846 1183
1846 1182
1848 1182
1848 1183
1852 1183
1852 1184
1855 1184
1855 1185
1858 1185
1858 1186
1860 1186
1860 1187
1862 1187
1862 1188
1863 1188
1863 1189
1864 1189
1864 1192
1865 1192
1865 1194
1866 1194
1866 1196
1867 1196
1867 1198
1868 1198
1868 1200
1869 1200
1869 1202
1870 1202
1870 1203
1871 1203
1871 1204
1872 1204
1872 1205
1873 1205
1873 1206
1874 1206
1874 1207
1875 1207
1875 1208
1876 1208
1876 1209
1878 1209
1878 1210
1879 1210
1879 1211
1882 1211
1882 1212
1885 1212
1885 1213
1891 1213
1891 1214
1905 1214
1905 1215
1907 1215
1907 1216
1910 1216
1910 1217
1912 1217
1912 1218
1914 1218
1914 1219
1915 1219
1915 1220
1917 1220
1917 1221
1918 1221
1918 1222
1919 1222
1919 1223
1920 1223
1920 1225
1922 1225
1922 1226
1923 1226
1923 1227
1924 1227
1924 1228
1925 1228
1925 1229
1926 1229
1926 1230
1928 1230
1928 1231
1929 1231
1929 1232
1930 1232
1930 1233
1933 1233
1933 1234
1935 1234
1935 1235
1937 1235
1937 1236
1941 1236
1941 1237
1942 1237
1942 1238
1945 1238
1945 1239
1946 1239
1946 1240
1947 1240
1947 1241
1950 1241
1950 1242
1954 1242
1954 1243
1958 1243
1958 1244
1960 1244
1960 1245
1961 1245
1961 1246
1964 1246
1964 1247
1967 1247
1967 1248
1974 1248
1974 1249
1980 1249
1980 1250
1987 1250
1987 1251
1988 1251
1988 1252
1997 1252
1997 1253
1999 1253
1999 1254
2000 1254
2000 1255
2001 1255
2001 1256
2002 1256
2002 1257
2004 1257
2004 1258
2010 1258
2010 1259
2012 1259
2012 1260
2015 1260
2015 1261
2019 1261
2019 1262
2021 1262
2021 1263
2023 1263
2023 1264
2037 1264
2037 1265
2039 1265
2039 1266
2041 1266
2041 1267
2042 1267
2042 1268
2043 1268
2043 1269
2044 1269
2044 1270
2050 1270
2050 1271
2051 1271
2051 1272
2054 1272
2054 1273
2055 1273
2055 1274
2057 1274
2057 1275
2058 1275
2058 1276
2060 1276
2060 1277
2061 1277
2061 1278
2063 1278
2063 1279
2066 1279
2066 1280
2069 1280
2069 1279
2070 1279
2070 1277
2071 1277
2071 1274
2072 1274
2072 1272
2073 1272
2073 1269
2074 1269
2074 1267
2075 1267
2075 1266
2077 1266
2077 1265
2078 1265
2078 1264
2079 1264
2079 1263
2080 1263
2080 1262
2081 1262
2081 1261
2083 1261
2083 1260
2089 1260
2089 1259
2090 1259
2090 1255
2089 1255
2089 1253
2088 1253
2088 1248
2089 1248
2089 1247
2096 1247
2096 1248
2099 1248
2099 1249
2103 1249
2103 1250
2104 1250
2104 1254
2103 1254
2103 1257
2104 1257
2104 1258
2105 1258
2105 1260
2106 1260
2106 1261
2107 1261
2107 1262
2108 1262
2108 1263
2109 1263
2109 1264
2110 1264
2110 1266
2111 1266
2111 1267
2112 1267
2112 1268
2113 1268
2113 1269
2114 1269
2114 1271
2115 1271
2115 1272
2116 1272
2116 1273
2118 1273
2118 1274
2119 1274
2119 1275
2120 1275
2120 1276
2121 1276
2121 1277
2122 1277
2122 1278
2124 1278
2124 1279
2128 1279
2128 1280
2130 1280
2130 1281
2133 1281
2133 1282
2135 1282
2135 1283
2136 1283
2136 1284
2138 1284
2138 1285
2148 1285
2148 1284
2150 1284
2150 1283
2155 1283
2155 1282
2158 1282
2158 1283
2162 1283
2162 1284
2180 1284
2180 1283
2190 1283
2190 1282
2197 1282
2197 1283
2200 1283
2200 1282
2204 1282
2204 1281
2206 1281
2206 1280
2207 1280
2207 1279
2208 1279
2208 1278
2210 1278
2210 1277
2211 1277
2211 1276
2235 1276
2235 1275
2237 1275
2237 1274
2238 1274
2238 1273
2239 1273
2239 1272
2240 1272
2240 1271
2242 1271
2242 1270
2248 1270
2248 1269
2249 1269
2249 1268
2251 1268
2251 1267
2252 1267
2252 1266
2257 1266
2257 1267
2269 1267
2269 1268
2283 1268
2283 1267
2285 1267
2285 1266
2286 1266
2286 1265
2287 1265
2287 1264
2288 1264
2288 1263
2289 1263
2289 1262
2290 1262
2290 1260
2291 1260
2291 1256
2292 1256
2292 1247
2293 1247
2293 1242
2294 1242
2294 1241
2310 1241
2310 1240
2314 1240
2314 1239
2317 1239
2317 1240
2322 1240
2322 1241
2323 1241
2323 1242
2324 1242
2324 1245
2323 1245
2323 1247
2324 1247
2324 1248
2325 1248
2325 1249
2326 1249
2326 1250
2327 1250
2327 1251
2328 1251
2328 1252
2330 1252
2330 1253
2340 1253
2340 1252
2347 1252
2347 1251
2350 1251
2350 1250
2356 1250
2356 1249
2357 1249
2357 1246
2358 1246
2358 1245
2359 1245
2359 1244
2366 1244
2366 1242
2367 1242
2367 1240
2368 1240
2368 1239
2370 1239
2370 1238
2371 1238
2371 1237
2373 1237
2373 1236
2374 1236
2374 1235
2376 1235
2376 1234
2379 1234
2379 1233
2380 1233
2380 1232
2381 1232
2381 1231
2383 1231
2383 1230
2385 1230
2385 1229
2386 1229
2386 1227
2387 1227
2387 1226
2388 1226
2388 1225
2389 1225
2389 1224
2391 1224
2391 1223
2393 1223
2393 1222
2394 1222
2394 1221
2395 1221
2395 1220
2396 1220
2396 1219
2397 1219
2397 1218
2399 1218
2399 1204
2400 1204
2400 1203
2401 1203
2401 1202
2402 1202
2402 1201
2408 1201
2408 1200
2414 1200
2414 1204
2415 1204
2415 1208
2416 1208
2416 1211
2417 1211
2417 1212
2418 1212
2418 1213
2419 1213
2419 1214
2420 1214
2420 1215
2421 1215
2421 1216
2435 1216
2435 1215
2437 1215
2437 1214
2439 1214
2439 1213
2445 1213
2445 1212
2447 1212
2447 1211
2469 1211
2469 1210
2470 1210
2470 1209
2471 1209
2471 1207
2472 1207
2472 1206
2473 1206
2473 1205
2475 1205
2475 1204
2478 1204
2478 1203
2479 1203
2479 1202
2480 1202
2480 1200
2481 1200
2481 1192
2482 1192
2482 1191
2483 1191
2483 1190
2484 1190
2484 1189
2485 1189
2485 1188
2487 1188
2487 1187
2489 1187
2489 1186
2491 1186
2491 1185
2492 1185
2492 1184
2493 1184
2493 1183
2494 1183
2494 1181
2495 1181
2495 1180
2496 1180
2496 1178
2497 1178
2497 1177
2498 1177
2498 1176
2502 1176
2502 1175
2503 1175
2503 1173
2504 1173
2504 1172
2505 1172
2505 1171
2506 1171
2506 1170
2508 1170
2508 1169
2509 1169
2509 1168
2511 1168
2511 1167
2512 1167
2512 1166
2515 1166
2515 1165
2516 1165
2516 1164
2518 1164
2518 1163
2519 1163
2519 1162
2522 1162
2522 1161
2523 1161
2523 1160
2524 1160
2524 1159
2526 1159
2526 1158
2530 1158
2530 1157
2531 1157
2531 1156
2534 1156
2534 1155
2535 1155
2535 1153
2536 1153
2536 1150
2537 1150
2537 1144
2538 1144
2538 1137
2539 1137
2539 1132
2538 1132
2538 1125
2539 1125
2539 1124
2540 1124
2540 1123
2555 1123
2555 1124
2556 1124
2556 1125
2557 1125
2557 1126
2558 1126
2558 1128
2559 1128
2559 1129
2574 1129
2574 1128
2578 1128
2578 1127
2583 1127
2583 1126
2584 1126
2584 1125
2585 1125
2585 1124
2586 1124
2586 1123
2587 1123
2587 1122
2589 1122
2589 1121
2590 1121
2590 1120
2591 1120
2591 1118
2592 1118
2592 1117
2593 1117
2593 1113
2594 1113
2594 1110
2593 1110
2593 1108
2594 1108
2594 1107
2595 1107
2595 1106
2597 1106
2597 1105
2599 1105
2599 1104
2600 1104
2600 1103
2602 1103
2602 1102
2603 1102
2603 1101
2604 1101
2604 1092
2605 1092
2605 1079
2606 1079
2606 1078
2607 1078
2607 1077
2608 1077
2608 1076
2609 1076
2609 1075
2610 1075
2610 1073
2611 1073
2611 1072
2614 1072
2614 1070
2615 1070
2615 1065
2616 1065
2616 1063
2617 1063
2617 1061
2618 1061
2618 1060
2619 1060
2619 1059
2621 1059
2621 1058
2623 1058
2623 1057
2624 1057
2624 1056
2626 1056
2626 1055
2628 1055
2628 1054
2629 1054
2629 1053
2630 1053
2630 1052
2631 1052
2631 1051
2632 1051
2632 1050
2633 1050
2633 1049
2634 1049
2634 1048
2636 1048
2636 1047
2637 1047
2637 1046
2638 1046
2638 1044
2639 1044
2639 1039
2640 1039
2640 1035
2641 1035
2641 1032
2642 1032
2642 1030
2643 1030
2643 1029
2644 1029
2644 1027
2645 1027
2645 1025
2646 1025
2646 1024
2648 1024
2648 1023
2651 1023
2651 1021
2652 1021
2652 1019
2653 1019
2653 1013
2654 1013
2654 1008
2655 1008
2655 1007
2656 1007
2656 1006
2657 1006
2657 1003
2658 1003
2658 1002
2659 1002
2659 1001
2660 1001
2660 1000
2663 1000
2663 996
2664 996
2664 994
2665 994
2665 989
2664 989
2664 981
2663 981
2663 980
2664 980
2664 966
2665 966
2665 965
2666 965
2666 964
2667 964
2667 963
2669 963
2669 962
2675 962
2675 961
2680 961
2680 960
2687 960
2687 959
2690 959
2690 958
2692 958
2692 957
2693 957
2693 956
2694 956
2694 955
2695 955
2695 954
2696 954
2696 951
2697 951
2697 944
2696 944
2696 940
2697 940
2697 939
2698 939
2698 936
2699 936
2699 935
2700 935
2700 934
2701 934
2701 933
2702 933
2702 932
2703 932
2703 931
2706 931
2706 930
2707 930
2707 928
2708 928
2708 926
2709 926
2709 919
2710 919
2710 918
2711 918
2711 917
2712 917
2712 916
2713 916
2713 915
2714 915
2714 914
2715 914
2715 913
2717 913
2717 912
2718 912
2718 911
2719 911
2719 908
2720 908
2720 904
2721 904
2721 896
2722 896
2722 894
2723 894
2723 893
2724 893
2724 892
2725 892
2725 891
2726 891
2726 890
2727 890
2727 889
2729 889
2729 888
2730 888
2730 887
2731 887
2731 884
2732 884
2732 860
2733 860
2733 859
2734 859
2734 858
2736 858
2736 857
2737 857
2737 856
2739 856
2739 855
2740 855
2740 854
2743 854
2743 853
2744 853
2744 852
2745 852
2745 848
2746 848
2746 845
2747 845
2747 844
2748 844
2748 842
2749 842
2749 840
2750 840
2750 838
2751 838
2751 837
2752 837
2752 836
2754 836
2754 834
2755 834
2755 832
2756 832
2756 828
2757 828
2757 821
2760 821
2760 820
2762 820
2762 819
2763 819
2763 818
2764 818
2764 817
2765 817
2765 814
2766 814
2766 811
2767 811
2767 788
2766 788
2766 776
2767 776
2767 788
2768 788
2768 811
2767 811
2767 814
2766 814
2766 817
2765 817
2765 818
2764 818
2764 819
2763 819
2763 820
2762 820
2762 821
2760 821
2760 822
2758 822
2758 828
2757 828
2757 832
2756 832
2756 835
2755 835
2755 836
2754 836
2754 837
2752 837
2752 838
2751 838
2751 840
2750 840
2750 842
2749 842
2749 844
2748 844
2748 845
2747 845
2747 848
2746 848
2746 853
2744 853
2744 854
2743 854
2743 855
2740 855
2740 856
2739 856
2739 857
2737 857
2737 858
2736 858
2736 859
2734 859
2734 860
2733 860
2733 884
2732 884
2732 887
2731 887
2731 888
2730 888
2730 889
2729 889
2729 890
2727 890
2727 891
2726 891
2726 892
2725 892
2725 893
2724 893
2724 894
2723 894
2723 896
2722 896
2722 904
2721 904
2721 908
2720 908
2720 911
2719 911
2719 912
2718 912
2718 913
2717 913
2717 914
2715 914
2715 915
2714 915
2714 916
2713 916
2713 917
2712 917
2712 918
2711 918
2711 919
2710 919
2710 926
2709 926
2709 928
2708 928
2708 930
2707 930
2707 932
2703 932
2703 933
2702 933
2702 934
2701 934
2701 935
2700 935
2700 936
2699 936
2699 939
2698 939
2698 940
2697 940
2697 944
2698 944
2698 951
2697 951
2697 954
2696 954
2696 955
2695 955
2695 956
2694 956
2694 957
2693 957
2693 958
2692 958
2692 959
2690 959
2690 960
2687 960
2687 961
2680 961
2680 962
2675 962
2675 963
2669 963
2669 964
2667 964
2667 965
2666 965
2666 966
2665 966
2665 980
2664 980
2664 981
2665 981
2665 989
2666 989
2666 994
2665 994
2665 996
2664 996
2664 1000
2663 1000
2663 1001
2660 1001
2660 1002
2659 1002
2659 1003
2658 1003
2658 1006
2657 1006
2657 1008
2655 1008
2655 1013
2654 1013
2654 1019
2653 1019
2653 1021
2652 1021
2652 1023
2651 1023
2651 1024
2648 1024
2648 1025
2646 1025
2646 1027
2645 1027
2645 1029
2644 1029
2644 1030
2643 1030
2643 1032
2642 1032
2642 1035
2641 1035
2641 1039
2640 1039
2640 1044
2639 1044
2639 1046
2638 1046
2638 1047
2637 1047
2637 1048
2636 1048
2636 1049
2634 1049
2634 1050
2633 1050
2633 1051
2632 1051
2632 1052
2631 1052
2631 1053
2630 1053
2630 1054
2629 1054
2629 1055
2628 1055
2628 1056
2626 1056
2626 1057
2624 1057
2624 1058
2623 1058
2623 1059
2621 1059
2621 1060
2619 1060
2619 1061
2618 1061
2618 1063
2617 1063
2617 1065
2616 1065
2616 1070
2615 1070
2615 1072
2614 1072
2614 1073
2611 1073
2611 1075
2610 1075
2610 1076
2609 1076
2609 1077
2608 1077
2608 1078
2607 1078
2607 1079
2606 1079
2606 1092
2605 1092
2605 1101
2604 1101
2604 1102
2603 1102
2603 1103
2602 1103
