1540 890
1541 890
1541 891
1545 891
1545 892
1546 892
1546 893
1547 893
1547 894
1548 894
1548 895
1549 895
1549 896
1550 896
1550 898
1551 898
1551 900
1552 900
1552 901
1553 901
1553 903
1554 903
1554 907
1555 907
1555 913
1556 913
1556 916
1557 916
1557 918
1558 918
1558 919
1559 919
1559 921
1560 921
1560 922
1562 922
1562 923
1564 923
1564 924
1565 924
1565 925
1566 925
1566 926
1567 926
1567 927
1568 927
1568 929
1569 929
1569 931
1570 931
1570 933
1571 933
1571 935
1572 935
1572 938
1573 938
1573 940
1574 940
1574 943
1575 943
1575 945
1576 945
1576 948
1577 948
1577 949
1584 949
1584 948
1587 948
1587 947
1592 947
1592 948
1595 948
1595 949
1599 949
1599 948
1603 948
1603 949
1609 949
1609 950
1611 950
1611 951
1624 951
1624 952
1625 952
1625 953
1626 953
1626 954
1627 954
1627 955
1628 955
1628 959
1629 959
1629 961
1630 961
1630 962
1631 962
1631 963
1632 963
1632 964
1637 964
1637 965
1638 965
1638 966
1639 966
1639 967
1640 967
1640 968
1641 968
1641 969
1642 969
1642 970
1644 970
1644 971
1645 971
1645 972
1646 972
1646 973
1647 973
1647 974
1648 974
1648 975
1649 975
1649 976
1650 976
1650 977
1651 977
1651 979
1652 979
1652 980
1653 980
1653 982
1654 982
1654 984
1655 984
1655 990
1656 990
1656 994
1657 994
1657 996
1658 996
1658 1000
1659 1000
1659 1004
1660 1004
1660 1005
1661 1005
1661 1006
1662 1006
1662 1007
1663 1007
1663 1009
1664 1009
1664 1012
1665 1012
1665 1014
1666 1014
1666 1015
1668 1015
1668 1016
1669 1016
1669 1017
1670 1017
1670 1018
1673 1018
1673 1019
1675 1019
1675 1020
1676 1020
1676 1021
1677 1021
1677 1022
1678 1022
1678 1024
1679 1024
1679 1025
1680 1025
1680 1027
1681 1027
1681 1030
1682 1030
1682 1032
1683 1032
1683 1035
1684 1035
1684 1038
1685 1038
1685 1041
1686 1041
1686 1043
1687 1043
1687 1044
1688 1044
1688 1045
1689 1045
1689 1046
1690 1046
1690 1047
1693 1047
1693 1048
1694 1048
1694 1049
1695 1049
1695 1050
1696 1050
1696 1051
1697 1051
1697 1052
1699 1052
1699 1053
1700 1053
1700 1054
1701 1054
1701 1055
1702 1055
1702 1056
1703 1056
1703 1057
1704 1057
1704 1058
1705 1058
1705 1059
1707 1059
1707 1060
1708 1060
1708 1061
1717 1061
1717 1062
1719 1062
1719 1063
1721 1063
1721 1064
1723 1064
1723 1065
1725 1065
1725 1066
1726 1066
1726 1067
1727 1067
1727 1068
1729 1068
1729 1069
1730 1069
1730 1070
1732 1070
1732 1071
1733 1071
1733 1072
1744 1072
1744 1071
1754 1071
1754 1070
1758 1070
1758 1069
1761 1069
1761 1068
1765 1068
1765 1067
1792 1067
1792 1068
1797 1068
1797 1069
1798 1069
1798 1070
1799 1070
1799 1071
1801 1071
1801 1072
1802 1072
1802 1073
1804 1073
1804 1074
1805 1074
1805 1075
1808 1075
1808 1076
1811 1076
1811 1077
1812 1077
1812 1078
1814 1078
1814 1079
1815 1079
1815 1080
1816 1080
1816 1081
1818 1081
1818 1082
1819 1082
1819 1083
1820 1083
1820 1084
1821 1084
1821 1085
1822 1085
1822 1086
1824 1086
1824 1087
1825 1087
1825 1088
1826 1088
1826 1089
1827 1089
1827 1090
1828 1090
1828 1092
1829 1092
1829 1095
1830 1095
1830 1099
1831 1099
1831 1100
1832 1100
1832 1102
1833 1102
1833 1104
1834 1104
1834 1106
1837 1106
1837 1107
1838 1107
1838 1108
1839 1108
1839 1109
1842 1109
1842 1110
1843 1110
1843 1111
1844 1111
1844 1112
1846 1112
1846 1113
1847 1113
1847 1114
1848 1114
1848 1115
1849 1115
1849 1116
1850 1116
1850 1117
1851 1117
1851 1118
1852 1118
1852 1119
1853 1119
1853 1121
1854 1121
1854 1122
1855 1122
1855 1123
1856 1123
1856 1125
1857 1125
1857 1126
1858 1126
1858 1130
1859 1130
1859 1133
1860 1133
1860 1135
1861 1135
1861 1136
1863 1136
1863 1137
1865 1137
1865 1138
1866 1138
1866 1139
1867 1139
1867 1141
1868 1141
1868 1143
1869 1143
1869 1148
1870 1148
1870 1153
1871 1153
1871 1156
1872 1156
1872 1159
1873 1159
1873 1163
1874 1163
1874 1165
1875 1165
1875 1166
1878 1166
1878 1167
1881 1167
1881 1168
1890 1168
1890 1169
1891 1169
1891 1170
1893 1170
1893 1171
1895 1171
1895 1172
1896 1172
1896 1173
1898 1173
1898 1174
1899 1174
1899 1175
1900 1175
1900 1177
1902 1177
1902 1178
1904 1178
1904 1179
1906 1179
1906 1180
1908 1180
1908 1181
1909 1181
1909 1182
1910 1182
1910 1183
1911 1183
1911 1184
1912 1184
1912 1185
1913 1185
1913 1186
1914 1186
1914 1187
1915 1187
1915 1191
1916 1191
1916 1192
1917 1192
1917 1195
1918 1195
1918 1196
1919 1196
1919 1197
1920 1197
1920 1199
1921 1199
1921 1200
1922 1200
1922 1202
1923 1202
1923 1203
1924 1203
1924 1204
1925 1204
1925 1205
1927 1205
1927 1206
1929 1206
1929 1207
1931 1207
1931 1208
1937 1208
1937 1209
1940 1209
1940 1210
1942 1210
1942 1211
1943 1211
1943 1212
1945 1212
1945 1213
1946 1213
1946 1214
1947 1214
1947 1215
1948 1215
1948 1216
1950 1216
1950 1217
1954 1217
1954 1218
1956 1218
1956 1219
1957 1219
1957 1220
1959 1220
1959 1221
1961 1221
1961 1222
1963 1222
1963 1223
1965 1223
1965 1224
1966 1224
1966 1225
1968 1225
1968 1226
1970 1226
1970 1227
1973 1227
1973 1228
1977 1228
1977 1229
1983 1229
1983 1230
1986 1230
1986 1231
1987 1231
1987 1232
1989 1232
1989 1233
1990 1233
1990 1235
1991 1235
1991 1236
1999 1236
1999 1235
2002 1235
2002 1234
2004 1234
2004 1233
2007 1233
2007 1232
2010 1232
2010 1231
2013 1231
2013 1230
2015 1230
2015 1231
2017 1231
2017 1232
2018 1232
2018 1231
2023 1231
2023 1230
2029 1230
2029 1229
2035 1229
2035 1230
2039 1230
2039 1231
2045 1231
2045 1232
2048 1232
2048 1233
2049 1233
2049 1234
2052 1234
2052 1235
2053 1235
2053 1236
2054 1236
2054 1237
2059 1237
2059 1236
2065 1236
2065 1237
2066 1237
2066 1238
2068 1238
2068 1239
2072 1239
2072 1240
2073 1240
2073 1241
2077 1241
2077 1242
2079 1242
2079 1243
2081 1243
2081 1242
2089 1242
2089 1243
2099 1243
2099 1244
2110 1244
2110 1245
2114 1245
2114 1246
2121 1246
2121 1245
2125 1245
2125 1246
2144 1246
2144 1247
2157 1247
2157 1246
2164 1246
2164 1245
2165 1245
2165 1244
2169 1244
2169 1245
2174 1245
2174 1244
2179 1244
2179 1245
2196 1245
2196 1246
2197 1246
2197 1245
2202 1245
2202 1244
2204 1244
2204 1243
2206 1243
2206 1242
2214 1242
2214 1241
2219 1241
2219 1240
2225 1240
2225 1239
2229 1239
2229 1240
2230 1240
2230 1241
2231 1241
2231 1242
2233 1242
2233 1243
2234 1243
2234 1244
2235 1244
2235 1245
2236 1245
2236 1247
2237 1247
2237 1248
2238 1248
2238 1250
2239 1250
2239 1251
2240 1251
2240 1252
2242 1252
2242 1253
2243 1253
2243 1254
2245 1254
2245 1255
2247 1255
2247 1254
2249 1254
2249 1253
2250 1253
2250 1252
2252 1252
2252 1244
2253 1244
2253 1242
2254 1242
2254 1241
2258 1241
2258 1240
2260 1240
2260 1239
2265 1239
2265 1238
2266 1238
2266 1237
2267 1237
2267 1236
2268 1236
2268 1235
2269 1235
2269 1234
2270 1234
2270 1233
2271 1233
2271 1232
2273 1232
2273 1231
2277 1231
2277 1230
2278 1230
2278 1229
2279 1229
2279 1228
2280 1228
2280 1227
2281 1227
2281 1226
2282 1226
2282 1225
2283 1225
2283 1224
2286 1224
2286 1223
2291 1223
2291 1222
2292 1222
2292 1220
2293 1220
2293 1219
2294 1219
2294 1218
2295 1218
2295 1217
2297 1217
2297 1216
2301 1216
2301 1215
2302 1215
2302 1214
2304 1214
2304 1213
2313 1213
2313 1212
2316 1212
2316 1210
2317 1210
2317 1208
2318 1208
2318 1207
2319 1207
2319 1206
2320 1206
2320 1204
2321 1204
2321 1201
2322 1201
2322 1199
2323 1199
2323 1198
2324 1198
2324 1197
2325 1197
2325 1195
2326 1195
2326 1194
2327 1194
2327 1193
2328 1193
2328 1189
2329 1189
2329 1183
2330 1183
2330 1182
2335 1182
2335 1181
2337 1181
2337 1180
2338 1180
2338 1179
2339 1179
2339 1177
2340 1177
2340 1176
2341 1176
2341 1175
2342 1175
2342 1174
2343 1174
2343 1173
2351 1173
2351 1172
2352 1172
2352 1171
2353 1171
2353 1170
2354 1170
2354 1169
2355 1169
2355 1168
2356 1168
2356 1167
2357 1167
2357 1166
2360 1166
2360 1165
2361 1165
2361 1164
2362 1164
2362 1163
2363 1163
2363 1162
2364 1162
2364 1161
2365 1161
2365 1158
2366 1158
2366 1157
2374 1157
2374 1156
2376 1156
2376 1155
2378 1155
2378 1153
2379 1153
2379 1149
2380 1149
2380 1146
2381 1146
2381 1145
2382 1145
2382 1144
2383 1144
2383 1141
2384 1141
2384 1138
2385 1138
2385 1136
2386 1136
2386 1135
2387 1135
2387 1134
2388 1134
2388 1133
2389 1133
2389 1132
2391 1132
2391 1131
2400 1131
2400 1130
2401 1130
2401 1128
2402 1128
2402 1127
2403 1127
2403 1126
2404 1126
2404 1124
2405 1124
2405 1122
2406 1122
2406 1117
2407 1117
2407 1116
2408 1116
2408 1115
2409 1115
2409 1114
2411 1114
2411 1113
2413 1113
2413 1112
2419 1112
2419 1111
2421 1111
2421 1110
2423 1110
2423 1109
2424 1109
2424 1108
2425 1108
2425 1107
2428 1107
2428 1105
2429 1105
2429 1104
2430 1104
2430 1101
2431 1101
2431 1088
2430 1088
2430 1086
2431 1086
2431 1085
2432 1085
2432 1084
2439 1084
2439 1083
2442 1083
2442 1082
2443 1082
2443 1080
2444 1080
2444 1079
2445 1079
2445 1078
2446 1078
2446 1077
2447 1077
2447 1076
2448 1076
2448 1075
2449 1075
2449 1074
2450 1074
2450 1067
2449 1067
2449 1063
2450 1063
2450 1062
2451 1062
2451 1061
2452 1061
2452 1059
2453 1059
2453 1058
2454 1058
2454 1056
2455 1056
2455 1055
2464 1055
2464 1054
2472 1054
2472 1055
2476 1055
2476 1054
2479 1054
2479 1052
2480 1052
2480 1051
2481 1051
2481 1050
2483 1050
2483 1049
2485 1049
2485 1048
2486 1048
2486 1046
2487 1046
2487 1045
2488 1045
2488 1044
2489 1044
2489 1041
2490 1041
2490 1039
2491 1039
2491 1037
2492 1037
2492 1036
2495 1036
2495 1035
2505 1035
2505 1034
2507 1034
2507 1033
2510 1033
2510 1032
2511 1032
2511 1031
2512 1031
2512 1030
2514 1030
2514 1029
2516 1029
2516 1028
2517 1028
2517 1027
2518 1027
2518 1026
2521 1026
2521 1025
2522 1025
2522 1024
2523 1024
2523 1023
2524 1023
2524 1022
2525 1022
2525 1021
2526 1021
2526 1019
2527 1019
2527 1018
2530 1018
2530 1017
2533 1017
2533 1016
2535 1016
2535 1015
2536 1015
2536 1014
2537 1014
2537 1013
2538 1013
2538 1011
2539 1011
2539 1010
2540 1010
2540 1008
2541 1008
2541 1007
2542 1007
2542 1002
2543 1002
2543 1001
2544 1001
2544 1000
2546 1000
2546 999
2548 999
2548 998
2549 998
2549 996
2550 996
2550 994
2551 994
2551 993
2552 993
2552 991
2553 991
2553 990
2554 990
2554 989
2555 989
2555 988
2563 988
2563 989
2564 989
2564 999
2565 999
2565 1004
2564 1004
2564 1005
2565 1005
2565 1007
2566 1007
2566 1008
2568 1008
2568 1009
2570 1009
2570 1010
2574 1010
2574 1011
2579 1011
2579 1012
2583 1012
2583 1013
2585 1013
2585 1014
2588 1014
2588 1015
2589 1015
2589 1016
2592 1016
2592 1017
2597 1017
2597 1018
2599 1018
2599 1019
2600 1019
2600 1020
2602 1020
2602 1021
2608 1021
2608 1022
2616 1022
2616 1023
2617 1023
2617 1024
2623 1024
2623 1023
2626 1023
2626 1022
2628 1022
2628 1021
2629 1021
2629 1018
2630 1018
2630 1014
2631 1014
2631 1013
2632 1013
2632 1012
2637 1012
2637 1011
2639 1011
2639 1010
2641 1010
2641 1009
2642 1009
2642 1008
2643 1008
2643 1006
2644 1006
2644 1005
2645 1005
2645 1004
2647 1004
2647 1003
2649 1003
2649 1002
2650 1002
2650 1001
2651 1001
2651 1000
2652 1000
2652 999
2653 999
2653 972
2654 972
2654 957
2662 957
2662 956
2664 956
2664 955
2665 955
2665 954
2666 954
2666 953
2667 953
2667 952
2668 952
2668 940
2675 940
2675 939
2676 939
2676 938
2677 938
2677 937
2678 937
2678 935
2679 935
2679 934
2680 934
2680 933
2681 933
2681 931
2682 931
2682 930
2683 930
2683 929
2686 929
2686 928
2687 928
2687 927
2689 927
2689 926
2691 926
2691 925
2694 925
2694 924
2695 924
2695 921
2696 921
2696 911
2697 911
2697 904
2698 904
2698 882
2699 882
2699 837
2700 837
2700 836
2701 836
2701 831
2702 831
2702 830
2703 830
2703 831
2706 831
2706 832
2709 832
2709 833
2717 833
2717 834
2724 834
2724 835
2728 835
2728 834
2729 834
2729 833
2730 833
2730 832
2731 832
2731 831
2732 831
2732 829
2733 829
2733 828
2734 828
2734 820
2733 820
2733 817
2735 817
2735 816
2736 816
2736 817
2743 817
2743 816
2744 816
2744 815
2745 815
2745 814
2746 814
2746 812
2747 812
2747 811
2749 811
2749 810
2755 810
2755 809
2756 809
2756 808
2757 808
2757 807
2758 807
2758 806
2759 806
2759 805
2761 805
2761 804
2762 804
2762 803
2763 803
2763 802
2764 802
2764 801
2765 801
2765 800
2766 800
2766 799
2767 799
2767 798
2768 798
2768 797
2769 797
2769 796
2770 796
2770 795
2771 795
2771 794
2772 794
2772 793
2773 793
2773 792
2774 792
2774 785
2775 785
2775 782
2776 782
2776 781
2777 781
2777 780
2778 780
2778 779
2779 779
2779 778
2780 778
2780 777
2781 777
2781 775
2782 775
2782 774
2783 774
2783 773
2784 773
2784 772
2785 772
2785 771
2787 771
2787 768
2788 768
2788 765
2789 765
2789 761
2790 761
2790 752
2791 752
2791 747
2792 747
2792 745
2793 745
2793 744
2794 744
2794 743
2795 743
2795 742
2796 742
2796 741
2797 741
2797 740
2798 740
2798 739
2799 739
2799 737
2800 737
2800 736
2801 736
2801 735
2802 735
2802 733
2803 733
2803 731
2804 731
2804 726
2805 726
2805 710
2806 710
2806 701
2807 701
2807 697
2808 697
2808 696
2819 696
2819 695
2822 695
2822 694
2823 694
2823 693
2824 693
2824 692
2825 692
2825 691
2826 691
2826 690
2828 690
2828 687
2829 687
2829 686
2830 686
2830 684
2831 684
2831 682
2832 682
2832 679
2833 679
2833 678
2842 678
2842 677
2844 677
2844 671
2845 671
2845 670
2847 670
2847 671
2850 671
2850 672
2852 672
2852 673
2853 673
2853 674
2855 674
2855 675
2858 675
2858 676
2862 676
2862 675
2864 675
2864 674
2865 674
2865 673
2866 673
2866 669
2867 669
2867 666
2868 666
2868 660
2867 660
2867 636
2868 636
2868 635
2869 635
2869 634
2877 634
2877 633
2879 633
2879 632
2880 632
2880 619
2879 619
2879 610
2880 610
2880 597
2879 597
2879 595
2880 595
2880 597
2881 597
2881 596
2885 596
2885 595
2887 595
2887 594
2888 594
2888 593
2889 593
2889 589
2890 589
2890 581
2891 581
2891 580
2894 580
2894 581
2909 581
2909 580
2910 580
2910 579
2912 579
2912 578
2913 578
2913 576
2914 576
2914 571
2915 571
2915 564
2916 564
2916 563
2930 563
2930 562
2934 562
2934 561
2935 561
2935 560
2937 560
2937 559
2938 559
2938 556
2939 556
2939 553
2940 553
2940 552
2941 552
2941 548
2942 548
2942 547
2943 547
2943 546
2945 546
2945 545
2947 545
2947 544
2948 544
2948 543
2949 543
2949 540
2950 540
2950 517
2951 517
2951 516
2952 516
2952 515
2956 515
2956 514
2958 514
2958 513
2960 513
2960 512
2962 512
2962 511
2964 511
2964 509
2965 509
2965 466
2966 466
2966 443
2965 443
2965 436
2966 436
2966 425
2967 425
2967 423
2968 423
2968 422
2970 422
2970 421
2971 421
2971 420
2976 420
2976 417
2977 417
2977 416
2978 416
2978 414
2979 414
2979 413
2980 413
2980 412
2982 412
2982 408
2983 408
2983 407
2991 407
2991 406
2992 406
2992 405
2995 405
2995 404
2998 404
2998 403
2999 403
2999 402
3000 402
3000 382
3001 382
3001 402
3000 402
3000 403
2999 403
2999 404
2998 404
2998 405
2995 405
2995 406
2992 406
2992 408
2983 408
2983 412
2982 412
2982 413
2980 413
2980 414
2979 414
2979 416
2978 416
2978 417
2977 417
2977 421
2971 421
2971 422
2970 422
2970 423
2968 423
2968 425
2967 425
2967 436
2966 436
2966 443
2967 443
2967 466
2966 466
2966 509
2965 509
2965 511
2964 511
2964 512
2962 512
2962 513
2960 513
2960 514
2958 514
2958 515
2956 515
2956 516
2952 516
2952 517
2951 517
2951 540
2950 540
2950 543
2949 543
2949 544
2948 544
2948 545
2947 545
2947 546
2945 546
2945 547
2943 547
2943 548
2942 548
2942 552
2941 552
2941 553
2940 553
2940 556
2939 556
2939 559
2938 559
2938 560
2937 560
2937 561
2935 561
2935 562
2934 562
2934 563
2930 563
2930 564
2916 564
2916 571
2915 571
2915 576
2914 576
2914 578
2913 578
2913 579
2912 579
2912 580
2910 580
2910 581
2909 581
2909 582
2894 582
2894 581
2891 581
2891 589
2890 589
2890 593
2889 593
2889 594
2888 594
2888 595
2887 595
2887 596
2885 596
2885 597
2881 597
2881 610
2880 610
2880 619
2881 619
2881 632
2880 632
2880 633
2879 633
2879 634
2877 634
2877 635
2869 635
2869 636
2868 636
2868 660
2869 660
2869 666
2868 666
2868 669
2867 669
2867 673
2866 673
2866 674
2865 674
2865 675
2864 675
2864 676
2862 676
2862 677
2858 677
2858 676
2855 676
2855 675
2853 675
2853 674
2852 674
2852 673
2850 673
2850 672
2847 672
2847 671
2845 671
2845 677
2844 677
2844 678
2842 678
2842 679
2833 679
2833 682
2832 682
2832 684
2831 684
2831 686
2830 686
2830 687
2829 687
2829 690
2828 690
2828 691
2826 691
2826 692
2825 692
2825 693
2824 693
2824 694
2823 694
2823 695
2822 695
2822 696
2819 696
2819 697
2808 697
2808 701
2807 701
2807 710
2806 710
2806 726
2805 726
2805 731
2804 731
2804 733
2803 733
2803 735
2802 735
2802 736
2801 736
2801 737
2800 737
2800 739
2799 739
2799 740
2798 740
2798 741
2797 741
2797 742
2796 742
2796 743
2795 743
2795 744
2794 744
2794 745
2793 745
2793 747
2792 747
2792 752
2791 752
2791 761
2790 761
2790 765
2789 765
2789 768
2788 768
2788 771
2787 771
2787 772
2785 772
2785 773
2784 773
2784 774
2783 774
2783 775
2782 775
2782 777
2781 777
2781 778
2780 778
2780 779
2779 779
2779 780
2778 780
2778 781
2777 781
2777 782
2776 782
2776 785
2775 785
2775 792
2774 792
2774 793
2773 793
2773 794
2772 794
2772 795
2771 795
2771 796
2770 796
2770 797
2769 797
2769 798
2768 798
2768 799
2767 799
2767 800
2766 800
2766 801
2765 801
2765 802
2764 802
2764 803
2763 803
2763 804
2762 804
2762 805
2761 805
2761 806
2759 806
2759 807
2758 807
2758 808
2757 808
2757 809
2756 809
2756 810
2755 810
2755 811
2749 811
2749 812
2747 812
2747 814
2746 814
2746 815
2745 815
2745 816
2744 816
2744 817
2743 817
2743 818
2736 818
2736 817
2735 817
2735 818
2734 818
2734 820
2735 820
2735 828
2734 828
2734 829
2733 829
2733 831
2732 831
2732 832
2731 832
2731 833
2730 833
2730 834
2729 834
2729 835
2728 835
2728 836
2724 836
2724 835
2717 835
2717 834
2709 834
2709 833
2706 833
2706 832
2703 832
2703 831
2702 831
2702 836
2701 836
2701 837
2700 837
2700 882
2699 882
2699 904
2698 904
2698 911
2697 911
2697 921
2696 921
2696 924
2695 924
2695 925
2694 925
2694 926
2691 926
2691 927
2689 927
2689 928
2687 928
2687 929
2686 929
2686 930
2683 930
2683 931
2682 931
2682 933
2681 933
2681 934
2680 934
2680 935
2679 935
2679 937
2678 937
2678 938
2677 938
2677 939
2676 939
2676 940
2675 940
2675 941
2669 941
2669 952
2668 952
2668 953
2667 953
2667 954
2666 954
2666 955
2665 955
2665 956
2664 956
2664 957
2662 957
2662 958
2655 958
2655 972
2654 972
2654 999
2653 999
2653 1000
2652 1000
2652 1001
2651 1001
2651 1002
2650 1002
2650 1003
2649 1003
2649 1004
2647 1004
2647 1005
2645 1005
2645 1006
2644 1006
2644 1008
2643 1008
2643 1009
2642 1009
2642 1010
2641 1010
2641 1011
2639 1011
2639 1012
2637 1012
2637 1013
2632 1013
2632 1014
2631 1014
2631 1018
2630 1018
2630 1021
2629 1021
2629 1022
2628 1022
2628 1023
2626 1023
2626 1024
2623 1024
2623 1025
2617 1025
2617 1024
2616 1024
2616 1023
2608 1023
2608 1022
2602 1022
2602 1021
2600 1021
2600 1020
2599 1020
2599 1019
2597 1019
2597 1018
2592 1018
2592 1017
2589 1017
2589 1016
2588 1016
2588 1015
2585 1015
2585 1014
2583 1014
2583 1013
2579 1013
2579 1012
2574 1012
2574 1011
2570 1011
2570 1010
2568 1010
2568 1009
2566 1009
2566 1008
2565 1008
2565 1007
2564 1007
2564 1005
2563 1005
2563 1004
2564 1004
2564 999
2563 999
2563 989
2555 989
2555 990
2554 990
2554 991
2553 991
2553 993
2552 993
2552 994
2551 994
2551 996
2550 996
2550 998
2549 998
2549 999
2548 999
2548 1000
2546 1000
2546 1001
2544 1001
2544 1002
2543 1002
2543 1007
2542 1007
2542 1008
2541 1008
2541 1010
2540 1010
2540 1011
2539 1011
2539 1013
2538 1013
2538 1014
2537 1014
2537 1015
2536 1015
2536 1016
2535 1016
2535 1017
2533 1017
2533 1018
2530 1018
2530 1019
2527 1019
2527 1021
2526 1021
2526 1022
2525 1022
2525 1023
2524 1023
2524 1024
2523 1024
2523 1025
2522 1025
2522 1026
2521 1026
2521 1027
2518 1027
2518 1028
2517 1028
2517 1029
2516 1029
2516 1030
2514 1030
2514 1031
2512 1031
2512 1032
2511 1032
2511 1033
2510 1033
2510 1034
2507 1034
2507 1035
2505 1035
2505 1036
2495 1036
2495 1037
2492 1037
2492 1039
2491 1039
2491 1041
2490 1041
2490 1044
2489 1044
2489 1045
2488 1045
2488 1046
2487 1046
2487 1048
2486 1048
2486 1049
2485 1049
2485 1050
2483 1050
2483 1051
2481 1051
2481 1052
2480 1052
2480 1054
2479 1054
2479 1055
2476 1055
2476 1056
2472 1056
2472 1055
2464 1055
2464 1056
2455 1056
2455 1058
2454 1058
2454 1059
2453 1059
2453 1061
2452 1061
2452 1062
2451 1062
2451 1063
2450 1063
2450 1067
2451 1067
2451 1074
2450 1074
2450 1075
2449 1075
2449 1076
2448 1076
2448 1077
2447 1077
2447 1078
2446 1078
2446 1079
2445 1079
2445 1080
2444 1080
2444 1082
2443 1082
2443 1083
2442 1083
2442 1084
2439 1084
2439 1085
2432 1085
2432 1086
2431 1086
2431 1088
2432 1088
2432 1101
2431 1101
2431 1104
2430 1104
2430 1105
2429 1105
2429 1107
2428 1107
2428 1108
2425 1108
2425 1109
2424 1109
2424 1110
2423 1110
2423 1111
2421 1111
2421 1112
2419 1112
2419 1113
2413 1113
2413 1114
2411 1114
2411 1115
2409 1115
2409 1116
2408 1116
2408 1117
2407 1117
2407 1122
2406 1122
2406 1124
2405 1124
2405 1126
2404 1126
2404 1127
2403 1127
2403 1128
2402 1128
2402 1130
2401 1130
2401 1131
2400 1131
2400 1132
2391 1132
2391 1133
2389 1133
2389 1134
2388 1134
2388 1135
2387 1135
2387 1136
2386 1136
2386 1138
2385 1138
2385 1141
2384 1141
2384 1144
2383 1144
2383 1145
2382 1145
2382 1146
2381 1146
2381 1149
2380 1149
2380 1153
2379 1153
2379 1155
2378 1155
2378 1156
2376 1156
2376 1157
2374 1157
2374 1158
2366 1158
2366 1161
2365 1161
2365 1162
2364 1162
2364 1163
2363 1163
2363 1164
2362 1164
2362 1165
2361 1165
2361 1166
2360 1166
2360 1167
2357 1167
2357 1168
2356 1168
2356 1169
2355 1169
2355 1170
2354 1170
2354 1171
2353 1171
2353 1172
2352 1172
2352 1173
2351 1173
2351 1174
2343 1174
2343 1175
2342 1175
2342 1176
2341 1176
2341 1177
2340 1177
2340 1179
2339 1179
2339 1180
2338 1180
2338 1181
2337 1181
2337 1182
2335 1182
2335 1183
2330 1183
2330 1189
2329 1189
2329 1193
2328 1193
2328 1194
2327 1194
2327 1195
2326 1195
2326 1197
2325 1197
2325 1198
2324 1198
2324 1199
2323 1199
2323 1201
2322 1201
2322 1204
2321 1204
2321 1206
2320 1206
2320 1207
2319 1207
2319 1208
2318 1208
2318 1210
2317 1210
2317 1212
2316 1212
2316 1213
2313 1213
2313 1214
2304 1214
2304 1215
2302 1215
2302 1216
2301 1216
2301 1217
2297 1217
2297 1218
2295 1218
2295 1219
2294 1219
2294 1220
2293 1220
2293 1222
2292 1222
2292 1223
2291 1223
2291 1224
2286 1224
2286 1225
2283 1225
2283 1226
2282 1226
2282 1227
2281 1227
2281 1228
2280 1228
2280 1229
2279 1229
2279 1230
2278 1230
2278 1231
2277 1231
2277 1232
2273 1232
2273 1233
2271 1233
2271 1234
2270 1234
2270 1235
2269 1235
2269 1236
2268 1236
2268 1237
2267 1237
2267 1238
2266 1238
2266 1239
2265 1239
2265 1240
2260 1240
2260 1241
2258 1241
2258 1242
2254 1242
2254 1244
2253 1244
2253 1252
2252 1252
2252 1253
2250 1253
2250 1254
2249 1254
2249 1255
2247 1255
2247 1256
2245 1256
2245 1255
2243 1255
2243 1254
2242 1254
2242 1253
2240 1253
2240 1252
2239 1252
2239 1251
2238 1251
2238 1250
2237 1250
2237 1248
2236 1248
2236 1247
2235 1247
2235 1245
2234 1245
2234 1244
2233 1244
2233 1243
2231 1243
2231 1242
2230 1242
2230 1241
2229 1241
2229 1240
2225 1240
2225 1241
2219 1241
2219 1242
2214 1242
2214 1243
2206 1243
2206 1244
2204 1244
2204 1245
2202 1245
2202 1246
2197 1246
2197 1247
2196 1247
2196 1246
2179 1246
2179 1245
2174 1245
2174 1246
2169 1246
2169 1245
2165 1245
2165 1246
2164 1246
2164 1247
2157 1247
2157 1248
2144 1248
2144 1247
2125 1247
2125 1246
2121 1246
2121 1247
2114 1247
2114 1246
2110 1246
2110 1245
2099 1245
2099 1244
2089 1244
2089 1243
2081 1243
2081 1244
2079 1244
2079 1243
2077 1243
2077 1242
2073 1242
2073 1241
2072 1241
2072 1240
2068 1240
2068 1239
2066 1239
2066 1238
2065 1238
2065 1237
2059 1237
2059 1238
2054 1238
2054 1237
2053 1237
2053 1236
2052 1236
2052 1235
2049 1235
2049 1234
2048 1234
2048 1233
2045 1233
2045 1232
2039 1232
2039 1231
2035 1231
2035 1230
2029 1230
2029 1231
2023 1231
2023 1232
2018 1232
2018 1233
2017 1233
2017 1232
2015 1232
2015 1231
2013 1231
2013 1232
2010 1232
2010 1233
2007 1233
2007 1234
2004 1234
2004 1235
2002 1235
2002 1236
1999 1236
1999 1237
1990 1237
1990 1235
1989 1235
1989 1233
1987 1233
1987 1232
1986 1232
1986 1231
1983 1231
1983 1230
1977 1230
1977 1229
1973 1229
1973 1228
1970 1228
1970 1227
1968 1227
1968 1226
1966 1226
1966 1225
1965 1225
1965 1224
1963 1224
1963 1223
1961 1223
1961 1222
1959 1222
1959 1221
1957 1221
1957 1220
1956 1220
1956 1219
1954 1219
1954 1218
1950 1218
1950 1217
1948 1217
1948 1216
1947 1216
1947 1215
1946 1215
1946 1214
1945 1214
1945 1213
1943 1213
1943 1212
1942 1212
1942 1211
1940 1211
1940 1210
1937 1210
1937 1209
1931 1209
1931 1208
1929 1208
1929 1207
1927 1207
1927 1206
1925 1206
1925 1205
1924 1205
1924 1204
1923 1204
1923 1203
1922 1203
1922 1202
1921 1202
1921 1200
1920 1200
1920 1199
1919 1199
1919 1197
1918 1197
1918 1196
1917 1196
1917 1195
1916 1195
1916 1192
1915 1192
1915 1191
1914 1191
1914 1187
1913 1187
1913 1186
1912 1186
1912 1185
1911 1185
1911 1184
1910 1184
1910 1183
1909 1183
1909 1182
1908 1182
1908 1181
1906 1181
1906 1180
1904 1180
1904 1179
1902 1179
1902 1178
1900 1178
1900 1177
1899 1177
1899 1175
1898 1175
1898 1174
1896 1174
1896 1173
1895 1173
1895 1172
1893 1172
1893 1171
1891 1171
1891 1170
1890 1170
1890 1169
1881 1169
1881 1168
1878 1168
1878 1167
1875 1167
1875 1166
1874 1166
1874 1165
1873 1165
1873 1163
1872 1163
1872 1159
1871 1159
1871 1156
1870 1156
1870 1153
1869 1153
1869 1148
1868 1148
1868 1143
1867 1143
1867 1141
1866 1141
1866 1139
1865 1139
1865 1138
1863 1138
1863 1137
1861 1137
1861 1136
1860 1136
1860 1135
1859 1135
1859 1133
1858 1133
1858 1130
1857 1130
1857 1126
1856 1126
1856 1125
1855 1125
1855 1123
1854 1123
1854 1122
1853 1122
1853 1121
1852 1121
1852 1119
1851 1119
1851 1118
1850 1118
1850 1117
1849 1117
1849 1116
1848 1116
1848 1115
1847 1115
1847 1114
1846 1114
1846 1113
1844 1113
1844 1112
1843 1112
1843 1111
1842 1111
1842 1110
1839 1110
1839 1109
1838 1109
1838 1108
1837 1108
1837 1107
1834 1107
1834 1106
1833 1106
1833 1104
1832 1104
1832 1102
1831 1102
1831 1100
1830 1100
1830 1099
1829 1099
1829 1095
1828 1095
1828 1092
1827 1092
1827 1090
1826 1090
1826 1089
1825 1089
1825 1088
1824 1088
1824 1087
1822 1087
1822 1086
1821 1086
1821 1085
1820 1085
1820 1084
1819 1084
1819 1083
1818 1083
1818 1082
1816 1082
1816 1081
1815 1081
1815 1080
1814 1080
1814 1079
1812 1079
1812 1078
1811 1078
1811 1077
1808 1077
1808 1076
1805 1076
1805 1075
1804 1075
1804 1074
1802 1074
1802 1073
1801 1073
1801 1072
1799 1072
1799 1071
1798 1071
1798 1070
1797 1070
1797 1069
1792 1069
1792 1068
1765 1068
1765 1069
1761 1069
1761 1070
1758 1070
1758 1071
1754 1071
1754 1072
1744 1072
1744 1073
1733 1073
1733 1072
1732 1072
1732 1071
1730 1071
1730 1070
1729 1070
1729 1069
1727 1069
1727 1068
1726 1068
1726 1067
1725 1067
1725 1066
1723 1066
1723 1065
1721 1065
1721 1064
1719 1064
1719 1063
1717 1063
1717 1062
1708 1062
1708 1061
1707 1061
1707 1060
1705 1060
1705 1059
1704 1059
1704 1058
1703 1058
1703 1057
1702 1057
1702 1056
1701 1056
1701 1055
1700 1055
1700 1054
1699 1054
1699 1053
1697 1053
1697 1052
1696 1052
1696 1051
1695 1051
1695 1050
1694 1050
1694 1049
1693 1049
1693 1048
1690 1048
1690 1047
1689 1047
1689 1046
1688 1046
1688 1045
1687 1045
1687 1044
1686 1044
1686 1043
1685 1043
1685 1041
1684 1041
1684 1038
1683 1038
1683 1035
1682 1035
1682 1032
1681 1032
1681 1030
1680 1030
1680 1027
1679 1027
1679 1025
1678 1025
1678 1024
1677 1024
1677 1022
1676 1022
1676 1021
1675 1021
1675 1020
1673 1020
1673 1019
1670 1019
1670 1018
1669 1018
1669 1017
1668 1017
1668 1016
1666 1016
1666 1015
1665 1015
1665 1014
1664 1014
1664 1012
1663 1012
1663 1009
1662 1009
1662 1007
1661 1007
1661 1006
1660 1006
1660 1005
1659 1005
1659 1004
1658 1004
1658 1000
1657 1000
1657 996
1656 996
1656 994
1655 994
1655 990
1654 990
1654 984
1653 984
1653 982
1652 982
1652 980
1651 980
1651 979
1650 979
1650 977
1649 977
1649 976
1648 976
1648 975
1647 975
1647 974
1646 974
1646 973
1645 973
1645 972
1644 972
1644 971
1642 971
1642 970
1641 970
1641 969
1640 969
1640 968
1639 968
1639 967
1638 967
1638 966
1637 966
1637 965
1632 965
1632 964
1631 964
1631 963
1630 963
1630 962
1629 962
1629 961
1628 961
1628 959
1627 959
1627 955
1626 955
1626 954
1625 954
1625 953
1624 953
1624 952
1611 952
1611 951
1609 951
1609 950
1603 950
1603 949
1599 949
1599 950
1595 950
1595 949
1592 949
1592 948
1587 948
1587 949
1584 949
1584 950
1576 950
1576 948
1575 948
1575 945
1574 945
1574 943
1573 943
1573 940
1572 940
1572 938
1571 938
1571 935
1570 935
1570 933
1569 933
1569 931
1568 931
1568 929
1567 929
1567 927
1566 927
1566 926
1565 926
1565 925
1564 925
1564 924
1562 924
1562 923
1560 923
1560 922
1559 922
1559 921
1558 921
1558 919
1557 919
1557 918
1556 918
1556 916
1555 916
1555 913
1554 913
1554 907
1553 907
1553 903
1552 903
1552 901
1551 901
1551 900
1550 900
1550 898
1549 898
1549 896
1548 896
1548 895
1547 895
1547 894
1546 894
1546 893
1545 893
1545 892
1541 892
1541 891
1540 891
1540 890
1532 890
1532 889
1528 889
1528 888
1525 888
1525 887
1524 887
1524 886
1523 886
1523 885
1522 885
1522 884
1521 884
1521 882
1520 882
1520 880
1519 880
1519 879
1518 879
1518 877
1517 877
1517 875
1516 875
1516 874
1515 874
1515 873
1514 873
1514 872
1513 872
1513 871
1512 871
1512 870
1511 870
1511 869
1510 869
1510 868
1509 868
1509 866
1508 866
1508 864
1502 864
1502 863
1498 863
1498 862
1487 862
1487 861
1484 861
1484 860
1480 860
1480 859
1479 859
1479 858
1475 858
1475 857
1473 857
1473 856
1471 856
1471 855
1470 855
1470 854
1469 854
1469 853
1468 853
1468 852
1466 852
1466 851
1465 851
1465 850
1464 850
1464 849
1463 849
1463 848
1462 848
1462 847
1458 847
1458 846
1456 846
1456 845
1455 845
1455 844
1453 844
1453 843
1452 843
1452 842
1451 842
1451 841
1450 841
1450 840
1449 840
1449 838
1448 838
1448 835
1447 835
1447 832
1446 832
1446 828
1445 828
1445 826
1444 826
1444 824
1443 824
1443 822
1442 822
1442 821
1441 821
1441 820
1439 820
1439 819
1438 819
1438 818
1437 818
1437 817
1436 817
1436 815
1435 815
1435 811
1434 811
1434 810
1433 810
1433 797
1432 797
1432 794
1431 794
1431 793
1430 793
1430 792
1428 792
1428 791
1426 791
1426 790
1425 790
1425 789
1423 789
1423 788
1422 788
1422 787
1420 787
1420 786
1419 786
1419 785
1418 785
1418 784
1417 784
1417 783
1416 783
1416 782
1414 782
1414 781
1409 781
1409 780
1405 780
1405 781
1403 781
1403 780
1397 780
1397 779
1392 779
1392 778
1391 778
1391 777
1390 777
1390 774
1389 774
1389 772
1388 772
1388 770
1387 770
1387 768
1386 768
1386 766
1385 766
1385 764
1384 764
1384 761
1383 761
1383 757
1382 757
1382 754
1381 754
1381 752
1380 752
1380 750
1379 750
1379 749
1378 749
1378 748
1377 748
1377 746
1376 746
1376 744
1374 744
1374 743
1371 743
1371 742
1370 742
1370 741
1368 741
1368 740
1364 740
1364 739
1362 739
1362 738
1361 738
1361 737
1360 737
1360 736
1359 736
1359 735
1358 735
1358 734
1356 734
1356 733
1353 733
1353 732
1348 732
1348 731
1343 731
1343 732
1327 732
1327 733
1323 733
1323 734
1315 734
1315 735
1308 735
1308 734
1293 734
1293 733
1290 733
1290 732
1284 732
1284 731
1283 731
1283 730
1278 730
1278 729
1275 729
1275 728
1273 728
1273 727
1272 727
1272 726
1271 726
1271 725
1270 725
1270 724
1268 724
1268 723
1267 723
1267 722
1265 722
1265 721
1261 721
1261 720
1258 720
1258 719
1257 719
1257 718
1256 718
1256 717
1255 717
1255 716
1254 716
1254 714
1253 714
1253 707
1252 707
1252 704
1251 704
1251 695
1250 695
1250 692
1249 692
1249 683
1248 683
1248 681
1247 681
1247 676
1246 676
1246 669
1245 669
1245 666
1244 666
1244 661
1243 661
1243 657
1242 657
1242 656
1241 656
1241 655
1236 655
1236 654
1234 654
1234 653
1232 653
1232 652
1231 652
1231 651
1230 651
1230 650
1229 650
1229 647
1228 647
1228 645
1227 645
1227 644
1224 644
1224 643
1222 643
1222 642
1221 642
1221 641
1220 641
1220 640
1219 640
1219 638
1218 638
1218 636
1217 636
1217 631
1216 631
1216 628
1215 628
1215 627
1211 627
1211 626
1207 626
1207 627
1204 627
1204 626
1203 626
1203 625
1202 625
1202 618
1201 618
1201 615
1200 615
1200 612
1199 612
1199 600
1198 600
1198 594
1197 594
1197 589
1196 589
1196 584
1195 584
1195 580
1194 580
1194 575
1193 575
1193 571
1192 571
1192 565
1191 565
1191 564
1184 564
1184 563
1183 563
1183 562
1182 562
1182 560
1181 560
1181 557
1180 557
1180 556
1179 556
1179 555
1169 555
1169 554
1163 554
1163 553
1158 553
1158 554
1154 554
1154 555
1150 555
1150 556
1135 556
1135 555
1132 555
1132 556
1129 556
1129 557
1124 557
1124 558
1121 558
1121 559
1115 559
1115 560
1103 560
1103 561
1102 561
1102 562
1100 562
1100 563
1098 563
1098 565
1097 565
1097 566
1096 566
1096 565
1094 565
1094 566
1093 566
1093 567
1092 567
1092 568
1086 568
1086 569
1085 569
1085 568
1086 568
1086 567
1092 567
1092 566
1093 566
1093 565
1094 565
1094 564
1096 564
1096 563
1098 563
1098 562
1100 562
1100 561
1102 561
1102 560
1103 560
1103 559
1115 559
1115 558
1121 558
1121 557
1124 557
1124 556
1129 556
1129 555
1132 555
1132 554
1135 554
1135 555
1150 555
1150 554
1154 554
1154 553
1158 553
1158 552
1163 552
1163 553
1169 553
1169 554
1179 554
1179 555
1180 555
1180 556
1181 556
1181 557
1182 557
1182 560
1183 560
1183 562
1184 562
1184 563
1191 563
1191 564
1192 564
1192 565
1193 565
1193 571
1194 571
1194 575
1195 575
1195 580
1196 580
1196 584
1197 584
1197 589
1198 589
1198 594
1199 594
1199 600
1200 600
1200 612
1201 612
1201 615
1202 615
1202 618
1203 618
1203 625
1204 625
1204 626
1207 626
1207 625
1211 625
1211 626
1215 626
1215 627
1216 627
1216 628
1217 628
1217 631
1218 631
1218 636
1219 636
1219 638
1220 638
1220 640
1221 640
1221 641
1222 641
1222 642
1224 642
1224 643
1227 643
1227 644
1228 644
1228 645
1229 645
1229 647
1230 647
1230 650
1231 650
1231 651
1232 651
1232 652
1234 652
1234 653
1236 653
1236 654
1241 654
1241 655
1242 655
1242 656
1243 656
1243 657
1244 657
1244 661
1245 661
1245 666
1246 666
1246 669
1247 669
1247 676
1248 676
1248 681
1249 681
1249 683
1250 683
1250 692
1251 692
1251 695
1252 695
1252 704
1253 704
1253 707
1254 707
1254 714
1255 714
1255 716
1256 716
1256 717
1257 717
1257 718
1258 718
1258 719
1261 719
1261 720
1265 720
1265 721
1267 721
1267 722
1268 722
1268 723
1270 723
1270 724
1271 724
1271 725
1272 725
1272 726
1273 726
1273 727
1275 727
1275 728
1278 728
1278 729
1283 729
1283 730
1284 730
1284 731
1290 731
1290 732
1293 732
1293 733
1308 733
1308 734
1315 734
1315 733
1323 733
1323 732
1327 732
1327 731
1343 731
1343 730
1348 730
1348 731
1353 731
1353 732
1356 732
1356 733
1358 733
1358 734
1359 734
1359 735
1360 735
1360 736
1361 736
1361 737
1362 737
1362 738
1364 738
1364 739
1368 739
1368 740
1370 740
1370 741
1371 741
1371 742
1374 742
1374 743
1376 743
1376 744
1377 744
1377 746
1378 746
1378 748
1379 748
1379 749
1380 749
1380 750
1381 750
1381 752
1382 752
1382 754
1383 754
1383 757
1384 757
1384 761
1385 761
1385 764
1386 764
1386 766
1387 766
1387 768
1388 768
1388 770
1389 770
1389 772
1390 772
1390 774
1391 774
1391 777
1392 777
1392 778
1397 778
1397 779
1403 779
1403 780
1405 780
1405 779
1409 779
1409 780
1414 780
1414 781
1416 781
1416 782
1417 782
1417 783
1418 783
1418 784
1419 784
1419 785
1420 785
1420 786
1422 786
1422 787
1423 787
1423 788
1425 788
1425 789
1426 789
1426 790
1428 790
1428 791
1430 791
1430 792
1431 792
1431 793
1432 793
1432 794
1433 794
1433 797
1434 797
1434 810
1435 810
1435 811
1436 811
1436 815
1437 815
1437 817
1438 817
1438 818
1439 818
1439 819
1441 819
1441 820
1442 820
1442 821
1443 821
1443 822
1444 822
1444 824
1445 824
1445 826
1446 826
1446 828
1447 828
1447 832
1448 832
1448 835
1449 835
1449 838
1450 838
1450 840
1451 840
1451 841
1452 841
1452 842
1453 842
1453 843
1455 843
1455 844
1456 844
1456 845
1458 845
1458 846
1462 846
1462 847
1463 847
1463 848
1464 848
1464 849
1465 849
1465 850
1466 850
1466 851
1468 851
1468 852
1469 852
1469 853
1470 853
1470 854
1471 854
1471 855
1473 855
1473 856
1475 856
1475 857
1479 857
1479 858
1480 858
1480 859
1484 859
1484 860
1487 860
1487 861
1498 861
1498 862
1502 862
1502 863
1508 863
1508 864
1509 864
1509 866
1510 866
1510 868
1511 868
1511 869
1512 869
1512 870
1513 870
1513 871
1514 871
1514 872
1515 872
1515 873
1516 873
1516 874
1517 874
1517 875
1518 875
1518 877
1519 877
1519 879
1520 879
1520 880
1521 880
1521 882
1522 882
1522 884
1523 884
1523 885
1524 885
1524 886
1525 886
1525 887
1528 887
1528 888
1532 888
1532 889
1540 889
