3287 776
3286 776
3286 777
3285 777
3285 778
3283 778
3283 779
3280 779
3280 780
3272 780
3272 781
3268 781
3268 782
3266 782
3266 783
3264 783
3264 784
3263 784
3263 785
3262 785
3262 786
3259 786
3259 787
3253 787
3253 788
3252 788
3252 790
3251 790
3251 791
3249 791
3249 792
3242 792
3242 793
3235 793
3235 794
3229 794
3229 795
3227 795
3227 796
3226 796
3226 797
3221 797
3221 798
3212 798
3212 799
3186 799
3186 800
3182 800
3182 801
3176 801
3176 800
3173 800
3173 801
3161 801
3161 800
3153 800
3153 801
3150 801
3150 800
3134 800
3134 801
3127 801
3127 800
3123 800
3123 799
3117 799
3117 798
3112 798
3112 797
3105 797
3105 798
3102 798
3102 797
3091 797
3091 796
3088 796
3088 795
3087 795
3087 794
3086 794
3086 793
3085 793
3085 792
3084 792
3084 791
3083 791
3083 789
3082 789
3082 786
3081 786
3081 782
3080 782
3080 781
3078 781
3078 780
3060 780
3060 779
3046 779
3046 780
3036 780
3036 779
3027 779
3027 780
3019 780
3019 779
3012 779
3012 780
3009 780
3009 781
3008 781
3008 783
3007 783
3007 784
3006 784
3006 785
3004 785
3004 786
3003 786
3003 787
3002 787
3002 789
3001 789
3001 790
2999 790
2999 791
2992 791
2992 792
2987 792
2987 793
2983 793
2983 794
2974 794
2974 793
2971 793
2971 792
2961 792
2961 791
2960 791
2960 790
2957 790
2957 789
2953 789
2953 788
2951 788
2951 787
2947 787
2947 786
2942 786
2942 787
2936 787
2936 788
2935 788
2935 789
2931 789
2931 790
2912 790
2912 789
2900 789
2900 788
2899 788
2899 787
2896 787
2896 788
2893 788
2893 789
2888 789
2888 790
2886 790
2886 792
2885 792
2885 794
2884 794
2884 796
2883 796
2883 799
2882 799
2882 801
2881 801
2881 803
2880 803
2880 804
2879 804
2879 805
2878 805
2878 806
2876 806
2876 807
2875 807
2875 808
2874 808
2874 809
2873 809
2873 810
2872 810
2872 811
2871 811
2871 812
2870 812
2870 813
2869 813
2869 814
2864 814
2864 815
2863 815
2863 816
2858 816
2858 817
2852 817
2852 818
2845 818
2845 819
2836 819
2836 820
2834 820
2834 819
2825 819
2825 820
2812 820
2812 821
2805 821
2805 822
2802 822
2802 823
2798 823
2798 824
2787 824
2787 823
2785 823
2785 822
2775 822
2775 821
2772 821
2772 820
2771 820
2771 819
2770 819
2770 818
2769 818
2769 817
2768 817
2768 816
2767 816
2767 815
2766 815
2766 814
2765 814
2765 811
2764 811
2764 810
2762 810
2762 809
2761 809
2761 808
2759 808
2759 807
2758 807
2758 806
2756 806
2756 805
2753 805
2753 804
2750 804
2750 803
2744 803
2744 804
2740 804
2740 803
2737 803
2737 802
2734 802
2734 801
2733 801
2733 800
2732 800
2732 799
2731 799
2731 798
2729 798
2729 797
2723 797
2723 798
2718 798
2718 799
2717 799
2717 798
2715 798
2715 797
2713 797
2713 796
2711 796
2711 795
2710 795
2710 794
2709 794
2709 793
2701 793
2701 794
2690 794
2690 793
2683 793
2683 794
2680 794
2680 795
2672 795
2672 796
2670 796
2670 797
2666 797
2666 798
2661 798
2661 799
2659 799
2659 800
2657 800
2657 801
2651 801
2651 802
2636 802
2636 803
2634 803
2634 802
2624 802
2624 801
2619 801
2619 800
2617 800
2617 799
2616 799
2616 798
2615 798
2615 797
2614 797
2614 796
2612 796
2612 795
2605 795
2605 796
2598 796
2598 797
2595 797
2595 798
2580 798
2580 799
2579 799
2579 800
2578 800
2578 805
2577 805
2577 809
2576 809
2576 825
2575 825
2575 827
2574 827
2574 829
2573 829
2573 830
2572 830
2572 831
2571 831
2571 832
2570 832
2570 833
2569 833
2569 834
2566 834
2566 835
2564 835
2564 834
2563 834
2563 833
2554 833
2554 832
2553 832
2553 831
2544 831
2544 832
2531 832
2531 831
2521 831
2521 832
2520 832
2520 831
2513 831
2513 832
2511 832
2511 833
2497 833
2497 832
2496 832
2496 833
2484 833
2484 834
2482 834
2482 835
2481 835
2481 836
2480 836
2480 837
2478 837
2478 838
2477 838
2477 839
2476 839
2476 840
2475 840
2475 841
2474 841
2474 844
2465 844
2465 843
2459 843
2459 844
2451 844
2451 843
2448 843
2448 842
2445 842
2445 841
2444 841
2444 840
2443 840
2443 839
2436 839
2436 840
2431 840
2431 841
2429 841
2429 842
2428 842
2428 844
2427 844
2427 845
2425 845
2425 846
2424 846
2424 848
2423 848
2423 849
2415 849
2415 850
2411 850
2411 851
2404 851
2404 852
2403 852
2403 853
2401 853
2401 854
2395 854
2395 855
2392 855
2392 856
2390 856
2390 857
2380 857
2380 858
2377 858
2377 859
2375 859
2375 860
2373 860
2373 861
2371 861
2371 862
2370 862
2370 863
2368 863
2368 864
2367 864
2367 865
2365 865
2365 866
2362 866
2362 867
2347 867
2347 868
2346 868
2346 869
2341 869
2341 868
2334 868
2334 869
2325 869
2325 868
2319 868
2319 869
2317 869
2317 870
2315 870
2315 875
2310 875
2310 874
2308 874
2308 873
2306 873
2306 874
2305 874
2305 875
2296 875
2296 874
2294 874
2294 873
2292 873
2292 872
2284 872
2284 871
2282 871
2282 870
2271 870
2271 871
2267 871
2267 872
2264 872
2264 873
2263 873
2263 874
2249 874
2249 873
2243 873
2243 872
2240 872
2240 871
2235 871
2235 872
2233 872
2233 873
2228 873
2228 871
2222 871
2222 872
2221 872
2221 873
2220 873
2220 874
2208 874
2208 872
2206 872
2206 871
2202 871
2202 870
2198 870
2198 869
2197 869
2197 868
2196 868
2196 867
2195 867
2195 862
2194 862
2194 860
2156 860
2156 859
2148 859
2148 860
2144 860
2144 861
2138 861
2138 862
2134 862
2134 863
2120 863
2120 864
2119 864
2119 865
2115 865
2115 864
2099 864
2099 865
2095 865
2095 866
2094 866
2094 865
2091 865
2091 866
2088 866
2088 867
2083 867
2083 868
2080 868
2080 869
2079 869
2079 870
2077 870
2077 871
2073 871
2073 872
2070 872
2070 873
2064 873
2064 874
2063 874
2063 878
2062 878
2062 879
2061 879
2061 880
2060 880
2060 881
2059 881
2059 882
2057 882
2057 883
2055 883
2055 884
2052 884
2052 885
2047 885
2047 886
2030 886
2030 887
2024 887
2024 888
2015 888
2015 889
1999 889
1999 888
1998 888
1998 887
1997 887
1997 886
1996 886
1996 885
1995 885
1995 883
1994 883
1994 882
1993 882
1993 881
1991 881
1991 880
1982 880
1982 881
1966 881
1966 882
1951 882
1951 883
1932 883
1932 884
1929 884
1929 885
1923 885
1923 886
1906 886
1906 887
1904 887
1904 888
1903 888
1903 890
1902 890
1902 891
1901 891
1901 892
1890 892
1890 891
1889 891
1889 892
1888 892
1888 893
1880 893
1880 892
1878 892
1878 891
1877 891
1877 890
1876 890
1876 889
1874 889
1874 888
1862 888
1862 889
1860 889
1860 890
1845 890
1845 887
1844 887
1844 884
1843 884
1843 882
1842 882
1842 880
1841 880
1841 879
1838 879
1838 878
1837 878
1837 879
1832 879
1832 878
1820 878
1820 877
1817 877
1817 876
1816 876
1816 875
1814 875
1814 874
1812 874
1812 873
1811 873
1811 872
1808 872
1808 871
1806 871
1806 870
1805 870
1805 869
1803 869
1803 868
1802 868
1802 867
1801 867
1801 866
1800 866
1800 865
1792 865
1792 864
1787 864
1787 865
1785 865
1785 866
1776 866
1776 867
1765 867
1765 868
1763 868
1763 869
1754 869
1754 870
1741 870
1741 869
1734 869
1734 870
1733 870
1733 871
1729 871
1729 872
1728 872
1728 871
1727 871
1727 870
1686 870
1686 871
1672 871
1672 872
1670 872
1670 871
1668 871
1668 872
1660 872
1660 871
1650 871
1650 872
1641 872
1641 873
1638 873
1638 874
1637 874
1637 873
1627 873
1627 874
1621 874
1621 875
1620 875
1620 876
1619 876
1619 877
1617 877
1617 878
1612 878
1612 879
1609 879
1609 880
1607 880
1607 881
1606 881
1606 882
1604 882
1604 883
1596 883
1596 884
1594 884
1594 885
1570 885
1570 886
1554 886
1554 887
1551 887
1551 888
1550 888
1550 889
1548 889
1548 890
1546 890
1546 892
1538 892
1538 893
1535 893
1535 894
1533 894
1533 895
1530 895
1530 896
1528 896
1528 897
1527 897
1527 898
1526 898
1526 899
1524 899
1524 901
1519 901
1519 902
1516 902
1516 903
1514 903
1514 904
1513 904
1513 905
1511 905
1511 906
1510 906
1510 907
1505 907
1505 908
1504 908
1504 909
1503 909
1503 910
1502 910
1502 911
1501 911
1501 912
1493 912
1493 913
1489 913
1489 914
1487 914
1487 915
1482 915
1482 916
1479 916
1479 917
1478 917
1478 918
1470 918
1470 919
1457 919
1457 918
1453 918
1453 917
1450 917
1450 916
1449 916
1449 915
1448 915
1448 914
1447 914
1447 913
1446 913
1446 912
1444 912
1444 911
1443 911
1443 910
1442 910
1442 909
1428 909
1428 910
1425 910
1425 909
1422 909
1422 908
1417 908
1417 907
1415 907
1415 906
1413 906
1413 905
1412 905
1412 904
1411 904
1411 903
1410 903
1410 902
1409 902
1409 901
1408 901
1408 900
1407 900
1407 899
1406 899
1406 897
1405 897
1405 893
1404 893
1404 883
1403 883
1403 878
1402 878
1402 877
1399 877
1399 876
1395 876
1395 877
1394 877
1394 878
1393 878
1393 879
1392 879
1392 880
1376 880
1376 881
1352 881
1352 882
1343 882
1343 881
1333 881
1333 882
1329 882
1329 881
1327 881
1327 882
1309 882
1309 883
1301 883
1301 884
1296 884
1296 892
1297 892
1297 899
1296 899
1296 900
1295 900
1295 901
1293 901
1293 902
1291 902
1291 903
1284 903
1284 902
1278 902
1278 901
1256 901
1256 900
1251 900
1251 899
1246 899
1246 898
1244 898
1244 897
1239 897
1239 896
1237 896
1237 895
1232 895
1232 894
1229 894
1229 893
1226 893
1226 892
1225 892
1225 891
1223 891
1223 890
1222 890
1222 889
1220 889
1220 888
1219 888
1219 887
1218 887
1218 886
1217 886
1217 885
1216 885
1216 884
1214 884
1214 883
1211 883
1211 882
1210 882
1210 881
1207 881
1207 880
1203 880
1203 879
1197 879
1197 878
1191 878
1191 877
1178 877
1178 878
1169 878
1169 879
1168 879
1168 887
1162 887
1162 888
1160 888
1160 889
1159 889
1159 890
1158 890
1158 891
1156 891
1156 892
1145 892
1145 893
1133 893
1133 892
1132 892
1132 891
1129 891
1129 890
1128 890
1128 889
1126 889
1126 888
1125 888
1125 887
1124 887
1124 886
1123 886
1123 885
1122 885
1122 884
1121 884
1121 883
1119 883
1119 882
1118 882
1118 883
1114 883
1114 884
1100 884
1100 883
1098 883
1098 882
1097 882
1097 881
1095 881
1095 880
1094 880
1094 879
1093 879
1093 878
1092 878
1092 877
1091 877
1091 876
1090 876
1090 875
1089 875
1089 873
1088 873
1088 871
1087 871
1087 857
1086 857
1086 840
1085 840
1085 831
1075 831
1075 830
1072 830
1072 829
1070 829
1070 828
1068 828
1068 827
1066 827
1066 826
1064 826
1064 825
1063 825
1063 824
1061 824
1061 823
1059 823
1059 822
1048 822
1048 821
1039 821
1039 820
1035 820
1035 819
1032 819
1032 818
1029 818
1029 817
1027 817
1027 816
1024 816
1024 815
1022 815
1022 814
1020 814
1020 813
1015 813
1015 812
1014 812
1014 811
1008 811
1008 810
1004 810
1004 809
996 809
996 808
993 808
993 809
980 809
980 808
976 808
976 807
973 807
973 806
970 806
970 805
968 805
968 804
960 804
960 805
959 805
959 804
952 804
952 803
949 803
949 802
945 802
945 801
935 801
935 800
929 800
929 801
926 801
926 802
924 802
924 803
922 803
922 804
919 804
919 805
917 805
917 806
900 806
900 807
892 807
892 808
890 808
890 809
887 809
887 810
884 810
884 811
883 811
883 812
880 812
880 811
869 811
869 812
867 812
867 818
866 818
866 820
865 820
865 821
864 821
864 822
862 822
862 823
857 823
857 824
855 824
855 825
853 825
853 826
852 826
852 827
843 827
843 826
837 826
837 825
833 825
833 824
831 824
831 823
828 823
828 822
824 822
824 821
823 821
823 820
822 820
822 819
820 819
820 818
819 818
819 817
818 817
818 816
817 816
817 814
816 814
816 812
815 812
815 810
814 810
814 808
813 808
813 807
812 807
812 805
811 805
811 802
810 802
810 799
809 799
809 794
808 794
808 792
807 792
807 791
806 791
806 790
804 790
804 789
803 789
803 788
802 788
802 787
801 787
801 786
800 786
800 785
799 785
799 784
798 784
798 783
797 783
797 782
796 782
796 781
795 781
795 780
792 780
792 781
791 781
791 782
790 782
790 783
789 783
789 784
784 784
784 785
781 785
781 786
778 786
778 787
769 787
769 788
768 788
768 797
769 797
769 804
768 804
768 807
769 807
769 824
770 824
770 829
769 829
769 832
768 832
768 833
767 833
767 834
758 834
758 833
752 833
752 834
747 834
747 833
739 833
739 834
737 834
737 833
732 833
732 832
729 832
729 831
727 831
727 830
724 830
724 829
720 829
720 828
716 828
716 827
708 827
708 826
703 826
703 825
696 825
696 824
695 824
695 823
687 823
687 822
684 822
684 821
682 821
682 820
680 820
680 819
678 819
678 818
676 818
676 817
675 817
675 816
672 816
672 815
670 815
670 814
668 814
668 813
666 813
666 812
665 812
665 811
664 811
664 810
663 810
663 809
662 809
662 807
661 807
661 806
659 806
659 805
657 805
657 804
655 804
655 803
653 803
653 802
652 802
652 801
651 801
651 800
649 800
649 799
647 799
647 798
645 798
645 797
644 797
644 796
643 796
643 795
642 795
642 794
641 794
641 792
640 792
640 791
639 791
639 790
627 790
627 789
621 789
621 788
612 788
612 787
606 787
606 786
604 786
604 787
593 787
593 786
589 786
589 785
588 785
588 784
586 784
586 783
585 783
585 782
578 782
578 780
577 780
577 779
574 779
574 778
571 778
571 777
568 777
568 776
567 776
567 775
566 775
566 774
565 774
565 773
564 773
564 772
563 772
563 769
562 769
562 767
561 767
561 766
560 766
560 765
559 765
559 764
557 764
557 763
555 763
555 762
554 762
554 761
553 761
553 760
552 760
552 759
551 759
551 757
550 757
550 756
549 756
549 755
548 755
548 753
544 753
544 754
535 754
535 755
533 755
533 756
532 756
532 757
531 757
531 758
507 758
507 757
502 757
502 756
497 756
497 755
491 755
491 754
489 754
489 753
487 753
487 752
489 752
489 753
491 753
491 754
497 754
497 755
502 755
502 756
507 756
507 757
531 757
531 756
532 756
532 755
533 755
533 754
535 754
535 753
544 753
544 752
548 752
548 753
549 753
549 755
550 755
550 756
551 756
551 757
552 757
552 759
553 759
553 760
554 760
554 761
555 761
555 762
557 762
557 763
559 763
559 764
560 764
560 765
561 765
561 766
562 766
562 767
563 767
563 769
564 769
564 772
565 772
565 773
566 773
566 774
567 774
567 775
568 775
568 776
571 776
571 777
574 777
574 778
577 778
577 779
578 779
578 780
579 780
579 781
585 781
585 782
586 782
586 783
588 783
588 784
589 784
589 785
593 785
593 786
604 786
604 785
606 785
606 786
612 786
612 787
621 787
621 788
627 788
627 789
639 789
639 790
640 790
640 791
641 791
641 792
642 792
642 794
643 794
643 795
644 795
644 796
645 796
645 797
647 797
647 798
649 798
649 799
651 799
651 800
652 800
652 801
653 801
653 802
655 802
655 803
657 803
657 804
659 804
659 805
661 805
661 806
662 806
662 807
663 807
663 809
664 809
664 810
665 810
665 811
666 811
666 812
668 812
668 813
670 813
670 814
672 814
672 815
675 815
675 816
676 816
676 817
678 817
678 818
680 818
680 819
682 819
682 820
684 820
684 821
687 821
687 822
695 822
695 823
696 823
696 824
703 824
703 825
708 825
708 826
716 826
716 827
720 827
720 828
724 828
724 829
727 829
727 830
729 830
729 831
732 831
732 832
737 832
737 833
739 833
739 832
747 832
747 833
752 833
752 832
758 832
758 833
767 833
767 832
768 832
768 829
769 829
769 824
768 824
768 807
767 807
767 804
768 804
768 797
767 797
767 788
768 788
768 787
769 787
769 786
778 786
778 785
781 785
781 784
784 784
784 783
789 783
789 782
790 782
790 781
791 781
791 780
792 780
792 779
795 779
795 780
796 780
796 781
797 781
797 782
798 782
798 783
799 783
799 784
800 784
800 785
801 785
801 786
802 786
802 787
803 787
803 788
804 788
804 789
806 789
806 790
807 790
807 791
808 791
808 792
809 792
809 794
810 794
810 799
811 799
811 802
812 802
812 805
813 805
813 807
814 807
814 808
815 808
815 810
816 810
816 812
817 812
817 814
818 814
818 816
819 816
819 817
820 817
820 818
822 818
822 819
823 819
823 820
824 820
824 821
828 821
828 822
831 822
831 823
833 823
833 824
837 824
837 825
843 825
843 826
852 826
852 825
853 825
853 824
855 824
855 823
857 823
857 822
862 822
862 821
864 821
864 820
865 820
865 818
866 818
866 811
869 811
869 810
880 810
880 811
883 811
883 810
884 810
884 809
887 809
887 808
890 808
890 807
892 807
892 806
900 806
900 805
917 805
917 804
919 804
919 803
922 803
922 802
924 802
924 801
926 801
926 800
929 800
929 799
935 799
935 800
945 800
945 801
949 801
949 802
952 802
952 803
959 803
959 804
960 804
960 803
968 803
968 804
970 804
970 805
973 805
973 806
976 806
976 807
980 807
980 808
993 808
993 807
996 807
996 808
1004 808
1004 809
1008 809
1008 810
1014 810
1014 811
1015 811
1015 812
1020 812
1020 813
1022 813
1022 814
1024 814
1024 815
1027 815
1027 816
1029 816
1029 817
1032 817
1032 818
1035 818
1035 819
1039 819
1039 820
1048 820
1048 821
1059 821
1059 822
1061 822
1061 823
1063 823
1063 824
1064 824
1064 825
1066 825
1066 826
1068 826
1068 827
1070 827
1070 828
1072 828
1072 829
1075 829
1075 830
1085 830
1085 831
1086 831
1086 840
1087 840
1087 857
1088 857
1088 871
1089 871
1089 873
1090 873
1090 875
1091 875
1091 876
1092 876
1092 877
1093 877
1093 878
1094 878
1094 879
1095 879
1095 880
1097 880
1097 881
1098 881
1098 882
1100 882
1100 883
1114 883
1114 882
1118 882
1118 881
1119 881
1119 882
1121 882
1121 883
1122 883
1122 884
1123 884
1123 885
1124 885
1124 886
1125 886
1125 887
1126 887
1126 888
1128 888
1128 889
1129 889
1129 890
1132 890
1132 891
1133 891
1133 892
1145 892
1145 891
1156 891
1156 890
1158 890
1158 889
1159 889
1159 888
1160 888
1160 887
1162 887
1162 886
1167 886
1167 879
1168 879
1168 878
1169 878
1169 877
1178 877
1178 876
1191 876
1191 877
1197 877
1197 878
1203 878
1203 879
1207 879
1207 880
1210 880
1210 881
1211 881
1211 882
1214 882
1214 883
1216 883
1216 884
1217 884
1217 885
1218 885
1218 886
1219 886
1219 887
1220 887
1220 888
1222 888
1222 889
1223 889
1223 890
1225 890
1225 891
1226 891
1226 892
1229 892
1229 893
1232 893
1232 894
1237 894
1237 895
1239 895
1239 896
1244 896
1244 897
1246 897
1246 898
1251 898
1251 899
1256 899
1256 900
1278 900
1278 901
1284 901
1284 902
1291 902
1291 901
1293 901
1293 900
1295 900
1295 899
1296 899
1296 892
1295 892
1295 884
1296 884
1296 883
1301 883
1301 882
1309 882
1309 881
1327 881
1327 880
1329 880
1329 881
1333 881
1333 880
1343 880
1343 881
1352 881
1352 880
1376 880
1376 879
1392 879
1392 878
1393 878
1393 877
1394 877
1394 876
1395 876
1395 875
1399 875
1399 876
1402 876
1402 877
1403 877
1403 878
1404 878
1404 883
1405 883
1405 893
1406 893
1406 897
1407 897
1407 899
1408 899
1408 900
1409 900
1409 901
1410 901
1410 902
1411 902
1411 903
1412 903
1412 904
1413 904
1413 905
1415 905
1415 906
1417 906
1417 907
1422 907
1422 908
1425 908
1425 909
1428 909
1428 908
1442 908
1442 909
1443 909
1443 910
1444 910
1444 911
1446 911
1446 912
1447 912
1447 913
1448 913
1448 914
1449 914
1449 915
1450 915
1450 916
1453 916
1453 917
1457 917
1457 918
1470 918
1470 917
1478 917
1478 916
1479 916
1479 915
1482 915
1482 914
1487 914
1487 913
1489 913
1489 912
1493 912
1493 911
1501 911
1501 910
1502 910
1502 909
1503 909
1503 908
1504 908
1504 907
1505 907
1505 906
1510 906
1510 905
1511 905
1511 904
1513 904
1513 903
1514 903
1514 902
1516 902
1516 901
1519 901
1519 900
1523 900
1523 899
1524 899
1524 898
1526 898
1526 897
1527 897
1527 896
1528 896
1528 895
1530 895
1530 894
1533 894
1533 893
1535 893
1535 892
1538 892
1538 891
1545 891
1545 890
1546 890
1546 889
1548 889
1548 888
1550 888
1550 887
1551 887
1551 886
1554 886
1554 885
1570 885
1570 884
1594 884
1594 883
1596 883
1596 882
1604 882
1604 881
1606 881
1606 880
1607 880
1607 879
1609 879
1609 878
1612 878
1612 877
1617 877
1617 876
1619 876
1619 875
1620 875
1620 874
1621 874
1621 873
1627 873
1627 872
1637 872
1637 873
1638 873
1638 872
1641 872
1641 871
1650 871
1650 870
1660 870
1660 871
1668 871
1668 870
1670 870
1670 871
1672 871
1672 870
1686 870
1686 869
1727 869
1727 870
1728 870
1728 871
1729 871
1729 870
1733 870
1733 869
1734 869
1734 868
1741 868
1741 869
1754 869
1754 868
1763 868
1763 867
1765 867
1765 866
1776 866
1776 865
1785 865
1785 864
1787 864
1787 863
1792 863
1792 864
1800 864
1800 865
1801 865
1801 866
1802 866
1802 867
1803 867
1803 868
1805 868
1805 869
1806 869
1806 870
1808 870
1808 871
1811 871
1811 872
1812 872
1812 873
1814 873
1814 874
1816 874
1816 875
1817 875
1817 876
1820 876
1820 877
1832 877
1832 878
1837 878
1837 877
1838 877
1838 878
1841 878
1841 879
1843 879
1843 882
1844 882
1844 884
1845 884
1845 887
1846 887
1846 889
1860 889
1860 888
1862 888
1862 887
1874 887
1874 888
1876 888
1876 889
1877 889
1877 890
1878 890
1878 891
1880 891
1880 892
1888 892
1888 891
1889 891
1889 890
1890 890
1890 891
1901 891
1901 890
1902 890
1902 888
1903 888
1903 887
1904 887
1904 886
1906 886
1906 885
1923 885
1923 884
1929 884
1929 883
1932 883
1932 882
1951 882
1951 881
1966 881
1966 880
1982 880
1982 879
1991 879
1991 880
1993 880
1993 881
1994 881
1994 882
1995 882
1995 883
1996 883
1996 885
1997 885
1997 886
1998 886
1998 887
1999 887
1999 888
2005 888
2005 886
2006 886
2006 885
2007 885
2007 886
2006 886
2006 888
2015 888
2015 887
2024 887
2024 886
2030 886
2030 885
2047 885
2047 884
2052 884
2052 883
2055 883
2055 882
2057 882
2057 881
2059 881
2059 880
2060 880
2060 879
2061 879
2061 878
2062 878
2062 874
2063 874
2063 873
2064 873
2064 872
2070 872
2070 871
2073 871
2073 870
2077 870
2077 869
2079 869
2079 868
2080 868
2080 867
2081 867
2081 866
2082 866
2082 865
2083 865
2083 866
2088 866
2088 865
2091 865
2091 864
2094 864
2094 863
2095 863
2095 864
2099 864
2099 863
2115 863
2115 864
2119 864
2119 863
2120 863
2120 862
2134 862
2134 861
2138 861
2138 860
2144 860
2144 859
2148 859
2148 858
2156 858
2156 859
2195 859
2195 862
2196 862
2196 867
2197 867
2197 868
2198 868
2198 869
2202 869
2202 870
2206 870
2206 871
2208 871
2208 872
2209 872
2209 873
2220 873
2220 872
2221 872
2221 871
2222 871
2222 870
2228 870
2228 871
2229 871
2229 872
2233 872
2233 871
2235 871
2235 870
2240 870
2240 871
2243 871
2243 872
2249 872
2249 873
2263 873
2263 872
2264 872
2264 871
2267 871
2267 870
2271 870
2271 869
2282 869
2282 870
2284 870
2284 871
2292 871
2292 872
2294 872
2294 873
2296 873
2296 874
2305 874
2305 873
2306 873
2306 872
2308 872
2308 873
2310 873
2310 874
2314 874
2314 870
2315 870
2315 869
2317 869
2317 868
2319 868
2319 867
2325 867
2325 868
2334 868
2334 867
2340 867
2340 866
2341 866
2341 865
2342 865
2342 864
2346 864
2346 865
2347 865
2347 866
2362 866
2362 865
2365 865
2365 864
2367 864
2367 863
2368 863
2368 862
2370 862
2370 861
2371 861
2371 860
2373 860
2373 859
2375 859
2375 858
2377 858
2377 857
2380 857
2380 856
2390 856
2390 855
2392 855
2392 854
2395 854
2395 853
2401 853
2401 852
2403 852
2403 851
2404 851
2404 850
2411 850
2411 849
2415 849
2415 848
2423 848
2423 846
2424 846
2424 845
2425 845
2425 844
2427 844
2427 842
2428 842
2428 841
2429 841
2429 840
2431 840
2431 839
2436 839
2436 838
2443 838
2443 839
2444 839
2444 840
2445 840
2445 841
2448 841
2448 842
2451 842
2451 843
2459 843
2459 842
2465 842
2465 843
2473 843
2473 841
2474 841
2474 840
2475 840
2475 839
2476 839
2476 838
2477 838
2477 837
2478 837
2478 836
2480 836
2480 835
2481 835
2481 834
2482 834
2482 833
2484 833
2484 832
2496 832
2496 831
2497 831
2497 832
2511 832
2511 831
2513 831
2513 830
2520 830
2520 831
2521 831
2521 830
2531 830
2531 831
2544 831
2544 830
2553 830
2553 831
2554 831
2554 832
2563 832
2563 833
2564 833
2564 834
2566 834
2566 833
2569 833
2569 832
2570 832
2570 831
2571 831
2571 830
2572 830
2572 829
2573 829
2573 827
2574 827
2574 825
2575 825
2575 809
2576 809
2576 805
2577 805
2577 800
2578 800
2578 799
2579 799
2579 798
2580 798
2580 797
2595 797
2595 796
2598 796
2598 795
2605 795
2605 794
2612 794
2612 795
2614 795
2614 796
2615 796
2615 797
2616 797
2616 798
2617 798
2617 799
2619 799
2619 800
2624 800
2624 801
2634 801
2634 802
2636 802
2636 801
2651 801
2651 800
2657 800
2657 799
2659 799
2659 798
2661 798
2661 797
2666 797
2666 796
2670 796
2670 795
2672 795
2672 794
2680 794
2680 793
2683 793
2683 792
2690 792
2690 793
2701 793
2701 792
2709 792
2709 793
2710 793
2710 794
2711 794
2711 795
2713 795
2713 796
2715 796
2715 797
2717 797
2717 798
2718 798
2718 797
2723 797
2723 796
2729 796
2729 797
2731 797
2731 798
2732 798
2732 799
2733 799
2733 800
2734 800
2734 801
2737 801
2737 802
2740 802
2740 803
2744 803
2744 802
2750 802
2750 803
2753 803
2753 804
2756 804
2756 805
2758 805
2758 806
2759 806
2759 807
2761 807
2761 808
2762 808
2762 809
2764 809
2764 810
2765 810
2765 811
2766 811
2766 814
2767 814
2767 815
2768 815
2768 816
2769 816
2769 817
2770 817
2770 818
2771 818
2771 819
2772 819
2772 820
2775 820
2775 821
2785 821
2785 822
2787 822
2787 823
2798 823
2798 822
2802 822
2802 821
2805 821
2805 820
2812 820
2812 819
2825 819
2825 818
2834 818
2834 819
2836 819
2836 818
2845 818
2845 817
2852 817
2852 816
2858 816
2858 815
2863 815
2863 814
2864 814
2864 813
2869 813
2869 812
2870 812
2870 811
2871 811
2871 810
2872 810
2872 809
2873 809
2873 808
2874 808
2874 807
2875 807
2875 806
2876 806
2876 805
2878 805
2878 804
2879 804
2879 803
2880 803
2880 801
2881 801
2881 799
2882 799
2882 796
2883 796
2883 794
2884 794
2884 792
2885 792
2885 790
2886 790
2886 789
2888 789
2888 788
2893 788
2893 787
2896 787
2896 786
2899 786
2899 787
2900 787
2900 788
2912 788
2912 789
2931 789
2931 788
2935 788
2935 787
2936 787
2936 786
2942 786
2942 785
2947 785
2947 786
2951 786
2951 787
2953 787
2953 788
2957 788
2957 789
2960 789
2960 790
2961 790
2961 791
2971 791
2971 792
2974 792
2974 793
2983 793
2983 792
2987 792
2987 791
2992 791
2992 790
2999 790
2999 789
3001 789
3001 787
3002 787
3002 786
3003 786
3003 785
3004 785
3004 784
3006 784
3006 783
3007 783
3007 781
3008 781
3008 780
3009 780
3009 779
3012 779
3012 778
3019 778
3019 779
3027 779
3027 778
3036 778
3036 779
3046 779
3046 778
3060 778
3060 779
3078 779
3078 780
3080 780
3080 781
3081 781
3081 782
3082 782
3082 786
3083 786
3083 789
3084 789
3084 791
3085 791
3085 792
3086 792
3086 793
3087 793
3087 794
3088 794
3088 795
3091 795
3091 796
3102 796
3102 797
3105 797
3105 796
3112 796
3112 797
3117 797
3117 798
3123 798
3123 799
3127 799
3127 800
3134 800
3134 799
3150 799
3150 800
3153 800
3153 799
3161 799
3161 800
3173 800
3173 799
3176 799
3176 800
3182 800
3182 799
3186 799
3186 798
3212 798
3212 797
3221 797
3221 796
3226 796
3226 795
3227 795
3227 794
3229 794
3229 793
3235 793
3235 792
3242 792
3242 791
3249 791
3249 790
3251 790
3251 788
3252 788
3252 787
3253 787
3253 786
3259 786
3259 785
3262 785
3262 784
3263 784
3263 783
3264 783
3264 782
3266 782
3266 781
3268 781
3268 780
3272 780
3272 779
3280 779
3280 778
3283 778
3283 777
3285 777
3285 776
3286 776
3286 775
3287 775
3287 773
3288 773
3288 772
3290 772
3290 771
3292 771
3292 769
3293 769
3293 767
3294 767
3294 765
3295 765
3295 763
3296 763
3296 761
3297 761
3297 760
3298 760
3298 759
3302 759
3302 758
3306 758
3306 757
3308 757
3308 756
3309 756
3309 755
3313 755
3313 754
3320 754
3320 755
3326 755
3326 754
3333 754
3333 753
3342 753
3342 752
3349 752
3349 753
3352 753
3352 752
3356 752
3356 751
3364 751
3364 750
3365 750
3365 749
3366 749
3366 747
3367 747
3367 744
3368 744
3368 743
3369 743
3369 741
3371 741
3371 739
3372 739
3372 738
3373 738
3373 737
3374 737
3374 736
3375 736
3375 735
3376 735
3376 734
3378 734
3378 733
3395 733
3395 732
3398 732
3398 731
3400 731
3400 730
3406 730
3406 729
3408 729
3408 728
3410 728
3410 727
3411 727
3411 726
3413 726
3413 725
3417 725
3417 724
3419 724
3419 723
3422 723
3422 722
3423 722
3423 720
3424 720
3424 719
3425 719
3425 718
3427 718
3427 717
3432 717
3432 716
3434 716
3434 715
3437 715
3437 714
3444 714
3444 715
3448 715
3448 716
3454 716
3454 715
3455 715
3455 714
3458 714
3458 713
3462 713
3462 712
3465 712
3465 711
3468 711
3468 710
3470 710
3470 709
3472 709
3472 708
3473 708
3473 707
3475 707
3475 706
3478 706
3478 705
3479 705
3479 704
3482 704
3482 703
3483 703
3483 702
3485 702
3485 701
3486 701
3486 700
3487 700
3487 699
3488 699
3488 698
3489 698
3489 697
3490 697
3490 696
3491 696
3491 695
3492 695
3492 694
3493 694
3493 684
3492 684
3492 679
3493 679
3493 673
3494 673
3494 671
3495 671
3495 669
3496 669
3496 668
3497 668
3497 667
3498 667
3498 666
3502 666
3502 665
3514 665
3514 664
3515 664
3515 662
3516 662
3516 655
3517 655
3517 653
3518 653
3518 622
3519 622
3519 617
3520 617
3520 616
3521 616
3521 615
3523 615
3523 614
3540 614
3540 613
3547 613
3547 614
3548 614
3548 615
3549 615
3549 617
3550 617
3550 621
3551 621
3551 624
3552 624
3552 629
3553 629
3553 631
3554 631
3554 633
3555 633
3555 637
3556 637
3556 638
3557 638
3557 640
3558 640
3558 642
3559 642
3559 644
3560 644
3560 650
3561 650
3561 656
3562 656
3562 659
3563 659
3563 661
3564 661
3564 662
3565 662
3565 663
3566 663
3566 665
3567 665
3567 670
3566 670
3566 683
3567 683
3567 691
3568 691
3568 699
3569 699
3569 713
3570 713
3570 717
3571 717
3571 719
3572 719
3572 722
3573 722
3573 723
3574 723
3574 724
3575 724
3575 725
3576 725
3576 726
3578 726
3578 727
3591 727
3591 726
3598 726
3598 725
3601 725
3601 724
3603 724
3603 723
3604 723
3604 722
3608 722
3608 721
3609 721
3609 719
3610 719
3610 718
3611 718
3611 712
3612 712
3612 703
3613 703
3613 702
3614 702
3614 698
3615 698
3615 696
3616 696
3616 694
3617 694
3617 693
3618 693
3618 692
3619 692
3619 691
3621 691
3621 690
3624 690
3624 684
3625 684
3625 682
3626 682
3626 680
3627 680
3627 679
3629 679
3629 678
3635 678
3635 677
3636 677
3636 676
3637 676
3637 675
3642 675
3642 676
3643 676
3643 681
3644 681
3644 682
3653 682
3653 681
3656 681
3656 676
3657 676
3657 670
3658 670
3658 662
3659 662
3659 659
3660 659
3660 658
3661 658
3661 656
3662 656
3662 655
3663 655
3663 654
3665 654
3665 653
3667 653
3667 652
3669 652
3669 651
3670 651
3670 650
3671 650
3671 649
3678 649
3678 648
3686 648
3686 647
3688 647
3688 646
3689 646
3689 645
3691 645
3691 644
3694 644
3694 643
3698 643
3698 642
3700 642
3700 641
3702 641
3702 640
3709 640
3709 639
3710 639
3710 638
3722 638
3722 639
3725 639
3725 638
3726 638
3726 637
3727 637
3727 636
3728 636
3728 635
3732 635
3732 634
3740 634
3740 635
3741 635
3741 636
3749 636
3749 635
3758 635
3758 634
3762 634
3762 633
3766 633
3766 632
3770 632
3770 631
3773 631
3773 630
3774 630
3774 629
3775 629
3775 628
3778 628
3778 626
3779 626
3779 623
3780 623
3780 622
3781 622
3781 621
3782 621
3782 614
3783 614
3783 591
3784 591
3784 589
3785 589
3785 591
3784 591
3784 614
3783 614
3783 621
3782 621
3782 622
3781 622
3781 623
3780 623
3780 626
3779 626
3779 629
3775 629
3775 630
3774 630
3774 631
3773 631
3773 632
3770 632
3770 633
3766 633
3766 634
3762 634
3762 635
3758 635
3758 636
3749 636
3749 637
3741 637
3741 636
3740 636
3740 635
3732 635
3732 636
3728 636
3728 637
3727 637
3727 638
3726 638
3726 640
3722 640
3722 639
3710 639
3710 640
3709 640
3709 641
3702 641
3702 642
3700 642
3700 643
3698 643
3698 644
3694 644
3694 645
3691 645
3691 646
3689 646
3689 647
3688 647
3688 648
3686 648
3686 649
3678 649
3678 650
3671 650
3671 651
3670 651
3670 652
3669 652
3669 653
3667 653
3667 654
3665 654
3665 655
3663 655
3663 656
3662 656
3662 658
3661 658
3661 659
3660 659
3660 662
3659 662
3659 670
3658 670
3658 676
3657 676
3657 681
3656 681
3656 682
3653 682
3653 683
3644 683
3644 682
3643 682
3643 681
3642 681
3642 676
3637 676
3637 677
3636 677
3636 678
3635 678
3635 679
3629 679
3629 680
3627 680
3627 682
3626 682
3626 684
3625 684
3625 691
3621 691
3621 692
3619 692
3619 693
3618 693
3618 694
3617 694
3617 696
3616 696
3616 698
3615 698
3615 702
3614 702
3614 703
3613 703
3613 712
3612 712
3612 718
3611 718
3611 719
3610 719
3610 721
3609 721
3609 722
3608 722
3608 723
3604 723
3604 724
3603 724
3603 725
3601 725
3601 726
3598 726
3598 727
3591 727
3591 728
3578 728
3578 727
3576 727
3576 726
3575 726
3575 725
3574 725
3574 724
3573 724
3573 723
3572 723
3572 722
3571 722
3571 719
3570 719
3570 717
3569 717
3569 713
3568 713
3568 699
3567 699
3567 691
3566 691
3566 683
3565 683
3565 670
3566 670
3566 665
3565 665
3565 663
3564 663
3564 662
3563 662
3563 661
3562 661
3562 659
3561 659
3561 656
3560 656
3560 650
3559 650
3559 644
3558 644
3558 642
3557 642
3557 640
3556 640
3556 638
3555 638
3555 637
3554 637
3554 633
3553 633
3553 631
3552 631
3552 629
3551 629
3551 624
3550 624
3550 621
3549 621
3549 617
3548 617
3548 615
3547 615
3547 614
3540 614
3540 615
3523 615
3523 616
3521 616
3521 617
3520 617
3520 622
3519 622
3519 653
3518 653
3518 655
3517 655
3517 662
3516 662
3516 664
3515 664
3515 665
3514 665
3514 666
3502 666
3502 667
3498 667
3498 668
3497 668
3497 669
3496 669
3496 671
3495 671
3495 673
3494 673
3494 679
3493 679
3493 684
3494 684
3494 694
3493 694
3493 695
3492 695
3492 696
3491 696
3491 697
3490 697
3490 698
3489 698
3489 699
3488 699
3488 700
3487 700
3487 701
3486 701
3486 702
3485 702
3485 703
3483 703
3483 704
3482 704
3482 705
3479 705
3479 706
3478 706
3478 707
3475 707
3475 708
3473 708
3473 709
3472 709
3472 710
3470 710
3470 711
3468 711
3468 712
3465 712
3465 713
3462 713
3462 714
3458 714
3458 715
3455 715
3455 716
3454 716
3454 717
3448 717
3448 716
3444 716
3444 715
3437 715
3437 716
3434 716
3434 717
3432 717
3432 718
3427 718
3427 719
3425 719
3425 720
3424 720
3424 722
3423 722
3423 723
3422 723
3422 724
3419 724
3419 725
3417 725
3417 726
3413 726
3413 727
3411 727
3411 728
3410 728
3410 729
3408 729
3408 730
3406 730
3406 731
3400 731
3400 732
3398 732
3398 733
3395 733
3395 734
3378 734
3378 735
3376 735
3376 736
3375 736
3375 737
3374 737
3374 738
3373 738
3373 739
3372 739
3372 741
3371 741
3371 742
3370 742
3370 743
3369 743
3369 744
3368 744
3368 747
3367 747
3367 749
3366 749
3366 750
3365 750
3365 751
3364 751
3364 752
3356 752
3356 753
3352 753
3352 754
3349 754
3349 753
3342 753
3342 754
3333 754
3333 755
3326 755
3326 756
3320 756
3320 755
3313 755
3313 756
3309 756
3309 757
3308 757
3308 758
3306 758
3306 759
3302 759
3302 760
3298 760
3298 761
3297 761
3297 763
3296 763
3296 765
3295 765
3295 767
3294 767
3294 769
3293 769
3293 771
3292 771
3292 772
3290 772
3290 773
3288 773
3288 775
3287 775
