3208 529
3209 529
3209 532
3210 532
3210 534
3211 534
3211 536
3212 536
3212 538
3213 538
3213 539
3214 539
3214 540
3216 540
3216 541
3224 541
3224 540
3225 540
3225 539
3226 539
3226 532
3227 532
3227 527
3228 527
3228 526
3229 526
3229 524
3230 524
3230 517
3231 517
3231 512
3232 512
3232 511
3233 511
3233 510
3240 510
3240 511
3249 511
3249 512
3251 512
3251 513
3252 513
3252 514
3253 514
3253 516
3254 516
3254 519
3255 519
3255 521
3256 521
3256 522
3258 522
3258 523
3259 523
3259 524
3262 524
3262 525
3264 525
3264 526
3269 526
3269 525
3275 525
3275 524
3276 524
3276 523
3278 523
3278 522
3281 522
3281 521
3283 521
3283 520
3285 520
3285 519
3286 519
3286 517
3287 517
3287 516
3288 516
3288 512
3289 512
3289 509
3290 509
3290 506
3291 506
3291 505
3292 505
3292 504
3293 504
3293 503
3294 503
3294 502
3295 502
3295 501
3296 501
3296 500
3297 500
3297 499
3298 499
3298 497
3299 497
3299 493
3300 493
3300 491
3301 491
3301 490
3302 490
3302 489
3304 489
3304 487
3305 487
3305 486
3306 486
3306 485
3307 485
3307 484
3308 484
3308 483
3309 483
3309 482
3310 482
3310 481
3312 481
3312 480
3315 480
3315 479
3318 479
3318 478
3319 478
3319 477
3320 477
3320 476
3322 476
3322 475
3324 475
3324 474
3325 474
3325 473
3326 473
3326 472
3328 472
3328 471
3329 471
3329 470
3330 470
3330 469
3331 469
3331 467
3332 467
3332 465
3333 465
3333 437
3332 437
3332 398
3331 398
3331 382
3332 382
3332 378
3333 378
3333 377
3334 377
3334 376
3336 376
3336 375
3339 375
3339 374
3340 374
3340 373
3342 373
3342 372
3343 372
3343 352
3344 352
3344 351
3355 351
3355 352
3357 352
3357 353
3359 353
3359 354
3360 354
3360 355
3361 355
3361 356
3364 356
3364 357
3365 357
3365 358
3366 358
3366 359
3367 359
3367 360
3368 360
3368 361
3369 361
3369 362
3371 362
3371 363
3372 363
3372 364
3377 364
3377 363
3385 363
3385 362
3389 362
3389 361
3391 361
3391 362
3394 362
3394 361
3400 361
3400 360
3401 360
3401 359
3402 359
3402 358
3403 358
3403 357
3405 357
3405 355
3406 355
3406 353
3407 353
3407 352
3408 352
3408 351
3413 351
3413 350
3417 350
3417 349
3421 349
3421 347
3422 347
3422 344
3423 344
3423 343
3424 343
3424 341
3425 341
3425 340
3426 340
3426 339
3427 339
3427 338
3428 338
3428 337
3430 337
3430 336
3431 336
3431 335
3433 335
3433 334
3435 334
3435 333
3436 333
3436 332
3438 332
3438 328
3439 328
3439 326
3440 326
3440 325
3441 325
3441 324
3442 324
3442 323
3443 323
3443 322
3444 322
3444 321
3446 321
3446 320
3447 320
3447 321
3446 321
3446 322
3444 322
3444 323
3443 323
3443 324
3442 324
3442 325
3441 325
3441 326
3440 326
3440 328
3439 328
3439 332
3438 332
3438 333
3436 333
3436 334
3435 334
3435 335
3433 335
3433 336
3431 336
3431 337
3430 337
3430 338
3428 338
3428 339
3427 339
3427 340
3426 340
3426 341
3425 341
3425 343
3424 343
3424 344
3423 344
3423 347
3422 347
3422 350
3417 350
3417 351
3413 351
3413 352
3408 352
3408 353
3407 353
3407 355
3406 355
3406 358
3403 358
3403 359
3402 359
3402 360
3401 360
3401 361
3400 361
3400 362
3394 362
3394 363
3391 363
3391 362
3389 362
3389 363
3385 363
3385 364
3377 364
3377 365
3372 365
3372 364
3371 364
3371 363
3369 363
3369 362
3368 362
3368 361
3367 361
3367 360
3366 360
3366 359
3365 359
3365 358
3364 358
3364 357
3361 357
3361 356
3360 356
3360 355
3359 355
3359 354
3357 354
3357 353
3355 353
3355 352
3344 352
3344 372
3343 372
3343 373
3342 373
3342 374
3340 374
3340 375
3339 375
3339 376
3336 376
3336 377
3334 377
3334 378
3333 378
3333 383
3332 383
3332 398
3333 398
3333 437
3334 437
3334 465
3333 465
3333 467
3332 467
3332 469
3331 469
3331 470
3330 470
3330 471
3329 471
3329 472
3328 472
3328 473
3326 473
3326 474
3325 474
3325 475
3324 475
3324 476
3322 476
3322 477
3320 477
3320 478
3319 478
3319 479
3318 479
3318 480
3315 480
3315 481
3312 481
3312 482
3310 482
3310 483
3309 483
3309 484
3308 484
3308 485
3307 485
3307 486
3306 486
3306 487
3305 487
3305 489
3304 489
3304 490
3302 490
3302 491
3301 491
3301 493
3300 493
3300 497
3299 497
3299 499
3298 499
3298 500
3297 500
3297 501
3296 501
3296 502
3295 502
3295 503
3294 503
3294 504
3293 504
3293 505
3292 505
3292 506
3291 506
3291 509
3290 509
3290 512
3289 512
3289 516
3288 516
3288 517
3287 517
3287 519
3286 519
3286 520
3285 520
3285 521
3283 521
3283 522
3281 522
3281 523
3278 523
3278 524
3276 524
3276 525
3275 525
3275 526
3269 526
3269 527
3264 527
3264 526
3262 526
3262 525
3259 525
3259 524
3258 524
3258 523
3256 523
3256 522
3255 522
3255 521
3254 521
3254 519
3253 519
3253 516
3252 516
3252 514
3251 514
3251 513
3249 513
3249 512
3240 512
3240 511
3233 511
3233 512
3232 512
3232 517
3231 517
3231 524
3230 524
3230 526
3229 526
3229 527
3228 527
3228 532
3227 532
3227 539
3226 539
3226 540
3225 540
3225 541
3224 541
3224 542
3216 542
3216 541
3214 541
3214 540
3213 540
3213 539
3212 539
3212 538
3211 538
3211 536
3210 536
3210 534
3209 534
3209 532
3208 532
3208 529
3207 529
3207 527
3206 527
3206 526
3204 526
3204 525
3203 525
3203 524
3202 524
3202 523
3199 523
3199 522
3197 522
3197 521
3196 521
3196 520
3194 520
3194 519
3193 519
3193 518
3192 518
3192 516
3191 516
3191 515
3190 515
3190 514
3187 514
3187 513
3185 513
3185 512
3184 512
3184 511
3183 511
3183 510
3182 510
3182 509
3181 509
3181 508
3180 508
3180 507
3179 507
3179 506
3178 506
3178 504
3177 504
3177 501
3176 501
3176 499
3175 499
3175 496
3167 496
3167 497
3168 497
3168 512
3169 512
3169 521
3168 521
3168 529
3169 529
3169 542
3168 542
3168 545
3167 545
3167 546
3166 546
3166 549
3165 549
3165 552
3164 552
3164 553
3163 553
3163 554
3162 554
3162 555
3160 555
3160 556
3158 556
3158 557
3151 557
3151 556
3149 556
3149 555
3147 555
3147 554
3146 554
3146 553
3145 553
3145 552
3144 552
3144 551
3137 551
3137 552
3136 552
3136 553
3135 553
3135 554
3134 554
3134 555
3131 555
3131 556
3129 556
3129 557
3121 557
3121 558
3120 558
3120 557
3106 557
3106 558
3105 558
3105 561
3104 561
3104 563
3103 563
3103 564
3102 564
3102 565
3101 565
3101 566
3100 566
3100 567
3098 567
3098 568
3097 568
3097 569
3095 569
3095 570
3092 570
3092 571
3091 571
3091 578
3092 578
3092 588
3091 588
3091 592
3090 592
3090 594
3089 594
3089 595
3088 595
3088 596
3086 596
3086 597
3078 597
3078 598
3075 598
3075 599
3073 599
3073 600
3071 600
3071 601
3070 601
3070 602
3069 602
3069 603
3068 603
3068 604
3067 604
3067 605
3066 605
3066 606
3065 606
3065 607
3061 607
3061 608
3058 608
3058 609
3057 609
3057 610
3056 610
3056 611
3055 611
3055 612
3054 612
3054 613
3053 613
3053 614
3051 614
3051 615
3050 615
3050 618
3049 618
3049 620
3048 620
3048 622
3047 622
3047 623
3045 623
3045 624
3044 624
3044 625
3040 625
3040 626
3035 626
3035 625
3031 625
3031 624
3029 624
3029 623
3028 623
3028 622
3027 622
3027 620
3026 620
3026 619
3025 619
3025 618
3024 618
3024 615
3023 615
3023 610
3022 610
3022 604
3021 604
3021 603
3019 603
3019 604
3018 604
3018 606
3017 606
3017 608
3016 608
3016 609
3015 609
3015 610
3014 610
3014 611
3013 611
3013 613
3012 613
3012 614
3011 614
3011 615
3009 615
3009 616
3007 616
3007 618
3006 618
3006 623
3005 623
3005 625
3004 625
3004 626
3003 626
3003 627
3002 627
3002 630
3001 630
3001 632
3000 632
3000 633
2999 633
2999 634
2996 634
2996 635
2994 635
2994 636
2992 636
2992 637
2991 637
2991 638
2990 638
2990 640
2989 640
2989 657
2990 657
2990 668
2989 668
2989 670
2988 670
2988 674
2987 674
2987 675
2986 675
2986 676
2985 676
2985 677
2984 677
2984 678
2983 678
2983 679
2981 679
2981 680
2971 680
2971 681
2967 681
2967 680
2960 680
2960 681
2957 681
2957 682
2953 682
2953 683
2944 683
2944 682
2939 682
2939 681
2938 681
2938 680
2937 680
2937 679
2934 679
2934 678
2927 678
2927 679
2916 679
2916 680
2913 680
2913 681
2911 681
2911 682
2909 682
2909 683
2902 683
2902 684
2892 684
2892 685
2889 685
2889 684
2885 684
2885 683
2882 683
2882 682
2879 682
2879 681
2872 681
2872 682
2866 682
2866 683
2865 683
2865 682
2859 682
2859 683
2846 683
2846 684
2843 684
2843 685
2842 685
2842 686
2841 686
2841 687
2840 687
2840 688
2839 688
2839 689
2836 689
2836 690
2830 690
2830 691
2826 691
2826 692
2822 692
2822 693
2821 693
2821 694
2820 694
2820 695
2819 695
2819 696
2818 696
2818 697
2817 697
2817 698
2815 698
2815 699
2809 699
2809 700
2802 700
2802 699
2798 699
2798 698
2797 698
2797 697
2794 697
2794 696
2792 696
2792 695
2789 695
2789 694
2787 694
2787 693
2786 693
2786 692
2785 692
2785 691
2784 691
2784 690
2783 690
2783 689
2782 689
2782 688
2779 688
2779 687
2769 687
2769 688
2765 688
2765 687
2762 687
2762 686
2761 686
2761 685
2759 685
2759 684
2757 684
2757 683
2753 683
2753 682
2743 682
2743 683
2742 683
2742 684
2734 684
2734 685
2732 685
2732 686
2729 686
2729 687
2727 687
2727 688
2725 688
2725 687
2716 687
2716 688
2713 688
2713 689
2702 689
2702 690
2694 690
2694 692
2693 692
2693 693
2692 693
2692 694
2691 694
2691 695
2690 695
2690 696
2689 696
2689 697
2688 697
2688 698
2687 698
2687 699
2686 699
2686 700
2685 700
2685 701
2683 701
2683 702
2682 702
2682 703
2681 703
2681 704
2680 704
2680 705
2676 705
2676 706
2673 706
2673 707
2668 707
2668 706
2664 706
2664 705
2658 705
2658 706
2655 706
2655 731
2656 731
2656 745
2657 745
2657 756
2656 756
2656 759
2655 759
2655 760
2653 760
2653 761
2652 761
2652 762
2648 762
2648 763
2638 763
2638 764
2622 764
2622 763
2618 763
2618 762
2616 762
2616 761
2606 761
2606 760
2591 760
2591 759
2589 759
2589 758
2586 758
2586 757
2579 757
2579 756
2572 756
2572 757
2568 757
2568 756
2566 756
2566 755
2557 755
2557 754
2554 754
2554 753
2552 753
2552 752
2550 752
2550 751
2540 751
2540 750
2531 750
2531 749
2512 749
2512 750
2508 750
2508 751
2504 751
2504 752
2502 752
2502 753
2492 753
2492 752
2491 752
2491 751
2490 751
2490 750
2489 750
2489 749
2488 749
2488 748
2487 748
2487 746
2486 746
2486 744
2485 744
2485 740
2484 740
2484 739
2483 739
2483 734
2482 734
2482 733
2478 733
2478 732
2477 732
2477 731
2476 731
2476 730
2475 730
2475 728
2474 728
2474 727
2473 727
2473 725
2472 725
2472 721
2471 721
2471 716
2470 716
2470 715
2469 715
2469 714
2468 714
2468 712
2467 712
2467 711
2466 711
2466 708
2465 708
2465 701
2464 701
2464 700
2463 700
2463 699
2460 699
2460 698
2457 698
2457 697
2456 697
2456 696
2455 696
2455 695
2452 695
2452 694
2450 694
2450 693
2448 693
2448 692
2447 692
2447 691
2446 691
2446 690
2445 690
2445 689
2444 689
2444 687
2443 687
2443 684
2442 684
2442 678
2437 678
2437 679
2436 679
2436 680
2433 680
2433 681
2430 681
2430 682
2429 682
2429 683
2428 683
2428 688
2427 688
2427 693
2426 693
2426 694
2425 694
2425 702
2424 702
2424 722
2423 722
2423 723
2422 723
2422 726
2421 726
2421 728
2420 728
2420 730
2419 730
2419 732
2418 732
2418 734
2417 734
2417 743
2418 743
2418 744
2417 744
2417 745
2416 745
2416 746
2414 746
2414 747
2413 747
2413 748
2412 748
2412 750
2411 750
2411 751
2410 751
2410 752
2407 752
2407 753
2406 753
2406 754
2403 754
2403 755
2401 755
2401 756
2394 756
2394 755
2393 755
2393 750
2394 750
2394 748
2393 748
2393 747
2392 747
2392 746
2391 746
2391 745
2385 745
2385 744
2375 744
2375 745
2370 745
2370 746
2365 746
2365 745
2364 745
2364 744
2361 744
2361 743
2353 743
2353 742
2350 742
2350 741
2345 741
2345 740
2339 740
2339 741
2328 741
2328 742
2325 742
2325 743
2322 743
2322 744
2319 744
2319 745
2317 745
2317 746
2315 746
2315 747
2313 747
2313 748
2306 748
2306 749
2303 749
2303 750
2301 750
2301 751
2294 751
2294 750
2289 750
2289 749
2287 749
2287 748
2285 748
2285 747
2279 747
2279 748
2270 748
2270 751
2269 751
2269 764
2268 764
2268 766
2267 766
2267 767
2266 767
2266 768
2260 768
2260 769
2255 769
2255 768
2250 768
2250 767
2249 767
2249 766
2248 766
2248 765
2247 765
2247 764
2246 764
2246 762
2245 762
2245 761
2244 761
2244 757
2243 757
2243 753
2242 753
2242 752
2240 752
2240 751
2238 751
2238 750
2236 750
2236 749
2235 749
2235 748
2234 748
2234 746
2233 746
2233 745
2232 745
2232 737
2231 737
2231 730
2230 730
2230 729
2225 729
2225 728
2220 728
2220 727
2218 727
2218 747
2219 747
2219 765
2218 765
2218 767
2217 767
2217 769
2216 769
2216 770
2214 770
2214 771
2205 771
2205 772
2193 772
2193 771
2190 771
2190 770
2189 770
2189 768
2188 768
2188 767
2187 767
2187 765
2186 765
2186 762
2185 762
2185 759
2184 759
2184 754
2183 754
2183 744
2182 744
2182 743
2181 743
2181 742
2171 742
2171 743
2169 743
2169 744
2163 744
2163 745
2157 745
2157 748
2156 748
2156 754
2157 754
2157 758
2156 758
2156 759
2155 759
2155 760
2145 760
2145 761
2139 761
2139 760
2132 760
2132 759
2128 759
2128 758
2126 758
2126 757
2124 757
2124 756
2123 756
2123 755
2121 755
2121 754
2118 754
2118 753
2117 753
2117 752
2116 752
2116 751
2115 751
2115 750
2114 750
2114 749
2113 749
2113 746
2112 746
2112 745
2111 745
2111 744
2108 744
2108 743
2103 743
2103 742
2102 742
2102 741
2101 741
2101 740
2100 740
2100 739
2095 739
2095 740
2092 740
2092 739
2090 739
2090 740
2085 740
2085 741
2082 741
2082 742
2078 742
2078 741
2076 741
2076 740
2074 740
2074 739
2069 739
2069 738
2068 738
2068 737
2067 737
2067 736
2066 736
2066 737
2060 737
2060 738
2058 738
2058 737
2039 737
2039 736
2038 736
2038 735
2035 735
2035 734
2031 734
2031 735
2030 735
2030 736
2029 736
2029 737
2022 737
2022 739
2021 739
2021 738
2012 738
2012 739
2010 739
2010 737
2008 737
2008 736
1997 736
1997 735
1993 735
1993 734
1989 734
1989 733
1986 733
1986 732
1984 732
1984 731
1982 731
1982 730
1981 730
1981 729
1980 729
1980 728
1979 728
1979 727
1977 727
1977 726
1975 726
1975 725
1974 725
1974 724
1972 724
1972 723
1971 723
1971 722
1970 722
1970 721
1967 721
1967 718
1966 718
1966 713
1965 713
1965 709
1964 709
1964 704
1963 704
1963 703
1962 703
1962 702
1961 702
1961 701
1960 701
1960 700
1958 700
1958 699
1948 699
1948 701
1947 701
1947 709
1946 709
1946 710
1943 710
1943 711
1941 711
1941 712
1934 712
1934 713
1932 713
1932 716
1931 716
1931 719
1930 719
1930 720
1929 720
1929 723
1928 723
1928 724
1927 724
1927 725
1926 725
1926 726
1925 726
1925 727
1922 727
1922 728
1921 728
1921 729
1920 729
1920 730
1919 730
1919 731
1910 731
1910 732
1908 732
1908 731
1901 731
1901 730
1900 730
1900 729
1896 729
1896 728
1877 728
1877 729
1864 729
1864 734
1863 734
1863 736
1862 736
1862 737
1861 737
1861 738
1859 738
1859 739
1856 739
1856 740
1855 740
1855 744
1854 744
1854 745
1850 745
1850 746
1849 746
1849 745
1847 745
1847 744
1846 744
1846 743
1845 743
1845 725
1844 725
1844 722
1843 722
1843 721
1840 721
1840 720
1834 720
1834 721
1832 721
1832 722
1821 722
1821 721
1815 721
1815 720
1813 720
1813 719
1810 719
1810 718
1808 718
1808 717
1806 717
1806 716
1805 716
1805 715
1803 715
1803 714
1802 714
1802 713
1801 713
1801 712
1800 712
1800 711
1799 711
1799 709
1798 709
1798 708
1797 708
1797 706
1796 706
1796 703
1795 703
1795 696
1794 696
1794 687
1793 687
1793 676
1792 676
1792 672
1791 672
1791 670
1790 670
1790 668
1789 668
1789 667
1788 667
1788 666
1787 666
1787 665
1786 665
1786 664
1784 664
1784 663
1783 663
1783 662
1782 662
1782 661
1781 661
1781 660
1780 660
1780 659
1779 659
1779 657
1778 657
1778 656
1777 656
1777 653
1776 653
1776 650
1775 650
1775 649
1774 649
1774 648
1771 648
1771 647
1767 647
1767 648
1765 648
1765 649
1763 649
1763 651
1762 651
1762 653
1761 653
1761 654
1758 654
1758 655
1757 655
1757 656
1756 656
1756 657
1754 657
1754 658
1752 658
1752 659
1751 659
1751 660
1750 660
1750 661
1749 661
1749 662
1748 662
1748 663
1743 663
1743 664
1742 664
1742 665
1741 665
1741 667
1740 667
1740 670
1739 670
1739 671
1738 671
1738 676
1737 676
1737 677
1732 677
1732 676
1730 676
1730 675
1729 675
1729 674
1724 674
1724 673
1711 673
1711 672
1695 672
1695 671
1656 671
1656 670
1645 670
1645 669
1643 669
1643 668
1638 668
1638 667
1632 667
1632 666
1628 666
1628 665
1625 665
1625 664
1623 664
1623 663
1619 663
1619 662
1612 662
1612 661
1609 661
1609 660
1607 660
1607 659
1606 659
1606 658
1602 658
1602 657
1597 657
1597 656
1596 656
1596 655
1593 655
1593 654
1592 654
1592 653
1591 653
1591 652
1590 652
1590 651
1589 651
1589 650
1588 650
1588 649
1587 649
1587 648
1586 648
1586 647
1585 647
1585 643
1584 643
1584 636
1583 636
1583 631
1582 631
1582 623
1581 623
1581 616
1580 616
1580 605
1579 605
1579 601
1578 601
1578 600
1577 600
1577 599
1561 599
1561 600
1559 600
1559 601
1558 601
1558 602
1557 602
1557 603
1556 603
1556 604
1555 604
1555 605
1554 605
1554 606
1553 606
1553 607
1552 607
1552 608
1551 608
1551 609
1536 609
1536 610
1532 610
1532 609
1529 609
1529 608
1528 608
1528 607
1527 607
1527 606
1526 606
1526 605
1525 605
1525 604
1524 604
1524 603
1523 603
1523 602
1520 602
1520 601
1509 601
1509 600
1508 600
1508 599
1505 599
1505 598
1503 598
1503 597
1496 597
1496 596
1495 596
1495 595
1487 595
1487 594
1480 594
1480 593
1476 593
1476 592
1474 592
1474 591
1471 591
1471 590
1470 590
1470 589
1468 589
1468 588
1466 588
1466 587
1464 587
1464 586
1460 586
1460 585
1456 585
1456 584
1450 584
1450 583
1445 583
1445 582
1440 582
1440 581
1436 581
1436 580
1429 580
1429 579
1425 579
1425 578
1422 578
1422 577
1419 577
1419 576
1416 576
1416 575
1413 575
1413 574
1412 574
1412 573
1404 573
1404 572
1403 572
1403 571
1401 571
1401 570
1400 570
1400 569
1399 569
1399 567
1398 567
1398 566
1397 566
1397 565
1396 565
1396 563
1395 563
1395 560
1394 560
1394 556
1393 556
1393 548
1392 548
1392 544
1391 544
1391 540
1390 540
1390 537
1389 537
1389 531
1388 531
1388 527
1387 527
1387 523
1386 523
1386 520
1385 520
1385 519
1382 519
1382 518
1379 518
1379 517
1375 517
1375 516
1374 516
1374 517
1373 517
1373 518
1372 518
1372 519
1370 519
1370 520
1369 520
1369 521
1368 521
1368 522
1367 522
1367 524
1366 524
1366 525
1365 525
1365 526
1363 526
1363 528
1362 528
1362 529
1361 529
1361 530
1360 530
1360 531
1359 531
1359 532
1358 532
1358 533
1357 533
1357 534
1355 534
1355 535
1351 535
1351 536
1350 536
1350 539
1349 539
1349 542
1344 542
1344 543
1343 543
1343 546
1340 546
1340 547
1339 547
1339 548
1337 548
1337 549
1335 549
1335 550
1334 550
1334 552
1333 552
1333 553
1330 553
1330 554
1328 554
1328 555
1326 555
1326 556
1325 556
1325 557
1324 557
1324 558
1323 558
1323 559
1322 559
1322 560
1321 560
1321 561
1319 561
1319 562
1317 562
1317 572
1316 572
1316 574
1315 574
1315 575
1314 575
1314 576
1313 576
1313 577
1311 577
1311 578
1308 578
1308 579
1304 579
1304 580
1300 580
1300 581
1298 581
1298 582
1295 582
1295 583
1293 583
1293 584
1291 584
1291 585
1283 585
1283 586
1277 586
1277 587
1270 587
1270 588
1269 588
1269 587
1265 587
1265 586
1262 586
1262 585
1261 585
1261 584
1260 584
1260 583
1259 583
1259 582
1257 582
1257 581
1256 581
1256 580
1255 580
1255 579
1253 579
1253 578
1251 578
1251 577
1249 577
1249 576
1248 576
1248 575
1247 575
1247 574
1246 574
1246 573
1245 573
1245 572
1244 572
1244 570
1242 570
1242 569
1241 569
1241 568
1240 568
1240 567
1239 567
1239 566
1237 566
1237 565
1236 565
1236 564
1235 564
1235 563
1234 563
1234 562
1233 562
1233 561
1231 561
1231 560
1230 560
1230 559
1229 559
1229 558
1227 558
1227 557
1226 557
1226 556
1225 556
1225 555
1224 555
1224 554
1223 554
1223 552
1222 552
1222 551
1221 551
1221 550
1220 550
1220 548
1219 548
1219 545
1218 545
1218 542
1217 542
1217 537
1216 537
1216 528
1215 528
1215 521
1214 521
1214 516
1213 516
1213 512
1212 512
1212 510
1211 510
1211 506
1210 506
1210 502
1209 502
1209 496
1208 496
1208 482
1207 482
1207 476
1206 476
1206 475
1205 475
1205 474
1204 474
1204 473
1203 473
1203 472
1202 472
1202 471
1201 471
1201 470
1194 470
1194 469
1192 469
1192 470
1191 470
1191 471
1190 471
1190 472
1188 472
1188 473
1186 473
1186 474
1182 474
1182 475
1180 475
1180 476
1178 476
1178 477
1177 477
1177 478
1176 478
1176 479
1175 479
1175 480
1170 480
1170 481
1164 481
1164 482
1160 482
1160 483
1150 483
1150 482
1145 482
1145 481
1138 481
1138 482
1132 482
1132 483
1126 483
1126 484
1125 484
1125 485
1123 485
1123 486
1121 486
1121 487
1119 487
1119 488
1117 488
1117 489
1116 489
1116 490
1114 490
1114 491
1111 491
1111 492
1108 492
1108 491
1093 491
1093 490
1088 490
1088 489
1085 489
1085 488
1080 488
1080 487
1077 487
1077 486
1075 486
1075 485
1074 485
1074 484
1073 484
1073 483
1072 483
1072 482
1071 482
1071 481
1070 481
1070 480
1069 480
1069 479
1068 479
1068 478
1066 478
1066 477
1065 477
1065 476
1064 476
1064 475
1063 475
1063 474
1062 474
1062 473
1061 473
1061 472
1060 472
1060 471
1058 471
1058 470
1056 470
1056 469
1054 469
1054 468
1049 468
1049 467
1048 467
1048 466
1047 466
1047 465
1046 465
1046 463
1045 463
1045 461
1044 461
1044 460
1043 460
1043 459
1041 459
1041 458
1038 458
1038 457
1037 457
1037 456
1036 456
1036 455
1035 455
1035 454
1034 454
1034 453
1033 453
1033 452
1032 452
1032 448
1031 448
1031 445
1030 445
1030 432
1029 432
1029 427
1028 427
1028 425
1027 425
1027 423
1026 423
1026 421
1025 421
1025 420
1024 420
1024 418
1023 418
1023 414
1022 414
1022 409
1021 409
1021 399
1020 399
1020 396
1019 396
1019 394
1020 394
1020 388
1019 388
1019 383
1018 383
1018 376
1017 376
1017 362
1016 362
1016 361
1015 361
1015 360
1013 360
1013 359
1000 359
1000 358
998 358
998 357
995 357
995 356
994 356
994 355
982 355
982 356
981 356
981 357
978 357
978 358
975 358
975 359
973 359
973 360
971 360
971 361
969 361
969 362
968 362
968 363
961 363
961 364
952 364
952 363
948 363
948 362
947 362
947 361
945 361
945 360
944 360
944 359
943 359
943 358
939 358
939 357
927 357
927 356
924 356
924 355
922 355
922 354
920 354
920 353
917 353
917 352
914 352
914 351
912 351
912 350
910 350
910 349
909 349
909 348
907 348
907 347
904 347
904 346
900 346
900 345
899 345
899 344
898 344
898 343
897 343
897 342
896 342
896 341
893 341
893 340
891 340
891 339
888 339
888 338
886 338
886 337
885 337
885 336
884 336
884 334
883 334
883 333
882 333
882 331
881 331
881 322
880 322
880 319
879 319
879 306
878 306
878 304
877 304
877 303
874 303
874 302
873 302
873 301
871 301
871 300
870 300
870 299
869 299
869 298
868 298
868 296
867 296
867 294
866 294
866 291
865 291
865 280
864 280
864 277
862 277
862 276
861 276
861 275
860 275
860 274
859 274
859 273
858 273
858 272
857 272
857 271
856 271
856 269
855 269
855 265
854 265
854 255
853 255
853 237
852 237
852 232
851 232
851 231
849 231
849 230
846 230
846 231
839 231
839 230
836 230
836 229
832 229
832 228
828 228
828 227
826 227
826 226
824 226
824 225
823 225
823 224
822 224
822 223
821 223
821 222
820 222
820 221
819 221
819 220
816 220
816 219
814 219
814 218
813 218
813 217
807 217
807 216
805 216
805 215
802 215
802 214
798 214
798 213
791 213
791 212
789 212
789 211
786 211
786 212
785 212
785 213
784 213
784 214
782 214
782 215
781 215
781 216
779 216
779 217
778 217
778 218
777 218
777 219
776 219
776 221
772 221
772 222
769 222
769 223
768 223
768 224
767 224
767 225
766 225
766 226
764 226
764 227
762 227
762 228
753 228
753 227
752 227
752 226
753 226
753 227
762 227
762 226
764 226
764 225
766 225
766 224
767 224
767 223
768 223
768 222
769 222
769 221
772 221
772 220
775 220
775 219
776 219
776 218
777 218
777 217
778 217
778 216
779 216
779 215
781 215
781 214
782 214
782 213
784 213
784 212
785 212
785 211
786 211
786 210
789 210
789 211
791 211
791 212
798 212
798 213
802 213
802 214
805 214
805 215
807 215
807 216
813 216
813 217
814 217
814 218
816 218
816 219
819 219
819 220
820 220
820 221
821 221
821 222
822 222
822 223
823 223
823 224
824 224
824 225
826 225
826 226
828 226
828 227
832 227
832 228
836 228
836 229
839 229
839 230
846 230
846 229
849 229
849 230
851 230
851 231
852 231
852 232
853 232
853 237
854 237
854 255
855 255
855 265
856 265
856 269
857 269
857 271
858 271
858 272
859 272
859 273
860 273
860 274
861 274
861 275
862 275
862 276
864 276
864 277
865 277
865 280
866 280
866 291
867 291
867 294
868 294
868 296
869 296
869 298
870 298
870 299
871 299
871 300
873 300
873 301
874 301
874 302
877 302
877 303
878 303
878 304
879 304
879 306
880 306
880 319
881 319
881 322
882 322
882 331
883 331
883 333
884 333
884 334
885 334
885 336
886 336
886 337
888 337
888 338
891 338
891 339
893 339
893 340
896 340
896 341
897 341
897 342
898 342
898 343
899 343
899 344
900 344
900 345
904 345
904 346
907 346
907 347
909 347
909 348
910 348
910 349
912 349
912 350
914 350
914 351
917 351
917 352
920 352
920 353
922 353
922 354
924 354
924 355
927 355
927 356
939 356
939 357
943 357
943 358
944 358
944 359
945 359
945 360
947 360
947 361
948 361
948 362
952 362
952 363
961 363
961 362
968 362
968 361
969 361
969 360
971 360
971 359
973 359
973 358
975 358
975 357
978 357
978 356
981 356
981 355
982 355
982 354
994 354
994 355
995 355
995 356
998 356
998 357
1000 357
1000 358
1013 358
1013 359
1015 359
1015 360
1016 360
1016 361
1017 361
1017 362
1018 362
1018 376
1019 376
1019 383
1020 383
1020 388
1021 388
1021 394
1020 394
1020 396
1021 396
1021 399
1022 399
1022 409
1023 409
1023 414
1024 414
1024 418
1025 418
1025 420
1026 420
1026 421
1027 421
1027 423
1028 423
1028 425
1029 425
1029 427
1030 427
1030 432
1031 432
1031 445
1032 445
1032 448
1033 448
1033 452
1034 452
1034 453
1035 453
1035 454
1036 454
1036 455
1037 455
1037 456
1038 456
1038 457
1041 457
1041 458
1043 458
1043 459
1044 459
1044 460
1045 460
1045 461
1046 461
1046 463
1047 463
1047 465
1048 465
1048 466
1049 466
1049 467
1054 467
1054 468
1056 468
1056 469
1058 469
1058 470
1060 470
1060 471
1061 471
1061 472
1062 472
1062 473
1063 473
1063 474
1064 474
1064 475
1065 475
1065 476
1066 476
1066 477
1068 477
1068 478
1069 478
1069 479
1070 479
1070 480
1071 480
1071 481
1072 481
1072 482
1073 482
1073 483
1074 483
1074 484
1075 484
1075 485
1077 485
1077 486
1080 486
1080 487
1085 487
1085 488
1088 488
1088 489
1093 489
1093 490
1108 490
1108 491
1111 491
1111 490
1114 490
1114 489
1116 489
1116 488
1117 488
1117 487
1119 487
1119 486
1121 486
1121 485
1123 485
1123 484
1125 484
1125 483
1126 483
1126 482
1132 482
1132 481
1138 481
1138 480
1145 480
1145 481
1150 481
1150 482
1160 482
1160 481
1164 481
1164 480
1170 480
1170 479
1175 479
1175 478
1176 478
1176 477
1177 477
1177 476
1178 476
1178 475
1180 475
1180 474
1182 474
1182 473
1186 473
1186 472
1188 472
1188 471
1190 471
1190 470
1191 470
1191 469
1192 469
1192 468
1194 468
1194 469
1201 469
1201 470
1202 470
1202 471
1203 471
1203 472
1204 472
1204 473
1205 473
1205 474
1206 474
1206 475
1207 475
1207 476
1208 476
1208 482
1209 482
1209 496
1210 496
1210 502
1211 502
1211 506
1212 506
1212 510
1213 510
1213 512
1214 512
1214 516
1215 516
1215 521
1216 521
1216 528
1217 528
1217 537
1218 537
1218 542
1219 542
1219 545
1220 545
1220 548
1221 548
1221 550
1222 550
1222 551
1223 551
1223 552
1224 552
1224 554
1225 554
1225 555
1226 555
1226 556
1227 556
1227 557
1229 557
1229 558
1230 558
1230 559
1231 559
1231 560
1233 560
1233 561
1234 561
1234 562
1235 562
1235 563
1236 563
1236 564
1237 564
1237 565
1239 565
1239 566
1240 566
1240 567
1241 567
1241 568
1242 568
1242 569
1244 569
1244 570
1245 570
1245 572
1246 572
1246 573
1247 573
1247 574
1248 574
1248 575
1249 575
1249 576
1251 576
1251 577
1253 577
1253 578
1255 578
1255 579
1256 579
1256 580
1257 580
1257 581
1259 581
1259 582
1260 582
1260 583
1261 583
1261 584
1262 584
1262 585
1265 585
1265 586
1269 586
1269 587
1270 587
1270 586
1277 586
1277 585
1283 585
1283 584
1291 584
1291 583
1293 583
1293 582
1295 582
1295 581
1298 581
1298 580
1300 580
1300 579
1304 579
1304 578
1308 578
1308 577
1311 577
1311 576
1313 576
1313 575
1314 575
1314 574
1315 574
1315 572
1316 572
1316 561
1319 561
1319 560
1321 560
1321 559
1322 559
1322 558
1323 558
1323 557
1324 557
1324 556
1325 556
1325 555
1326 555
1326 554
1328 554
1328 553
1330 553
1330 552
1333 552
1333 550
1334 550
1334 549
1335 549
1335 548
1337 548
1337 547
1339 547
1339 546
1340 546
1340 545
1342 545
1342 543
1343 543
1343 542
1344 542
1344 541
1348 541
1348 539
1349 539
1349 536
1350 536
1350 535
1351 535
1351 534
1355 534
1355 533
1357 533
1357 532
1358 532
1358 531
1359 531
1359 530
1360 530
1360 529
1361 529
1361 528
1362 528
1362 526
1363 526
1363 525
1365 525
1365 524
1366 524
1366 522
1367 522
1367 521
1368 521
1368 520
1369 520
1369 519
1370 519
1370 518
1372 518
1372 517
1373 517
1373 516
1374 516
1374 515
1375 515
1375 516
1379 516
1379 517
1382 517
1382 518
1385 518
1385 519
1386 519
1386 520
1387 520
1387 523
1388 523
1388 527
1389 527
1389 531
1390 531
1390 537
1391 537
1391 540
1392 540
1392 544
1393 544
1393 548
1394 548
1394 556
1395 556
1395 560
1396 560
1396 563
1397 563
1397 565
1398 565
1398 566
1399 566
1399 567
1400 567
1400 569
1401 569
1401 570
1403 570
1403 571
1404 571
1404 572
1412 572
1412 573
1413 573
1413 574
1416 574
1416 575
1419 575
1419 576
1422 576
1422 577
1425 577
1425 578
1429 578
1429 579
1436 579
1436 580
1440 580
1440 581
1445 581
1445 582
1450 582
1450 583
1456 583
1456 584
1460 584
1460 585
1464 585
1464 586
1466 586
1466 587
1468 587
1468 588
1470 588
1470 589
1471 589
1471 590
1474 590
1474 591
1476 591
1476 592
1480 592
1480 593
1487 593
1487 594
1496 594
1496 596
1503 596
1503 597
1505 597
1505 598
1508 598
1508 599
1509 599
1509 600
1520 600
1520 601
1523 601
1523 602
1524 602
1524 603
1525 603
1525 604
1526 604
1526 605
1527 605
1527 606
1528 606
1528 607
1529 607
1529 608
1532 608
1532 609
1536 609
1536 608
1551 608
1551 607
1552 607
1552 606
1553 606
1553 605
1554 605
1554 604
1555 604
1555 603
1556 603
1556 602
1557 602
1557 601
1558 601
1558 600
1559 600
1559 599
1561 599
1561 598
1577 598
1577 599
1578 599
1578 600
1579 600
1579 601
1580 601
1580 605
1581 605
1581 616
1582 616
1582 623
1583 623
1583 631
1584 631
1584 636
1585 636
1585 643
1586 643
1586 647
1587 647
1587 648
1588 648
1588 649
1589 649
1589 650
1590 650
1590 651
1591 651
1591 652
1592 652
1592 653
1593 653
1593 654
1596 654
1596 655
1597 655
1597 656
1602 656
1602 657
1606 657
1606 658
1607 658
1607 659
1609 659
1609 660
1612 660
1612 661
1619 661
1619 662
1623 662
1623 663
1625 663
1625 664
1628 664
1628 665
1632 665
1632 666
1638 666
1638 667
1643 667
1643 668
1645 668
1645 669
1656 669
1656 670
1695 670
1695 671
1711 671
1711 672
1724 672
1724 673
1729 673
1729 674
1730 674
1730 675
1732 675
1732 676
1737 676
1737 671
1738 671
1738 670
1739 670
1739 667
1740 667
1740 665
1741 665
1741 664
1742 664
1742 663
1743 663
1743 662
1748 662
1748 661
1749 661
1749 660
1750 660
1750 659
1751 659
1751 658
1752 658
1752 657
1754 657
1754 656
1756 656
1756 655
1757 655
1757 654
1758 654
1758 653
1761 653
1761 651
1762 651
1762 649
1763 649
1763 648
1765 648
1765 647
1767 647
1767 646
1771 646
1771 647
1774 647
1774 648
1775 648
1775 649
1776 649
1776 650
1777 650
1777 653
1778 653
1778 656
1779 656
1779 657
1780 657
1780 659
1781 659
1781 660
1782 660
1782 661
1783 661
1783 662
1784 662
1784 663
1786 663
1786 664
1787 664
1787 665
1788 665
1788 666
1789 666
1789 667
1790 667
1790 668
1791 668
1791 670
1792 670
1792 672
1793 672
1793 676
1794 676
1794 687
1795 687
1795 696
1796 696
1796 703
1797 703
1797 706
1798 706
1798 708
1799 708
1799 709
1800 709
1800 711
1801 711
1801 712
1802 712
1802 713
1803 713
1803 714
1805 714
1805 715
1806 715
1806 716
1808 716
1808 717
1810 717
1810 718
1813 718
1813 719
1815 719
1815 720
1821 720
1821 721
1832 721
1832 720
1834 720
1834 719
1840 719
1840 720
1843 720
1843 721
1844 721
1844 722
1845 722
1845 725
1846 725
1846 743
1847 743
1847 744
1849 744
1849 745
1850 745
1850 744
1854 744
1854 740
1855 740
1855 739
1856 739
1856 738
1859 738
1859 737
1861 737
1861 736
1862 736
1862 734
1863 734
1863 727
1864 727
1864 728
1877 728
1877 727
1896 727
1896 728
1900 728
1900 729
1901 729
1901 730
1908 730
1908 731
1910 731
1910 730
1919 730
1919 729
1920 729
1920 728
1921 728
1921 727
1922 727
1922 726
1925 726
1925 725
1926 725
1926 724
1927 724
1927 723
1928 723
1928 720
1929 720
1929 719
1930 719
1930 716
1931 716
1931 713
1932 713
1932 712
1934 712
1934 711
1941 711
1941 710
1943 710
1943 709
1946 709
1946 701
1947 701
1947 699
1948 699
1948 698
1958 698
1958 699
1960 699
1960 700
1961 700
1961 701
1962 701
1962 702
1963 702
1963 703
1964 703
1964 704
1965 704
1965 709
1966 709
1966 713
1967 713
1967 718
1968 718
1968 720
1970 720
1970 721
1971 721
1971 722
1972 722
1972 723
1974 723
1974 724
1975 724
1975 725
1977 725
1977 726
1979 726
1979 727
1980 727
1980 728
1981 728
1981 729
1982 729
1982 730
1984 730
1984 731
1986 731
1986 732
1989 732
1989 733
1993 733
1993 734
1997 734
1997 735
2008 735
2008 736
2010 736
2010 737
2011 737
2011 738
2012 738
2012 737
2022 737
2022 736
2029 736
2029 735
2030 735
2030 734
2031 734
2031 733
2035 733
2035 734
2038 734
2038 735
2039 735
2039 736
2058 736
2058 737
2060 737
2060 736
2066 736
2066 735
2067 735
2067 736
2068 736
2068 737
2069 737
2069 738
2074 738
2074 739
2076 739
2076 740
2078 740
2078 741
2082 741
2082 740
2085 740
2085 739
2090 739
2090 738
2092 738
2092 739
2095 739
2095 738
2100 738
2100 739
2101 739
2101 740
2102 740
2102 741
2103 741
2103 742
2108 742
2108 743
2111 743
2111 744
2112 744
2112 745
2113 745
2113 746
2114 746
2114 749
2115 749
2115 750
2116 750
2116 751
2117 751
2117 752
2118 752
2118 753
2121 753
2121 754
2123 754
2123 755
2124 755
2124 756
2126 756
2126 757
2128 757
2128 758
2132 758
2132 759
2139 759
2139 760
2145 760
2145 759
2155 759
2155 758
2156 758
2156 754
2155 754
2155 748
2156 748
2156 745
2157 745
2157 744
2163 744
2163 743
2169 743
2169 742
2171 742
2171 741
2181 741
2181 742
2182 742
2182 743
2183 743
2183 744
2184 744
2184 754
2185 754
2185 759
2186 759
2186 762
2187 762
2187 765
2188 765
2188 767
2189 767
2189 768
2190 768
2190 770
2193 770
2193 771
2205 771
2205 770
2214 770
2214 769
2216 769
2216 767
2217 767
2217 765
2218 765
2218 747
2217 747
2217 727
2218 727
2218 726
2220 726
2220 727
2225 727
2225 728
2230 728
2230 729
2231 729
2231 730
2232 730
2232 737
2233 737
2233 745
2234 745
2234 746
2235 746
2235 748
2236 748
2236 749
2238 749
2238 750
2240 750
2240 751
2242 751
2242 752
2243 752
2243 753
2244 753
2244 757
2245 757
2245 761
2246 761
2246 762
2247 762
2247 764
2248 764
2248 765
2249 765
2249 766
2250 766
2250 767
2255 767
2255 768
2260 768
2260 767
2266 767
2266 766
2267 766
2267 764
2268 764
2268 751
2269 751
2269 748
2270 748
2270 747
2279 747
2279 746
2285 746
2285 747
2287 747
2287 748
2289 748
2289 749
2294 749
2294 750
2301 750
2301 749
2303 749
2303 748
2306 748
2306 747
2313 747
2313 746
2315 746
2315 745
2317 745
2317 744
2319 744
2319 743
2322 743
2322 742
2325 742
2325 741
2328 741
2328 740
2339 740
2339 739
2345 739
2345 740
2350 740
2350 741
2353 741
2353 742
2361 742
2361 743
2364 743
2364 744
2365 744
2365 745
2370 745
2370 744
2375 744
2375 743
2385 743
2385 744
2391 744
2391 745
2392 745
2392 746
2393 746
2393 747
2394 747
2394 748
2395 748
2395 750
2394 750
2394 755
2401 755
2401 754
2403 754
2403 753
2406 753
2406 752
2407 752
2407 751
2410 751
2410 750
2411 750
2411 748
2412 748
2412 747
2413 747
2413 746
2414 746
2414 745
2416 745
2416 744
2417 744
2417 743
2416 743
2416 734
2417 734
2417 732
2418 732
2418 730
2419 730
2419 728
2420 728
2420 726
2421 726
2421 723
2422 723
2422 722
2423 722
2423 702
2424 702
2424 694
2425 694
2425 693
2426 693
2426 688
2427 688
2427 683
2428 683
2428 682
2429 682
2429 681
2430 681
2430 680
2433 680
2433 679
2436 679
2436 678
2437 678
2437 677
2442 677
2442 678
2443 678
2443 684
2444 684
2444 687
2445 687
2445 689
2446 689
2446 690
2447 690
2447 691
2448 691
2448 692
2450 692
2450 693
2452 693
2452 694
2455 694
2455 695
2456 695
2456 696
2457 696
2457 697
2460 697
2460 698
2463 698
2463 699
2464 699
2464 700
2465 700
2465 701
2466 701
2466 708
2467 708
2467 711
2468 711
2468 712
2469 712
2469 714
2470 714
2470 715
2471 715
2471 716
2472 716
2472 721
2473 721
2473 725
2474 725
2474 727
2475 727
2475 728
2476 728
2476 730
2477 730
2477 731
2478 731
2478 732
2482 732
2482 733
2483 733
2483 734
2484 734
2484 739
2485 739
2485 740
2486 740
2486 744
2487 744
2487 746
2488 746
2488 748
2489 748
2489 749
2490 749
2490 750
2491 750
2491 751
2492 751
2492 752
2502 752
2502 751
2504 751
2504 750
2508 750
2508 749
2512 749
2512 748
2531 748
2531 749
2540 749
2540 750
2550 750
2550 751
2552 751
2552 752
2554 752
2554 753
2557 753
2557 754
2566 754
2566 755
2568 755
2568 756
2572 756
2572 755
2579 755
2579 756
2586 756
2586 757
2589 757
2589 758
2591 758
2591 759
2606 759
2606 760
2616 760
2616 761
2618 761
2618 762
2622 762
2622 763
2638 763
2638 762
2648 762
2648 761
2652 761
2652 760
2653 760
2653 759
2655 759
2655 756
2656 756
2656 745
2655 745
2655 731
2654 731
2654 706
2655 706
2655 705
2658 705
2658 704
2664 704
2664 705
2668 705
2668 706
2673 706
2673 705
2676 705
2676 704
2680 704
2680 703
2681 703
2681 702
2682 702
2682 701
2683 701
2683 700
2685 700
2685 699
2686 699
2686 698
2687 698
2687 697
2688 697
2688 696
2689 696
2689 695
2690 695
2690 694
2691 694
2691 693
2692 693
2692 692
2693 692
2693 690
2694 690
2694 689
2702 689
2702 688
2713 688
2713 687
2716 687
2716 686
2725 686
2725 687
2727 687
2727 686
2729 686
2729 685
2732 685
2732 684
2734 684
2734 683
2742 683
2742 682
2743 682
2743 681
2753 681
2753 682
2757 682
2757 683
2759 683
2759 684
2761 684
2761 685
2762 685
2762 686
2765 686
2765 687
2769 687
2769 686
2779 686
2779 687
2782 687
2782 688
2783 688
2783 689
2784 689
2784 690
2785 690
2785 691
2786 691
2786 692
2787 692
2787 693
2789 693
2789 694
2792 694
2792 695
2794 695
2794 696
2797 696
2797 697
2798 697
2798 698
2802 698
2802 699
2809 699
2809 698
2815 698
2815 697
2817 697
2817 696
2818 696
2818 695
2819 695
2819 694
2820 694
2820 693
2821 693
2821 692
2822 692
2822 691
2826 691
2826 690
2830 690
2830 689
2836 689
2836 688
2839 688
2839 687
2840 687
2840 686
2841 686
2841 685
2842 685
2842 684
2843 684
2843 683
2846 683
2846 682
2859 682
2859 681
2865 681
2865 682
2866 682
2866 681
2872 681
2872 680
2879 680
2879 681
2882 681
2882 682
2885 682
2885 683
2889 683
2889 684
2892 684
2892 683
2902 683
2902 682
2909 682
2909 681
2911 681
2911 680
2913 680
2913 679
2916 679
2916 678
2927 678
2927 677
2934 677
2934 678
2937 678
2937 679
2938 679
2938 680
2939 680
2939 681
2944 681
2944 682
2953 682
2953 681
2957 681
2957 680
2960 680
2960 679
2967 679
2967 680
2971 680
2971 679
2981 679
2981 678
2983 678
2983 677
2984 677
2984 676
2985 676
2985 675
2986 675
2986 674
2987 674
2987 670
2988 670
2988 668
2989 668
2989 657
2988 657
2988 640
2989 640
2989 638
2990 638
2990 637
2991 637
2991 636
2992 636
2992 635
2994 635
2994 634
2996 634
2996 633
2999 633
2999 632
3000 632
3000 630
3001 630
3001 627
3002 627
3002 626
3003 626
3003 625
3004 625
3004 623
3005 623
3005 618
3006 618
3006 616
3007 616
3007 615
3009 615
3009 614
3011 614
3011 613
3012 613
3012 611
3013 611
3013 610
3014 610
3014 609
3015 609
3015 608
3016 608
3016 606
3017 606
3017 604
3018 604
3018 603
3019 603
3019 602
3021 602
3021 603
3022 603
3022 604
3023 604
3023 610
3024 610
3024 615
3025 615
3025 618
3026 618
3026 619
3027 619
3027 620
3028 620
3028 622
3029 622
3029 623
3031 623
3031 624
3035 624
3035 625
3040 625
3040 624
3044 624
3044 623
3045 623
3045 622
3047 622
3047 620
3048 620
3048 618
3049 618
3049 615
3050 615
3050 614
3051 614
3051 613
3053 613
3053 612
3054 612
3054 611
3055 611
3055 610
3056 610
3056 609
3057 609
3057 608
3058 608
3058 607
3061 607
3061 606
3065 606
3065 605
3066 605
3066 604
3067 604
3067 603
3068 603
3068 602
3069 602
3069 601
3070 601
3070 600
3071 600
3071 599
3073 599
3073 598
3075 598
3075 597
3078 597
3078 596
3086 596
3086 595
3088 595
3088 594
3089 594
3089 592
3090 592
3090 588
3091 588
3091 578
3090 578
3090 571
3091 571
3091 570
3092 570
3092 569
3095 569
3095 568
3097 568
3097 567
3098 567
3098 566
3100 566
3100 565
3101 565
3101 564
3102 564
3102 563
3103 563
3103 561
3104 561
3104 558
3105 558
3105 557
3106 557
3106 556
3120 556
3120 557
3121 557
3121 556
3129 556
3129 555
3131 555
3131 554
3134 554
3134 553
3135 553
3135 552
3136 552
3136 551
3137 551
3137 550
3144 550
3144 551
3145 551
3145 552
3146 552
3146 553
3147 553
3147 554
3149 554
3149 555
3151 555
3151 556
3158 556
3158 555
3160 555
3160 554
3162 554
3162 553
3163 553
3163 552
3164 552
3164 549
3165 549
3165 546
3166 546
3166 545
3167 545
3167 542
3168 542
3168 529
3167 529
3167 521
3168 521
3168 512
3167 512
3167 497
3166 497
3166 496
3167 496
3167 495
3175 495
3175 496
3176 496
3176 499
3177 499
3177 501
3178 501
3178 504
3179 504
3179 506
3180 506
3180 507
3181 507
3181 508
3182 508
3182 509
3183 509
3183 510
3184 510
3184 511
3185 511
3185 512
3187 512
3187 513
3190 513
3190 514
3191 514
3191 515
3192 515
3192 516
3193 516
3193 518
3194 518
3194 519
3196 519
3196 520
3197 520
3197 521
3199 521
3199 522
3202 522
3202 523
3203 523
3203 524
3204 524
3204 525
3206 525
3206 526
3207 526
3207 527
3208 527
