3412 344
3409 344
3409 345
3408 345
3408 346
3404 346
3404 347
3403 347
3403 348
3398 348
3398 349
3396 349
3396 350
3395 350
3395 351
3394 351
3394 352
3393 352
3393 353
3392 353
3392 354
3391 354
3391 355
3390 355
3390 356
3389 356
3389 357
3385 357
3385 356
3382 356
3382 357
3378 357
3378 358
3373 358
3373 359
3356 359
3356 358
3355 358
3355 359
3346 359
3346 358
3344 358
3344 357
3343 357
3343 356
3340 356
3340 355
3336 355
3336 354
3333 354
3333 353
3331 353
3331 352
3310 352
3310 353
3308 353
3308 352
3299 352
3299 353
3298 353
3298 374
3297 374
3297 384
3296 384
3296 388
3295 388
3295 389
3294 389
3294 390
3293 390
3293 391
3291 391
3291 392
3289 392
3289 393
3286 393
3286 394
3285 394
3285 395
3284 395
3284 396
3283 396
3283 398
3282 398
3282 399
3281 399
3281 400
3272 400
3272 401
3269 401
3269 402
3268 402
3268 403
3257 403
3257 404
3254 404
3254 405
3253 405
3253 404
3249 404
3249 405
3247 405
3247 406
3246 406
3246 407
3245 407
3245 408
3244 408
3244 409
3233 409
3233 408
3227 408
3227 407
3223 407
3223 411
3222 411
3222 412
3221 412
3221 420
3220 420
3220 427
3219 427
3219 432
3218 432
3218 436
3217 436
3217 437
3216 437
3216 440
3215 440
3215 441
3214 441
3214 442
3212 442
3212 443
3211 443
3211 444
3207 444
3207 445
3205 445
3205 444
3200 444
3200 443
3198 443
3198 442
3196 442
3196 441
3191 441
3191 440
3188 440
3188 439
3187 439
3187 438
3186 438
3186 437
3185 437
3185 436
3184 436
3184 435
3183 435
3183 434
3182 434
3182 433
3181 433
3181 430
3180 430
3180 429
3179 429
3179 428
3176 428
3176 427
3174 427
3174 426
3173 426
3173 425
3171 425
3171 424
3169 424
3169 423
3165 423
3165 422
3163 422
3163 421
3161 421
3161 420
3155 420
3155 421
3152 421
3152 422
3150 422
3150 423
3148 423
3148 426
3144 426
3144 427
3139 427
3139 428
3138 428
3138 429
3135 429
3135 430
3133 430
3133 431
3131 431
3131 432
3130 432
3130 433
3129 433
3129 434
3126 434
3126 435
3122 435
3122 436
3115 436
3115 437
3110 437
3110 438
3108 438
3108 439
3107 439
3107 441
3106 441
3106 442
3104 442
3104 443
3103 443
3103 444
3101 444
3101 445
3100 445
3100 447
3099 447
3099 448
3098 448
3098 449
3096 449
3096 450
3095 450
3095 451
3094 451
3094 452
3093 452
3093 453
3090 453
3090 454
3084 454
3084 455
3081 455
3081 456
3079 456
3079 457
3076 457
3076 458
3072 458
3072 457
3067 457
3067 456
3066 456
3066 455
3064 455
3064 454
3063 454
3063 453
3062 453
3062 452
3061 452
3061 450
3060 450
3060 448
3059 448
3059 442
3060 442
3060 439
3059 439
3059 438
3056 438
3056 439
3054 439
3054 440
3049 440
3049 441
3048 441
3048 443
3047 443
3047 444
3046 444
3046 445
3045 445
3045 446
3043 446
3043 447
3042 447
3042 448
3041 448
3041 449
3039 449
3039 450
3038 450
3038 452
3037 452
3037 453
3036 453
3036 454
3035 454
3035 455
3033 455
3033 456
3030 456
3030 457
3026 457
3026 461
3025 461
3025 464
3026 464
3026 473
3025 473
3025 486
3024 486
3024 489
3023 489
3023 491
3022 491
3022 492
3019 492
3019 493
3016 493
3016 494
3015 494
3015 495
3012 495
3012 497
3011 497
3011 505
3010 505
3010 506
3009 506
3009 507
3008 507
3008 508
3006 508
3006 509
3004 509
3004 510
3002 510
3002 511
3001 511
3001 512
2994 512
2994 511
2990 511
2990 510
2984 510
2984 511
2982 511
2982 512
2981 512
2981 513
2977 513
2977 514
2968 514
2968 515
2967 515
2967 516
2959 516
2959 517
2956 517
2956 518
2950 518
2950 519
2949 519
2949 520
2946 520
2946 521
2945 521
2945 522
2938 522
2938 521
2937 521
2937 522
2934 522
2934 523
2929 523
2929 524
2923 524
2923 525
2922 525
2922 526
2920 526
2920 527
2916 527
2916 538
2914 538
2914 542
2913 542
2913 545
2912 545
2912 546
2911 546
2911 548
2910 548
2910 549
2909 549
2909 550
2908 550
2908 551
2907 551
2907 552
2906 552
2906 553
2905 553
2905 554
2901 554
2901 555
2891 555
2891 554
2887 554
2887 555
2882 555
2882 556
2873 556
2873 555
2870 555
2870 554
2866 554
2866 553
2855 553
2855 554
2852 554
2852 555
2851 555
2851 556
2850 556
2850 557
2849 557
2849 558
2847 558
2847 559
2846 559
2846 560
2841 560
2841 561
2839 561
2839 562
2838 562
2838 563
2837 563
2837 564
2835 564
2835 565
2833 565
2833 564
2832 564
2832 563
2826 563
2826 564
2824 564
2824 565
2823 565
2823 566
2820 566
2820 567
2818 567
2818 568
2816 568
2816 569
2815 569
2815 570
2814 570
2814 571
2813 571
2813 572
2811 572
2811 573
2810 573
2810 574
2809 574
2809 575
2808 575
2808 576
2803 576
2803 577
2802 577
2802 578
2801 578
2801 579
2798 579
2798 580
2797 580
2797 581
2791 581
2791 582
2790 582
2790 583
2788 583
2788 584
2786 584
2786 585
2784 585
2784 586
2777 586
2777 587
2776 587
2776 588
2774 588
2774 589
2770 589
2770 590
2764 590
2764 591
2763 591
2763 593
2762 593
2762 594
2761 594
2761 595
2755 595
2755 596
2752 596
2752 597
2751 597
2751 598
2749 598
2749 599
2742 599
2742 600
2727 600
2727 599
2723 599
2723 598
2720 598
2720 597
2718 597
2718 596
2717 596
2717 595
2715 595
2715 594
2712 594
2712 593
2709 593
2709 592
2706 592
2706 591
2705 591
2705 590
2704 590
2704 589
2701 589
2701 588
2692 588
2692 587
2688 587
2688 586
2677 586
2677 585
2676 585
2676 586
2670 586
2670 587
2667 587
2667 586
2664 586
2664 587
2660 587
2660 588
2658 588
2658 589
2656 589
2656 590
2653 590
2653 591
2650 591
2650 592
2649 592
2649 593
2647 593
2647 594
2645 594
2645 595
2643 595
2643 596
2638 596
2638 597
2633 597
2633 598
2631 598
2631 599
2629 599
2629 600
2623 600
2623 599
2619 599
2619 598
2611 598
2611 599
2609 599
2609 600
2608 600
2608 601
2607 601
2607 602
2605 602
2605 603
2596 603
2596 604
2590 604
2590 605
2582 605
2582 606
2566 606
2566 607
2563 607
2563 608
2539 608
2539 609
2537 609
2537 610
2536 610
2536 611
2534 611
2534 612
2533 612
2533 613
2531 613
2531 614
2529 614
2529 615
2527 615
2527 616
2525 616
2525 617
2523 617
2523 618
2515 618
2515 619
2513 619
2513 620
2509 620
2509 621
2501 621
2501 620
2493 620
2493 619
2491 619
2491 620
2489 620
2489 621
2476 621
2476 620
2473 620
2473 619
2470 619
2470 618
2462 618
2462 617
2459 617
2459 616
2454 616
2454 615
2445 615
2445 614
2444 614
2444 615
2442 615
2442 616
2440 616
2440 617
2428 617
2428 618
2421 618
2421 619
2398 619
2398 618
2392 618
2392 617
2378 617
2378 616
2349 616
2349 617
2347 617
2347 618
2345 618
2345 619
2344 619
2344 620
2341 620
2341 621
2336 621
2336 622
2331 622
2331 623
2326 623
2326 624
2316 624
2316 625
2312 625
2312 626
2306 626
2306 625
2282 625
2282 624
2279 624
2279 625
2277 625
2277 624
2274 624
2274 623
2270 623
2270 622
2269 622
2269 621
2268 621
2268 620
2267 620
2267 619
2266 619
2266 618
2265 618
2265 614
2264 614
2264 613
2262 613
2262 612
2259 612
2259 613
2257 613
2257 614
2254 614
2254 615
2252 615
2252 616
2250 616
2250 617
2249 617
2249 618
2248 618
2248 619
2246 619
2246 620
2244 620
2244 621
2243 621
2243 622
2242 622
2242 624
2241 624
2241 625
2239 625
2239 626
2237 626
2237 627
2231 627
2231 628
2226 628
2226 631
2223 631
2223 633
2222 633
2222 635
2221 635
2221 636
2220 636
2220 637
2218 637
2218 636
2201 636
2201 635
2196 635
2196 636
2194 636
2194 637
2187 637
2187 638
2168 638
2168 637
2165 637
2165 638
2162 638
2162 639
2161 639
2161 640
2159 640
2159 641
2158 641
2158 642
2157 642
2157 643
2155 643
2155 644
2150 644
2150 647
2149 647
2149 649
2148 649
2148 655
2147 655
2147 662
2146 662
2146 665
2145 665
2145 669
2144 669
2144 672
2143 672
2143 673
2142 673
2142 676
2141 676
2141 677
2140 677
2140 679
2139 679
2139 683
2138 683
2138 684
2137 684
2137 685
2136 685
2136 686
2135 686
2135 687
2134 687
2134 688
2132 688
2132 689
2126 689
2126 688
2122 688
2122 689
2120 689
2120 688
2105 688
2105 689
2104 689
2104 690
2094 690
2094 689
2086 689
2086 688
2081 688
2081 687
2071 687
2071 686
2070 686
2070 687
2063 687
2063 686
2060 686
2060 687
2058 687
2058 688
2057 688
2057 689
2055 689
2055 690
2054 690
2054 694
2053 694
2053 695
2052 695
2052 705
2051 705
2051 708
2050 708
2050 709
2049 709
2049 710
2048 710
2048 712
2047 712
2047 713
2046 713
2046 714
2038 714
2038 713
2036 713
2036 712
2034 712
2034 711
2033 711
2033 710
2032 710
2032 709
2030 709
2030 708
2029 708
2029 707
2024 707
2024 706
2022 706
2022 707
2021 707
2021 706
2018 706
2018 707
2016 707
2016 708
2015 708
2015 709
2014 709
2014 710
2012 710
2012 711
2011 711
2011 714
2010 714
2010 715
1994 715
1994 716
1986 716
1986 717
1985 717
1985 718
1984 718
1984 719
1979 719
1979 720
1978 720
1978 721
1976 721
1976 722
1974 722
1974 723
1973 723
1973 724
1966 724
1966 723
1959 723
1959 722
1951 722
1951 721
1950 721
1950 720
1946 720
1946 719
1945 719
1945 718
1943 718
1943 717
1942 717
1942 716
1939 716
1939 715
1938 715
1938 714
1936 714
1936 713
1931 713
1931 712
1928 712
1928 711
1926 711
1926 710
1925 710
1925 709
1923 709
1923 708
1922 708
1922 707
1921 707
1921 706
1920 706
1920 705
1919 705
1919 704
1917 704
1917 703
1916 703
1916 702
1915 702
1915 701
1914 701
1914 700
1913 700
1913 699
1912 699
1912 698
1911 698
1911 697
1909 697
1909 696
1908 696
1908 694
1906 694
1906 693
1905 693
1905 692
1902 692
1902 691
1899 691
1899 690
1895 690
1895 689
1893 689
1893 688
1891 688
1891 687
1886 687
1886 686
1874 686
1874 685
1872 685
1872 682
1870 682
1870 681
1867 681
1867 680
1864 680
1864 679
1839 679
1839 680
1831 680
1831 679
1829 679
1829 678
1827 678
1827 677
1825 677
1825 676
1823 676
1823 675
1822 675
1822 674
1821 674
1821 673
1820 673
1820 672
1819 672
1819 671
1818 671
1818 670
1817 670
1817 669
1816 669
1816 668
1815 668
1815 666
1814 666
1814 665
1813 665
1813 663
1812 663
1812 662
1811 662
1811 660
1810 660
1810 659
1809 659
1809 658
1808 658
1808 657
1807 657
1807 656
1806 656
1806 654
1805 654
1805 653
1804 653
1804 652
1803 652
1803 651
1802 651
1802 650
1801 650
1801 649
1799 649
1799 648
1796 648
1796 647
1788 647
1788 648
1785 648
1785 649
1784 649
1784 651
1781 651
1781 652
1775 652
1775 651
1774 651
1774 652
1767 652
1767 651
1760 651
1760 652
1758 652
1758 651
1757 651
1757 650
1753 650
1753 649
1751 649
1751 648
1750 648
1750 647
1749 647
1749 646
1746 646
1746 645
1739 645
1739 644
1734 644
1734 645
1732 645
1732 646
1731 646
1731 647
1728 647
1728 648
1727 648
1727 649
1726 649
1726 650
1723 650
1723 651
1716 651
1716 652
1714 652
1714 653
1711 653
1711 654
1699 654
1699 653
1697 653
1697 652
1694 652
1694 651
1693 651
1693 650
1691 650
1691 649
1690 649
1690 648
1689 648
1689 647
1688 647
1688 646
1687 646
1687 641
1686 641
1686 639
1685 639
1685 638
1683 638
1683 637
1679 637
1679 638
1665 638
1665 637
1659 637
1659 638
1658 638
1658 645
1657 645
1657 646
1656 646
1656 647
1652 647
1652 648
1650 648
1650 649
1648 649
1648 650
1647 650
1647 652
1646 652
1646 653
1640 653
1640 654
1637 654
1637 653
1622 653
1622 654
1596 654
1596 653
1587 653
1587 652
1584 652
1584 651
1582 651
1582 650
1580 650
1580 649
1554 649
1554 648
1552 648
1552 647
1550 647
1550 646
1548 646
1548 645
1547 645
1547 644
1546 644
1546 643
1545 643
1545 642
1542 642
1542 641
1541 641
1541 640
1539 640
1539 639
1533 639
1533 640
1518 640
1518 641
1517 641
1517 642
1516 642
1516 644
1515 644
1515 645
1514 645
1514 646
1512 646
1512 647
1503 647
1503 646
1496 646
1496 647
1490 647
1490 646
1484 646
1484 645
1479 645
1479 646
1475 646
1475 645
1474 645
1474 644
1472 644
1472 643
1459 643
1459 642
1453 642
1453 641
1452 641
1452 638
1451 638
1451 637
1450 637
1450 636
1449 636
1449 635
1447 635
1447 634
1444 634
1444 633
1443 633
1443 632
1442 632
1442 631
1441 631
1441 629
1440 629
1440 628
1439 628
1439 626
1438 626
1438 623
1437 623
1437 621
1436 621
1436 620
1435 620
1435 619
1433 619
1433 618
1432 618
1432 617
1430 617
1430 616
1429 616
1429 614
1428 614
1428 613
1427 613
1427 611
1426 611
1426 610
1425 610
1425 609
1411 609
1411 608
1410 608
1410 607
1409 607
1409 606
1407 606
1407 605
1406 605
1406 604
1405 604
1405 601
1404 601
1404 600
1402 600
1402 599
1398 599
1398 598
1396 598
1396 597
1395 597
1395 596
1394 596
1394 594
1393 594
1393 593
1392 593
1392 592
1391 592
1391 591
1388 591
1388 590
1385 590
1385 589
1384 589
1384 588
1383 588
1383 587
1382 587
1382 586
1381 586
1381 585
1379 585
1379 584
1378 584
1378 583
1377 583
1377 582
1375 582
1375 581
1372 581
1372 580
1365 580
1365 579
1362 579
1362 578
1361 578
1361 577
1354 577
1354 576
1352 576
1352 575
1345 575
1345 576
1330 576
1330 577
1318 577
1318 578
1317 578
1317 579
1316 579
1316 580
1315 580
1315 581
1314 581
1314 582
1313 582
1313 583
1312 583
1312 584
1302 584
1302 585
1300 585
1300 586
1281 586
1281 585
1280 585
1280 584
1277 584
1277 583
1276 583
1276 584
1274 584
1274 585
1263 585
1263 584
1256 584
1256 585
1250 585
1250 586
1241 586
1241 587
1240 587
1240 592
1239 592
1239 593
1238 593
1238 594
1237 594
1237 596
1236 596
1236 597
1235 597
1235 598
1234 598
1234 599
1233 599
1233 600
1232 600
1232 601
1227 601
1227 602
1203 602
1203 601
1202 601
1202 600
1201 600
1201 598
1200 598
1200 597
1199 597
1199 596
1198 596
1198 595
1197 595
1197 594
1196 594
1196 593
1195 593
1195 592
1182 592
1182 593
1174 593
1174 591
1173 591
1173 590
1172 590
1172 588
1171 588
1171 585
1170 585
1170 582
1169 582
1169 581
1168 581
1168 579
1167 579
1167 577
1161 577
1161 578
1158 578
1158 577
1154 577
1154 576
1152 576
1152 575
1151 575
1151 574
1149 574
1149 573
1147 573
1147 572
1145 572
1145 571
1135 571
1135 570
1115 570
1115 571
1113 571
1113 573
1112 573
1112 574
1111 574
1111 575
1110 575
1110 576
1108 576
1108 577
1107 577
1107 578
1105 578
1105 579
1104 579
1104 580
1103 580
1103 581
1099 581
1099 582
1076 582
1076 581
1070 581
1070 580
1049 580
1049 581
1047 581
1047 582
1046 582
1046 583
1037 583
1037 584
1032 584
1032 583
1029 583
1029 582
1027 582
1027 581
1026 581
1026 580
1025 580
1025 579
1024 579
1024 578
1023 578
1023 573
1022 573
1022 567
1021 567
1021 563
1020 563
1020 559
1019 559
1019 556
1018 556
1018 551
1016 551
1016 550
1015 550
1015 549
1014 549
1014 548
1013 548
1013 547
1011 547
1011 546
1010 546
1010 545
1009 545
1009 544
1008 544
1008 543
1007 543
1007 542
1006 542
1006 541
1005 541
1005 539
1004 539
1004 538
1002 538
1002 537
992 537
992 536
983 536
983 535
974 535
974 534
969 534
969 533
965 533
965 532
962 532
962 531
960 531
960 530
959 530
959 529
957 529
957 528
956 528
956 527
955 527
955 526
954 526
954 525
953 525
953 524
952 524
952 523
951 523
951 522
950 522
950 520
947 520
947 521
946 521
946 522
945 522
945 524
941 524
941 525
939 525
939 526
934 526
934 527
928 527
928 528
920 528
920 529
918 529
918 530
916 530
916 531
909 531
909 530
907 530
907 529
906 529
906 528
905 528
905 527
901 527
901 526
893 526
893 525
886 525
886 526
884 526
884 527
880 527
880 528
872 528
872 527
863 527
863 526
858 526
858 525
853 525
853 524
848 524
848 523
844 523
844 522
842 522
842 521
839 521
839 520
837 520
837 519
834 519
834 518
830 518
830 517
828 517
828 516
826 516
826 515
825 515
825 514
818 514
818 513
814 513
814 512
808 512
808 511
807 511
807 510
803 510
803 509
801 509
801 508
800 508
800 507
799 507
799 506
798 506
798 505
797 505
797 504
796 504
796 503
795 503
795 502
794 502
794 501
793 501
793 499
792 499
792 498
791 498
791 497
790 497
790 495
789 495
789 494
788 494
788 493
778 493
778 492
775 492
775 493
767 493
767 494
766 494
766 495
765 495
765 496
763 496
763 497
757 497
757 498
751 498
751 499
744 499
744 500
741 500
741 499
736 499
736 498
734 498
734 497
731 497
731 496
722 496
722 495
719 495
719 496
714 496
714 495
712 495
712 494
711 494
711 493
710 493
710 492
709 492
709 491
708 491
708 489
707 489
707 487
706 487
706 483
705 483
705 478
704 478
704 471
703 471
703 468
702 468
702 467
700 467
700 466
696 466
696 465
677 465
677 466
675 466
675 465
669 465
669 464
668 464
668 463
667 463
667 462
666 462
666 461
664 461
664 460
663 460
663 459
662 459
662 458
659 458
659 457
657 457
657 456
655 456
655 455
651 455
651 454
643 454
643 453
639 453
639 452
643 452
643 453
651 453
651 454
655 454
655 455
657 455
657 456
659 456
659 457
662 457
662 458
663 458
663 459
664 459
664 460
666 460
666 461
667 461
667 462
668 462
668 463
669 463
669 464
675 464
675 465
677 465
677 464
696 464
696 465
700 465
700 466
702 466
702 467
703 467
703 468
704 468
704 471
705 471
705 478
706 478
706 483
707 483
707 487
708 487
708 489
709 489
709 491
710 491
710 492
711 492
711 493
712 493
712 494
714 494
714 495
719 495
719 494
722 494
722 495
731 495
731 496
734 496
734 497
736 497
736 498
741 498
741 499
744 499
744 498
751 498
751 497
757 497
757 496
763 496
763 495
765 495
765 494
766 494
766 493
767 493
767 492
775 492
775 491
778 491
778 492
788 492
788 493
789 493
789 494
790 494
790 495
791 495
791 497
792 497
792 498
793 498
793 499
794 499
794 501
795 501
795 502
796 502
796 503
797 503
797 504
798 504
798 505
799 505
799 506
800 506
800 507
801 507
801 508
803 508
803 509
807 509
807 510
808 510
808 511
814 511
814 512
818 512
818 513
825 513
825 514
826 514
826 515
828 515
828 516
830 516
830 517
834 517
834 518
837 518
837 519
839 519
839 520
842 520
842 521
844 521
844 522
848 522
848 523
853 523
853 524
858 524
858 525
863 525
863 526
872 526
872 527
880 527
880 526
884 526
884 525
886 525
886 524
893 524
893 525
901 525
901 526
905 526
905 527
906 527
906 528
907 528
907 529
909 529
909 530
916 530
916 529
918 529
918 528
920 528
920 527
928 527
928 526
934 526
934 525
939 525
939 524
941 524
941 523
944 523
944 522
945 522
945 521
946 521
946 520
947 520
947 519
950 519
950 520
951 520
951 522
952 522
952 523
953 523
953 524
954 524
954 525
955 525
955 526
956 526
956 527
957 527
957 528
959 528
959 529
960 529
960 530
962 530
962 531
965 531
965 532
969 532
969 533
974 533
974 534
983 534
983 535
992 535
992 536
1002 536
1002 537
1004 537
1004 538
1005 538
1005 539
1006 539
1006 541
1007 541
1007 542
1008 542
1008 543
1009 543
1009 544
1010 544
1010 545
1011 545
1011 546
1013 546
1013 547
1014 547
1014 548
1015 548
1015 549
1016 549
1016 550
1018 550
1018 551
1019 551
1019 556
1020 556
1020 559
1021 559
1021 563
1022 563
1022 567
1023 567
1023 573
1024 573
1024 578
1025 578
1025 579
1026 579
1026 580
1027 580
1027 581
1029 581
1029 582
1032 582
1032 583
1037 583
1037 582
1046 582
1046 581
1047 581
1047 580
1049 580
1049 579
1070 579
1070 580
1076 580
1076 581
1099 581
1099 580
1103 580
1103 579
1104 579
1104 578
1105 578
1105 577
1107 577
1107 576
1108 576
1108 575
1110 575
1110 574
1111 574
1111 573
1112 573
1112 571
1113 571
1113 570
1115 570
1115 569
1135 569
1135 570
1145 570
1145 571
1147 571
1147 572
1149 572
1149 573
1151 573
1151 574
1152 574
1152 575
1154 575
1154 576
1158 576
1158 577
1161 577
1161 576
1167 576
1167 577
1168 577
1168 579
1169 579
1169 581
1170 581
1170 582
1171 582
1171 585
1172 585
1172 588
1173 588
1173 590
1174 590
1174 591
1175 591
1175 592
1182 592
1182 591
1195 591
1195 592
1196 592
1196 593
1197 593
1197 594
1198 594
1198 595
1199 595
1199 596
1200 596
1200 597
1201 597
1201 598
1202 598
1202 600
1203 600
1203 601
1227 601
1227 600
1232 600
1232 599
1233 599
1233 598
1234 598
1234 597
1235 597
1235 596
1236 596
1236 594
1237 594
1237 593
1238 593
1238 592
1239 592
1239 587
1240 587
1240 586
1241 586
1241 585
1250 585
1250 584
1256 584
1256 583
1263 583
1263 584
1274 584
1274 583
1276 583
1276 582
1277 582
1277 583
1280 583
1280 584
1281 584
1281 585
1300 585
1300 584
1302 584
1302 583
1312 583
1312 582
1313 582
1313 581
1314 581
1314 580
1315 580
1315 579
1316 579
1316 578
1317 578
1317 577
1318 577
1318 576
1330 576
1330 575
1345 575
1345 574
1352 574
1352 575
1354 575
1354 576
1361 576
1361 577
1362 577
1362 578
1365 578
1365 579
1372 579
1372 580
1375 580
1375 581
1377 581
1377 582
1378 582
1378 583
1379 583
1379 584
1381 584
1381 585
1382 585
1382 586
1383 586
1383 587
1384 587
1384 588
1385 588
1385 589
1388 589
1388 590
1391 590
1391 591
1392 591
1392 592
1393 592
1393 593
1394 593
1394 594
1395 594
1395 596
1396 596
1396 597
1398 597
1398 598
1402 598
1402 599
1404 599
1404 600
1405 600
1405 601
1406 601
1406 604
1407 604
1407 605
1409 605
1409 606
1410 606
1410 607
1411 607
1411 608
1425 608
1425 609
1426 609
1426 610
1427 610
1427 611
1428 611
1428 613
1429 613
1429 614
1430 614
1430 616
1432 616
1432 617
1433 617
1433 618
1435 618
1435 619
1436 619
1436 620
1437 620
1437 621
1438 621
1438 623
1439 623
1439 626
1440 626
1440 628
1441 628
1441 629
1442 629
1442 631
1443 631
1443 632
1444 632
1444 633
1447 633
1447 634
1449 634
1449 635
1450 635
1450 636
1451 636
1451 637
1452 637
1452 638
1453 638
1453 641
1459 641
1459 642
1472 642
1472 643
1474 643
1474 644
1475 644
1475 645
1479 645
1479 644
1484 644
1484 645
1490 645
1490 646
1496 646
1496 645
1503 645
1503 646
1512 646
1512 645
1514 645
1514 644
1515 644
1515 642
1516 642
1516 641
1517 641
1517 640
1518 640
1518 639
1533 639
1533 638
1539 638
1539 639
1541 639
1541 640
1542 640
1542 641
1545 641
1545 642
1546 642
1546 643
1547 643
1547 644
1548 644
1548 645
1550 645
1550 646
1552 646
1552 647
1554 647
1554 648
1580 648
1580 649
1582 649
1582 650
1584 650
1584 651
1587 651
1587 652
1596 652
1596 653
1622 653
1622 652
1637 652
1637 653
1640 653
1640 652
1646 652
1646 650
1647 650
1647 649
1648 649
1648 648
1650 648
1650 647
1652 647
1652 646
1656 646
1656 645
1657 645
1657 637
1659 637
1659 636
1665 636
1665 637
1679 637
1679 636
1683 636
1683 637
1685 637
1685 638
1686 638
1686 639
1687 639
1687 641
1688 641
1688 646
1689 646
1689 647
1690 647
1690 648
1691 648
1691 649
1693 649
1693 650
1694 650
1694 651
1697 651
1697 652
1699 652
1699 653
1711 653
1711 652
1714 652
1714 651
1716 651
1716 650
1723 650
1723 649
1726 649
1726 648
1727 648
1727 646
1731 646
1731 645
1732 645
1732 644
1734 644
1734 643
1739 643
1739 644
1746 644
1746 645
1749 645
1749 646
1750 646
1750 647
1751 647
1751 648
1753 648
1753 649
1757 649
1757 650
1758 650
1758 651
1760 651
1760 650
1767 650
1767 651
1774 651
1774 650
1775 650
1775 651
1781 651
1781 650
1783 650
1783 649
1784 649
1784 648
1785 648
1785 647
1788 647
1788 646
1796 646
1796 647
1799 647
1799 648
1801 648
1801 649
1802 649
1802 650
1803 650
1803 651
1804 651
1804 652
1805 652
1805 653
1806 653
1806 654
1807 654
1807 656
1808 656
1808 657
1809 657
1809 658
1810 658
1810 659
1811 659
1811 660
1812 660
1812 662
1813 662
1813 663
1814 663
1814 665
1815 665
1815 666
1816 666
1816 668
1817 668
1817 669
1818 669
1818 670
1819 670
1819 671
1820 671
1820 672
1821 672
1821 673
1822 673
1822 674
1823 674
1823 675
1825 675
1825 676
1827 676
1827 677
1829 677
1829 678
1831 678
1831 679
1839 679
1839 678
1864 678
1864 679
1867 679
1867 680
1870 680
1870 681
1872 681
1872 682
1873 682
1873 684
1874 684
1874 685
1886 685
1886 686
1891 686
1891 687
1893 687
1893 688
1895 688
1895 689
1899 689
1899 690
1902 690
1902 691
1905 691
1905 692
1906 692
1906 693
1908 693
1908 694
1909 694
1909 696
1911 696
1911 697
1912 697
1912 698
1913 698
1913 699
1914 699
1914 700
1915 700
1915 701
1916 701
1916 702
1917 702
1917 703
1919 703
1919 704
1920 704
1920 705
1921 705
1921 706
1922 706
1922 707
1923 707
1923 708
1925 708
1925 709
1926 709
1926 710
1928 710
1928 711
1931 711
1931 712
1936 712
1936 713
1938 713
1938 714
1939 714
1939 715
1942 715
1942 716
1943 716
1943 717
1945 717
1945 718
1946 718
1946 719
1950 719
1950 720
1951 720
1951 721
1959 721
1959 722
1966 722
1966 723
1973 723
1973 722
1974 722
1974 721
1976 721
1976 720
1978 720
1978 719
1979 719
1979 718
1984 718
1984 717
1985 717
1985 716
1986 716
1986 715
1994 715
1994 714
2010 714
2010 711
2011 711
2011 710
2012 710
2012 709
2014 709
2014 708
2015 708
2015 707
2016 707
2016 706
2018 706
2018 705
2021 705
2021 706
2022 706
2022 705
2024 705
2024 706
2029 706
2029 707
2030 707
2030 708
2032 708
2032 709
2033 709
2033 710
2034 710
2034 711
2036 711
2036 712
2038 712
2038 713
2046 713
2046 712
2047 712
2047 710
2048 710
2048 709
2049 709
2049 708
2050 708
2050 705
2051 705
2051 695
2052 695
2052 694
2053 694
2053 690
2054 690
2054 689
2055 689
2055 688
2057 688
2057 687
2058 687
2058 686
2060 686
2060 685
2063 685
2063 686
2070 686
2070 685
2071 685
2071 686
2081 686
2081 687
2086 687
2086 688
2094 688
2094 689
2104 689
2104 687
2120 687
2120 688
2122 688
2122 687
2126 687
2126 688
2132 688
2132 687
2134 687
2134 686
2135 686
2135 685
2136 685
2136 684
2137 684
2137 683
2138 683
2138 679
2139 679
2139 677
2140 677
2140 676
2141 676
2141 673
2142 673
2142 672
2143 672
2143 669
2144 669
2144 665
2145 665
2145 662
2146 662
2146 655
2147 655
2147 649
2148 649
2148 646
2149 646
2149 644
2150 644
2150 643
2155 643
2155 642
2157 642
2157 641
2158 641
2158 640
2159 640
2159 639
2161 639
2161 637
2165 637
2165 636
2168 636
2168 637
2187 637
2187 636
2194 636
2194 635
2196 635
2196 634
2201 634
2201 635
2218 635
2218 636
2220 636
2220 635
2221 635
2221 633
2222 633
2222 631
2223 631
2223 630
2225 630
2225 628
2226 628
2226 627
2231 627
2231 626
2237 626
2237 625
2239 625
2239 624
2241 624
2241 622
2242 622
2242 621
2243 621
2243 620
2244 620
2244 619
2246 619
2246 618
2248 618
2248 617
2249 617
2249 616
2250 616
2250 615
2252 615
2252 614
2254 614
2254 613
2257 613
2257 612
2259 612
2259 611
2262 611
2262 612
2264 612
2264 613
2265 613
2265 614
2266 614
2266 618
2267 618
2267 619
2268 619
2268 620
2269 620
2269 621
2270 621
2270 622
2274 622
2274 623
2277 623
2277 624
2279 624
2279 623
2282 623
2282 624
2306 624
2306 625
2312 625
2312 624
2316 624
2316 623
2326 623
2326 622
2331 622
2331 621
2336 621
2336 620
2341 620
2341 619
2344 619
2344 618
2345 618
2345 617
2347 617
2347 616
2349 616
2349 615
2378 615
2378 616
2392 616
2392 617
2398 617
2398 618
2421 618
2421 617
2428 617
2428 616
2440 616
2440 615
2442 615
2442 614
2444 614
2444 613
2445 613
2445 614
2454 614
2454 615
2459 615
2459 616
2462 616
2462 617
2470 617
2470 618
2473 618
2473 619
2476 619
2476 620
2489 620
2489 619
2491 619
2491 618
2493 618
2493 619
2501 619
2501 620
2509 620
2509 619
2513 619
2513 618
2515 618
2515 617
2523 617
2523 616
2525 616
2525 615
2527 615
2527 614
2529 614
2529 613
2531 613
2531 612
2533 612
2533 611
2534 611
2534 610
2536 610
2536 609
2537 609
2537 608
2539 608
2539 607
2563 607
2563 606
2566 606
2566 605
2582 605
2582 604
2590 604
2590 603
2596 603
2596 602
2605 602
2605 601
2607 601
2607 600
2608 600
2608 598
2611 598
2611 597
2619 597
2619 598
2623 598
2623 599
2629 599
2629 598
2631 598
2631 597
2633 597
2633 596
2638 596
2638 595
2643 595
2643 594
2645 594
2645 593
2647 593
2647 592
2649 592
2649 591
2650 591
2650 590
2653 590
2653 589
2656 589
2656 588
2658 588
2658 587
2660 587
2660 586
2664 586
2664 585
2667 585
2667 586
2670 586
2670 585
2676 585
2676 584
2677 584
2677 585
2688 585
2688 586
2692 586
2692 587
2701 587
2701 588
2704 588
2704 589
2705 589
2705 590
2706 590
2706 591
2709 591
2709 592
2712 592
2712 593
2715 593
2715 594
2717 594
2717 595
2718 595
2718 596
2720 596
2720 597
2723 597
2723 598
2727 598
2727 599
2742 599
2742 598
2749 598
2749 597
2751 597
2751 596
2752 596
2752 595
2755 595
2755 594
2761 594
2761 593
2762 593
2762 591
2763 591
2763 590
2764 590
2764 589
2770 589
2770 588
2774 588
2774 587
2776 587
2776 586
2777 586
2777 585
2784 585
2784 584
2786 584
2786 583
2788 583
2788 582
2790 582
2790 581
2791 581
2791 580
2797 580
2797 579
2798 579
2798 578
2801 578
2801 577
2802 577
2802 576
2803 576
2803 575
2808 575
2808 574
2809 574
2809 573
2810 573
2810 572
2811 572
2811 571
2813 571
2813 570
2814 570
2814 569
2815 569
2815 568
2816 568
2816 567
2818 567
2818 566
2820 566
2820 565
2823 565
2823 564
2824 564
2824 563
2826 563
2826 562
2832 562
2832 563
2833 563
2833 564
2835 564
2835 563
2837 563
2837 562
2838 562
2838 561
2839 561
2839 560
2841 560
2841 559
2846 559
2846 558
2847 558
2847 557
2849 557
2849 556
2850 556
2850 555
2851 555
2851 554
2852 554
2852 553
2855 553
2855 552
2866 552
2866 553
2870 553
2870 554
2873 554
2873 555
2882 555
2882 554
2887 554
2887 553
2891 553
2891 554
2901 554
2901 553
2905 553
2905 552
2906 552
2906 551
2907 551
2907 550
2908 550
2908 549
2909 549
2909 548
2910 548
2910 546
2911 546
2911 545
2912 545
2912 542
2913 542
2913 537
2915 537
2915 526
2920 526
2920 525
2922 525
2922 524
2923 524
2923 523
2929 523
2929 522
2934 522
2934 521
2937 521
2937 520
2938 520
2938 521
2945 521
2945 520
2946 520
2946 519
2949 519
2949 518
2950 518
2950 517
2956 517
2956 516
2959 516
2959 515
2967 515
2967 514
2968 514
2968 513
2977 513
2977 512
2981 512
2981 511
2982 511
2982 510
2984 510
2984 509
2990 509
2990 510
2994 510
2994 511
3001 511
3001 510
3002 510
3002 509
3004 509
3004 508
3006 508
3006 507
3008 507
3008 506
3009 506
3009 505
3010 505
3010 497
3011 497
3011 495
3012 495
3012 494
3015 494
3015 493
3016 493
3016 492
3019 492
3019 491
3022 491
3022 489
3023 489
3023 486
3024 486
3024 473
3025 473
3025 464
3024 464
3024 461
3025 461
3025 457
3026 457
3026 456
3030 456
3030 455
3033 455
3033 454
3035 454
3035 453
3036 453
3036 452
3037 452
3037 450
3038 450
3038 449
3039 449
3039 448
3041 448
3041 447
3042 447
3042 446
3043 446
3043 445
3045 445
3045 444
3046 444
3046 443
3047 443
3047 441
3048 441
3048 440
3049 440
3049 439
3054 439
3054 438
3056 438
3056 437
3059 437
3059 438
3060 438
3060 439
3061 439
3061 442
3060 442
3060 448
3061 448
3061 450
3062 450
3062 452
3063 452
3063 453
3064 453
3064 454
3066 454
3066 455
3067 455
3067 456
3072 456
3072 457
3076 457
3076 456
3079 456
3079 455
3081 455
3081 454
3084 454
3084 453
3090 453
3090 452
3093 452
3093 451
3094 451
3094 450
3095 450
3095 449
3096 449
3096 448
3098 448
3098 447
3099 447
3099 445
3100 445
3100 444
3101 444
3101 443
3103 443
3103 442
3104 442
3104 441
3106 441
3106 439
3107 439
3107 438
3108 438
3108 437
3110 437
3110 436
3115 436
3115 435
3122 435
3122 434
3126 434
3126 433
3129 433
3129 432
3130 432
3130 431
3131 431
3131 430
3133 430
3133 429
3135 429
3135 428
3138 428
3138 427
3139 427
3139 426
3144 426
3144 425
3147 425
3147 423
3148 423
3148 422
3150 422
3150 421
3152 421
3152 420
3155 420
3155 419
3161 419
3161 420
3163 420
3163 421
3165 421
3165 422
3169 422
3169 423
3171 423
3171 424
3173 424
3173 425
3174 425
3174 426
3176 426
3176 427
3179 427
3179 428
3180 428
3180 429
3181 429
3181 430
3182 430
3182 433
3183 433
3183 434
3184 434
3184 435
3185 435
3185 436
3186 436
3186 437
3187 437
3187 438
3188 438
3188 439
3191 439
3191 440
3196 440
3196 441
3198 441
3198 442
3200 442
3200 443
3205 443
3205 444
3207 444
3207 443
3211 443
3211 442
3212 442
3212 441
3214 441
3214 440
3215 440
3215 437
3216 437
3216 436
3217 436
3217 432
3218 432
3218 427
3219 427
3219 420
3220 420
3220 412
3221 412
3221 411
3222 411
3222 406
3227 406
3227 407
3233 407
3233 408
3244 408
3244 407
3245 407
3245 406
3246 406
3246 405
3247 405
3247 404
3249 404
3249 403
3253 403
3253 404
3254 404
3254 403
3257 403
3257 402
3268 402
3268 401
3269 401
3269 400
3272 400
3272 399
3281 399
3281 398
3282 398
3282 396
3283 396
3283 395
3284 395
3284 394
3285 394
3285 393
3286 393
3286 392
3289 392
3289 391
3291 391
3291 390
3293 390
3293 389
3294 389
3294 388
3295 388
3295 384
3296 384
3296 374
3297 374
3297 353
3298 353
3298 352
3299 352
3299 351
3308 351
3308 352
3310 352
3310 351
3331 351
3331 352
3333 352
3333 353
3336 353
3336 354
3340 354
3340 355
3343 355
3343 356
3344 356
3344 357
3346 357
3346 358
3355 358
3355 357
3356 357
3356 358
3373 358
3373 357
3378 357
3378 356
3382 356
3382 355
3385 355
3385 356
3389 356
3389 355
3390 355
3390 354
3391 354
3391 353
3392 353
3392 352
3393 352
3393 351
3394 351
3394 350
3395 350
3395 349
3396 349
3396 348
3398 348
3398 347
3403 347
3403 346
3404 346
3404 345
3408 345
3408 344
3409 344
3409 343
3412 343
3412 342
3415 342
3415 341
3416 341
3416 340
3417 340
3417 339
3418 339
3418 338
3420 338
3420 336
3421 336
3421 335
3422 335
3422 334
3423 334
3423 323
3424 323
3424 321
3425 321
3425 320
3426 320
3426 319
3428 319
3428 318
3429 318
3429 317
3430 317
3430 316
3432 316
3432 315
3433 315
3433 314
3434 314
3434 313
3436 313
3436 312
3437 312
3437 311
3438 311
3438 310
3439 310
3439 309
3440 309
3440 308
3441 308
3441 307
3445 307
3445 306
3451 306
3451 305
3455 305
3455 304
3460 304
3460 303
3463 303
3463 299
3464 299
3464 298
3465 298
3465 297
3466 297
3466 294
3467 294
3467 292
3468 292
3468 286
3469 286
3469 269
3470 269
3470 253
3471 253
3471 247
3472 247
3472 246
3496 246
3496 247
3501 247
3501 248
3522 248
3522 247
3539 247
3539 246
3540 246
3540 245
3547 245
3547 244
3550 244
3550 243
3552 243
3552 242
3553 242
3553 241
3555 241
3555 240
3556 240
3556 239
3557 239
3557 238
3559 238
3559 235
3558 235
3558 234
3559 234
3559 235
3560 235
3560 238
3559 238
3559 239
3557 239
3557 240
3556 240
3556 241
3555 241
3555 242
3553 242
3553 243
3552 243
3552 244
3550 244
3550 245
3547 245
3547 246
3540 246
3540 247
3539 247
3539 248
3522 248
3522 249
3501 249
3501 248
3496 248
3496 247
3472 247
3472 253
3471 253
3471 269
3470 269
3470 286
3469 286
3469 292
3468 292
3468 294
3467 294
3467 297
3466 297
3466 298
3465 298
3465 299
3464 299
3464 303
3463 303
3463 304
3460 304
3460 305
3455 305
3455 306
3451 306
3451 307
3445 307
3445 308
3441 308
3441 309
3440 309
3440 310
3439 310
3439 311
3438 311
3438 312
3437 312
3437 313
3436 313
3436 314
3434 314
3434 315
3433 315
3433 316
3432 316
3432 317
3430 317
3430 318
3429 318
3429 319
3428 319
3428 320
3426 320
3426 321
3425 321
3425 323
3424 323
3424 334
3423 334
3423 335
3422 335
3422 336
3421 336
3421 338
3420 338
3420 339
3418 339
3418 340
3417 340
3417 341
3416 341
3416 342
3415 342
3415 343
3412 343
