2284 1133
2285 1133
2285 1138
2286 1138
2286 1140
2289 1140
2289 1141
2290 1141
2290 1144
2293 1144
2293 1143
2294 1143
2294 1142
2295 1142
2295 1141
2296 1141
2296 1135
2297 1135
2297 1128
2296 1128
2296 1122
2297 1122
2297 1120
2298 1120
2298 1117
2299 1117
2299 1116
2304 1116
2304 1115
2306 1115
2306 1114
2314 1114
2314 1115
2318 1115
2318 1116
2320 1116
2320 1117
2322 1117
2322 1118
2323 1118
2323 1119
2325 1119
2325 1120
2326 1120
2326 1122
2331 1122
2331 1123
2333 1123
2333 1124
2335 1124
2335 1125
2336 1125
2336 1126
2339 1126
2339 1127
2340 1127
2340 1128
2341 1128
2341 1129
2347 1129
2347 1130
2348 1130
2348 1131
2349 1131
2349 1132
2351 1132
2351 1133
2352 1133
2352 1134
2353 1134
2353 1135
2359 1135
2359 1136
2367 1136
2367 1135
2368 1135
2368 1136
2370 1136
2370 1135
2374 1135
2374 1133
2375 1133
2375 1132
2376 1132
2376 1131
2377 1131
2377 1130
2380 1130
2380 1129
2381 1129
2381 1128
2384 1128
2384 1127
2385 1127
2385 1126
2386 1126
2386 1125
2387 1125
2387 1124
2388 1124
2388 1123
2389 1123
2389 1122
2390 1122
2390 1120
2391 1120
2391 1119
2392 1119
2392 1118
2393 1118
2393 1116
2394 1116
2394 1115
2395 1115
2395 1114
2396 1114
2396 1113
2397 1113
2397 1112
2398 1112
2398 1111
2399 1111
2399 1110
2400 1110
2400 1108
2401 1108
2401 1107
2402 1107
2402 1106
2403 1106
2403 1105
2405 1105
2405 1103
2406 1103
2406 1102
2407 1102
2407 1100
2408 1100
2408 1099
2409 1099
2409 1098
2411 1098
2411 1097
2412 1097
2412 1096
2414 1096
2414 1095
2415 1095
2415 1094
2416 1094
2416 1092
2417 1092
2417 1091
2418 1091
2418 1090
2420 1090
2420 1089
2421 1089
2421 1088
2422 1088
2422 1087
2423 1087
2423 1085
2424 1085
2424 1083
2425 1083
2425 1082
2426 1082
2426 1081
2427 1081
2427 1080
2428 1080
2428 1079
2429 1079
2429 1078
2431 1078
2431 1077
2432 1077
2432 1075
2433 1075
2433 1074
2434 1074
2434 1071
2435 1071
2435 1065
2436 1065
2436 1062
2437 1062
2437 1059
2438 1059
2438 1054
2439 1054
2439 1048
2440 1048
2440 1044
2441 1044
2441 1041
2442 1041
2442 1038
2443 1038
2443 1033
2444 1033
2444 1026
2445 1026
2445 1021
2446 1021
2446 1017
2447 1017
2447 1014
2448 1014
2448 1009
2449 1009
2449 1005
2450 1005
2450 1002
2451 1002
2451 998
2452 998
2452 997
2453 997
2453 996
2454 996
2454 995
2456 995
2456 994
2457 994
2457 993
2461 993
2461 992
2465 992
2465 991
2467 991
2467 990
2487 990
2487 989
2488 989
2488 988
2489 988
2489 987
2491 987
2491 986
2492 986
2492 985
2494 985
2494 984
2495 984
2495 983
2496 983
2496 982
2497 982
2497 981
2499 981
2499 980
2500 980
2500 979
2501 979
2501 978
2502 978
2502 977
2506 977
2506 976
2507 976
2507 977
2510 977
2510 978
2532 978
2532 977
2533 977
2533 976
2536 976
2536 975
2539 975
2539 974
2542 974
2542 973
2543 973
2543 972
2544 972
2544 971
2545 971
2545 969
2546 969
2546 964
2547 964
2547 961
2548 961
2548 960
2556 960
2556 959
2557 959
2557 958
2559 958
2559 957
2560 957
2560 956
2561 956
2561 955
2563 955
2563 954
2564 954
2564 952
2565 952
2565 951
2567 951
2567 950
2568 950
2568 947
2569 947
2569 943
2570 943
2570 937
2571 937
2571 930
2570 930
2570 928
2571 928
2571 927
2576 927
2576 928
2580 928
2580 927
2581 927
2581 926
2583 926
2583 925
2585 925
2585 924
2586 924
2586 921
2587 921
2587 918
2588 918
2588 917
2589 917
2589 915
2590 915
2590 914
2591 914
2591 913
2592 913
2592 911
2593 911
2593 908
2594 908
2594 905
2595 905
2595 901
2596 901
2596 896
2597 896
2597 889
2598 889
2598 873
2599 873
2599 858
2618 858
2618 859
2622 859
2622 860
2626 860
2626 859
2627 859
2627 858
2629 858
2629 857
2630 857
2630 856
2632 856
2632 855
2633 855
2633 854
2634 854
2634 853
2636 853
2636 852
2638 852
2638 851
2639 851
2639 850
2640 850
2640 849
2641 849
2641 846
2642 846
2642 845
2643 845
2643 843
2644 843
2644 841
2645 841
2645 840
2646 840
2646 839
2647 839
2647 838
2654 838
2654 839
2666 839
2666 840
2667 840
2667 841
2669 841
2669 842
2670 842
2670 843
2671 843
2671 844
2673 844
2673 845
2677 845
2677 846
2678 846
2678 849
2680 849
2680 850
2681 850
2681 852
2682 852
2682 859
2683 859
2683 863
2689 863
2689 862
2691 862
2691 849
2692 849
2692 846
2693 846
2693 845
2694 845
2694 844
2695 844
2695 843
2698 843
2698 842
2700 842
2700 843
2706 843
2706 842
2708 842
2708 841
2710 841
2710 840
2713 840
2713 839
2714 839
2714 838
2715 838
2715 837
2717 837
2717 836
2718 836
2718 833
2719 833
2719 831
2720 831
2720 829
2721 829
2721 827
2722 827
2722 826
2723 826
2723 825
2724 825
2724 823
2725 823
2725 821
2726 821
2726 818
2727 818
2727 815
2728 815
2728 814
2729 814
2729 815
2728 815
2728 818
2727 818
2727 821
2726 821
2726 823
2725 823
2725 825
2724 825
2724 826
2723 826
2723 827
2722 827
2722 829
2721 829
2721 831
2720 831
2720 833
2719 833
2719 836
2718 836
2718 837
2717 837
2717 838
2715 838
2715 839
2714 839
2714 841
2710 841
2710 842
2708 842
2708 843
2706 843
2706 844
2700 844
2700 843
2698 843
2698 844
2695 844
2695 845
2694 845
2694 846
2693 846
2693 849
2692 849
2692 863
2689 863
2689 864
2683 864
2683 863
2682 863
2682 859
2681 859
2681 852
2680 852
2680 850
2678 850
2678 849
2677 849
2677 846
2673 846
2673 845
2671 845
2671 844
2670 844
2670 843
2669 843
2669 842
2667 842
2667 841
2666 841
2666 840
2654 840
2654 839
2647 839
2647 840
2646 840
2646 841
2645 841
2645 843
2644 843
2644 845
2643 845
2643 846
2642 846
2642 849
2641 849
2641 850
2640 850
2640 851
2639 851
2639 852
2638 852
2638 853
2636 853
2636 854
2634 854
2634 855
2633 855
2633 856
2632 856
2632 857
2630 857
2630 858
2629 858
2629 859
2627 859
2627 860
2626 860
2626 861
2622 861
2622 860
2618 860
2618 859
2600 859
2600 873
2599 873
2599 889
2598 889
2598 896
2597 896
2597 901
2596 901
2596 905
2595 905
2595 908
2594 908
2594 911
2593 911
2593 913
2592 913
2592 914
2591 914
2591 915
2590 915
2590 917
2589 917
2589 918
2588 918
2588 921
2587 921
2587 924
2586 924
2586 925
2585 925
2585 926
2583 926
2583 927
2581 927
2581 928
2580 928
2580 929
2576 929
2576 928
2571 928
2571 930
2572 930
2572 937
2571 937
2571 943
2570 943
2570 947
2569 947
2569 950
2568 950
2568 951
2567 951
2567 952
2565 952
2565 954
2564 954
2564 955
2563 955
2563 956
2561 956
2561 957
2560 957
2560 958
2559 958
2559 959
2557 959
2557 960
2556 960
2556 961
2548 961
2548 964
2547 964
2547 969
2546 969
2546 971
2545 971
2545 972
2544 972
2544 973
2543 973
2543 975
2539 975
2539 976
2536 976
2536 977
2533 977
2533 978
2532 978
2532 979
2510 979
2510 978
2507 978
2507 977
2506 977
2506 978
2502 978
2502 979
2501 979
2501 980
2500 980
2500 981
2499 981
2499 982
2497 982
2497 983
2496 983
2496 984
2495 984
2495 985
2494 985
2494 986
2492 986
2492 987
2491 987
2491 988
2489 988
2489 989
2488 989
2488 990
2487 990
2487 991
2467 991
2467 992
2465 992
2465 993
2461 993
2461 994
2457 994
2457 995
2456 995
2456 996
2454 996
2454 997
2453 997
2453 998
2452 998
2452 1002
2451 1002
2451 1005
2450 1005
2450 1009
2449 1009
2449 1014
2448 1014
2448 1017
2447 1017
2447 1021
2446 1021
2446 1026
2445 1026
2445 1033
2444 1033
2444 1038
2443 1038
2443 1041
2442 1041
2442 1044
2441 1044
2441 1048
2440 1048
2440 1054
2439 1054
2439 1059
2438 1059
2438 1062
2437 1062
2437 1065
2436 1065
2436 1071
2435 1071
2435 1074
2434 1074
2434 1075
2433 1075
2433 1077
2432 1077
2432 1078
2431 1078
2431 1079
2429 1079
2429 1080
2428 1080
2428 1081
2427 1081
2427 1082
2426 1082
2426 1083
2425 1083
2425 1085
2424 1085
2424 1087
2423 1087
2423 1088
2422 1088
2422 1089
2421 1089
2421 1090
2420 1090
2420 1091
2418 1091
2418 1092
2417 1092
2417 1094
2416 1094
2416 1095
2415 1095
2415 1096
2414 1096
2414 1097
2412 1097
2412 1098
2411 1098
2411 1099
2409 1099
2409 1100
2408 1100
2408 1102
2407 1102
2407 1103
2406 1103
2406 1105
2405 1105
2405 1106
2403 1106
2403 1107
2402 1107
2402 1108
2401 1108
2401 1110
2400 1110
2400 1111
2399 1111
2399 1112
2398 1112
2398 1113
2397 1113
2397 1114
2396 1114
2396 1115
2395 1115
2395 1116
2394 1116
2394 1118
2393 1118
2393 1119
2392 1119
2392 1120
2391 1120
2391 1122
2390 1122
2390 1123
2389 1123
2389 1124
2388 1124
2388 1125
2387 1125
2387 1126
2386 1126
2386 1127
2385 1127
2385 1128
2384 1128
2384 1129
2381 1129
2381 1130
2380 1130
2380 1131
2377 1131
2377 1132
2376 1132
2376 1133
2375 1133
2375 1135
2374 1135
2374 1136
2370 1136
2370 1137
2368 1137
2368 1136
2367 1136
2367 1137
2359 1137
2359 1136
2353 1136
2353 1135
2352 1135
2352 1134
2351 1134
2351 1133
2349 1133
2349 1132
2348 1132
2348 1131
2347 1131
2347 1130
2341 1130
2341 1129
2340 1129
2340 1128
2339 1128
2339 1127
2336 1127
2336 1126
2335 1126
2335 1125
2333 1125
2333 1124
2331 1124
2331 1123
2326 1123
2326 1122
2325 1122
2325 1120
2323 1120
2323 1119
2322 1119
2322 1118
2320 1118
2320 1117
2318 1117
2318 1116
2314 1116
2314 1115
2306 1115
2306 1116
2304 1116
2304 1117
2299 1117
2299 1120
2298 1120
2298 1122
2297 1122
2297 1128
2298 1128
2298 1135
2297 1135
2297 1141
2296 1141
2296 1142
2295 1142
2295 1143
2294 1143
2294 1144
2293 1144
2293 1145
2290 1145
2290 1144
2289 1144
2289 1141
2286 1141
2286 1140
2285 1140
2285 1138
2284 1138
2284 1133
2280 1133
2280 1132
2276 1132
2276 1133
2275 1133
2275 1132
2274 1132
2274 1131
2265 1131
2265 1132
2263 1132
2263 1133
2261 1133
2261 1134
2259 1134
2259 1135
2257 1135
2257 1136
2254 1136
2254 1143
2253 1143
2253 1162
2252 1162
2252 1165
2251 1165
2251 1166
2250 1166
2250 1169
2249 1169
2249 1170
2248 1170
2248 1172
2247 1172
2247 1175
2246 1175
2246 1177
2245 1177
2245 1179
2244 1179
2244 1180
2242 1180
2242 1181
2241 1181
2241 1182
2240 1182
2240 1183
2239 1183
2239 1184
2236 1184
2236 1183
2232 1183
2232 1184
2230 1184
2230 1183
2229 1183
2229 1182
2228 1182
2228 1181
2210 1181
2210 1182
2208 1182
2208 1183
2200 1183
2200 1184
2198 1184
2198 1185
2195 1185
2195 1186
2192 1186
2192 1187
2189 1187
2189 1188
2187 1188
2187 1189
2186 1189
2186 1190
2184 1190
2184 1191
2183 1191
2183 1192
2176 1192
2176 1191
2175 1191
2175 1192
2173 1192
2173 1191
2169 1191
2169 1192
2166 1192
2166 1193
2162 1193
2162 1194
2152 1194
2152 1195
2151 1195
2151 1198
2150 1198
2150 1202
2149 1202
2149 1203
2148 1203
2148 1204
2147 1204
2147 1205
2146 1205
2146 1206
2144 1206
2144 1207
2142 1207
2142 1208
2140 1208
2140 1209
2136 1209
2136 1210
2126 1210
2126 1209
2124 1209
2124 1208
2123 1208
2123 1209
2116 1209
2116 1208
2111 1208
2111 1207
2108 1207
2108 1206
2104 1206
2104 1205
2101 1205
2101 1204
2099 1204
2099 1203
2097 1203
2097 1202
2088 1202
2088 1201
2084 1201
2084 1202
2076 1202
2076 1201
2072 1201
2072 1200
2067 1200
2067 1199
2066 1199
2066 1198
2065 1198
2065 1197
2064 1197
2064 1196
2063 1196
2063 1194
2061 1194
2061 1193
2060 1193
2060 1192
2059 1192
2059 1191
2058 1191
2058 1190
2057 1190
2057 1189
2056 1189
2056 1188
2055 1188
2055 1187
2054 1187
2054 1185
2053 1185
2053 1184
2052 1184
2052 1183
2051 1183
2051 1181
2050 1181
2050 1179
2045 1179
2045 1178
2044 1178
2044 1177
2041 1177
2041 1176
2038 1176
2038 1175
2036 1175
2036 1174
2035 1174
2035 1173
2034 1173
2034 1172
2033 1172
2033 1171
2031 1171
2031 1170
2030 1170
2030 1169
2029 1169
2029 1168
2027 1168
2027 1167
2025 1167
2025 1166
2019 1166
2019 1167
2018 1167
2018 1168
2012 1168
2012 1169
2008 1169
2008 1170
2007 1170
2007 1171
2006 1171
2006 1172
2004 1172
2004 1174
1999 1174
1999 1175
1998 1175
1998 1180
1997 1180
1997 1182
1996 1182
1996 1188
1995 1188
1995 1200
1996 1200
1996 1213
1995 1213
1995 1215
1994 1215
1994 1216
1991 1216
1991 1217
1990 1217
1990 1218
1988 1218
1988 1220
1987 1220
1987 1221
1982 1221
1982 1220
1976 1220
1976 1221
1973 1221
1973 1220
1972 1220
1972 1219
1971 1219
1971 1218
1970 1218
1970 1216
1969 1216
1969 1214
1968 1214
1968 1212
1967 1212
1967 1210
1966 1210
1966 1209
1965 1209
1965 1206
1964 1206
1964 1205
1963 1205
1963 1204
1962 1204
1962 1203
1961 1203
1961 1202
1956 1202
1956 1201
1952 1201
1952 1200
1950 1200
1950 1199
1949 1199
1949 1198
1948 1198
1948 1197
1947 1197
1947 1195
1946 1195
1946 1194
1945 1194
1945 1193
1944 1193
1944 1192
1943 1192
1943 1191
1942 1191
1942 1190
1941 1190
1941 1189
1939 1189
1939 1188
1937 1188
1937 1187
1934 1187
1934 1186
1932 1186
1932 1185
1925 1185
1925 1184
1922 1184
1922 1183
1915 1183
1915 1182
1911 1182
1911 1181
1906 1181
1906 1180
1905 1180
1905 1178
1902 1178
1902 1177
1900 1177
1900 1176
1899 1176
1899 1175
1895 1175
1895 1174
1893 1174
1893 1173
1892 1173
1892 1172
1891 1172
1891 1171
1890 1171
1890 1170
1889 1170
1889 1169
1887 1169
1887 1168
1886 1168
1886 1167
1884 1167
1884 1166
1883 1166
1883 1165
1881 1165
1881 1164
1879 1164
1879 1163
1877 1163
1877 1162
1876 1162
1876 1160
1875 1160
1875 1158
1874 1158
1874 1157
1873 1157
1873 1152
1872 1152
1872 1149
1871 1149
1871 1147
1870 1147
1870 1146
1869 1146
1869 1144
1868 1144
1868 1143
1867 1143
1867 1142
1866 1142
1866 1141
1865 1141
1865 1137
1860 1137
1860 1138
1856 1138
1856 1139
1855 1139
1855 1141
1854 1141
1854 1142
1853 1142
1853 1143
1852 1143
1852 1144
1851 1144
1851 1145
1850 1145
1850 1146
1849 1146
1849 1147
1848 1147
1848 1148
1847 1148
1847 1149
1841 1149
1841 1148
1832 1148
1832 1147
1830 1147
1830 1146
1826 1146
1826 1145
1818 1145
1818 1144
1815 1144
1815 1145
1809 1145
1809 1146
1803 1146
1803 1145
1800 1145
1800 1144
1797 1144
1797 1143
1789 1143
1789 1142
1788 1142
1788 1141
1786 1141
1786 1140
1782 1140
1782 1139
1779 1139
1779 1138
1775 1138
1775 1137
1760 1137
1760 1136
1757 1136
1757 1135
1749 1135
1749 1134
1748 1134
1748 1133
1747 1133
1747 1131
1746 1131
1746 1127
1745 1127
1745 1125
1746 1125
1746 1123
1745 1123
1745 1119
1744 1119
1744 1115
1743 1115
1743 1114
1742 1114
1742 1112
1741 1112
1741 1111
1740 1111
1740 1110
1739 1110
1739 1109
1736 1109
1736 1108
1732 1108
1732 1107
1730 1107
1730 1106
1729 1106
1729 1105
1726 1105
1726 1104
1715 1104
1715 1103
1703 1103
1703 1102
1694 1102
1694 1101
1691 1101
1691 1100
1688 1100
1688 1099
1683 1099
1683 1097
1680 1097
1680 1096
1679 1096
1679 1094
1678 1094
1678 1093
1677 1093
1677 1092
1676 1092
1676 1090
1674 1090
1674 1088
1673 1088
1673 1087
1672 1087
1672 1086
1671 1086
1671 1085
1670 1085
1670 1084
1669 1084
1669 1083
1668 1083
1668 1082
1666 1082
1666 1081
1664 1081
1664 1080
1660 1080
1660 1077
1659 1077
1659 1073
1658 1073
1658 1069
1657 1069
1657 1068
1656 1068
1656 1066
1655 1066
1655 1064
1654 1064
1654 1063
1653 1063
1653 1061
1652 1061
1652 1060
1650 1060
1650 1058
1649 1058
1649 1056
1648 1056
1648 1055
1646 1055
1646 1054
1645 1054
1645 1053
1644 1053
1644 1052
1642 1052
1642 1051
1641 1051
1641 1050
1638 1050
1638 1049
1637 1049
1637 1047
1636 1047
1636 1046
1635 1046
1635 1045
1634 1045
1634 1044
1633 1044
1633 1043
1632 1043
1632 1042
1630 1042
1630 1041
1628 1041
1628 1040
1626 1040
1626 1039
1622 1039
1622 1038
1620 1038
1620 1037
1619 1037
1619 1036
1618 1036
1618 1035
1616 1035
1616 1034
1615 1034
1615 1033
1610 1033
1610 1032
1609 1032
1609 1031
1608 1031
1608 1029
1607 1029
1607 1028
1606 1028
1606 1027
1605 1027
1605 1025
1602 1025
1602 1024
1601 1024
1601 1025
1598 1025
1598 1024
1593 1024
1593 1023
1590 1023
1590 1022
1584 1022
1584 1021
1582 1021
1582 1020
1581 1020
1581 1019
1580 1019
1580 1018
1578 1018
1578 1017
1577 1017
1577 1016
1576 1016
1576 1015
1570 1015
1570 1014
1560 1014
1560 1013
1549 1013
1549 1012
1543 1012
1543 1011
1540 1011
1540 1010
1539 1010
1539 1008
1537 1008
1537 1007
1536 1007
1536 1006
1534 1006
1534 1005
1532 1005
1532 1004
1530 1004
1530 1003
1529 1003
1529 1002
1526 1002
1526 1000
1523 1000
1523 999
1520 999
1520 998
1519 998
1519 997
1517 997
1517 996
1515 996
1515 995
1513 995
1513 994
1509 994
1509 993
1506 993
1506 992
1505 992
1505 990
1504 990
1504 989
1503 989
1503 988
1498 988
1498 987
1496 987
1496 986
1495 986
1495 985
1494 985
1494 984
1493 984
1493 981
1492 981
1492 979
1491 979
1491 978
1490 978
1490 973
1489 973
1489 972
1488 972
1488 971
1484 971
1484 970
1483 970
1483 969
1479 969
1479 968
1478 968
1478 967
1477 967
1477 966
1476 966
1476 965
1475 965
1475 963
1474 963
1474 962
1473 962
1473 961
1472 961
1472 960
1469 960
1469 959
1467 959
1467 958
1466 958
1466 957
1465 957
1465 956
1464 956
1464 952
1463 952
1463 950
1462 950
1462 949
1461 949
1461 948
1460 948
1460 946
1459 946
1459 945
1457 945
1457 944
1453 944
1453 943
1452 943
1452 942
1450 942
1450 941
1448 941
1448 940
1447 940
1447 939
1443 939
1443 938
1437 938
1437 937
1432 937
1432 936
1429 936
1429 935
1428 935
1428 934
1427 934
1427 933
1426 933
1426 931
1425 931
1425 925
1424 925
1424 921
1423 921
1423 920
1422 920
1422 919
1421 919
1421 918
1420 918
1420 917
1418 917
1418 916
1417 916
1417 915
1415 915
1415 914
1414 914
1414 913
1413 913
1413 912
1412 912
1412 909
1411 909
1411 908
1410 908
1410 906
1409 906
1409 904
1408 904
1408 903
1407 903
1407 902
1403 902
1403 901
1400 901
1400 900
1399 900
1399 899
1398 899
1398 897
1397 897
1397 894
1396 894
1396 892
1395 892
1395 887
1394 887
1394 883
1393 883
1393 875
1392 875
1392 873
1391 873
1391 872
1390 872
1390 871
1389 871
1389 870
1388 870
1388 868
1387 868
1387 866
1386 866
1386 865
1385 865
1385 864
1384 864
1384 862
1383 862
1383 861
1382 861
1382 860
1380 860
1380 859
1378 859
1378 858
1377 858
1377 856
1376 856
1376 854
1375 854
1375 852
1374 852
1374 844
1373 844
1373 840
1372 840
1372 839
1371 839
1371 838
1366 838
1366 839
1353 839
1353 840
1333 840
1333 839
1332 839
1332 838
1331 838
1331 837
1330 837
1330 836
1325 836
1325 835
1323 835
1323 834
1320 834
1320 833
1319 833
1319 832
1318 832
1318 830
1317 830
1317 829
1316 829
1316 827
1315 827
1315 826
1312 826
1312 825
1309 825
1309 824
1308 824
1308 823
1307 823
1307 822
1306 822
1306 819
1305 819
1305 816
1304 816
1304 814
1299 814
1299 813
1297 813
1297 812
1295 812
1295 811
1294 811
1294 810
1293 810
1293 809
1292 809
1292 805
1291 805
1291 793
1290 793
1290 786
1289 786
1289 782
1288 782
1288 781
1282 781
1282 780
1280 780
1280 779
1279 779
1279 777
1278 777
1278 776
1277 776
1277 773
1276 773
1276 772
1274 772
1274 771
1273 771
1273 770
1270 770
1270 769
1268 769
1268 768
1267 768
1267 767
1266 767
1266 766
1265 766
1265 763
1264 763
1264 750
1263 750
1263 746
1262 746
1262 745
1259 745
1259 744
1255 744
1255 743
1253 743
1253 742
1249 742
1249 741
1242 741
1242 740
1241 740
1241 739
1240 739
1240 738
1239 738
1239 737
1238 737
1238 736
1235 736
1235 737
1229 737
1229 738
1218 738
1218 737
1217 737
1217 736
1216 736
1216 734
1215 734
1215 733
1214 733
1214 724
1213 724
1213 722
1214 722
1214 716
1213 716
1213 702
1212 702
1212 700
1211 700
1211 699
1204 699
1204 698
1203 698
1203 697
1202 697
1202 696
1201 696
1201 694
1200 694
1200 685
1199 685
1199 679
1198 679
1198 678
1195 678
1195 677
1188 677
1188 676
1187 676
1187 664
1186 664
1186 658
1184 658
1184 657
1186 657
1186 658
1187 658
1187 664
1188 664
1188 676
1195 676
1195 677
1198 677
1198 678
1199 678
1199 679
1200 679
1200 685
1201 685
1201 694
1202 694
1202 696
1203 696
1203 697
1204 697
1204 698
1211 698
1211 699
1212 699
1212 700
1213 700
1213 702
1214 702
1214 716
1215 716
1215 722
1214 722
1214 724
1215 724
1215 733
1216 733
1216 734
1217 734
1217 736
1218 736
1218 737
1229 737
1229 736
1235 736
1235 735
1238 735
1238 736
1239 736
1239 737
1240 737
1240 738
1241 738
1241 739
1242 739
1242 740
1249 740
1249 741
1253 741
1253 742
1255 742
1255 743
1259 743
1259 744
1262 744
1262 745
1263 745
1263 746
1264 746
1264 750
1265 750
1265 763
1266 763
1266 766
1267 766
1267 767
1268 767
1268 768
1270 768
1270 769
1273 769
1273 770
1274 770
1274 771
1276 771
1276 772
1277 772
1277 773
1278 773
1278 776
1279 776
1279 777
1280 777
1280 779
1282 779
1282 780
1288 780
1288 781
1289 781
1289 782
1290 782
1290 786
1291 786
1291 793
1292 793
1292 805
1293 805
1293 809
1294 809
1294 810
1295 810
1295 811
1297 811
1297 812
1299 812
1299 813
1304 813
1304 814
1305 814
1305 816
1306 816
1306 819
1307 819
1307 822
1308 822
1308 823
1309 823
1309 824
1312 824
1312 825
1315 825
1315 826
1316 826
1316 827
1317 827
1317 829
1318 829
1318 830
1319 830
1319 832
1320 832
1320 833
1323 833
1323 834
1325 834
1325 835
1330 835
1330 836
1331 836
1331 837
1332 837
1332 838
1333 838
1333 839
1353 839
1353 838
1366 838
1366 837
1371 837
1371 838
1372 838
1372 839
1373 839
1373 840
1374 840
1374 844
1375 844
1375 852
1376 852
1376 854
1377 854
1377 856
1378 856
1378 858
1380 858
1380 859
1382 859
1382 860
1383 860
1383 861
1384 861
1384 862
1385 862
1385 864
1386 864
1386 865
1387 865
1387 866
1388 866
1388 868
1389 868
1389 870
1390 870
1390 871
1391 871
1391 872
1392 872
1392 873
1393 873
1393 875
1394 875
1394 883
1395 883
1395 887
1396 887
1396 892
1397 892
1397 894
1398 894
1398 897
1399 897
1399 899
1400 899
1400 900
1403 900
1403 901
1407 901
1407 902
1408 902
1408 903
1409 903
1409 904
1410 904
1410 906
1411 906
1411 908
1412 908
1412 909
1413 909
1413 912
1414 912
1414 913
1415 913
1415 914
1417 914
1417 915
1418 915
1418 916
1420 916
1420 917
1421 917
1421 918
1422 918
1422 919
1423 919
1423 920
1424 920
1424 921
1425 921
1425 925
1426 925
1426 931
1427 931
1427 933
1428 933
1428 934
1429 934
1429 935
1432 935
1432 936
1437 936
1437 937
1443 937
1443 938
1447 938
1447 939
1448 939
1448 940
1450 940
1450 941
1452 941
1452 942
1453 942
1453 943
1457 943
1457 944
1459 944
1459 945
1460 945
1460 946
1461 946
1461 948
1462 948
1462 949
1463 949
1463 950
1464 950
1464 952
1465 952
1465 956
1466 956
1466 957
1467 957
1467 958
1469 958
1469 959
1472 959
1472 960
1473 960
1473 961
1474 961
1474 962
1475 962
1475 963
1476 963
1476 965
1477 965
1477 966
1478 966
1478 967
1479 967
1479 968
1483 968
1483 969
1484 969
1484 970
1488 970
1488 971
1489 971
1489 972
1490 972
1490 973
1491 973
1491 978
1492 978
1492 979
1493 979
1493 981
1494 981
1494 984
1495 984
1495 985
1496 985
1496 986
1498 986
1498 987
1503 987
1503 988
1504 988
1504 989
1505 989
1505 990
1506 990
1506 992
1509 992
1509 993
1513 993
1513 994
1515 994
1515 995
1517 995
1517 996
1519 996
1519 997
1520 997
1520 998
1523 998
1523 999
1526 999
1526 1000
1527 1000
1527 1001
1529 1001
1529 1002
1530 1002
1530 1003
1532 1003
1532 1004
1534 1004
1534 1005
1536 1005
1536 1006
1537 1006
1537 1007
1539 1007
1539 1008
1540 1008
1540 1010
1543 1010
1543 1011
1549 1011
1549 1012
1560 1012
1560 1013
1570 1013
1570 1014
1576 1014
1576 1015
1577 1015
1577 1016
1578 1016
1578 1017
1580 1017
1580 1018
1581 1018
1581 1019
1582 1019
1582 1020
1584 1020
1584 1021
1590 1021
1590 1022
1593 1022
1593 1023
1598 1023
1598 1024
1601 1024
1601 1023
1602 1023
1602 1024
1605 1024
1605 1025
1606 1025
1606 1027
1607 1027
1607 1028
1608 1028
1608 1029
1609 1029
1609 1031
1610 1031
1610 1032
1615 1032
1615 1033
1616 1033
1616 1034
1618 1034
1618 1035
1619 1035
1619 1036
1620 1036
1620 1037
1622 1037
1622 1038
1626 1038
1626 1039
1628 1039
1628 1040
1630 1040
1630 1041
1632 1041
1632 1042
1633 1042
1633 1043
1634 1043
1634 1044
1635 1044
1635 1045
1636 1045
1636 1046
1637 1046
1637 1047
1638 1047
1638 1049
1641 1049
1641 1050
1642 1050
1642 1051
1644 1051
1644 1052
1645 1052
1645 1053
1646 1053
1646 1054
1648 1054
1648 1055
1649 1055
1649 1056
1650 1056
1650 1058
1651 1058
1651 1059
1652 1059
1652 1060
1653 1060
1653 1061
1654 1061
1654 1063
1655 1063
1655 1064
1656 1064
1656 1066
1657 1066
1657 1068
1658 1068
1658 1069
1659 1069
1659 1073
1660 1073
1660 1077
1661 1077
1661 1079
1664 1079
1664 1080
1666 1080
1666 1081
1668 1081
1668 1082
1669 1082
1669 1083
1670 1083
1670 1084
1671 1084
1671 1085
1672 1085
1672 1086
1673 1086
1673 1087
1674 1087
1674 1088
1675 1088
1675 1089
1676 1089
1676 1090
1677 1090
1677 1092
1678 1092
1678 1093
1679 1093
1679 1094
1680 1094
1680 1096
1683 1096
1683 1097
1684 1097
1684 1098
1688 1098
1688 1099
1691 1099
1691 1100
1694 1100
1694 1101
1703 1101
1703 1102
1715 1102
1715 1103
1726 1103
1726 1104
1729 1104
1729 1105
1730 1105
1730 1106
1732 1106
1732 1107
1736 1107
1736 1108
1739 1108
1739 1109
1740 1109
1740 1110
1741 1110
1741 1111
1742 1111
1742 1112
1743 1112
1743 1114
1744 1114
1744 1115
1745 1115
1745 1119
1746 1119
1746 1123
1747 1123
1747 1125
1746 1125
1746 1127
1747 1127
1747 1131
1748 1131
1748 1133
1749 1133
1749 1134
1757 1134
1757 1135
1760 1135
1760 1136
1775 1136
1775 1137
1779 1137
1779 1138
1782 1138
1782 1139
1786 1139
1786 1140
1788 1140
1788 1141
1789 1141
1789 1142
1797 1142
1797 1143
1800 1143
1800 1144
1803 1144
1803 1145
1809 1145
1809 1144
1815 1144
1815 1143
1818 1143
1818 1144
1826 1144
1826 1145
1830 1145
1830 1146
1832 1146
1832 1147
1841 1147
1841 1148
1847 1148
1847 1147
1848 1147
1848 1146
1849 1146
1849 1145
1850 1145
1850 1144
1851 1144
1851 1143
1852 1143
1852 1142
1853 1142
1853 1140
1854 1140
1854 1139
1855 1139
1855 1138
1856 1138
1856 1137
1860 1137
1860 1136
1865 1136
1865 1137
1866 1137
1866 1141
1867 1141
1867 1142
1868 1142
1868 1143
1869 1143
1869 1144
1870 1144
1870 1146
1871 1146
1871 1147
1872 1147
1872 1149
1873 1149
1873 1152
1874 1152
1874 1157
1875 1157
1875 1158
1876 1158
1876 1160
1877 1160
1877 1162
1879 1162
1879 1163
1881 1163
1881 1164
1883 1164
1883 1165
1884 1165
1884 1166
1886 1166
1886 1167
1887 1167
1887 1168
1889 1168
1889 1169
1890 1169
1890 1170
1891 1170
1891 1171
1892 1171
1892 1172
1893 1172
1893 1173
1895 1173
1895 1174
1899 1174
1899 1175
1900 1175
1900 1176
1902 1176
1902 1177
1905 1177
1905 1178
1906 1178
1906 1180
1911 1180
1911 1181
1915 1181
1915 1182
1922 1182
1922 1183
1925 1183
1925 1184
1932 1184
1932 1185
1934 1185
1934 1186
1937 1186
1937 1187
1939 1187
1939 1188
1941 1188
1941 1189
1942 1189
1942 1190
1943 1190
1943 1191
1944 1191
1944 1192
1945 1192
1945 1193
1946 1193
1946 1194
1947 1194
1947 1195
1948 1195
1948 1197
1949 1197
1949 1198
1950 1198
1950 1199
1952 1199
1952 1200
1956 1200
1956 1201
1961 1201
1961 1202
1962 1202
1962 1203
1963 1203
1963 1204
1964 1204
1964 1205
1965 1205
1965 1206
1966 1206
1966 1209
1967 1209
1967 1210
1968 1210
1968 1212
1969 1212
1969 1214
1970 1214
1970 1216
1971 1216
1971 1218
1972 1218
1972 1219
1973 1219
1973 1220
1976 1220
1976 1219
1982 1219
1982 1220
1987 1220
1987 1218
1988 1218
1988 1217
1990 1217
1990 1216
1991 1216
1991 1215
1994 1215
1994 1213
1995 1213
1995 1200
1994 1200
1994 1188
1995 1188
1995 1182
1996 1182
1996 1179
1997 1179
1997 1175
1998 1175
1998 1174
1999 1174
1999 1173
2003 1173
2003 1172
2004 1172
2004 1171
2006 1171
2006 1170
2007 1170
2007 1169
2008 1169
2008 1168
2012 1168
2012 1167
2018 1167
2018 1166
2019 1166
2019 1165
2025 1165
2025 1166
2027 1166
2027 1167
2029 1167
2029 1168
2030 1168
2030 1169
2031 1169
2031 1170
2033 1170
2033 1171
2034 1171
2034 1172
2035 1172
2035 1173
2036 1173
2036 1174
2038 1174
2038 1175
2041 1175
2041 1176
2044 1176
2044 1177
2045 1177
2045 1178
2050 1178
2050 1179
2051 1179
2051 1181
2052 1181
2052 1183
2053 1183
2053 1184
2054 1184
2054 1185
2055 1185
2055 1187
2056 1187
2056 1188
2057 1188
2057 1189
2058 1189
2058 1190
2059 1190
2059 1191
2060 1191
2060 1192
2061 1192
2061 1193
2063 1193
2063 1194
2064 1194
2064 1196
2065 1196
2065 1197
2066 1197
2066 1198
2067 1198
2067 1199
2072 1199
2072 1200
2076 1200
2076 1199
2077 1199
2077 1200
2078 1200
2078 1201
2084 1201
2084 1200
2088 1200
2088 1201
2097 1201
2097 1202
2099 1202
2099 1203
2101 1203
2101 1204
2104 1204
2104 1205
2108 1205
2108 1206
2111 1206
2111 1207
2116 1207
2116 1208
2123 1208
2123 1207
2124 1207
2124 1208
2126 1208
2126 1209
2136 1209
2136 1208
2140 1208
2140 1207
2142 1207
2142 1206
2144 1206
2144 1205
2146 1205
2146 1204
2147 1204
2147 1203
2148 1203
2148 1202
2149 1202
2149 1198
2150 1198
2150 1195
2151 1195
2151 1194
2152 1194
2152 1193
2162 1193
2162 1192
2166 1192
2166 1191
2169 1191
2169 1190
2173 1190
2173 1191
2175 1191
2175 1190
2176 1190
2176 1191
2183 1191
2183 1190
2184 1190
2184 1189
2186 1189
2186 1188
2187 1188
2187 1187
2189 1187
2189 1186
2192 1186
2192 1185
2195 1185
2195 1184
2198 1184
2198 1183
2200 1183
2200 1182
2208 1182
2208 1181
2210 1181
2210 1180
2228 1180
2228 1181
2229 1181
2229 1182
2230 1182
2230 1183
2232 1183
2232 1182
2236 1182
2236 1183
2239 1183
2239 1182
2240 1182
2240 1181
2241 1181
2241 1180
2242 1180
2242 1179
2244 1179
2244 1177
2245 1177
2245 1174
2246 1174
2246 1172
2247 1172
2247 1170
2248 1170
2248 1169
2249 1169
2249 1166
2250 1166
2250 1165
2251 1165
2251 1162
2252 1162
2252 1143
2253 1143
2253 1136
2254 1136
2254 1135
2257 1135
2257 1134
2259 1134
2259 1133
2261 1133
2261 1132
2263 1132
2263 1131
2265 1131
2265 1130
2274 1130
2274 1131
2275 1131
2275 1132
2276 1132
2276 1131
2280 1131
2280 1132
2284 1132
