728 904
727 904
727 905
726 905
726 906
725 906
725 907
724 907
724 908
722 908
722 909
718 909
718 910
712 910
712 911
709 911
709 912
707 912
707 913
703 913
703 914
696 914
696 913
690 913
690 912
682 912
682 911
680 911
680 910
677 910
677 909
676 909
676 908
675 908
675 907
674 907
674 905
673 905
673 904
672 904
672 903
671 903
671 902
670 902
670 901
669 901
669 900
668 900
668 899
667 899
667 898
665 898
665 897
664 897
664 896
662 896
662 895
660 895
660 894
657 894
657 893
656 893
656 892
655 892
655 891
654 891
654 890
653 890
653 889
652 889
652 887
651 887
651 886
650 886
650 878
649 878
649 864
648 864
648 861
647 861
647 859
646 859
646 857
645 857
645 856
642 856
642 855
634 855
634 854
631 854
631 853
630 853
630 852
629 852
629 851
628 851
628 849
627 849
627 848
625 848
625 847
615 847
615 846
611 846
611 845
608 845
608 844
606 844
606 843
604 843
604 842
602 842
602 841
599 841
599 840
597 840
597 839
590 839
590 838
585 838
585 839
583 839
583 840
581 840
581 842
580 842
580 844
579 844
579 854
578 854
578 855
577 855
577 856
575 856
575 857
572 857
572 858
570 858
570 859
559 859
559 858
556 858
556 859
555 859
555 866
556 866
556 870
557 870
557 872
558 872
558 874
557 874
557 876
556 876
556 878
545 878
545 879
542 879
542 880
541 880
541 881
539 881
539 882
532 882
532 881
528 881
528 880
524 880
524 879
518 879
518 878
506 878
506 877
505 877
505 876
495 876
495 875
487 875
487 876
485 876
485 877
483 877
483 878
481 878
481 879
480 879
480 880
479 880
479 879
480 879
480 878
481 878
481 877
483 877
483 876
485 876
485 875
487 875
487 874
495 874
495 875
506 875
506 877
518 877
518 878
524 878
524 879
528 879
528 880
532 880
532 881
539 881
539 880
541 880
541 879
542 879
542 878
545 878
545 877
555 877
555 876
556 876
556 874
557 874
557 872
556 872
556 870
555 870
555 866
554 866
554 859
555 859
555 858
556 858
556 857
559 857
559 858
570 858
570 857
572 857
572 856
575 856
575 855
577 855
577 854
578 854
578 844
579 844
579 842
580 842
580 840
581 840
581 839
583 839
583 838
585 838
585 837
590 837
590 838
597 838
597 839
599 839
599 840
602 840
602 841
604 841
604 842
606 842
606 843
608 843
608 844
611 844
611 845
615 845
615 846
625 846
625 847
627 847
627 848
628 848
628 849
629 849
629 851
630 851
630 852
631 852
631 853
634 853
634 854
642 854
642 855
645 855
645 856
646 856
646 857
647 857
647 859
648 859
648 861
649 861
649 864
650 864
650 878
651 878
651 886
652 886
652 887
653 887
653 889
654 889
654 890
655 890
655 891
656 891
656 892
657 892
657 893
660 893
660 894
662 894
662 895
664 895
664 896
665 896
665 897
667 897
667 898
668 898
668 899
669 899
669 900
670 900
670 901
671 901
671 902
672 902
672 903
673 903
673 904
674 904
674 905
675 905
675 907
676 907
676 908
677 908
677 909
680 909
680 910
682 910
682 911
690 911
690 912
696 912
696 913
703 913
703 912
707 912
707 911
709 911
709 910
712 910
712 909
718 909
718 908
722 908
722 907
724 907
724 906
725 906
725 905
726 905
726 904
727 904
727 903
728 903
728 902
729 902
729 901
730 901
730 900
731 900
731 899
734 899
734 898
737 898
737 897
739 897
739 898
743 898
743 899
746 899
746 900
750 900
750 901
752 901
752 902
754 902
754 903
758 903
758 904
759 904
759 905
761 905
761 906
762 906
762 907
766 907
766 908
769 908
769 909
786 909
786 910
803 910
803 911
811 911
811 910
814 910
814 909
823 909
823 910
827 910
827 911
830 911
830 912
843 912
843 913
847 913
847 912
850 912
850 911
852 911
852 910
853 910
853 909
856 909
856 908
860 908
860 907
863 907
863 906
867 906
867 905
878 905
878 904
879 904
879 905
883 905
883 906
889 906
889 907
891 907
891 908
898 908
898 909
902 909
902 910
903 910
903 911
904 911
904 913
907 913
907 914
913 914
913 913
915 913
915 912
920 912
920 911
924 911
924 910
928 910
928 911
934 911
934 912
938 912
938 913
943 913
943 914
954 914
954 915
963 915
963 916
967 916
967 917
969 917
969 916
972 916
972 915
975 915
975 914
978 914
978 913
981 913
981 912
984 912
984 911
986 911
986 910
987 910
987 909
988 909
988 908
990 908
990 907
992 907
992 906
1004 906
1004 907
1020 907
1020 908
1025 908
1025 909
1030 909
1030 910
1033 910
1033 911
1034 911
1034 912
1035 912
1035 913
1036 913
1036 915
1037 915
1037 916
1038 916
1038 918
1039 918
1039 919
1041 919
1041 920
1043 920
1043 921
1048 921
1048 922
1051 922
1051 923
1054 923
1054 924
1071 924
1071 925
1074 925
1074 926
1075 926
1075 928
1076 928
1076 930
1077 930
1077 933
1078 933
1078 935
1079 935
1079 936
1080 936
1080 937
1081 937
1081 938
1082 938
1082 939
1084 939
1084 940
1085 940
1085 941
1087 941
1087 942
1088 942
1088 943
1090 943
1090 944
1091 944
1091 945
1092 945
1092 946
1094 946
1094 947
1099 947
1099 948
1100 948
1100 949
1103 949
1103 950
1105 950
1105 951
1106 951
1106 952
1109 952
1109 953
1115 953
1115 954
1122 954
1122 955
1125 955
1125 956
1126 956
1126 957
1127 957
1127 961
1128 961
1128 983
1129 983
1129 995
1130 995
1130 997
1131 997
1131 1000
1132 1000
1132 1001
1133 1001
1133 1002
1136 1002
1136 1003
1140 1003
1140 1004
1141 1004
1141 1005
1142 1005
1142 1006
1145 1006
1145 1007
1146 1007
1146 1008
1148 1008
1148 1009
1153 1009
1153 1010
1158 1010
1158 1011
1174 1011
1174 1012
1175 1012
1175 1013
1176 1013
1176 1014
1178 1014
1178 1015
1179 1015
1179 1016
1180 1016
1180 1018
1185 1018
1185 1019
1186 1019
1186 1020
1203 1020
1203 1019
1204 1019
1204 1018
1206 1018
1206 1017
1212 1017
1212 1016
1219 1016
1219 1015
1220 1015
1220 1012
1219 1012
1219 1005
1220 1005
1220 1004
1233 1004
1233 1005
1257 1005
1257 1006
1263 1006
1263 1007
1269 1007
1269 1006
1270 1006
1270 1007
1273 1007
1273 1006
1275 1006
1275 1001
1274 1001
1274 999
1275 999
1275 983
1276 983
1276 981
1277 981
1277 980
1290 980
1290 981
1291 981
1291 980
1292 980
1292 979
1294 979
1294 978
1295 978
1295 977
1296 977
1296 976
1297 976
1297 975
1299 975
1299 974
1300 974
1300 973
1301 973
1301 972
1303 972
1303 971
1311 971
1311 972
1314 972
1314 973
1315 973
1315 974
1316 974
1316 975
1317 975
1317 976
1318 976
1318 977
1319 977
1319 978
1320 978
1320 979
1321 979
1321 980
1322 980
1322 981
1323 981
1323 982
1324 982
1324 984
1325 984
1325 985
1326 985
1326 986
1327 986
1327 987
1328 987
1328 988
1329 988
1329 989
1330 989
1330 990
1331 990
1331 991
1332 991
1332 992
1334 992
1334 993
1335 993
1335 994
1337 994
1337 995
1340 995
1340 996
1343 996
1343 997
1347 997
1347 998
1351 998
1351 999
1354 999
1354 1000
1357 1000
1357 1001
1360 1001
1360 1002
1362 1002
1362 1003
1365 1003
1365 1004
1368 1004
1368 1005
1371 1005
1371 1006
1374 1006
1374 1007
1376 1007
1376 1008
1378 1008
1378 1009
1379 1009
1379 1010
1381 1010
1381 1011
1382 1011
1382 1012
1386 1012
1386 1013
1390 1013
1390 1014
1395 1014
1395 1015
1407 1015
1407 1016
1411 1016
1411 1017
1421 1017
1421 1018
1425 1018
1425 1017
1435 1017
1435 1016
1438 1016
1438 1015
1448 1015
1448 1014
1449 1014
1449 1013
1451 1013
1451 1008
1452 1008
1452 1006
1453 1006
1453 1005
1458 1005
1458 1006
1466 1006
1466 1007
1487 1007
1487 1006
1495 1006
1495 1005
1503 1005
1503 1004
1507 1004
1507 1003
1508 1003
1508 1002
1512 1002
1512 1000
1514 1000
1514 999
1515 999
1515 998
1516 998
1516 997
1517 997
1517 996
1518 996
1518 994
1519 994
1519 987
1520 987
1520 974
1521 974
1521 973
1523 973
1523 972
1537 972
1537 973
1538 973
1538 974
1539 974
1539 976
1540 976
1540 980
1541 980
1541 982
1542 982
1542 983
1543 983
1543 984
1544 984
1544 985
1545 985
1545 986
1546 986
1546 987
1547 987
1547 988
1548 988
1548 989
1549 989
1549 990
1550 990
1550 991
1551 991
1551 992
1553 992
1553 993
1555 993
1555 994
1557 994
1557 995
1562 995
1562 996
1567 996
1567 997
1579 997
1579 998
1586 998
1586 1000
1587 1000
1587 1001
1589 1001
1589 1002
1592 1002
1592 1003
1597 1003
1597 1004
1633 1004
1633 1005
1657 1005
1657 1004
1664 1004
1664 1003
1666 1003
1666 1002
1669 1002
1669 1001
1670 1001
1670 1000
1672 1000
1672 999
1677 999
1677 998
1680 998
1680 997
1682 997
1682 996
1685 996
1685 995
1691 995
1691 996
1693 996
1693 995
1701 995
1701 994
1709 994
1709 995
1726 995
1726 996
1733 996
1733 997
1736 997
1736 998
1738 998
1738 999
1742 999
1742 1000
1745 1000
1745 1001
1749 1001
1749 1002
1756 1002
1756 1003
1759 1003
1759 1004
1764 1004
1764 1005
1785 1005
1785 1004
1800 1004
1800 1003
1813 1003
1813 1004
1814 1004
1814 1003
1818 1003
1818 1002
1820 1002
1820 1001
1824 1001
1824 1000
1827 1000
1827 999
1830 999
1830 998
1834 998
1834 995
1835 995
1835 990
1836 990
1836 989
1837 989
1837 988
1839 988
1839 987
1841 987
1841 988
1843 988
1843 987
1847 987
1847 986
1849 986
1849 985
1851 985
1851 984
1853 984
1853 983
1858 983
1858 981
1859 981
1859 979
1858 979
1858 974
1859 974
1859 972
1860 972
1860 971
1861 971
1861 970
1862 970
1862 969
1869 969
1869 968
1876 968
1876 967
1879 967
1879 968
1892 968
1892 969
1894 969
1894 970
1895 970
1895 971
1896 971
1896 972
1897 972
1897 973
1899 973
1899 974
1902 974
1902 975
1904 975
1904 976
1906 976
1906 977
1907 977
1907 978
1909 978
1909 979
1910 979
1910 980
1911 980
1911 981
1912 981
1912 982
1914 982
1914 983
1916 983
1916 984
1928 984
1928 985
1929 985
1929 986
1932 986
1932 987
1935 987
1935 988
1940 988
1940 989
1949 989
1949 988
1954 988
1954 987
1960 987
1960 986
1970 986
1970 985
1977 985
1977 986
1978 986
1978 991
1985 991
1985 992
1988 992
1988 991
2010 991
2010 990
2016 990
2016 989
2018 989
2018 988
2021 988
2021 987
2022 987
2022 986
2023 986
2023 985
2024 985
2024 984
2026 984
2026 983
2027 983
2027 982
2028 982
2028 981
2029 981
2029 979
2030 979
2030 977
2031 977
2031 976
2033 976
2033 975
2043 975
2043 974
2056 974
2056 973
2057 973
2057 974
2066 974
2066 973
2074 973
2074 974
2078 974
2078 975
2080 975
2080 976
2082 976
2082 977
2085 977
2085 978
2089 978
2089 979
2090 979
2090 980
2091 980
2091 981
2092 981
2092 982
2095 982
2095 983
2099 983
2099 984
2111 984
2111 985
2117 985
2117 986
2118 986
2118 987
2144 987
2144 986
2147 986
2147 985
2148 985
2148 976
2149 976
2149 975
2150 975
2150 974
2156 974
2156 973
2159 973
2159 972
2168 972
2168 971
2170 971
2170 970
2171 970
2171 969
2172 969
2172 968
2175 968
2175 967
2178 967
2178 966
2181 966
2181 965
2184 965
2184 964
2185 964
2185 963
2187 963
2187 962
2189 962
2189 961
2193 961
2193 960
2197 960
2197 959
2203 959
2203 958
2207 958
2207 957
2211 957
2211 956
2220 956
2220 957
2222 957
2222 958
2224 958
2224 959
2227 959
2227 960
2259 960
2259 961
2275 961
2275 962
2293 962
2293 961
2298 961
2298 960
2301 960
2301 959
2303 959
2303 958
2307 958
2307 957
2310 957
2310 956
2312 956
2312 955
2314 955
2314 954
2315 954
2315 953
2316 953
2316 952
2318 952
2318 951
2320 951
2320 950
2322 950
2322 949
2323 949
2323 947
2324 947
2324 946
2325 946
2325 945
2327 945
2327 944
2330 944
2330 943
2332 943
2332 932
2333 932
2333 931
2334 931
2334 930
2337 930
2337 929
2341 929
2341 930
2342 930
2342 929
2352 929
2352 928
2356 928
2356 927
2368 927
2368 928
2370 928
2370 929
2371 929
2371 930
2372 930
2372 931
2373 931
2373 932
2374 932
2374 933
2375 933
2375 934
2376 934
2376 935
2377 935
2377 936
2378 936
2378 937
2381 937
2381 938
2385 938
2385 939
2387 939
2387 940
2397 940
2397 941
2398 941
2398 940
2400 940
2400 939
2401 939
2401 937
2402 937
2402 934
2403 934
2403 932
2404 932
2404 931
2405 931
2405 930
2406 930
2406 929
2409 929
2409 928
2413 928
2413 927
2415 927
2415 926
2425 926
2425 925
2428 925
2428 924
2430 924
2430 923
2431 923
2431 922
2432 922
2432 921
2436 921
2436 920
2438 920
2438 919
2441 919
2441 920
2451 920
2451 921
2452 921
2452 923
2453 923
2453 924
2454 924
2454 926
2455 926
2455 938
2456 938
2456 940
2457 940
2457 943
2458 943
2458 944
2460 944
2460 945
2462 945
2462 946
2463 946
2463 947
2464 947
2464 948
2470 948
2470 949
2476 949
2476 950
2483 950
2483 951
2512 951
2512 952
2523 952
2523 953
2537 953
2537 954
2543 954
2543 953
2570 953
2570 952
2571 952
2571 951
2576 951
2576 950
2583 950
2583 949
2585 949
2585 948
2595 948
2595 947
2605 947
2605 946
2627 946
2627 947
2637 947
2637 946
2646 946
2646 947
2661 947
2661 948
2678 948
2678 949
2683 949
2683 950
2685 950
2685 951
2686 951
2686 952
2692 952
2692 951
2696 951
2696 950
2698 950
2698 949
2701 949
2701 948
2703 948
2703 947
2708 947
2708 946
2716 946
2716 947
2722 947
2722 946
2738 946
2738 947
2740 947
2740 948
2743 948
2743 949
2746 949
2746 950
2747 950
2747 951
2749 951
2749 952
2751 952
2751 953
2753 953
2753 954
2769 954
2769 953
2771 953
2771 952
2773 952
2773 951
2779 951
2779 950
2780 950
2780 949
2781 949
2781 948
2784 948
2784 947
2785 947
2785 946
2786 946
2786 945
2788 945
2788 944
2789 944
2789 943
2791 943
2791 942
2792 942
2792 941
2800 941
2800 940
2804 940
2804 939
2806 939
2806 938
2808 938
2808 937
2809 937
2809 936
2810 936
2810 935
2811 935
2811 934
2813 934
2813 931
2814 931
2814 925
2815 925
2815 924
2816 924
2816 923
2817 923
2817 922
2818 922
2818 921
2819 921
2819 920
2820 920
2820 919
2828 919
2828 920
2831 920
2831 921
2834 921
2834 922
2836 922
2836 923
2840 923
2840 924
2842 924
2842 925
2861 925
2861 924
2865 924
2865 923
2866 923
2866 922
2867 922
2867 921
2868 921
2868 920
2871 920
2871 921
2875 921
2875 922
2876 922
2876 923
2877 923
2877 922
2878 922
2878 921
2880 921
2880 920
2881 920
2881 919
2882 919
2882 918
2885 918
2885 917
2886 917
2886 916
2888 916
2888 915
2899 915
2899 914
2901 914
2901 913
2902 913
2902 912
2904 912
2904 911
2911 911
2911 910
2912 910
2912 909
2941 909
2941 910
2945 910
2945 909
2947 909
2947 908
2949 908
2949 907
2952 907
2952 906
2960 906
2960 905
2963 905
2963 904
2967 904
2967 903
2968 903
2968 902
2969 902
2969 901
2970 901
2970 896
2971 896
2971 892
2972 892
2972 887
2973 887
2973 884
2974 884
2974 883
2990 883
2990 882
2999 882
2999 881
3005 881
3005 880
3018 880
3018 879
3023 879
3023 878
3026 878
3026 877
3029 877
3029 876
3031 876
3031 875
3032 875
3032 874
3033 874
3033 873
3035 873
3035 872
3037 872
3037 871
3040 871
3040 870
3043 870
3043 869
3044 869
3044 868
3046 868
3046 869
3056 869
3056 868
3061 868
3061 867
3065 867
3065 866
3067 866
3067 865
3074 865
3074 864
3082 864
3082 865
3094 865
3094 864
3105 864
3105 863
3110 863
3110 862
3113 862
3113 860
3114 860
3114 859
3116 859
3116 858
3117 858
3117 857
3118 857
3118 856
3120 856
3120 855
3121 855
3121 854
3122 854
3122 853
3123 853
3123 852
3124 852
3124 851
3125 851
3125 850
3126 850
3126 841
3127 841
3127 839
3128 839
3128 838
3129 838
3129 837
3145 837
3145 836
3153 836
3153 835
3165 835
3165 834
3167 834
3167 833
3170 833
3170 832
3171 832
3171 831
3172 831
3172 830
3173 830
3173 829
3176 829
3176 828
3181 828
3181 827
3183 827
3183 826
3192 826
3192 825
3194 825
3194 824
3195 824
3195 823
3196 823
3196 822
3207 822
3207 823
3209 823
3209 824
3220 824
3220 823
3221 823
3221 822
3224 822
3224 820
3225 820
3225 819
3226 819
3226 818
3232 818
3232 817
3238 817
3238 816
3243 816
3243 815
3247 815
3247 814
3255 814
3255 813
3265 813
3265 812
3275 812
3275 811
3278 811
3278 810
3280 810
3280 809
3281 809
3281 808
3282 808
3282 807
3285 807
3285 806
3287 806
3287 805
3289 805
3289 804
3291 804
3291 803
3293 803
3293 802
3294 802
3294 801
3297 801
3297 800
3300 800
3300 799
3302 799
3302 798
3303 798
3303 797
3305 797
3305 796
3307 796
3307 795
3312 795
3312 796
3316 796
3316 795
3326 795
3326 794
3328 794
3328 793
3336 793
3336 792
3338 792
3338 791
3342 791
3342 790
3351 790
3351 789
3353 789
3353 788
3360 788
3360 787
3362 787
3362 786
3365 786
3365 785
3373 785
3373 784
3375 784
3375 783
3376 783
3376 782
3377 782
3377 781
3378 781
3378 780
3383 780
3383 779
3385 779
3385 778
3386 778
3386 777
3387 777
3387 776
3388 776
3388 775
3389 775
3389 774
3390 774
3390 773
3391 773
3391 772
3392 772
3392 770
3393 770
3393 767
3394 767
3394 763
3395 763
3395 761
3396 761
3396 759
3397 759
3397 757
3398 757
3398 756
3406 756
3406 755
3407 755
3407 754
3408 754
3408 752
3409 752
3409 751
3410 751
3410 750
3411 750
3411 749
3412 749
3412 748
3413 748
3413 746
3414 746
3414 740
3417 740
3417 739
3427 739
3427 738
3430 738
3430 737
3431 737
3431 736
3440 736
3440 735
3441 735
3441 734
3442 734
3442 733
3444 733
3444 732
3445 732
3445 731
3447 731
3447 728
3448 728
3448 725
3449 725
3449 724
3451 724
3451 723
3452 723
3452 722
3453 722
3453 721
3454 721
3454 720
3455 720
3455 719
3463 719
3463 718
3465 718
3465 716
3466 716
3466 715
3467 715
3467 714
3470 714
3470 713
3473 713
3473 712
3474 712
3474 710
3475 710
3475 709
3477 709
3477 708
3478 708
3478 707
3479 707
3479 706
3480 706
3480 705
3482 705
3482 704
3483 704
3483 703
3484 703
3484 702
3485 702
3485 701
3486 701
3486 700
3488 700
3488 699
3489 699
3489 698
3490 698
3490 696
3491 696
3491 694
3492 694
3492 693
3493 693
3493 692
3494 692
3494 691
3495 691
3495 689
3496 689
3496 687
3497 687
3497 686
3498 686
3498 685
3499 685
3499 684
3501 684
3501 683
3503 683
3503 682
3506 682
3506 681
3510 681
3510 682
3517 682
3517 683
3518 683
3518 684
3519 684
3519 685
3521 685
3521 686
3540 686
3540 685
3543 685
3543 684
3549 684
3549 683
3551 683
3551 682
3554 682
3554 681
3556 681
3556 680
3558 680
3558 679
3564 679
3564 678
3566 678
3566 677
3567 677
3567 676
3569 676
3569 675
3571 675
3571 674
3574 674
3574 673
3576 673
3576 672
3578 672
3578 671
3579 671
3579 670
3580 670
3580 669
3589 669
3589 668
3591 668
3591 667
3592 667
3592 666
3594 666
3594 665
3597 665
3597 664
3599 664
3599 663
3602 663
3602 662
3604 662
3604 661
3605 661
3605 660
3606 660
3606 659
3608 659
3608 658
3609 658
3609 657
3611 657
3611 656
3614 656
3614 655
3615 655
3615 654
3618 654
3618 653
3622 653
3622 652
3623 652
3623 651
3625 651
3625 650
3626 650
3626 649
3628 649
3628 648
3629 648
3629 647
3631 647
3631 646
3634 646
3634 645
3636 645
3636 646
3638 646
3638 645
3639 645
3639 644
3640 644
3640 643
3641 643
3641 642
3642 642
3642 641
3643 641
3643 640
3644 640
3644 637
3645 637
3645 636
3646 636
3646 635
3647 635
3647 634
3648 634
3648 633
3649 633
3649 632
3650 632
3650 631
3651 631
3651 630
3652 630
3652 629
3653 629
3653 628
3654 628
3654 625
3655 625
3655 624
3656 624
3656 620
3657 620
3657 613
3658 613
3658 605
3659 605
3659 604
3660 604
3660 603
3661 603
3661 602
3662 602
3662 601
3663 601
3663 600
3664 600
3664 599
3666 599
3666 598
3667 598
3667 595
3668 595
3668 593
3669 593
3669 583
3670 583
3670 572
3672 572
3672 573
3687 573
3687 572
3691 572
3691 571
3693 571
3693 570
3694 570
3694 569
3695 569
3695 568
3696 568
3696 567
3697 567
3697 566
3698 566
3698 565
3699 565
3699 564
3700 564
3700 563
3702 563
3702 561
3703 561
3703 559
3704 559
3704 556
3705 556
3705 550
3706 550
3706 536
3707 536
3707 532
3708 532
3708 531
3709 531
3709 530
3710 530
3710 529
3711 529
3711 528
3714 528
3714 527
3715 527
3715 526
3716 526
3716 525
3717 525
3717 523
3718 523
3718 519
3719 519
3719 517
3720 517
3720 516
3723 516
3723 515
3727 515
3727 512
3728 512
3728 509
3729 509
3729 507
3730 507
3730 504
3731 504
3731 482
3732 482
3732 479
3733 479
3733 476
3734 476
3734 475
3735 475
3735 474
3737 474
3737 473
3739 473
3739 472
3740 472
3740 471
3741 471
3741 468
3742 468
3742 466
3743 466
3743 465
3745 465
3745 464
3755 464
3755 465
3757 465
3757 466
3758 466
3758 467
3759 467
3759 471
3760 471
3760 473
3761 473
3761 474
3762 474
3762 476
3763 476
3763 477
3764 477
3764 478
3765 478
3765 479
3766 479
3766 480
3767 480
3767 481
3768 481
3768 482
3771 482
3771 483
3775 483
3775 484
3788 484
3788 483
3789 483
3789 479
3790 479
3790 476
3791 476
3791 468
3792 468
3792 467
3793 467
3793 466
3794 466
3794 465
3797 465
3797 464
3798 464
3798 463
3799 463
3799 462
3801 462
3801 461
3802 461
3802 460
3803 460
3803 458
3804 458
3804 457
3805 457
3805 455
3806 455
3806 454
3808 454
3808 453
3810 453
3810 452
3811 452
3811 450
3812 450
3812 449
3814 449
3814 448
3815 448
3815 447
3816 447
3816 445
3817 445
3817 444
3818 444
3818 442
3819 442
3819 439
3820 439
3820 438
3821 438
3821 437
3822 437
3822 436
3823 436
3823 435
3833 435
3833 436
3838 436
3838 437
3833 437
3833 436
3823 436
3823 437
3822 437
3822 438
3821 438
3821 439
3820 439
3820 442
3819 442
3819 444
3818 444
3818 445
3817 445
3817 447
3816 447
3816 448
3815 448
3815 449
3814 449
3814 450
3812 450
3812 452
3811 452
3811 453
3810 453
3810 454
3808 454
3808 455
3806 455
3806 457
3805 457
3805 458
3804 458
3804 460
3803 460
3803 461
3802 461
3802 462
3801 462
3801 463
3799 463
3799 464
3798 464
3798 465
3797 465
3797 466
3794 466
3794 467
3793 467
3793 468
3792 468
3792 476
3791 476
3791 479
3790 479
3790 483
3789 483
3789 484
3788 484
3788 485
3775 485
3775 484
3771 484
3771 483
3768 483
3768 482
3767 482
3767 481
3766 481
3766 480
3765 480
3765 479
3764 479
3764 478
3763 478
3763 477
3762 477
3762 476
3761 476
3761 474
3760 474
3760 473
3759 473
3759 471
3758 471
3758 467
3757 467
3757 466
3755 466
3755 465
3745 465
3745 466
3743 466
3743 468
3742 468
3742 471
3741 471
3741 472
3740 472
3740 473
3739 473
3739 474
3737 474
3737 475
3735 475
3735 476
3734 476
3734 479
3733 479
3733 482
3732 482
3732 504
3731 504
3731 507
3730 507
3730 509
3729 509
3729 512
3728 512
3728 516
3723 516
3723 517
3720 517
3720 519
3719 519
3719 523
3718 523
3718 525
3717 525
3717 526
3716 526
3716 527
3715 527
3715 528
3714 528
3714 529
3711 529
3711 530
3710 530
3710 531
3709 531
3709 532
3708 532
3708 536
3707 536
3707 550
3706 550
3706 556
3705 556
3705 559
3704 559
3704 561
3703 561
3703 563
3702 563
3702 564
3700 564
3700 565
3699 565
3699 566
3698 566
3698 567
3697 567
3697 568
3696 568
3696 569
3695 569
3695 570
3694 570
3694 571
3693 571
3693 572
3691 572
3691 573
3687 573
3687 574
3672 574
3672 573
3671 573
3671 583
3670 583
3670 593
3669 593
3669 595
3668 595
3668 598
3667 598
3667 599
3666 599
3666 600
3664 600
3664 601
3663 601
3663 602
3662 602
3662 603
3661 603
3661 604
3660 604
3660 605
3659 605
3659 613
3658 613
3658 620
3657 620
3657 624
3656 624
3656 625
3655 625
3655 628
3654 628
3654 629
3653 629
3653 630
3652 630
3652 631
3651 631
3651 632
3650 632
3650 633
3649 633
3649 634
3648 634
3648 635
3647 635
3647 636
3646 636
3646 637
3645 637
3645 640
3644 640
3644 641
3643 641
3643 642
3642 642
3642 643
3641 643
3641 644
3640 644
3640 645
3639 645
3639 647
3636 647
3636 646
3634 646
3634 647
3631 647
3631 648
3629 648
3629 649
3628 649
3628 650
3626 650
3626 651
3625 651
3625 652
3623 652
3623 653
3622 653
3622 654
3618 654
3618 655
3615 655
3615 656
3614 656
3614 657
3611 657
3611 658
3609 658
3609 659
3608 659
3608 660
3606 660
3606 661
3605 661
3605 662
3604 662
3604 663
3602 663
3602 664
3599 664
3599 665
3597 665
3597 666
3594 666
3594 667
3592 667
3592 668
3591 668
3591 669
3589 669
3589 670
3580 670
3580 671
3579 671
3579 672
3578 672
3578 673
3576 673
3576 674
3574 674
3574 675
3571 675
3571 676
3569 676
3569 677
3567 677
3567 678
3566 678
3566 679
3564 679
3564 680
3558 680
3558 681
3556 681
3556 682
3554 682
3554 683
3551 683
3551 684
3549 684
3549 685
3543 685
3543 686
3540 686
3540 687
3521 687
3521 686
3519 686
3519 685
3518 685
3518 684
3517 684
3517 683
3510 683
3510 682
3506 682
3506 683
3503 683
3503 684
3501 684
3501 685
3499 685
3499 686
3498 686
3498 687
3497 687
3497 689
3496 689
3496 691
3495 691
3495 692
3494 692
3494 693
3493 693
3493 694
3492 694
3492 696
3491 696
3491 698
3490 698
3490 699
3489 699
3489 700
3488 700
3488 701
3486 701
3486 702
3485 702
3485 703
3484 703
3484 704
3483 704
3483 705
3482 705
3482 706
3480 706
3480 707
3479 707
3479 708
3478 708
3478 709
3477 709
3477 710
3475 710
3475 712
3474 712
3474 713
3473 713
3473 714
3470 714
3470 715
3467 715
3467 716
3466 716
3466 718
3465 718
3465 719
3463 719
3463 720
3455 720
3455 721
3454 721
3454 722
3453 722
3453 723
3452 723
3452 724
3451 724
3451 725
3449 725
3449 728
3448 728
3448 731
3447 731
3447 732
3445 732
3445 733
3444 733
3444 734
3442 734
3442 735
3441 735
3441 736
3440 736
3440 737
3431 737
3431 738
3430 738
3430 739
3427 739
3427 740
3417 740
3417 741
3415 741
3415 746
3414 746
3414 748
3413 748
3413 749
3412 749
3412 750
3411 750
3411 751
3410 751
3410 752
3409 752
3409 754
3408 754
3408 755
3407 755
3407 756
3406 756
3406 757
3398 757
3398 759
3397 759
3397 761
3396 761
3396 763
3395 763
3395 767
3394 767
3394 770
3393 770
3393 772
3392 772
3392 773
3391 773
3391 774
3390 774
3390 775
3389 775
3389 776
3388 776
3388 777
3387 777
3387 778
3386 778
3386 779
3385 779
3385 780
3383 780
3383 781
3378 781
3378 782
3377 782
3377 783
3376 783
3376 784
3375 784
3375 785
3373 785
3373 786
3365 786
3365 787
3362 787
3362 788
3360 788
3360 789
3353 789
3353 790
3351 790
3351 791
3342 791
3342 792
3338 792
3338 793
3336 793
3336 794
3328 794
3328 795
3326 795
3326 796
3316 796
3316 797
3312 797
3312 796
3307 796
3307 797
3305 797
3305 799
3304 799
3304 800
3300 800
3300 801
3297 801
3297 802
3294 802
3294 803
3293 803
3293 804
3291 804
3291 805
3289 805
3289 806
3287 806
3287 807
3285 807
3285 808
3282 808
3282 809
3281 809
3281 810
3280 810
3280 811
3278 811
3278 812
3275 812
3275 813
3265 813
3265 814
3255 814
3255 815
3247 815
3247 816
3243 816
3243 817
3238 817
3238 818
3232 818
3232 819
3226 819
3226 820
3225 820
3225 822
3224 822
3224 823
3221 823
3221 824
3220 824
3220 825
3209 825
3209 824
3207 824
3207 823
3196 823
3196 824
3195 824
3195 825
3194 825
3194 826
3192 826
3192 827
3183 827
3183 828
3181 828
3181 829
3176 829
3176 830
3173 830
3173 831
3172 831
3172 832
3171 832
3171 833
3170 833
3170 834
3167 834
3167 835
3165 835
3165 836
3153 836
3153 837
3145 837
3145 838
3129 838
3129 839
3128 839
3128 841
3127 841
3127 850
3126 850
3126 851
3125 851
3125 852
3124 852
3124 853
3123 853
3123 854
3122 854
3122 855
3121 855
3121 856
3120 856
3120 857
3118 857
3118 858
3117 858
3117 859
3116 859
3116 860
3114 860
3114 862
3113 862
3113 863
3110 863
3110 864
3105 864
3105 865
3094 865
3094 866
3082 866
3082 865
3074 865
3074 866
3067 866
3067 867
3065 867
3065 868
3061 868
3061 869
3056 869
3056 870
3046 870
3046 869
3044 869
3044 870
3043 870
3043 871
3040 871
3040 872
3037 872
3037 873
3035 873
3035 874
3033 874
3033 875
3032 875
3032 876
3031 876
3031 877
3029 877
3029 878
3026 878
3026 879
3023 879
3023 880
3018 880
3018 881
3005 881
3005 882
2999 882
2999 883
2990 883
2990 884
2974 884
2974 887
2973 887
2973 892
2972 892
2972 896
2971 896
2971 901
2970 901
2970 902
2969 902
2969 903
2968 903
2968 904
2967 904
2967 905
2963 905
2963 906
2960 906
2960 907
2952 907
2952 908
2949 908
2949 909
2947 909
2947 910
2945 910
2945 911
2941 911
2941 910
2912 910
2912 911
2911 911
2911 912
2904 912
2904 913
2902 913
2902 914
2901 914
2901 915
2899 915
2899 916
2888 916
2888 917
2886 917
2886 918
2885 918
2885 919
2882 919
2882 920
2881 920
2881 921
2880 921
2880 922
2878 922
2878 923
2877 923
2877 924
2876 924
2876 923
2875 923
2875 922
2871 922
2871 921
2868 921
2868 922
2867 922
2867 923
2866 923
2866 924
2865 924
2865 925
2861 925
2861 926
2842 926
2842 925
2840 925
2840 924
2836 924
2836 923
2834 923
2834 922
2831 922
2831 921
2828 921
2828 920
2820 920
2820 921
2819 921
2819 922
2818 922
2818 923
2817 923
2817 924
2816 924
2816 925
2815 925
2815 931
2814 931
2814 934
2813 934
2813 935
2811 935
2811 936
2810 936
2810 937
2809 937
2809 938
2808 938
2808 939
2806 939
2806 940
2804 940
2804 941
2800 941
2800 942
2792 942
2792 943
2791 943
2791 944
2789 944
2789 945
2788 945
2788 946
2786 946
2786 947
2785 947
2785 948
2784 948
2784 949
2781 949
2781 950
2780 950
2780 951
2779 951
2779 952
2773 952
2773 953
2771 953
2771 954
2769 954
2769 955
2753 955
2753 954
2751 954
2751 953
2749 953
2749 952
2747 952
2747 951
2746 951
2746 950
2743 950
2743 949
2740 949
2740 948
2738 948
2738 947
2722 947
2722 948
2716 948
2716 947
2708 947
2708 948
2703 948
2703 949
2701 949
2701 950
2698 950
2698 951
2696 951
2696 952
2692 952
2692 953
2686 953
2686 952
2685 952
2685 951
2683 951
2683 950
2678 950
2678 949
2661 949
2661 948
2646 948
2646 947
2637 947
2637 948
2627 948
2627 947
2605 947
2605 948
2595 948
2595 949
2585 949
2585 950
2583 950
2583 951
2576 951
2576 952
2571 952
2571 953
2570 953
2570 954
2543 954
2543 955
2537 955
2537 954
2523 954
2523 953
2512 953
2512 952
2483 952
2483 951
2476 951
2476 950
2470 950
2470 949
2464 949
2464 948
2463 948
2463 947
2462 947
2462 946
2460 946
2460 945
2458 945
2458 944
2457 944
2457 943
2456 943
2456 940
2455 940
2455 938
2454 938
2454 926
2453 926
2453 924
2452 924
2452 923
2451 923
2451 921
2441 921
2441 920
2438 920
2438 921
2436 921
2436 922
2432 922
2432 923
2431 923
2431 924
2430 924
2430 925
2428 925
2428 926
2425 926
2425 927
2415 927
2415 928
2413 928
2413 929
2409 929
2409 930
2406 930
2406 931
2405 931
2405 932
2404 932
2404 934
2403 934
2403 937
2402 937
2402 939
2401 939
2401 940
2400 940
2400 941
2398 941
2398 942
2397 942
2397 941
2387 941
2387 940
2385 940
2385 939
2381 939
2381 938
2378 938
2378 937
2377 937
2377 936
2376 936
2376 935
2375 935
2375 934
2374 934
2374 933
2373 933
2373 932
2372 932
2372 931
2371 931
2371 930
2370 930
2370 929
2368 929
2368 928
2356 928
2356 929
2352 929
2352 930
2342 930
2342 931
2341 931
2341 930
2337 930
2337 931
2334 931
2334 932
2333 932
2333 943
2332 943
2332 944
2330 944
2330 945
2327 945
2327 946
2325 946
2325 947
2324 947
2324 949
2323 949
2323 950
2322 950
2322 951
2320 951
2320 952
2318 952
2318 953
2316 953
2316 954
2315 954
2315 955
2314 955
2314 956
2312 956
2312 957
2310 957
2310 958
2307 958
2307 959
2303 959
2303 960
2301 960
2301 961
2298 961
2298 962
2293 962
2293 963
2275 963
2275 962
2259 962
2259 961
2227 961
2227 960
2224 960
2224 959
2222 959
2222 958
2220 958
2220 957
2211 957
2211 958
2207 958
2207 959
2203 959
2203 960
2197 960
2197 961
2193 961
2193 962
2189 962
2189 963
2187 963
2187 964
2185 964
2185 965
2184 965
2184 966
2181 966
2181 967
2178 967
2178 968
2175 968
2175 969
2172 969
2172 970
2171 970
2171 971
2170 971
2170 972
2168 972
2168 973
2159 973
2159 974
2156 974
2156 975
2150 975
2150 976
2149 976
2149 985
2148 985
2148 986
2147 986
2147 987
2144 987
2144 988
2118 988
2118 987
2117 987
2117 986
2111 986
2111 985
2099 985
2099 984
2095 984
2095 983
2092 983
2092 982
2091 982
2091 981
2090 981
2090 980
2089 980
2089 979
2085 979
2085 978
2082 978
2082 977
2080 977
2080 976
2078 976
2078 975
2074 975
2074 974
2066 974
2066 975
2057 975
2057 974
2056 974
2056 975
2043 975
2043 976
2033 976
2033 977
2031 977
2031 979
2030 979
2030 981
2029 981
2029 982
2028 982
2028 983
2027 983
2027 984
2026 984
2026 985
2024 985
2024 986
2023 986
2023 987
2022 987
2022 988
2021 988
2021 989
2018 989
2018 990
2016 990
2016 991
2010 991
2010 992
1988 992
1988 993
1985 993
1985 992
1978 992
1978 993
1977 993
1977 994
1976 994
1976 993
1977 993
1977 986
1970 986
1970 987
1960 987
1960 988
1954 988
1954 989
1949 989
1949 990
1940 990
1940 989
1935 989
1935 988
1932 988
1932 987
1929 987
1929 986
1928 986
1928 985
1916 985
1916 984
1914 984
1914 983
1912 983
1912 982
1911 982
1911 981
1910 981
1910 980
1909 980
1909 979
1907 979
1907 978
1906 978
1906 977
1904 977
1904 976
1902 976
1902 975
1899 975
1899 974
1897 974
1897 973
1896 973
1896 972
1895 972
1895 971
1894 971
1894 970
1892 970
1892 969
1879 969
1879 968
1876 968
1876 969
1869 969
1869 970
1862 970
1862 971
1861 971
1861 972
1860 972
1860 974
1859 974
1859 979
1860 979
1860 981
1859 981
1859 983
1858 983
1858 984
1853 984
1853 985
1851 985
1851 986
1849 986
1849 987
1847 987
1847 988
1843 988
1843 989
1841 989
1841 988
1839 988
1839 989
1837 989
1837 990
1836 990
1836 995
1835 995
1835 998
1834 998
1834 999
1830 999
1830 1000
1827 1000
1827 1001
1824 1001
1824 1002
1820 1002
1820 1003
1818 1003
1818 1004
1814 1004
1814 1005
1813 1005
1813 1004
1800 1004
1800 1005
1785 1005
1785 1006
1764 1006
1764 1005
1759 1005
1759 1004
1756 1004
1756 1003
1749 1003
1749 1002
1745 1002
1745 1001
1742 1001
1742 1000
1738 1000
1738 999
1736 999
1736 998
1733 998
1733 997
1726 997
1726 996
1709 996
1709 995
1701 995
1701 996
1693 996
1693 997
1691 997
1691 996
1685 996
1685 997
1682 997
1682 998
1680 998
1680 999
1677 999
1677 1000
1672 1000
1672 1001
1670 1001
1670 1002
1669 1002
1669 1003
1666 1003
1666 1004
1664 1004
1664 1005
1657 1005
1657 1006
1633 1006
1633 1005
1597 1005
1597 1004
1592 1004
1592 1003
1589 1003
1589 1002
1587 1002
1587 1001
1586 1001
1586 1000
1585 1000
1585 999
1579 999
1579 998
1567 998
1567 997
1562 997
1562 996
1557 996
1557 995
1555 995
1555 994
1553 994
1553 993
1551 993
1551 992
1550 992
1550 991
1549 991
1549 990
1548 990
1548 989
1547 989
1547 988
1546 988
1546 987
1545 987
1545 986
1544 986
1544 985
1543 985
1543 984
1542 984
1542 983
1541 983
1541 982
1540 982
1540 980
1539 980
1539 976
1538 976
1538 974
1537 974
1537 973
1523 973
1523 974
1521 974
1521 987
1520 987
1520 994
1519 994
1519 996
1518 996
1518 997
1517 997
1517 998
1516 998
1516 999
1515 999
1515 1000
1514 1000
1514 1001
1513 1001
1513 1002
1512 1002
1512 1003
1508 1003
1508 1004
1507 1004
1507 1005
1503 1005
1503 1006
1495 1006
1495 1007
1487 1007
1487 1008
1466 1008
1466 1007
1458 1007
1458 1006
1453 1006
1453 1008
1452 1008
1452 1013
1451 1013
1451 1014
1449 1014
1449 1015
1448 1015
1448 1016
1438 1016
1438 1017
1435 1017
1435 1018
1425 1018
1425 1019
1421 1019
1421 1018
1411 1018
1411 1017
1407 1017
1407 1016
1395 1016
1395 1015
1390 1015
1390 1014
1386 1014
1386 1013
1382 1013
1382 1012
1381 1012
1381 1011
1379 1011
1379 1010
1378 1010
1378 1009
1376 1009
1376 1008
1374 1008
1374 1007
1371 1007
1371 1006
1368 1006
1368 1005
1365 1005
1365 1004
1362 1004
1362 1003
1360 1003
1360 1002
1357 1002
1357 1001
1354 1001
1354 1000
1351 1000
1351 999
1347 999
1347 998
1343 998
1343 997
1340 997
1340 996
1337 996
1337 995
1335 995
1335 994
1334 994
1334 993
1332 993
1332 992
1331 992
1331 991
1330 991
1330 990
1329 990
1329 989
1328 989
1328 988
1327 988
1327 987
1326 987
1326 986
1325 986
1325 985
1324 985
1324 984
1323 984
1323 982
1322 982
1322 981
1321 981
1321 980
1320 980
1320 979
1319 979
1319 978
1318 978
1318 977
1317 977
1317 976
1316 976
1316 975
1315 975
1315 974
1314 974
1314 973
1311 973
1311 972
1303 972
1303 973
1301 973
1301 974
1300 974
1300 975
1299 975
1299 976
1297 976
1297 977
1296 977
1296 978
1295 978
1295 979
1294 979
1294 980
1292 980
1292 981
1291 981
1291 982
1290 982
1290 981
1277 981
1277 983
1276 983
1276 999
1275 999
1275 1001
1276 1001
1276 1006
1275 1006
1275 1007
1273 1007
1273 1008
1270 1008
1270 1007
1269 1007
1269 1008
1263 1008
1263 1007
1257 1007
1257 1006
1233 1006
1233 1005
1220 1005
1220 1012
1221 1012
1221 1015
1220 1015
1220 1016
1219 1016
1219 1017
1212 1017
1212 1018
1206 1018
1206 1019
1204 1019
1204 1020
1203 1020
1203 1021
1186 1021
1186 1020
1185 1020
1185 1019
1180 1019
1180 1018
1179 1018
1179 1016
1178 1016
1178 1015
1176 1015
1176 1014
1175 1014
1175 1013
1174 1013
1174 1012
1158 1012
1158 1011
1153 1011
1153 1010
1148 1010
1148 1009
1146 1009
1146 1008
1145 1008
1145 1007
1142 1007
1142 1006
1141 1006
1141 1005
1140 1005
1140 1004
1136 1004
1136 1003
1133 1003
1133 1002
1132 1002
1132 1001
1131 1001
1131 1000
1130 1000
1130 997
1129 997
1129 995
1128 995
1128 983
1127 983
1127 961
1126 961
1126 957
1125 957
1125 956
1122 956
1122 955
1115 955
1115 954
1109 954
1109 953
1106 953
1106 952
1105 952
1105 951
1103 951
1103 950
1100 950
1100 949
1099 949
1099 948
1094 948
1094 947
1092 947
1092 946
1091 946
1091 945
1090 945
1090 944
1088 944
1088 943
1087 943
1087 942
1085 942
1085 941
1084 941
1084 940
1082 940
1082 939
1081 939
1081 938
1080 938
1080 937
1079 937
1079 936
1078 936
1078 935
1077 935
1077 933
1076 933
1076 930
1075 930
1075 928
1074 928
1074 926
1071 926
1071 925
1054 925
1054 924
1051 924
1051 923
1048 923
1048 922
1043 922
1043 921
1041 921
1041 920
1039 920
1039 919
1038 919
1038 918
1037 918
1037 916
1036 916
1036 915
1035 915
1035 913
1034 913
1034 912
1033 912
1033 911
1030 911
1030 910
1025 910
1025 909
1020 909
1020 908
1004 908
1004 907
992 907
992 908
990 908
990 909
988 909
988 910
987 910
987 911
986 911
986 912
984 912
984 913
981 913
981 914
978 914
978 915
975 915
975 916
972 916
972 917
969 917
969 918
967 918
967 917
963 917
963 916
954 916
954 915
943 915
943 914
938 914
938 913
934 913
934 912
928 912
928 911
924 911
924 912
920 912
920 913
915 913
915 914
913 914
913 915
907 915
907 914
904 914
904 913
903 913
903 911
902 911
902 910
898 910
898 909
891 909
891 908
889 908
889 907
883 907
883 906
879 906
879 905
878 905
878 906
867 906
867 907
863 907
863 908
860 908
860 909
856 909
856 910
853 910
853 911
852 911
852 912
850 912
850 913
847 913
847 914
843 914
843 913
830 913
830 912
827 912
827 911
823 911
823 910
814 910
814 911
811 911
811 912
803 912
803 911
786 911
786 910
769 910
769 909
766 909
766 908
762 908
762 907
761 907
761 906
759 906
759 905
758 905
758 904
754 904
754 903
752 903
752 902
750 902
750 901
746 901
746 900
743 900
743 899
739 899
739 898
737 898
737 899
734 899
734 900
731 900
731 901
730 901
730 902
729 902
729 903
728 903
