918 968
919 968
919 969
920 969
920 970
921 970
921 971
922 971
922 973
923 973
923 974
925 974
925 975
926 975
926 976
927 976
927 977
929 977
929 978
931 978
931 979
933 979
933 980
935 980
935 981
937 981
937 982
939 982
939 983
941 983
941 984
943 984
943 985
944 985
944 986
949 986
949 987
958 987
958 988
970 988
970 989
980 989
980 990
984 990
984 991
990 991
990 992
996 992
996 993
1002 993
1002 994
1008 994
1008 995
1013 995
1013 996
1018 996
1018 997
1026 997
1026 998
1028 998
1028 999
1030 999
1030 1000
1033 1000
1033 1001
1036 1001
1036 1002
1038 1002
1038 1003
1040 1003
1040 1004
1045 1004
1045 1005
1046 1005
1046 1006
1048 1006
1048 1007
1049 1007
1049 1008
1055 1008
1055 1009
1057 1009
1057 1010
1059 1010
1059 1011
1063 1011
1063 1012
1067 1012
1067 1013
1070 1013
1070 1014
1071 1014
1071 1015
1073 1015
1073 1016
1075 1016
1075 1017
1078 1017
1078 1018
1079 1018
1079 1019
1087 1019
1087 1020
1093 1020
1093 1021
1095 1021
1095 1022
1096 1022
1096 1023
1097 1023
1097 1024
1098 1024
1098 1025
1099 1025
1099 1026
1100 1026
1100 1027
1101 1027
1101 1029
1102 1029
1102 1032
1103 1032
1103 1036
1104 1036
1104 1040
1105 1040
1105 1043
1106 1043
1106 1045
1107 1045
1107 1048
1108 1048
1108 1050
1109 1050
1109 1052
1110 1052
1110 1054
1111 1054
1111 1055
1112 1055
1112 1057
1113 1057
1113 1058
1114 1058
1114 1059
1115 1059
1115 1060
1117 1060
1117 1061
1118 1061
1118 1062
1119 1062
1119 1063
1121 1063
1121 1064
1123 1064
1123 1065
1126 1065
1126 1066
1127 1066
1127 1067
1130 1067
1130 1068
1132 1068
1132 1069
1138 1069
1138 1070
1140 1070
1140 1071
1141 1071
1141 1072
1146 1072
1146 1073
1150 1073
1150 1074
1155 1074
1155 1075
1159 1075
1159 1076
1162 1076
1162 1077
1167 1077
1167 1078
1170 1078
1170 1079
1172 1079
1172 1080
1175 1080
1175 1081
1180 1081
1180 1082
1183 1082
1183 1083
1188 1083
1188 1084
1210 1084
1210 1085
1217 1085
1217 1086
1220 1086
1220 1087
1225 1087
1225 1088
1230 1088
1230 1089
1233 1089
1233 1090
1235 1090
1235 1091
1238 1091
1238 1092
1242 1092
1242 1093
1248 1093
1248 1094
1252 1094
1252 1095
1255 1095
1255 1096
1260 1096
1260 1097
1264 1097
1264 1098
1267 1098
1267 1099
1272 1099
1272 1100
1277 1100
1277 1101
1280 1101
1280 1102
1297 1102
1297 1103
1307 1103
1307 1104
1315 1104
1315 1105
1318 1105
1318 1106
1320 1106
1320 1107
1326 1107
1326 1108
1331 1108
1331 1109
1335 1109
1335 1110
1342 1110
1342 1111
1374 1111
1374 1112
1379 1112
1379 1113
1381 1113
1381 1114
1395 1114
1395 1113
1408 1113
1408 1114
1415 1114
1415 1115
1417 1115
1417 1116
1419 1116
1419 1117
1420 1117
1420 1118
1421 1118
1421 1120
1422 1120
1422 1121
1423 1121
1423 1122
1424 1122
1424 1124
1425 1124
1425 1125
1426 1125
1426 1126
1427 1126
1427 1127
1429 1127
1429 1128
1430 1128
1430 1129
1431 1129
1431 1130
1432 1130
1432 1131
1433 1131
1433 1132
1434 1132
1434 1133
1435 1133
1435 1134
1438 1134
1438 1135
1440 1135
1440 1136
1444 1136
1444 1137
1448 1137
1448 1138
1456 1138
1456 1139
1458 1139
1458 1138
1462 1138
1462 1137
1464 1137
1464 1136
1471 1136
1471 1135
1478 1135
1478 1134
1483 1134
1483 1133
1487 1133
1487 1132
1492 1132
1492 1133
1496 1133
1496 1132
1504 1132
1504 1131
1521 1131
1521 1132
1526 1132
1526 1133
1530 1133
1530 1134
1532 1134
1532 1133
1534 1133
1534 1132
1535 1132
1535 1127
1536 1127
1536 1126
1537 1126
1537 1124
1538 1124
1538 1122
1539 1122
1539 1121
1540 1121
1540 1119
1541 1119
1541 1118
1542 1118
1542 1117
1554 1117
1554 1116
1559 1116
1559 1115
1579 1115
1579 1116
1584 1116
1584 1117
1586 1117
1586 1118
1587 1118
1587 1119
1593 1119
1593 1120
1601 1120
1601 1119
1605 1119
1605 1118
1607 1118
1607 1117
1608 1117
1608 1116
1609 1116
1609 1115
1610 1115
1610 1114
1611 1114
1611 1113
1612 1113
1612 1112
1614 1112
1614 1111
1615 1111
1615 1110
1617 1110
1617 1108
1618 1108
1618 1107
1619 1107
1619 1106
1620 1106
1620 1105
1621 1105
1621 1104
1622 1104
1622 1102
1623 1102
1623 1101
1624 1101
1624 1100
1625 1100
1625 1099
1627 1099
1627 1098
1628 1098
1628 1097
1629 1097
1629 1096
1630 1096
1630 1095
1631 1095
1631 1094
1633 1094
1633 1093
1637 1093
1637 1092
1639 1092
1639 1091
1649 1091
1649 1092
1650 1092
1650 1093
1651 1093
1651 1094
1652 1094
1652 1095
1653 1095
1653 1096
1654 1096
1654 1097
1656 1097
1656 1098
1657 1098
1657 1099
1660 1099
1660 1100
1664 1100
1664 1101
1665 1101
1665 1102
1667 1102
1667 1103
1668 1103
1668 1105
1669 1105
1669 1107
1670 1107
1670 1108
1671 1108
1671 1110
1672 1110
1672 1113
1673 1113
1673 1116
1674 1116
1674 1119
1675 1119
1675 1120
1676 1120
1676 1122
1677 1122
1677 1123
1678 1123
1678 1124
1679 1124
1679 1125
1680 1125
1680 1126
1681 1126
1681 1127
1682 1127
1682 1128
1683 1128
1683 1129
1686 1129
1686 1130
1688 1130
1688 1131
1690 1131
1690 1132
1692 1132
1692 1133
1693 1133
1693 1134
1710 1134
1710 1133
1712 1133
1712 1132
1721 1132
1721 1131
1726 1131
1726 1130
1730 1130
1730 1129
1750 1129
1750 1130
1753 1130
1753 1129
1758 1129
1758 1130
1764 1130
1764 1129
1770 1129
1770 1128
1772 1128
1772 1127
1774 1127
1774 1126
1775 1126
1775 1125
1776 1125
1776 1124
1777 1124
1777 1123
1778 1123
1778 1122
1780 1122
1780 1121
1782 1121
1782 1120
1788 1120
1788 1119
1792 1119
1792 1118
1794 1118
1794 1117
1795 1117
1795 1116
1796 1116
1796 1115
1797 1115
1797 1114
1798 1114
1798 1113
1799 1113
1799 1112
1800 1112
1800 1111
1802 1111
1802 1110
1806 1110
1806 1109
1810 1109
1810 1108
1814 1108
1814 1107
1815 1107
1815 1106
1816 1106
1816 1105
1817 1105
1817 1103
1818 1103
1818 1102
1819 1102
1819 1097
1820 1097
1820 1096
1821 1096
1821 1095
1822 1095
1822 1094
1825 1094
1825 1093
1828 1093
1828 1092
1830 1092
1830 1089
1831 1089
1831 1088
1832 1088
1832 1087
1833 1087
1833 1086
1834 1086
1834 1085
1839 1085
1839 1084
1842 1084
1842 1083
1845 1083
1845 1082
1849 1082
1849 1081
1853 1081
1853 1080
1854 1080
1854 1079
1856 1079
1856 1078
1858 1078
1858 1077
1859 1077
1859 1074
1860 1074
1860 1071
1861 1071
1861 1070
1863 1070
1863 1069
1865 1069
1865 1068
1868 1068
1868 1067
1872 1067
1872 1066
1874 1066
1874 1065
1881 1065
1881 1064
1896 1064
1896 1063
1927 1063
1927 1062
1935 1062
1935 1063
1936 1063
1936 1062
1943 1062
1943 1061
1947 1061
1947 1060
1949 1060
1949 1059
1953 1059
1953 1058
1956 1058
1956 1057
1958 1057
1958 1056
1961 1056
1961 1055
1965 1055
1965 1054
1968 1054
1968 1053
1975 1053
1975 1052
1984 1052
1984 1051
1989 1051
1989 1050
1993 1050
1993 1049
1994 1049
1994 1048
1997 1048
1997 1047
1999 1047
1999 1046
2004 1046
2004 1045
2006 1045
2006 1044
2017 1044
2017 1045
2023 1045
2023 1046
2024 1046
2024 1047
2026 1047
2026 1048
2032 1048
2032 1049
2033 1049
2033 1050
2034 1050
2034 1051
2035 1051
2035 1052
2036 1052
2036 1053
2037 1053
2037 1054
2038 1054
2038 1056
2039 1056
2039 1057
2041 1057
2041 1058
2042 1058
2042 1059
2043 1059
2043 1060
2044 1060
2044 1061
2045 1061
2045 1062
2046 1062
2046 1063
2047 1063
2047 1064
2048 1064
2048 1065
2050 1065
2050 1066
2051 1066
2051 1067
2053 1067
2053 1068
2055 1068
2055 1069
2061 1069
2061 1070
2096 1070
2096 1069
2101 1069
2101 1068
2107 1068
2107 1067
2109 1067
2109 1066
2113 1066
2113 1065
2116 1065
2116 1064
2118 1064
2118 1063
2121 1063
2121 1062
2123 1062
2123 1061
2124 1061
2124 1060
2125 1060
2125 1059
2128 1059
2128 1058
2130 1058
2130 1057
2131 1057
2131 1056
2135 1056
2135 1055
2137 1055
2137 1054
2141 1054
2141 1053
2144 1053
2144 1052
2151 1052
2151 1051
2160 1051
2160 1050
2163 1050
2163 1049
2167 1049
2167 1048
2168 1048
2168 1047
2169 1047
2169 1043
2170 1043
2170 1039
2171 1039
2171 1038
2172 1038
2172 1037
2173 1037
2173 1036
2176 1036
2176 1035
2178 1035
2178 1034
2181 1034
2181 1033
2183 1033
2183 1032
2184 1032
2184 1028
2185 1028
2185 1022
2186 1022
2186 1012
2187 1012
2187 1001
2188 1001
2188 999
2189 999
2189 998
2190 998
2190 997
2191 997
2191 996
2192 996
2192 995
2197 995
2197 994
2199 994
2199 993
2200 993
2200 992
2201 992
2201 991
2202 991
2202 990
2203 990
2203 989
2204 989
2204 988
2205 988
2205 987
2211 987
2211 986
2224 986
2224 987
2248 987
2248 986
2254 986
2254 985
2258 985
2258 984
2259 984
2259 983
2261 983
2261 982
2262 982
2262 981
2263 981
2263 980
2264 980
2264 979
2265 979
2265 978
2267 978
2267 977
2268 977
2268 976
2271 976
2271 975
2272 975
2272 974
2274 974
2274 973
2275 973
2275 972
2276 972
2276 971
2280 971
2280 970
2281 970
2281 969
2283 969
2283 968
2287 968
2287 967
2288 967
2288 966
2291 966
2291 965
2292 965
2292 964
2294 964
2294 963
2297 963
2297 962
2298 962
2298 961
2301 961
2301 960
2303 960
2303 959
2305 959
2305 958
2307 958
2307 957
2309 957
2309 956
2311 956
2311 955
2313 955
2313 954
2316 954
2316 953
2318 953
2318 952
2321 952
2321 951
2324 951
2324 950
2327 950
2327 949
2329 949
2329 948
2331 948
2331 947
2333 947
2333 946
2335 946
2335 945
2338 945
2338 944
2339 944
2339 943
2340 943
2340 942
2342 942
2342 941
2343 941
2343 940
2345 940
2345 939
2347 939
2347 938
2348 938
2348 937
2349 937
2349 936
2350 936
2350 935
2352 935
2352 934
2354 934
2354 933
2360 933
2360 932
2364 932
2364 931
2371 931
2371 930
2374 930
2374 929
2377 929
2377 928
2380 928
2380 927
2382 927
2382 926
2385 926
2385 925
2387 925
2387 924
2394 924
2394 923
2401 923
2401 922
2403 922
2403 921
2409 921
2409 920
2410 920
2410 919
2412 919
2412 918
2415 918
2415 917
2418 917
2418 916
2422 916
2422 915
2423 915
2423 913
2424 913
2424 912
2426 912
2426 911
2429 911
2429 910
2435 910
2435 909
2439 909
2439 910
2443 910
2443 909
2455 909
2455 908
2458 908
2458 907
2461 907
2461 906
2463 906
2463 905
2466 905
2466 904
2468 904
2468 898
2469 898
2469 892
2470 892
2470 874
2471 874
2471 871
2472 871
2472 870
2473 870
2473 869
2474 869
2474 866
2475 866
2475 864
2476 864
2476 863
2478 863
2478 862
2479 862
2479 861
2482 861
2482 860
2488 860
2488 859
2491 859
2491 858
2502 858
2502 857
2507 857
2507 858
2515 858
2515 859
2522 859
2522 860
2526 860
2526 861
2527 861
2527 862
2530 862
2530 863
2532 863
2532 864
2536 864
2536 865
2539 865
2539 866
2542 866
2542 867
2547 867
2547 868
2554 868
2554 869
2558 869
2558 870
2561 870
2561 871
2565 871
2565 872
2582 872
2582 871
2584 871
2584 870
2588 870
2588 869
2589 869
2589 868
2591 868
2591 867
2593 867
2593 866
2595 866
2595 865
2597 865
2597 864
2599 864
2599 863
2600 863
2600 862
2603 862
2603 861
2608 861
2608 860
2612 860
2612 859
2614 859
2614 858
2615 858
2615 857
2616 857
2616 853
2617 853
2617 850
2618 850
2618 847
2619 847
2619 846
2620 846
2620 845
2622 845
2622 844
2623 844
2623 843
2626 843
2626 842
2628 842
2628 841
2630 841
2630 840
2631 840
2631 839
2632 839
2632 838
2634 838
2634 837
2635 837
2635 835
2636 835
2636 834
2637 834
2637 832
2638 832
2638 831
2639 831
2639 830
2640 830
2640 829
2641 829
2641 828
2642 828
2642 827
2643 827
2643 825
2644 825
2644 824
2650 824
2650 823
2653 823
2653 822
2655 822
2655 821
2657 821
2657 820
2659 820
2659 819
2661 819
2661 818
2663 818
2663 817
2664 817
2664 816
2665 816
2665 815
2669 815
2669 814
2670 814
2670 813
2671 813
2671 812
2673 812
2673 811
2674 811
2674 810
2676 810
2676 809
2677 809
2677 808
2679 808
2679 807
2681 807
2681 806
2682 806
2682 805
2683 805
2683 804
2684 804
2684 801
2685 801
2685 798
2686 798
2686 793
2687 793
2687 790
2688 790
2688 785
2689 785
2689 784
2690 784
2690 783
2692 783
2692 782
2693 782
2693 781
2696 781
2696 780
2700 780
2700 779
2708 779
2708 778
2726 778
2726 779
2736 779
2736 778
2744 778
2744 777
2763 777
2763 778
2772 778
2772 777
2781 777
2781 778
2782 778
2782 777
2789 777
2789 778
2807 778
2807 777
2814 777
2814 776
2817 776
2817 775
2820 775
2820 774
2821 774
2821 773
2822 773
2822 772
2824 772
2824 771
2825 771
2825 770
2827 770
2827 769
2828 769
2828 768
2830 768
2830 767
2832 767
2832 766
2834 766
2834 765
2835 765
2835 764
2837 764
2837 763
2839 763
2839 762
2841 762
2841 761
2842 761
2842 760
2844 760
2844 759
2845 759
2845 758
2847 758
2847 757
2848 757
2848 756
2850 756
2850 755
2851 755
2851 754
2852 754
2852 753
2854 753
2854 752
2855 752
2855 751
2856 751
2856 750
2857 750
2857 749
2858 749
2858 748
2861 748
2861 747
2863 747
2863 746
2865 746
2865 745
2868 745
2868 744
2870 744
2870 743
2872 743
2872 742
2874 742
2874 741
2876 741
2876 740
2878 740
2878 739
2881 739
2881 738
2882 738
2882 737
2884 737
2884 736
2887 736
2887 735
2889 735
2889 734
2892 734
2892 733
2894 733
2894 732
2897 732
2897 731
2899 731
2899 730
2901 730
2901 729
2905 729
2905 728
2907 728
2907 727
2910 727
2910 726
2912 726
2912 725
2913 725
2913 724
2915 724
2915 723
2918 723
2918 722
2919 722
2919 720
2920 720
2920 718
2921 718
2921 711
2922 711
2922 708
2923 708
2923 707
2924 707
2924 705
2925 705
2925 704
2926 704
2926 703
2927 703
2927 702
2928 702
2928 701
2929 701
2929 700
2930 700
2930 699
2933 699
2933 698
2936 698
2936 697
2941 697
2941 696
2943 696
2943 695
2945 695
2945 694
2947 694
2947 693
2948 693
2948 691
2949 691
2949 690
2950 690
2950 689
2951 689
2951 688
2952 688
2952 687
2954 687
2954 686
2955 686
2955 685
2957 685
2957 681
2958 681
2958 673
2959 673
2959 661
2958 661
2958 645
2957 645
2957 631
2958 631
2958 619
2959 619
2959 615
2962 615
2962 614
2964 614
2964 613
2968 613
2968 612
2998 612
2998 611
3004 611
3004 610
3008 610
3008 609
3011 609
3011 608
3014 608
3014 607
3016 607
3016 606
3019 606
3019 605
3021 605
3021 603
3022 603
3022 602
3025 602
3025 601
3027 601
3027 600
3029 600
3029 599
3033 599
3033 598
3034 598
3034 597
3035 597
3035 596
3038 596
3038 595
3040 595
3040 594
3041 594
3041 593
3042 593
3042 592
3044 592
3044 591
3045 591
3045 590
3046 590
3046 589
3047 589
3047 588
3049 588
3049 587
3050 587
3050 586
3051 586
3051 585
3052 585
3052 584
3054 584
3054 583
3056 583
3056 582
3058 582
3058 581
3059 581
3059 580
3060 580
3060 579
3061 579
3061 578
3063 578
3063 577
3064 577
3064 576
3066 576
3066 575
3068 575
3068 574
3070 574
3070 573
3071 573
3071 568
3072 568
3072 563
3073 563
3073 553
3074 553
3074 548
3075 548
3075 545
3076 545
3076 544
3077 544
3077 542
3078 542
3078 540
3079 540
3079 539
3080 539
3080 537
3081 537
3081 536
3082 536
3082 534
3083 534
3083 533
3084 533
3084 532
3085 532
3085 531
3086 531
3086 530
3087 530
3087 529
3088 529
3088 528
3089 528
3089 527
3090 527
3090 525
3091 525
3091 524
3092 524
3092 522
3093 522
3093 520
3094 520
3094 519
3095 519
3095 517
3096 517
3096 516
3097 516
3097 515
3098 515
3098 514
3099 514
3099 513
3100 513
3100 512
3101 512
3101 511
3102 511
3102 509
3103 509
3103 508
3104 508
3104 507
3105 507
3105 506
3106 506
3106 504
3107 504
3107 503
3108 503
3108 501
3109 501
3109 500
3110 500
3110 498
3111 498
3111 496
3112 496
3112 495
3113 495
3113 493
3114 493
3114 483
3113 483
3113 480
3114 480
3114 476
3115 476
3115 472
3116 472
3116 471
3117 471
3117 470
3118 470
3118 469
3119 469
3119 468
3120 468
3120 467
3121 467
3121 465
3122 465
3122 459
3123 459
3123 445
3124 445
3124 437
3125 437
3125 426
3124 426
3124 424
3125 424
3125 422
3126 422
3126 419
3127 419
3127 417
3128 417
3128 416
3129 416
3129 415
3131 415
3131 414
3132 414
3132 413
3133 413
3133 412
3134 412
3134 409
3135 409
3135 408
3136 408
3136 405
3137 405
3137 403
3138 403
3138 400
3139 400
3139 396
3140 396
3140 393
3141 393
3141 390
3142 390
3142 389
3143 389
3143 388
3144 388
3144 387
3145 387
3145 386
3146 386
3146 385
3147 385
3147 384
3148 384
3148 383
3149 383
3149 382
3150 382
3150 380
3151 380
3151 379
3152 379
3152 378
3154 378
3154 377
3156 377
3156 376
3157 376
3157 375
3158 375
3158 374
3160 374
3160 373
3161 373
3161 372
3162 372
3162 371
3163 371
3163 370
3164 370
3164 366
3165 366
3165 362
3166 362
3166 360
3167 360
3167 357
3168 357
3168 355
3169 355
3169 354
3170 354
3170 353
3171 353
3171 352
3172 352
3172 351
3173 351
3173 350
3174 350
3174 349
3175 349
3175 348
3177 348
3177 346
3178 346
3178 344
3179 344
3179 328
3180 328
3180 326
3181 326
3181 325
3182 325
3182 322
3183 322
3183 318
3184 318
3184 316
3185 316
3185 315
3186 315
3186 314
3187 314
3187 313
3188 313
3188 312
3189 312
3189 311
3190 311
3190 312
3189 312
3189 313
3188 313
3188 314
3187 314
3187 315
3186 315
3186 316
3185 316
3185 318
3184 318
3184 322
3183 322
3183 325
3182 325
3182 326
3181 326
3181 328
3180 328
3180 344
3179 344
3179 346
3178 346
3178 348
3177 348
3177 349
3175 349
3175 350
3174 350
3174 351
3173 351
3173 352
3172 352
3172 353
3171 353
3171 354
3170 354
3170 355
3169 355
3169 357
3168 357
3168 360
3167 360
3167 362
3166 362
3166 366
3165 366
3165 370
3164 370
3164 371
3163 371
3163 372
3162 372
3162 373
3161 373
3161 374
3160 374
3160 375
3158 375
3158 376
3157 376
3157 377
3156 377
3156 378
3154 378
3154 379
3152 379
3152 380
3151 380
3151 382
3150 382
3150 383
3149 383
3149 384
3148 384
3148 385
3147 385
3147 386
3146 386
3146 387
3145 387
3145 388
3144 388
3144 389
3143 389
3143 390
3142 390
3142 393
3141 393
3141 396
3140 396
3140 400
3139 400
3139 403
3138 403
3138 405
3137 405
3137 408
3136 408
3136 409
3135 409
3135 412
3134 412
3134 413
3133 413
3133 414
3132 414
3132 415
3131 415
3131 416
3129 416
3129 417
3128 417
3128 419
3127 419
3127 422
3126 422
3126 424
3125 424
3125 426
3126 426
3126 437
3125 437
3125 445
3124 445
3124 459
3123 459
3123 465
3122 465
3122 467
3121 467
3121 468
3120 468
3120 469
3119 469
3119 470
3118 470
3118 471
3117 471
3117 472
3116 472
3116 476
3115 476
3115 480
3114 480
3114 483
3115 483
3115 493
3114 493
3114 495
3113 495
3113 496
3112 496
3112 498
3111 498
3111 500
3110 500
3110 501
3109 501
3109 503
3108 503
3108 504
3107 504
3107 506
3106 506
3106 507
3105 507
3105 508
3104 508
3104 509
3103 509
3103 511
3102 511
3102 512
3101 512
3101 513
3100 513
3100 514
3099 514
3099 515
3098 515
3098 516
3097 516
3097 517
3096 517
3096 519
3095 519
3095 520
3094 520
3094 522
3093 522
3093 524
3092 524
3092 525
3091 525
3091 527
3090 527
3090 528
3089 528
3089 529
3088 529
3088 530
3087 530
3087 531
3086 531
3086 532
3085 532
3085 533
3084 533
3084 534
3083 534
3083 536
3082 536
3082 537
3081 537
3081 539
3080 539
3080 540
3079 540
3079 542
3078 542
3078 544
3077 544
3077 545
3076 545
3076 548
3075 548
3075 553
3074 553
3074 563
3073 563
3073 568
3072 568
3072 573
3071 573
3071 574
3070 574
3070 575
3068 575
3068 576
3066 576
3066 577
3064 577
3064 578
3063 578
3063 579
3061 579
3061 580
3060 580
3060 581
3059 581
3059 582
3058 582
3058 583
3056 583
3056 584
3054 584
3054 585
3052 585
3052 586
3051 586
3051 587
3050 587
3050 588
3049 588
3049 589
3047 589
3047 590
3046 590
3046 591
3045 591
3045 592
3044 592
3044 593
3042 593
3042 594
3041 594
3041 595
3040 595
3040 596
3038 596
3038 597
3035 597
3035 598
3034 598
3034 599
3033 599
3033 600
3029 600
3029 601
3027 601
3027 602
3025 602
3025 603
3022 603
3022 605
3021 605
3021 606
3019 606
3019 607
3016 607
3016 608
3014 608
3014 609
3011 609
3011 610
3008 610
3008 611
3004 611
3004 612
2998 612
2998 613
2968 613
2968 614
2964 614
2964 615
2962 615
2962 616
2960 616
2960 619
2959 619
2959 631
2958 631
2958 645
2959 645
2959 661
2960 661
2960 673
2959 673
2959 681
2958 681
2958 685
2957 685
2957 686
2955 686
2955 687
2954 687
2954 688
2952 688
2952 689
2951 689
2951 690
2950 690
2950 691
2949 691
2949 693
2948 693
2948 694
2947 694
2947 695
2945 695
2945 696
2943 696
2943 697
2941 697
2941 698
2936 698
2936 699
2933 699
2933 700
2930 700
2930 701
2929 701
2929 702
2928 702
2928 703
2927 703
2927 704
2926 704
2926 705
2925 705
2925 707
2924 707
2924 708
2923 708
2923 711
2922 711
2922 718
2921 718
2921 720
2920 720
2920 722
2919 722
2919 723
2918 723
2918 724
2915 724
2915 725
2913 725
2913 726
2912 726
2912 727
2910 727
2910 728
2907 728
2907 729
2905 729
2905 730
2901 730
2901 731
2899 731
2899 732
2897 732
2897 733
2894 733
2894 734
2892 734
2892 735
2889 735
2889 736
2887 736
2887 737
2884 737
2884 738
2882 738
2882 739
2881 739
2881 740
2878 740
2878 741
2876 741
2876 742
2874 742
2874 743
2872 743
2872 744
2870 744
2870 745
2868 745
2868 746
2865 746
2865 747
2863 747
2863 748
2861 748
2861 749
2858 749
2858 750
2857 750
2857 751
2856 751
2856 752
2855 752
2855 753
2854 753
2854 754
2852 754
2852 755
2851 755
2851 756
2850 756
2850 757
2848 757
2848 758
2847 758
2847 759
2845 759
2845 760
2844 760
2844 761
2842 761
2842 762
2841 762
2841 763
2839 763
2839 764
2837 764
2837 765
2835 765
2835 766
2834 766
2834 767
2832 767
2832 768
2830 768
2830 769
2828 769
2828 770
2827 770
2827 771
2825 771
2825 772
2824 772
2824 773
2822 773
2822 774
2821 774
2821 775
2820 775
2820 776
2817 776
2817 777
2814 777
2814 778
2807 778
2807 779
2789 779
2789 778
2782 778
2782 779
2781 779
2781 778
2772 778
2772 779
2763 779
2763 778
2744 778
2744 779
2736 779
2736 780
2726 780
2726 779
2708 779
2708 780
2700 780
2700 781
2696 781
2696 782
2693 782
2693 783
2692 783
2692 784
2690 784
2690 785
2689 785
2689 790
2688 790
2688 793
2687 793
2687 798
2686 798
2686 801
2685 801
2685 804
2684 804
2684 805
2683 805
2683 806
2682 806
2682 807
2681 807
2681 808
2679 808
2679 809
2677 809
2677 810
2676 810
2676 811
2674 811
2674 812
2673 812
2673 813
2671 813
2671 814
2670 814
2670 815
2669 815
2669 816
2665 816
2665 817
2664 817
2664 818
2663 818
2663 819
2661 819
2661 820
2659 820
2659 821
2657 821
2657 822
2655 822
2655 823
2653 823
2653 824
2650 824
2650 825
2644 825
2644 827
2643 827
2643 828
2642 828
2642 829
2641 829
2641 830
2640 830
2640 831
2639 831
2639 832
2638 832
2638 834
2637 834
2637 835
2636 835
2636 837
2635 837
2635 838
2634 838
2634 839
2632 839
2632 840
2631 840
2631 841
2630 841
2630 842
2628 842
2628 843
2626 843
2626 844
2623 844
2623 845
2622 845
2622 846
2620 846
2620 847
2619 847
2619 850
2618 850
2618 853
2617 853
2617 857
2616 857
2616 858
2615 858
2615 859
2614 859
2614 860
2612 860
2612 861
2608 861
2608 862
2603 862
2603 863
2600 863
2600 864
2599 864
2599 865
2597 865
2597 866
2595 866
2595 867
2593 867
2593 868
2591 868
2591 869
2589 869
2589 870
2588 870
2588 871
2584 871
2584 872
2582 872
2582 873
2565 873
2565 872
2561 872
2561 871
2558 871
2558 870
2554 870
2554 869
2547 869
2547 868
2542 868
2542 867
2539 867
2539 866
2536 866
2536 865
2532 865
2532 864
2530 864
2530 863
2527 863
2527 862
2526 862
2526 861
2522 861
2522 860
2515 860
2515 859
2507 859
2507 858
2502 858
2502 859
2491 859
2491 860
2488 860
2488 861
2482 861
2482 862
2479 862
2479 863
2478 863
2478 864
2476 864
2476 866
2475 866
2475 869
2474 869
2474 870
2473 870
2473 871
2472 871
2472 874
2471 874
2471 892
2470 892
2470 898
2469 898
2469 904
2468 904
2468 905
2466 905
2466 906
2463 906
2463 907
2461 907
2461 908
2458 908
2458 909
2455 909
2455 910
2443 910
2443 911
2439 911
2439 910
2435 910
2435 911
2429 911
2429 912
2426 912
2426 913
2424 913
2424 915
2423 915
2423 916
2422 916
2422 917
2418 917
2418 918
2415 918
2415 919
2412 919
2412 920
2410 920
2410 921
2409 921
2409 922
2403 922
2403 923
2401 923
2401 924
2394 924
2394 925
2387 925
2387 926
2385 926
2385 927
2382 927
2382 928
2380 928
2380 929
2377 929
2377 930
2374 930
2374 931
2371 931
2371 932
2364 932
2364 933
2360 933
2360 934
2354 934
2354 935
2352 935
2352 936
2350 936
2350 937
2349 937
2349 938
2348 938
2348 939
2347 939
2347 940
2345 940
2345 941
2343 941
2343 942
2342 942
2342 943
2340 943
2340 944
2339 944
2339 945
2338 945
2338 946
2335 946
2335 947
2333 947
2333 948
2331 948
2331 949
2329 949
2329 950
2327 950
2327 951
2324 951
2324 952
2321 952
2321 953
2318 953
2318 954
2316 954
2316 955
2313 955
2313 956
2311 956
2311 957
2309 957
2309 958
2307 958
2307 959
2305 959
2305 960
2303 960
2303 961
2301 961
2301 962
2298 962
2298 963
2297 963
2297 964
2294 964
2294 965
2292 965
2292 966
2291 966
2291 967
2288 967
2288 968
2287 968
2287 969
2283 969
2283 970
2281 970
2281 971
2280 971
2280 972
2276 972
2276 973
2275 973
2275 974
2274 974
2274 975
2272 975
2272 976
2271 976
2271 977
2268 977
2268 978
2267 978
2267 979
2265 979
2265 980
2264 980
2264 981
2263 981
2263 982
2262 982
2262 983
2261 983
2261 984
2259 984
2259 985
2258 985
2258 986
2254 986
2254 987
2248 987
2248 988
2224 988
2224 987
2211 987
2211 988
2205 988
2205 989
2204 989
2204 990
2203 990
2203 991
2202 991
2202 992
2201 992
2201 993
2200 993
2200 994
2199 994
2199 995
2197 995
2197 996
2192 996
2192 997
2191 997
2191 998
2190 998
2190 999
2189 999
2189 1001
2188 1001
2188 1012
2187 1012
2187 1022
2186 1022
2186 1028
2185 1028
2185 1032
2184 1032
2184 1033
2183 1033
2183 1034
2181 1034
2181 1035
2178 1035
2178 1036
2176 1036
2176 1037
2173 1037
2173 1038
2172 1038
2172 1039
2171 1039
2171 1043
2170 1043
2170 1047
2169 1047
2169 1048
2168 1048
2168 1049
2167 1049
2167 1050
2163 1050
2163 1051
2160 1051
2160 1052
2151 1052
2151 1053
2144 1053
2144 1054
2141 1054
2141 1055
2137 1055
2137 1056
2135 1056
2135 1057
2131 1057
2131 1058
2130 1058
2130 1059
2128 1059
2128 1060
2125 1060
2125 1061
2124 1061
2124 1062
2123 1062
2123 1063
2121 1063
2121 1064
2118 1064
2118 1065
2116 1065
2116 1066
2113 1066
2113 1067
2109 1067
2109 1068
2107 1068
2107 1069
2101 1069
2101 1070
2096 1070
2096 1071
2061 1071
2061 1070
2055 1070
2055 1069
2053 1069
2053 1068
2051 1068
2051 1067
2050 1067
2050 1066
2048 1066
2048 1065
2047 1065
2047 1064
2046 1064
2046 1063
2045 1063
2045 1062
2044 1062
2044 1061
2043 1061
2043 1060
2042 1060
2042 1059
2041 1059
2041 1058
2039 1058
2039 1057
2038 1057
2038 1056
2037 1056
2037 1054
2036 1054
2036 1053
2035 1053
2035 1052
2034 1052
2034 1051
2033 1051
2033 1050
2032 1050
2032 1049
2026 1049
2026 1048
2024 1048
2024 1047
2023 1047
2023 1046
2017 1046
2017 1045
2006 1045
2006 1046
2004 1046
2004 1047
1999 1047
1999 1048
1997 1048
1997 1049
1994 1049
1994 1050
1993 1050
1993 1051
1989 1051
1989 1052
1984 1052
1984 1053
1975 1053
1975 1054
1968 1054
1968 1055
1965 1055
1965 1056
1961 1056
1961 1057
1958 1057
1958 1058
1956 1058
1956 1059
1953 1059
1953 1060
1949 1060
1949 1061
1947 1061
1947 1062
1943 1062
1943 1063
1936 1063
1936 1064
1935 1064
1935 1063
1927 1063
1927 1064
1896 1064
1896 1065
1881 1065
1881 1066
1874 1066
1874 1067
1872 1067
1872 1068
1868 1068
1868 1069
1865 1069
1865 1070
1863 1070
1863 1071
1861 1071
1861 1074
1860 1074
1860 1077
1859 1077
1859 1078
1858 1078
1858 1079
1856 1079
1856 1080
1854 1080
1854 1081
1853 1081
1853 1082
1849 1082
1849 1083
1845 1083
1845 1084
1842 1084
1842 1085
1839 1085
1839 1086
1834 1086
1834 1087
1833 1087
1833 1088
1832 1088
1832 1089
1831 1089
1831 1092
1830 1092
1830 1093
1828 1093
1828 1094
1825 1094
1825 1095
1822 1095
1822 1096
1821 1096
1821 1097
1820 1097
1820 1102
1819 1102
1819 1103
1818 1103
1818 1105
1817 1105
1817 1106
1816 1106
1816 1107
1815 1107
1815 1108
1814 1108
1814 1109
1810 1109
1810 1110
1806 1110
1806 1111
1802 1111
1802 1112
1800 1112
1800 1113
1799 1113
1799 1114
1798 1114
1798 1115
1797 1115
1797 1116
1796 1116
1796 1117
1795 1117
1795 1118
1794 1118
1794 1119
1792 1119
1792 1120
1788 1120
1788 1121
1782 1121
1782 1122
1780 1122
1780 1123
1778 1123
1778 1124
1777 1124
1777 1125
1776 1125
1776 1126
1775 1126
1775 1127
1774 1127
1774 1128
1772 1128
1772 1129
1770 1129
1770 1130
1764 1130
1764 1131
1758 1131
1758 1130
1753 1130
1753 1131
1750 1131
1750 1130
1730 1130
1730 1131
1726 1131
1726 1132
1721 1132
1721 1133
1712 1133
1712 1134
1710 1134
1710 1135
1693 1135
1693 1134
1692 1134
1692 1133
1690 1133
1690 1132
1688 1132
1688 1131
1686 1131
1686 1130
1683 1130
1683 1129
1682 1129
1682 1128
1681 1128
1681 1127
1680 1127
1680 1126
1679 1126
1679 1125
1678 1125
1678 1124
1677 1124
1677 1123
1676 1123
1676 1122
1675 1122
1675 1120
1674 1120
1674 1119
1673 1119
1673 1116
1672 1116
1672 1113
1671 1113
1671 1110
1670 1110
1670 1108
1669 1108
1669 1107
1668 1107
1668 1105
1667 1105
1667 1103
1665 1103
1665 1102
1664 1102
1664 1101
1660 1101
1660 1100
1657 1100
1657 1099
1656 1099
1656 1098
1654 1098
1654 1097
1653 1097
1653 1096
1652 1096
1652 1095
1651 1095
1651 1094
1650 1094
1650 1093
1649 1093
1649 1092
1639 1092
1639 1093
1637 1093
1637 1094
1633 1094
1633 1095
1631 1095
1631 1096
1630 1096
1630 1097
1629 1097
1629 1098
1628 1098
1628 1099
1627 1099
1627 1100
1625 1100
1625 1101
1624 1101
1624 1102
1623 1102
1623 1104
1622 1104
1622 1105
1621 1105
1621 1106
1620 1106
1620 1107
1619 1107
1619 1108
1618 1108
1618 1110
1617 1110
1617 1111
1615 1111
1615 1112
1614 1112
1614 1113
1612 1113
1612 1114
1611 1114
1611 1115
1610 1115
1610 1116
1609 1116
1609 1117
1608 1117
1608 1118
1607 1118
1607 1119
1605 1119
1605 1120
1601 1120
1601 1121
1593 1121
1593 1120
1587 1120
1587 1119
1586 1119
1586 1118
1584 1118
1584 1117
1579 1117
1579 1116
1559 1116
1559 1117
1554 1117
1554 1118
1542 1118
1542 1119
1541 1119
1541 1121
1540 1121
1540 1122
1539 1122
1539 1124
1538 1124
1538 1126
1537 1126
1537 1127
1536 1127
1536 1132
1535 1132
1535 1133
1534 1133
1534 1134
1532 1134
1532 1135
1530 1135
1530 1134
1526 1134
1526 1133
1521 1133
1521 1132
1504 1132
1504 1133
1496 1133
1496 1134
1492 1134
1492 1133
1487 1133
1487 1134
1483 1134
1483 1135
1478 1135
1478 1136
1471 1136
1471 1137
1464 1137
1464 1138
1462 1138
1462 1139
1458 1139
1458 1140
1456 1140
1456 1139
1448 1139
1448 1138
1444 1138
1444 1137
1440 1137
1440 1136
1438 1136
1438 1135
1435 1135
1435 1134
1434 1134
1434 1133
1433 1133
1433 1132
1432 1132
1432 1131
1431 1131
1431 1130
1430 1130
1430 1129
1429 1129
1429 1128
1427 1128
1427 1127
1426 1127
1426 1126
1425 1126
1425 1125
1424 1125
1424 1124
1423 1124
1423 1122
1422 1122
1422 1121
1421 1121
1421 1120
1420 1120
1420 1118
1419 1118
1419 1117
1417 1117
1417 1116
1415 1116
1415 1115
1408 1115
1408 1114
1395 1114
1395 1115
1381 1115
1381 1114
1379 1114
1379 1113
1374 1113
1374 1112
1342 1112
1342 1111
1335 1111
1335 1110
1331 1110
1331 1109
1326 1109
1326 1108
1320 1108
1320 1107
1318 1107
1318 1106
1315 1106
1315 1105
1307 1105
1307 1104
1297 1104
1297 1103
1280 1103
1280 1102
1277 1102
1277 1101
1272 1101
1272 1100
1267 1100
1267 1099
1264 1099
1264 1098
1260 1098
1260 1097
1255 1097
1255 1096
1252 1096
1252 1095
1248 1095
1248 1094
1242 1094
1242 1093
1238 1093
1238 1092
1235 1092
1235 1091
1233 1091
1233 1090
1230 1090
1230 1089
1225 1089
1225 1088
1220 1088
1220 1087
1217 1087
1217 1086
1210 1086
1210 1085
1188 1085
1188 1084
1183 1084
1183 1083
1180 1083
1180 1082
1175 1082
1175 1081
1172 1081
1172 1080
1170 1080
1170 1079
1167 1079
1167 1078
1162 1078
1162 1077
1159 1077
1159 1076
1155 1076
1155 1075
1150 1075
1150 1074
1146 1074
1146 1073
1141 1073
1141 1072
1140 1072
1140 1071
1138 1071
1138 1070
1132 1070
1132 1069
1130 1069
1130 1068
1127 1068
1127 1067
1126 1067
1126 1066
1123 1066
1123 1065
1121 1065
1121 1064
1119 1064
1119 1063
1118 1063
1118 1062
1117 1062
1117 1061
1115 1061
1115 1060
1114 1060
1114 1059
1113 1059
1113 1058
1112 1058
1112 1057
1111 1057
1111 1055
1110 1055
1110 1054
1109 1054
1109 1052
1108 1052
1108 1050
1107 1050
1107 1048
1106 1048
1106 1045
1105 1045
1105 1043
1104 1043
1104 1040
1103 1040
1103 1036
1102 1036
1102 1032
1101 1032
1101 1029
1100 1029
1100 1027
1099 1027
1099 1026
1098 1026
1098 1025
1097 1025
1097 1024
1096 1024
1096 1023
1095 1023
1095 1022
1093 1022
1093 1021
1087 1021
1087 1020
1079 1020
1079 1019
1078 1019
1078 1018
1075 1018
1075 1017
1073 1017
1073 1016
1071 1016
1071 1015
1070 1015
1070 1014
1067 1014
1067 1013
1063 1013
1063 1012
1059 1012
1059 1011
1057 1011
1057 1010
1055 1010
1055 1009
1049 1009
1049 1008
1048 1008
1048 1007
1046 1007
1046 1006
1045 1006
1045 1005
1040 1005
1040 1004
1038 1004
1038 1003
1036 1003
1036 1002
1033 1002
1033 1001
1030 1001
1030 1000
1028 1000
1028 999
1026 999
1026 998
1018 998
1018 997
1013 997
1013 996
1008 996
1008 995
1002 995
1002 994
996 994
996 993
990 993
990 992
984 992
984 991
980 991
980 990
970 990
970 989
958 989
958 988
949 988
949 987
944 987
944 986
943 986
943 985
941 985
941 984
939 984
939 983
937 983
937 982
935 982
935 981
933 981
933 980
931 980
931 979
929 979
929 978
927 978
927 977
926 977
926 976
925 976
925 975
923 975
923 974
922 974
922 973
921 973
921 971
920 971
920 970
919 970
919 969
918 969
918 968
917 968
917 965
916 965
916 964
915 964
915 963
914 963
914 962
912 962
912 961
911 961
911 960
909 960
909 959
908 959
908 958
907 958
907 957
906 957
906 956
904 956
904 955
902 955
902 954
901 954
901 953
900 953
900 952
899 952
899 951
898 951
898 950
896 950
896 949
893 949
893 948
890 948
890 947
885 947
885 946
857 946
857 945
851 945
851 944
848 944
848 943
845 943
845 942
837 942
837 941
830 941
830 940
824 940
824 939
821 939
821 938
819 938
819 937
815 937
815 936
813 936
813 935
810 935
810 934
808 934
808 933
807 933
807 932
805 932
805 931
804 931
804 930
801 930
801 929
800 929
800 928
798 928
798 927
794 927
794 926
789 926
789 925
779 925
779 924
776 924
776 923
764 923
764 922
759 922
759 921
757 921
757 920
756 920
756 919
754 919
754 918
753 918
753 917
751 917
751 916
750 916
750 915
749 915
749 914
745 914
745 913
743 913
743 912
739 912
739 911
735 911
735 910
733 910
733 909
729 909
729 908
727 908
727 907
725 907
725 906
724 906
724 905
723 905
723 903
722 903
722 902
720 902
720 901
719 901
719 899
718 899
718 898
717 898
717 896
716 896
716 891
715 891
715 887
710 887
710 885
709 885
709 884
708 884
708 883
706 883
706 882
705 882
705 881
704 881
704 879
699 879
699 878
698 878
698 877
683 877
683 876
681 876
681 875
679 875
679 874
676 874
676 873
675 873
675 872
673 872
673 871
671 871
671 870
670 870
670 869
669 869
669 868
667 868
667 867
666 867
666 866
665 866
665 865
664 865
664 864
663 864
663 863
662 863
662 862
659 862
659 861
658 861
658 860
657 860
657 859
655 859
655 858
654 858
654 857
653 857
653 856
651 856
651 855
649 855
649 854
648 854
648 853
645 853
645 852
643 852
643 851
642 851
642 850
640 850
640 849
638 849
638 848
636 848
636 847
635 847
635 846
634 846
634 845
633 845
633 844
632 844
632 843
631 843
631 842
630 842
630 839
629 839
629 838
628 838
628 836
627 836
627 834
626 834
626 832
625 832
625 830
624 830
624 829
623 829
623 828
622 828
622 827
621 827
621 826
620 826
620 825
618 825
618 824
617 824
617 823
614 823
614 822
613 822
613 821
612 821
612 820
610 820
610 819
603 819
603 818
596 818
596 817
594 817
594 816
593 816
593 815
590 815
590 814
589 814
589 813
588 813
588 812
587 812
587 811
585 811
585 810
583 810
583 809
580 809
580 808
578 808
578 807
576 807
576 806
574 806
574 805
571 805
571 804
569 804
569 803
565 803
565 802
558 802
558 801
547 801
547 802
536 802
536 801
534 801
534 800
530 800
530 799
528 799
528 798
527 798
527 797
526 797
526 796
525 796
525 794
524 794
524 792
523 792
523 789
522 789
522 788
521 788
521 785
520 785
520 784
519 784
519 783
518 783
518 782
517 782
517 781
516 781
516 780
515 780
515 779
511 779
511 778
507 778
507 777
504 777
504 776
502 776
502 775
501 775
501 774
499 774
499 773
498 773
498 772
497 772
497 771
495 771
495 770
494 770
494 769
493 769
493 768
491 768
491 767
489 767
489 766
488 766
488 765
487 765
487 764
486 764
486 763
485 763
485 762
484 762
484 760
483 760
483 757
482 757
482 755
481 755
481 754
479 754
479 753
476 753
476 752
470 752
470 751
461 751
461 750
453 750
453 749
451 749
451 748
450 748
450 747
449 747
449 746
443 746
443 745
438 745
438 744
433 744
433 743
430 743
430 742
428 742
428 741
427 741
427 738
426 738
426 730
427 730
427 724
428 724
428 708
427 708
427 707
426 707
426 706
425 706
425 705
424 705
424 704
423 704
423 703
421 703
421 702
418 702
418 703
416 703
416 704
415 704
415 705
412 705
412 706
409 706
409 707
406 707
406 708
397 708
397 707
393 707
393 706
389 706
389 705
385 705
385 704
382 704
382 703
380 703
380 702
379 702
379 700
378 700
378 699
377 699
377 698
376 698
376 697
375 697
375 695
374 695
374 693
373 693
373 691
372 691
372 689
371 689
371 688
370 688
370 687
368 687
368 686
367 686
367 685
365 685
365 684
363 684
363 683
361 683
361 682
358 682
358 681
356 681
356 680
354 680
354 679
352 679
352 678
350 678
350 677
348 677
348 676
347 676
347 675
346 675
346 674
345 674
345 673
344 673
344 667
343 667
343 665
342 665
342 664
341 664
341 662
340 662
340 661
339 661
339 659
338 659
338 658
337 658
337 657
336 657
336 656
335 656
335 655
334 655
334 654
333 654
333 653
332 653
332 652
331 652
331 651
330 651
330 650
329 650
329 649
327 649
327 648
326 648
326 647
325 647
325 645
324 645
324 641
323 641
323 638
322 638
322 637
321 637
321 627
320 627
320 625
319 625
319 624
317 624
317 623
316 623
316 622
315 622
315 621
313 621
313 620
309 620
309 619
307 619
307 618
306 618
306 617
305 617
305 614
306 614
306 610
307 610
307 606
306 606
306 603
305 603
305 600
304 600
304 598
303 598
303 596
302 596
302 595
301 595
301 593
300 593
300 592
299 592
299 591
298 591
298 589
297 589
297 588
296 588
296 587
295 587
295 585
294 585
294 584
293 584
293 583
292 583
292 582
291 582
291 581
290 581
290 580
289 580
289 579
288 579
288 577
287 577
287 576
286 576
286 575
285 575
285 574
284 574
284 573
283 573
283 571
282 571
282 570
281 570
281 567
280 567
280 565
279 565
279 564
278 564
278 562
277 562
277 558
276 558
276 556
275 556
275 555
274 555
274 554
273 554
273 552
272 552
272 551
271 551
271 550
270 550
270 549
269 549
269 548
268 548
268 547
267 547
267 546
266 546
266 545
265 545
265 544
264 544
264 543
263 543
263 542
261 542
261 541
259 541
259 540
258 540
258 539
257 539
257 538
255 538
255 537
254 537
254 536
253 536
253 535
251 535
251 534
250 534
250 533
249 533
249 532
247 532
247 531
245 531
245 530
243 530
243 529
242 529
242 528
241 528
241 527
240 527
240 526
239 526
239 525
238 525
238 524
237 524
237 523
236 523
236 522
235 522
235 521
234 521
234 520
233 520
233 519
232 519
232 517
231 517
231 515
230 515
230 512
229 512
229 509
228 509
228 501
227 501
227 495
226 495
226 492
225 492
225 490
224 490
224 489
223 489
223 483
222 483
222 481
221 481
221 478
220 478
220 476
219 476
219 475
218 475
218 474
217 474
217 472
214 472
214 471
217 471
217 472
218 472
218 474
219 474
219 475
220 475
220 476
221 476
221 478
222 478
222 481
223 481
223 483
224 483
224 489
225 489
225 490
226 490
226 492
227 492
227 495
228 495
228 501
229 501
229 509
230 509
230 512
231 512
231 515
232 515
232 517
233 517
233 519
234 519
234 520
235 520
235 521
236 521
236 522
237 522
237 523
238 523
238 524
239 524
239 525
240 525
240 526
241 526
241 527
242 527
242 528
243 528
243 529
245 529
245 530
247 530
247 531
249 531
249 532
250 532
250 533
251 533
251 534
253 534
253 535
254 535
254 536
255 536
255 537
257 537
257 538
258 538
258 539
259 539
259 540
261 540
261 541
263 541
263 542
264 542
264 543
265 543
265 544
266 544
266 545
267 545
267 546
268 546
268 547
269 547
269 548
270 548
270 549
271 549
271 550
272 550
272 551
273 551
273 552
274 552
274 554
275 554
275 555
276 555
276 556
277 556
277 558
278 558
278 562
279 562
279 564
280 564
280 565
281 565
281 567
282 567
282 570
283 570
283 571
284 571
284 573
285 573
285 574
286 574
286 575
287 575
287 576
288 576
288 577
289 577
289 579
290 579
290 580
291 580
291 581
292 581
292 582
293 582
293 583
294 583
294 584
295 584
295 585
296 585
296 587
297 587
297 588
298 588
298 589
299 589
299 591
300 591
300 592
301 592
301 593
302 593
302 595
303 595
303 596
304 596
304 598
305 598
305 600
306 600
306 603
307 603
307 606
308 606
308 610
307 610
307 614
306 614
306 617
307 617
307 618
309 618
309 619
313 619
313 620
315 620
315 621
316 621
316 622
317 622
317 623
319 623
319 624
320 624
320 625
321 625
321 627
322 627
322 637
323 637
323 638
324 638
324 641
325 641
325 645
326 645
326 647
327 647
327 648
329 648
329 649
330 649
330 650
331 650
331 651
332 651
332 652
333 652
333 653
334 653
334 654
335 654
335 655
336 655
336 656
337 656
337 657
338 657
338 658
339 658
339 659
340 659
340 661
341 661
341 662
342 662
342 664
343 664
343 665
344 665
344 667
345 667
345 673
346 673
346 674
347 674
347 675
348 675
348 676
350 676
350 677
352 677
352 678
354 678
354 679
356 679
356 680
358 680
358 681
361 681
361 682
363 682
363 683
365 683
365 684
367 684
367 685
368 685
368 686
370 686
370 687
371 687
371 688
372 688
372 689
373 689
373 691
374 691
374 693
375 693
375 695
376 695
376 697
377 697
377 698
378 698
378 699
379 699
379 700
380 700
380 702
382 702
382 703
385 703
385 704
389 704
389 705
393 705
393 706
397 706
397 707
406 707
406 706
409 706
409 705
412 705
412 704
415 704
415 703
416 703
416 702
418 702
418 701
421 701
421 702
423 702
423 703
424 703
424 704
425 704
425 705
426 705
426 706
427 706
427 707
428 707
428 708
429 708
429 724
428 724
428 730
427 730
427 738
428 738
428 741
430 741
430 742
433 742
433 743
438 743
438 744
443 744
443 745
449 745
449 746
450 746
450 747
451 747
451 748
453 748
453 749
461 749
461 750
470 750
470 751
476 751
476 752
479 752
479 753
481 753
481 754
482 754
482 755
483 755
483 757
484 757
484 760
485 760
485 762
486 762
486 763
487 763
487 764
488 764
488 765
489 765
489 766
491 766
491 767
493 767
493 768
494 768
494 769
495 769
495 770
497 770
497 771
498 771
498 772
499 772
499 773
501 773
501 774
502 774
502 775
504 775
504 776
507 776
507 777
511 777
511 778
515 778
515 779
516 779
516 780
517 780
517 781
518 781
518 782
519 782
519 783
520 783
520 784
521 784
521 785
522 785
522 788
523 788
523 789
524 789
524 792
525 792
525 794
526 794
526 796
527 796
527 797
528 797
528 798
530 798
530 799
534 799
534 800
536 800
536 801
547 801
547 800
558 800
558 801
565 801
565 802
569 802
569 803
571 803
571 804
574 804
574 805
576 805
576 806
578 806
578 807
580 807
580 808
583 808
583 809
585 809
585 810
587 810
587 811
588 811
588 812
589 812
589 813
590 813
590 814
593 814
593 815
594 815
594 816
596 816
596 817
603 817
603 818
610 818
610 819
612 819
612 820
613 820
613 821
614 821
614 822
617 822
617 823
618 823
618 824
620 824
620 825
621 825
621 826
622 826
622 827
623 827
623 828
624 828
624 829
625 829
625 830
626 830
626 832
627 832
627 834
628 834
628 836
629 836
629 838
630 838
630 839
631 839
631 842
632 842
632 843
633 843
633 844
634 844
634 845
635 845
635 846
636 846
636 847
638 847
638 848
640 848
640 849
642 849
642 850
643 850
643 851
645 851
645 852
648 852
648 853
649 853
649 854
651 854
651 855
653 855
653 856
654 856
654 857
655 857
655 858
657 858
657 859
658 859
658 860
659 860
659 861
662 861
662 862
663 862
663 863
664 863
664 864
665 864
665 865
666 865
666 866
667 866
667 867
669 867
669 868
670 868
670 869
671 869
671 870
673 870
673 871
675 871
675 872
676 872
676 873
679 873
679 874
681 874
681 875
683 875
683 876
698 876
698 877
699 877
699 878
705 878
705 881
706 881
706 882
708 882
708 883
709 883
709 884
710 884
710 885
711 885
711 886
715 886
715 887
716 887
716 891
717 891
717 896
718 896
718 898
719 898
719 899
720 899
720 901
722 901
722 902
723 902
723 903
724 903
724 905
725 905
725 906
727 906
727 907
729 907
729 908
733 908
733 909
735 909
735 910
739 910
739 911
743 911
743 912
745 912
745 913
749 913
749 914
750 914
750 915
751 915
751 916
753 916
753 917
754 917
754 918
756 918
756 919
757 919
757 920
759 920
759 921
764 921
764 922
776 922
776 923
779 923
779 924
789 924
789 925
794 925
794 926
798 926
798 927
800 927
800 928
801 928
801 929
804 929
804 930
805 930
805 931
807 931
807 932
808 932
808 933
810 933
810 934
813 934
813 935
815 935
815 936
819 936
819 937
821 937
821 938
824 938
824 939
830 939
830 940
837 940
837 941
845 941
845 942
848 942
848 943
851 943
851 944
857 944
857 945
885 945
885 946
890 946
890 947
893 947
893 948
896 948
896 949
898 949
898 950
899 950
899 951
900 951
900 952
901 952
901 953
902 953
902 954
904 954
904 955
906 955
906 956
907 956
907 957
908 957
908 958
909 958
909 959
911 959
911 960
912 960
912 961
914 961
914 962
915 962
915 963
916 963
916 964
917 964
917 965
918 965
