2155 1254
2150 1254
2150 1255
2149 1255
2149 1256
2148 1256
2148 1257
2146 1257
2146 1258
2142 1258
2142 1259
2137 1259
2137 1260
2135 1260
2135 1261
2129 1261
2129 1260
2128 1260
2128 1259
2127 1259
2127 1258
2126 1258
2126 1256
2125 1256
2125 1255
2124 1255
2124 1253
2123 1253
2123 1252
2122 1252
2122 1250
2121 1250
2121 1248
2120 1248
2120 1244
2119 1244
2119 1241
2118 1241
2118 1240
2117 1240
2117 1239
2116 1239
2116 1238
2115 1238
2115 1236
2114 1236
2114 1234
2113 1234
2113 1232
2112 1232
2112 1230
2111 1230
2111 1227
2110 1227
2110 1225
2109 1225
2109 1223
2108 1223
2108 1221
2107 1221
2107 1220
2106 1220
2106 1218
2103 1218
2103 1219
2102 1219
2102 1222
2101 1222
2101 1236
2102 1236
2102 1243
2101 1243
2101 1244
2095 1244
2095 1243
2093 1243
2093 1242
2092 1242
2092 1241
2088 1241
2088 1242
2084 1242
2084 1241
2076 1241
2076 1240
2074 1240
2074 1239
2070 1239
2070 1238
2056 1238
2056 1237
2055 1237
2055 1236
2053 1236
2053 1235
2051 1235
2051 1234
2050 1234
2050 1233
2049 1233
2049 1232
2047 1232
2047 1231
2045 1231
2045 1230
2031 1230
2031 1231
2022 1231
2022 1232
2018 1232
2018 1233
2008 1233
2008 1232
2007 1232
2007 1233
1996 1233
1996 1234
1995 1234
1995 1249
1994 1249
1994 1250
1993 1250
1993 1251
1992 1251
1992 1252
1990 1252
1990 1253
1982 1253
1982 1252
1981 1252
1981 1251
1980 1251
1980 1249
1979 1249
1979 1245
1978 1245
1978 1238
1977 1238
1977 1237
1976 1237
1976 1234
1975 1234
1975 1233
1974 1233
1974 1232
1973 1232
1973 1231
1971 1231
1971 1232
1970 1232
1970 1233
1969 1233
1969 1234
1967 1234
1967 1235
1966 1235
1966 1236
1964 1236
1964 1237
1963 1237
1963 1238
1962 1238
1962 1239
1961 1239
1961 1240
1960 1240
1960 1241
1958 1241
1958 1243
1957 1243
1957 1244
1954 1244
1954 1245
1953 1245
1953 1246
1952 1246
1952 1247
1951 1247
1951 1248
1950 1248
1950 1249
1948 1249
1948 1248
1947 1248
1947 1249
1943 1249
1943 1250
1936 1250
1936 1249
1929 1249
1929 1250
1906 1250
1906 1251
1890 1251
1890 1250
1883 1250
1883 1251
1882 1251
1882 1250
1879 1250
1879 1251
1872 1251
1872 1250
1871 1250
1871 1251
1869 1251
1869 1252
1864 1252
1864 1251
1863 1251
1863 1252
1860 1252
1860 1251
1856 1251
1856 1252
1841 1252
1841 1251
1837 1251
1837 1252
1834 1252
1834 1253
1831 1253
1831 1254
1828 1254
1828 1253
1808 1253
1808 1254
1796 1254
1796 1253
1794 1253
1794 1254
1790 1254
1790 1255
1788 1255
1788 1254
1785 1254
1785 1253
1778 1253
1778 1248
1777 1248
1777 1247
1776 1247
1776 1246
1775 1246
1775 1244
1769 1244
1769 1245
1765 1245
1765 1244
1764 1244
1764 1243
1763 1243
1763 1242
1762 1242
1762 1239
1761 1239
1761 1237
1760 1237
1760 1236
1759 1236
1759 1235
1758 1235
1758 1234
1757 1234
1757 1233
1742 1233
1742 1234
1740 1234
1740 1235
1739 1235
1739 1238
1734 1238
1734 1237
1731 1237
1731 1236
1730 1236
1730 1237
1727 1237
1727 1238
1724 1238
1724 1237
1723 1237
1723 1236
1722 1236
1722 1235
1719 1235
1719 1234
1718 1234
1718 1233
1717 1233
1717 1232
1716 1232
1716 1231
1714 1231
1714 1230
1710 1230
1710 1229
1702 1229
1702 1228
1697 1228
1697 1227
1694 1227
1694 1226
1692 1226
1692 1225
1691 1225
1691 1224
1690 1224
1690 1223
1688 1223
1688 1222
1684 1222
1684 1221
1681 1221
1681 1220
1679 1220
1679 1219
1678 1219
1678 1218
1676 1218
1676 1217
1664 1217
1664 1216
1663 1216
1663 1215
1655 1215
1655 1214
1653 1214
1653 1213
1652 1213
1652 1212
1651 1212
1651 1211
1649 1211
1649 1210
1647 1210
1647 1209
1644 1209
1644 1208
1642 1208
1642 1207
1641 1207
1641 1206
1639 1206
1639 1205
1638 1205
1638 1204
1637 1204
1637 1202
1636 1202
1636 1199
1633 1199
1633 1198
1628 1198
1628 1197
1626 1197
1626 1196
1624 1196
1624 1195
1618 1195
1618 1194
1615 1194
1615 1193
1613 1193
1613 1192
1612 1192
1612 1191
1609 1191
1609 1190
1603 1190
1603 1189
1601 1189
1601 1188
1596 1188
1596 1189
1584 1189
1584 1190
1579 1190
1579 1189
1565 1189
1565 1190
1560 1190
1560 1189
1557 1189
1557 1188
1556 1188
1556 1187
1555 1187
1555 1186
1554 1186
1554 1185
1553 1185
1553 1184
1552 1184
1552 1182
1551 1182
1551 1181
1550 1181
1550 1180
1549 1180
1549 1179
1548 1179
1548 1178
1547 1178
1547 1177
1546 1177
1546 1176
1545 1176
1545 1174
1544 1174
1544 1156
1543 1156
1543 1153
1541 1153
1541 1154
1540 1154
1540 1155
1539 1155
1539 1156
1538 1156
1538 1157
1534 1157
1534 1158
1532 1158
1532 1160
1531 1160
1531 1161
1530 1161
1530 1162
1529 1162
1529 1164
1528 1164
1528 1166
1527 1166
1527 1168
1526 1168
1526 1169
1522 1169
1522 1170
1521 1170
1521 1173
1520 1173
1520 1174
1519 1174
1519 1175
1518 1175
1518 1176
1516 1176
1516 1177
1514 1177
1514 1178
1510 1178
1510 1177
1507 1177
1507 1176
1506 1176
1506 1174
1503 1174
1503 1173
1502 1173
1502 1172
1501 1172
1501 1171
1498 1171
1498 1170
1497 1170
1497 1169
1495 1169
1495 1168
1493 1168
1493 1167
1492 1167
1492 1166
1488 1166
1488 1165
1487 1165
1487 1164
1486 1164
1486 1163
1483 1163
1483 1162
1480 1162
1480 1161
1478 1161
1478 1160
1476 1160
1476 1159
1474 1159
1474 1158
1472 1158
1472 1157
1471 1157
1471 1156
1469 1156
1469 1155
1468 1155
1468 1154
1467 1154
1467 1153
1466 1153
1466 1152
1465 1152
1465 1151
1464 1151
1464 1150
1463 1150
1463 1149
1461 1149
1461 1148
1460 1148
1460 1147
1459 1147
1459 1146
1458 1146
1458 1145
1457 1145
1457 1144
1456 1144
1456 1143
1454 1143
1454 1142
1452 1142
1452 1141
1449 1141
1449 1140
1447 1140
1447 1139
1445 1139
1445 1138
1444 1138
1444 1137
1442 1137
1442 1134
1440 1134
1440 1133
1438 1133
1438 1132
1436 1132
1436 1131
1435 1131
1435 1130
1432 1130
1432 1129
1430 1129
1430 1128
1429 1128
1429 1127
1427 1127
1427 1126
1425 1126
1425 1125
1424 1125
1424 1124
1422 1124
1422 1123
1420 1123
1420 1122
1419 1122
1419 1121
1418 1121
1418 1120
1415 1120
1415 1119
1413 1119
1413 1118
1411 1118
1411 1117
1405 1117
1405 1116
1402 1116
1402 1115
1401 1115
1401 1114
1397 1114
1397 1113
1393 1113
1393 1112
1377 1112
1377 1111
1373 1111
1373 1112
1362 1112
1362 1111
1357 1111
1357 1110
1352 1110
1352 1109
1347 1109
1347 1108
1343 1108
1343 1107
1339 1107
1339 1105
1337 1105
1337 1104
1336 1104
1336 1103
1333 1103
1333 1102
1331 1102
1331 1101
1329 1101
1329 1100
1328 1100
1328 1099
1324 1099
1324 1098
1322 1098
1322 1097
1319 1097
1319 1096
1318 1096
1318 1095
1317 1095
1317 1093
1316 1093
1316 1091
1315 1091
1315 1090
1313 1090
1313 1087
1312 1087
1312 1085
1311 1085
1311 1084
1310 1084
1310 1083
1306 1083
1306 1082
1304 1082
1304 1081
1302 1081
1302 1080
1301 1080
1301 1079
1300 1079
1300 1078
1299 1078
1299 1077
1297 1077
1297 1076
1296 1076
1296 1074
1295 1074
1295 1073
1294 1073
1294 1071
1293 1071
1293 1068
1292 1068
1292 1066
1290 1066
1290 1065
1287 1065
1287 1064
1286 1064
1286 1063
1284 1063
1284 1062
1283 1062
1283 1061
1281 1061
1281 1060
1275 1060
1275 1059
1270 1059
1270 1058
1262 1058
1262 1057
1258 1057
1258 1056
1255 1056
1255 1055
1254 1055
1254 1054
1251 1054
1251 1053
1250 1053
1250 1052
1249 1052
1249 1050
1248 1050
1248 1048
1247 1048
1247 1045
1246 1045
1246 1041
1245 1041
1245 1039
1244 1039
1244 1037
1243 1037
1243 1036
1242 1036
1242 1035
1241 1035
1241 1033
1240 1033
1240 1032
1239 1032
1239 1031
1238 1031
1238 1030
1237 1030
1237 1029
1234 1029
1234 1028
1232 1028
1232 1027
1230 1027
1230 1026
1229 1026
1229 1025
1227 1025
1227 1024
1226 1024
1226 1023
1225 1023
1225 1022
1223 1022
1223 1021
1222 1021
1222 1020
1215 1020
1215 1019
1212 1019
1212 1018
1210 1018
1210 1017
1209 1017
1209 1016
1207 1016
1207 1015
1205 1015
1205 1014
1204 1014
1204 1013
1203 1013
1203 1012
1202 1012
1202 1011
1201 1011
1201 1007
1200 1007
1200 1006
1199 1006
1199 1003
1198 1003
1198 999
1197 999
1197 997
1196 997
1196 996
1195 996
1195 995
1194 995
1194 994
1193 994
1193 993
1192 993
1192 992
1191 992
1191 989
1190 989
1190 986
1189 986
1189 984
1188 984
1188 982
1187 982
1187 980
1186 980
1186 979
1185 979
1185 977
1184 977
1184 975
1183 975
1183 972
1182 972
1182 971
1181 971
1181 970
1177 970
1177 969
1174 969
1174 968
1173 968
1173 967
1167 967
1167 966
1161 966
1161 965
1160 965
1160 964
1157 964
1157 963
1153 963
1153 962
1147 962
1147 961
1144 961
1144 960
1142 960
1142 959
1141 959
1141 958
1138 958
1138 957
1137 957
1137 956
1136 956
1136 955
1135 955
1135 954
1133 954
1133 953
1132 953
1132 951
1131 951
1131 950
1130 950
1130 948
1127 948
1127 947
1123 947
1123 946
1122 946
1122 945
1119 945
1119 944
1112 944
1112 943
1110 943
1110 942
1109 942
1109 941
1108 941
1108 940
1107 940
1107 939
1106 939
1106 938
1105 938
1105 937
1104 937
1104 935
1099 935
1099 934
1095 934
1095 933
1088 933
1088 934
1084 934
1084 933
1080 933
1080 932
1074 932
1074 931
1073 931
1073 930
1071 930
1071 929
1070 929
1070 928
1069 928
1069 927
1068 927
1068 926
1067 926
1067 924
1066 924
1066 921
1065 921
1065 916
1064 916
1064 915
1063 915
1063 914
1062 914
1062 913
1061 913
1061 912
1058 912
1058 911
1057 911
1057 910
1056 910
1056 909
1055 909
1055 907
1054 907
1054 902
1053 902
1053 899
1052 899
1052 897
1051 897
1051 896
1050 896
1050 895
1047 895
1047 894
1046 894
1046 893
1045 893
1045 892
1044 892
1044 891
1043 891
1043 885
1042 885
1042 882
1043 882
1043 877
1042 877
1042 876
1041 876
1041 872
1040 872
1040 869
1039 869
1039 868
1037 868
1037 867
1034 867
1034 866
1033 866
1033 865
1032 865
1032 864
1031 864
1031 863
1030 863
1030 862
1029 862
1029 861
1028 861
1028 860
1027 860
1027 859
1025 859
1025 858
1023 858
1023 857
1021 857
1021 856
1019 856
1019 855
1017 855
1017 854
1016 854
1016 852
1015 852
1015 848
1014 848
1014 842
1013 842
1013 838
1012 838
1012 837
1011 837
1011 836
1009 836
1009 835
1007 835
1007 834
1006 834
1006 833
1005 833
1005 832
1004 832
1004 831
1003 831
1003 830
1002 830
1002 827
1001 827
1001 805
1000 805
1000 797
999 797
999 794
998 794
998 793
973 793
973 792
965 792
965 791
963 791
963 790
959 790
959 789
957 789
957 788
955 788
955 787
954 787
954 786
952 786
952 785
949 785
949 784
946 784
946 783
945 783
945 782
943 782
943 781
942 781
942 780
941 780
941 776
940 776
940 770
939 770
939 767
938 767
938 766
935 766
935 762
934 762
934 761
933 761
933 756
931 756
931 755
929 755
929 754
928 754
928 753
927 753
927 752
926 752
926 750
925 750
925 746
924 746
924 743
923 743
923 741
922 741
922 742
921 742
921 741
920 741
920 740
919 740
919 738
917 738
917 737
916 737
916 736
915 736
915 735
914 735
914 731
913 731
913 730
912 730
912 729
910 729
910 728
909 728
909 727
908 727
908 726
906 726
906 725
905 725
905 723
904 723
904 722
903 722
903 716
904 716
904 722
905 722
905 723
906 723
906 725
908 725
908 726
909 726
909 727
910 727
910 728
912 728
912 729
913 729
913 730
914 730
914 731
915 731
915 735
916 735
916 736
917 736
917 737
919 737
919 738
920 738
920 740
921 740
921 741
922 741
922 740
923 740
923 741
924 741
924 743
925 743
925 746
926 746
926 750
927 750
927 752
928 752
928 753
929 753
929 754
931 754
931 755
933 755
933 756
934 756
934 761
935 761
935 762
936 762
936 765
938 765
938 766
939 766
939 767
940 767
940 770
941 770
941 776
942 776
942 780
943 780
943 781
945 781
945 782
946 782
946 783
949 783
949 784
952 784
952 785
954 785
954 786
955 786
955 787
957 787
957 788
959 788
959 789
963 789
963 790
965 790
965 791
973 791
973 792
998 792
998 793
999 793
999 794
1000 794
1000 797
1001 797
1001 805
1002 805
1002 827
1003 827
1003 830
1004 830
1004 831
1005 831
1005 832
1006 832
1006 833
1007 833
1007 834
1009 834
1009 835
1011 835
1011 836
1012 836
1012 837
1013 837
1013 838
1014 838
1014 842
1015 842
1015 848
1016 848
1016 852
1017 852
1017 854
1019 854
1019 855
1021 855
1021 856
1023 856
1023 857
1025 857
1025 858
1027 858
1027 859
1028 859
1028 860
1029 860
1029 861
1030 861
1030 862
1031 862
1031 863
1032 863
1032 864
1033 864
1033 865
1034 865
1034 866
1037 866
1037 867
1039 867
1039 868
1040 868
1040 869
1041 869
1041 872
1042 872
1042 876
1043 876
1043 877
1044 877
1044 882
1043 882
1043 885
1044 885
1044 891
1045 891
1045 892
1046 892
1046 893
1047 893
1047 894
1050 894
1050 895
1051 895
1051 896
1052 896
1052 897
1053 897
1053 899
1054 899
1054 902
1055 902
1055 907
1056 907
1056 909
1057 909
1057 910
1058 910
1058 911
1061 911
1061 912
1062 912
1062 913
1063 913
1063 914
1064 914
1064 915
1065 915
1065 916
1066 916
1066 921
1067 921
1067 924
1068 924
1068 926
1069 926
1069 927
1070 927
1070 928
1071 928
1071 929
1073 929
1073 930
1074 930
1074 931
1080 931
1080 932
1084 932
1084 933
1088 933
1088 932
1095 932
1095 933
1099 933
1099 934
1104 934
1104 935
1105 935
1105 937
1106 937
1106 938
1107 938
1107 939
1108 939
1108 940
1109 940
1109 941
1110 941
1110 942
1112 942
1112 943
1119 943
1119 944
1122 944
1122 945
1123 945
1123 946
1127 946
1127 947
1130 947
1130 948
1131 948
1131 950
1132 950
1132 951
1133 951
1133 953
1135 953
1135 954
1136 954
1136 955
1137 955
1137 956
1138 956
1138 957
1141 957
1141 958
1142 958
1142 959
1144 959
1144 960
1147 960
1147 961
1153 961
1153 962
1157 962
1157 963
1160 963
1160 964
1161 964
1161 965
1167 965
1167 966
1173 966
1173 967
1174 967
1174 968
1177 968
1177 969
1181 969
1181 970
1182 970
1182 971
1183 971
1183 972
1184 972
1184 975
1185 975
1185 977
1186 977
1186 979
1187 979
1187 980
1188 980
1188 982
1189 982
1189 984
1190 984
1190 986
1191 986
1191 989
1192 989
1192 992
1193 992
1193 993
1194 993
1194 994
1195 994
1195 995
1196 995
1196 996
1197 996
1197 997
1198 997
1198 999
1199 999
1199 1003
1200 1003
1200 1006
1201 1006
1201 1007
1202 1007
1202 1011
1203 1011
1203 1012
1204 1012
1204 1013
1205 1013
1205 1014
1207 1014
1207 1015
1209 1015
1209 1016
1210 1016
1210 1017
1212 1017
1212 1018
1215 1018
1215 1019
1222 1019
1222 1020
1223 1020
1223 1021
1225 1021
1225 1022
1226 1022
1226 1023
1227 1023
1227 1024
1229 1024
1229 1025
1230 1025
1230 1026
1232 1026
1232 1027
1234 1027
1234 1028
1237 1028
1237 1029
1238 1029
1238 1030
1239 1030
1239 1031
1240 1031
1240 1032
1241 1032
1241 1033
1242 1033
1242 1035
1243 1035
1243 1036
1244 1036
1244 1037
1245 1037
1245 1039
1246 1039
1246 1041
1247 1041
1247 1045
1248 1045
1248 1048
1249 1048
1249 1050
1250 1050
1250 1052
1251 1052
1251 1053
1254 1053
1254 1054
1255 1054
1255 1055
1258 1055
1258 1056
1262 1056
1262 1057
1270 1057
1270 1058
1275 1058
1275 1059
1281 1059
1281 1060
1283 1060
1283 1061
1284 1061
1284 1062
1286 1062
1286 1063
1287 1063
1287 1064
1290 1064
1290 1065
1292 1065
1292 1066
1293 1066
1293 1068
1294 1068
1294 1071
1295 1071
1295 1073
1296 1073
1296 1074
1297 1074
1297 1076
1299 1076
1299 1077
1300 1077
1300 1078
1301 1078
1301 1079
1302 1079
1302 1080
1304 1080
1304 1081
1306 1081
1306 1082
1310 1082
1310 1083
1311 1083
1311 1084
1312 1084
1312 1085
1313 1085
1313 1087
1314 1087
1314 1089
1315 1089
1315 1090
1316 1090
1316 1091
1317 1091
1317 1093
1318 1093
1318 1094
1319 1094
1319 1095
1320 1095
1320 1096
1322 1096
1322 1097
1324 1097
1324 1098
1328 1098
1328 1099
1329 1099
1329 1100
1331 1100
1331 1101
1333 1101
1333 1102
1336 1102
1336 1103
1337 1103
1337 1104
1339 1104
1339 1105
1340 1105
1340 1106
1343 1106
1343 1107
1347 1107
1347 1108
1352 1108
1352 1109
1357 1109
1357 1110
1362 1110
1362 1111
1373 1111
1373 1110
1377 1110
1377 1111
1393 1111
1393 1112
1397 1112
1397 1113
1401 1113
1401 1114
1402 1114
1402 1115
1405 1115
1405 1116
1411 1116
1411 1117
1413 1117
1413 1118
1415 1118
1415 1119
1418 1119
1418 1120
1419 1120
1419 1121
1420 1121
1420 1122
1422 1122
1422 1123
1424 1123
1424 1124
1425 1124
1425 1125
1427 1125
1427 1126
1429 1126
1429 1127
1430 1127
1430 1128
1432 1128
1432 1129
1435 1129
1435 1130
1436 1130
1436 1131
1438 1131
1438 1132
1440 1132
1440 1133
1442 1133
1442 1134
1443 1134
1443 1136
1444 1136
1444 1137
1445 1137
1445 1138
1447 1138
1447 1139
1449 1139
1449 1140
1452 1140
1452 1141
1454 1141
1454 1142
1456 1142
1456 1143
1457 1143
1457 1144
1458 1144
1458 1145
1459 1145
1459 1146
1460 1146
1460 1147
1461 1147
1461 1148
1463 1148
1463 1149
1464 1149
1464 1150
1465 1150
1465 1151
1466 1151
1466 1152
1467 1152
1467 1153
1468 1153
1468 1154
1469 1154
1469 1155
1471 1155
1471 1156
1472 1156
1472 1157
1474 1157
1474 1158
1476 1158
1476 1159
1478 1159
1478 1160
1480 1160
1480 1161
1483 1161
1483 1162
1486 1162
1486 1163
1487 1163
1487 1164
1488 1164
1488 1165
1492 1165
1492 1166
1493 1166
1493 1167
1495 1167
1495 1168
1497 1168
1497 1169
1498 1169
1498 1170
1501 1170
1501 1171
1502 1171
1502 1172
1503 1172
1503 1173
1506 1173
1506 1174
1507 1174
1507 1176
1510 1176
1510 1177
1514 1177
1514 1176
1516 1176
1516 1175
1518 1175
1518 1174
1519 1174
1519 1173
1520 1173
1520 1170
1521 1170
1521 1169
1522 1169
1522 1168
1526 1168
1526 1166
1527 1166
1527 1164
1528 1164
1528 1162
1529 1162
1529 1161
1530 1161
1530 1160
1531 1160
1531 1158
1532 1158
1532 1157
1534 1157
1534 1156
1538 1156
1538 1155
1539 1155
1539 1154
1540 1154
1540 1153
1541 1153
1541 1152
1543 1152
1543 1153
1544 1153
1544 1156
1545 1156
1545 1174
1546 1174
1546 1176
1547 1176
1547 1177
1548 1177
1548 1178
1549 1178
1549 1179
1550 1179
1550 1180
1551 1180
1551 1181
1552 1181
1552 1182
1553 1182
1553 1184
1554 1184
1554 1185
1555 1185
1555 1186
1556 1186
1556 1187
1557 1187
1557 1188
1560 1188
1560 1189
1565 1189
1565 1188
1579 1188
1579 1189
1584 1189
1584 1188
1596 1188
1596 1187
1601 1187
1601 1188
1603 1188
1603 1189
1609 1189
1609 1190
1612 1190
1612 1191
1613 1191
1613 1192
1615 1192
1615 1193
1618 1193
1618 1194
1624 1194
1624 1195
1626 1195
1626 1196
1628 1196
1628 1197
1633 1197
1633 1198
1636 1198
1636 1199
1637 1199
1637 1202
1638 1202
1638 1204
1639 1204
1639 1205
1641 1205
1641 1206
1642 1206
1642 1207
1644 1207
1644 1208
1647 1208
1647 1209
1649 1209
1649 1210
1651 1210
1651 1211
1652 1211
1652 1212
1653 1212
1653 1213
1655 1213
1655 1214
1663 1214
1663 1215
1664 1215
1664 1216
1676 1216
1676 1217
1678 1217
1678 1218
1679 1218
1679 1219
1681 1219
1681 1220
1684 1220
1684 1221
1688 1221
1688 1222
1690 1222
1690 1223
1691 1223
1691 1224
1692 1224
1692 1225
1694 1225
1694 1226
1697 1226
1697 1227
1702 1227
1702 1228
1710 1228
1710 1229
1714 1229
1714 1230
1716 1230
1716 1231
1717 1231
1717 1232
1718 1232
1718 1233
1719 1233
1719 1234
1722 1234
1722 1235
1723 1235
1723 1236
1724 1236
1724 1237
1727 1237
1727 1236
1730 1236
1730 1235
1731 1235
1731 1236
1734 1236
1734 1237
1738 1237
1738 1235
1739 1235
1739 1234
1740 1234
1740 1233
1742 1233
1742 1232
1757 1232
1757 1233
1758 1233
1758 1234
1759 1234
1759 1235
1760 1235
1760 1236
1761 1236
1761 1237
1762 1237
1762 1239
1763 1239
1763 1242
1764 1242
1764 1243
1765 1243
1765 1244
1769 1244
1769 1243
1776 1243
1776 1246
1777 1246
1777 1247
1778 1247
1778 1248
1779 1248
1779 1252
1785 1252
1785 1253
1788 1253
1788 1254
1790 1254
1790 1253
1794 1253
1794 1252
1796 1252
1796 1253
1808 1253
1808 1252
1828 1252
1828 1253
1831 1253
1831 1252
1834 1252
1834 1251
1837 1251
1837 1250
1841 1250
1841 1251
1856 1251
1856 1250
1860 1250
1860 1251
1863 1251
1863 1250
1864 1250
1864 1251
1869 1251
1869 1250
1871 1250
1871 1249
1872 1249
1872 1250
1879 1250
1879 1249
1882 1249
1882 1250
1883 1250
1883 1249
1890 1249
1890 1250
1906 1250
1906 1249
1929 1249
1929 1248
1936 1248
1936 1249
1943 1249
1943 1248
1947 1248
1947 1247
1948 1247
1948 1248
1950 1248
1950 1247
1951 1247
1951 1246
1952 1246
1952 1245
1953 1245
1953 1244
1954 1244
1954 1243
1957 1243
1957 1241
1958 1241
1958 1240
1960 1240
1960 1239
1961 1239
1961 1238
1962 1238
1962 1237
1963 1237
1963 1236
1964 1236
1964 1235
1966 1235
1966 1234
1967 1234
1967 1233
1969 1233
1969 1232
1970 1232
1970 1231
1971 1231
1971 1230
1973 1230
1973 1231
1974 1231
1974 1232
1975 1232
1975 1233
1976 1233
1976 1234
1977 1234
1977 1237
1978 1237
1978 1238
1979 1238
1979 1245
1980 1245
1980 1249
1981 1249
1981 1251
1982 1251
1982 1252
1990 1252
1990 1251
1992 1251
1992 1250
1993 1250
1993 1249
1994 1249
1994 1234
1995 1234
1995 1233
1996 1233
1996 1232
2007 1232
2007 1231
2008 1231
2008 1232
2018 1232
2018 1231
2022 1231
2022 1230
2031 1230
2031 1229
2045 1229
2045 1230
2047 1230
2047 1231
2049 1231
2049 1232
2050 1232
2050 1233
2051 1233
2051 1234
2053 1234
2053 1235
2055 1235
2055 1236
2056 1236
2056 1237
2070 1237
2070 1238
2074 1238
2074 1239
2076 1239
2076 1240
2084 1240
2084 1241
2088 1241
2088 1240
2092 1240
2092 1241
2093 1241
2093 1242
2095 1242
2095 1243
2101 1243
2101 1236
2100 1236
2100 1222
2101 1222
2101 1219
2102 1219
2102 1218
2103 1218
2103 1217
2106 1217
2106 1218
2107 1218
2107 1220
2108 1220
2108 1221
2109 1221
2109 1223
2110 1223
2110 1225
2111 1225
2111 1227
2112 1227
2112 1230
2113 1230
2113 1232
2114 1232
2114 1234
2115 1234
2115 1236
2116 1236
2116 1238
2117 1238
2117 1239
2118 1239
2118 1240
2119 1240
2119 1241
2120 1241
2120 1244
2121 1244
2121 1248
2122 1248
2122 1250
2123 1250
2123 1252
2124 1252
2124 1253
2125 1253
2125 1255
2126 1255
2126 1256
2127 1256
2127 1258
2128 1258
2128 1259
2129 1259
2129 1260
2135 1260
2135 1259
2137 1259
2137 1258
2142 1258
2142 1257
2146 1257
2146 1256
2148 1256
2148 1255
2149 1255
2149 1254
2150 1254
2150 1253
2155 1253
2155 1252
2158 1252
2158 1251
2160 1251
2160 1250
2161 1250
2161 1248
2162 1248
2162 1247
2164 1247
2164 1246
2166 1246
2166 1245
2168 1245
2168 1244
2169 1244
2169 1243
2170 1243
2170 1242
2171 1242
2171 1241
2172 1241
2172 1240
2174 1240
2174 1239
2177 1239
2177 1237
2178 1237
2178 1236
2179 1236
2179 1233
2183 1233
2183 1232
2184 1232
2184 1229
2185 1229
2185 1227
2186 1227
2186 1224
2187 1224
2187 1220
2188 1220
2188 1216
2189 1216
2189 1212
2190 1212
2190 1208
2191 1208
2191 1204
2192 1204
2192 1199
2193 1199
2193 1197
2198 1197
2198 1198
2202 1198
2202 1199
2209 1199
2209 1200
2215 1200
2215 1201
2218 1201
2218 1202
2219 1202
2219 1201
2222 1201
2222 1200
2223 1200
2223 1201
2232 1201
2232 1200
2233 1200
2233 1199
2235 1199
2235 1198
2240 1198
2240 1199
2258 1199
2258 1196
2259 1196
2259 1192
2260 1192
2260 1191
2265 1191
2265 1192
2270 1192
2270 1191
2272 1191
2272 1190
2274 1190
2274 1188
2275 1188
2275 1186
2276 1186
2276 1185
2277 1185
2277 1183
2278 1183
2278 1182
2279 1182
2279 1179
2280 1179
2280 1177
2281 1177
2281 1161
2282 1161
2282 1160
2309 1160
2309 1161
2314 1161
2314 1162
2315 1162
2315 1167
2316 1167
2316 1169
2317 1169
2317 1170
2319 1170
2319 1171
2325 1171
2325 1170
2326 1170
2326 1169
2327 1169
2327 1168
2328 1168
2328 1165
2329 1165
2329 1153
2330 1153
2330 1149
2331 1149
2331 1148
2332 1148
2332 1147
2333 1147
2333 1146
2334 1146
2334 1145
2336 1145
2336 1146
2340 1146
2340 1145
2342 1145
2342 1144
2343 1144
2343 1143
2344 1143
2344 1141
2345 1141
2345 1139
2346 1139
2346 1138
2347 1138
2347 1136
2348 1136
2348 1135
2349 1135
2349 1134
2350 1134
2350 1133
2351 1133
2351 1132
2352 1132
2352 1131
2353 1131
2353 1130
2354 1130
2354 1129
2355 1129
2355 1127
2356 1127
2356 1125
2357 1125
2357 1122
2358 1122
2358 1121
2359 1121
2359 1114
2360 1114
2360 1110
2361 1110
2361 1106
2362 1106
2362 1103
2363 1103
2363 1100
2364 1100
2364 1097
2365 1097
2365 1085
2366 1085
2366 1078
2367 1078
2367 1076
2373 1076
2373 1077
2377 1077
2377 1078
2378 1078
2378 1079
2380 1079
2380 1080
2384 1080
2384 1081
2386 1081
2386 1082
2389 1082
2389 1083
2390 1083
2390 1084
2391 1084
2391 1085
2392 1085
2392 1086
2393 1086
2393 1088
2394 1088
2394 1089
2395 1089
2395 1091
2396 1091
2396 1094
2397 1094
2397 1097
2398 1097
2398 1102
2397 1102
2397 1103
2398 1103
2398 1107
2399 1107
2399 1109
2400 1109
2400 1110
2401 1110
2401 1111
2403 1111
2403 1112
2405 1112
2405 1113
2407 1113
2407 1114
2410 1114
2410 1115
2418 1115
2418 1116
2421 1116
2421 1115
2422 1115
2422 1114
2425 1114
2425 1113
2427 1113
2427 1112
2428 1112
2428 1111
2430 1111
2430 1110
2431 1110
2431 1109
2432 1109
2432 1108
2433 1108
2433 1107
2434 1107
2434 1106
2435 1106
2435 1104
2436 1104
2436 1103
2437 1103
2437 1102
2438 1102
2438 1100
2439 1100
2439 1098
2440 1098
2440 1097
2441 1097
2441 1096
2442 1096
2442 1095
2444 1095
2444 1092
2445 1092
2445 1090
2446 1090
2446 1088
2447 1088
2447 1087
2448 1087
2448 1086
2449 1086
2449 1085
2450 1085
2450 1084
2452 1084
2452 1083
2453 1083
2453 1082
2454 1082
2454 1081
2456 1081
2456 1080
2457 1080
2457 1079
2458 1079
2458 1078
2459 1078
2459 1077
2460 1077
2460 1076
2461 1076
2461 1075
2462 1075
2462 1074
2464 1074
2464 1073
2465 1073
2465 1072
2466 1072
2466 1071
2467 1071
2467 1070
2468 1070
2468 1069
2469 1069
2469 1068
2470 1068
2470 1067
2471 1067
2471 1066
2472 1066
2472 1065
2474 1065
2474 1064
2476 1064
2476 1063
2478 1063
2478 1062
2479 1062
2479 1061
2481 1061
2481 1060
2482 1060
2482 1057
2483 1057
2483 1056
2484 1056
2484 1055
2485 1055
2485 1054
2486 1054
2486 1053
2487 1053
2487 1050
2488 1050
2488 1049
2489 1049
2489 1048
2490 1048
2490 1045
2491 1045
2491 1043
2492 1043
2492 1042
2493 1042
2493 1039
2494 1039
2494 1036
2495 1036
2495 1032
2496 1032
2496 1019
2497 1019
2497 1013
2498 1013
2498 1008
2499 1008
2499 1007
2500 1007
2500 1006
2501 1006
2501 1005
2509 1005
2509 1006
2510 1006
2510 1007
2516 1007
2516 1006
2517 1006
2517 1005
2518 1005
2518 1004
2520 1004
2520 1003
2523 1003
2523 1002
2546 1002
2546 1001
2551 1001
2551 999
2556 999
2556 997
2561 997
2561 996
2565 996
2565 995
2566 995
2566 994
2567 994
2567 993
2568 993
2568 992
2571 992
2571 991
2573 991
2573 990
2580 990
2580 989
2583 989
2583 988
2584 988
2584 987
2586 987
2586 986
2588 986
2588 985
2590 985
2590 984
2592 984
2592 983
2593 983
2593 982
2594 982
2594 981
2597 981
2597 980
2599 980
2599 979
2600 979
2600 978
2601 978
2601 977
2602 977
2602 976
2603 976
2603 974
2604 974
2604 972
2605 972
2605 969
2606 969
2606 967
2607 967
2607 965
2608 965
2608 963
2609 963
2609 961
2610 961
2610 958
2611 958
2611 953
2612 953
2612 948
2613 948
2613 944
2614 944
2614 941
2615 941
2615 939
2616 939
2616 937
2617 937
2617 934
2618 934
2618 930
2619 930
2619 927
2620 927
2620 926
2621 926
2621 925
2623 925
2623 924
2624 924
2624 923
2625 923
2625 922
2628 922
2628 921
2630 921
2630 920
2640 920
2640 921
2649 921
2649 922
2650 922
2650 921
2651 921
2651 916
2650 916
2650 914
2651 914
2651 913
2652 913
2652 912
2655 912
2655 911
2656 911
2656 910
2664 910
2664 911
2667 911
2667 912
2673 912
2673 913
2677 913
2677 908
2678 908
2678 907
2679 907
2679 906
2680 906
2680 905
2681 905
2681 904
2682 904
2682 903
2684 903
2684 902
2685 902
2685 901
2686 901
2686 899
2687 899
2687 897
2688 897
2688 894
2689 894
2689 893
2690 893
2690 892
2691 892
2691 891
2692 891
2692 890
2693 890
2693 889
2695 889
2695 888
2696 888
2696 887
2697 887
2697 886
2699 886
2699 885
2701 885
2701 884
2703 884
2703 883
2707 883
2707 882
2710 882
2710 881
2712 881
2712 880
2714 880
2714 879
2715 879
2715 878
2716 878
2716 877
2718 877
2718 876
2719 876
2719 875
2720 875
2720 874
2721 874
2721 873
2723 873
2723 872
2730 872
2730 873
2732 873
2732 872
2735 872
2735 871
2738 871
2738 872
2748 872
2748 873
2750 873
2750 874
2754 874
2754 875
2757 875
2757 874
2773 874
2773 875
2757 875
2757 876
2754 876
2754 875
2750 875
2750 874
2748 874
2748 873
2738 873
2738 872
2735 872
2735 873
2732 873
2732 874
2729 874
2729 873
2723 873
2723 874
2721 874
2721 875
2720 875
2720 876
2719 876
2719 877
2718 877
2718 878
2716 878
2716 879
2715 879
2715 880
2714 880
2714 881
2712 881
2712 882
2710 882
2710 883
2707 883
2707 884
2703 884
2703 885
2701 885
2701 886
2699 886
2699 887
2697 887
2697 888
2696 888
2696 889
2695 889
2695 890
2693 890
2693 891
2692 891
2692 892
2691 892
2691 893
2690 893
2690 894
2689 894
2689 897
2688 897
2688 899
2687 899
2687 901
2686 901
2686 902
2685 902
2685 903
2684 903
2684 904
2682 904
2682 905
2681 905
2681 906
2680 906
2680 907
2679 907
2679 908
2678 908
2678 914
2673 914
2673 913
2667 913
2667 912
2664 912
2664 911
2656 911
2656 912
2655 912
2655 913
2652 913
2652 914
2651 914
2651 916
2652 916
2652 922
2650 922
2650 923
2649 923
2649 922
2640 922
2640 921
2630 921
2630 922
2628 922
2628 923
2625 923
2625 924
2624 924
2624 925
2623 925
2623 926
2621 926
2621 927
2620 927
2620 930
2619 930
2619 934
2618 934
2618 937
2617 937
2617 939
2616 939
2616 941
2615 941
2615 944
2614 944
2614 948
2613 948
2613 953
2612 953
2612 958
2611 958
2611 961
2610 961
2610 963
2609 963
2609 965
2608 965
2608 967
2607 967
2607 969
2606 969
2606 972
2605 972
2605 974
2604 974
2604 976
2603 976
2603 977
2602 977
2602 978
2601 978
2601 979
2600 979
2600 980
2599 980
2599 981
2597 981
2597 982
2594 982
2594 983
2593 983
2593 985
2590 985
2590 986
2588 986
2588 987
2586 987
2586 988
2584 988
2584 989
2583 989
2583 990
2580 990
2580 991
2573 991
2573 992
2571 992
2571 993
2568 993
2568 994
2567 994
2567 995
2566 995
2566 996
2565 996
2565 997
2561 997
2561 998
2557 998
2557 999
2556 999
2556 1000
2552 1000
2552 1001
2551 1001
2551 1002
2546 1002
2546 1003
2523 1003
2523 1004
2520 1004
2520 1005
2518 1005
2518 1006
2517 1006
2517 1007
2516 1007
2516 1008
2510 1008
2510 1007
2509 1007
2509 1006
2501 1006
2501 1007
2500 1007
2500 1008
2499 1008
2499 1013
2498 1013
2498 1019
2497 1019
2497 1032
2496 1032
2496 1036
2495 1036
2495 1039
2494 1039
2494 1042
2493 1042
2493 1043
2492 1043
2492 1045
2491 1045
2491 1048
2490 1048
2490 1049
2489 1049
2489 1050
2488 1050
2488 1053
2487 1053
2487 1054
2486 1054
2486 1055
2485 1055
2485 1056
2484 1056
2484 1057
2483 1057
2483 1060
2482 1060
2482 1061
2481 1061
2481 1062
2479 1062
2479 1063
2478 1063
2478 1064
2476 1064
2476 1065
2474 1065
2474 1066
2472 1066
2472 1067
2471 1067
2471 1068
2470 1068
2470 1069
2469 1069
2469 1070
2468 1070
2468 1071
2467 1071
2467 1072
2466 1072
2466 1073
2465 1073
2465 1074
2464 1074
2464 1075
2462 1075
2462 1076
2461 1076
2461 1077
2460 1077
2460 1078
2459 1078
2459 1079
2458 1079
2458 1080
2457 1080
2457 1081
2456 1081
2456 1082
2454 1082
2454 1083
2453 1083
2453 1084
2452 1084
2452 1085
2450 1085
2450 1086
2449 1086
2449 1087
2448 1087
2448 1088
2447 1088
2447 1090
2446 1090
2446 1092
2445 1092
2445 1095
2444 1095
2444 1096
2442 1096
2442 1097
2441 1097
2441 1098
2440 1098
2440 1100
2439 1100
2439 1102
2438 1102
2438 1103
2437 1103
2437 1104
2436 1104
2436 1106
2435 1106
2435 1107
2434 1107
2434 1108
2433 1108
2433 1109
2432 1109
2432 1110
2431 1110
2431 1111
2430 1111
2430 1112
2428 1112
2428 1113
2427 1113
2427 1114
2425 1114
2425 1115
2422 1115
2422 1117
2418 1117
2418 1116
2410 1116
2410 1115
2407 1115
2407 1114
2405 1114
2405 1113
2403 1113
2403 1112
2401 1112
2401 1111
2400 1111
2400 1110
2399 1110
2399 1109
2398 1109
2398 1107
2397 1107
2397 1103
2396 1103
2396 1102
2397 1102
2397 1097
2396 1097
2396 1094
2395 1094
2395 1091
2394 1091
2394 1089
2393 1089
2393 1088
2392 1088
2392 1086
2391 1086
2391 1085
2390 1085
2390 1084
2389 1084
2389 1083
2386 1083
2386 1082
2384 1082
2384 1081
2380 1081
2380 1080
2378 1080
2378 1079
2377 1079
2377 1078
2373 1078
2373 1077
2368 1077
2368 1078
2367 1078
2367 1085
2366 1085
2366 1098
2365 1098
2365 1101
2364 1101
2364 1104
2363 1104
2363 1107
2362 1107
2362 1111
2361 1111
2361 1115
2360 1115
2360 1121
2359 1121
2359 1122
2358 1122
2358 1125
2357 1125
2357 1127
2356 1127
2356 1129
2355 1129
2355 1130
2354 1130
2354 1131
2353 1131
2353 1132
2352 1132
2352 1133
2351 1133
2351 1134
2350 1134
2350 1135
2349 1135
2349 1136
2348 1136
2348 1138
2347 1138
2347 1139
2346 1139
2346 1141
2345 1141
2345 1143
2344 1143
2344 1144
2343 1144
2343 1145
2342 1145
2342 1146
2340 1146
2340 1147
2336 1147
2336 1146
2334 1146
2334 1147
2333 1147
2333 1148
2332 1148
2332 1149
2331 1149
2331 1153
2330 1153
2330 1165
2329 1165
2329 1168
2328 1168
2328 1169
2327 1169
2327 1170
2326 1170
2326 1171
2325 1171
2325 1172
2319 1172
2319 1171
2317 1171
2317 1170
2316 1170
2316 1169
2315 1169
2315 1167
2314 1167
2314 1162
2309 1162
2309 1161
2282 1161
2282 1177
2281 1177
2281 1179
2280 1179
2280 1182
2279 1182
2279 1183
2278 1183
2278 1185
2277 1185
2277 1186
2276 1186
2276 1188
2275 1188
2275 1190
2274 1190
2274 1191
2272 1191
2272 1192
2270 1192
2270 1193
2265 1193
2265 1192
2260 1192
2260 1196
2259 1196
2259 1199
2258 1199
2258 1200
2240 1200
2240 1199
2235 1199
2235 1200
2233 1200
2233 1201
2232 1201
2232 1202
2223 1202
2223 1201
2222 1201
2222 1202
2219 1202
2219 1203
2218 1203
2218 1202
2215 1202
2215 1201
2209 1201
2209 1200
2202 1200
2202 1199
2198 1199
2198 1198
2194 1198
2194 1199
2193 1199
2193 1204
2192 1204
2192 1208
2191 1208
2191 1212
2190 1212
2190 1216
2189 1216
2189 1220
2188 1220
2188 1224
2187 1224
2187 1227
2186 1227
2186 1229
2185 1229
2185 1232
2184 1232
2184 1233
2183 1233
2183 1234
2180 1234
2180 1236
2179 1236
2179 1237
2178 1237
2178 1239
2177 1239
2177 1240
2174 1240
2174 1241
2172 1241
2172 1242
2171 1242
2171 1243
2170 1243
2170 1245
2168 1245
2168 1246
2166 1246
2166 1247
2164 1247
2164 1248
2162 1248
2162 1251
2160 1251
2160 1252
2158 1252
2158 1253
2155 1253
