3423 405
3422 405
3422 406
3420 406
3420 407
3417 407
3417 408
3416 408
3416 409
3415 409
3415 410
3414 410
3414 411
3413 411
3413 412
3408 412
3408 413
3407 413
3407 423
3406 423
3406 434
3405 434
3405 435
3404 435
3404 436
3403 436
3403 437
3402 437
3402 438
3400 438
3400 439
3398 439
3398 440
3393 440
3393 441
3391 441
3391 442
3389 442
3389 443
3388 443
3388 444
3385 444
3385 445
3384 445
3384 446
3383 446
3383 448
3382 448
3382 449
3381 449
3381 450
3380 450
3380 451
3378 451
3378 452
3375 452
3375 453
3373 453
3373 454
3372 454
3372 455
3370 455
3370 456
3369 456
3369 457
3368 457
3368 458
3366 458
3366 459
3365 459
3365 460
3364 460
3364 461
3363 461
3363 463
3362 463
3362 464
3361 464
3361 465
3360 465
3360 466
3359 466
3359 467
3358 467
3358 468
3357 468
3357 469
3356 469
3356 470
3355 470
3355 471
3354 471
3354 472
3347 472
3347 473
3345 473
3345 474
3344 474
3344 475
3343 475
3343 476
3341 476
3341 477
3338 477
3338 478
3337 478
3337 479
3336 479
3336 480
3335 480
3335 481
3334 481
3334 483
3333 483
3333 484
3332 484
3332 485
3331 485
3331 486
3329 486
3329 487
3325 487
3325 488
3321 488
3321 489
3319 489
3319 490
3318 490
3318 491
3317 491
3317 492
3312 492
3312 493
3310 493
3310 494
3309 494
3309 495
3308 495
3308 496
3307 496
3307 497
3306 497
3306 498
3305 498
3305 499
3299 499
3299 500
3298 500
3298 501
3297 501
3297 502
3296 502
3296 503
3295 503
3295 504
3293 504
3293 505
3286 505
3286 506
3284 506
3284 507
3283 507
3283 508
3281 508
3281 509
3280 509
3280 510
3279 510
3279 511
3274 511
3274 513
3273 513
3273 515
3272 515
3272 516
3271 516
3271 517
3269 517
3269 518
3268 518
3268 520
3267 520
3267 521
3266 521
3266 522
3263 522
3263 523
3262 523
3262 524
3261 524
3261 525
3260 525
3260 526
3259 526
3259 527
3258 527
3258 528
3256 528
3256 529
3255 529
3255 530
3254 530
3254 531
3250 531
3250 532
3249 532
3249 533
3248 533
3248 534
3247 534
3247 535
3245 535
3245 536
3244 536
3244 537
3243 537
3243 538
3238 538
3238 537
3237 537
3237 538
3232 538
3232 539
3227 539
3227 540
3225 540
3225 541
3224 541
3224 542
3221 542
3221 543
3216 543
3216 544
3206 544
3206 543
3205 543
3205 542
3203 542
3203 541
3200 541
3200 542
3198 542
3198 543
3197 543
3197 544
3195 544
3195 545
3189 545
3189 544
3188 544
3188 545
3186 545
3186 546
3182 546
3182 547
3176 547
3176 548
3173 548
3173 549
3171 549
3171 550
3170 550
3170 551
3169 551
3169 552
3168 552
3168 553
3167 553
3167 554
3165 554
3165 555
3164 555
3164 556
3163 556
3163 557
3161 557
3161 558
3157 558
3157 559
3142 559
3142 560
3141 560
3141 583
3140 583
3140 590
3139 590
3139 591
3138 591
3138 592
3137 592
3137 593
3130 593
3130 594
3129 594
3129 595
3128 595
3128 596
3127 596
3127 597
3125 597
3125 598
3122 598
3122 599
3119 599
3119 600
3117 600
3117 601
3116 601
3116 602
3115 602
3115 603
3114 603
3114 604
3112 604
3112 605
3109 605
3109 606
3104 606
3104 607
3102 607
3102 608
3099 608
3099 609
3093 609
3093 610
3091 610
3091 611
3090 611
3090 612
3089 612
3089 613
3088 613
3088 614
3082 614
3082 615
3081 615
3081 616
3080 616
3080 617
3079 617
3079 618
3077 618
3077 619
3076 619
3076 620
3069 620
3069 621
3067 621
3067 622
3066 622
3066 623
3063 623
3063 624
3058 624
3058 625
3057 625
3057 633
3056 633
3056 636
3055 636
3055 637
3054 637
3054 638
3052 638
3052 639
3050 639
3050 640
3049 640
3049 641
3047 641
3047 642
3046 642
3046 643
3045 643
3045 646
3044 646
3044 650
3043 650
3043 651
3041 651
3041 654
3040 654
3040 655
3039 655
3039 656
3038 656
3038 657
3037 657
3037 659
3033 659
3033 660
3031 660
3031 661
3030 661
3030 662
3029 662
3029 663
3028 663
3028 664
3023 664
3023 665
3022 665
3022 666
3021 666
3021 668
3020 668
3020 669
3019 669
3019 670
3018 670
3018 671
3016 671
3016 672
3011 672
3011 673
3009 673
3009 675
3008 675
3008 676
3007 676
3007 677
3006 677
3006 678
3005 678
3005 679
3002 679
3002 680
2998 680
2998 681
2997 681
2997 682
2996 682
2996 683
2995 683
2995 684
2994 684
2994 685
2993 685
2993 686
2992 686
2992 688
2991 688
2991 689
2990 689
2990 690
2989 690
2989 691
2986 691
2986 692
2985 692
2985 693
2984 693
2984 694
2983 694
2983 695
2982 695
2982 696
2980 696
2980 697
2976 697
2976 698
2974 698
2974 699
2973 699
2973 700
2972 700
2972 702
2971 702
2971 703
2970 703
2970 704
2969 704
2969 705
2959 705
2959 706
2957 706
2957 707
2953 707
2953 708
2950 708
2950 709
2949 709
2949 710
2948 710
2948 711
2946 711
2946 712
2945 712
2945 713
2944 713
2944 714
2941 714
2941 715
2939 715
2939 716
2938 716
2938 717
2937 717
2937 719
2936 719
2936 720
2935 720
2935 723
2934 723
2934 724
2933 724
2933 725
2932 725
2932 726
2931 726
2931 727
2930 727
2930 728
2929 728
2929 729
2928 729
2928 730
2927 730
2927 731
2926 731
2926 733
2925 733
2925 735
2924 735
2924 736
2922 736
2922 738
2921 738
2921 739
2920 739
2920 740
2905 740
2905 739
2903 739
2903 738
2899 738
2899 737
2895 737
2895 736
2892 736
2892 735
2890 735
2890 734
2889 734
2889 733
2888 733
2888 732
2887 732
2887 731
2886 731
2886 730
2881 730
2881 729
2879 729
2879 728
2873 728
2873 729
2870 729
2870 730
2869 730
2869 733
2868 733
2868 736
2867 736
2867 737
2866 737
2866 738
2865 738
2865 739
2864 739
2864 741
2863 741
2863 742
2862 742
2862 743
2860 743
2860 744
2854 744
2854 745
2850 745
2850 746
2848 746
2848 747
2847 747
2847 748
2838 748
2838 749
2837 749
2837 750
2836 750
2836 751
2834 751
2834 752
2831 752
2831 751
2826 751
2826 752
2823 752
2823 753
2812 753
2812 754
2811 754
2811 755
2810 755
2810 756
2809 756
2809 757
2806 757
2806 758
2804 758
2804 759
2803 759
2803 760
2801 760
2801 761
2799 761
2799 762
2793 762
2793 763
2791 763
2791 764
2790 764
2790 765
2789 765
2789 766
2787 766
2787 767
2785 767
2785 768
2774 768
2774 769
2773 769
2773 770
2772 770
2772 771
2771 771
2771 773
2770 773
2770 774
2769 774
2769 775
2768 775
2768 776
2766 776
2766 777
2762 777
2762 778
2758 778
2758 779
2757 779
2757 780
2756 780
2756 781
2755 781
2755 782
2754 782
2754 783
2752 783
2752 784
2750 784
2750 785
2748 785
2748 786
2747 786
2747 787
2746 787
2746 788
2745 788
2745 789
2744 789
2744 790
2743 790
2743 791
2742 791
2742 792
2738 792
2738 793
2733 793
2733 794
2732 794
2732 796
2731 796
2731 797
2730 797
2730 798
2729 798
2729 799
2724 799
2724 800
2720 800
2720 801
2719 801
2719 802
2716 802
2716 803
2708 803
2708 804
2707 804
2707 805
2703 805
2703 806
2700 806
2700 810
2701 810
2701 817
2702 817
2702 821
2701 821
2701 822
2699 822
2699 823
2690 823
2690 824
2688 824
2688 825
2687 825
2687 826
2686 826
2686 827
2682 827
2682 828
2681 828
2681 829
2682 829
2682 838
2681 838
2681 839
2680 839
2680 840
2679 840
2679 841
2677 841
2677 842
2676 842
2676 843
2675 843
2675 844
2674 844
2674 845
2671 845
2671 846
2670 846
2670 847
2669 847
2669 848
2667 848
2667 849
2666 849
2666 850
2662 850
2662 849
2661 849
2661 848
2660 848
2660 846
2659 846
2659 844
2658 844
2658 840
2657 840
2657 838
2656 838
2656 836
2655 836
2655 833
2654 833
2654 825
2655 825
2655 823
2654 823
2654 816
2653 816
2653 812
2649 812
2649 811
2638 811
2638 812
2636 812
2636 813
2635 813
2635 814
2634 814
2634 816
2633 816
2633 817
2626 817
2626 818
2623 818
2623 819
2621 819
2621 820
2619 820
2619 821
2617 821
2617 822
2616 822
2616 823
2603 823
2603 824
2600 824
2600 825
2597 825
2597 826
2594 826
2594 827
2591 827
2591 828
2589 828
2589 829
2586 829
2586 830
2580 830
2580 831
2576 831
2576 830
2574 830
2574 829
2573 829
2573 828
2572 828
2572 827
2571 827
2571 826
2569 826
2569 825
2566 825
2566 824
2564 824
2564 823
2560 823
2560 822
2556 822
2556 821
2544 821
2544 822
2543 822
2543 823
2542 823
2542 824
2540 824
2540 825
2537 825
2537 826
2534 826
2534 827
2533 827
2533 828
2532 828
2532 829
2531 829
2531 830
2530 830
2530 831
2527 831
2527 832
2525 832
2525 833
2524 833
2524 834
2523 834
2523 835
2522 835
2522 836
2521 836
2521 837
2520 837
2520 838
2519 838
2519 839
2518 839
2518 840
2517 840
2517 841
2515 841
2515 842
2503 842
2503 843
2502 843
2502 845
2501 845
2501 846
2500 846
2500 847
2499 847
2499 849
2498 849
2498 850
2497 850
2497 851
2496 851
2496 852
2494 852
2494 853
2491 853
2491 854
2489 854
2489 855
2485 855
2485 856
2483 856
2483 857
2481 857
2481 858
2480 858
2480 859
2479 859
2479 861
2478 861
2478 862
2477 862
2477 864
2476 864
2476 865
2475 865
2475 866
2474 866
2474 867
2471 867
2471 868
2467 868
2467 869
2464 869
2464 870
2462 870
2462 871
2461 871
2461 872
2460 872
2460 873
2458 873
2458 874
2457 874
2457 875
2456 875
2456 876
2455 876
2455 877
2453 877
2453 878
2448 878
2448 877
2439 877
2439 878
2437 878
2437 879
2436 879
2436 880
2435 880
2435 881
2434 881
2434 883
2433 883
2433 884
2431 884
2431 885
2430 885
2430 886
2428 886
2428 887
2427 887
2427 888
2426 888
2426 889
2425 889
2425 890
2423 890
2423 891
2421 891
2421 892
2420 892
2420 893
2417 893
2417 894
2416 894
2416 896
2415 896
2415 898
2414 898
2414 900
2412 900
2412 901
2410 901
2410 902
2405 902
2405 901
2400 901
2400 900
2398 900
2398 899
2397 899
2397 898
2396 898
2396 896
2395 896
2395 895
2394 895
2394 892
2393 892
2393 887
2394 887
2394 885
2393 885
2393 881
2392 881
2392 880
2388 880
2388 879
2387 879
2387 878
2385 878
2385 877
2383 877
2383 876
2382 876
2382 875
2381 875
2381 874
2379 874
2379 873
2378 873
2378 872
2377 872
2377 871
2376 871
2376 867
2375 867
2375 865
2374 865
2374 862
2373 862
2373 851
2372 851
2372 849
2371 849
2371 848
2368 848
2368 847
2364 847
2364 848
2357 848
2357 849
2354 849
2354 850
2352 850
2352 851
2351 851
2351 852
2350 852
2350 853
2349 853
2349 854
2348 854
2348 855
2347 855
2347 856
2346 856
2346 857
2345 857
2345 861
2344 861
2344 866
2343 866
2343 868
2342 868
2342 871
2341 871
2341 873
2340 873
2340 874
2339 874
2339 878
2338 878
2338 879
2337 879
2337 881
2336 881
2336 888
2337 888
2337 892
2336 892
2336 894
2335 894
2335 896
2334 896
2334 897
2333 897
2333 898
2332 898
2332 899
2331 899
2331 900
2330 900
2330 902
2329 902
2329 903
2328 903
2328 904
2322 904
2322 905
2317 905
2317 906
2315 906
2315 907
2313 907
2313 908
2307 908
2307 907
2304 907
2304 906
2296 906
2296 907
2285 907
2285 908
2282 908
2282 907
2276 907
2276 906
2269 906
2269 905
2266 905
2266 904
2265 904
2265 903
2264 903
2264 902
2263 902
2263 901
2261 901
2261 900
2260 900
2260 899
2259 899
2259 898
2258 898
2258 897
2257 897
2257 894
2256 894
2256 891
2255 891
2255 888
2254 888
2254 886
2253 886
2253 884
2252 884
2252 883
2251 883
2251 882
2250 882
2250 881
2239 881
2239 880
2237 880
2237 881
2232 881
2232 882
2227 882
2227 881
2219 881
2219 882
2211 882
2211 883
2201 883
2201 884
2199 884
2199 885
2197 885
2197 886
2196 886
2196 887
2194 887
2194 888
2192 888
2192 889
2186 889
2186 890
2184 890
2184 891
2183 891
2183 892
2175 892
2175 893
2173 893
2173 894
2172 894
2172 895
2170 895
2170 896
2169 896
2169 897
2168 897
2168 898
2167 898
2167 899
2166 899
2166 900
2165 900
2165 901
2162 901
2162 902
2160 902
2160 903
2157 903
2157 904
2144 904
2144 902
2143 902
2143 901
2141 901
2141 900
2139 900
2139 899
2138 899
2138 898
2137 898
2137 897
2135 897
2135 896
2128 896
2128 895
2120 895
2120 894
2117 894
2117 893
2112 893
2112 892
2075 892
2075 893
2071 893
2071 892
2053 892
2053 891
2049 891
2049 890
2036 890
2036 889
2031 889
2031 888
2024 888
2024 889
2018 889
2018 888
2006 888
2006 887
2004 887
2004 886
2001 886
2001 885
1996 885
1996 886
1984 886
1984 887
1971 887
1971 886
1968 886
1968 885
1966 885
1966 884
1965 884
1965 883
1963 883
1963 882
1954 882
1954 881
1947 881
1947 880
1930 880
1930 879
1920 879
1920 878
1919 878
1919 879
1914 879
1914 880
1901 880
1901 879
1899 879
1899 878
1897 878
1897 877
1895 877
1895 876
1892 876
1892 875
1879 875
1879 874
1877 874
1877 873
1875 873
1875 872
1874 872
1874 871
1873 871
1873 869
1872 869
1872 868
1871 868
1871 867
1870 867
1870 866
1869 866
1869 865
1867 865
1867 864
1865 864
1865 863
1854 863
1854 862
1849 862
1849 863
1830 863
1830 862
1819 862
1819 861
1817 861
1817 860
1815 860
1815 859
1813 859
1813 858
1811 858
1811 857
1808 857
1808 856
1804 856
1804 855
1802 855
1802 854
1798 854
1798 853
1797 853
1797 852
1791 852
1791 851
1787 851
1787 850
1783 850
1783 849
1780 849
1780 848
1776 848
1776 847
1772 847
1772 846
1770 846
1770 845
1768 845
1768 844
1764 844
1764 843
1763 843
1763 842
1761 842
1761 841
1755 841
1755 840
1751 840
1751 839
1748 839
1748 838
1746 838
1746 837
1744 837
1744 836
1743 836
1743 835
1740 835
1740 834
1721 834
1721 835
1718 835
1718 836
1714 836
1714 837
1712 837
1712 838
1700 838
1700 837
1697 837
1697 836
1696 836
1696 835
1694 835
1694 834
1693 834
1693 833
1692 833
1692 832
1691 832
1691 828
1689 828
1689 827
1686 827
1686 826
1680 826
1680 827
1671 827
1671 826
1669 826
1669 825
1668 825
1668 824
1667 824
1667 823
1666 823
1666 822
1665 822
1665 820
1648 820
1648 819
1642 819
1642 818
1625 818
1625 817
1622 817
1622 816
1615 816
1615 815
1602 815
1602 816
1595 816
1595 817
1594 817
1594 818
1591 818
1591 819
1590 819
1590 821
1579 821
1579 822
1575 822
1575 823
1574 823
1574 825
1573 825
1573 826
1568 826
1568 825
1562 825
1562 826
1559 826
1559 825
1552 825
1552 824
1551 824
1551 823
1546 823
1546 822
1545 822
1545 821
1541 821
1541 820
1536 820
1536 819
1534 819
1534 818
1526 818
1526 817
1525 817
1525 816
1518 816
1518 815
1516 815
1516 814
1515 814
1515 813
1507 813
1507 812
1504 812
1504 811
1500 811
1500 810
1497 810
1497 809
1495 809
1495 808
1493 808
1493 807
1492 807
1492 806
1491 806
1491 805
1490 805
1490 804
1489 804
1489 803
1488 803
1488 802
1487 802
1487 799
1486 799
1486 795
1485 795
1485 794
1484 794
1484 793
1474 793
1474 794
1473 794
1473 793
1469 793
1469 794
1468 794
1468 795
1467 795
1467 807
1457 807
1457 808
1454 808
1454 809
1452 809
1452 810
1451 810
1451 811
1449 811
1449 812
1448 812
1448 813
1446 813
1446 814
1441 814
1441 816
1440 816
1440 817
1437 817
1437 818
1435 818
1435 819
1430 819
1430 820
1417 820
1417 821
1408 821
1408 820
1406 820
1406 819
1404 819
1404 818
1403 818
1403 817
1402 817
1402 816
1401 816
1401 815
1400 815
1400 814
1395 814
1395 812
1394 812
1394 809
1393 809
1393 808
1392 808
1392 807
1391 807
1391 806
1390 806
1390 805
1389 805
1389 804
1388 804
1388 802
1387 802
1387 801
1386 801
1386 799
1385 799
1385 798
1384 798
1384 797
1383 797
1383 796
1371 796
1371 795
1369 795
1369 794
1367 794
1367 793
1365 793
1365 792
1362 792
1362 791
1360 791
1360 790
1353 790
1353 789
1351 789
1351 788
1349 788
1349 787
1348 787
1348 786
1345 786
1345 785
1337 785
1337 786
1336 786
1336 787
1335 787
1335 789
1334 789
1334 790
1333 790
1333 791
1332 791
1332 793
1331 793
1331 794
1330 794
1330 795
1329 795
1329 796
1328 796
1328 797
1324 797
1324 798
1312 798
1312 797
1305 797
1305 796
1301 796
1301 795
1297 795
1297 794
1295 794
1295 793
1293 793
1293 792
1290 792
1290 791
1289 791
1289 789
1288 789
1288 788
1287 788
1287 787
1283 787
1283 786
1281 786
1281 785
1280 785
1280 784
1279 784
1279 782
1278 782
1278 780
1277 780
1277 779
1276 779
1276 777
1275 777
1275 776
1274 776
1274 775
1273 775
1273 773
1272 773
1272 772
1271 772
1271 770
1270 770
1270 769
1269 769
1269 767
1268 767
1268 765
1267 765
1267 764
1266 764
1266 763
1265 763
1265 762
1264 762
1264 761
1259 761
1259 762
1254 762
1254 761
1249 761
1249 760
1246 760
1246 759
1244 759
1244 758
1242 758
1242 757
1237 757
1237 756
1234 756
1234 755
1231 755
1231 754
1217 754
1217 753
1213 753
1213 752
1212 752
1212 751
1210 751
1210 750
1209 750
1209 749
1207 749
1207 748
1205 748
1205 747
1204 747
1204 746
1203 746
1203 745
1202 745
1202 744
1201 744
1201 743
1199 743
1199 742
1197 742
1197 741
1195 741
1195 740
1194 740
1194 739
1192 739
1192 738
1190 738
1190 737
1182 737
1182 736
1176 736
1176 735
1161 735
1161 736
1152 736
1152 735
1151 735
1151 734
1143 734
1143 735
1135 735
1135 736
1118 736
1118 735
1112 735
1112 734
1111 734
1111 733
1110 733
1110 732
1106 732
1106 731
1104 731
1104 730
1102 730
1102 729
1101 729
1101 728
1100 728
1100 727
1099 727
1099 725
1098 725
1098 724
1097 724
1097 722
1096 722
1096 721
1095 721
1095 669
1094 669
1094 668
1084 668
1084 669
1080 669
1080 672
1079 672
1079 675
1078 675
1078 676
1077 676
1077 679
1076 679
1076 681
1075 681
1075 683
1074 683
1074 684
1073 684
1073 685
1072 685
1072 686
1071 686
1071 687
1070 687
1070 688
1069 688
1069 691
1068 691
1068 692
1067 692
1067 694
1066 694
1066 696
1065 696
1065 697
1064 697
1064 698
1063 698
1063 699
1062 699
1062 701
1061 701
1061 702
1060 702
1060 703
1057 703
1057 704
1055 704
1055 705
1054 705
1054 706
1053 706
1053 709
1052 709
1052 711
1051 711
1051 712
1049 712
1049 713
1046 713
1046 714
1042 714
1042 715
1041 715
1041 716
1028 716
1028 715
1027 715
1027 714
1026 714
1026 708
1025 708
1025 707
1013 707
1013 706
1008 706
1008 705
1007 705
1007 704
1006 704
1006 703
1005 703
1005 702
1003 702
1003 701
1002 701
1002 700
1001 700
1001 699
999 699
999 698
997 698
997 697
996 697
996 696
995 696
995 695
994 695
994 694
985 694
985 693
983 693
983 692
982 692
982 691
981 691
981 690
975 690
975 689
972 689
972 690
971 690
971 689
965 689
965 688
961 688
961 687
957 687
957 686
954 686
954 685
953 685
953 684
952 684
952 683
951 683
951 682
950 682
950 681
949 681
949 678
948 678
948 676
947 676
947 670
946 670
946 643
945 643
945 641
944 641
944 639
943 639
943 638
942 638
942 637
941 637
941 636
940 636
940 635
939 635
939 634
938 634
938 633
937 633
937 632
936 632
936 631
932 631
932 630
929 630
929 629
928 629
928 628
927 628
927 627
926 627
926 626
925 626
925 625
922 625
922 626
921 626
921 627
920 627
920 628
919 628
919 629
907 629
907 630
905 630
905 631
904 631
904 632
903 632
903 633
902 633
902 634
901 634
901 635
900 635
900 636
899 636
899 637
897 637
897 638
883 638
883 637
880 637
880 636
877 636
877 637
873 637
873 638
858 638
858 637
857 637
857 636
856 636
856 635
855 635
855 634
854 634
854 633
851 633
851 632
846 632
846 631
844 631
844 630
842 630
842 629
841 629
841 628
840 628
840 627
839 627
839 626
838 626
838 625
837 625
837 623
836 623
836 621
835 621
835 619
832 619
832 618
827 618
827 617
826 617
826 616
824 616
824 615
823 615
823 614
819 614
819 613
818 613
818 612
817 612
817 609
816 609
816 606
815 606
815 605
813 605
813 604
807 604
807 603
806 603
806 602
804 602
804 601
803 601
803 600
801 600
801 599
799 599
799 598
798 598
798 597
797 597
797 596
795 596
795 595
778 595
778 594
773 594
773 593
771 593
771 592
769 592
769 591
767 591
767 590
766 590
766 589
765 589
765 588
764 588
764 587
763 587
763 586
762 586
762 585
761 585
761 584
760 584
760 582
759 582
759 581
758 581
758 547
757 547
757 533
755 533
755 532
752 532
752 531
745 531
745 530
743 530
743 529
741 529
741 528
739 528
739 527
738 527
738 526
737 526
737 525
736 525
736 524
735 524
735 522
734 522
734 519
733 519
733 518
732 518
732 517
728 517
728 516
726 516
726 515
725 515
725 514
724 514
724 513
723 513
723 512
722 512
722 511
718 511
718 510
716 510
716 509
713 509
713 508
712 508
712 507
710 507
710 506
706 506
706 505
704 505
704 504
702 504
702 503
701 503
701 502
700 502
700 501
699 501
699 496
698 496
698 481
697 481
697 476
696 476
696 475
684 475
684 474
679 474
679 473
677 473
677 472
676 472
676 471
675 471
675 469
674 469
674 468
673 468
673 467
672 467
672 466
669 466
669 465
668 465
668 464
666 464
666 463
665 463
665 462
664 462
664 461
663 461
663 460
662 460
662 458
661 458
661 414
660 414
660 405
659 405
659 404
656 404
656 403
654 403
654 402
652 402
652 401
651 401
651 400
650 400
650 398
649 398
649 397
648 397
648 392
646 392
646 391
638 391
638 390
626 390
626 391
625 391
625 392
620 392
620 391
613 391
613 390
609 390
609 389
608 389
608 388
607 388
607 387
606 387
606 386
607 386
607 387
608 387
608 388
609 388
609 389
613 389
613 390
620 390
620 391
625 391
625 390
626 390
626 389
638 389
638 390
646 390
646 391
648 391
648 392
649 392
649 397
650 397
650 398
651 398
651 400
652 400
652 401
654 401
654 402
656 402
656 403
659 403
659 404
660 404
660 405
661 405
661 414
662 414
662 458
663 458
663 460
664 460
664 461
665 461
665 462
666 462
666 463
668 463
668 464
669 464
669 465
672 465
672 466
673 466
673 467
674 467
674 468
675 468
675 469
676 469
676 471
677 471
677 472
679 472
679 473
684 473
684 474
696 474
696 475
697 475
697 476
698 476
698 481
699 481
699 496
700 496
700 501
701 501
701 502
702 502
702 503
704 503
704 504
706 504
706 505
710 505
710 506
712 506
712 507
713 507
713 508
716 508
716 509
718 509
718 510
722 510
722 511
723 511
723 512
724 512
724 513
725 513
725 514
726 514
726 515
728 515
728 516
732 516
732 517
733 517
733 518
734 518
734 519
735 519
735 522
736 522
736 524
737 524
737 525
738 525
738 526
739 526
739 527
741 527
741 528
743 528
743 529
745 529
745 530
752 530
752 531
755 531
755 532
757 532
757 533
758 533
758 547
759 547
759 581
760 581
760 582
761 582
761 584
762 584
762 585
763 585
763 586
764 586
764 587
765 587
765 588
766 588
766 589
767 589
767 590
769 590
769 591
771 591
771 592
773 592
773 593
778 593
778 594
795 594
795 595
797 595
797 596
798 596
798 597
799 597
799 598
801 598
801 599
803 599
803 600
804 600
804 601
806 601
806 602
807 602
807 603
813 603
813 604
815 604
815 605
816 605
816 606
817 606
817 609
818 609
818 612
819 612
819 613
823 613
823 614
824 614
824 615
826 615
826 616
827 616
827 617
832 617
832 618
835 618
835 619
836 619
836 621
837 621
837 623
838 623
838 625
839 625
839 626
840 626
840 627
841 627
841 628
842 628
842 629
844 629
844 630
846 630
846 631
851 631
851 632
854 632
854 633
855 633
855 634
856 634
856 635
857 635
857 636
858 636
858 637
873 637
873 636
877 636
877 635
880 635
880 636
883 636
883 637
897 637
897 636
899 636
899 635
900 635
900 634
901 634
901 633
902 633
902 632
903 632
903 631
904 631
904 630
905 630
905 629
907 629
907 628
919 628
919 627
920 627
920 626
921 626
921 625
922 625
922 624
925 624
925 625
926 625
926 626
927 626
927 627
928 627
928 628
929 628
929 629
932 629
932 630
936 630
936 631
937 631
937 632
938 632
938 633
939 633
939 634
940 634
940 635
941 635
941 636
942 636
942 637
943 637
943 638
944 638
944 639
945 639
945 641
946 641
946 643
947 643
947 670
948 670
948 676
949 676
949 678
950 678
950 681
951 681
951 682
952 682
952 683
953 683
953 684
954 684
954 685
957 685
957 686
961 686
961 687
965 687
965 688
971 688
971 689
972 689
972 688
975 688
975 689
981 689
981 690
982 690
982 691
983 691
983 692
985 692
985 693
994 693
994 694
995 694
995 695
996 695
996 696
997 696
997 697
999 697
999 698
1001 698
1001 699
1002 699
1002 700
1003 700
1003 701
1005 701
1005 702
1006 702
1006 703
1007 703
1007 704
1008 704
1008 705
1013 705
1013 706
1025 706
1025 707
1026 707
1026 708
1027 708
1027 714
1028 714
1028 715
1041 715
1041 714
1042 714
1042 713
1046 713
1046 712
1049 712
1049 711
1051 711
1051 709
1052 709
1052 706
1053 706
1053 705
1054 705
1054 704
1055 704
1055 703
1057 703
1057 702
1060 702
1060 701
1061 701
1061 699
1062 699
1062 698
1063 698
1063 697
1064 697
1064 696
1065 696
1065 694
1066 694
1066 692
1067 692
1067 691
1068 691
1068 688
1069 688
1069 687
1070 687
1070 686
1071 686
1071 685
1072 685
1072 684
1073 684
1073 683
1074 683
1074 681
1075 681
1075 679
1076 679
1076 676
1077 676
1077 675
1078 675
1078 672
1079 672
1079 669
1080 669
1080 668
1084 668
1084 667
1094 667
1094 668
1095 668
1095 669
1096 669
1096 721
1097 721
1097 722
1098 722
1098 724
1099 724
1099 725
1100 725
1100 727
1101 727
1101 728
1102 728
1102 729
1104 729
1104 730
1106 730
1106 731
1110 731
1110 732
1111 732
1111 733
1112 733
1112 734
1118 734
1118 735
1135 735
1135 734
1143 734
1143 733
1151 733
1151 734
1152 734
1152 735
1161 735
1161 734
1176 734
1176 735
1182 735
1182 736
1190 736
1190 737
1192 737
1192 738
1194 738
1194 739
1195 739
1195 740
1197 740
1197 741
1199 741
1199 742
1201 742
1201 743
1202 743
1202 744
1203 744
1203 745
1204 745
1204 746
1205 746
1205 747
1207 747
1207 748
1209 748
1209 749
1210 749
1210 750
1212 750
1212 751
1213 751
1213 752
1217 752
1217 753
1231 753
1231 754
1234 754
1234 755
1237 755
1237 756
1242 756
1242 757
1244 757
1244 758
1246 758
1246 759
1249 759
1249 760
1254 760
1254 761
1259 761
1259 760
1264 760
1264 761
1265 761
1265 762
1266 762
1266 763
1267 763
1267 764
1268 764
1268 765
1269 765
1269 767
1270 767
1270 769
1271 769
1271 770
1272 770
1272 772
1273 772
1273 773
1274 773
1274 775
1275 775
1275 776
1276 776
1276 777
1277 777
1277 779
1278 779
1278 780
1279 780
1279 782
1280 782
1280 784
1281 784
1281 785
1283 785
1283 786
1287 786
1287 787
1288 787
1288 788
1289 788
1289 789
1290 789
1290 791
1293 791
1293 792
1295 792
1295 793
1297 793
1297 794
1301 794
1301 795
1305 795
1305 796
1312 796
1312 797
1324 797
1324 796
1328 796
1328 795
1329 795
1329 794
1330 794
1330 793
1331 793
1331 791
1332 791
1332 790
1333 790
1333 789
1334 789
1334 787
1335 787
1335 786
1336 786
1336 785
1337 785
1337 784
1345 784
1345 785
1348 785
1348 786
1349 786
1349 787
1351 787
1351 788
1353 788
1353 789
1360 789
1360 790
1362 790
1362 791
1365 791
1365 792
1367 792
1367 793
1369 793
1369 794
1371 794
1371 795
1383 795
1383 796
1384 796
1384 797
1385 797
1385 798
1386 798
1386 799
1387 799
1387 801
1388 801
1388 802
1389 802
1389 804
1390 804
1390 805
1391 805
1391 806
1392 806
1392 807
1393 807
1393 808
1395 808
1395 812
1396 812
1396 813
1400 813
1400 814
1401 814
1401 815
1402 815
1402 816
1403 816
1403 817
1404 817
1404 818
1406 818
1406 819
1408 819
1408 820
1417 820
1417 819
1430 819
1430 818
1435 818
1435 817
1437 817
1437 816
1440 816
1440 814
1441 814
1441 813
1446 813
1446 812
1448 812
1448 811
1449 811
1449 810
1451 810
1451 809
1452 809
1452 808
1454 808
1454 807
1457 807
1457 806
1466 806
1466 795
1467 795
1467 794
1468 794
1468 793
1469 793
1469 792
1473 792
1473 793
1474 793
1474 792
1484 792
1484 793
1485 793
1485 794
1486 794
1486 795
1487 795
1487 799
1488 799
1488 802
1489 802
1489 803
1490 803
1490 804
1491 804
1491 805
1492 805
1492 806
1493 806
1493 807
1495 807
1495 808
1497 808
1497 809
1500 809
1500 810
1504 810
1504 811
1507 811
1507 812
1515 812
1515 813
1516 813
1516 814
1518 814
1518 815
1525 815
1525 816
1526 816
1526 817
1534 817
1534 818
1536 818
1536 819
1541 819
1541 820
1545 820
1545 821
1546 821
1546 822
1551 822
1551 823
1552 823
1552 824
1559 824
1559 825
1562 825
1562 824
1568 824
1568 825
1573 825
1573 823
1574 823
1574 822
1575 822
1575 821
1579 821
1579 820
1589 820
1589 819
1590 819
1590 818
1591 818
1591 817
1594 817
1594 816
1595 816
1595 815
1602 815
1602 814
1615 814
1615 815
1622 815
1622 816
1625 816
1625 817
1642 817
1642 818
1648 818
1648 819
1665 819
1665 820
1666 820
1666 822
1667 822
1667 823
1668 823
1668 824
1669 824
1669 825
1671 825
1671 826
1680 826
1680 825
1686 825
1686 826
1689 826
1689 827
1691 827
1691 828
1692 828
1692 832
1693 832
1693 833
1694 833
1694 834
1696 834
1696 835
1697 835
1697 836
1700 836
1700 837
1712 837
1712 836
1714 836
1714 835
1718 835
1718 834
1721 834
1721 833
1740 833
1740 834
1743 834
1743 835
1744 835
1744 836
1746 836
1746 837
1748 837
1748 838
1751 838
1751 839
1755 839
1755 840
1761 840
1761 841
1763 841
1763 842
1764 842
1764 843
1768 843
1768 844
1770 844
1770 845
1772 845
1772 846
1776 846
1776 847
1780 847
1780 848
1783 848
1783 849
1787 849
1787 850
1791 850
1791 851
1797 851
1797 852
1798 852
1798 853
1802 853
1802 854
1804 854
1804 855
1808 855
1808 856
1811 856
1811 857
1813 857
1813 858
1815 858
1815 859
1817 859
1817 860
1819 860
1819 861
1830 861
1830 862
1849 862
1849 861
1854 861
1854 862
1865 862
1865 863
1867 863
1867 864
1869 864
1869 865
1870 865
1870 866
1871 866
1871 867
1872 867
1872 868
1873 868
1873 869
1874 869
1874 871
1875 871
1875 872
1877 872
1877 873
1879 873
1879 874
1892 874
1892 875
1895 875
1895 876
1897 876
1897 877
1899 877
1899 878
1901 878
1901 879
1914 879
1914 878
1919 878
1919 877
1920 877
1920 878
1930 878
1930 879
1947 879
1947 880
1954 880
1954 881
1963 881
1963 882
1965 882
1965 883
1966 883
1966 884
1968 884
1968 885
1971 885
1971 886
1984 886
1984 885
1996 885
1996 884
2001 884
2001 885
2004 885
2004 886
2006 886
2006 887
2018 887
2018 888
2024 888
2024 887
2031 887
2031 888
2036 888
2036 889
2049 889
2049 890
2053 890
2053 891
2071 891
2071 892
2075 892
2075 891
2112 891
2112 892
2117 892
2117 893
2120 893
2120 894
2130 894
2130 895
2135 895
2135 896
2137 896
2137 897
2138 897
2138 898
2139 898
2139 899
2141 899
2141 900
2143 900
2143 901
2144 901
2144 902
2145 902
2145 903
2157 903
2157 902
2160 902
2160 901
2162 901
2162 900
2165 900
2165 899
2166 899
2166 898
2167 898
2167 897
2168 897
2168 896
2169 896
2169 895
2170 895
2170 894
2172 894
2172 893
2173 893
2173 892
2175 892
2175 891
2183 891
2183 890
2184 890
2184 889
2186 889
2186 888
2192 888
2192 887
2194 887
2194 886
2196 886
2196 885
2197 885
2197 884
2199 884
2199 883
2201 883
2201 882
2211 882
2211 881
2219 881
2219 880
2227 880
2227 881
2232 881
2232 880
2237 880
2237 879
2239 879
2239 880
2250 880
2250 881
2251 881
2251 882
2252 882
2252 883
2253 883
2253 884
2254 884
2254 886
2255 886
2255 888
2256 888
2256 891
2257 891
2257 894
2258 894
2258 897
2259 897
2259 898
2260 898
2260 899
2261 899
2261 900
2263 900
2263 901
2264 901
2264 902
2265 902
2265 903
2266 903
2266 904
2269 904
2269 905
2276 905
2276 906
2282 906
2282 907
2285 907
2285 906
2296 906
2296 905
2304 905
2304 906
2307 906
2307 907
2313 907
2313 906
2315 906
2315 905
2317 905
2317 904
2322 904
2322 903
2328 903
2328 902
2329 902
2329 900
2330 900
2330 899
2331 899
2331 898
2332 898
2332 897
2333 897
2333 896
2334 896
2334 894
2335 894
2335 892
2336 892
2336 888
2335 888
2335 881
2336 881
2336 879
2337 879
2337 878
2338 878
2338 874
2339 874
2339 873
2340 873
2340 871
2341 871
2341 868
2342 868
2342 866
2343 866
2343 861
2344 861
2344 857
2345 857
2345 856
2346 856
2346 855
2347 855
2347 854
2348 854
2348 853
2349 853
2349 852
2350 852
2350 851
2351 851
2351 850
2352 850
2352 849
2354 849
2354 848
2357 848
2357 847
2364 847
2364 846
2368 846
2368 847
2371 847
2371 848
2372 848
2372 849
2373 849
2373 851
2374 851
2374 862
2375 862
2375 865
2376 865
2376 867
2377 867
2377 871
2378 871
2378 872
2379 872
2379 873
2381 873
2381 874
2382 874
2382 875
2383 875
2383 876
2385 876
2385 877
2387 877
2387 878
2388 878
2388 879
2392 879
2392 880
2393 880
2393 881
2394 881
2394 885
2395 885
2395 887
2394 887
2394 892
2395 892
2395 895
2396 895
2396 896
2397 896
2397 898
2398 898
2398 899
2400 899
2400 900
2405 900
2405 901
2410 901
2410 900
2412 900
2412 899
2413 899
2413 898
2414 898
2414 896
2415 896
2415 894
2416 894
2416 893
2417 893
2417 892
2420 892
2420 891
2421 891
2421 890
2423 890
2423 889
2425 889
2425 888
2426 888
2426 887
2427 887
2427 886
2428 886
2428 885
2430 885
2430 884
2431 884
2431 883
2433 883
2433 881
2434 881
2434 880
2435 880
2435 879
2436 879
2436 878
2437 878
2437 877
2439 877
2439 876
2448 876
2448 877
2453 877
2453 876
2455 876
2455 875
2456 875
2456 874
2457 874
2457 873
2458 873
2458 872
2460 872
2460 871
2461 871
2461 870
2462 870
2462 869
2464 869
2464 868
2467 868
2467 867
2471 867
2471 866
2474 866
2474 865
2475 865
2475 864
2476 864
2476 862
2477 862
2477 861
2478 861
2478 859
2479 859
2479 858
2480 858
2480 857
2481 857
2481 856
2483 856
2483 855
2485 855
2485 854
2489 854
2489 853
2491 853
2491 852
2494 852
2494 851
2496 851
2496 850
2497 850
2497 849
2498 849
2498 847
2499 847
2499 846
2500 846
2500 845
2501 845
2501 843
2502 843
2502 842
2503 842
2503 841
2515 841
2515 840
2517 840
2517 839
2518 839
2518 838
2519 838
2519 837
2520 837
2520 836
2521 836
2521 835
2522 835
2522 834
2523 834
2523 833
2524 833
2524 832
2525 832
2525 831
2527 831
2527 830
2530 830
2530 829
2531 829
2531 828
2532 828
2532 827
2533 827
2533 826
2534 826
2534 825
2537 825
2537 824
2540 824
2540 823
2542 823
2542 822
2543 822
2543 821
2544 821
2544 820
2556 820
2556 821
2560 821
2560 822
2564 822
2564 823
2566 823
2566 824
2569 824
2569 825
2571 825
2571 826
2572 826
2572 827
2573 827
2573 828
2574 828
2574 829
2576 829
2576 830
2580 830
2580 829
2586 829
2586 828
2589 828
2589 827
2591 827
2591 826
2594 826
2594 825
2597 825
2597 824
2600 824
2600 823
2603 823
2603 822
2616 822
2616 821
2617 821
2617 820
2619 820
2619 819
2621 819
2621 818
2623 818
2623 817
2626 817
2626 816
2633 816
2633 814
2634 814
2634 813
2635 813
2635 812
2636 812
2636 811
2638 811
2638 810
2649 810
2649 811
2653 811
2653 812
2654 812
2654 816
2655 816
2655 823
2656 823
2656 825
2655 825
2655 833
2656 833
2656 836
2657 836
2657 838
2658 838
2658 840
2659 840
2659 844
2660 844
2660 846
2661 846
2661 848
2662 848
2662 849
2666 849
2666 848
2667 848
2667 847
2669 847
2669 846
2670 846
2670 845
2671 845
2671 844
2674 844
2674 843
2675 843
2675 842
2676 842
2676 841
2677 841
2677 840
2679 840
2679 839
2680 839
2680 838
2681 838
2681 829
2680 829
2680 828
2681 828
2681 827
2682 827
2682 826
2686 826
2686 825
2687 825
2687 824
2688 824
2688 823
2690 823
2690 822
2699 822
2699 821
2701 821
2701 817
2700 817
2700 810
2699 810
2699 805
2703 805
2703 804
2707 804
2707 803
2708 803
2708 802
2716 802
2716 801
2719 801
2719 800
2720 800
2720 799
2724 799
2724 798
2729 798
2729 797
2730 797
2730 796
2731 796
2731 794
2732 794
2732 793
2733 793
2733 792
2738 792
2738 791
2742 791
2742 790
2743 790
2743 789
2744 789
2744 788
2745 788
2745 787
2746 787
2746 786
2747 786
2747 785
2748 785
2748 784
2750 784
2750 783
2752 783
2752 782
2754 782
2754 781
2755 781
2755 780
2756 780
2756 779
2757 779
2757 778
2758 778
2758 777
2762 777
2762 776
2766 776
2766 775
2768 775
2768 774
2769 774
2769 773
2770 773
2770 771
2771 771
2771 770
2772 770
2772 769
2773 769
2773 768
2774 768
2774 767
2785 767
2785 766
2787 766
2787 765
2789 765
2789 764
2790 764
2790 763
2791 763
2791 762
2793 762
2793 761
2799 761
2799 760
2801 760
2801 759
2803 759
2803 758
2804 758
2804 757
2806 757
2806 756
2809 756
2809 755
2810 755
2810 754
2811 754
2811 753
2812 753
2812 752
2823 752
2823 751
2826 751
2826 750
2831 750
2831 751
2834 751
2834 750
2836 750
2836 749
2837 749
2837 748
2838 748
2838 747
2847 747
2847 746
2848 746
2848 745
2850 745
2850 744
2854 744
2854 743
2860 743
2860 742
2862 742
2862 741
2863 741
2863 739
2864 739
2864 738
2865 738
2865 737
2866 737
2866 736
2867 736
2867 733
2868 733
2868 730
2869 730
2869 729
2870 729
2870 728
2873 728
2873 727
2879 727
2879 728
2881 728
2881 729
2886 729
2886 730
2887 730
2887 731
2888 731
2888 732
2889 732
2889 733
2890 733
2890 734
2892 734
2892 735
2895 735
2895 736
2899 736
2899 737
2903 737
2903 738
2905 738
2905 739
2920 739
2920 738
2921 738
2921 736
2922 736
2922 735
2924 735
2924 733
2925 733
2925 731
2926 731
2926 730
2927 730
2927 729
2928 729
2928 728
2929 728
2929 727
2930 727
2930 726
2931 726
2931 725
2932 725
2932 724
2933 724
2933 723
2934 723
2934 720
2935 720
2935 719
2936 719
2936 717
2937 717
2937 716
2938 716
2938 715
2939 715
2939 714
2941 714
2941 713
2944 713
2944 712
2945 712
2945 711
2946 711
2946 710
2948 710
2948 709
2949 709
2949 708
2950 708
2950 707
2953 707
2953 706
2957 706
2957 705
2959 705
2959 704
2969 704
2969 703
2970 703
2970 702
2971 702
2971 700
2972 700
2972 699
2973 699
2973 698
2974 698
2974 697
2976 697
2976 696
2980 696
2980 695
2982 695
2982 694
2983 694
2983 693
2984 693
2984 692
2985 692
2985 691
2986 691
2986 690
2989 690
2989 689
2990 689
2990 688
2991 688
2991 686
2992 686
2992 685
2993 685
2993 684
2994 684
2994 683
2995 683
2995 682
2996 682
2996 681
2997 681
2997 680
2998 680
2998 679
3002 679
3002 678
3005 678
3005 677
3006 677
3006 676
3007 676
3007 675
3008 675
3008 673
3009 673
3009 672
3011 672
3011 671
3016 671
3016 670
3018 670
3018 669
3019 669
3019 668
3020 668
3020 666
3021 666
3021 665
3022 665
3022 664
3023 664
3023 663
3028 663
3028 662
3029 662
3029 661
3030 661
3030 660
3031 660
3031 659
3033 659
3033 658
3036 658
3036 657
3037 657
3037 656
3038 656
3038 655
3039 655
3039 654
3040 654
3040 651
3041 651
3041 650
3043 650
3043 646
3044 646
3044 643
3045 643
3045 642
3046 642
3046 641
3047 641
3047 640
3049 640
3049 639
3050 639
3050 638
3052 638
3052 637
3054 637
3054 636
3055 636
3055 633
3056 633
3056 625
3057 625
3057 624
3058 624
3058 623
3063 623
3063 622
3066 622
3066 621
3067 621
3067 620
3069 620
3069 619
3076 619
3076 618
3077 618
3077 617
3079 617
3079 616
3080 616
3080 615
3081 615
3081 614
3082 614
3082 613
3088 613
3088 612
3089 612
3089 611
3090 611
3090 610
3091 610
3091 609
3093 609
3093 608
3099 608
3099 607
3102 607
3102 606
3104 606
3104 605
3109 605
3109 604
3112 604
3112 603
3114 603
3114 602
3115 602
3115 601
3116 601
3116 600
3117 600
3117 599
3119 599
3119 598
3122 598
3122 597
3125 597
3125 596
3127 596
3127 595
3128 595
3128 594
3129 594
3129 593
3130 593
3130 592
3137 592
3137 591
3138 591
3138 590
3139 590
3139 583
3140 583
3140 560
3141 560
3141 559
3142 559
3142 558
3157 558
3157 557
3161 557
3161 556
3163 556
3163 555
3164 555
3164 554
3165 554
3165 553
3167 553
3167 552
3168 552
3168 551
3169 551
3169 550
3170 550
3170 549
3171 549
3171 548
3173 548
3173 547
3176 547
3176 546
3182 546
3182 545
3186 545
3186 544
3188 544
3188 543
3189 543
3189 544
3195 544
3195 543
3197 543
3197 542
3198 542
3198 541
3200 541
3200 540
3203 540
3203 541
3205 541
3205 542
3206 542
3206 543
3216 543
3216 542
3221 542
3221 541
3224 541
3224 540
3225 540
3225 539
3227 539
3227 538
3232 538
3232 537
3237 537
3237 536
3238 536
3238 537
3243 537
3243 536
3244 536
3244 535
3245 535
3245 534
3247 534
3247 533
3248 533
3248 532
3249 532
3249 531
3250 531
3250 530
3254 530
3254 529
3255 529
3255 528
3256 528
3256 527
3258 527
3258 526
3259 526
3259 525
3260 525
3260 524
3261 524
3261 523
3262 523
3262 521
3266 521
3266 520
3267 520
3267 518
3268 518
3268 517
3269 517
3269 516
3271 516
3271 515
3272 515
3272 513
3273 513
3273 511
3274 511
3274 510
3279 510
3279 509
3280 509
3280 508
3281 508
3281 507
3283 507
3283 506
3284 506
3284 505
3286 505
3286 504
3293 504
3293 503
3295 503
3295 502
3296 502
3296 501
3297 501
3297 500
3298 500
3298 499
3299 499
3299 498
3305 498
3305 497
3306 497
3306 496
3307 496
3307 495
3308 495
3308 494
3309 494
3309 493
3310 493
3310 492
3312 492
3312 491
3317 491
3317 490
3318 490
3318 489
3319 489
3319 488
3321 488
3321 487
3325 487
3325 486
3329 486
3329 485
3331 485
3331 484
3332 484
3332 483
3333 483
3333 481
3334 481
3334 480
3335 480
3335 479
3336 479
3336 478
3337 478
3337 477
3338 477
3338 476
3341 476
3341 475
3343 475
3343 474
3344 474
3344 473
3345 473
3345 472
3347 472
3347 471
3354 471
3354 470
3355 470
3355 469
3356 469
3356 468
3357 468
3357 467
3358 467
3358 466
3359 466
3359 465
3360 465
3360 464
3361 464
3361 463
3362 463
3362 461
3363 461
3363 460
3364 460
3364 459
3365 459
3365 458
3366 458
3366 457
3368 457
3368 456
3369 456
3369 455
3370 455
3370 454
3372 454
3372 453
3373 453
3373 452
3375 452
3375 451
3378 451
3378 450
3380 450
3380 449
3381 449
3381 448
3382 448
3382 446
3383 446
3383 445
3384 445
3384 444
3385 444
3385 443
3388 443
3388 442
3389 442
3389 441
3391 441
3391 440
3393 440
3393 439
3398 439
3398 438
3400 438
3400 437
3402 437
3402 436
3403 436
3403 435
3404 435
3404 434
3405 434
3405 423
3406 423
3406 413
3407 413
3407 412
3408 412
3408 411
3413 411
3413 410
3414 410
3414 409
3415 409
3415 408
3416 408
3416 407
3417 407
3417 406
3420 406
3420 405
3422 405
3422 400
3423 400
3423 399
3424 399
3424 397
3425 397
3425 394
3426 394
3426 391
3427 391
3427 389
3428 389
3428 386
3429 386
3429 384
3430 384
3430 381
3431 381
3431 380
3438 380
3438 379
3441 379
3441 378
3450 378
3450 377
3451 377
3451 376
3452 376
3452 374
3453 374
3453 373
3454 373
3454 372
3455 372
3455 371
3456 371
3456 370
3458 370
3458 369
3459 369
3459 368
3460 368
3460 367
3461 367
3461 366
3463 366
3463 365
3465 365
3465 364
3472 364
3472 363
3473 363
3473 361
3474 361
3474 360
3475 360
3475 359
3476 359
3476 358
3478 358
3478 357
3479 357
3479 356
3480 356
3480 355
3481 355
3481 354
3483 354
3483 353
3485 353
3485 352
3486 352
3486 351
3487 351
3487 350
3489 350
3489 348
3490 348
3490 347
3491 347
3491 346
3492 346
3492 345
3494 345
3494 344
3496 344
3496 343
3497 343
3497 342
3499 342
3499 341
3504 341
3504 340
3505 340
3505 338
3506 338
3506 337
3508 337
3508 336
3509 336
3509 335
3510 335
3510 334
3511 334
3511 333
3512 333
3512 332
3513 332
3513 331
3515 331
3515 330
3516 330
3516 329
3518 329
3518 328
3520 328
3520 327
3521 327
3521 326
3522 326
3522 324
3523 324
3523 321
3524 321
3524 320
3525 320
3525 319
3526 319
3526 318
3527 318
3527 317
3528 317
3528 316
3529 316
3529 315
3530 315
3530 314
3531 314
3531 313
3532 313
3532 312
3533 312
3533 311
3534 311
3534 310
3535 310
3535 307
3536 307
3536 306
3537 306
3537 304
3538 304
3538 303
3539 303
3539 302
3540 302
3540 301
3541 301
3541 299
3542 299
3542 298
3543 298
3543 296
3544 296
3544 294
3545 294
3545 292
3546 292
3546 291
3547 291
3547 289
3548 289
3548 285
3549 285
3549 284
3550 284
3550 283
3554 283
3554 282
3558 282
3558 281
3560 281
3560 280
3561 280
3561 278
3562 278
3562 277
3564 277
3564 276
3566 276
3566 275
3568 275
3568 274
3570 274
3570 273
3572 273
3572 272
3575 272
3575 271
3577 271
3577 270
3579 270
3579 269
3580 269
3580 268
3581 268
3581 267
3582 267
3582 264
3583 264
3583 262
3584 262
3584 260
3585 260
3585 258
3586 258
3586 257
3588 257
3588 256
3592 256
3592 255
3593 255
3593 253
3594 253
3594 252
3595 252
3595 251
3596 251
3596 250
3597 250
3597 249
3600 249
3600 248
3602 248
3602 247
3605 247
3605 244
3606 244
3606 243
3607 243
3607 242
3608 242
3608 241
3610 241
3610 239
3611 239
3611 238
3612 238
3612 237
3613 237
3613 236
3614 236
3614 235
3615 235
3615 234
3616 234
3616 233
3617 233
3617 232
3618 232
3618 231
3619 231
3619 230
3621 230
3621 229
3622 229
3622 228
3623 228
3623 227
3624 227
3624 226
3625 226
3625 225
3626 225
3626 224
3627 224
3627 223
3628 223
3628 222
3629 222
3629 221
3630 221
3630 219
3631 219
3631 218
3632 218
3632 216
3633 216
3633 215
3635 215
3635 213
3636 213
3636 212
3637 212
3637 211
3638 211
3638 209
3639 209
3639 208
3640 208
3640 206
3641 206
3641 204
3642 204
3642 198
3643 198
3643 192
3644 192
3644 189
3645 189
3645 187
3646 187
3646 185
3647 185
3647 184
3648 184
3648 183
3649 183
3649 182
3650 182
3650 180
3651 180
3651 179
3652 179
3652 178
3653 178
3653 177
3662 177
3662 176
3663 176
3663 173
3664 173
3664 172
3665 172
3665 171
3666 171
3666 170
3667 170
3667 168
3668 168
3668 167
3669 167
3669 164
3670 164
3670 161
3671 161
3671 159
3672 159
3672 158
3674 158
3674 156
3675 156
3675 155
3676 155
3676 154
3677 154
3677 151
3678 151
3678 150
3682 150
3682 149
3684 149
3684 148
3687 148
3687 146
3688 146
3688 145
3690 145
3690 143
3691 143
3691 141
3692 141
3692 140
3693 140
3693 139
3695 139
3695 138
3696 138
3696 137
3697 137
3697 136
3698 136
3698 134
3699 134
3699 133
3701 133
3701 132
3710 132
3710 131
3712 131
3712 130
3713 130
3713 129
3714 129
3714 128
3716 128
3716 127
3717 127
3717 126
3719 126
3719 125
3722 125
3722 124
3724 124
3724 123
3725 123
3725 122
3726 122
3726 121
3728 121
3728 120
3729 120
3729 119
3731 119
3731 118
3733 118
3733 117
3734 117
3734 116
3736 116
3736 115
3737 115
3737 114
3738 114
3738 113
3739 113
3739 111
3740 111
3740 110
3741 110
3741 109
3743 109
3743 108
3747 108
3747 107
3748 107
3748 106
3749 106
3749 104
3750 104
3750 103
3751 103
3751 102
3752 102
3752 99
3755 99
3755 98
3760 98
3760 97
3761 97
3761 96
3762 96
3762 95
3764 95
3764 94
3766 94
3766 92
3767 92
3767 91
3769 91
3769 90
3770 90
3770 89
3772 89
3772 88
3774 88
3774 87
3775 87
3775 86
3777 86
3777 85
3779 85
3779 84
3780 84
3780 83
3782 83
3782 82
3784 82
3784 81
3786 81
3786 80
3788 80
3788 79
3790 79
3790 78
3797 78
3797 77
3799 77
3799 76
3801 76
3801 75
3802 75
3802 74
3804 74
3804 73
3805 73
3805 72
3807 72
3807 71
3809 71
3809 70
3810 70
3810 69
3812 69
3812 68
3813 68
3813 67
3814 67
3814 66
3815 66
3815 65
3816 65
3816 64
3818 64
3818 63
3824 63
3824 64
3818 64
3818 65
3816 65
3816 66
3815 66
3815 67
3814 67
3814 68
3813 68
3813 69
3812 69
3812 70
3810 70
3810 71
3809 71
3809 72
3807 72
3807 73
3805 73
3805 74
3804 74
3804 75
3802 75
3802 76
3801 76
3801 77
3799 77
3799 78
3797 78
3797 79
3790 79
3790 80
3788 80
3788 81
3786 81
3786 82
3784 82
3784 83
3782 83
3782 84
3780 84
3780 85
3779 85
3779 86
3777 86
3777 87
3775 87
3775 88
3774 88
3774 89
3772 89
3772 90
3770 90
3770 91
3769 91
3769 92
3767 92
3767 94
3766 94
3766 95
3764 95
3764 96
3762 96
3762 97
3761 97
3761 98
3760 98
3760 99
3755 99
3755 100
3753 100
3753 103
3751 103
3751 104
3750 104
3750 106
3749 106
3749 107
3748 107
3748 108
3747 108
3747 109
3743 109
3743 110
3741 110
3741 111
3740 111
3740 113
3739 113
3739 114
3738 114
3738 115
3737 115
3737 116
3736 116
3736 117
3734 117
3734 118
3733 118
3733 119
3731 119
3731 120
3729 120
3729 121
3728 121
3728 122
3726 122
3726 123
3725 123
3725 124
3724 124
3724 125
3722 125
3722 126
3719 126
3719 127
3717 127
3717 128
3716 128
3716 129
3714 129
3714 130
3713 130
3713 131
3712 131
3712 132
3710 132
3710 133
3701 133
3701 134
3699 134
3699 136
3698 136
3698 137
3697 137
3697 138
3696 138
3696 139
3695 139
3695 140
3693 140
3693 141
3692 141
3692 143
3691 143
3691 145
3690 145
3690 146
3688 146
3688 148
3687 148
3687 149
3684 149
3684 150
3682 150
3682 151
3678 151
3678 154
3677 154
3677 155
3676 155
3676 156
3675 156
3675 158
3674 158
3674 159
3672 159
3672 161
3671 161
3671 164
3670 164
3670 167
3669 167
3669 168
3668 168
3668 170
3667 170
3667 171
3666 171
3666 172
3665 172
3665 173
3664 173
3664 176
3663 176
3663 177
3662 177
3662 178
3653 178
3653 179
3652 179
3652 180
3651 180
3651 182
3650 182
3650 183
3649 183
3649 184
3648 184
3648 185
3647 185
3647 187
3646 187
3646 189
3645 189
3645 192
3644 192
3644 198
3643 198
3643 204
3642 204
3642 206
3641 206
3641 208
3640 208
3640 209
3639 209
3639 211
3638 211
3638 212
3637 212
3637 213
3636 213
3636 215
3635 215
3635 216
3633 216
3633 218
3632 218
3632 219
3631 219
3631 221
3630 221
3630 222
3629 222
3629 223
3628 223
3628 224
3627 224
3627 225
3626 225
3626 226
3625 226
3625 227
3624 227
3624 228
3623 228
3623 229
3622 229
3622 230
3621 230
3621 231
3619 231
3619 232
3618 232
3618 233
3617 233
3617 234
3616 234
3616 235
3615 235
3615 236
3614 236
3614 237
3613 237
3613 238
3612 238
3612 239
3611 239
3611 241
3610 241
3610 242
3608 242
3608 243
3607 243
3607 244
3606 244
3606 247
3605 247
3605 248
3602 248
3602 249
3600 249
3600 250
3597 250
3597 251
3596 251
3596 252
3595 252
3595 253
3594 253
3594 255
3593 255
3593 256
3592 256
3592 257
3588 257
3588 258
3586 258
3586 260
3585 260
3585 262
3584 262
3584 264
3583 264
3583 267
3582 267
3582 268
3581 268
3581 269
3580 269
3580 270
3579 270
3579 271
3577 271
3577 272
3575 272
3575 273
3572 273
3572 274
3570 274
3570 275
3568 275
3568 276
3566 276
3566 277
3564 277
3564 278
3562 278
3562 280
3561 280
3561 281
3560 281
3560 282
3558 282
3558 283
3554 283
3554 284
3550 284
3550 285
3549 285
3549 289
3548 289
3548 291
3547 291
3547 292
3546 292
3546 294
3545 294
3545 296
3544 296
3544 298
3543 298
3543 299
3542 299
3542 301
3541 301
3541 302
3540 302
3540 303
3539 303
3539 304
3538 304
3538 306
3537 306
3537 307
3536 307
3536 310
3535 310
3535 311
3534 311
3534 312
3533 312
3533 313
3532 313
3532 314
3531 314
3531 315
3530 315
3530 316
3529 316
3529 317
3528 317
3528 318
3527 318
3527 319
3526 319
3526 320
3525 320
3525 321
3524 321
3524 324
3523 324
3523 326
3522 326
3522 327
3521 327
3521 328
3520 328
3520 329
3518 329
3518 330
3516 330
3516 331
3515 331
3515 332
3513 332
3513 333
3512 333
3512 334
3511 334
3511 335
3510 335
3510 336
3509 336
3509 337
3508 337
3508 338
3506 338
3506 340
3505 340
3505 341
3504 341
3504 342
3499 342
3499 343
3497 343
3497 344
3496 344
3496 345
3494 345
3494 346
3492 346
3492 347
3491 347
3491 348
3490 348
3490 350
3489 350
3489 351
3487 351
3487 352
3486 352
3486 353
3485 353
3485 354
3483 354
3483 355
3481 355
3481 356
3480 356
3480 357
3479 357
3479 358
3478 358
3478 359
3476 359
3476 360
3475 360
3475 361
3474 361
3474 363
3473 363
3473 364
3472 364
3472 365
3465 365
3465 366
3463 366
3463 367
3461 367
3461 368
3460 368
3460 369
3459 369
3459 370
3458 370
3458 371
3456 371
3456 372
3455 372
3455 373
3454 373
3454 374
3453 374
3453 376
3452 376
3452 377
3451 377
3451 378
3450 378
3450 379
3441 379
3441 380
3438 380
3438 381
3431 381
3431 384
3430 384
3430 387
3429 387
3429 389
3428 389
3428 391
3427 391
3427 394
3426 394
3426 398
3425 398
3425 399
3424 399
3424 400
3423 400
