3076 961
3078 961
3078 962
3083 962
3083 963
3084 963
3084 964
3085 964
3085 965
3086 965
3086 969
3087 969
3087 976
3086 976
3086 978
3087 978
3087 980
3088 980
3088 981
3090 981
3090 982
3091 982
3091 983
3092 983
3092 984
3093 984
3093 985
3094 985
3094 986
3095 986
3095 990
3096 990
3096 993
3097 993
3097 994
3099 994
3099 995
3103 995
3103 996
3106 996
3106 995
3107 995
3107 994
3108 994
3108 992
3109 992
3109 991
3111 991
3111 990
3114 990
3114 989
3116 989
3116 988
3117 988
3117 987
3118 987
3118 986
3119 986
3119 985
3120 985
3120 984
3122 984
3122 982
3123 982
3123 979
3124 979
3124 976
3125 976
3125 968
3126 968
3126 956
3127 956
3127 952
3128 952
3128 949
3129 949
3129 947
3130 947
3130 946
3131 946
3131 945
3132 945
3132 944
3133 944
3133 943
3135 943
3135 942
3137 942
3137 940
3138 940
3138 938
3139 938
3139 934
3140 934
3140 933
3141 933
3141 932
3142 932
3142 931
3143 931
3143 930
3145 930
3145 929
3147 929
3147 928
3148 928
3148 927
3149 927
3149 926
3150 926
3150 925
3151 925
3151 923
3152 923
3152 922
3153 922
3153 921
3154 921
3154 920
3155 920
3155 919
3156 919
3156 918
3159 918
3159 917
3161 917
3161 916
3162 916
3162 915
3163 915
3163 914
3164 914
3164 912
3165 912
3165 904
3166 904
3166 893
3167 893
3167 890
3171 890
3171 891
3172 891
3172 892
3174 892
3174 893
3175 893
3175 894
3176 894
3176 895
3178 895
3178 896
3179 896
3179 897
3181 897
3181 898
3183 898
3183 899
3185 899
3185 900
3187 900
3187 901
3188 901
3188 902
3190 902
3190 903
3192 903
3192 904
3194 904
3194 905
3198 905
3198 906
3199 906
3199 905
3202 905
3202 904
3214 904
3214 903
3217 903
3217 902
3218 902
3218 899
3219 899
3219 897
3220 897
3220 896
3221 896
3221 895
3223 895
3223 894
3224 894
3224 893
3225 893
3225 892
3226 892
3226 891
3227 891
3227 890
3228 890
3228 889
3230 889
3230 888
3232 888
3232 887
3234 887
3234 886
3235 886
3235 885
3236 885
3236 884
3237 884
3237 883
3239 883
3239 882
3240 882
3240 881
3241 881
3241 879
3242 879
3242 878
3243 878
3243 877
3244 877
3244 876
3245 876
3245 874
3246 874
3246 873
3248 873
3248 872
3249 872
3249 871
3250 871
3250 870
3251 870
3251 868
3252 868
3252 867
3253 867
3253 865
3254 865
3254 863
3255 863
3255 862
3256 862
3256 860
3257 860
3257 859
3258 859
3258 857
3259 857
3259 856
3260 856
3260 855
3261 855
3261 854
3262 854
3262 852
3263 852
3263 851
3264 851
3264 850
3265 850
3265 849
3266 849
3266 847
3267 847
3267 846
3268 846
3268 845
3269 845
3269 844
3270 844
3270 843
3271 843
3271 842
3272 842
3272 841
3273 841
3273 840
3274 840
3274 839
3275 839
3275 838
3276 838
3276 837
3277 837
3277 835
3278 835
3278 834
3279 834
3279 833
3280 833
3280 831
3281 831
3281 829
3282 829
3282 828
3283 828
3283 827
3284 827
3284 826
3285 826
3285 825
3287 825
3287 824
3288 824
3288 823
3291 823
3291 822
3292 822
3292 821
3293 821
3293 820
3294 820
3294 819
3295 819
3295 818
3296 818
3296 817
3298 817
3298 816
3299 816
3299 815
3300 815
3300 814
3301 814
3301 813
3304 813
3304 812
3305 812
3305 811
3308 811
3308 810
3309 810
3309 809
3313 809
3313 808
3315 808
3315 807
3316 807
3316 806
3317 806
3317 805
3318 805
3318 804
3319 804
3319 803
3320 803
3320 801
3321 801
3321 800
3322 800
3322 799
3323 799
3323 798
3324 798
3324 797
3326 797
3326 796
3327 796
3327 795
3328 795
3328 794
3329 794
3329 792
3330 792
3330 789
3331 789
3331 784
3332 784
3332 780
3333 780
3333 770
3334 770
3334 766
3335 766
3335 765
3336 765
3336 764
3337 764
3337 763
3338 763
3338 762
3339 762
3339 761
3340 761
3340 760
3352 760
3352 761
3353 761
3353 762
3354 762
3354 764
3355 764
3355 777
3356 777
3356 779
3357 779
3357 781
3358 781
3358 782
3359 782
3359 784
3360 784
3360 785
3361 785
3361 786
3365 786
3365 787
3373 787
3373 788
3388 788
3388 789
3392 789
3392 788
3394 788
3394 781
3395 781
3395 780
3398 780
3398 779
3402 779
3402 778
3406 778
3406 777
3408 777
3408 776
3409 776
3409 775
3411 775
3411 773
3412 773
3412 772
3413 772
3413 770
3414 770
3414 768
3415 768
3415 767
3416 767
3416 766
3417 766
3417 765
3419 765
3419 764
3421 764
3421 763
3423 763
3423 762
3424 762
3424 760
3425 760
3425 758
3426 758
3426 757
3427 757
3427 756
3428 756
3428 754
3429 754
3429 753
3430 753
3430 751
3431 751
3431 750
3433 750
3433 749
3435 749
3435 748
3438 748
3438 747
3439 747
3439 746
3440 746
3440 745
3441 745
3441 744
3442 744
3442 743
3443 743
3443 741
3444 741
3444 740
3445 740
3445 738
3446 738
3446 737
3447 737
3447 736
3448 736
3448 735
3449 735
3449 734
3450 734
3450 733
3451 733
3451 732
3453 732
3453 731
3456 731
3456 730
3458 730
3458 729
3461 729
3461 728
3462 728
3462 727
3464 727
3464 726
3466 726
3466 725
3469 725
3469 724
3470 724
3470 723
3471 723
3471 722
3472 722
3472 721
3473 721
3473 720
3474 720
3474 717
3475 717
3475 715
3476 715
3476 708
3477 708
3477 702
3478 702
3478 700
3479 700
3479 699
3480 699
3480 698
3482 698
3482 697
3483 697
3483 696
3485 696
3485 695
3487 695
3487 694
3489 694
3489 693
3490 693
3490 692
3491 692
3491 689
3492 689
3492 688
3493 688
3493 687
3494 687
3494 686
3496 686
3496 685
3499 685
3499 684
3501 684
3501 683
3502 683
3502 681
3503 681
3503 679
3504 679
3504 678
3505 678
3505 676
3506 676
3506 675
3507 675
3507 674
3510 674
3510 673
3511 673
3511 672
3513 672
3513 671
3515 671
3515 670
3516 670
3516 669
3517 669
3517 668
3518 668
3518 666
3519 666
3519 664
3520 664
3520 659
3521 659
3521 652
3522 652
3522 648
3523 648
3523 631
3524 631
3524 625
3525 625
3525 614
3526 614
3526 604
3527 604
3527 597
3528 597
3528 593
3527 593
3527 590
3528 590
3528 584
3529 584
3529 562
3530 562
3530 560
3531 560
3531 559
3533 559
3533 558
3534 558
3534 557
3535 557
3535 556
3536 556
3536 555
3537 555
3537 553
3538 553
3538 552
3539 552
3539 550
3540 550
3540 547
3541 547
3541 545
3542 545
3542 544
3543 544
3543 543
3544 543
3544 542
3548 542
3548 540
3549 540
3549 539
3550 539
3550 538
3551 538
3551 537
3552 537
3552 534
3553 534
3553 530
3554 530
3554 527
3555 527
3555 525
3556 525
3556 524
3557 524
3557 523
3558 523
3558 522
3560 522
3560 521
3561 521
3561 520
3562 520
3562 519
3563 519
3563 518
3564 518
3564 517
3565 517
3565 516
3566 516
3566 514
3568 514
3568 513
3569 513
3569 514
3568 514
3568 515
3567 515
3567 516
3566 516
3566 517
3565 517
3565 518
3564 518
3564 519
3563 519
3563 520
3562 520
3562 521
3561 521
3561 522
3560 522
3560 523
3558 523
3558 524
3557 524
3557 525
3556 525
3556 527
3555 527
3555 530
3554 530
3554 534
3553 534
3553 537
3552 537
3552 538
3551 538
3551 539
3550 539
3550 540
3549 540
3549 543
3544 543
3544 544
3543 544
3543 545
3542 545
3542 547
3541 547
3541 550
3540 550
3540 552
3539 552
3539 553
3538 553
3538 555
3537 555
3537 556
3536 556
3536 557
3535 557
3535 558
3534 558
3534 559
3533 559
3533 560
3531 560
3531 562
3530 562
3530 584
3529 584
3529 590
3528 590
3528 593
3529 593
3529 597
3528 597
3528 604
3527 604
3527 614
3526 614
3526 625
3525 625
3525 631
3524 631
3524 648
3523 648
3523 652
3522 652
3522 659
3521 659
3521 664
3520 664
3520 666
3519 666
3519 668
3518 668
3518 669
3517 669
3517 670
3516 670
3516 671
3515 671
3515 672
3513 672
3513 673
3511 673
3511 674
3510 674
3510 675
3507 675
3507 676
3506 676
3506 678
3505 678
3505 679
3504 679
3504 681
3503 681
3503 683
3502 683
3502 684
3501 684
3501 685
3499 685
3499 686
3496 686
3496 687
3494 687
3494 688
3493 688
3493 689
3492 689
3492 692
3491 692
3491 693
3490 693
3490 694
3489 694
3489 695
3487 695
3487 696
3485 696
3485 697
3483 697
3483 698
3482 698
3482 699
3480 699
3480 700
3479 700
3479 702
3478 702
3478 708
3477 708
3477 715
3476 715
3476 717
3475 717
3475 720
3474 720
3474 721
3473 721
3473 722
3472 722
3472 723
3471 723
3471 724
3470 724
3470 725
3469 725
3469 726
3466 726
3466 727
3464 727
3464 728
3462 728
3462 729
3461 729
3461 730
3458 730
3458 731
3456 731
3456 732
3453 732
3453 733
3451 733
3451 734
3450 734
3450 735
3449 735
3449 736
3448 736
3448 737
3447 737
3447 738
3446 738
3446 740
3445 740
3445 741
3444 741
3444 743
3443 743
3443 744
3442 744
3442 745
3441 745
3441 746
3440 746
3440 747
3439 747
3439 748
3438 748
3438 749
3435 749
3435 750
3433 750
3433 751
3431 751
3431 753
3430 753
3430 754
3429 754
3429 756
3428 756
3428 757
3427 757
3427 758
3426 758
3426 760
3425 760
3425 762
3424 762
3424 763
3423 763
3423 764
3421 764
3421 765
3419 765
3419 766
3417 766
3417 767
3416 767
3416 768
3415 768
3415 770
3414 770
3414 772
3413 772
3413 773
3412 773
3412 775
3411 775
3411 776
3409 776
3409 777
3408 777
3408 778
3406 778
3406 779
3402 779
3402 780
3398 780
3398 781
3395 781
3395 788
3394 788
3394 789
3392 789
3392 790
3388 790
3388 789
3373 789
3373 788
3365 788
3365 787
3361 787
3361 786
3360 786
3360 785
3359 785
3359 784
3358 784
3358 782
3357 782
3357 781
3356 781
3356 779
3355 779
3355 777
3354 777
3354 764
3353 764
3353 762
3352 762
3352 761
3340 761
3340 762
3339 762
3339 763
3338 763
3338 764
3337 764
3337 765
3336 765
3336 766
3335 766
3335 770
3334 770
3334 780
3333 780
3333 784
3332 784
3332 789
3331 789
3331 792
3330 792
3330 794
3329 794
3329 795
3328 795
3328 796
3327 796
3327 797
3326 797
3326 798
3324 798
3324 799
3323 799
3323 800
3322 800
3322 801
3321 801
3321 803
3320 803
3320 804
3319 804
3319 805
3318 805
3318 806
3317 806
3317 807
3316 807
3316 808
3315 808
3315 809
3313 809
3313 810
3309 810
3309 811
3308 811
3308 812
3305 812
3305 813
3304 813
3304 814
3301 814
3301 815
3300 815
3300 816
3299 816
3299 817
3298 817
3298 818
3296 818
3296 819
3295 819
3295 820
3294 820
3294 821
3293 821
3293 822
3292 822
3292 823
3291 823
3291 824
3288 824
3288 825
3287 825
3287 826
3285 826
3285 827
3284 827
3284 828
3283 828
3283 829
3282 829
3282 831
3281 831
3281 833
3280 833
3280 834
3279 834
3279 835
3278 835
3278 837
3277 837
3277 838
3276 838
3276 839
3275 839
3275 840
3274 840
3274 841
3273 841
3273 842
3272 842
3272 843
3271 843
3271 844
3270 844
3270 845
3269 845
3269 846
3268 846
3268 847
3267 847
3267 849
3266 849
3266 850
3265 850
3265 851
3264 851
3264 852
3263 852
3263 854
3262 854
3262 855
3261 855
3261 856
3260 856
3260 857
3259 857
3259 859
3258 859
3258 860
3257 860
3257 862
3256 862
3256 863
3255 863
3255 865
3254 865
3254 867
3253 867
3253 868
3252 868
3252 870
3251 870
3251 871
3250 871
3250 872
3249 872
3249 873
3248 873
3248 874
3246 874
3246 876
3245 876
3245 877
3244 877
3244 878
3243 878
3243 879
3242 879
3242 881
3241 881
3241 882
3240 882
3240 883
3239 883
3239 884
3237 884
3237 885
3236 885
3236 886
3235 886
3235 887
3234 887
3234 888
3232 888
3232 889
3230 889
3230 890
3228 890
3228 891
3227 891
3227 892
3226 892
3226 893
3225 893
3225 894
3224 894
3224 895
3223 895
3223 896
3221 896
3221 897
3220 897
3220 899
3219 899
3219 902
3218 902
3218 904
3214 904
3214 905
3202 905
3202 906
3199 906
3199 907
3198 907
3198 906
3194 906
3194 905
3192 905
3192 904
3190 904
3190 903
3188 903
3188 902
3187 902
3187 901
3185 901
3185 900
3183 900
3183 899
3181 899
3181 898
3179 898
3179 897
3178 897
3178 896
3176 896
3176 895
3175 895
3175 894
3174 894
3174 893
3172 893
3172 892
3171 892
3171 891
3168 891
3168 893
3167 893
3167 904
3166 904
3166 912
3165 912
3165 914
3164 914
3164 915
3163 915
3163 916
3162 916
3162 917
3161 917
3161 918
3159 918
3159 919
3156 919
3156 920
3155 920
3155 921
3154 921
3154 922
3153 922
3153 923
3152 923
3152 925
3151 925
3151 926
3150 926
3150 927
3149 927
3149 928
3148 928
3148 929
3147 929
3147 930
3145 930
3145 931
3143 931
3143 932
3142 932
3142 933
3141 933
3141 934
3140 934
3140 938
3139 938
3139 940
3138 940
3138 942
3137 942
3137 943
3135 943
3135 944
3133 944
3133 945
3132 945
3132 946
3131 946
3131 947
3130 947
3130 949
3129 949
3129 952
3128 952
3128 956
3127 956
3127 968
3126 968
3126 976
3125 976
3125 979
3124 979
3124 982
3123 982
3123 984
3122 984
3122 985
3120 985
3120 986
3119 986
3119 987
3118 987
3118 988
3117 988
3117 989
3116 989
3116 990
3114 990
3114 991
3111 991
3111 992
3109 992
3109 994
3108 994
3108 995
3107 995
3107 996
3106 996
3106 997
3103 997
3103 996
3099 996
3099 995
3097 995
3097 994
3096 994
3096 993
3095 993
3095 990
3094 990
3094 986
3093 986
3093 985
3092 985
3092 984
3091 984
3091 983
3090 983
3090 982
3088 982
3088 981
3087 981
3087 980
3086 980
3086 978
3085 978
3085 976
3086 976
3086 969
3085 969
3085 965
3084 965
3084 964
3083 964
3083 963
3078 963
3078 962
3076 962
3076 961
3074 961
3074 960
3073 960
3073 959
3071 959
3071 958
3070 958
3070 957
3069 957
3069 956
3068 956
3068 955
3067 955
3067 954
3066 954
3066 953
3065 953
3065 952
3064 952
3064 951
3063 951
3063 949
3062 949
3062 941
3061 941
3061 939
3056 939
3056 940
3054 940
3054 941
3046 941
3046 942
3043 942
3043 943
3041 943
3041 944
3037 944
3037 945
3036 945
3036 952
3035 952
3035 969
3034 969
3034 974
3033 974
3033 977
3032 977
3032 981
3031 981
3031 983
3030 983
3030 984
3029 984
3029 985
3028 985
3028 986
3027 986
3027 987
3025 987
3025 988
3022 988
3022 989
3020 989
3020 990
3019 990
3019 991
3018 991
3018 992
3016 992
3016 993
3015 993
3015 994
3013 994
3013 995
3011 995
3011 996
3007 996
3007 997
3006 997
3006 998
3005 998
3005 999
3004 999
3004 1000
3003 1000
3003 1001
3001 1001
3001 1002
2999 1002
2999 1003
2994 1003
2994 1004
2977 1004
2977 1005
2975 1005
2975 1006
2967 1006
2967 1007
2958 1007
2958 1008
2941 1008
2941 1007
2929 1007
2929 1006
2918 1006
2918 1005
2913 1005
2913 1004
2907 1004
2907 1003
2898 1003
2898 1004
2897 1004
2897 1007
2896 1007
2896 1010
2895 1010
2895 1020
2894 1020
2894 1022
2893 1022
2893 1023
2892 1023
2892 1024
2890 1024
2890 1025
2886 1025
2886 1026
2883 1026
2883 1028
2882 1028
2882 1030
2881 1030
2881 1032
2880 1032
2880 1033
2879 1033
2879 1034
2878 1034
2878 1035
2877 1035
2877 1036
2876 1036
2876 1037
2874 1037
2874 1038
2872 1038
2872 1039
2871 1039
2871 1042
2870 1042
2870 1050
2869 1050
2869 1053
2868 1053
2868 1056
2867 1056
2867 1057
2866 1057
2866 1058
2864 1058
2864 1059
2861 1059
2861 1060
2857 1060
2857 1061
2855 1061
2855 1062
2852 1062
2852 1063
2850 1063
2850 1064
2848 1064
2848 1065
2841 1065
2841 1066
2836 1066
2836 1065
2828 1065
2828 1064
2822 1064
2822 1069
2821 1069
2821 1078
2820 1078
2820 1080
2819 1080
2819 1081
2818 1081
2818 1082
2816 1082
2816 1083
2815 1083
2815 1084
2814 1084
2814 1085
2813 1085
2813 1086
2803 1086
2803 1087
2792 1087
2792 1088
2789 1088
2789 1087
2783 1087
2783 1088
2779 1088
2779 1087
2775 1087
2775 1086
2767 1086
2767 1085
2764 1085
2764 1084
2758 1084
2758 1083
2743 1083
2743 1082
2738 1082
2738 1081
2733 1081
2733 1080
2726 1080
2726 1081
2718 1081
2718 1083
2717 1083
2717 1085
2716 1085
2716 1089
2715 1089
2715 1097
2714 1097
2714 1104
2713 1104
2713 1108
2712 1108
2712 1109
2710 1109
2710 1110
2708 1110
2708 1111
2706 1111
2706 1112
2704 1112
2704 1113
2701 1113
2701 1114
2699 1114
2699 1115
2692 1115
2692 1116
2685 1116
2685 1115
2679 1115
2679 1114
2674 1114
2674 1113
2671 1113
2671 1112
2667 1112
2667 1111
2665 1111
2665 1110
2664 1110
2664 1109
2660 1109
2660 1108
2656 1108
2656 1107
2654 1107
2654 1106
2651 1106
2651 1105
2649 1105
2649 1104
2645 1104
2645 1103
2644 1103
2644 1102
2642 1102
2642 1101
2630 1101
2630 1100
2626 1100
2626 1099
2624 1099
2624 1098
2623 1098
2623 1097
2622 1097
2622 1096
2621 1096
2621 1094
2620 1094
2620 1092
2619 1092
2619 1088
2618 1088
2618 1078
2604 1078
2604 1077
2597 1077
2597 1076
2587 1076
2587 1075
2584 1075
2584 1074
2566 1074
2566 1075
2563 1075
2563 1076
2549 1076
2549 1075
2547 1075
2547 1074
2546 1074
2546 1073
2532 1073
2532 1074
2530 1074
2530 1075
2529 1075
2529 1077
2528 1077
2528 1078
2527 1078
2527 1082
2528 1082
2528 1088
2527 1088
2527 1089
2526 1089
2526 1090
2525 1090
2525 1091
2524 1091
2524 1092
2522 1092
2522 1093
2521 1093
2521 1094
2514 1094
2514 1095
2513 1095
2513 1096
2512 1096
2512 1106
2511 1106
2511 1110
2510 1110
2510 1115
2509 1115
2509 1116
2508 1116
2508 1119
2507 1119
2507 1120
2506 1120
2506 1121
2505 1121
2505 1122
2504 1122
2504 1123
2503 1123
2503 1124
2502 1124
2502 1125
2501 1125
2501 1126
2500 1126
2500 1127
2498 1127
2498 1128
2492 1128
2492 1129
2486 1129
2486 1128
2482 1128
2482 1127
2475 1127
2475 1126
2464 1126
2464 1125
2462 1125
2462 1124
2447 1124
2447 1125
2446 1125
2446 1130
2445 1130
2445 1138
2444 1138
2444 1139
2443 1139
2443 1140
2442 1140
2442 1141
2440 1141
2440 1142
2439 1142
2439 1143
2438 1143
2438 1144
2437 1144
2437 1145
2436 1145
2436 1146
2433 1146
2433 1147
2431 1147
2431 1148
2425 1148
2425 1150
2424 1150
2424 1157
2415 1157
2415 1156
2407 1156
2407 1155
2401 1155
2401 1154
2384 1154
2384 1153
2380 1153
2380 1152
2374 1152
2374 1153
2361 1153
2361 1152
2354 1152
2354 1151
2339 1151
2339 1150
2332 1150
2332 1149
2329 1149
2329 1150
2324 1150
2324 1149
2320 1149
2320 1148
2314 1148
2314 1147
2300 1147
2300 1148
2296 1148
2296 1147
2293 1147
2293 1146
2292 1146
2292 1147
2288 1147
2288 1146
2284 1146
2284 1145
2275 1145
2275 1144
2273 1144
2273 1143
2271 1143
2271 1142
2270 1142
2270 1141
2264 1141
2264 1140
2260 1140
2260 1139
2258 1139
2258 1138
2257 1138
2257 1137
2256 1137
2256 1136
2255 1136
2255 1135
2254 1135
2254 1134
2252 1134
2252 1133
2250 1133
2250 1132
2248 1132
2248 1131
2247 1131
2247 1130
2246 1130
2246 1129
2245 1129
2245 1128
2244 1128
2244 1127
2243 1127
2243 1126
2242 1126
2242 1125
2240 1125
2240 1124
2239 1124
2239 1123
2238 1123
2238 1122
2237 1122
2237 1120
2236 1120
2236 1119
2235 1119
2235 1118
2234 1118
2234 1117
2233 1117
2233 1116
2231 1116
2231 1115
2229 1115
2229 1114
2228 1114
2228 1113
2227 1113
2227 1111
2226 1111
2226 1110
2225 1110
2225 1108
2224 1108
2224 1106
2223 1106
2223 1101
2222 1101
2222 1096
2221 1096
2221 1094
2218 1094
2218 1093
2217 1093
2217 1092
2216 1092
2216 1091
2215 1091
2215 1090
2214 1090
2214 1089
2212 1089
2212 1088
2211 1088
2211 1087
2210 1087
2210 1086
2209 1086
2209 1084
2205 1084
2205 1083
2204 1083
2204 1082
2203 1082
2203 1081
2201 1081
2201 1080
2200 1080
2200 1079
2199 1079
2199 1078
2198 1078
2198 1077
2197 1077
2197 1076
2196 1076
2196 1075
2195 1075
2195 1074
2194 1074
2194 1072
2193 1072
2193 1071
2192 1071
2192 1070
2191 1070
2191 1069
2190 1069
2190 1068
2189 1068
2189 1067
2188 1067
2188 1066
2186 1066
2186 1065
2185 1065
2185 1064
2183 1064
2183 1063
2182 1063
2182 1062
2176 1062
2176 1061
2173 1061
2173 1060
2171 1060
2171 1059
2170 1059
2170 1058
2158 1058
2158 1057
2147 1057
2147 1056
2141 1056
2141 1055
2120 1055
2120 1054
2109 1054
2109 1053
2106 1053
2106 1052
2100 1052
2100 1051
2090 1051
2090 1050
2080 1050
2080 1049
2074 1049
2074 1048
2068 1048
2068 1049
2067 1049
2067 1048
2059 1048
2059 1049
2056 1049
2056 1048
2051 1048
2051 1049
2047 1049
2047 1050
2043 1050
2043 1051
2033 1051
2033 1050
2021 1050
2021 1051
2012 1051
2012 1052
2010 1052
2010 1053
2009 1053
2009 1054
2007 1054
2007 1055
2005 1055
2005 1056
1998 1056
1998 1057
1996 1057
1996 1058
1994 1058
1994 1059
1990 1059
1990 1060
1985 1060
1985 1061
1984 1061
1984 1063
1983 1063
1983 1064
1982 1064
1982 1065
1980 1065
1980 1066
1971 1066
1971 1067
1956 1067
1956 1068
1951 1068
1951 1069
1948 1069
1948 1070
1947 1070
1947 1071
1946 1071
1946 1072
1944 1072
1944 1073
1928 1073
1928 1074
1927 1074
1927 1075
1926 1075
1926 1076
1925 1076
1925 1077
1924 1077
1924 1078
1923 1078
1923 1079
1922 1079
1922 1080
1920 1080
1920 1081
1912 1081
1912 1080
1901 1080
1901 1081
1897 1081
1897 1082
1895 1082
1895 1083
1888 1083
1888 1082
1879 1082
1879 1083
1871 1083
1871 1082
1860 1082
1860 1083
1856 1083
1856 1082
1840 1082
1840 1081
1838 1081
1838 1082
1827 1082
1827 1081
1813 1081
1813 1082
1809 1082
1809 1083
1807 1083
1807 1084
1788 1084
1788 1083
1781 1083
1781 1082
1772 1082
1772 1081
1770 1081
1770 1080
1768 1080
1768 1079
1766 1079
1766 1078
1764 1078
1764 1077
1762 1077
1762 1076
1760 1076
1760 1075
1759 1075
1759 1074
1758 1074
1758 1073
1757 1073
1757 1072
1756 1072
1756 1070
1755 1070
1755 1068
1754 1068
1754 1064
1753 1064
1753 1062
1752 1062
1752 1061
1751 1061
1751 1060
1750 1060
1750 1059
1748 1059
1748 1058
1747 1058
1747 1057
1746 1057
1746 1056
1745 1056
1745 1055
1744 1055
1744 1046
1743 1046
1743 1042
1742 1042
1742 1041
1740 1041
1740 1040
1737 1040
1737 1039
1734 1039
1734 1040
1727 1040
1727 1039
1718 1039
1718 1040
1715 1040
1715 1041
1708 1041
1708 1049
1707 1049
1707 1053
1708 1053
1708 1061
1707 1061
1707 1062
1706 1062
1706 1063
1704 1063
1704 1064
1701 1064
1701 1065
1698 1065
1698 1066
1696 1066
1696 1067
1693 1067
1693 1068
1684 1068
1684 1067
1678 1067
1678 1066
1676 1066
1676 1065
1675 1065
1675 1064
1671 1064
1671 1063
1666 1063
1666 1062
1663 1062
1663 1061
1660 1061
1660 1060
1659 1060
1659 1059
1658 1059
1658 1058
1657 1058
1657 1055
1656 1055
1656 1051
1655 1051
1655 1050
1653 1050
1653 1049
1652 1049
1652 1048
1651 1048
1651 1047
1650 1047
1650 1046
1648 1046
1648 1045
1647 1045
1647 1044
1644 1044
1644 1043
1638 1043
1638 1042
1636 1042
1636 1041
1633 1041
1633 1040
1632 1040
1632 1039
1629 1039
1629 1038
1627 1038
1627 1037
1624 1037
1624 1036
1621 1036
1621 1035
1617 1035
1617 1034
1613 1034
1613 1033
1612 1033
1612 1032
1611 1032
1611 1031
1610 1031
1610 1030
1601 1030
1601 1031
1596 1031
1596 1032
1594 1032
1594 1033
1593 1033
1593 1034
1591 1034
1591 1035
1588 1035
1588 1036
1587 1036
1587 1037
1585 1037
1585 1038
1583 1038
1583 1039
1580 1039
1580 1040
1566 1040
1566 1039
1564 1039
1564 1038
1563 1038
1563 1037
1562 1037
1562 1036
1561 1036
1561 1035
1560 1035
1560 1032
1559 1032
1559 1030
1558 1030
1558 1029
1557 1029
1557 1028
1556 1028
1556 1027
1553 1027
1553 1026
1549 1026
1549 1025
1546 1025
1546 1024
1545 1024
1545 1023
1542 1023
1542 1022
1539 1022
1539 1021
1536 1021
1536 1020
1534 1020
1534 1019
1533 1019
1533 1018
1530 1018
1530 1017
1526 1017
1526 1016
1524 1016
1524 1015
1521 1015
1521 1014
1520 1014
1520 1013
1515 1013
1515 1012
1513 1012
1513 1011
1506 1011
1506 1019
1505 1019
1505 1020
1495 1020
1495 1019
1492 1019
1492 1018
1487 1018
1487 1017
1485 1017
1485 1016
1484 1016
1484 1015
1483 1015
1483 1014
1482 1014
1482 1012
1481 1012
1481 1006
1480 1006
1480 1004
1479 1004
1479 1003
1478 1003
1478 1002
1476 1002
1476 1001
1473 1001
1473 1000
1471 1000
1471 999
1470 999
1470 998
1469 998
1469 997
1468 997
1468 996
1467 996
1467 995
1465 995
1465 994
1463 994
1463 993
1461 993
1461 992
1457 992
1457 991
1456 991
1456 990
1455 990
1455 988
1454 988
1454 986
1453 986
1453 984
1452 984
1452 980
1451 980
1451 974
1450 974
1450 972
1449 972
1449 970
1448 970
1448 969
1446 969
1446 968
1445 968
1445 967
1444 967
1444 966
1443 966
1443 965
1442 965
1442 964
1441 964
1441 963
1440 963
1440 961
1439 961
1439 944
1438 944
1438 942
1434 942
1434 943
1431 943
1431 944
1429 944
1429 945
1426 945
1426 946
1423 946
1423 947
1417 947
1417 948
1416 948
1416 951
1415 951
1415 958
1414 958
1414 959
1413 959
1413 960
1412 960
1412 961
1411 961
1411 962
1409 962
1409 963
1404 963
1404 964
1398 964
1398 963
1390 963
1390 964
1389 964
1389 963
1387 963
1387 962
1384 962
1384 961
1382 961
1382 960
1381 960
1381 959
1380 959
1380 958
1379 958
1379 956
1378 956
1378 955
1377 955
1377 954
1376 954
1376 945
1375 945
1375 938
1373 938
1373 937
1372 937
1372 936
1371 936
1371 935
1370 935
1370 934
1369 934
1369 933
1368 933
1368 932
1367 932
1367 931
1366 931
1366 929
1365 929
1365 928
1364 928
1364 927
1361 927
1361 926
1350 926
1350 927
1345 927
1345 926
1338 926
1338 925
1333 925
1333 924
1331 924
1331 923
1328 923
1328 922
1325 922
1325 921
1322 921
1322 920
1320 920
1320 919
1318 919
1318 918
1317 918
1317 917
1316 917
1316 916
1315 916
1315 915
1311 915
1311 914
1309 914
1309 913
1308 913
1308 912
1307 912
1307 911
1306 911
1306 910
1305 910
1305 909
1304 909
1304 908
1303 908
1303 907
1302 907
1302 906
1299 906
1299 905
1298 905
1298 904
1297 904
1297 903
1295 903
1295 902
1294 902
1294 901
1293 901
1293 900
1292 900
1292 899
1291 899
1291 896
1290 896
1290 884
1289 884
1289 877
1288 877
1288 876
1282 876
1282 875
1277 875
1277 874
1275 874
1275 873
1272 873
1272 872
1271 872
1271 871
1270 871
1270 870
1269 870
1269 869
1268 869
1268 867
1267 867
1267 866
1266 866
1266 864
1265 864
1265 861
1264 861
1264 857
1265 857
1265 856
1264 856
1264 851
1263 851
1263 850
1262 850
1262 849
1260 849
1260 848
1255 848
1255 847
1254 847
1254 846
1253 846
1253 845
1252 845
1252 844
1248 844
1248 843
1247 843
1247 842
1245 842
1245 841
1244 841
1244 840
1243 840
1243 839
1242 839
1242 838
1241 838
1241 837
1240 837
1240 835
1239 835
1239 833
1238 833
1238 831
1237 831
1237 830
1235 830
1235 829
1233 829
1233 828
1231 828
1231 827
1229 827
1229 826
1228 826
1228 825
1227 825
1227 824
1226 824
1226 823
1225 823
1225 821
1224 821
1224 820
1223 820
1223 819
1221 819
1221 818
1220 818
1220 817
1218 817
1218 816
1217 816
1217 815
1216 815
1216 813
1215 813
1215 810
1214 810
1214 808
1213 808
1213 807
1212 807
1212 798
1213 798
1213 797
1212 797
1212 786
1211 786
1211 784
1210 784
1210 783
1208 783
1208 782
1207 782
1207 781
1206 781
1206 780
1205 780
1205 779
1204 779
1204 778
1203 778
1203 777
1202 777
1202 776
1201 776
1201 767
1200 767
1200 765
1199 765
1199 764
1195 764
1195 763
1193 763
1193 762
1186 762
1186 761
1184 761
1184 760
1182 760
1182 759
1181 759
1181 758
1180 758
1180 757
1179 757
1179 756
1178 756
1178 755
1177 755
1177 754
1176 754
1176 753
1175 753
1175 752
1174 752
1174 751
1173 751
1173 750
1172 750
1172 749
1170 749
1170 748
1168 748
1168 747
1167 747
1167 746
1166 746
1166 741
1165 741
1165 738
1164 738
1164 734
1163 734
1163 733
1162 733
1162 732
1159 732
1159 731
1158 731
1158 730
1156 730
1156 729
1155 729
1155 728
1154 728
1154 727
1153 727
1153 726
1151 726
1151 725
1147 725
1147 724
1145 724
1145 723
1144 723
1144 722
1143 722
1143 721
1142 721
1142 720
1141 720
1141 718
1140 718
1140 717
1138 717
1138 716
1136 716
1136 715
1135 715
1135 714
1132 714
1132 713
1131 713
1131 712
1129 712
1129 711
1124 711
1124 710
1123 710
1123 709
1122 709
1122 708
1120 708
1120 707
1119 707
1119 706
1118 706
1118 705
1116 705
1116 704
1113 704
1113 703
1111 703
1111 702
1109 702
1109 701
1108 701
1108 700
1107 700
1107 699
1106 699
1106 698
1105 698
1105 697
1104 697
1104 693
1103 693
1103 691
1102 691
1102 690
1101 690
1101 689
1098 689
1098 688
1097 688
1097 687
1096 687
1096 686
1095 686
1095 684
1094 684
1094 681
1093 681
1093 679
1092 679
1092 678
1091 678
1091 677
1090 677
1090 676
1089 676
1089 675
1087 675
1087 674
1086 674
1086 673
1085 673
1085 672
1084 672
1084 671
1083 671
1083 670
1082 670
1082 669
1081 669
1081 668
1080 668
1080 660
1079 660
1079 659
1077 659
1077 658
1076 658
1076 657
1075 657
1075 656
1073 656
1073 655
1072 655
1072 654
1067 654
1067 653
1065 653
1065 652
1063 652
1063 651
1062 651
1062 650
1061 650
1061 649
1060 649
1060 648
1059 648
1059 647
1058 647
1058 643
1057 643
1057 642
1056 642
1056 641
1054 641
1054 640
1053 640
1053 639
1052 639
1052 638
1051 638
1051 637
1050 637
1050 636
1049 636
1049 635
1048 635
1048 633
1047 633
1047 632
1046 632
1046 629
1045 629
1045 627
1043 627
1043 626
1042 626
1042 625
1040 625
1040 624
1038 624
1038 623
1037 623
1037 622
1036 622
1036 620
1035 620
1035 619
1034 619
1034 618
1033 618
1033 617
1032 617
1032 613
1031 613
1031 611
1030 611
1030 607
1029 607
1029 606
1028 606
1028 602
1026 602
1026 601
1024 601
1024 600
1023 600
1023 599
1022 599
1022 598
1021 598
1021 597
1020 597
1020 596
1019 596
1019 594
1018 594
1018 593
1017 593
1017 592
1016 592
1016 591
1014 591
1014 590
1013 590
1013 589
1010 589
1010 588
1009 588
1009 587
1008 587
1008 586
1007 586
1007 585
1006 585
1006 584
1005 584
1005 583
1004 583
1004 582
1003 582
1003 578
1002 578
1002 577
1000 577
1000 576
998 576
998 575
997 575
997 574
995 574
995 573
994 573
994 572
993 572
993 571
992 571
992 569
991 569
991 567
990 567
990 562
991 562
991 554
990 554
990 553
988 553
988 552
987 552
987 551
985 551
985 550
983 550
983 549
982 549
982 548
981 548
981 546
980 546
980 545
979 545
979 542
978 542
978 540
976 540
976 539
973 539
973 538
972 538
972 537
971 537
971 536
970 536
970 534
969 534
969 533
968 533
968 530
967 530
967 504
964 504
964 503
962 503
962 502
961 502
961 501
959 501
959 500
958 500
958 499
957 499
957 498
956 498
956 484
955 484
955 483
954 483
954 482
951 482
951 481
950 481
950 480
949 480
949 479
948 479
948 478
947 478
947 477
946 477
946 476
945 476
945 475
943 475
943 474
940 474
940 473
938 473
938 472
937 472
937 471
936 471
936 470
935 470
935 469
931 469
931 468
929 468
929 467
927 467
927 466
925 466
925 465
924 465
924 464
923 464
923 463
922 463
922 461
921 461
921 460
920 460
920 450
919 450
919 449
917 449
917 448
915 448
915 447
913 447
913 446
912 446
912 444
911 444
911 443
910 443
910 441
909 441
909 431
908 431
908 430
907 430
907 429
905 429
905 428
902 428
902 427
901 427
901 426
900 426
900 425
899 425
899 423
898 423
898 422
897 422
897 415
896 415
896 414
893 414
893 413
891 413
891 412
890 412
890 411
889 411
889 410
888 410
888 409
887 409
887 407
886 407
886 406
885 406
885 399
884 399
884 398
883 398
883 397
882 397
882 396
880 396
880 395
879 395
879 394
878 394
878 393
877 393
877 392
876 392
876 391
874 391
874 390
873 390
873 382
874 382
874 361
873 361
873 359
871 359
871 358
868 358
868 357
867 357
867 356
866 356
866 355
865 355
865 354
864 354
864 353
862 353
862 352
864 352
864 353
865 353
865 354
866 354
866 355
867 355
867 356
868 356
868 357
871 357
871 358
873 358
873 359
874 359
874 361
875 361
875 382
874 382
874 390
876 390
876 391
877 391
877 392
878 392
878 393
879 393
879 394
880 394
880 395
882 395
882 396
883 396
883 397
884 397
884 398
885 398
885 399
886 399
886 406
887 406
887 407
888 407
888 409
889 409
889 410
890 410
890 411
891 411
891 412
893 412
893 413
896 413
896 414
897 414
897 415
898 415
898 422
899 422
899 423
900 423
900 425
901 425
901 426
902 426
902 427
905 427
905 428
907 428
907 429
908 429
908 430
909 430
909 431
910 431
910 441
911 441
911 443
912 443
912 444
913 444
913 446
915 446
915 447
917 447
917 448
919 448
919 449
920 449
920 450
921 450
921 460
922 460
922 461
923 461
923 463
924 463
924 464
925 464
925 465
927 465
927 466
929 466
929 467
931 467
931 468
935 468
935 469
936 469
936 470
937 470
937 471
938 471
938 472
940 472
940 473
943 473
943 474
945 474
945 475
946 475
946 476
947 476
947 477
948 477
948 478
949 478
949 479
950 479
950 480
951 480
951 481
954 481
954 482
955 482
955 483
956 483
956 484
957 484
957 498
958 498
958 499
959 499
959 500
961 500
961 501
962 501
962 502
964 502
964 503
967 503
967 504
968 504
968 530
969 530
969 533
970 533
970 534
971 534
971 536
972 536
972 537
973 537
973 538
976 538
976 539
978 539
978 540
979 540
979 542
980 542
980 545
981 545
981 546
982 546
982 548
983 548
983 549
985 549
985 550
987 550
987 551
988 551
988 552
990 552
990 553
991 553
991 554
992 554
992 562
991 562
991 567
992 567
992 569
993 569
993 571
994 571
994 572
995 572
995 573
997 573
997 574
998 574
998 575
1000 575
1000 576
1002 576
1002 577
1003 577
1003 578
1004 578
1004 582
1005 582
1005 583
1006 583
1006 584
1007 584
1007 585
1008 585
1008 586
1009 586
1009 587
1010 587
1010 588
1013 588
1013 589
1014 589
1014 590
1016 590
1016 591
1017 591
1017 592
1018 592
1018 593
1019 593
1019 594
1020 594
1020 596
1021 596
1021 597
1022 597
1022 598
1023 598
1023 599
1024 599
1024 600
1026 600
1026 601
1028 601
1028 602
1029 602
1029 606
1030 606
1030 607
1031 607
1031 611
1032 611
1032 613
1033 613
1033 617
1034 617
1034 618
1035 618
1035 619
1036 619
1036 620
1037 620
1037 622
1038 622
1038 623
1040 623
1040 624
1042 624
1042 625
1043 625
1043 626
1045 626
1045 627
1046 627
1046 629
1047 629
1047 632
1048 632
1048 633
1049 633
1049 635
1050 635
1050 636
1051 636
1051 637
1052 637
1052 638
1053 638
1053 639
1054 639
1054 640
1056 640
1056 641
1057 641
1057 642
1058 642
1058 643
1059 643
1059 647
1060 647
1060 648
1061 648
1061 649
1062 649
1062 650
1063 650
1063 651
1065 651
1065 652
1067 652
1067 653
1072 653
1072 654
1073 654
1073 655
1075 655
1075 656
1076 656
1076 657
1077 657
1077 658
1079 658
1079 659
1080 659
1080 660
1081 660
1081 668
1082 668
1082 669
1083 669
1083 670
1084 670
1084 671
1085 671
1085 672
1086 672
1086 673
1087 673
1087 674
1089 674
1089 675
1090 675
1090 676
1091 676
1091 677
1092 677
1092 678
1093 678
1093 679
1094 679
1094 681
1095 681
1095 684
1096 684
1096 686
1097 686
1097 687
1098 687
1098 688
1101 688
1101 689
1102 689
1102 690
1103 690
1103 691
1104 691
1104 693
1105 693
1105 697
1106 697
1106 698
1107 698
1107 699
1108 699
1108 700
1109 700
1109 701
1111 701
1111 702
1113 702
1113 703
1116 703
1116 704
1118 704
1118 705
1119 705
1119 706
1120 706
1120 707
1122 707
1122 708
1123 708
1123 709
1124 709
1124 710
1129 710
1129 711
1131 711
1131 712
1132 712
1132 713
1135 713
1135 714
1136 714
1136 715
1138 715
1138 716
1140 716
1140 717
1141 717
1141 718
1142 718
1142 720
1143 720
1143 721
1144 721
1144 722
1145 722
1145 723
1147 723
1147 724
1151 724
1151 725
1153 725
1153 726
1154 726
1154 727
1155 727
1155 728
1156 728
1156 729
1158 729
1158 730
1159 730
1159 731
1162 731
1162 732
1163 732
1163 733
1164 733
1164 734
1165 734
1165 738
1166 738
1166 741
1167 741
1167 746
1168 746
1168 747
1170 747
1170 748
1172 748
1172 749
1173 749
1173 750
1174 750
1174 751
1175 751
1175 752
1176 752
1176 753
1177 753
1177 754
1178 754
1178 755
1179 755
1179 756
1180 756
1180 757
1181 757
1181 758
1182 758
1182 759
1184 759
1184 760
1186 760
1186 761
1193 761
1193 762
1195 762
1195 763
1199 763
1199 764
1200 764
1200 765
1201 765
1201 767
1202 767
1202 776
1203 776
1203 777
1204 777
1204 778
1205 778
1205 779
1206 779
1206 780
1207 780
1207 781
1208 781
1208 782
1210 782
1210 783
1211 783
1211 784
1212 784
1212 786
1213 786
1213 797
1214 797
1214 798
1213 798
1213 807
1214 807
1214 808
1215 808
1215 810
1216 810
1216 813
1217 813
1217 815
1218 815
1218 816
1220 816
1220 817
1221 817
1221 818
1223 818
1223 819
1224 819
1224 820
1225 820
1225 821
1226 821
1226 823
1227 823
1227 824
1228 824
1228 825
1229 825
1229 826
1231 826
1231 827
1233 827
1233 828
1235 828
1235 829
1237 829
1237 830
1238 830
1238 831
1239 831
1239 833
1240 833
1240 835
1241 835
1241 837
1242 837
1242 838
1243 838
1243 839
1244 839
1244 840
1245 840
1245 841
1247 841
1247 842
1248 842
1248 843
1252 843
1252 844
1253 844
1253 845
1254 845
1254 846
1255 846
1255 847
1260 847
1260 848
1262 848
1262 849
1263 849
1263 850
1264 850
1264 851
1265 851
1265 856
1266 856
1266 857
1265 857
1265 861
1266 861
1266 864
1267 864
1267 866
1268 866
1268 867
1269 867
1269 869
1270 869
1270 870
1271 870
1271 871
1272 871
1272 872
1275 872
1275 873
1277 873
1277 874
1282 874
1282 875
1288 875
1288 876
1289 876
1289 877
1290 877
1290 884
1291 884
1291 896
1292 896
1292 899
1293 899
1293 900
1294 900
1294 901
1295 901
1295 902
1297 902
1297 903
1298 903
1298 904
1299 904
1299 905
1302 905
1302 906
1303 906
1303 907
1304 907
1304 908
1305 908
1305 909
1306 909
1306 910
1307 910
1307 911
1308 911
1308 912
1309 912
1309 913
1311 913
1311 914
1315 914
1315 915
1316 915
1316 916
1317 916
1317 917
1318 917
1318 918
1320 918
1320 919
1322 919
1322 920
1325 920
1325 921
1328 921
1328 922
1331 922
1331 923
1333 923
1333 924
1338 924
1338 925
1345 925
1345 926
1350 926
1350 925
1361 925
1361 926
1364 926
1364 927
1365 927
1365 928
1366 928
1366 929
1367 929
1367 931
1368 931
1368 932
1369 932
1369 933
1370 933
1370 934
1371 934
1371 935
1372 935
1372 936
1373 936
1373 937
1375 937
1375 938
1376 938
1376 945
1377 945
1377 954
1378 954
1378 955
1379 955
1379 956
1380 956
1380 958
1381 958
1381 959
1382 959
1382 960
1384 960
1384 961
1387 961
1387 962
1389 962
1389 963
1390 963
1390 962
1398 962
1398 963
1404 963
1404 962
1409 962
1409 961
1411 961
1411 960
1412 960
1412 959
1413 959
1413 958
1414 958
1414 951
1415 951
1415 947
1417 947
1417 946
1423 946
1423 945
1426 945
1426 944
1429 944
1429 943
1431 943
1431 942
1434 942
1434 941
1438 941
1438 942
1439 942
1439 944
1440 944
1440 961
1441 961
1441 963
1442 963
1442 964
1443 964
1443 965
1444 965
1444 966
1445 966
1445 967
1446 967
1446 968
1448 968
1448 969
1449 969
1449 970
1450 970
1450 972
1451 972
1451 974
1452 974
1452 980
1453 980
1453 984
1454 984
1454 986
1455 986
1455 988
1456 988
1456 990
1457 990
1457 991
1461 991
1461 992
1463 992
1463 993
1465 993
1465 994
1467 994
1467 995
1468 995
1468 996
1469 996
1469 997
1470 997
1470 998
1471 998
1471 999
1473 999
1473 1000
1476 1000
1476 1001
1478 1001
1478 1002
1479 1002
1479 1003
1480 1003
1480 1004
1481 1004
1481 1006
1482 1006
1482 1012
1483 1012
1483 1014
1484 1014
1484 1015
1485 1015
1485 1016
1487 1016
1487 1017
1492 1017
1492 1018
1495 1018
1495 1019
1505 1019
1505 1011
1506 1011
1506 1010
1513 1010
1513 1011
1515 1011
1515 1012
1520 1012
1520 1013
1521 1013
1521 1014
1524 1014
1524 1015
1526 1015
1526 1016
1530 1016
1530 1017
1533 1017
1533 1018
1534 1018
1534 1019
1536 1019
1536 1020
1539 1020
1539 1021
1542 1021
1542 1022
1545 1022
1545 1023
1546 1023
1546 1024
1549 1024
1549 1025
1553 1025
1553 1026
1556 1026
1556 1027
1557 1027
1557 1028
1558 1028
1558 1029
1559 1029
1559 1030
1560 1030
1560 1032
1561 1032
1561 1035
1562 1035
1562 1036
1563 1036
1563 1037
1564 1037
1564 1038
1566 1038
1566 1039
1580 1039
1580 1038
1583 1038
1583 1037
1585 1037
1585 1036
1587 1036
1587 1035
1588 1035
1588 1034
1591 1034
1591 1033
1593 1033
1593 1032
1594 1032
1594 1031
1596 1031
1596 1030
1601 1030
1601 1029
1610 1029
1610 1030
1611 1030
1611 1031
1612 1031
1612 1032
1613 1032
1613 1033
1617 1033
1617 1034
1621 1034
1621 1035
1624 1035
1624 1036
1627 1036
1627 1037
1629 1037
1629 1038
1632 1038
1632 1039
1633 1039
1633 1040
1636 1040
1636 1041
1638 1041
1638 1042
1644 1042
1644 1043
1647 1043
1647 1044
1648 1044
1648 1045
1650 1045
1650 1046
1651 1046
1651 1047
1652 1047
1652 1048
1653 1048
1653 1049
1655 1049
1655 1050
1656 1050
1656 1051
1657 1051
1657 1055
1658 1055
1658 1058
1659 1058
1659 1059
1660 1059
1660 1060
1663 1060
1663 1061
1666 1061
1666 1062
1671 1062
1671 1063
1675 1063
1675 1064
1676 1064
1676 1065
1678 1065
1678 1066
1684 1066
1684 1067
1693 1067
1693 1066
1696 1066
1696 1065
1698 1065
1698 1064
1701 1064
1701 1063
1704 1063
1704 1062
1706 1062
1706 1061
1707 1061
1707 1053
1706 1053
1706 1049
1707 1049
1707 1041
1708 1041
1708 1040
1715 1040
1715 1039
1718 1039
1718 1038
1727 1038
1727 1039
1734 1039
1734 1038
1737 1038
1737 1039
1740 1039
1740 1040
1742 1040
1742 1041
1743 1041
1743 1042
1744 1042
1744 1046
1745 1046
1745 1055
1746 1055
1746 1056
1747 1056
1747 1057
1748 1057
1748 1058
1750 1058
1750 1059
1751 1059
1751 1060
1752 1060
1752 1061
1753 1061
1753 1062
1754 1062
1754 1064
1755 1064
1755 1068
1756 1068
1756 1070
1757 1070
1757 1072
1758 1072
1758 1073
1759 1073
1759 1074
1760 1074
1760 1075
1762 1075
1762 1076
1764 1076
1764 1077
1766 1077
1766 1078
1768 1078
1768 1079
1770 1079
1770 1080
1772 1080
1772 1081
1781 1081
1781 1082
1788 1082
1788 1083
1807 1083
1807 1082
1809 1082
1809 1081
1813 1081
1813 1080
1827 1080
1827 1081
1838 1081
1838 1080
1840 1080
1840 1081
1856 1081
1856 1082
1860 1082
1860 1081
1871 1081
1871 1082
1879 1082
1879 1081
1888 1081
1888 1082
1895 1082
1895 1081
1897 1081
1897 1080
1901 1080
1901 1079
1912 1079
1912 1080
1920 1080
1920 1079
1922 1079
1922 1078
1923 1078
1923 1077
1924 1077
1924 1076
1925 1076
1925 1075
1926 1075
1926 1074
1927 1074
1927 1073
1928 1073
1928 1072
1944 1072
1944 1071
1946 1071
1946 1070
1947 1070
1947 1069
1948 1069
1948 1068
1951 1068
1951 1067
1956 1067
1956 1066
1971 1066
1971 1065
1980 1065
1980 1064
1982 1064
1982 1063
1983 1063
1983 1061
1984 1061
1984 1060
1985 1060
1985 1059
1990 1059
1990 1058
1994 1058
1994 1057
1996 1057
1996 1056
1998 1056
1998 1055
2005 1055
2005 1054
2007 1054
2007 1053
2009 1053
2009 1052
2010 1052
2010 1051
2012 1051
2012 1050
2021 1050
2021 1049
2033 1049
2033 1050
2043 1050
2043 1049
2047 1049
2047 1048
2051 1048
2051 1047
2056 1047
2056 1048
2059 1048
2059 1047
2067 1047
2067 1048
2068 1048
2068 1047
2074 1047
2074 1048
2080 1048
2080 1049
2090 1049
2090 1050
2100 1050
2100 1051
2106 1051
2106 1052
2109 1052
2109 1053
2120 1053
2120 1054
2141 1054
2141 1055
2147 1055
2147 1056
2158 1056
2158 1057
2170 1057
2170 1058
2171 1058
2171 1059
2173 1059
2173 1060
2176 1060
2176 1061
2182 1061
2182 1062
2183 1062
2183 1063
2185 1063
2185 1064
2186 1064
2186 1065
2188 1065
2188 1066
2189 1066
2189 1067
2190 1067
2190 1068
2191 1068
2191 1069
2192 1069
2192 1070
2193 1070
2193 1071
2194 1071
2194 1072
2195 1072
2195 1074
2196 1074
2196 1075
2197 1075
2197 1076
2198 1076
2198 1077
2199 1077
2199 1078
2200 1078
2200 1079
2201 1079
2201 1080
2203 1080
2203 1081
2204 1081
2204 1082
2205 1082
2205 1083
2209 1083
2209 1084
2210 1084
2210 1086
2211 1086
2211 1087
2212 1087
2212 1088
2214 1088
2214 1089
2215 1089
2215 1090
2216 1090
2216 1091
2217 1091
2217 1092
2218 1092
2218 1093
2221 1093
2221 1094
2222 1094
2222 1096
2223 1096
2223 1101
2224 1101
2224 1106
2225 1106
2225 1108
2226 1108
2226 1110
2227 1110
2227 1111
2228 1111
2228 1113
2229 1113
2229 1114
2231 1114
2231 1115
2233 1115
2233 1116
2234 1116
2234 1117
2235 1117
2235 1118
2236 1118
2236 1119
2237 1119
2237 1120
2238 1120
2238 1122
2239 1122
2239 1123
2240 1123
2240 1124
2242 1124
2242 1125
2243 1125
2243 1126
2244 1126
2244 1127
2245 1127
2245 1128
2246 1128
2246 1129
2247 1129
2247 1130
2248 1130
2248 1131
2250 1131
2250 1132
2252 1132
2252 1133
2254 1133
2254 1134
2255 1134
2255 1135
2256 1135
2256 1136
2257 1136
2257 1137
2258 1137
2258 1138
2260 1138
2260 1139
2264 1139
2264 1140
2270 1140
2270 1141
2271 1141
2271 1142
2273 1142
2273 1143
2275 1143
2275 1144
2284 1144
2284 1145
2288 1145
2288 1146
2292 1146
2292 1145
2293 1145
2293 1146
2296 1146
2296 1147
2300 1147
2300 1146
2314 1146
2314 1147
2320 1147
2320 1148
2324 1148
2324 1149
2329 1149
2329 1148
2332 1148
2332 1149
2339 1149
2339 1150
2354 1150
2354 1151
2361 1151
2361 1152
2374 1152
2374 1151
2380 1151
2380 1152
2384 1152
2384 1153
2401 1153
2401 1154
2407 1154
2407 1155
2415 1155
2415 1156
2423 1156
2423 1150
2424 1150
2424 1148
2425 1148
2425 1147
2431 1147
2431 1146
2433 1146
2433 1145
2436 1145
2436 1144
2437 1144
2437 1143
2438 1143
2438 1142
2439 1142
2439 1141
2440 1141
2440 1140
2442 1140
2442 1139
2443 1139
2443 1138
2444 1138
2444 1130
2445 1130
2445 1125
2446 1125
2446 1124
2447 1124
2447 1123
2462 1123
2462 1124
2464 1124
2464 1125
2475 1125
2475 1126
2482 1126
2482 1127
2486 1127
2486 1128
2492 1128
2492 1127
2498 1127
2498 1126
2500 1126
2500 1125
2501 1125
2501 1124
2502 1124
2502 1123
2503 1123
2503 1122
2504 1122
2504 1121
2505 1121
2505 1120
2506 1120
2506 1119
2507 1119
2507 1116
2508 1116
2508 1115
2509 1115
2509 1110
2510 1110
2510 1106
2511 1106
2511 1096
2512 1096
2512 1095
2513 1095
2513 1094
2514 1094
2514 1093
2521 1093
2521 1092
2522 1092
2522 1091
2524 1091
2524 1090
2525 1090
2525 1089
2526 1089
2526 1088
2527 1088
2527 1082
2526 1082
2526 1078
2527 1078
2527 1077
2528 1077
2528 1075
2529 1075
2529 1074
2530 1074
2530 1073
2532 1073
2532 1072
2546 1072
2546 1073
2547 1073
2547 1074
2549 1074
2549 1075
2563 1075
2563 1074
2566 1074
2566 1073
2584 1073
2584 1074
2587 1074
2587 1075
2597 1075
2597 1076
2604 1076
2604 1077
2618 1077
2618 1078
2619 1078
2619 1088
2620 1088
2620 1092
2621 1092
2621 1094
2622 1094
2622 1096
2623 1096
2623 1097
2624 1097
2624 1098
2626 1098
2626 1099
2630 1099
2630 1100
2642 1100
2642 1101
2644 1101
2644 1102
2645 1102
2645 1103
2649 1103
2649 1104
2651 1104
2651 1105
2654 1105
2654 1106
2656 1106
2656 1107
2660 1107
2660 1108
2664 1108
2664 1109
2665 1109
2665 1110
2667 1110
2667 1111
2671 1111
2671 1112
2674 1112
2674 1113
2679 1113
2679 1114
2685 1114
2685 1115
2692 1115
2692 1114
2699 1114
2699 1113
2701 1113
2701 1112
2704 1112
2704 1111
2706 1111
2706 1110
2708 1110
2708 1109
2710 1109
2710 1108
2712 1108
2712 1104
2713 1104
2713 1097
2714 1097
2714 1089
2715 1089
2715 1085
2716 1085
2716 1083
2717 1083
2717 1081
2718 1081
2718 1080
2726 1080
2726 1079
2733 1079
2733 1080
2738 1080
2738 1081
2743 1081
2743 1082
2758 1082
2758 1083
2764 1083
2764 1084
2767 1084
2767 1085
2775 1085
2775 1086
2779 1086
2779 1087
2783 1087
2783 1086
2789 1086
2789 1087
2792 1087
2792 1086
2803 1086
2803 1085
2813 1085
2813 1084
2814 1084
2814 1083
2815 1083
2815 1082
2816 1082
2816 1081
2818 1081
2818 1080
2819 1080
2819 1078
2820 1078
2820 1069
2821 1069
2821 1064
2822 1064
2822 1063
2828 1063
2828 1064
2836 1064
2836 1065
2841 1065
2841 1064
2848 1064
2848 1063
2850 1063
2850 1062
2852 1062
2852 1061
2855 1061
2855 1060
2857 1060
2857 1059
2861 1059
2861 1058
2864 1058
2864 1057
2866 1057
2866 1056
2867 1056
2867 1053
2868 1053
2868 1050
2869 1050
2869 1042
2870 1042
2870 1039
2871 1039
2871 1038
2872 1038
2872 1037
2874 1037
2874 1036
2876 1036
2876 1035
2877 1035
2877 1034
2878 1034
2878 1033
2879 1033
2879 1032
2880 1032
2880 1030
2881 1030
2881 1028
2882 1028
2882 1026
2883 1026
2883 1025
2886 1025
2886 1024
2890 1024
2890 1023
2892 1023
2892 1022
2893 1022
2893 1020
2894 1020
2894 1010
2895 1010
2895 1007
2896 1007
2896 1004
2897 1004
2897 1003
2898 1003
2898 1002
2907 1002
2907 1003
2913 1003
2913 1004
2918 1004
2918 1005
2929 1005
2929 1006
2941 1006
2941 1007
2958 1007
2958 1006
2967 1006
2967 1005
2975 1005
2975 1004
2977 1004
2977 1003
2994 1003
2994 1002
2999 1002
2999 1001
3001 1001
3001 1000
3003 1000
3003 999
3004 999
3004 998
3005 998
3005 997
3006 997
3006 996
3007 996
3007 995
3011 995
3011 994
3013 994
3013 993
3015 993
3015 992
3016 992
3016 991
3018 991
3018 990
3019 990
3019 989
3020 989
3020 988
3022 988
3022 987
3025 987
3025 986
3027 986
3027 985
3028 985
3028 984
3029 984
3029 983
3030 983
3030 981
3031 981
3031 977
3032 977
3032 974
3033 974
3033 969
3034 969
3034 952
3035 952
3035 945
3036 945
3036 944
3037 944
3037 943
3041 943
3041 942
3043 942
3043 941
3046 941
3046 940
3054 940
3054 939
3056 939
3056 938
3061 938
3061 939
3062 939
3062 941
3063 941
3063 949
3064 949
3064 951
3065 951
3065 952
3066 952
3066 953
3067 953
3067 954
3068 954
3068 955
3069 955
3069 956
3070 956
3070 957
3071 957
3071 958
3073 958
3073 959
3074 959
3074 960
3076 960
