2112 723
2110 723
2110 724
2109 724
2109 725
2099 725
2099 726
2096 726
2096 727
2095 727
2095 733
2096 733
2096 740
2097 740
2097 745
2098 745
2098 746
2099 746
2099 749
2100 749
2100 751
2099 751
2099 752
2098 752
2098 753
2097 753
2097 754
2096 754
2096 755
2093 755
2093 756
2091 756
2091 757
2088 757
2088 758
2086 758
2086 759
2085 759
2085 760
2084 760
2084 761
2078 761
2078 762
2075 762
2075 763
2073 763
2073 764
2066 764
2066 765
2064 765
2064 764
2057 764
2057 765
2050 765
2050 766
2035 766
2035 767
2031 767
2031 768
2022 768
2022 767
2020 767
2020 766
2019 766
2019 765
2017 765
2017 764
2016 764
2016 763
2013 763
2013 762
2007 762
2007 761
1998 761
1998 760
1994 760
1994 759
1992 759
1992 758
1991 758
1991 757
1989 757
1989 756
1984 756
1984 755
1982 755
1982 754
1980 754
1980 753
1979 753
1979 752
1977 752
1977 751
1975 751
1975 750
1974 750
1974 749
1973 749
1973 747
1972 747
1972 745
1971 745
1971 744
1970 744
1970 741
1969 741
1969 737
1968 737
1968 736
1956 736
1956 735
1954 735
1954 734
1951 734
1951 733
1949 733
1949 732
1946 732
1946 731
1942 731
1942 730
1939 730
1939 729
1937 729
1937 728
1936 728
1936 727
1935 727
1935 726
1934 726
1934 725
1933 725
1933 723
1932 723
1932 722
1931 722
1931 721
1926 721
1926 722
1925 722
1925 721
1917 721
1917 720
1914 720
1914 719
1912 719
1912 718
1906 718
1906 719
1903 719
1903 720
1901 720
1901 721
1900 721
1900 722
1899 722
1899 723
1897 723
1897 725
1896 725
1896 726
1895 726
1895 727
1893 727
1893 729
1892 729
1892 730
1891 730
1891 732
1890 732
1890 734
1889 734
1889 736
1888 736
1888 737
1887 737
1887 739
1886 739
1886 740
1885 740
1885 741
1884 741
1884 743
1883 743
1883 746
1882 746
1882 747
1880 747
1880 748
1879 748
1879 750
1878 750
1878 751
1877 751
1877 754
1876 754
1876 755
1875 755
1875 756
1874 756
1874 758
1873 758
1873 759
1871 759
1871 760
1865 760
1865 761
1863 761
1863 762
1861 762
1861 763
1860 763
1860 764
1857 764
1857 765
1850 765
1850 766
1848 766
1848 767
1847 767
1847 768
1845 768
1845 769
1843 769
1843 770
1839 770
1839 769
1831 769
1831 770
1828 770
1828 771
1826 771
1826 772
1817 772
1817 771
1814 771
1814 770
1813 770
1813 769
1811 769
1811 768
1808 768
1808 767
1801 767
1801 768
1793 768
1793 769
1784 769
1784 770
1782 770
1782 769
1770 769
1770 768
1768 768
1768 767
1767 767
1767 766
1766 766
1766 765
1765 765
1765 764
1764 764
1764 762
1763 762
1763 760
1762 760
1762 759
1761 759
1761 755
1759 755
1759 754
1755 754
1755 755
1741 755
1741 756
1735 756
1735 755
1732 755
1732 754
1731 754
1731 753
1730 753
1730 750
1729 750
1729 749
1728 749
1728 747
1727 747
1727 746
1725 746
1725 745
1723 745
1723 746
1719 746
1719 747
1716 747
1716 748
1715 748
1715 747
1711 747
1711 746
1708 746
1708 745
1704 745
1704 744
1698 744
1698 743
1691 743
1691 742
1684 742
1684 741
1683 741
1683 740
1682 740
1682 739
1681 739
1681 738
1680 738
1680 737
1679 737
1679 735
1678 735
1678 733
1677 733
1677 727
1676 727
1676 711
1675 711
1675 685
1674 685
1674 682
1673 682
1673 681
1672 681
1672 680
1671 680
1671 679
1668 679
1668 678
1665 678
1665 679
1664 679
1664 680
1662 680
1662 681
1660 681
1660 682
1659 682
1659 683
1657 683
1657 684
1656 684
1656 685
1655 685
1655 686
1654 686
1654 687
1653 687
1653 688
1652 688
1652 689
1651 689
1651 690
1650 690
1650 691
1648 691
1648 692
1639 692
1639 704
1640 704
1640 709
1641 709
1641 717
1642 717
1642 732
1643 732
1643 734
1644 734
1644 737
1645 737
1645 738
1646 738
1646 744
1645 744
1645 745
1644 745
1644 748
1643 748
1643 749
1634 749
1634 750
1633 750
1633 756
1634 756
1634 763
1633 763
1633 764
1632 764
1632 765
1631 765
1631 766
1630 766
1630 767
1628 767
1628 768
1622 768
1622 767
1618 767
1618 766
1616 766
1616 765
1614 765
1614 764
1612 764
1612 763
1606 763
1606 762
1602 762
1602 761
1599 761
1599 760
1596 760
1596 759
1591 759
1591 758
1589 758
1589 757
1587 757
1587 756
1586 756
1586 755
1585 755
1585 754
1577 754
1577 755
1572 755
1572 754
1564 754
1564 751
1563 751
1563 748
1562 748
1562 746
1561 746
1561 745
1557 745
1557 744
1555 744
1555 743
1554 743
1554 742
1550 742
1550 741
1548 741
1548 740
1543 740
1543 739
1542 739
1542 738
1537 738
1537 737
1528 737
1528 736
1520 736
1520 735
1518 735
1518 734
1516 734
1516 733
1513 733
1513 732
1507 732
1507 731
1505 731
1505 730
1504 730
1504 729
1503 729
1503 728
1502 728
1502 727
1501 727
1501 726
1497 726
1497 725
1495 725
1495 724
1492 724
1492 723
1491 723
1491 722
1488 722
1488 721
1483 721
1483 720
1481 720
1481 719
1480 719
1480 718
1479 718
1479 717
1478 717
1478 716
1477 716
1477 715
1474 715
1474 714
1470 714
1470 713
1469 713
1469 712
1468 712
1468 711
1467 711
1467 710
1466 710
1466 708
1465 708
1465 706
1464 706
1464 668
1463 668
1463 648
1462 648
1462 647
1461 647
1461 646
1460 646
1460 645
1459 645
1459 644
1457 644
1457 643
1455 643
1455 642
1454 642
1454 640
1453 640
1453 639
1452 639
1452 638
1451 638
1451 636
1450 636
1450 629
1449 629
1449 627
1446 627
1446 628
1444 628
1444 630
1443 630
1443 631
1442 631
1442 632
1441 632
1441 633
1440 633
1440 634
1439 634
1439 635
1438 635
1438 636
1437 636
1437 637
1436 637
1436 638
1434 638
1434 639
1432 639
1432 640
1429 640
1429 665
1430 665
1430 667
1431 667
1431 670
1430 670
1430 671
1429 671
1429 672
1428 672
1428 674
1427 674
1427 675
1426 675
1426 676
1425 676
1425 677
1423 677
1423 678
1422 678
1422 679
1419 679
1419 680
1413 680
1413 681
1412 681
1412 682
1407 682
1407 683
1405 683
1405 684
1404 684
1404 685
1403 685
1403 686
1388 686
1388 685
1385 685
1385 684
1383 684
1383 683
1382 683
1382 681
1381 681
1381 678
1380 678
1380 677
1379 677
1379 675
1378 675
1378 674
1371 674
1371 673
1363 673
1363 674
1362 674
1362 677
1361 677
1361 678
1360 678
1360 679
1359 679
1359 680
1358 680
1358 681
1357 681
1357 682
1356 682
1356 683
1353 683
1353 684
1351 684
1351 685
1349 685
1349 686
1347 686
1347 687
1345 687
1345 688
1343 688
1343 689
1338 689
1338 690
1336 690
1336 689
1331 689
1331 688
1330 688
1330 687
1328 687
1328 686
1326 686
1326 685
1322 685
1322 684
1310 684
1310 683
1308 683
1308 682
1306 682
1306 681
1304 681
1304 680
1303 680
1303 679
1302 679
1302 678
1301 678
1301 677
1300 677
1300 676
1298 676
1298 675
1296 675
1296 674
1295 674
1295 673
1294 673
1294 672
1293 672
1293 671
1292 671
1292 670
1291 670
1291 668
1290 668
1290 666
1289 666
1289 662
1288 662
1288 641
1287 641
1287 632
1286 632
1286 630
1285 630
1285 629
1284 629
1284 628
1282 628
1282 627
1281 627
1281 626
1280 626
1280 625
1278 625
1278 624
1277 624
1277 623
1276 623
1276 621
1275 621
1275 619
1274 619
1274 616
1273 616
1273 615
1272 615
1272 614
1270 614
1270 613
1269 613
1269 612
1261 612
1261 611
1259 611
1259 610
1257 610
1257 609
1256 609
1256 608
1255 608
1255 607
1254 607
1254 605
1253 605
1253 604
1252 604
1252 601
1251 601
1251 600
1250 600
1250 599
1247 599
1247 600
1244 600
1244 601
1243 601
1243 602
1242 602
1242 603
1241 603
1241 605
1240 605
1240 606
1239 606
1239 608
1238 608
1238 611
1237 611
1237 612
1236 612
1236 613
1235 613
1235 614
1232 614
1232 617
1231 617
1231 618
1230 618
1230 619
1229 619
1229 621
1228 621
1228 623
1227 623
1227 624
1226 624
1226 626
1225 626
1225 627
1220 627
1220 628
1219 628
1219 629
1218 629
1218 630
1217 630
1217 631
1216 631
1216 633
1215 633
1215 634
1213 634
1213 635
1211 635
1211 636
1199 636
1199 635
1196 635
1196 634
1195 634
1195 633
1193 633
1193 632
1190 632
1190 631
1187 631
1187 630
1180 630
1180 629
1174 629
1174 628
1173 628
1173 627
1171 627
1171 626
1170 626
1170 625
1169 625
1169 624
1168 624
1168 623
1167 623
1167 622
1166 622
1166 621
1164 621
1164 620
1161 620
1161 619
1150 619
1150 618
1146 618
1146 619
1139 619
1139 618
1137 618
1137 617
1133 617
1133 616
1131 616
1131 615
1126 615
1126 614
1124 614
1124 613
1123 613
1123 612
1122 612
1122 609
1121 609
1121 606
1120 606
1120 605
1119 605
1119 600
1120 600
1120 595
1119 595
1119 575
1118 575
1118 563
1117 563
1117 562
1116 562
1116 561
1115 561
1115 560
1114 560
1114 559
1113 559
1113 558
1112 558
1112 557
1110 557
1110 556
1109 556
1109 555
1108 555
1108 554
1107 554
1107 553
1106 553
1106 552
1105 552
1105 551
1104 551
1104 550
1103 550
1103 549
1102 549
1102 547
1101 547
1101 546
1099 546
1099 545
1096 545
1096 551
1095 551
1095 552
1094 552
1094 554
1093 554
1093 555
1092 555
1092 556
1091 556
1091 557
1090 557
1090 558
1089 558
1089 559
1088 559
1088 560
1082 560
1082 561
1081 561
1081 562
1080 562
1080 563
1081 563
1081 569
1082 569
1082 573
1083 573
1083 576
1084 576
1084 577
1085 577
1085 579
1086 579
1086 580
1087 580
1087 584
1086 584
1086 585
1085 585
1085 587
1084 587
1084 589
1083 589
1083 592
1082 592
1082 594
1081 594
1081 595
1080 595
1080 596
1079 596
1079 597
1074 597
1074 598
1073 598
1073 599
1072 599
1072 600
1071 600
1071 601
1070 601
1070 602
1069 602
1069 603
1068 603
1068 604
1055 604
1055 603
1050 603
1050 602
1049 602
1049 601
1048 601
1048 600
1047 600
1047 598
1046 598
1046 597
1045 597
1045 596
1044 596
1044 595
1042 595
1042 594
1040 594
1040 593
1038 593
1038 592
1036 592
1036 591
1033 591
1033 590
1032 590
1032 589
1029 589
1029 588
1027 588
1027 589
1024 589
1024 590
1022 590
1022 589
1011 589
1011 588
1010 588
1010 587
1009 587
1009 586
1008 586
1008 585
1007 585
1007 584
1006 584
1006 583
1005 583
1005 582
1004 582
1004 581
1002 581
1002 580
999 580
999 579
997 579
997 578
996 578
996 577
995 577
995 576
994 576
994 575
993 575
993 574
992 574
992 573
991 573
991 571
990 571
990 563
989 563
989 551
988 551
988 546
987 546
987 545
986 545
986 544
985 544
985 542
984 542
984 540
983 540
983 538
982 538
982 535
981 535
981 534
980 534
980 533
979 533
979 532
969 532
969 531
966 531
966 532
956 532
956 533
953 533
953 534
950 534
950 535
948 535
948 536
946 536
946 537
942 537
942 538
929 538
929 537
925 537
925 536
924 536
924 535
923 535
923 533
922 533
922 531
921 531
921 529
920 529
920 519
919 519
919 517
917 517
917 516
910 516
910 517
903 517
903 518
899 518
899 517
898 517
898 516
896 516
896 514
895 514
895 512
894 512
894 511
888 511
888 509
887 509
887 508
886 508
886 507
885 507
885 505
884 505
884 504
882 504
882 503
878 503
878 502
876 502
876 501
875 501
875 500
874 500
874 499
873 499
873 497
872 497
872 494
871 494
871 487
870 487
870 483
868 483
868 482
865 482
865 481
863 481
863 480
862 480
862 479
861 479
861 477
860 477
860 476
859 476
859 475
857 475
857 474
856 474
856 472
857 472
857 474
859 474
859 475
860 475
860 476
861 476
861 477
862 477
862 479
863 479
863 480
865 480
865 481
868 481
868 482
870 482
870 483
871 483
871 487
872 487
872 494
873 494
873 497
874 497
874 499
875 499
875 500
876 500
876 501
878 501
878 502
882 502
882 503
884 503
884 504
885 504
885 505
886 505
886 507
887 507
887 508
888 508
888 509
889 509
889 510
894 510
894 511
895 511
895 512
896 512
896 514
897 514
897 515
898 515
898 516
899 516
899 517
903 517
903 516
910 516
910 515
917 515
917 516
919 516
919 517
920 517
920 519
921 519
921 529
922 529
922 531
923 531
923 533
924 533
924 535
925 535
925 536
929 536
929 537
942 537
942 536
946 536
946 535
948 535
948 534
950 534
950 533
953 533
953 532
956 532
956 531
966 531
966 530
969 530
969 531
979 531
979 532
980 532
980 533
981 533
981 534
982 534
982 535
983 535
983 538
984 538
984 540
985 540
985 542
986 542
986 544
987 544
987 545
988 545
988 546
989 546
989 551
990 551
990 563
991 563
991 571
992 571
992 573
993 573
993 574
994 574
994 575
995 575
995 576
996 576
996 577
997 577
997 578
999 578
999 579
1002 579
1002 580
1004 580
1004 581
1005 581
1005 582
1006 582
1006 583
1007 583
1007 584
1008 584
1008 585
1009 585
1009 586
1010 586
1010 587
1011 587
1011 588
1022 588
1022 589
1024 589
1024 588
1027 588
1027 587
1029 587
1029 588
1032 588
1032 589
1033 589
1033 590
1036 590
1036 591
1038 591
1038 592
1040 592
1040 593
1042 593
1042 594
1044 594
1044 595
1045 595
1045 596
1046 596
1046 597
1047 597
1047 598
1048 598
1048 600
1049 600
1049 601
1050 601
1050 602
1055 602
1055 603
1068 603
1068 602
1069 602
1069 601
1070 601
1070 600
1071 600
1071 599
1072 599
1072 598
1073 598
1073 597
1074 597
1074 596
1079 596
1079 595
1080 595
1080 594
1081 594
1081 592
1082 592
1082 589
1083 589
1083 587
1084 587
1084 585
1085 585
1085 584
1086 584
1086 580
1085 580
1085 579
1084 579
1084 577
1083 577
1083 576
1082 576
1082 573
1081 573
1081 569
1080 569
1080 563
1079 563
1079 562
1080 562
1080 561
1081 561
1081 560
1082 560
1082 559
1088 559
1088 558
1089 558
1089 557
1090 557
1090 556
1091 556
1091 555
1092 555
1092 554
1093 554
1093 552
1094 552
1094 551
1095 551
1095 544
1099 544
1099 545
1101 545
1101 546
1102 546
1102 547
1103 547
1103 549
1104 549
1104 550
1105 550
1105 551
1106 551
1106 552
1107 552
1107 553
1108 553
1108 554
1109 554
1109 555
1110 555
1110 556
1112 556
1112 557
1113 557
1113 558
1114 558
1114 559
1115 559
1115 560
1116 560
1116 561
1117 561
1117 562
1118 562
1118 563
1119 563
1119 575
1120 575
1120 595
1121 595
1121 600
1120 600
1120 605
1121 605
1121 606
1122 606
1122 609
1123 609
1123 612
1124 612
1124 613
1126 613
1126 614
1131 614
1131 615
1133 615
1133 616
1137 616
1137 617
1139 617
1139 618
1146 618
1146 617
1150 617
1150 618
1161 618
1161 619
1164 619
1164 620
1166 620
1166 621
1167 621
1167 622
1168 622
1168 623
1169 623
1169 624
1170 624
1170 625
1171 625
1171 626
1173 626
1173 627
1174 627
1174 628
1180 628
1180 629
1187 629
1187 630
1190 630
1190 631
1193 631
1193 632
1195 632
1195 633
1196 633
1196 634
1199 634
1199 635
1211 635
1211 634
1213 634
1213 633
1215 633
1215 631
1216 631
1216 630
1217 630
1217 629
1218 629
1218 628
1219 628
1219 627
1220 627
1220 626
1225 626
1225 624
1226 624
1226 623
1227 623
1227 621
1228 621
1228 619
1229 619
1229 618
1230 618
1230 617
1231 617
1231 614
1232 614
1232 613
1235 613
1235 612
1236 612
1236 611
1237 611
1237 608
1238 608
1238 606
1239 606
1239 605
1240 605
1240 603
1241 603
1241 602
1242 602
1242 601
1243 601
1243 600
1244 600
1244 599
1247 599
1247 598
1250 598
1250 599
1251 599
1251 600
1252 600
1252 601
1253 601
1253 604
1254 604
1254 605
1255 605
1255 607
1256 607
1256 608
1257 608
1257 609
1259 609
1259 610
1261 610
1261 611
1269 611
1269 612
1270 612
1270 613
1272 613
1272 614
1273 614
1273 615
1274 615
1274 616
1275 616
1275 619
1276 619
1276 621
1277 621
1277 623
1278 623
1278 624
1280 624
1280 625
1281 625
1281 626
1282 626
1282 627
1284 627
1284 628
1285 628
1285 629
1286 629
1286 630
1287 630
1287 632
1288 632
1288 641
1289 641
1289 662
1290 662
1290 666
1291 666
1291 668
1292 668
1292 670
1293 670
1293 671
1294 671
1294 672
1295 672
1295 673
1296 673
1296 674
1298 674
1298 675
1300 675
1300 676
1301 676
1301 677
1302 677
1302 678
1303 678
1303 679
1304 679
1304 680
1306 680
1306 681
1308 681
1308 682
1310 682
1310 683
1322 683
1322 684
1326 684
1326 685
1328 685
1328 686
1330 686
1330 687
1331 687
1331 688
1336 688
1336 689
1338 689
1338 688
1343 688
1343 687
1345 687
1345 686
1347 686
1347 685
1349 685
1349 684
1351 684
1351 683
1353 683
1353 682
1356 682
1356 681
1357 681
1357 680
1358 680
1358 679
1359 679
1359 678
1360 678
1360 677
1361 677
1361 674
1362 674
1362 673
1363 673
1363 672
1371 672
1371 673
1378 673
1378 674
1379 674
1379 675
1380 675
1380 677
1381 677
1381 678
1382 678
1382 681
1383 681
1383 683
1385 683
1385 684
1388 684
1388 685
1403 685
1403 684
1404 684
1404 683
1405 683
1405 682
1407 682
1407 681
1412 681
1412 680
1413 680
1413 679
1419 679
1419 678
1422 678
1422 677
1423 677
1423 676
1425 676
1425 675
1426 675
1426 674
1427 674
1427 672
1428 672
1428 671
1429 671
1429 670
1430 670
1430 667
1429 667
1429 665
1428 665
1428 640
1429 640
1429 639
1432 639
1432 638
1434 638
1434 637
1436 637
1436 636
1437 636
1437 635
1438 635
1438 634
1439 634
1439 633
1440 633
1440 632
1441 632
1441 631
1442 631
1442 630
1443 630
1443 628
1444 628
1444 627
1446 627
1446 626
1449 626
1449 627
1450 627
1450 629
1451 629
1451 636
1452 636
1452 638
1453 638
1453 639
1454 639
1454 640
1455 640
1455 642
1457 642
1457 643
1459 643
1459 644
1460 644
1460 645
1461 645
1461 646
1462 646
1462 647
1463 647
1463 648
1464 648
1464 668
1465 668
1465 706
1466 706
1466 708
1467 708
1467 710
1468 710
1468 711
1469 711
1469 712
1470 712
1470 713
1474 713
1474 714
1477 714
1477 715
1478 715
1478 716
1479 716
1479 717
1480 717
1480 718
1481 718
1481 719
1483 719
1483 720
1488 720
1488 721
1491 721
1491 722
1492 722
1492 723
1495 723
1495 724
1497 724
1497 725
1501 725
1501 726
1502 726
1502 727
1503 727
1503 728
1504 728
1504 729
1505 729
1505 730
1507 730
1507 731
1513 731
1513 732
1516 732
1516 733
1518 733
1518 734
1520 734
1520 735
1528 735
1528 736
1537 736
1537 737
1542 737
1542 738
1543 738
1543 739
1548 739
1548 740
1550 740
1550 741
1554 741
1554 742
1555 742
1555 743
1557 743
1557 744
1561 744
1561 745
1562 745
1562 746
1563 746
1563 748
1564 748
1564 751
1565 751
1565 753
1572 753
1572 754
1577 754
1577 753
1585 753
1585 754
1586 754
1586 755
1587 755
1587 756
1589 756
1589 757
1591 757
1591 758
1596 758
1596 759
1599 759
1599 760
1602 760
1602 761
1606 761
1606 762
1612 762
1612 763
1614 763
1614 764
1616 764
1616 765
1618 765
1618 766
1622 766
1622 767
1628 767
1628 766
1630 766
1630 765
1631 765
1631 764
1632 764
1632 763
1633 763
1633 756
1632 756
1632 750
1633 750
1633 749
1634 749
1634 748
1643 748
1643 745
1644 745
1644 744
1645 744
1645 738
1644 738
1644 737
1643 737
1643 734
1642 734
1642 732
1641 732
1641 717
1640 717
1640 709
1639 709
1639 704
1638 704
1638 692
1639 692
1639 691
1648 691
1648 690
1650 690
1650 689
1651 689
1651 688
1652 688
1652 687
1653 687
1653 686
1654 686
1654 685
1655 685
1655 684
1656 684
1656 683
1657 683
1657 682
1659 682
1659 681
1660 681
1660 680
1662 680
1662 679
1664 679
1664 678
1665 678
1665 677
1668 677
1668 678
1671 678
1671 679
1672 679
1672 680
1673 680
1673 681
1674 681
1674 682
1675 682
1675 685
1676 685
1676 711
1677 711
1677 727
1678 727
1678 733
1679 733
1679 735
1680 735
1680 737
1681 737
1681 738
1682 738
1682 739
1683 739
1683 740
1684 740
1684 741
1691 741
1691 742
1698 742
1698 743
1704 743
1704 744
1708 744
1708 745
1711 745
1711 746
1715 746
1715 747
1716 747
1716 746
1719 746
1719 745
1723 745
1723 744
1725 744
1725 745
1727 745
1727 746
1728 746
1728 747
1729 747
1729 749
1730 749
1730 750
1731 750
1731 753
1732 753
1732 754
1735 754
1735 755
1741 755
1741 754
1755 754
1755 753
1759 753
1759 754
1761 754
1761 755
1762 755
1762 759
1763 759
1763 760
1764 760
1764 762
1765 762
1765 764
1766 764
1766 765
1767 765
1767 766
1768 766
1768 767
1770 767
1770 768
1782 768
1782 769
1784 769
1784 768
1793 768
1793 767
1801 767
1801 766
1808 766
1808 767
1811 767
1811 768
1813 768
1813 769
1814 769
1814 770
1817 770
1817 771
1826 771
1826 770
1828 770
1828 769
1831 769
1831 768
1839 768
1839 769
1843 769
1843 768
1845 768
1845 767
1847 767
1847 766
1848 766
1848 765
1850 765
1850 764
1857 764
1857 763
1860 763
1860 762
1861 762
1861 761
1863 761
1863 760
1865 760
1865 759
1871 759
1871 758
1873 758
1873 756
1874 756
1874 755
1875 755
1875 754
1876 754
1876 751
1877 751
1877 750
1878 750
1878 748
1879 748
1879 747
1880 747
1880 746
1882 746
1882 743
1883 743
1883 741
1884 741
1884 740
1885 740
1885 739
1886 739
1886 737
1887 737
1887 736
1888 736
1888 734
1889 734
1889 732
1890 732
1890 730
1891 730
1891 729
1892 729
1892 727
1893 727
1893 726
1895 726
1895 725
1896 725
1896 723
1897 723
1897 722
1899 722
1899 721
1900 721
1900 720
1901 720
1901 719
1903 719
1903 718
1906 718
1906 717
1912 717
1912 718
1914 718
1914 719
1917 719
1917 720
1925 720
1925 721
1926 721
1926 720
1931 720
1931 721
1932 721
1932 722
1933 722
1933 723
1934 723
1934 725
1935 725
1935 726
1936 726
1936 727
1937 727
1937 728
1939 728
1939 729
1942 729
1942 730
1946 730
1946 731
1949 731
1949 732
1951 732
1951 733
1954 733
1954 734
1956 734
1956 735
1968 735
1968 736
1969 736
1969 737
1970 737
1970 741
1971 741
1971 744
1972 744
1972 745
1973 745
1973 747
1974 747
1974 749
1975 749
1975 750
1977 750
1977 751
1979 751
1979 752
1980 752
1980 753
1982 753
1982 754
1984 754
1984 755
1989 755
1989 756
1991 756
1991 757
1992 757
1992 758
1994 758
1994 759
1998 759
1998 760
2007 760
2007 761
2013 761
2013 762
2016 762
2016 763
2017 763
2017 764
2019 764
2019 765
2020 765
2020 766
2022 766
2022 767
2031 767
2031 766
2035 766
2035 765
2050 765
2050 764
2057 764
2057 763
2064 763
2064 764
2066 764
2066 763
2073 763
2073 762
2075 762
2075 761
2078 761
2078 760
2084 760
2084 759
2085 759
2085 758
2086 758
2086 757
2088 757
2088 756
2091 756
2091 755
2093 755
2093 754
2096 754
2096 753
2097 753
2097 752
2098 752
2098 751
2099 751
2099 749
2098 749
2098 746
2097 746
2097 745
2096 745
2096 740
2095 740
2095 733
2094 733
2094 727
2095 727
2095 726
2096 726
2096 725
2099 725
2099 724
2109 724
2109 723
2110 723
2110 722
2112 722
2112 721
2113 721
2113 720
2115 720
2115 719
2116 719
2116 718
2119 718
2119 717
2121 717
2121 715
2122 715
2122 710
2121 710
2121 706
2120 706
2120 701
2121 701
2121 700
2129 700
2129 699
2130 699
2130 697
2131 697
2131 687
2130 687
2130 677
2129 677
2129 667
2128 667
2128 655
2129 655
2129 654
2141 654
2141 655
2143 655
2143 656
2144 656
2144 657
2145 657
2145 656
2151 656
2151 655
2155 655
2155 654
2161 654
2161 653
2167 653
2167 654
2168 654
2168 659
2169 659
2169 665
2170 665
2170 667
2169 667
2169 675
2170 675
2170 678
2171 678
2171 679
2172 679
2172 680
2173 680
2173 681
2174 681
2174 682
2176 682
2176 683
2178 683
2178 684
2180 684
2180 685
2181 685
2181 686
2182 686
2182 687
2183 687
2183 690
2184 690
2184 693
2185 693
2185 695
2186 695
2186 697
2187 697
2187 699
2188 699
2188 701
2189 701
2189 702
2190 702
2190 703
2191 703
2191 705
2192 705
2192 706
2193 706
2193 710
2194 710
2194 715
2195 715
2195 720
2196 720
2196 727
2197 727
2197 728
2198 728
2198 731
2199 731
2199 732
2200 732
2200 733
2201 733
2201 734
2202 734
2202 735
2204 735
2204 736
2212 736
2212 737
2215 737
2215 738
2216 738
2216 739
2217 739
2217 740
2218 740
2218 741
2219 741
2219 742
2225 742
2225 741
2228 741
2228 740
2229 740
2229 739
2231 739
2231 738
2237 738
2237 737
2240 737
2240 736
2248 736
2248 735
2251 735
2251 734
2256 734
2256 733
2261 733
2261 732
2263 732
2263 731
2266 731
2266 730
2268 730
2268 729
2274 729
2274 728
2283 728
2283 727
2286 727
2286 726
2294 726
2294 727
2295 727
2295 728
2304 728
2304 727
2305 727
2305 726
2306 726
2306 725
2314 725
2314 724
2319 724
2319 723
2321 723
2321 722
2323 722
2323 721
2329 721
2329 722
2336 722
2336 723
2339 723
2339 724
2342 724
2342 725
2350 725
2350 727
2358 727
2358 728
2360 728
2360 729
2368 729
2368 730
2374 730
2374 729
2379 729
2379 728
2383 728
2383 727
2388 727
2388 728
2404 728
2404 727
2409 727
2409 726
2415 726
2415 725
2417 725
2417 724
2420 724
2420 702
2421 702
2421 701
2422 701
2422 700
2426 700
2426 699
2427 699
2427 697
2428 697
2428 691
2427 691
2427 679
2426 679
2426 670
2427 670
2427 666
2426 666
2426 661
2425 661
2425 658
2426 658
2426 652
2427 652
2427 648
2428 648
2428 645
2427 645
2427 638
2429 638
2429 637
2445 637
2445 638
2454 638
2454 639
2459 639
2459 640
2463 640
2463 639
2477 639
2477 640
2478 640
2478 647
2479 647
2479 649
2480 649
2480 651
2481 651
2481 652
2482 652
2482 653
2484 653
2484 654
2489 654
2489 655
2491 655
2491 656
2493 656
2493 657
2494 657
2494 658
2496 658
2496 659
2502 659
2502 660
2503 660
2503 663
2504 663
2504 683
2505 683
2505 688
2506 688
2506 689
2507 689
2507 690
2508 690
2508 691
2509 691
2509 692
2511 692
2511 693
2513 693
2513 694
2519 694
2519 693
2536 693
2536 692
2539 692
2539 691
2541 691
2541 690
2544 690
2544 689
2549 689
2549 688
2551 688
2551 687
2559 687
2559 686
2560 686
2560 685
2567 685
2567 684
2568 684
2568 683
2569 683
2569 682
2570 682
2570 680
2571 680
2571 678
2572 678
2572 677
2573 677
2573 676
2575 676
2575 675
2576 675
2576 674
2584 674
2584 673
2585 673
2585 672
2586 672
2586 671
2587 671
2587 670
2589 670
2589 669
2590 669
2590 668
2591 668
2591 667
2592 667
2592 666
2594 666
2594 667
2595 667
2595 668
2596 668
2596 669
2597 669
2597 671
2598 671
2598 678
2599 678
2599 682
2600 682
2600 685
2601 685
2601 688
2602 688
2602 689
2603 689
2603 691
2604 691
2604 692
2605 692
2605 693
2606 693
2606 694
2607 694
2607 695
2608 695
2608 696
2609 696
2609 697
2610 697
2610 698
2611 698
2611 699
2612 699
2612 700
2615 700
2615 701
2617 701
2617 702
2620 702
2620 703
2622 703
2622 704
2625 704
2625 705
2627 705
2627 706
2628 706
2628 707
2629 707
2629 708
2630 708
2630 709
2631 709
2631 710
2632 710
2632 712
2633 712
2633 713
2634 713
2634 715
2635 715
2635 716
2636 716
2636 717
2637 717
2637 718
2638 718
2638 719
2639 719
2639 720
2640 720
2640 721
2641 721
2641 722
2647 722
2647 723
2653 723
2653 722
2655 722
2655 721
2656 721
2656 720
2657 720
2657 719
2658 719
2658 717
2659 717
2659 715
2660 715
2660 708
2666 708
2666 707
2667 707
2667 706
2669 706
2669 705
2670 705
2670 704
2672 704
2672 702
2673 702
2673 700
2674 700
2674 698
2675 698
2675 697
2676 697
2676 695
2677 695
2677 694
2678 694
2678 670
2679 670
2679 665
2678 665
2678 608
2679 608
2679 607
2680 607
2680 606
2681 606
2681 605
2683 605
2683 604
2688 604
2688 603
2690 603
2690 602
2691 602
2691 601
2699 601
2699 600
2701 600
2701 599
2702 599
2702 598
2703 598
2703 597
2708 597
2708 596
2710 596
2710 595
2711 595
2711 594
2712 594
2712 593
2713 593
2713 592
2714 592
2714 591
2715 591
2715 590
2716 590
2716 589
2719 589
2719 588
2720 588
2720 587
2721 587
2721 586
2722 586
2722 581
2723 581
2723 568
2724 568
2724 556
2725 556
2725 555
2727 555
2727 554
2730 554
2730 553
2731 553
2731 552
2735 552
2735 553
2736 553
2736 554
2738 554
2738 555
2739 555
2739 556
2741 556
2741 557
2745 557
2745 558
2748 558
2748 559
2749 559
2749 561
2750 561
2750 562
2751 562
2751 564
2752 564
2752 566
2753 566
2753 567
2754 567
2754 569
2755 569
2755 570
2756 570
2756 571
2757 571
2757 572
2758 572
2758 573
2759 573
2759 578
2760 578
2760 595
2761 595
2761 612
2762 612
2762 618
2763 618
2763 620
2764 620
2764 622
2765 622
2765 623
2766 623
2766 624
2767 624
2767 625
2768 625
2768 626
2769 626
2769 627
2771 627
2771 628
2772 628
2772 629
2774 629
2774 630
2775 630
2775 631
2776 631
2776 632
2778 632
2778 633
2779 633
2779 634
2780 634
2780 635
2781 635
2781 637
2782 637
2782 638
2783 638
2783 639
2787 639
2787 640
2796 640
2796 639
2806 639
2806 640
2813 640
2813 641
2815 641
2815 642
2817 642
2817 643
2819 643
2819 644
2821 644
2821 645
2833 645
2833 644
2837 644
2837 645
2841 645
2841 644
2844 644
2844 645
2850 645
2850 644
2854 644
2854 643
2857 643
2857 642
2858 642
2858 641
2859 641
2859 640
2861 640
2861 639
2862 639
2862 638
2863 638
2863 637
2864 637
2864 635
2865 635
2865 626
2864 626
2864 614
2865 614
2865 608
2866 608
2866 604
2867 604
2867 603
2877 603
2877 602
2880 602
2880 601
2881 601
2881 600
2882 600
2882 599
2884 599
2884 598
2889 598
2889 595
2890 595
2890 593
2891 593
2891 587
2892 587
2892 586
2893 586
2893 585
2894 585
2894 584
2896 584
2896 583
2911 583
2911 582
2913 582
2913 581
2914 581
2914 579
2915 579
2915 578
2916 578
2916 577
2917 577
2917 576
2918 576
2918 575
2919 575
2919 574
2921 574
2921 573
2923 573
2923 572
2924 572
2924 571
2925 571
2925 570
2926 570
2926 569
2929 569
2929 568
2931 568
2931 567
2937 567
2937 566
2939 566
2939 565
2940 565
2940 564
2949 564
2949 563
2950 563
2950 562
2951 562
2951 561
2952 561
2952 560
2953 560
2953 559
2954 559
2954 556
2953 556
2953 553
2952 553
2952 529
2953 529
2953 528
2954 528
2954 527
2956 527
2956 526
2971 526
2971 525
2973 525
2973 524
2974 524
2974 523
2975 523
2975 522
2976 522
2976 521
2977 521
2977 520
2982 520
2982 521
2983 521
2983 522
2984 522
2984 525
2985 525
2985 527
2986 527
2986 528
2987 528
2987 529
2988 529
2988 531
2989 531
2989 532
2991 532
2991 533
2997 533
2997 534
3000 534
3000 535
3001 535
3001 536
3003 536
3003 537
3004 537
3004 538
3009 538
3009 539
3011 539
3011 540
3012 540
3012 541
3014 541
3014 542
3015 542
3015 543
3021 543
3021 544
3033 544
3033 543
3037 543
3037 542
3042 542
3042 541
3045 541
3045 542
3047 542
3047 543
3049 543
3049 544
3050 544
3050 545
3051 545
3051 546
3052 546
3052 547
3059 547
3059 548
3067 548
3067 547
3074 547
3074 548
3077 548
3077 549
3082 549
3082 550
3086 550
3086 549
3091 549
3091 550
3103 550
3103 549
3104 549
3104 548
3106 548
3106 547
3115 547
3115 545
3116 545
3116 522
3115 522
3115 513
3116 513
3116 507
3117 507
3117 506
3118 506
3118 505
3121 505
3121 504
3124 504
3124 503
3126 503
3126 502
3127 502
3127 489
3128 489
3128 488
3130 488
3130 487
3134 487
3134 486
3135 486
3135 485
3136 485
3136 484
3137 484
3137 483
3138 483
3138 448
3137 448
3137 415
3136 415
3136 412
3137 412
3137 408
3138 408
3138 407
3146 407
3146 406
3148 406
3148 405
3149 405
3149 403
3150 403
3150 402
3151 402
3151 401
3155 401
3155 400
3156 400
3156 398
3157 398
3157 396
3158 396
3158 394
3159 394
3159 393
3160 393
3160 390
3166 390
3166 391
3168 391
3168 392
3169 392
3169 402
3170 402
3170 404
3171 404
3171 406
3172 406
3172 407
3173 407
3173 408
3175 408
3175 409
3178 409
3178 410
3180 410
3180 411
3181 411
3181 412
3182 412
3182 413
3183 413
3183 416
3184 416
3184 418
3185 418
3185 419
3187 419
3187 420
3189 420
3189 421
3193 421
3193 422
3195 422
3195 423
3197 423
3197 424
3199 424
3199 425
3201 425
3201 426
3221 426
3221 425
3224 425
3224 424
3225 424
3225 423
3226 423
3226 422
3230 422
3230 423
3231 423
3231 425
3232 425
3232 426
3233 426
3233 427
3237 427
3237 428
3238 428
3238 429
3240 429
3240 430
3241 430
3241 431
3242 431
3242 434
3243 434
3243 435
3244 435
3244 437
3245 437
3245 438
3247 438
3247 439
3249 439
3249 440
3251 440
3251 441
3252 441
3252 442
3253 442
3253 443
3254 443
3254 446
3255 446
3255 449
3256 449
3256 450
3257 450
3257 451
3258 451
3258 452
3259 452
3259 453
3262 453
3262 454
3263 454
3263 453
3276 453
3276 452
3278 452
3278 451
3280 451
3280 450
3281 450
3281 449
3283 449
3283 448
3288 448
3288 447
3298 447
3298 446
3299 446
3299 445
3301 445
3301 444
3304 444
3304 443
3309 443
3309 442
3312 442
3312 441
3314 441
3314 440
3315 440
3315 439
3316 439
3316 438
3320 438
3320 437
3323 437
3323 436
3327 436
3327 435
3330 435
3330 434
3333 434
3333 433
3336 433
3336 432
3338 432
3338 431
3341 431
3341 430
3344 430
3344 429
3346 429
3346 428
3350 428
3350 427
3353 427
3353 426
3357 426
3357 425
3361 425
3361 424
3362 424
3362 423
3364 423
3364 422
3365 422
3365 420
3366 420
3366 419
3367 419
3367 417
3368 417
3368 416
3369 416
3369 412
3370 412
3370 389
3369 389
3369 382
3370 382
3370 369
3369 369
3369 346
3370 346
3370 340
3371 340
3371 339
3372 339
3372 338
3379 338
3379 337
3381 337
3381 336
3382 336
3382 335
3383 335
3383 332
3384 332
3384 330
3385 330
3385 329
3389 329
3389 328
3391 328
3391 327
3392 327
3392 326
3393 326
3393 325
3395 325
3395 324
3399 324
3399 323
3401 323
3401 322
3402 322
3402 321
3403 321
3403 315
3404 315
3404 298
3403 298
3403 297
3404 297
3404 292
3405 292
3405 291
3406 291
3406 290
3413 290
3413 289
3415 289
3415 288
3416 288
3416 287
3417 287
3417 286
3418 286
3418 284
3419 284
3419 280
3420 280
3420 279
3419 279
3419 272
3420 272
3420 271
3424 271
3424 270
3425 270
3425 269
3426 269
3426 267
3427 267
3427 265
3428 265
3428 264
3429 264
3429 263
3430 263
3430 257
3434 257
3434 255
3435 255
3435 254
3436 254
3436 252
3437 252
3437 250
3438 250
3438 249
3439 249
3439 248
3440 248
3440 246
3441 246
3441 244
3442 244
3442 243
3443 243
3443 242
3444 242
3444 241
3475 241
3475 240
3479 240
3479 241
3480 241
3480 242
3481 242
3481 243
3482 243
3482 245
3483 245
3483 247
3484 247
3484 249
3485 249
3485 250
3486 250
3486 251
3487 251
3487 252
3488 252
3488 254
3489 254
3489 256
3488 256
3488 254
3487 254
3487 252
3486 252
3486 251
3485 251
3485 250
3484 250
3484 249
3483 249
3483 247
3482 247
3482 245
3481 245
3481 243
3480 243
3480 242
3479 242
3479 241
3475 241
3475 242
3444 242
3444 243
3443 243
3443 244
3442 244
3442 246
3441 246
3441 249
3439 249
3439 250
3438 250
3438 253
3437 253
3437 254
3436 254
3436 255
3435 255
3435 257
3434 257
3434 258
3431 258
3431 263
3430 263
3430 264
3429 264
3429 265
3428 265
3428 267
3427 267
3427 269
3426 269
3426 270
3425 270
3425 271
3424 271
3424 272
3420 272
3420 279
3421 279
3421 280
3420 280
3420 284
3419 284
3419 286
3418 286
3418 287
3417 287
3417 288
3416 288
3416 289
3415 289
3415 290
3413 290
3413 291
3406 291
3406 292
3405 292
3405 297
3404 297
3404 298
3405 298
3405 315
3404 315
3404 321
3403 321
3403 322
3402 322
3402 323
3401 323
3401 324
3399 324
3399 325
3395 325
3395 326
3393 326
3393 327
3392 327
3392 328
3391 328
3391 329
3389 329
3389 330
3385 330
3385 332
3384 332
3384 335
3383 335
3383 336
3382 336
3382 337
3381 337
3381 338
3379 338
3379 339
3372 339
3372 340
3371 340
3371 346
3370 346
3370 369
3371 369
3371 382
3370 382
3370 389
3371 389
3371 412
3370 412
3370 416
3369 416
3369 417
3368 417
3368 419
3367 419
3367 420
3366 420
3366 422
3365 422
3365 423
3364 423
3364 424
3362 424
3362 425
3361 425
3361 426
3357 426
3357 427
3353 427
3353 428
3350 428
3350 429
3346 429
3346 430
3344 430
3344 431
3341 431
3341 432
3338 432
3338 433
3336 433
3336 434
3333 434
3333 435
3330 435
3330 436
3327 436
3327 437
3323 437
3323 438
3320 438
3320 439
3316 439
3316 440
3315 440
3315 441
3314 441
3314 442
3312 442
3312 443
3309 443
3309 444
3304 444
3304 445
3301 445
3301 446
3299 446
3299 447
3298 447
3298 448
3288 448
3288 449
3283 449
3283 450
3281 450
3281 451
3280 451
3280 452
3278 452
3278 453
3276 453
3276 454
3263 454
3263 455
3262 455
3262 454
3259 454
3259 453
3258 453
3258 452
3257 452
3257 451
3256 451
3256 450
3255 450
3255 449
3254 449
3254 446
3253 446
3253 443
3252 443
3252 442
3251 442
3251 441
3249 441
3249 440
3247 440
3247 439
3245 439
3245 438
3244 438
3244 437
3243 437
3243 435
3242 435
3242 434
3241 434
3241 431
3240 431
3240 430
3238 430
3238 429
3237 429
3237 428
3233 428
3233 427
3232 427
3232 426
3231 426
3231 425
3230 425
3230 423
3226 423
3226 424
3225 424
3225 425
3224 425
3224 426
3221 426
3221 427
3201 427
3201 426
3199 426
3199 425
3197 425
3197 424
3195 424
3195 423
3193 423
3193 422
3189 422
3189 421
3187 421
3187 420
3185 420
3185 419
3184 419
3184 418
3183 418
3183 416
3182 416
3182 413
3181 413
3181 412
3180 412
3180 411
3178 411
3178 410
3175 410
3175 409
3173 409
3173 408
3172 408
3172 407
3171 407
3171 406
3170 406
3170 404
3169 404
3169 402
3168 402
3168 392
3166 392
3166 391
3161 391
3161 393
3160 393
3160 394
3159 394
3159 396
3158 396
3158 398
3157 398
3157 400
3156 400
3156 401
3155 401
3155 402
3151 402
3151 403
3150 403
3150 405
3149 405
3149 406
3148 406
3148 407
3146 407
3146 408
3138 408
3138 412
3137 412
3137 415
3138 415
3138 448
3139 448
3139 483
3138 483
3138 484
3137 484
3137 485
3136 485
3136 486
3135 486
3135 487
3134 487
3134 488
3130 488
3130 489
3128 489
3128 502
3127 502
3127 503
3126 503
3126 504
3124 504
3124 505
3121 505
3121 506
3118 506
3118 507
3117 507
3117 513
3116 513
3116 522
3117 522
3117 545
3116 545
3116 547
3115 547
3115 548
3106 548
3106 549
3104 549
3104 550
3103 550
3103 551
3091 551
3091 550
3086 550
3086 551
3082 551
3082 550
3077 550
3077 549
3074 549
3074 548
3067 548
3067 549
3059 549
3059 548
3052 548
3052 547
3051 547
3051 546
3050 546
3050 545
3049 545
3049 544
3047 544
3047 543
3045 543
3045 542
3042 542
3042 543
3037 543
3037 544
3033 544
3033 545
3021 545
3021 544
3015 544
3015 543
3014 543
3014 542
3012 542
3012 541
3011 541
3011 540
3009 540
3009 539
3004 539
3004 538
3003 538
3003 537
3001 537
3001 536
3000 536
3000 535
2997 535
2997 534
2991 534
2991 533
2989 533
2989 532
2988 532
2988 531
2987 531
2987 529
2986 529
2986 528
2985 528
2985 527
2984 527
2984 525
2983 525
2983 522
2982 522
2982 521
2977 521
2977 522
2976 522
2976 523
2975 523
2975 524
2974 524
2974 525
2973 525
2973 526
2971 526
2971 527
2956 527
2956 528
2954 528
2954 529
2953 529
2953 553
2954 553
2954 556
2955 556
2955 559
2954 559
2954 560
2953 560
2953 561
2952 561
2952 562
2951 562
2951 563
2950 563
2950 564
2949 564
2949 565
2940 565
2940 566
2939 566
2939 567
2937 567
2937 568
2931 568
2931 569
2929 569
2929 570
2926 570
2926 571
2925 571
2925 572
2924 572
2924 573
2923 573
2923 574
2921 574
2921 575
2919 575
2919 576
2918 576
2918 577
2917 577
2917 578
2916 578
2916 579
2915 579
2915 581
2914 581
2914 582
2913 582
2913 583
2911 583
2911 584
2896 584
2896 585
2894 585
2894 586
2893 586
2893 587
2892 587
2892 593
2891 593
2891 595
2890 595
2890 599
2884 599
2884 600
2882 600
2882 601
2881 601
2881 602
2880 602
2880 603
2877 603
2877 604
2867 604
2867 608
2866 608
2866 614
2865 614
2865 626
2866 626
2866 635
2865 635
2865 637
2864 637
2864 638
2863 638
2863 639
2862 639
2862 640
2861 640
2861 641
2859 641
2859 642
2858 642
2858 643
2857 643
2857 644
2854 644
2854 645
2850 645
2850 646
2844 646
2844 645
2841 645
2841 646
2837 646
2837 645
2833 645
2833 646
2821 646
2821 645
2819 645
2819 644
2817 644
2817 643
2815 643
2815 642
2813 642
2813 641
2806 641
2806 640
2796 640
2796 641
2787 641
2787 640
2783 640
2783 639
2782 639
2782 638
2781 638
2781 637
2780 637
2780 635
2779 635
2779 634
2778 634
2778 633
2776 633
2776 632
2775 632
2775 631
2774 631
2774 630
2772 630
2772 629
2771 629
2771 628
2769 628
2769 627
2768 627
2768 626
2767 626
2767 625
2766 625
2766 624
2765 624
2765 623
2764 623
2764 622
2763 622
2763 620
2762 620
2762 618
2761 618
2761 612
2760 612
2760 595
2759 595
2759 578
2758 578
2758 573
2757 573
2757 572
2756 572
2756 571
2755 571
2755 570
2754 570
2754 569
2753 569
2753 567
2752 567
2752 566
2751 566
2751 564
2750 564
2750 562
2749 562
2749 561
2748 561
2748 559
2745 559
2745 558
2741 558
2741 557
2739 557
2739 556
2738 556
2738 555
2736 555
2736 554
2735 554
2735 553
2731 553
2731 554
2730 554
2730 555
2727 555
2727 556
2725 556
2725 568
2724 568
2724 581
2723 581
2723 586
2722 586
2722 587
2721 587
2721 588
2720 588
2720 589
2719 589
2719 590
2716 590
2716 591
2715 591
2715 592
2714 592
2714 593
2713 593
2713 594
2712 594
2712 595
2711 595
2711 596
2710 596
2710 597
2708 597
2708 598
2703 598
2703 599
2702 599
2702 600
2701 600
2701 601
2699 601
2699 602
2691 602
2691 603
2690 603
2690 604
2688 604
2688 605
2683 605
2683 606
2681 606
2681 607
2680 607
2680 608
2679 608
2679 665
2680 665
2680 670
2679 670
2679 694
2678 694
2678 695
2677 695
2677 697
2676 697
2676 698
2675 698
2675 700
2674 700
2674 702
2673 702
2673 704
2672 704
2672 705
2670 705
2670 706
2669 706
2669 707
2667 707
2667 708
2666 708
2666 709
2661 709
2661 715
2660 715
2660 717
2659 717
2659 719
2658 719
2658 720
2657 720
2657 721
2656 721
2656 722
2655 722
2655 723
2653 723
2653 724
2647 724
2647 723
2641 723
2641 722
2640 722
2640 721
2639 721
2639 720
2638 720
2638 719
2637 719
2637 718
2636 718
2636 717
2635 717
2635 716
2634 716
2634 715
2633 715
2633 713
2632 713
2632 712
2631 712
2631 710
2630 710
2630 709
2629 709
2629 708
2628 708
2628 707
2627 707
2627 706
2625 706
2625 705
2622 705
2622 704
2620 704
2620 703
2617 703
2617 702
2615 702
2615 701
2612 701
2612 700
2611 700
2611 699
2610 699
2610 698
2609 698
2609 697
2608 697
2608 696
2607 696
2607 695
2606 695
2606 694
2605 694
2605 693
2604 693
2604 692
2603 692
2603 691
2602 691
2602 689
2601 689
2601 688
2600 688
2600 685
2599 685
2599 682
2598 682
2598 678
2597 678
2597 671
2596 671
2596 669
2595 669
2595 668
2594 668
2594 667
2592 667
2592 668
2591 668
2591 669
2590 669
2590 670
2589 670
2589 671
2587 671
2587 672
2586 672
2586 673
2585 673
2585 674
2584 674
2584 675
2576 675
2576 676
2575 676
2575 677
2573 677
2573 678
2572 678
2572 680
2571 680
2571 682
2570 682
2570 683
2569 683
2569 684
2568 684
2568 685
2567 685
2567 686
2560 686
2560 687
2559 687
2559 688
2551 688
2551 689
2549 689
2549 690
2544 690
2544 691
2541 691
2541 692
2539 692
2539 693
2536 693
2536 694
2519 694
2519 695
2513 695
2513 694
2511 694
2511 693
2509 693
2509 692
2508 692
2508 691
2507 691
2507 690
2506 690
2506 689
2505 689
2505 688
2504 688
2504 683
2503 683
2503 663
2502 663
2502 660
2496 660
2496 659
2494 659
2494 658
2493 658
2493 657
2491 657
2491 656
2489 656
2489 655
2484 655
2484 654
2482 654
2482 653
2481 653
2481 652
2480 652
2480 651
2479 651
2479 649
2478 649
2478 647
2477 647
2477 640
2463 640
2463 641
2459 641
2459 640
2454 640
2454 639
2445 639
2445 638
2429 638
2429 639
2428 639
2428 645
2429 645
2429 648
2428 648
2428 652
2427 652
2427 658
2426 658
2426 661
2427 661
2427 666
2428 666
2428 670
2427 670
2427 679
2428 679
2428 691
2429 691
2429 697
2428 697
2428 699
2427 699
2427 700
2426 700
2426 701
2422 701
2422 702
2421 702
2421 724
2420 724
2420 725
2417 725
2417 726
2415 726
2415 727
2409 727
2409 728
2404 728
2404 729
2388 729
2388 728
2383 728
2383 729
2379 729
2379 730
2374 730
2374 731
2368 731
2368 730
2360 730
2360 729
2358 729
2358 728
2350 728
2350 727
2349 727
2349 726
2342 726
2342 725
2339 725
2339 724
2336 724
2336 723
2329 723
2329 722
2323 722
2323 723
2321 723
2321 724
2319 724
2319 725
2314 725
2314 726
2306 726
2306 727
2305 727
2305 728
2304 728
2304 729
2294 729
2294 727
2286 727
2286 728
2283 728
2283 729
2274 729
2274 730
2268 730
2268 731
2266 731
2266 732
2263 732
2263 733
2261 733
2261 734
2256 734
2256 735
2251 735
2251 736
2248 736
2248 737
2240 737
2240 738
2237 738
2237 739
2231 739
2231 740
2229 740
2229 741
2228 741
2228 742
2225 742
2225 743
2219 743
2219 742
2218 742
2218 741
2217 741
2217 740
2216 740
2216 739
2215 739
2215 738
2212 738
2212 737
2204 737
2204 736
2202 736
2202 735
2201 735
2201 734
2200 734
2200 733
2199 733
2199 732
2198 732
2198 731
2197 731
2197 728
2196 728
2196 727
2195 727
2195 720
2194 720
2194 715
2193 715
2193 710
2192 710
2192 706
2191 706
2191 705
2190 705
2190 703
2189 703
2189 702
2188 702
2188 701
2187 701
2187 699
2186 699
2186 697
2185 697
2185 695
2184 695
2184 693
2183 693
2183 690
2182 690
2182 687
2181 687
2181 686
2180 686
2180 685
2178 685
2178 684
2176 684
2176 683
2174 683
2174 682
2173 682
2173 681
2172 681
2172 680
2171 680
2171 679
2170 679
2170 678
2169 678
2169 675
2168 675
2168 667
2169 667
2169 665
2168 665
2168 659
2167 659
2167 654
2161 654
2161 655
2155 655
2155 656
2151 656
2151 657
2145 657
2145 658
2144 658
2144 657
2143 657
2143 656
2141 656
2141 655
2129 655
2129 667
2130 667
2130 677
2131 677
2131 687
2132 687
2132 697
2131 697
2131 699
2130 699
2130 700
2129 700
2129 701
2121 701
2121 706
2122 706
2122 710
2123 710
2123 715
2122 715
2122 717
2121 717
2121 718
2119 718
2119 719
2116 719
2116 720
2115 720
2115 721
2113 721
2113 722
2112 722
