1882 996
1873 996
1873 995
1871 995
1871 994
1870 994
1870 993
1867 993
1867 994
1863 994
1863 993
1857 993
1857 992
1851 992
1851 993
1848 993
1848 994
1831 994
1831 993
1829 993
1829 992
1828 992
1828 991
1823 991
1823 990
1819 990
1819 989
1818 989
1818 987
1817 987
1817 986
1814 986
1814 985
1813 985
1813 984
1812 984
1812 983
1810 983
1810 982
1806 982
1806 981
1804 981
1804 980
1792 980
1792 979
1786 979
1786 978
1785 978
1785 977
1784 977
1784 976
1783 976
1783 975
1782 975
1782 974
1780 974
1780 973
1777 973
1777 972
1772 972
1772 971
1766 971
1766 970
1751 970
1751 969
1734 969
1734 968
1724 968
1724 967
1722 967
1722 966
1720 966
1720 965
1718 965
1718 964
1713 964
1713 963
1712 963
1712 962
1707 962
1707 961
1705 961
1705 960
1704 960
1704 959
1703 959
1703 958
1702 958
1702 955
1701 955
1701 954
1699 954
1699 953
1697 953
1697 954
1696 954
1696 953
1693 953
1693 952
1692 952
1692 950
1691 950
1691 949
1690 949
1690 948
1685 948
1685 947
1682 947
1682 946
1676 946
1676 945
1674 945
1674 944
1672 944
1672 943
1668 943
1668 942
1666 942
1666 941
1661 941
1661 940
1660 940
1660 939
1659 939
1659 938
1654 938
1654 937
1648 937
1648 936
1647 936
1647 935
1646 935
1646 934
1645 934
1645 931
1644 931
1644 930
1643 930
1643 929
1637 929
1637 928
1634 928
1634 927
1633 927
1633 926
1632 926
1632 925
1624 925
1624 924
1618 924
1618 923
1613 923
1613 922
1599 922
1599 921
1596 921
1596 920
1593 920
1593 919
1592 919
1592 918
1591 918
1591 917
1584 917
1584 918
1574 918
1574 917
1568 917
1568 918
1557 918
1557 919
1553 919
1553 918
1552 918
1552 916
1548 916
1548 915
1537 915
1537 914
1522 914
1522 915
1518 915
1518 914
1517 914
1517 913
1501 913
1501 912
1493 912
1493 911
1487 911
1487 910
1486 910
1486 909
1483 909
1483 908
1481 908
1481 907
1478 907
1478 906
1476 906
1476 905
1475 905
1475 904
1474 904
1474 903
1473 903
1473 902
1472 902
1472 901
1471 901
1471 900
1470 900
1470 899
1466 899
1466 898
1465 898
1465 897
1463 897
1463 896
1462 896
1462 894
1461 894
1461 892
1460 892
1460 891
1456 891
1456 890
1455 890
1455 888
1454 888
1454 887
1451 887
1451 885
1450 885
1450 883
1448 883
1448 882
1447 882
1447 881
1446 881
1446 878
1445 878
1445 876
1444 876
1444 869
1443 869
1443 861
1444 861
1444 848
1443 848
1443 843
1440 843
1440 842
1435 842
1435 843
1433 843
1433 844
1432 844
1432 845
1431 845
1431 846
1430 846
1430 847
1429 847
1429 850
1428 850
1428 851
1427 851
1427 854
1426 854
1426 855
1425 855
1425 861
1424 861
1424 862
1423 862
1423 864
1422 864
1422 870
1421 870
1421 871
1420 871
1420 872
1419 872
1419 873
1417 873
1417 874
1416 874
1416 875
1411 875
1411 876
1410 876
1410 877
1409 877
1409 878
1408 878
1408 879
1407 879
1407 880
1405 880
1405 881
1403 881
1403 882
1394 882
1394 883
1392 883
1392 884
1381 884
1381 885
1372 885
1372 884
1369 884
1369 883
1367 883
1367 882
1365 882
1365 881
1364 881
1364 880
1362 880
1362 879
1360 879
1360 878
1358 878
1358 877
1354 877
1354 876
1352 876
1352 875
1350 875
1350 874
1339 874
1339 873
1338 873
1338 872
1337 872
1337 871
1336 871
1336 870
1334 870
1334 869
1332 869
1332 868
1331 868
1331 867
1330 867
1330 866
1329 866
1329 864
1327 864
1327 863
1324 863
1324 862
1317 862
1317 861
1316 861
1316 860
1315 860
1315 859
1313 859
1313 858
1312 858
1312 857
1311 857
1311 856
1310 856
1310 855
1307 855
1307 854
1292 854
1292 853
1289 853
1289 852
1288 852
1288 851
1287 851
1287 850
1286 850
1286 849
1283 849
1283 850
1278 850
1278 849
1270 849
1270 848
1269 848
1269 847
1266 847
1266 846
1265 846
1265 845
1264 845
1264 843
1263 843
1263 840
1262 840
1262 839
1261 839
1261 838
1260 838
1260 837
1258 837
1258 836
1257 836
1257 835
1252 835
1252 836
1250 836
1250 835
1248 835
1248 834
1241 834
1241 835
1237 835
1237 834
1226 834
1226 833
1220 833
1220 832
1216 832
1216 833
1215 833
1215 834
1214 834
1214 835
1207 835
1207 836
1204 836
1204 842
1202 842
1202 843
1201 843
1201 844
1200 844
1200 845
1199 845
1199 846
1196 846
1196 847
1195 847
1195 848
1194 848
1194 849
1185 849
1185 848
1183 848
1183 847
1182 847
1182 846
1181 846
1181 843
1180 843
1180 842
1172 842
1172 843
1169 843
1169 842
1168 842
1168 843
1165 843
1165 842
1161 842
1161 843
1151 843
1151 842
1146 842
1146 841
1143 841
1143 840
1141 840
1141 839
1137 839
1137 838
1136 838
1136 837
1135 837
1135 834
1134 834
1134 828
1133 828
1133 825
1132 825
1132 823
1130 823
1130 822
1128 822
1128 821
1126 821
1126 820
1124 820
1124 819
1121 819
1121 818
1116 818
1116 817
1115 817
1115 816
1111 816
1111 815
1101 815
1101 814
1100 814
1100 813
1098 813
1098 812
1097 812
1097 811
1096 811
1096 810
1094 810
1094 809
1092 809
1092 808
1089 808
1089 807
1086 807
1086 808
1081 808
1081 807
1078 807
1078 806
1076 806
1076 805
1075 805
1075 804
1073 804
1073 803
1070 803
1070 802
1067 802
1067 801
1066 801
1066 800
1065 800
1065 799
1062 799
1062 798
1061 798
1061 796
1060 796
1060 795
1055 795
1055 794
1054 794
1054 793
1052 793
1052 792
1051 792
1051 791
1049 791
1049 790
1045 790
1045 789
1039 789
1039 788
1035 788
1035 787
1030 787
1030 786
1029 786
1029 785
1026 785
1026 784
1025 784
1025 783
1024 783
1024 782
1023 782
1023 781
1022 781
1022 779
1021 779
1021 778
1020 778
1020 766
1021 766
1021 746
1020 746
1020 733
1019 733
1019 701
1018 701
1018 690
1017 690
1017 683
1014 683
1014 684
1013 684
1013 685
1011 685
1011 686
1010 686
1010 687
1009 687
1009 688
1008 688
1008 689
1007 689
1007 690
1006 690
1006 691
1005 691
1005 690
1000 690
1000 712
1001 712
1001 717
1000 717
1000 718
999 718
999 719
998 719
998 720
997 720
997 723
996 723
996 724
989 724
989 726
988 726
988 727
986 727
986 728
981 728
981 729
980 729
980 731
973 731
973 732
970 732
970 733
969 733
969 736
966 736
966 737
964 737
964 738
959 738
959 737
955 737
955 736
949 736
949 735
944 735
944 734
935 734
935 733
934 733
934 732
932 732
932 731
927 731
927 730
926 730
926 729
922 729
922 728
921 728
921 727
918 727
918 726
914 726
914 725
909 725
909 724
908 724
908 723
907 723
907 721
906 721
906 718
905 718
905 716
904 716
904 714
903 714
903 712
902 712
902 711
901 711
901 709
900 709
900 706
899 706
899 705
898 705
898 704
897 704
897 703
896 703
896 702
895 702
895 701
894 701
894 700
893 700
893 698
892 698
892 697
891 697
891 695
890 695
890 694
889 694
889 693
888 693
888 692
887 692
887 691
886 691
886 690
885 690
885 689
884 689
884 688
883 688
883 687
881 687
881 686
879 686
879 685
864 685
864 686
862 686
862 687
860 687
860 688
850 688
850 687
848 687
848 686
847 686
847 685
841 685
841 686
836 686
836 687
830 687
830 688
825 688
825 689
819 689
819 688
817 688
817 687
814 687
814 686
813 686
813 685
812 685
812 684
811 684
811 683
810 683
810 682
809 682
809 680
808 680
808 679
806 679
806 678
804 678
804 677
802 677
802 676
801 676
801 675
800 675
800 674
799 674
799 673
798 673
798 672
797 672
797 669
796 669
796 667
795 667
795 664
793 664
793 663
790 663
790 662
788 662
788 661
786 661
786 660
785 660
785 659
784 659
784 658
783 658
783 657
782 657
782 656
781 656
781 655
780 655
780 654
779 654
779 653
777 653
777 652
776 652
776 651
775 651
775 650
774 650
774 648
773 648
773 646
772 646
772 642
771 642
771 631
770 631
770 620
767 620
767 619
763 619
763 618
762 618
762 617
760 617
760 616
752 616
752 617
750 617
750 618
746 618
746 619
745 619
745 620
744 620
744 622
743 622
743 624
742 624
742 625
741 625
741 626
740 626
740 627
739 627
739 630
738 630
738 631
737 631
737 632
735 632
735 633
734 633
734 635
733 635
733 636
732 636
732 637
728 637
728 638
719 638
719 637
703 637
703 636
702 636
702 635
701 635
701 633
700 633
700 632
695 632
695 633
694 633
694 634
693 634
693 635
692 635
692 636
688 636
688 639
687 639
687 640
686 640
686 643
685 643
685 647
683 647
683 649
682 649
682 652
681 652
681 653
680 653
680 654
679 654
679 657
678 657
678 659
677 659
677 660
676 660
676 661
675 661
675 662
674 662
674 665
673 665
673 666
672 666
672 667
668 667
668 668
663 668
663 672
662 672
662 673
661 673
661 675
659 675
659 676
657 676
657 677
652 677
652 678
650 678
650 679
649 679
649 680
648 680
648 681
646 681
646 682
642 682
642 684
641 684
641 685
639 685
639 686
637 686
637 685
633 685
633 686
627 686
627 687
625 687
625 688
608 688
608 687
604 687
604 688
597 688
597 687
594 687
594 686
592 686
592 685
587 685
587 684
586 684
586 683
584 683
584 682
583 682
583 681
581 681
581 680
580 680
580 679
578 679
578 678
576 678
576 677
574 677
574 676
572 676
572 675
568 675
568 674
565 674
565 673
563 673
563 672
560 672
560 671
558 671
558 670
556 670
556 669
555 669
555 668
554 668
554 666
553 666
553 664
552 664
552 662
551 662
551 661
550 661
550 660
549 660
549 659
548 659
548 658
547 658
547 654
546 654
546 648
545 648
545 634
544 634
544 629
545 629
545 614
544 614
544 609
545 609
545 607
544 607
544 600
543 600
543 590
542 590
542 585
541 585
541 584
540 584
540 580
541 580
541 573
539 573
539 572
538 572
538 570
537 570
537 569
536 569
536 568
535 568
535 566
534 566
534 562
533 562
533 561
531 561
531 560
530 560
530 559
528 559
528 558
527 558
527 557
526 557
526 556
525 556
525 555
524 555
524 553
523 553
523 551
522 551
522 549
521 549
521 547
520 547
520 543
519 543
519 540
518 540
518 539
512 539
512 538
510 538
510 539
504 539
504 540
503 540
503 543
502 543
502 546
501 546
501 547
499 547
499 548
498 548
498 551
497 551
497 552
495 552
495 553
494 553
494 554
493 554
493 555
492 555
492 556
486 556
486 555
492 555
492 554
493 554
493 553
494 553
494 552
495 552
495 551
497 551
497 548
498 548
498 547
499 547
499 546
501 546
501 543
502 543
502 540
503 540
503 539
504 539
504 538
510 538
510 537
512 537
512 538
518 538
518 539
519 539
519 540
520 540
520 543
521 543
521 547
522 547
522 549
523 549
523 551
524 551
524 553
525 553
525 555
526 555
526 556
527 556
527 557
528 557
528 558
530 558
530 559
531 559
531 560
533 560
533 561
535 561
535 566
536 566
536 568
537 568
537 569
538 569
538 570
539 570
539 572
541 572
541 573
542 573
542 580
541 580
541 584
542 584
542 585
543 585
543 590
544 590
544 600
545 600
545 607
546 607
546 609
545 609
545 614
546 614
546 629
545 629
545 634
546 634
546 648
547 648
547 654
548 654
548 658
549 658
549 659
550 659
550 660
551 660
551 661
552 661
552 662
553 662
553 664
554 664
554 666
555 666
555 668
556 668
556 669
558 669
558 670
560 670
560 671
563 671
563 672
565 672
565 673
568 673
568 674
572 674
572 675
574 675
574 676
576 676
576 677
578 677
578 678
580 678
580 679
581 679
581 680
583 680
583 681
584 681
584 682
586 682
586 683
587 683
587 684
592 684
592 685
594 685
594 686
597 686
597 687
604 687
604 686
608 686
608 687
625 687
625 686
627 686
627 685
633 685
633 684
637 684
637 685
639 685
639 684
641 684
641 681
646 681
646 680
648 680
648 679
649 679
649 678
650 678
650 677
652 677
652 676
657 676
657 675
659 675
659 674
660 674
660 673
661 673
661 672
662 672
662 668
663 668
663 667
668 667
668 666
672 666
672 665
673 665
673 662
674 662
674 661
675 661
675 660
676 660
676 659
677 659
677 657
678 657
678 654
679 654
679 653
680 653
680 652
681 652
681 649
682 649
682 647
683 647
683 646
684 646
684 643
685 643
685 640
686 640
686 639
687 639
687 636
688 636
688 635
692 635
692 634
693 634
693 633
694 633
694 632
695 632
695 631
700 631
700 632
701 632
701 633
702 633
702 635
703 635
703 636
719 636
719 637
728 637
728 636
732 636
732 635
733 635
733 633
734 633
734 632
735 632
735 631
737 631
737 630
738 630
738 627
739 627
739 626
740 626
740 625
741 625
741 624
742 624
742 622
743 622
743 620
744 620
744 619
745 619
745 618
746 618
746 617
750 617
750 616
752 616
752 615
760 615
760 616
762 616
762 617
763 617
763 618
767 618
767 619
770 619
770 620
771 620
771 631
772 631
772 642
773 642
773 646
774 646
774 648
775 648
775 650
776 650
776 651
777 651
777 652
779 652
779 653
780 653
780 654
781 654
781 655
782 655
782 656
783 656
783 657
784 657
784 658
785 658
785 659
786 659
786 660
788 660
788 661
790 661
790 662
793 662
793 663
795 663
795 664
796 664
796 667
797 667
797 669
798 669
798 672
799 672
799 673
800 673
800 674
801 674
801 675
802 675
802 676
804 676
804 677
806 677
806 678
808 678
808 679
809 679
809 680
810 680
810 682
811 682
811 683
812 683
812 684
813 684
813 685
814 685
814 686
817 686
817 687
819 687
819 688
825 688
825 687
830 687
830 686
836 686
836 685
841 685
841 684
847 684
847 685
848 685
848 686
850 686
850 687
860 687
860 686
862 686
862 685
864 685
864 684
879 684
879 685
881 685
881 686
883 686
883 687
884 687
884 688
885 688
885 689
886 689
886 690
887 690
887 691
888 691
888 692
889 692
889 693
890 693
890 694
891 694
891 695
892 695
892 697
893 697
893 698
894 698
894 700
895 700
895 701
896 701
896 702
897 702
897 703
898 703
898 704
900 704
900 706
901 706
901 709
902 709
902 711
903 711
903 712
904 712
904 714
905 714
905 716
906 716
906 718
907 718
907 721
908 721
908 723
909 723
909 724
914 724
914 725
918 725
918 726
921 726
921 727
922 727
922 728
927 728
927 730
932 730
932 731
934 731
934 732
935 732
935 733
944 733
944 734
949 734
949 735
955 735
955 736
959 736
959 737
964 737
964 736
966 736
966 735
968 735
968 733
969 733
969 732
970 732
970 731
973 731
973 730
979 730
979 729
980 729
980 728
981 728
981 727
986 727
986 726
988 726
988 723
996 723
996 720
997 720
997 719
998 719
998 718
999 718
999 717
1000 717
1000 712
999 712
999 690
1000 690
1000 689
1005 689
1005 690
1006 690
1006 689
1007 689
1007 688
1008 688
1008 687
1009 687
1009 686
1010 686
1010 685
1011 685
1011 684
1013 684
1013 683
1014 683
1014 682
1017 682
1017 683
1018 683
1018 690
1019 690
1019 701
1020 701
1020 733
1021 733
1021 746
1022 746
1022 766
1021 766
1021 778
1022 778
1022 779
1023 779
1023 781
1024 781
1024 782
1025 782
1025 783
1026 783
1026 784
1029 784
1029 785
1030 785
1030 786
1035 786
1035 787
1039 787
1039 788
1045 788
1045 789
1049 789
1049 790
1051 790
1051 791
1052 791
1052 792
1054 792
1054 793
1055 793
1055 794
1060 794
1060 795
1061 795
1061 796
1062 796
1062 798
1065 798
1065 799
1066 799
1066 800
1067 800
1067 801
1070 801
1070 802
1073 802
1073 803
1075 803
1075 804
1076 804
1076 805
1078 805
1078 806
1081 806
1081 807
1086 807
1086 806
1089 806
1089 807
1092 807
1092 808
1094 808
1094 809
1096 809
1096 810
1097 810
1097 811
1098 811
1098 812
1100 812
1100 813
1101 813
1101 814
1111 814
1111 815
1115 815
1115 816
1116 816
1116 817
1121 817
1121 818
1124 818
1124 819
1126 819
1126 820
1128 820
1128 821
1130 821
1130 822
1132 822
1132 823
1133 823
1133 825
1134 825
1134 828
1135 828
1135 834
1136 834
1136 837
1137 837
1137 838
1141 838
1141 839
1143 839
1143 840
1146 840
1146 841
1151 841
1151 842
1161 842
1161 841
1165 841
1165 842
1168 842
1168 841
1169 841
1169 842
1172 842
1172 841
1180 841
1180 842
1181 842
1181 843
1182 843
1182 846
1183 846
1183 847
1185 847
1185 848
1194 848
1194 847
1195 847
1195 846
1196 846
1196 845
1199 845
1199 844
1200 844
1200 843
1201 843
1201 842
1202 842
1202 841
1203 841
1203 836
1204 836
1204 835
1207 835
1207 834
1214 834
1214 833
1215 833
1215 832
1216 832
1216 831
1220 831
1220 832
1226 832
1226 833
1237 833
1237 834
1241 834
1241 833
1248 833
1248 834
1250 834
1250 835
1252 835
1252 834
1257 834
1257 835
1258 835
1258 836
1260 836
1260 837
1261 837
1261 838
1262 838
1262 839
1263 839
1263 840
1264 840
1264 843
1265 843
1265 845
1266 845
1266 846
1269 846
1269 847
1270 847
1270 848
1278 848
1278 849
1283 849
1283 848
1286 848
1286 849
1287 849
1287 850
1288 850
1288 851
1289 851
1289 852
1292 852
1292 853
1307 853
1307 854
1310 854
1310 855
1311 855
1311 856
1312 856
1312 857
1313 857
1313 858
1315 858
1315 859
1316 859
1316 860
1317 860
1317 861
1324 861
1324 862
1327 862
1327 863
1329 863
1329 864
1330 864
1330 866
1331 866
1331 867
1332 867
1332 868
1334 868
1334 869
1336 869
1336 870
1337 870
1337 871
1338 871
1338 872
1339 872
1339 873
1350 873
1350 874
1352 874
1352 875
1354 875
1354 876
1358 876
1358 877
1360 877
1360 878
1362 878
1362 879
1364 879
1364 880
1365 880
1365 881
1367 881
1367 882
1369 882
1369 883
1372 883
1372 884
1381 884
1381 883
1392 883
1392 882
1394 882
1394 881
1403 881
1403 880
1405 880
1405 879
1407 879
1407 878
1408 878
1408 877
1409 877
1409 876
1410 876
1410 875
1411 875
1411 874
1416 874
1416 873
1417 873
1417 872
1419 872
1419 871
1420 871
1420 870
1421 870
1421 864
1422 864
1422 862
1423 862
1423 861
1424 861
1424 855
1425 855
1425 854
1426 854
1426 851
1427 851
1427 850
1428 850
1428 847
1429 847
1429 846
1430 846
1430 845
1431 845
1431 844
1432 844
1432 843
1433 843
1433 842
1435 842
1435 841
1440 841
1440 842
1443 842
1443 843
1444 843
1444 848
1445 848
1445 861
1444 861
1444 869
1445 869
1445 876
1446 876
1446 878
1447 878
1447 881
1448 881
1448 882
1450 882
1450 883
1451 883
1451 885
1452 885
1452 886
1455 886
1455 888
1456 888
1456 890
1460 890
1460 891
1461 891
1461 892
1462 892
1462 894
1463 894
1463 896
1465 896
1465 897
1466 897
1466 898
1470 898
1470 899
1471 899
1471 900
1472 900
1472 901
1473 901
1473 902
1474 902
1474 903
1475 903
1475 904
1476 904
1476 905
1478 905
1478 906
1481 906
1481 907
1483 907
1483 908
1486 908
1486 909
1487 909
1487 910
1493 910
1493 911
1501 911
1501 912
1517 912
1517 913
1518 913
1518 914
1522 914
1522 913
1537 913
1537 914
1548 914
1548 915
1552 915
1552 916
1553 916
1553 918
1557 918
1557 917
1568 917
1568 916
1574 916
1574 917
1584 917
1584 916
1591 916
1591 917
1592 917
1592 918
1593 918
1593 919
1596 919
1596 920
1599 920
1599 921
1613 921
1613 922
1618 922
1618 923
1624 923
1624 924
1632 924
1632 925
1633 925
1633 926
1634 926
1634 927
1637 927
1637 928
1643 928
1643 929
1644 929
1644 930
1645 930
1645 931
1646 931
1646 934
1647 934
1647 935
1648 935
1648 936
1654 936
1654 937
1659 937
1659 938
1660 938
1660 939
1661 939
1661 940
1666 940
1666 941
1668 941
1668 942
1672 942
1672 943
1674 943
1674 944
1676 944
1676 945
1682 945
1682 946
1685 946
1685 947
1690 947
1690 948
1691 948
1691 949
1692 949
1692 950
1693 950
1693 952
1696 952
1696 953
1697 953
1697 952
1699 952
1699 953
1701 953
1701 954
1702 954
1702 955
1703 955
1703 958
1704 958
1704 959
1705 959
1705 960
1707 960
1707 961
1712 961
1712 962
1713 962
1713 963
1718 963
1718 964
1720 964
1720 965
1722 965
1722 966
1724 966
1724 967
1734 967
1734 968
1751 968
1751 969
1766 969
1766 970
1772 970
1772 971
1777 971
1777 972
1780 972
1780 973
1782 973
1782 974
1783 974
1783 975
1784 975
1784 976
1785 976
1785 977
1786 977
1786 978
1792 978
1792 979
1804 979
1804 980
1806 980
1806 981
1810 981
1810 982
1812 982
1812 983
1813 983
1813 984
1814 984
1814 985
1817 985
1817 986
1818 986
1818 987
1819 987
1819 989
1823 989
1823 990
1828 990
1828 991
1829 991
1829 992
1831 992
1831 993
1848 993
1848 992
1851 992
1851 991
1857 991
1857 992
1863 992
1863 993
1867 993
1867 992
1870 992
1870 993
1871 993
1871 994
1873 994
1873 995
1882 995
1882 994
1891 994
1891 995
1916 995
1916 996
1920 996
1920 997
1928 997
1928 998
1929 998
1929 999
1931 999
1931 1000
1932 1000
1932 1001
1938 1001
1938 1002
1939 1002
1939 1003
1943 1003
1943 1004
1944 1004
1944 1005
1952 1005
1952 1006
1957 1006
1957 1007
1962 1007
1962 1008
1963 1008
1963 1009
1965 1009
1965 1010
1966 1010
1966 1012
1967 1012
1967 1013
1968 1013
1968 1014
1969 1014
1969 1015
1972 1015
1972 1016
1974 1016
1974 1017
1983 1017
1983 1018
1986 1018
1986 1019
1987 1019
1987 1020
1989 1020
1989 1021
1991 1021
1991 1022
1992 1022
1992 1023
1993 1023
1993 1025
1994 1025
1994 1026
1995 1026
1995 1030
1996 1030
1996 1029
2000 1029
2000 1028
2001 1028
2001 1027
2006 1027
2006 1026
2011 1026
2011 1025
2013 1025
2013 1024
2016 1024
2016 1023
2017 1023
2017 1021
2018 1021
2018 1019
2019 1019
2019 1018
2020 1018
2020 1017
2021 1017
2021 1014
2023 1014
2023 1013
2024 1013
2024 1012
2038 1012
2038 1013
2041 1013
2041 1014
2042 1014
2042 1015
2043 1015
2043 1016
2044 1016
2044 1017
2045 1017
2045 1019
2048 1019
2048 1020
2049 1020
2049 1021
2053 1021
2053 1022
2058 1022
2058 1023
2062 1023
2062 1024
2063 1024
2063 1025
2064 1025
2064 1037
2065 1037
2065 1040
2064 1040
2064 1043
2065 1043
2065 1045
2066 1045
2066 1047
2067 1047
2067 1048
2069 1048
2069 1049
2070 1049
2070 1050
2071 1050
2071 1051
2072 1051
2072 1052
2075 1052
2075 1053
2079 1053
2079 1054
2087 1054
2087 1053
2091 1053
2091 1052
2092 1052
2092 1050
2093 1050
2093 1049
2095 1049
2095 1048
2097 1048
2097 1047
2103 1047
2103 1046
2105 1046
2105 1045
2115 1045
2115 1046
2121 1046
2121 1047
2129 1047
2129 1046
2131 1046
2131 1045
2132 1045
2132 1044
2134 1044
2134 1043
2150 1043
2150 1044
2156 1044
2156 1045
2163 1045
2163 1046
2169 1046
2169 1047
2172 1047
2172 1046
2177 1046
2177 1045
2179 1045
2179 1044
2181 1044
2181 1043
2182 1043
2182 1042
2183 1042
2183 1041
2184 1041
2184 1040
2186 1040
2186 1041
2193 1041
2193 1040
2194 1040
2194 1038
2195 1038
2195 1037
2197 1037
2197 1036
2204 1036
2204 1035
2206 1035
2206 1034
2207 1034
2207 1033
2208 1033
2208 1032
2210 1032
2210 1031
2215 1031
2215 1032
2219 1032
2219 1031
2222 1031
2222 1030
2223 1030
2223 1029
2224 1029
2224 1027
2225 1027
2225 1026
2226 1026
2226 1025
2227 1025
2227 1024
2229 1024
2229 1023
2234 1023
2234 1024
2239 1024
2239 1023
2243 1023
2243 1024
2246 1024
2246 1025
2249 1025
2249 1024
2254 1024
2254 1025
2255 1025
2255 1026
2263 1026
2263 1025
2264 1025
2264 1023
2265 1023
2265 1022
2266 1022
2266 1021
2267 1021
2267 1020
2268 1020
2268 1019
2269 1019
2269 1018
2271 1018
2271 1017
2274 1017
2274 1016
2276 1016
2276 1015
2286 1015
2286 1014
2289 1014
2289 1013
2293 1013
2293 1014
2312 1014
2312 1015
2313 1015
2313 1016
2315 1016
2315 1017
2327 1017
2327 1018
2332 1018
2332 1017
2334 1017
2334 1018
2357 1018
2357 1017
2359 1017
2359 1018
2369 1018
2369 1019
2384 1019
2384 1020
2387 1020
2387 1021
2394 1021
2394 1020
2398 1020
2398 1019
2399 1019
2399 1018
2400 1018
2400 1017
2401 1017
2401 1016
2402 1016
2402 1014
2403 1014
2403 1010
2405 1010
2405 1009
2413 1009
2413 1008
2414 1008
2414 1007
2415 1007
2415 1006
2416 1006
2416 1005
2417 1005
2417 1004
2418 1004
2418 1003
2419 1003
2419 1002
2420 1002
2420 1001
2424 1001
2424 1000
2430 1000
2430 999
2436 999
2436 1000
2445 1000
2445 1001
2449 1001
2449 1002
2456 1002
2456 1003
2460 1003
2460 1002
2464 1002
2464 1003
2465 1003
2465 1004
2466 1004
2466 1005
2469 1005
2469 1006
2474 1006
2474 1007
2477 1007
2477 1006
2480 1006
2480 1007
2483 1007
2483 1008
2486 1008
2486 1009
2490 1009
2490 1010
2491 1010
2491 1012
2492 1012
2492 1017
2493 1017
2493 1020
2494 1020
2494 1022
2495 1022
2495 1023
2501 1023
2501 1024
2502 1024
2502 1025
2503 1025
2503 1028
2504 1028
2504 1032
2505 1032
2505 1034
2506 1034
2506 1036
2507 1036
2507 1037
2508 1037
2508 1038
2509 1038
2509 1039
2510 1039
2510 1040
2511 1040
2511 1041
2513 1041
2513 1042
2516 1042
2516 1043
2517 1043
2517 1044
2519 1044
2519 1045
2520 1045
2520 1046
2523 1046
2523 1047
2524 1047
2524 1049
2525 1049
2525 1050
2527 1050
2527 1051
2534 1051
2534 1052
2538 1052
2538 1053
2540 1053
2540 1054
2544 1054
2544 1055
2547 1055
2547 1054
2556 1054
2556 1055
2561 1055
2561 1056
2563 1056
2563 1055
2565 1055
2565 1056
2570 1056
2570 1055
2582 1055
2582 1056
2586 1056
2586 1055
2587 1055
2587 1054
2588 1054
2588 1055
2590 1055
2590 1054
2591 1054
2591 1052
2592 1052
2592 1051
2593 1051
2593 1050
2594 1050
2594 1045
2595 1045
2595 1044
2601 1044
2601 1043
2603 1043
2603 1042
2604 1042
2604 1040
2605 1040
2605 1039
2608 1039
2608 1038
2609 1038
2609 1037
2610 1037
2610 1036
2611 1036
2611 1035
2615 1035
2615 1034
2617 1034
2617 1033
2618 1033
2618 1032
2620 1032
2620 1031
2625 1031
2625 1032
2629 1032
2629 1030
2630 1030
2630 1028
2631 1028
2631 1027
2641 1027
2641 1026
2642 1026
2642 1025
2644 1025
2644 1024
2651 1024
2651 1023
2653 1023
2653 1022
2654 1022
2654 1021
2655 1021
2655 1020
2656 1020
2656 1021
2662 1021
2662 1020
2664 1020
2664 1019
2676 1019
2676 1018
2679 1018
2679 1017
2685 1017
2685 1016
2689 1016
2689 1017
2690 1017
2690 1018
2691 1018
2691 1019
2692 1019
2692 1020
2693 1020
2693 1022
2694 1022
2694 1023
2711 1023
2711 1024
2713 1024
2713 1023
2722 1023
2722 1024
2724 1024
2724 1025
2732 1025
2732 1026
2733 1026
2733 1027
2736 1027
2736 1028
2740 1028
2740 1029
2741 1029
2741 1030
2742 1030
2742 1031
2746 1031
2746 1032
2749 1032
2749 1033
2751 1033
2751 1034
2754 1034
2754 1033
2755 1033
2755 1032
2787 1032
2787 1031
2790 1031
2790 1030
2799 1030
2799 1029
2800 1029
2800 1028
2803 1028
2803 1029
2807 1029
2807 1030
2809 1030
2809 1029
2811 1029
2811 1028
2812 1028
2812 1027
2813 1027
2813 1026
2819 1026
2819 1027
2824 1027
2824 1026
2825 1026
2825 1025
2826 1025
2826 1024
2828 1024
2828 1023
2829 1023
2829 1022
2832 1022
2832 1021
2834 1021
2834 1020
2836 1020
2836 1019
2838 1019
2838 1018
2839 1018
2839 1016
2841 1016
2841 1015
2842 1015
2842 1014
2843 1014
2843 1011
2844 1011
2844 1009
2845 1009
2845 1004
2844 1004
2844 999
2845 999
2845 998
2846 998
2846 997
2847 997
2847 993
2848 993
2848 992
2849 992
2849 991
2851 991
2851 990
2852 990
2852 988
2853 988
2853 987
2854 987
2854 986
2855 986
2855 985
2856 985
2856 984
2857 984
2857 983
2858 983
2858 980
2859 980
2859 979
2860 979
2860 977
2861 977
2861 974
2862 974
2862 971
2864 971
2864 968
2865 968
2865 966
2866 966
2866 964
2867 964
2867 963
2868 963
2868 962
2881 962
2881 963
2891 963
2891 971
2892 971
2892 976
2893 976
2893 977
2894 977
2894 979
2897 979
2897 980
2898 980
2898 983
2899 983
2899 986
2900 986
2900 991
2901 991
2901 994
2902 994
2902 995
2903 995
2903 996
2904 996
2904 997
2905 997
2905 998
2913 998
2913 999
2938 999
2938 1000
2943 1000
2943 1001
2944 1001
2944 1002
2945 1002
2945 1003
2947 1003
2947 1002
2948 1002
2948 1001
2958 1001
2958 1000
2967 1000
2967 999
2969 999
2969 998
2973 998
2973 997
2982 997
2982 996
2984 996
2984 995
2988 995
2988 994
2994 994
2994 993
2995 993
2995 992
2997 992
2997 991
3001 991
3001 992
3005 992
3005 991
3010 991
3010 990
3016 990
3016 989
3017 989
3017 987
3018 987
3018 981
3019 981
3019 974
3020 974
3020 963
3021 963
3021 955
3022 955
3022 951
3023 951
3023 946
3033 946
3033 945
3034 945
3034 942
3035 942
3035 941
3036 941
3036 940
3037 940
3037 939
3038 939
3038 938
3039 938
3039 937
3040 937
3040 936
3041 936
3041 935
3044 935
3044 933
3045 933
3045 931
3046 931
3046 930
3047 930
3047 929
3049 929
3049 928
3052 928
3052 927
3085 927
3085 928
3088 928
3088 927
3091 927
3091 926
3093 926
3093 925
3095 925
3095 924
3107 924
3107 923
3109 923
3109 922
3112 922
3112 921
3114 921
3114 920
3120 920
3120 921
3125 921
3125 922
3127 922
3127 923
3130 923
3130 924
3132 924
3132 925
3133 925
3133 926
3134 926
3134 927
3135 927
3135 930
3140 930
3140 929
3141 929
3141 928
3147 928
3147 929
3149 929
3149 928
3150 928
3150 927
3152 927
3152 925
3156 925
3156 924
3157 924
3157 923
3159 923
3159 922
3160 922
3160 921
3163 921
3163 919
3164 919
3164 918
3166 918
3166 916
3167 916
3167 915
3168 915
3168 914
3169 914
3169 910
3170 910
3170 909
3171 909
3171 907
3172 907
3172 906
3173 906
3173 905
3174 905
3174 901
3175 901
3175 899
3176 899
3176 898
3177 898
3177 897
3178 897
3178 896
3180 896
3180 895
3181 895
3181 894
3182 894
3182 893
3183 893
3183 892
3184 892
3184 891
3185 891
3185 890
3186 890
3186 888
3187 888
3187 884
3188 884
3188 881
3189 881
3189 879
3190 879
3190 878
3193 878
3193 877
3195 877
3195 876
3197 876
3197 875
3198 875
3198 874
3200 874
3200 873
3201 873
3201 872
3203 872
3203 871
3204 871
3204 870
3205 870
3205 869
3206 869
3206 868
3208 868
3208 867
3209 867
3209 866
3211 866
3211 864
3212 864
3212 863
3215 863
3215 862
3218 862
3218 861
3220 861
3220 860
3221 860
3221 859
3223 859
3223 858
3225 858
3225 857
3227 857
3227 856
3229 856
3229 855
3232 855
3232 854
3233 854
3233 853
3234 853
3234 852
3236 852
3236 850
3237 850
3237 849
3238 849
3238 848
3239 848
3239 843
3240 843
3240 842
3241 842
3241 839
3242 839
3242 832
3243 832
3243 829
3244 829
3244 828
3243 828
3243 826
3244 826
3244 822
3245 822
3245 819
3246 819
3246 818
3247 818
3247 816
3248 816
3248 815
3249 815
3249 814
3250 814
3250 813
3252 813
3252 812
3253 812
3253 811
3257 811
3257 810
3259 810
3259 811
3262 811
3262 812
3263 812
3263 815
3264 815
3264 819
3265 819
3265 822
3266 822
3266 841
3267 841
3267 843
3269 843
3269 844
3270 844
3270 845
3271 845
3271 846
3274 846
3274 847
3275 847
3275 849
3276 849
3276 851
3277 851
3277 852
3278 852
3278 854
3279 854
3279 855
3281 855
3281 856
3282 856
3282 857
3284 857
3284 858
3285 858
3285 859
3286 859
3286 860
3287 860
3287 861
3288 861
3288 862
3289 862
3289 863
3290 863
3290 865
3291 865
3291 869
3292 869
3292 872
3293 872
3293 874
3294 874
3294 875
3295 875
3295 877
3296 877
3296 879
3298 879
3298 880
3300 880
3300 881
3301 881
3301 882
3304 882
3304 883
3305 883
3305 884
3306 884
3306 891
3307 891
3307 893
3308 893
3308 894
3309 894
3309 895
3310 895
3310 896
3311 896
3311 897
3312 897
3312 898
3313 898
3313 899
3316 899
3316 900
3317 900
3317 902
3318 902
3318 904
3319 904
3319 905
3320 905
3320 907
3321 907
3321 908
3323 908
3323 909
3324 909
3324 910
3332 910
3332 911
3334 911
3334 912
3348 912
3348 911
3349 911
3349 910
3350 910
3350 909
3351 909
3351 908
3355 908
3355 906
3356 906
3356 905
3357 905
3357 904
3361 904
3361 903
3362 903
3362 902
3364 902
3364 901
3367 901
3367 900
3368 900
3368 899
3373 899
3373 898
3375 898
3375 897
3378 897
3378 896
3379 896
3379 895
3383 895
3383 894
3385 894
3385 893
3387 893
3387 892
3388 892
3388 891
3389 891
3389 890
3391 890
3391 889
3394 889
3394 888
3395 888
3395 887
3396 887
3396 886
3397 886
3397 885
3399 885
3399 884
3400 884
3400 883
3401 883
3401 882
3403 882
3403 881
3406 881
3406 880
3407 880
3407 879
3409 879
3409 877
3410 877
3410 876
3411 876
3411 875
3412 875
3412 874
3413 874
3413 872
3414 872
3414 865
3415 865
3415 853
3416 853
3416 852
3417 852
3417 835
3418 835
3418 830
3419 830
3419 829
3420 829
3420 828
3421 828
3421 827
3422 827
3422 826
3423 826
3423 825
3424 825
3424 824
3425 824
3425 823
3426 823
3426 822
3428 822
3428 821
3429 821
3429 820
3430 820
3430 818
3431 818
3431 812
3432 812
3432 808
3431 808
3431 806
3432 806
3432 801
3433 801
3433 791
3434 791
3434 790
3435 790
3435 789
3438 789
3438 788
3448 788
3448 789
3452 789
3452 788
3454 788
3454 789
3457 789
3457 788
3458 788
3458 787
3459 787
3459 786
3470 786
3470 785
3474 785
3474 784
3475 784
3475 785
3478 785
3478 786
3482 786
3482 787
3483 787
3483 788
3484 788
3484 790
3485 790
3485 791
3486 791
3486 793
3487 793
3487 794
3488 794
3488 795
3490 795
3490 794
3491 794
3491 795
3492 795
3492 796
3496 796
3496 797
3498 797
3498 798
3500 798
3500 799
3501 799
3501 800
3502 800
3502 801
3504 801
3504 800
3506 800
3506 799
3514 799
3514 800
3517 800
3517 801
3520 801
3520 800
3536 800
3536 799
3543 799
3543 798
3546 798
3546 797
3550 797
3550 796
3563 796
3563 795
3565 795
3565 794
3570 794
3570 795
3575 795
3575 794
3576 794
3576 793
3587 793
3587 792
3588 792
3588 791
3589 791
3589 790
3602 790
3602 789
3603 789
3603 788
3605 788
3605 787
3609 787
3609 786
3620 786
3620 785
3624 785
3624 783
3632 783
3632 782
3635 782
3635 783
3640 783
3640 784
3641 784
3641 787
3642 787
3642 786
3644 786
3644 785
3647 785
3647 784
3648 784
3648 782
3650 782
3650 778
3652 778
3652 776
3653 776
3653 773
3654 773
3654 772
3655 772
3655 766
3656 766
3656 756
3657 756
3657 751
3658 751
3658 744
3659 744
3659 732
3660 732
3660 729
3659 729
3659 726
3660 726
3660 722
3661 722
3661 713
3662 713
3662 711
3663 711
3663 709
3664 709
3664 706
3665 706
3665 703
3666 703
3666 702
3667 702
3667 698
3668 698
3668 689
3669 689
3669 688
3670 688
3670 687
3672 687
3672 684
3673 684
3673 683
3674 683
3674 681
3675 681
3675 680
3676 680
3676 679
3677 679
3677 678
3681 678
3681 672
3683 672
3683 668
3686 668
3686 667
3688 667
3688 666
3689 666
3689 664
3690 664
3690 663
3695 663
3695 664
3696 664
3696 666
3697 666
3697 667
3698 667
3698 668
3699 668
3699 670
3700 670
3700 671
3701 671
3701 672
3708 672
3708 673
3712 673
3712 674
3716 674
3716 675
3718 675
3718 676
3720 676
3720 677
3722 677
3722 678
3723 678
3723 679
3724 679
3724 680
3725 680
3725 682
3724 682
3724 680
3723 680
3723 679
3722 679
3722 678
3720 678
3720 677
3718 677
3718 676
3716 676
3716 675
3712 675
3712 674
3707 674
3707 673
3701 673
3701 672
3700 672
3700 671
3699 671
3699 670
3698 670
3698 668
3697 668
3697 667
3696 667
3696 666
3695 666
3695 664
3690 664
3690 666
3689 666
3689 667
3688 667
3688 668
3686 668
3686 669
3684 669
3684 672
3683 672
3683 673
3682 673
3682 678
3681 678
3681 679
3677 679
3677 680
3676 680
3676 681
3675 681
3675 683
3674 683
3674 684
3673 684
3673 687
3672 687
3672 688
3670 688
3670 689
3669 689
3669 698
3668 698
3668 702
3667 702
3667 703
3666 703
3666 706
3665 706
3665 709
3664 709
3664 711
3663 711
3663 713
3662 713
3662 722
3661 722
3661 726
3660 726
3660 729
3661 729
3661 732
3660 732
3660 744
3659 744
3659 751
3658 751
3658 756
3657 756
3657 766
3656 766
3656 772
3655 772
3655 773
3654 773
3654 776
3653 776
3653 778
3652 778
3652 779
3651 779
3651 782
3650 782
3650 783
3649 783
3649 784
3648 784
3648 785
3647 785
3647 786
3644 786
3644 787
3642 787
3642 788
3640 788
3640 784
3635 784
3635 783
3632 783
3632 784
3625 784
3625 785
3624 785
3624 786
3620 786
3620 787
3609 787
3609 788
3605 788
3605 789
3603 789
3603 790
3602 790
3602 791
3589 791
3589 792
3588 792
3588 793
3587 793
3587 794
3576 794
3576 795
3575 795
3575 796
3570 796
3570 795
3565 795
3565 796
3563 796
3563 797
3550 797
3550 798
3546 798
3546 799
3543 799
3543 800
3536 800
3536 801
3520 801
3520 802
3517 802
3517 801
3514 801
3514 800
3506 800
3506 801
3504 801
3504 802
3502 802
3502 801
3501 801
3501 800
3500 800
3500 799
3498 799
3498 798
3496 798
3496 797
3490 797
3490 796
3488 796
3488 795
3487 795
3487 794
3486 794
3486 793
3485 793
3485 791
3484 791
3484 790
3483 790
3483 788
3482 788
3482 787
3478 787
3478 786
3475 786
3475 785
3474 785
3474 786
3470 786
3470 787
3459 787
3459 788
3458 788
3458 790
3454 790
3454 789
3452 789
3452 790
3448 790
3448 789
3438 789
3438 790
3435 790
3435 791
3434 791
3434 801
3433 801
3433 806
3432 806
3432 808
3433 808
3433 812
3432 812
3432 819
3431 819
3431 821
3429 821
3429 823
3426 823
3426 824
3425 824
3425 825
3424 825
3424 826
3423 826
3423 827
3422 827
3422 828
3421 828
3421 829
3420 829
3420 830
3419 830
3419 835
3418 835
3418 852
3417 852
3417 853
3416 853
3416 865
3415 865
3415 872
3414 872
3414 874
3413 874
3413 875
3412 875
3412 876
3411 876
3411 877
3410 877
3410 879
3409 879
3409 880
3407 880
3407 881
3406 881
3406 882
3403 882
3403 883
3401 883
3401 884
3400 884
3400 886
3397 886
3397 887
3396 887
3396 888
3395 888
3395 889
3394 889
3394 890
3391 890
3391 891
3389 891
3389 892
3388 892
3388 893
3387 893
3387 894
3385 894
3385 895
3383 895
3383 896
3379 896
3379 897
3378 897
3378 898
3375 898
3375 899
3373 899
3373 900
3368 900
3368 901
3367 901
3367 902
3364 902
3364 903
3362 903
3362 904
3361 904
3361 905
3357 905
3357 906
3356 906
3356 908
3355 908
3355 909
3351 909
3351 910
3350 910
3350 911
3349 911
3349 912
3348 912
3348 913
3334 913
3334 912
3332 912
3332 911
3324 911
3324 910
3323 910
3323 909
3321 909
3321 908
3320 908
3320 907
3319 907
3319 905
3318 905
3318 904
3317 904
3317 902
3316 902
3316 900
3313 900
3313 899
3312 899
3312 898
3310 898
3310 896
3308 896
3308 894
3307 894
3307 893
3306 893
3306 891
3305 891
3305 884
3304 884
3304 883
3300 883
3300 881
3298 881
3298 880
3296 880
3296 879
3295 879
3295 877
3294 877
3294 875
3293 875
3293 874
3292 874
3292 872
3291 872
3291 869
3290 869
3290 865
3289 865
3289 863
3288 863
3288 862
3287 862
3287 861
3286 861
3286 860
3284 860
3284 858
3282 858
3282 857
3281 857
3281 856
3279 856
3279 855
3278 855
3278 854
3277 854
3277 852
3276 852
3276 851
3275 851
3275 849
3274 849
3274 847
3271 847
3271 846
3270 846
3270 845
3269 845
3269 844
3267 844
3267 843
3266 843
3266 841
3265 841
3265 822
3264 822
3264 819
3263 819
3263 815
3262 815
3262 812
3259 812
3259 811
3257 811
3257 812
3253 812
3253 813
3252 813
3252 814
3250 814
3250 815
3249 815
3249 816
3248 816
3248 818
3247 818
3247 819
3246 819
3246 822
3245 822
3245 826
3244 826
3244 828
3245 828
3245 829
3244 829
3244 832
3243 832
3243 839
3242 839
3242 842
3241 842
3241 843
3240 843
3240 848
3239 848
3239 849
3238 849
3238 850
3237 850
3237 852
3236 852
3236 853
3234 853
3234 854
3233 854
3233 855
3232 855
3232 856
3229 856
3229 857
3227 857
3227 858
3225 858
3225 859
3223 859
3223 860
3221 860
3221 861
3220 861
3220 862
3218 862
3218 863
3215 863
3215 864
3212 864
3212 866
3211 866
3211 867
3209 867
3209 868
3208 868
3208 869
3206 869
3206 870
3205 870
3205 871
3204 871
3204 872
3203 872
3203 873
3201 873
3201 874
3200 874
3200 875
3198 875
3198 876
3197 876
3197 877
3195 877
3195 878
3193 878
3193 879
3190 879
3190 881
3189 881
3189 884
3188 884
3188 888
3187 888
3187 890
3186 890
3186 891
3185 891
3185 892
3184 892
3184 893
3185 893
3185 894
3186 894
3186 895
3185 895
3185 894
3184 894
3184 893
3183 893
3183 894
3182 894
3182 895
3181 895
3181 896
3180 896
3180 897
3178 897
3178 898
3177 898
3177 899
3176 899
3176 901
3175 901
3175 905
3174 905
3174 906
3173 906
3173 907
3172 907
3172 909
3171 909
3171 910
3170 910
3170 914
3169 914
3169 915
3168 915
3168 916
3167 916
3167 918
3166 918
3166 919
3164 919
3164 921
3163 921
3163 922
3160 922
3160 923
3159 923
3159 924
3157 924
3157 925
3156 925
3156 926
3153 926
3153 927
3152 927
3152 928
3150 928
3150 929
3149 929
3149 930
3147 930
3147 929
3141 929
3141 930
3140 930
3140 931
3135 931
3135 930
3134 930
3134 927
3133 927
3133 926
3132 926
3132 925
3130 925
3130 924
3127 924
3127 923
3125 923
3125 922
3120 922
3120 921
3114 921
3114 922
3112 922
3112 923
3109 923
3109 924
3107 924
3107 925
3095 925
3095 926
3093 926
3093 927
3091 927
3091 928
3088 928
3088 929
3085 929
3085 928
3052 928
3052 929
3049 929
3049 930
3047 930
3047 931
3046 931
3046 933
3045 933
3045 935
3044 935
3044 936
3041 936
3041 937
3040 937
3040 938
3039 938
3039 939
3038 939
3038 940
3037 940
3037 941
3036 941
3036 942
3035 942
3035 945
3034 945
3034 946
3033 946
3033 947
3024 947
3024 951
3023 951
3023 955
3022 955
3022 963
3021 963
3021 974
3020 974
3020 981
3019 981
3019 987
3018 987
3018 989
3017 989
3017 990
3016 990
3016 991
3010 991
3010 992
3005 992
3005 993
3001 993
3001 992
2997 992
2997 993
2995 993
2995 994
2994 994
2994 995
2988 995
2988 996
2984 996
2984 997
2982 997
2982 998
2973 998
2973 999
2969 999
2969 1000
2967 1000
2967 1001
2958 1001
2958 1002
2948 1002
2948 1003
2947 1003
2947 1004
2944 1004
2944 1002
2943 1002
2943 1001
2938 1001
2938 1000
2913 1000
2913 999
2905 999
2905 998
2904 998
2904 997
2903 997
2903 996
2902 996
2902 995
2901 995
2901 994
2900 994
2900 991
2899 991
2899 986
2898 986
2898 983
2897 983
2897 980
2894 980
2894 979
2893 979
2893 977
2892 977
2892 976
2891 976
2891 971
2890 971
2890 964
2881 964
2881 963
2868 963
2868 964
2867 964
2867 966
2866 966
2866 968
2865 968
2865 971
2864 971
2864 972
2863 972
2863 974
2862 974
2862 977
2861 977
2861 980
2859 980
2859 983
2858 983
2858 984
2857 984
2857 985
2856 985
2856 986
2855 986
2855 987
2854 987
2854 988
2853 988
2853 990
2852 990
2852 991
2851 991
2851 992
2849 992
2849 993
2848 993
2848 997
2847 997
2847 998
2846 998
2846 999
2845 999
2845 1004
2846 1004
2846 1009
2845 1009
2845 1011
2844 1011
2844 1014
2843 1014
2843 1015
2842 1015
2842 1016
2841 1016
2841 1017
2840 1017
2840 1019
2838 1019
2838 1020
2836 1020
2836 1021
2834 1021
2834 1022
2832 1022
2832 1023
2829 1023
2829 1024
2828 1024
2828 1025
2826 1025
2826 1026
2825 1026
2825 1027
2824 1027
2824 1028
2819 1028
2819 1027
2813 1027
2813 1028
2812 1028
2812 1029
2811 1029
2811 1030
2809 1030
2809 1031
2807 1031
2807 1030
2803 1030
2803 1029
2800 1029
2800 1030
2799 1030
2799 1031
2790 1031
2790 1032
2787 1032
2787 1033
2755 1033
2755 1034
2754 1034
2754 1035
2751 1035
2751 1034
2749 1034
2749 1033
2746 1033
2746 1032
2742 1032
2742 1031
2741 1031
2741 1030
2740 1030
2740 1029
2736 1029
2736 1028
2733 1028
2733 1027
2732 1027
2732 1026
2724 1026
2724 1025
2722 1025
2722 1024
2713 1024
2713 1025
2711 1025
2711 1024
2694 1024
2694 1023
2693 1023
2693 1022
2692 1022
2692 1020
2691 1020
2691 1019
2690 1019
2690 1018
2689 1018
2689 1017
2685 1017
2685 1018
2679 1018
2679 1019
2676 1019
2676 1020
2664 1020
2664 1021
2662 1021
2662 1022
2656 1022
2656 1021
2655 1021
2655 1022
2654 1022
2654 1023
2653 1023
2653 1024
2651 1024
2651 1025
2644 1025
2644 1026
2642 1026
2642 1027
2641 1027
2641 1028
2631 1028
2631 1030
2630 1030
2630 1032
2629 1032
2629 1033
2625 1033
2625 1032
2620 1032
2620 1033
2618 1033
2618 1034
2617 1034
2617 1035
2615 1035
2615 1036
2611 1036
2611 1037
2610 1037
2610 1038
2609 1038
2609 1039
2608 1039
2608 1040
2605 1040
2605 1042
2604 1042
2604 1043
2603 1043
2603 1044
2601 1044
2601 1045
2595 1045
2595 1051
2593 1051
2593 1052
2592 1052
2592 1054
2591 1054
2591 1055
2590 1055
2590 1056
2588 1056
2588 1057
2582 1057
2582 1056
2570 1056
2570 1057
2565 1057
2565 1056
2563 1056
2563 1057
2561 1057
2561 1056
2556 1056
2556 1055
2547 1055
2547 1056
2544 1056
2544 1055
2540 1055
2540 1054
2538 1054
2538 1053
2534 1053
2534 1052
2527 1052
2527 1051
2525 1051
2525 1050
2524 1050
2524 1049
2523 1049
2523 1047
2520 1047
2520 1046
2519 1046
2519 1045
2517 1045
2517 1044
2516 1044
2516 1043
2513 1043
2513 1042
2511 1042
2511 1041
2510 1041
2510 1040
2509 1040
2509 1039
2508 1039
2508 1038
2507 1038
2507 1037
2506 1037
2506 1036
2505 1036
2505 1034
2504 1034
2504 1032
2503 1032
2503 1028
2502 1028
2502 1025
2501 1025
2501 1024
2495 1024
2495 1023
2494 1023
2494 1022
2493 1022
2493 1020
2492 1020
2492 1017
2491 1017
2491 1012
2490 1012
2490 1010
2486 1010
2486 1009
2483 1009
2483 1008
2480 1008
2480 1007
2477 1007
2477 1008
2474 1008
2474 1007
2469 1007
2469 1006
2466 1006
2466 1005
2465 1005
2465 1004
2464 1004
2464 1003
2460 1003
2460 1004
2456 1004
2456 1003
2449 1003
2449 1002
2445 1002
2445 1001
2436 1001
2436 1000
2430 1000
2430 1001
2424 1001
2424 1002
2420 1002
2420 1003
2419 1003
2419 1004
2418 1004
2418 1005
2417 1005
2417 1006
2416 1006
2416 1007
2415 1007
2415 1008
2414 1008
2414 1009
2413 1009
2413 1010
2405 1010
2405 1011
2404 1011
2404 1014
2403 1014
2403 1016
2402 1016
2402 1017
2401 1017
2401 1018
2400 1018
2400 1019
2399 1019
2399 1020
2398 1020
2398 1021
2394 1021
2394 1022
2386 1022
2386 1021
2384 1021
2384 1020
2369 1020
2369 1019
2359 1019
2359 1018
2357 1018
2357 1019
2334 1019
2334 1018
2332 1018
2332 1019
2327 1019
2327 1018
2315 1018
2315 1017
2313 1017
2313 1016
2312 1016
2312 1015
2293 1015
2293 1014
2289 1014
2289 1015
2286 1015
2286 1016
2276 1016
2276 1017
2274 1017
2274 1018
2271 1018
2271 1019
2269 1019
2269 1020
2268 1020
2268 1022
2266 1022
2266 1023
2265 1023
2265 1025
2264 1025
2264 1027
2255 1027
2255 1026
2254 1026
2254 1025
2249 1025
2249 1026
2246 1026
2246 1025
2243 1025
2243 1024
2239 1024
2239 1025
2234 1025
2234 1024
2229 1024
2229 1025
2227 1025
2227 1026
2226 1026
2226 1027
2225 1027
2225 1029
2224 1029
2224 1030
2223 1030
2223 1031
2222 1031
2222 1032
2219 1032
2219 1033
2215 1033
2215 1032
2210 1032
2210 1033
2208 1033
2208 1034
2207 1034
2207 1035
2206 1035
2206 1036
2204 1036
2204 1037
2197 1037
2197 1038
2195 1038
2195 1040
2194 1040
2194 1041
2193 1041
2193 1042
2186 1042
2186 1041
2184 1041
2184 1042
2183 1042
2183 1043
2182 1043
2182 1044
2181 1044
2181 1045
2179 1045
2179 1046
2177 1046
2177 1047
2172 1047
2172 1048
2169 1048
2169 1047
2163 1047
2163 1046
2156 1046
2156 1045
2150 1045
2150 1044
2134 1044
2134 1045
2132 1045
2132 1046
2131 1046
2131 1047
2129 1047
2129 1048
2121 1048
2121 1047
2115 1047
2115 1046
2105 1046
2105 1047
2103 1047
2103 1048
2097 1048
2097 1049
2095 1049
2095 1050
2093 1050
2093 1052
2092 1052
2092 1053
2091 1053
2091 1054
2087 1054
2087 1055
2079 1055
2079 1054
2075 1054
2075 1053
2072 1053
2072 1052
2071 1052
2071 1051
2070 1051
2070 1050
2069 1050
2069 1049
2067 1049
2067 1048
2066 1048
2066 1047
2065 1047
2065 1045
2064 1045
2064 1043
2063 1043
2063 1040
2064 1040
2064 1037
2063 1037
2063 1025
2062 1025
2062 1024
2058 1024
2058 1023
2053 1023
2053 1022
2049 1022
2049 1021
2048 1021
2048 1020
2045 1020
2045 1019
2044 1019
2044 1017
2043 1017
2043 1016
2042 1016
2042 1015
2041 1015
2041 1014
2038 1014
2038 1013
2024 1013
2024 1014
2023 1014
2023 1015
2022 1015
2022 1017
2021 1017
2021 1018
2020 1018
2020 1019
2019 1019
2019 1021
2018 1021
2018 1023
2017 1023
2017 1024
2016 1024
2016 1025
2013 1025
2013 1026
2011 1026
2011 1027
2006 1027
2006 1028
2001 1028
2001 1029
2000 1029
2000 1030
1996 1030
1996 1031
1994 1031
1994 1026
1993 1026
1993 1025
1992 1025
1992 1023
1991 1023
1991 1022
1989 1022
1989 1021
1987 1021
1987 1020
1986 1020
1986 1019
1983 1019
1983 1018
1974 1018
1974 1017
1972 1017
1972 1016
1969 1016
1969 1015
1968 1015
1968 1014
1967 1014
1967 1013
1966 1013
1966 1012
1965 1012
1965 1010
1963 1010
1963 1009
1962 1009
1962 1008
1957 1008
1957 1007
1952 1007
1952 1006
1944 1006
1944 1005
1943 1005
1943 1004
1939 1004
1939 1003
1938 1003
1938 1002
1932 1002
1932 1001
1931 1001
1931 1000
1929 1000
1929 999
1928 999
1928 998
1920 998
1920 997
1916 997
1916 996
1891 996
1891 995
1882 995
