2347 584
2346 584
2346 585
2345 585
2345 586
2344 586
2344 587
2343 587
2343 588
2342 588
2342 589
2341 589
2341 590
2338 590
2338 591
2337 591
2337 592
2334 592
2334 593
2330 593
2330 594
2323 594
2323 595
2319 595
2319 596
2316 596
2316 597
2314 597
2314 598
2312 598
2312 599
2310 599
2310 600
2308 600
2308 601
2306 601
2306 602
2303 602
2303 603
2301 603
2301 604
2298 604
2298 605
2296 605
2296 606
2294 606
2294 607
2290 607
2290 608
2289 608
2289 609
2288 609
2288 610
2286 610
2286 611
2285 611
2285 612
2283 612
2283 613
2282 613
2282 614
2280 614
2280 615
2277 615
2277 616
2275 616
2275 617
2274 617
2274 618
2273 618
2273 619
2268 619
2268 620
2258 620
2258 619
2257 619
2257 620
2252 620
2252 621
2250 621
2250 623
2249 623
2249 624
2241 624
2241 623
2235 623
2235 624
2233 624
2233 625
2231 625
2231 626
2230 626
2230 627
2228 627
2228 628
2227 628
2227 629
2225 629
2225 630
2218 630
2218 631
2216 631
2216 632
2215 632
2215 633
2213 633
2213 634
2212 634
2212 635
2211 635
2211 636
2210 636
2210 637
2207 637
2207 638
2206 638
2206 639
2204 639
2204 640
2203 640
2203 641
2198 641
2198 642
2187 642
2187 645
2186 645
2186 650
2185 650
2185 657
2184 657
2184 659
2183 659
2183 661
2182 661
2182 662
2180 662
2180 663
2179 663
2179 664
2173 664
2173 665
2171 665
2171 664
2170 664
2170 665
2164 665
2164 666
2156 666
2156 667
2153 667
2153 668
2152 668
2152 669
2151 669
2151 670
2147 670
2147 671
2143 671
2143 672
2140 672
2140 673
2138 673
2138 674
2137 674
2137 675
2136 675
2136 676
2135 676
2135 677
2134 677
2134 679
2133 679
2133 680
2132 680
2132 681
2131 681
2131 682
2130 682
2130 684
2129 684
2129 686
2128 686
2128 687
2127 687
2127 688
2126 688
2126 689
2124 689
2124 690
2120 690
2120 691
2117 691
2117 692
2116 692
2116 693
2115 693
2115 694
2114 694
2114 695
2113 695
2113 696
2112 696
2112 698
2111 698
2111 700
2110 700
2110 701
2109 701
2109 703
2108 703
2108 704
2107 704
2107 705
2106 705
2106 707
2105 707
2105 708
2103 708
2103 709
2098 709
2098 708
2095 708
2095 707
2091 707
2091 708
2090 708
2090 709
2088 709
2088 710
2086 710
2086 711
2085 711
2085 712
2084 712
2084 714
2083 714
2083 716
2082 716
2082 719
2081 719
2081 720
2080 720
2080 721
2079 721
2079 722
2078 722
2078 723
2077 723
2077 725
2076 725
2076 726
2075 726
2075 727
2074 727
2074 729
2073 729
2073 731
2072 731
2072 732
2071 732
2071 734
2070 734
2070 735
2069 735
2069 737
2068 737
2068 738
2067 738
2067 740
2066 740
2066 741
2065 741
2065 742
2064 742
2064 743
2063 743
2063 744
2062 744
2062 745
2061 745
2061 746
2060 746
2060 747
2056 747
2056 748
2052 748
2052 749
2051 749
2051 750
2049 750
2049 751
2047 751
2047 752
2046 752
2046 753
2044 753
2044 754
2043 754
2043 755
2041 755
2041 756
2040 756
2040 757
2039 757
2039 758
2038 758
2038 759
2036 759
2036 761
2035 761
2035 762
2034 762
2034 763
2033 763
2033 765
2032 765
2032 766
2031 766
2031 767
2023 767
2023 768
2020 768
2020 769
2016 769
2016 770
2014 770
2014 771
2012 771
2012 772
2008 772
2008 773
2007 773
2007 774
2006 774
2006 775
2005 775
2005 780
2004 780
2004 782
2003 782
2003 783
2002 783
2002 784
2001 784
2001 787
2000 787
2000 788
1999 788
1999 789
1998 789
1998 790
1997 790
1997 791
1996 791
1996 792
1995 792
1995 793
1994 793
1994 794
1993 794
1993 795
1991 795
1991 796
1989 796
1989 797
1984 797
1984 798
1969 798
1969 799
1966 799
1966 800
1964 800
1964 801
1963 801
1963 802
1962 802
1962 803
1961 803
1961 804
1960 804
1960 805
1959 805
1959 806
1958 806
1958 807
1957 807
1957 808
1956 808
1956 809
1954 809
1954 810
1939 810
1939 809
1934 809
1934 810
1931 810
1931 811
1930 811
1930 812
1929 812
1929 813
1928 813
1928 814
1927 814
1927 816
1926 816
1926 818
1925 818
1925 819
1924 819
1924 821
1923 821
1923 823
1922 823
1922 824
1921 824
1921 825
1920 825
1920 827
1919 827
1919 828
1918 828
1918 829
1911 829
1911 830
1908 830
1908 831
1907 831
1907 832
1906 832
1906 835
1905 835
1905 837
1904 837
1904 838
1903 838
1903 839
1900 839
1900 840
1896 840
1896 841
1892 841
1892 842
1891 842
1891 843
1890 843
1890 844
1889 844
1889 846
1888 846
1888 847
1887 847
1887 848
1885 848
1885 849
1884 849
1884 850
1883 850
1883 851
1881 851
1881 852
1879 852
1879 853
1876 853
1876 854
1875 854
1875 855
1873 855
1873 856
1871 856
1871 857
1869 857
1869 858
1868 858
1868 859
1866 859
1866 860
1865 860
1865 861
1864 861
1864 862
1862 862
1862 863
1860 863
1860 864
1858 864
1858 865
1853 865
1853 866
1850 866
1850 865
1844 865
1844 864
1839 864
1839 863
1835 863
1835 862
1832 862
1832 861
1829 861
1829 860
1827 860
1827 859
1819 859
1819 860
1816 860
1816 861
1815 861
1815 862
1814 862
1814 863
1813 863
1813 864
1811 864
1811 865
1810 865
1810 866
1809 866
1809 868
1808 868
1808 869
1807 869
1807 870
1805 870
1805 871
1802 871
1802 872
1796 872
1796 873
1795 873
1795 874
1793 874
1793 875
1792 875
1792 876
1791 876
1791 879
1788 879
1788 880
1786 880
1786 881
1784 881
1784 882
1783 882
1783 883
1781 883
1781 884
1780 884
1780 885
1779 885
1779 886
1775 886
1775 888
1773 888
1773 889
1769 889
1769 890
1767 890
1767 891
1765 891
1765 892
1755 892
1755 893
1753 893
1753 894
1752 894
1752 895
1750 895
1750 896
1749 896
1749 897
1747 897
1747 898
1746 898
1746 899
1745 899
1745 900
1743 900
1743 901
1742 901
1742 902
1736 902
1736 903
1729 903
1729 904
1724 904
1724 905
1723 905
1723 906
1721 906
1721 907
1719 907
1719 908
1716 908
1716 909
1714 909
1714 910
1712 910
1712 909
1706 909
1706 910
1701 910
1701 911
1699 911
1699 912
1698 912
1698 913
1696 913
1696 914
1695 914
1695 915
1694 915
1694 916
1692 916
1692 917
1690 917
1690 918
1688 918
1688 919
1682 919
1682 920
1673 920
1673 921
1671 921
1671 923
1670 923
1670 924
1668 924
1668 925
1667 925
1667 926
1662 926
1662 927
1652 927
1652 926
1648 926
1648 925
1642 925
1642 924
1640 924
1640 925
1630 925
1630 924
1628 924
1628 923
1627 923
1627 922
1619 922
1619 923
1613 923
1613 924
1610 924
1610 925
1608 925
1608 926
1606 926
1606 928
1605 928
1605 929
1604 929
1604 930
1603 930
1603 931
1602 931
1602 932
1600 932
1600 933
1599 933
1599 934
1591 934
1591 935
1589 935
1589 937
1588 937
1588 939
1587 939
1587 942
1586 942
1586 943
1577 943
1577 942
1570 942
1570 943
1564 943
1564 944
1561 944
1561 945
1559 945
1559 946
1557 946
1557 947
1553 947
1553 948
1550 948
1550 947
1544 947
1544 946
1539 946
1539 945
1535 945
1535 944
1531 944
1531 943
1522 943
1522 942
1510 942
1510 943
1509 943
1509 944
1508 944
1508 945
1507 945
1507 946
1505 946
1505 947
1503 947
1503 948
1502 948
1502 949
1488 949
1488 950
1487 950
1487 951
1484 951
1484 952
1481 952
1481 953
1480 953
1480 954
1477 954
1477 955
1475 955
1475 956
1473 956
1473 955
1465 955
1465 954
1444 954
1444 953
1437 953
1437 952
1436 952
1436 951
1433 951
1433 950
1429 950
1429 949
1428 949
1428 948
1427 948
1427 947
1426 947
1426 946
1425 946
1425 945
1424 945
1424 944
1423 944
1423 943
1422 943
1422 942
1420 942
1420 941
1409 941
1409 940
1408 940
1408 941
1402 941
1402 942
1399 942
1399 943
1397 943
1397 944
1395 944
1395 945
1393 945
1393 946
1365 946
1365 945
1363 945
1363 944
1361 944
1361 943
1360 943
1360 942
1358 942
1358 941
1352 941
1352 940
1349 940
1349 941
1347 941
1347 942
1339 942
1339 943
1338 943
1338 942
1335 942
1335 941
1331 941
1331 940
1329 940
1329 939
1327 939
1327 938
1326 938
1326 937
1325 937
1325 936
1310 936
1310 935
1308 935
1308 934
1307 934
1307 933
1306 933
1306 932
1302 932
1302 931
1284 931
1284 930
1282 930
1282 929
1280 929
1280 928
1278 928
1278 927
1276 927
1276 926
1275 926
1275 925
1274 925
1274 924
1272 924
1272 923
1269 923
1269 922
1261 922
1261 923
1258 923
1258 924
1251 924
1251 923
1249 923
1249 924
1239 924
1239 923
1232 923
1232 922
1231 922
1231 921
1217 921
1217 922
1216 922
1216 923
1215 923
1215 924
1214 924
1214 925
1196 925
1196 924
1194 924
1194 923
1189 923
1189 922
1187 922
1187 921
1185 921
1185 920
1183 920
1183 919
1180 919
1180 918
1177 918
1177 917
1175 917
1175 916
1172 916
1172 915
1170 915
1170 914
1168 914
1168 913
1167 913
1167 912
1166 912
1166 911
1165 911
1165 910
1164 910
1164 909
1162 909
1162 908
1160 908
1160 907
1159 907
1159 906
1156 906
1156 905
1153 905
1153 904
1152 904
1152 903
1151 903
1151 902
1150 902
1150 901
1148 901
1148 900
1147 900
1147 899
1146 899
1146 898
1145 898
1145 897
1143 897
1143 896
1142 896
1142 895
1140 895
1140 894
1139 894
1139 893
1137 893
1137 892
1135 892
1135 891
1131 891
1131 890
1116 890
1116 889
1107 889
1107 888
1101 888
1101 887
1096 887
1096 888
1095 888
1095 889
1094 889
1094 891
1093 891
1093 893
1092 893
1092 894
1087 894
1087 893
1084 893
1084 892
1082 892
1082 891
1080 891
1080 890
1079 890
1079 889
1077 889
1077 888
1076 888
1076 887
1075 887
1075 886
1074 886
1074 885
1073 885
1073 884
1071 884
1071 883
1068 883
1068 882
1066 882
1066 881
1065 881
1065 880
1059 880
1059 879
1056 879
1056 878
1055 878
1055 879
1047 879
1047 878
1046 878
1046 877
1044 877
1044 876
1039 876
1039 875
1036 875
1036 874
1035 874
1035 873
1029 873
1029 872
1027 872
1027 871
1026 871
1026 870
1024 870
1024 869
1019 869
1019 868
1017 868
1017 867
1016 867
1016 866
1009 866
1009 865
1003 865
1003 866
994 866
994 867
993 867
993 868
990 868
990 869
986 869
986 870
979 870
979 871
978 871
978 872
977 872
977 873
976 873
976 874
975 874
975 875
974 875
974 876
972 876
972 877
970 877
970 876
968 876
968 875
966 875
966 874
962 874
962 873
961 873
961 872
959 872
959 871
956 871
956 870
954 870
954 869
952 869
952 868
950 868
950 867
948 867
948 866
947 866
947 865
946 865
946 864
945 864
945 863
944 863
944 862
943 862
943 861
942 861
942 860
941 860
941 859
940 859
940 857
939 857
939 856
938 856
938 854
936 854
936 853
935 853
935 852
934 852
934 851
933 851
933 850
931 850
931 849
929 849
929 848
922 848
922 849
916 849
916 848
914 848
914 847
913 847
913 846
910 846
910 845
902 845
902 846
900 846
900 847
894 847
894 846
893 846
893 845
889 845
889 844
888 844
888 843
887 843
887 841
886 841
886 839
885 839
885 838
884 838
884 836
883 836
883 835
882 835
882 834
877 834
877 835
876 835
876 836
874 836
874 837
873 837
873 838
872 838
872 839
869 839
869 840
863 840
863 839
860 839
860 838
858 838
858 837
857 837
857 836
856 836
856 835
855 835
855 834
854 834
854 833
853 833
853 832
852 832
852 831
850 831
850 830
849 830
849 829
848 829
848 828
847 828
847 827
846 827
846 826
845 826
845 825
843 825
843 824
842 824
842 823
841 823
841 822
839 822
839 821
837 821
837 820
836 820
836 819
833 819
833 818
830 818
830 817
828 817
828 816
826 816
826 815
823 815
823 814
821 814
821 813
819 813
819 812
818 812
818 811
817 811
817 810
816 810
816 808
815 808
815 805
814 805
814 802
813 802
813 799
812 799
812 797
811 797
811 795
810 795
810 794
809 794
809 793
808 793
808 792
806 792
806 791
803 791
803 790
801 790
801 789
797 789
797 788
795 788
795 787
794 787
794 786
791 786
791 785
790 785
790 784
789 784
789 783
788 783
788 781
787 781
787 780
786 780
786 779
785 779
785 778
783 778
783 777
782 777
782 776
781 776
781 775
780 775
780 774
779 774
779 773
778 773
778 772
777 772
777 771
776 771
776 770
774 770
774 769
772 769
772 768
769 768
769 767
767 767
767 766
766 766
766 765
765 765
765 764
764 764
764 763
763 763
763 762
762 762
762 761
761 761
761 760
760 760
760 759
759 759
759 758
758 758
758 757
757 757
757 756
756 756
756 754
755 754
755 753
754 753
754 751
753 751
753 749
752 749
752 747
751 747
751 745
750 745
750 743
749 743
749 741
748 741
748 740
747 740
747 738
746 738
746 737
745 737
745 735
744 735
744 734
743 734
743 733
742 733
742 731
741 731
741 730
740 730
740 729
739 729
739 728
738 728
738 727
737 727
737 726
736 726
736 725
735 725
735 724
734 724
734 723
733 723
733 722
732 722
732 721
731 721
731 720
729 720
729 719
726 719
726 718
725 718
725 717
724 717
724 716
723 716
723 715
722 715
722 714
721 714
721 713
720 713
720 712
719 712
719 711
718 711
718 710
717 710
717 709
716 709
716 707
715 707
715 706
714 706
714 705
713 705
713 703
711 703
711 702
708 702
708 701
704 701
704 700
703 700
703 699
700 699
700 698
699 698
699 697
698 697
698 696
697 696
697 695
696 695
696 694
695 694
695 692
694 692
694 690
693 690
693 688
692 688
692 687
691 687
691 686
690 686
690 684
689 684
689 681
688 681
688 680
687 680
687 679
686 679
686 677
685 677
685 676
684 676
684 675
683 675
683 674
682 674
682 673
681 673
681 672
680 672
680 671
679 671
679 669
678 669
678 666
677 666
677 665
676 665
676 663
675 663
675 662
674 662
674 661
671 661
671 660
668 660
668 659
666 659
666 658
664 658
664 657
660 657
660 656
657 656
657 655
655 655
655 654
653 654
653 653
652 653
652 652
650 652
650 651
649 651
649 650
648 650
648 649
647 649
647 648
646 648
646 647
645 647
645 646
644 646
644 645
643 645
643 644
642 644
642 643
641 643
641 640
639 640
639 639
637 639
637 638
636 638
636 637
634 637
634 636
632 636
632 632
631 632
631 630
630 630
630 629
629 629
629 628
628 628
628 627
625 627
625 625
624 625
624 622
623 622
623 621
622 621
622 620
621 620
621 618
620 618
620 617
619 617
619 616
618 616
618 615
617 615
617 614
616 614
616 613
613 613
613 612
611 612
611 611
613 611
613 612
616 612
616 613
617 613
617 614
618 614
618 615
619 615
619 616
620 616
620 617
621 617
621 618
622 618
622 620
623 620
623 621
624 621
624 622
625 622
625 625
626 625
626 626
628 626
628 627
629 627
629 628
630 628
630 629
631 629
631 630
632 630
632 632
633 632
633 635
634 635
634 636
636 636
636 637
637 637
637 638
639 638
639 639
642 639
642 643
643 643
643 644
644 644
644 645
645 645
645 646
646 646
646 647
647 647
647 648
648 648
648 649
649 649
649 650
650 650
650 651
652 651
652 652
653 652
653 653
655 653
655 654
657 654
657 655
660 655
660 656
664 656
664 657
666 657
666 658
668 658
668 659
671 659
671 660
674 660
674 661
675 661
675 662
676 662
676 663
677 663
677 665
678 665
678 666
679 666
679 669
680 669
680 671
681 671
681 672
682 672
682 673
683 673
683 674
684 674
684 675
685 675
685 676
686 676
686 677
687 677
687 679
688 679
688 680
689 680
689 681
690 681
690 684
691 684
691 686
692 686
692 687
693 687
693 688
694 688
694 690
695 690
695 692
696 692
696 694
697 694
697 695
698 695
698 696
699 696
699 697
700 697
700 698
703 698
703 699
704 699
704 700
708 700
708 701
711 701
711 702
713 702
713 703
714 703
714 705
715 705
715 706
716 706
716 707
717 707
717 709
718 709
718 710
719 710
719 711
720 711
720 712
721 712
721 713
722 713
722 714
723 714
723 715
724 715
724 716
725 716
725 717
726 717
726 718
729 718
729 719
731 719
731 720
732 720
732 721
733 721
733 722
734 722
734 723
735 723
735 724
736 724
736 725
737 725
737 726
738 726
738 727
739 727
739 728
740 728
740 729
741 729
741 730
742 730
742 731
743 731
743 733
744 733
744 734
745 734
745 735
746 735
746 737
747 737
747 738
748 738
748 740
749 740
749 741
750 741
750 743
751 743
751 745
752 745
752 747
753 747
753 749
754 749
754 751
755 751
755 753
756 753
756 754
757 754
757 756
758 756
758 757
759 757
759 758
760 758
760 759
761 759
761 760
762 760
762 761
763 761
763 762
764 762
764 763
765 763
765 764
766 764
766 765
767 765
767 766
769 766
769 767
772 767
772 768
774 768
774 769
776 769
776 770
777 770
777 771
778 771
778 772
779 772
779 773
780 773
780 774
781 774
781 775
782 775
782 776
783 776
783 777
785 777
785 778
786 778
786 779
787 779
787 780
788 780
788 781
789 781
789 783
790 783
790 784
791 784
791 785
794 785
794 786
795 786
795 787
797 787
797 788
801 788
801 789
803 789
803 790
806 790
806 791
808 791
808 792
809 792
809 793
810 793
810 794
811 794
811 795
812 795
812 797
813 797
813 799
814 799
814 802
815 802
815 805
816 805
816 808
817 808
817 810
818 810
818 811
819 811
819 812
821 812
821 813
823 813
823 814
826 814
826 815
828 815
828 816
830 816
830 817
833 817
833 818
836 818
836 819
837 819
837 820
839 820
839 821
841 821
841 822
842 822
842 823
843 823
843 824
845 824
845 825
846 825
846 826
847 826
847 827
848 827
848 828
849 828
849 829
850 829
850 830
852 830
852 831
853 831
853 832
854 832
854 833
855 833
855 834
856 834
856 835
857 835
857 836
858 836
858 837
860 837
860 838
863 838
863 839
869 839
869 838
872 838
872 837
873 837
873 836
874 836
874 835
876 835
876 834
877 834
877 833
882 833
882 834
883 834
883 835
884 835
884 836
885 836
885 838
886 838
886 839
887 839
887 841
888 841
888 843
889 843
889 844
893 844
893 845
894 845
894 846
900 846
900 845
902 845
902 844
910 844
910 845
913 845
913 846
914 846
914 847
916 847
916 848
922 848
922 847
929 847
929 848
931 848
931 849
933 849
933 850
934 850
934 851
935 851
935 852
936 852
936 853
938 853
938 854
939 854
939 856
940 856
940 857
941 857
941 859
942 859
942 860
943 860
943 861
944 861
944 862
945 862
945 863
946 863
946 864
947 864
947 865
948 865
948 866
950 866
950 867
952 867
952 868
954 868
954 869
956 869
956 870
959 870
959 871
961 871
961 872
962 872
962 873
966 873
966 874
968 874
968 875
970 875
970 876
972 876
972 875
974 875
974 874
975 874
975 873
976 873
976 872
977 872
977 871
978 871
978 870
979 870
979 869
986 869
986 868
990 868
990 867
993 867
993 866
994 866
994 865
1003 865
1003 864
1009 864
1009 865
1016 865
1016 866
1017 866
1017 867
1019 867
1019 868
1024 868
1024 869
1026 869
1026 870
1027 870
1027 871
1029 871
1029 872
1035 872
1035 873
1036 873
1036 874
1039 874
1039 875
1044 875
1044 876
1046 876
1046 877
1047 877
1047 878
1055 878
1055 877
1056 877
1056 878
1059 878
1059 879
1065 879
1065 880
1066 880
1066 881
1068 881
1068 882
1071 882
1071 883
1073 883
1073 884
1074 884
1074 885
1075 885
1075 886
1076 886
1076 887
1077 887
1077 888
1079 888
1079 889
1080 889
1080 890
1082 890
1082 891
1084 891
1084 892
1087 892
1087 893
1092 893
1092 891
1093 891
1093 889
1094 889
1094 888
1095 888
1095 887
1096 887
1096 886
1101 886
1101 887
1107 887
1107 888
1116 888
1116 889
1131 889
1131 890
1135 890
1135 891
1137 891
1137 892
1139 892
1139 893
1140 893
1140 894
1142 894
1142 895
1143 895
1143 896
1145 896
1145 897
1146 897
1146 898
1147 898
1147 899
1148 899
1148 900
1150 900
1150 901
1151 901
1151 902
1152 902
1152 903
1153 903
1153 904
1156 904
1156 905
1159 905
1159 906
1160 906
1160 907
1162 907
1162 908
1164 908
1164 909
1165 909
1165 910
1166 910
1166 911
1167 911
1167 912
1168 912
1168 913
1170 913
1170 914
1172 914
1172 915
1175 915
1175 916
1177 916
1177 917
1180 917
1180 918
1183 918
1183 919
1185 919
1185 920
1187 920
1187 921
1189 921
1189 922
1194 922
1194 923
1196 923
1196 924
1214 924
1214 923
1215 923
1215 922
1216 922
1216 921
1217 921
1217 920
1231 920
1231 921
1232 921
1232 922
1239 922
1239 923
1249 923
1249 922
1251 922
1251 923
1258 923
1258 922
1261 922
1261 921
1269 921
1269 922
1272 922
1272 923
1274 923
1274 924
1275 924
1275 925
1276 925
1276 926
1278 926
1278 927
1280 927
1280 928
1282 928
1282 929
1284 929
1284 930
1302 930
1302 931
1306 931
1306 932
1307 932
1307 933
1308 933
1308 934
1310 934
1310 935
1325 935
1325 936
1326 936
1326 937
1327 937
1327 938
1329 938
1329 939
1331 939
1331 940
1335 940
1335 941
1338 941
1338 942
1339 942
1339 941
1347 941
1347 940
1349 940
1349 939
1352 939
1352 940
1358 940
1358 941
1360 941
1360 942
1361 942
1361 943
1363 943
1363 944
1365 944
1365 945
1393 945
1393 944
1395 944
1395 943
1397 943
1397 942
1399 942
1399 941
1402 941
1402 940
1408 940
1408 939
1409 939
1409 940
1420 940
1420 941
1422 941
1422 942
1423 942
1423 943
1424 943
1424 944
1425 944
1425 945
1426 945
1426 946
1427 946
1427 947
1428 947
1428 948
1429 948
1429 949
1433 949
1433 950
1436 950
1436 951
1437 951
1437 952
1444 952
1444 953
1465 953
1465 954
1473 954
1473 955
1475 955
1475 954
1477 954
1477 953
1480 953
1480 952
1481 952
1481 951
1484 951
1484 950
1487 950
1487 949
1488 949
1488 948
1502 948
1502 947
1503 947
1503 946
1505 946
1505 945
1507 945
1507 944
1508 944
1508 943
1509 943
1509 942
1510 942
1510 941
1522 941
1522 942
1531 942
1531 943
1535 943
1535 944
1539 944
1539 945
1544 945
1544 946
1550 946
1550 947
1553 947
1553 946
1557 946
1557 945
1559 945
1559 944
1561 944
1561 943
1564 943
1564 942
1570 942
1570 941
1577 941
1577 942
1586 942
1586 939
1587 939
1587 937
1588 937
1588 935
1589 935
1589 934
1591 934
1591 933
1599 933
1599 932
1600 932
1600 931
1602 931
1602 930
1603 930
1603 929
1604 929
1604 928
1605 928
1605 926
1606 926
1606 925
1608 925
1608 924
1610 924
1610 923
1613 923
1613 922
1619 922
1619 921
1627 921
1627 922
1628 922
1628 923
1630 923
1630 924
1640 924
1640 923
1642 923
1642 924
1648 924
1648 925
1652 925
1652 926
1662 926
1662 925
1667 925
1667 924
1668 924
1668 923
1670 923
1670 921
1671 921
1671 920
1673 920
1673 919
1682 919
1682 918
1688 918
1688 917
1690 917
1690 916
1692 916
1692 915
1694 915
1694 914
1695 914
1695 913
1696 913
1696 912
1698 912
1698 911
1699 911
1699 910
1701 910
1701 909
1706 909
1706 908
1712 908
1712 909
1714 909
1714 908
1716 908
1716 907
1719 907
1719 906
1721 906
1721 905
1723 905
1723 904
1724 904
1724 903
1729 903
1729 902
1736 902
1736 901
1742 901
1742 900
1743 900
1743 899
1745 899
1745 898
1746 898
1746 897
1747 897
1747 896
1749 896
1749 895
1750 895
1750 894
1752 894
1752 893
1753 893
1753 892
1755 892
1755 891
1765 891
1765 890
1767 890
1767 889
1769 889
1769 888
1773 888
1773 887
1774 887
1774 886
1775 886
1775 885
1779 885
1779 884
1780 884
1780 883
1781 883
1781 882
1783 882
1783 881
1784 881
1784 880
1786 880
1786 879
1788 879
1788 878
1790 878
1790 876
1791 876
1791 875
1792 875
1792 874
1793 874
1793 873
1795 873
1795 872
1796 872
1796 871
1802 871
1802 870
1805 870
1805 869
1807 869
1807 868
1808 868
1808 866
1809 866
1809 865
1810 865
1810 864
1811 864
1811 863
1813 863
1813 862
1814 862
1814 861
1815 861
1815 860
1816 860
1816 859
1819 859
1819 858
1827 858
1827 859
1829 859
1829 860
1832 860
1832 861
1835 861
1835 862
1839 862
1839 863
1844 863
1844 864
1850 864
1850 865
1853 865
1853 864
1858 864
1858 863
1860 863
1860 862
1862 862
1862 861
1864 861
1864 860
1865 860
1865 859
1866 859
1866 858
1868 858
1868 857
1869 857
1869 856
1871 856
1871 855
1873 855
1873 854
1875 854
1875 853
1876 853
1876 852
1879 852
1879 851
1881 851
1881 850
1883 850
1883 849
1884 849
1884 848
1885 848
1885 847
1887 847
1887 846
1888 846
1888 844
1889 844
1889 843
1890 843
1890 842
1891 842
1891 841
1892 841
1892 840
1896 840
1896 839
1900 839
1900 838
1903 838
1903 837
1904 837
1904 835
1905 835
1905 832
1906 832
1906 831
1907 831
1907 830
1908 830
1908 829
1911 829
1911 828
1918 828
1918 827
1919 827
1919 825
1920 825
1920 824
1921 824
1921 823
1922 823
1922 821
1923 821
1923 819
1924 819
1924 818
1925 818
1925 816
1926 816
1926 814
1927 814
1927 813
1928 813
1928 812
1929 812
1929 811
1930 811
1930 810
1931 810
1931 809
1934 809
1934 808
1939 808
1939 809
1954 809
1954 808
1956 808
1956 807
1957 807
1957 806
1958 806
1958 805
1959 805
1959 804
1960 804
1960 803
1961 803
1961 802
1962 802
1962 801
1963 801
1963 800
1964 800
1964 799
1966 799
1966 798
1969 798
1969 797
1984 797
1984 796
1989 796
1989 795
1991 795
1991 794
1993 794
1993 793
1994 793
1994 792
1995 792
1995 791
1996 791
1996 790
1997 790
1997 789
1998 789
1998 788
1999 788
1999 787
2000 787
2000 784
2001 784
2001 783
2002 783
2002 782
2003 782
2003 780
2004 780
2004 775
2005 775
2005 774
2006 774
2006 773
2007 773
2007 772
2008 772
2008 771
2012 771
2012 770
2014 770
2014 769
2016 769
2016 768
2020 768
2020 767
2023 767
2023 766
2031 766
2031 765
2032 765
2032 763
2033 763
2033 762
2034 762
2034 761
2035 761
2035 759
2036 759
2036 758
2038 758
2038 757
2039 757
2039 756
2040 756
2040 755
2041 755
2041 754
2043 754
2043 753
2044 753
2044 752
2046 752
2046 751
2047 751
2047 750
2049 750
2049 749
2051 749
2051 748
2052 748
2052 747
2056 747
2056 746
2060 746
2060 745
2061 745
2061 744
2062 744
2062 743
2063 743
2063 742
2064 742
2064 741
2065 741
2065 740
2066 740
2066 738
2067 738
2067 737
2068 737
2068 735
2069 735
2069 734
2070 734
2070 732
2071 732
2071 731
2072 731
2072 729
2073 729
2073 727
2074 727
2074 726
2075 726
2075 725
2076 725
2076 723
2077 723
2077 722
2078 722
2078 721
2079 721
2079 720
2080 720
2080 719
2081 719
2081 716
2082 716
2082 714
2083 714
2083 712
2084 712
2084 711
2085 711
2085 710
2086 710
2086 709
2088 709
2088 708
2090 708
2090 707
2091 707
2091 706
2095 706
2095 707
2098 707
2098 708
2103 708
2103 707
2105 707
2105 705
2106 705
2106 704
2107 704
2107 703
2108 703
2108 701
2109 701
2109 700
2110 700
2110 698
2111 698
2111 696
2112 696
2112 695
2113 695
2113 694
2114 694
2114 693
2115 693
2115 692
2116 692
2116 691
2117 691
2117 690
2120 690
2120 689
2124 689
2124 688
2126 688
2126 687
2127 687
2127 686
2128 686
2128 684
2129 684
2129 682
2130 682
2130 681
2131 681
2131 680
2132 680
2132 679
2133 679
2133 677
2134 677
2134 676
2135 676
2135 675
2136 675
2136 674
2137 674
2137 673
2138 673
2138 672
2140 672
2140 671
2143 671
2143 670
2147 670
2147 669
2151 669
2151 668
2152 668
2152 667
2153 667
2153 666
2156 666
2156 665
2164 665
2164 664
2170 664
2170 663
2171 663
2171 664
2173 664
2173 663
2179 663
2179 662
2180 662
2180 661
2182 661
2182 659
2183 659
2183 656
2184 656
2184 650
2185 650
2185 645
2186 645
2186 642
2187 642
2187 641
2198 641
2198 640
2203 640
2203 639
2204 639
2204 638
2206 638
2206 637
2207 637
2207 636
2210 636
2210 635
2211 635
2211 634
2212 634
2212 633
2213 633
2213 632
2215 632
2215 631
2216 631
2216 630
2218 630
2218 629
2225 629
2225 628
2227 628
2227 627
2228 627
2228 626
2230 626
2230 625
2231 625
2231 624
2233 624
2233 623
2235 623
2235 622
2241 622
2241 623
2249 623
2249 621
2250 621
2250 620
2252 620
2252 619
2257 619
2257 618
2258 618
2258 619
2268 619
2268 618
2273 618
2273 617
2274 617
2274 616
2275 616
2275 615
2277 615
2277 614
2280 614
2280 613
2282 613
2282 612
2283 612
2283 611
2285 611
2285 610
2286 610
2286 609
2288 609
2288 608
2289 608
2289 607
2290 607
2290 606
2294 606
2294 605
2296 605
2296 604
2298 604
2298 603
2301 603
2301 602
2303 602
2303 601
2306 601
2306 600
2308 600
2308 599
2310 599
2310 598
2312 598
2312 597
2314 597
2314 596
2316 596
2316 595
2319 595
2319 594
2323 594
2323 593
2330 593
2330 592
2334 592
2334 591
2337 591
2337 590
2338 590
2338 589
2341 589
2341 588
2342 588
2342 587
2343 587
2343 586
2344 586
2344 585
2345 585
2345 584
2346 584
2346 583
2347 583
2347 582
2348 582
2348 580
2349 580
2349 578
2350 578
2350 577
2351 577
2351 574
2352 574
2352 565
2353 565
2353 564
2354 564
2354 563
2355 563
2355 562
2356 562
2356 561
2357 561
2357 560
2358 560
2358 559
2359 559
2359 558
2361 558
2361 557
2362 557
2362 556
2364 556
2364 555
2366 555
2366 554
2368 554
2368 553
2370 553
2370 552
2371 552
2371 551
2373 551
2373 550
2374 550
2374 549
2378 549
2378 548
2380 548
2380 547
2383 547
2383 546
2385 546
2385 545
2390 545
2390 544
2392 544
2392 543
2395 543
2395 542
2396 542
2396 541
2402 541
2402 540
2403 540
2403 539
2406 539
2406 538
2409 538
2409 537
2411 537
2411 536
2418 536
2418 535
2428 535
2428 536
2430 536
2430 537
2432 537
2432 538
2433 538
2433 540
2439 540
2439 539
2442 539
2442 538
2448 538
2448 537
2450 537
2450 536
2453 536
2453 535
2455 535
2455 534
2460 534
2460 535
2462 535
2462 536
2466 536
2466 537
2478 537
2478 536
2485 536
2485 535
2494 535
2494 534
2501 534
2501 533
2504 533
2504 534
2507 534
2507 535
2509 535
2509 536
2515 536
2515 535
2518 535
2518 534
2520 534
2520 533
2523 533
2523 532
2524 532
2524 531
2526 531
2526 530
2528 530
2528 529
2530 529
2530 528
2534 528
2534 527
2536 527
2536 526
2539 526
2539 525
2547 525
2547 526
2560 526
2560 525
2564 525
2564 524
2566 524
2566 522
2567 522
2567 521
2569 521
2569 520
2570 520
2570 519
2571 519
2571 518
2572 518
2572 515
2573 515
2573 514
2574 514
2574 510
2575 510
2575 509
2576 509
2576 508
2577 508
2577 507
2578 507
2578 506
2579 506
2579 504
2580 504
2580 503
2581 503
2581 502
2583 502
2583 501
2589 501
2589 500
2592 500
2592 501
2596 501
2596 500
2599 500
2599 499
2603 499
2603 498
2604 498
2604 497
2605 497
2605 496
2606 496
2606 495
2608 495
2608 493
2609 493
2609 492
2610 492
2610 491
2614 491
2614 492
2619 492
2619 491
2624 491
2624 490
2626 490
2626 489
2629 489
2629 488
2632 488
2632 487
2634 487
2634 486
2635 486
2635 485
2636 485
2636 476
2637 476
2637 475
2639 475
2639 474
2641 474
2641 473
2642 473
2642 472
2644 472
2644 471
2646 471
2646 470
2648 470
2648 469
2649 469
2649 468
2650 468
2650 467
2654 467
2654 466
2658 466
2658 465
2660 465
2660 464
2661 464
2661 463
2662 463
2662 462
2663 462
2663 460
2664 460
2664 462
2663 462
2663 463
2662 463
2662 464
2661 464
2661 465
2660 465
2660 466
2658 466
2658 467
2654 467
2654 468
2650 468
2650 469
2649 469
2649 470
2648 470
2648 471
2646 471
2646 472
2644 472
2644 473
2642 473
2642 474
2641 474
2641 475
2639 475
2639 476
2637 476
2637 485
2636 485
2636 486
2635 486
2635 487
2634 487
2634 488
2632 488
2632 489
2629 489
2629 490
2626 490
2626 491
2624 491
2624 492
2619 492
2619 493
2614 493
2614 492
2610 492
2610 493
2609 493
2609 495
2608 495
2608 496
2606 496
2606 497
2605 497
2605 498
2604 498
2604 499
2603 499
2603 500
2599 500
2599 501
2596 501
2596 502
2592 502
2592 501
2589 501
2589 502
2583 502
2583 503
2581 503
2581 504
2580 504
2580 506
2579 506
2579 507
2578 507
2578 508
2577 508
2577 509
2576 509
2576 510
2575 510
2575 514
2574 514
2574 515
2573 515
2573 518
2572 518
2572 519
2571 519
2571 520
2570 520
2570 521
2569 521
2569 522
2567 522
2567 524
2566 524
2566 525
2564 525
2564 526
2560 526
2560 527
2547 527
2547 526
2539 526
2539 527
2536 527
2536 528
2534 528
2534 529
2530 529
2530 530
2528 530
2528 531
2526 531
2526 532
2524 532
2524 533
2523 533
2523 534
2520 534
2520 535
2518 535
2518 536
2515 536
2515 537
2509 537
2509 536
2507 536
2507 535
2504 535
2504 534
2501 534
2501 535
2494 535
2494 536
2485 536
2485 537
2478 537
2478 538
2466 538
2466 537
2462 537
2462 536
2460 536
2460 535
2455 535
2455 536
2453 536
2453 537
2450 537
2450 538
2448 538
2448 539
2442 539
2442 540
2439 540
2439 541
2432 541
2432 538
2430 538
2430 537
2428 537
2428 536
2418 536
2418 537
2411 537
2411 538
2409 538
2409 539
2406 539
2406 540
2403 540
2403 541
2402 541
2402 542
2396 542
2396 543
2395 543
2395 544
2392 544
2392 545
2390 545
2390 546
2385 546
2385 547
2383 547
2383 548
2380 548
2380 549
2378 549
2378 550
2374 550
2374 551
2373 551
2373 552
2371 552
2371 553
2370 553
2370 554
2368 554
2368 555
2366 555
2366 556
2364 556
2364 557
2362 557
2362 558
2361 558
2361 559
2359 559
2359 560
2358 560
2358 561
2357 561
2357 562
2356 562
2356 563
2355 563
2355 564
2354 564
2354 565
2353 565
2353 574
2352 574
2352 577
2351 577
2351 578
2350 578
2350 580
2349 580
2349 582
2348 582
2348 583
2347 583
