2721 977
2722 977
2722 978
2723 978
2723 979
2724 979
2724 980
2725 980
2725 982
2726 982
2726 983
2727 983
2727 984
2728 984
2728 986
2729 986
2729 987
2730 987
2730 988
2731 988
2731 989
2732 989
2732 990
2733 990
2733 991
2735 991
2735 992
2736 992
2736 993
2739 993
2739 994
2740 994
2740 995
2741 995
2741 996
2742 996
2742 997
2743 997
2743 998
2744 998
2744 999
2745 999
2745 1001
2746 1001
2746 1002
2747 1002
2747 1003
2748 1003
2748 1004
2750 1004
2750 1005
2753 1005
2753 1006
2758 1006
2758 1007
2762 1007
2762 1008
2771 1008
2771 1009
2772 1009
2772 1010
2779 1010
2779 1009
2780 1009
2780 1008
2781 1008
2781 1007
2783 1007
2783 1006
2785 1006
2785 1005
2787 1005
2787 1004
2788 1004
2788 1003
2790 1003
2790 1002
2791 1002
2791 1001
2792 1001
2792 1000
2793 1000
2793 999
2795 999
2795 998
2796 998
2796 997
2797 997
2797 995
2798 995
2798 994
2800 994
2800 993
2801 993
2801 992
2802 992
2802 989
2803 989
2803 988
2804 988
2804 987
2805 987
2805 986
2806 986
2806 985
2808 985
2808 984
2809 984
2809 980
2810 980
2810 979
2811 979
2811 973
2812 973
2812 971
2813 971
2813 970
2814 970
2814 968
2815 968
2815 966
2816 966
2816 964
2817 964
2817 960
2818 960
2818 952
2819 952
2819 941
2820 941
2820 927
2821 927
2821 908
2822 908
2822 899
2823 899
2823 884
2824 884
2824 872
2829 872
2829 871
2830 871
2830 870
2831 870
2831 869
2832 869
2832 866
2833 866
2833 862
2834 862
2834 845
2833 845
2833 833
2834 833
2834 831
2835 831
2835 830
2853 830
2853 831
2857 831
2857 830
2863 830
2863 829
2868 829
2868 828
2870 828
2870 827
2898 827
2898 828
2915 828
2915 829
2918 829
2918 830
2920 830
2920 831
2921 831
2921 832
2923 832
2923 833
2924 833
2924 834
2925 834
2925 835
2926 835
2926 836
2928 836
2928 837
2932 837
2932 838
2934 838
2934 839
2938 839
2938 840
2939 840
2939 841
2940 841
2940 842
2942 842
2942 843
2943 843
2943 844
2944 844
2944 845
2945 845
2945 847
2946 847
2946 848
2947 848
2947 850
2948 850
2948 851
2949 851
2949 852
2956 852
2956 851
2967 851
2967 850
2978 850
2978 851
2986 851
2986 850
2988 850
2988 851
3004 851
3004 852
3009 852
3009 851
3011 851
3011 850
3016 850
3016 851
3033 851
3033 850
3036 850
3036 849
3037 849
3037 844
3036 844
3036 834
3037 834
3037 831
3038 831
3038 830
3048 830
3048 829
3052 829
3052 824
3051 824
3051 819
3050 819
3050 803
3051 803
3051 797
3050 797
3050 789
3051 789
3051 788
3052 788
3052 787
3063 787
3063 786
3064 786
3064 781
3063 781
3063 777
3064 777
3064 775
3065 775
3065 771
3066 771
3066 767
3067 767
3067 757
3066 757
3066 751
3065 751
3065 747
3071 747
3071 746
3075 746
3075 745
3076 745
3076 744
3077 744
3077 742
3078 742
3078 741
3079 741
3079 740
3080 740
3080 739
3081 739
3081 738
3082 738
3082 737
3083 737
3083 735
3084 735
3084 732
3085 732
3085 731
3089 731
3089 730
3090 730
3090 731
3095 731
3095 730
3097 730
3097 729
3099 729
3099 728
3100 728
3100 727
3101 727
3101 725
3102 725
3102 724
3103 724
3103 723
3104 723
3104 722
3106 722
3106 721
3107 721
3107 720
3108 720
3108 716
3107 716
3107 715
3106 715
3106 713
3105 713
3105 711
3104 711
3104 710
3103 710
3103 707
3102 707
3102 705
3101 705
3101 704
3100 704
3100 696
3099 696
3099 681
3100 681
3100 679
3099 679
3099 672
3100 672
3100 647
3101 647
3101 640
3114 640
3114 639
3121 639
3121 638
3127 638
3127 639
3130 639
3130 640
3132 640
3132 641
3133 641
3133 642
3135 642
3135 643
3136 643
3136 644
3137 644
3137 645
3138 645
3138 646
3139 646
3139 657
3140 657
3140 660
3141 660
3141 663
3142 663
3142 664
3143 664
3143 665
3145 665
3145 666
3146 666
3146 667
3148 667
3148 668
3150 668
3150 669
3152 669
3152 670
3154 670
3154 671
3156 671
3156 672
3159 672
3159 673
3161 673
3161 674
3163 674
3163 675
3166 675
3166 676
3168 676
3168 677
3172 677
3172 678
3174 678
3174 679
3178 679
3178 680
3181 680
3181 681
3184 681
3184 682
3187 682
3187 683
3191 683
3191 684
3193 684
3193 685
3196 685
3196 686
3199 686
3199 687
3203 687
3203 686
3205 686
3205 685
3210 685
3210 684
3212 684
3212 683
3213 683
3213 681
3214 681
3214 680
3215 680
3215 678
3216 678
3216 677
3217 677
3217 675
3218 675
3218 674
3219 674
3219 672
3220 672
3220 669
3221 669
3221 668
3224 668
3224 667
3227 667
3227 668
3229 668
3229 669
3230 669
3230 671
3231 671
3231 674
3232 674
3232 681
3233 681
3233 686
3234 686
3234 695
3235 695
3235 718
3236 718
3236 728
3237 728
3237 730
3238 730
3238 731
3239 731
3239 732
3243 732
3243 733
3245 733
3245 734
3253 734
3253 733
3256 733
3256 732
3258 732
3258 731
3259 731
3259 728
3260 728
3260 727
3261 727
3261 726
3262 726
3262 724
3263 724
3263 721
3264 721
3264 718
3265 718
3265 717
3266 717
3266 716
3267 716
3267 714
3268 714
3268 711
3269 711
3269 710
3272 710
3272 709
3273 709
3273 708
3274 708
3274 707
3278 707
3278 706
3281 706
3281 705
3282 705
3282 704
3283 704
3283 703
3284 703
3284 702
3285 702
3285 701
3286 701
3286 700
3288 700
3288 699
3290 699
3290 698
3291 698
3291 697
3292 697
3292 696
3293 696
3293 695
3295 695
3295 694
3297 694
3297 693
3298 693
3298 692
3300 692
3300 691
3302 691
3302 690
3303 690
3303 687
3318 687
3318 688
3325 688
3325 687
3331 687
3331 686
3349 686
3349 687
3363 687
3363 686
3365 686
3365 687
3363 687
3363 688
3349 688
3349 687
3331 687
3331 688
3325 688
3325 689
3318 689
3318 688
3304 688
3304 691
3302 691
3302 692
3300 692
3300 693
3298 693
3298 694
3297 694
3297 695
3295 695
3295 696
3293 696
3293 697
3292 697
3292 698
3291 698
3291 699
3290 699
3290 700
3288 700
3288 701
3286 701
3286 702
3285 702
3285 703
3284 703
3284 704
3283 704
3283 705
3282 705
3282 706
3281 706
3281 707
3278 707
3278 708
3274 708
3274 709
3273 709
3273 710
3272 710
3272 711
3269 711
3269 714
3268 714
3268 716
3267 716
3267 717
3266 717
3266 718
3265 718
3265 721
3264 721
3264 724
3263 724
3263 726
3262 726
3262 727
3261 727
3261 728
3260 728
3260 731
3259 731
3259 732
3258 732
3258 733
3256 733
3256 734
3253 734
3253 735
3245 735
3245 734
3243 734
3243 733
3239 733
3239 732
3238 732
3238 731
3237 731
3237 730
3236 730
3236 728
3235 728
3235 718
3234 718
3234 695
3233 695
3233 686
3232 686
3232 681
3231 681
3231 674
3230 674
3230 671
3229 671
3229 669
3227 669
3227 668
3224 668
3224 669
3221 669
3221 673
3220 673
3220 674
3219 674
3219 675
3218 675
3218 677
3217 677
3217 678
3216 678
3216 680
3215 680
3215 681
3214 681
3214 683
3213 683
3213 684
3212 684
3212 685
3210 685
3210 686
3205 686
3205 687
3203 687
3203 688
3199 688
3199 687
3196 687
3196 686
3193 686
3193 685
3191 685
3191 684
3187 684
3187 683
3184 683
3184 682
3181 682
3181 681
3178 681
3178 680
3174 680
3174 679
3172 679
3172 678
3168 678
3168 677
3166 677
3166 676
3163 676
3163 675
3161 675
3161 674
3159 674
3159 673
3156 673
3156 672
3154 672
3154 671
3152 671
3152 670
3150 670
3150 669
3148 669
3148 668
3146 668
3146 667
3145 667
3145 666
3143 666
3143 665
3142 665
3142 664
3141 664
3141 663
3140 663
3140 660
3139 660
3139 657
3138 657
3138 646
3137 646
3137 645
3136 645
3136 644
3135 644
3135 643
3133 643
3133 642
3132 642
3132 641
3130 641
3130 640
3127 640
3127 639
3121 639
3121 640
3114 640
3114 641
3102 641
3102 647
3101 647
3101 672
3100 672
3100 679
3101 679
3101 681
3100 681
3100 696
3101 696
3101 704
3102 704
3102 705
3103 705
3103 707
3104 707
3104 710
3105 710
3105 711
3106 711
3106 713
3107 713
3107 715
3108 715
3108 716
3109 716
3109 720
3108 720
3108 721
3107 721
3107 722
3106 722
3106 723
3104 723
3104 724
3103 724
3103 725
3102 725
3102 727
3101 727
3101 728
3100 728
3100 729
3099 729
3099 730
3097 730
3097 731
3095 731
3095 732
3090 732
3090 731
3089 731
3089 732
3085 732
3085 735
3084 735
3084 737
3083 737
3083 738
3082 738
3082 739
3081 739
3081 740
3080 740
3080 741
3079 741
3079 742
3078 742
3078 744
3077 744
3077 745
3076 745
3076 746
3075 746
3075 747
3071 747
3071 748
3066 748
3066 751
3067 751
3067 757
3068 757
3068 767
3067 767
3067 771
3066 771
3066 775
3065 775
3065 777
3064 777
3064 781
3065 781
3065 786
3064 786
3064 787
3063 787
3063 788
3052 788
3052 789
3051 789
3051 797
3052 797
3052 803
3051 803
3051 819
3052 819
3052 824
3053 824
3053 829
3052 829
3052 830
3048 830
3048 831
3038 831
3038 834
3037 834
3037 844
3038 844
3038 849
3037 849
3037 850
3036 850
3036 851
3033 851
3033 852
3016 852
3016 851
3011 851
3011 852
3009 852
3009 853
3004 853
3004 852
2988 852
2988 851
2986 851
2986 852
2978 852
2978 851
2967 851
2967 852
2956 852
2956 853
2949 853
2949 852
2948 852
2948 851
2947 851
2947 850
2946 850
2946 848
2945 848
2945 847
2944 847
2944 845
2943 845
2943 844
2942 844
2942 843
2940 843
2940 842
2939 842
2939 841
2938 841
2938 840
2934 840
2934 839
2932 839
2932 838
2928 838
2928 837
2926 837
2926 836
2925 836
2925 835
2924 835
2924 834
2923 834
2923 833
2921 833
2921 832
2920 832
2920 831
2918 831
2918 830
2915 830
2915 829
2898 829
2898 828
2870 828
2870 829
2868 829
2868 830
2863 830
2863 831
2857 831
2857 832
2853 832
2853 831
2835 831
2835 833
2834 833
2834 845
2835 845
2835 862
2834 862
2834 866
2833 866
2833 869
2832 869
2832 870
2831 870
2831 871
2830 871
2830 872
2829 872
2829 873
2825 873
2825 884
2824 884
2824 899
2823 899
2823 908
2822 908
2822 927
2821 927
2821 941
2820 941
2820 952
2819 952
2819 960
2818 960
2818 964
2817 964
2817 966
2816 966
2816 968
2815 968
2815 970
2814 970
2814 971
2813 971
2813 973
2812 973
2812 979
2811 979
2811 980
2810 980
2810 984
2809 984
2809 985
2808 985
2808 986
2806 986
2806 987
2805 987
2805 988
2804 988
2804 989
2803 989
2803 992
2802 992
2802 993
2801 993
2801 994
2800 994
2800 995
2798 995
2798 997
2797 997
2797 998
2796 998
2796 999
2795 999
2795 1000
2793 1000
2793 1001
2792 1001
2792 1002
2791 1002
2791 1003
2790 1003
2790 1004
2788 1004
2788 1005
2787 1005
2787 1006
2785 1006
2785 1007
2783 1007
2783 1008
2781 1008
2781 1009
2780 1009
2780 1010
2779 1010
2779 1011
2771 1011
2771 1009
2762 1009
2762 1008
2758 1008
2758 1007
2753 1007
2753 1006
2750 1006
2750 1005
2748 1005
2748 1004
2747 1004
2747 1003
2746 1003
2746 1002
2745 1002
2745 1001
2744 1001
2744 999
2743 999
2743 998
2742 998
2742 997
2741 997
2741 996
2740 996
2740 995
2739 995
2739 994
2736 994
2736 993
2735 993
2735 992
2733 992
2733 991
2732 991
2732 990
2731 990
2731 989
2730 989
2730 988
2729 988
2729 987
2728 987
2728 986
2727 986
2727 984
2726 984
2726 983
2725 983
2725 982
2724 982
2724 980
2723 980
2723 979
2722 979
2722 978
2721 978
2721 977
2720 977
2720 975
2719 975
2719 974
2718 974
2718 972
2717 972
2717 971
2715 971
2715 970
2714 970
2714 969
2713 969
2713 968
2712 968
2712 967
2710 967
2710 966
2708 966
2708 965
2707 965
2707 964
2705 964
2705 963
2704 963
2704 962
2702 962
2702 961
2701 961
2701 960
2700 960
2700 959
2699 959
2699 957
2698 957
2698 956
2697 956
2697 955
2696 955
2696 954
2694 954
2694 953
2693 953
2693 952
2692 952
2692 951
2691 951
2691 950
2690 950
2690 949
2689 949
2689 948
2688 948
2688 947
2687 947
2687 945
2686 945
2686 943
2685 943
2685 940
2684 940
2684 937
2683 937
2683 932
2682 932
2682 931
2681 931
2681 930
2680 930
2680 929
2679 929
2679 928
2676 928
2676 927
2675 927
2675 926
2674 926
2674 925
2673 925
2673 924
2672 924
2672 923
2670 923
2670 922
2669 922
2669 921
2668 921
2668 920
2667 920
2667 919
2666 919
2666 918
2665 918
2665 917
2664 917
2664 916
2663 916
2663 915
2662 915
2662 911
2661 911
2661 904
2660 904
2660 903
2659 903
2659 902
2658 902
2658 901
2655 901
2655 900
2652 900
2652 899
2645 899
2645 898
2641 898
2641 897
2640 897
2640 896
2639 896
2639 895
2638 895
2638 893
2637 893
2637 891
2636 891
2636 890
2635 890
2635 889
2633 889
2633 888
2626 888
2626 887
2623 887
2623 886
2622 886
2622 885
2620 885
2620 884
2619 884
2619 883
2617 883
2617 882
2616 882
2616 881
2611 881
2611 880
2609 880
2609 879
2606 879
2606 878
2604 878
2604 877
2600 877
2600 876
2593 876
2593 879
2594 879
2594 887
2593 887
2593 894
2592 894
2592 905
2591 905
2591 915
2590 915
2590 932
2589 932
2589 943
2588 943
2588 952
2587 952
2587 982
2586 982
2586 990
2585 990
2585 995
2584 995
2584 999
2583 999
2583 1000
2582 1000
2582 1001
2581 1001
2581 1002
2580 1002
2580 1003
2579 1003
2579 1004
2578 1004
2578 1005
2576 1005
2576 1006
2575 1006
2575 1007
2573 1007
2573 1008
2572 1008
2572 1009
2568 1009
2568 1010
2567 1010
2567 1015
2566 1015
2566 1019
2565 1019
2565 1023
2564 1023
2564 1028
2563 1028
2563 1036
2562 1036
2562 1051
2561 1051
2561 1055
2560 1055
2560 1062
2559 1062
2559 1066
2558 1066
2558 1074
2557 1074
2557 1076
2556 1076
2556 1081
2555 1081
2555 1084
2554 1084
2554 1090
2553 1090
2553 1104
2552 1104
2552 1114
2551 1114
2551 1117
2550 1117
2550 1122
2549 1122
2549 1123
2548 1123
2548 1125
2547 1125
2547 1126
2546 1126
2546 1128
2545 1128
2545 1129
2543 1129
2543 1130
2539 1130
2539 1131
2537 1131
2537 1132
2535 1132
2535 1133
2532 1133
2532 1134
2530 1134
2530 1133
2524 1133
2524 1132
2518 1132
2518 1133
2511 1133
2511 1132
2510 1132
2510 1131
2498 1131
2498 1132
2494 1132
2494 1131
2493 1131
2493 1129
2492 1129
2492 1128
2491 1128
2491 1127
2490 1127
2490 1126
2489 1126
2489 1124
2488 1124
2488 1123
2487 1123
2487 1121
2486 1121
2486 1120
2485 1120
2485 1117
2484 1117
2484 1112
2483 1112
2483 1105
2482 1105
2482 1098
2481 1098
2481 1096
2480 1096
2480 1083
2479 1083
2479 1080
2478 1080
2478 1074
2477 1074
2477 1066
2476 1066
2476 1062
2475 1062
2475 1060
2474 1060
2474 1057
2473 1057
2473 1054
2472 1054
2472 1053
2471 1053
2471 1051
2470 1051
2470 1050
2469 1050
2469 1049
2468 1049
2468 1047
2467 1047
2467 1046
2466 1046
2466 1044
2465 1044
2465 1043
2464 1043
2464 1041
2463 1041
2463 1039
2462 1039
2462 1037
2461 1037
2461 1036
2460 1036
2460 1035
2459 1035
2459 1034
2458 1034
2458 1033
2457 1033
2457 1031
2456 1031
2456 1030
2455 1030
2455 1029
2454 1029
2454 1028
2453 1028
2453 1027
2452 1027
2452 1025
2451 1025
2451 1024
2450 1024
2450 1023
2448 1023
2448 1022
2447 1022
2447 1021
2440 1021
2440 1020
2432 1020
2432 1021
2431 1021
2431 1023
2430 1023
2430 1024
2429 1024
2429 1026
2428 1026
2428 1027
2416 1027
2416 1026
2411 1026
2411 1025
2406 1025
2406 1024
2383 1024
2383 1029
2384 1029
2384 1034
2385 1034
2385 1036
2386 1036
2386 1040
2387 1040
2387 1046
2386 1046
2386 1047
2383 1047
2383 1048
2382 1048
2382 1049
2375 1049
2375 1048
2372 1048
2372 1045
2371 1045
2371 1044
2366 1044
2366 1045
2364 1045
2364 1046
2363 1046
2363 1073
2364 1073
2364 1090
2363 1090
2363 1098
2362 1098
2362 1102
2361 1102
2361 1106
2360 1106
2360 1113
2358 1113
2358 1114
2357 1114
2357 1115
2354 1115
2354 1116
2350 1116
2350 1140
2349 1140
2349 1148
2348 1148
2348 1151
2347 1151
2347 1156
2346 1156
2346 1160
2345 1160
2345 1165
2344 1165
2344 1168
2343 1168
2343 1172
2342 1172
2342 1188
2341 1188
2341 1189
2340 1189
2340 1190
2336 1190
2336 1189
2331 1189
2331 1187
2329 1187
2329 1186
2328 1186
2328 1185
2326 1185
2326 1184
2324 1184
2324 1183
2323 1183
2323 1182
2322 1182
2322 1181
2321 1181
2321 1180
2320 1180
2320 1179
2319 1179
2319 1177
2318 1177
2318 1176
2317 1176
2317 1174
2316 1174
2316 1173
2315 1173
2315 1171
2314 1171
2314 1170
2313 1170
2313 1168
2312 1168
2312 1165
2311 1165
2311 1163
2310 1163
2310 1162
2309 1162
2309 1159
2308 1159
2308 1158
2307 1158
2307 1156
2306 1156
2306 1154
2305 1154
2305 1151
2304 1151
2304 1149
2303 1149
2303 1144
2302 1144
2302 1134
2301 1134
2301 1131
2300 1131
2300 1129
2299 1129
2299 1127
2298 1127
2298 1124
2297 1124
2297 1122
2296 1122
2296 1121
2295 1121
2295 1120
2294 1120
2294 1119
2293 1119
2293 1118
2292 1118
2292 1117
2291 1117
2291 1116
2290 1116
2290 1114
2289 1114
2289 1113
2288 1113
2288 1111
2287 1111
2287 1102
2286 1102
2286 1099
2285 1099
2285 1097
2284 1097
2284 1095
2283 1095
2283 1094
2282 1094
2282 1092
2281 1092
2281 1090
2280 1090
2280 1088
2279 1088
2279 1086
2278 1086
2278 1085
2277 1085
2277 1083
2276 1083
2276 1081
2275 1081
2275 1078
2274 1078
2274 1077
2273 1077
2273 1075
2272 1075
2272 1074
2271 1074
2271 1072
2270 1072
2270 1071
2269 1071
2269 1070
2267 1070
2267 1069
2266 1069
2266 1068
2265 1068
2265 1065
2264 1065
2264 1064
2263 1064
2263 1063
2262 1063
2262 1062
2261 1062
2261 1061
2260 1061
2260 1060
2259 1060
2259 1059
2258 1059
2258 1057
2257 1057
2257 1055
2256 1055
2256 1052
2255 1052
2255 1051
2254 1051
2254 1050
2253 1050
2253 1049
2252 1049
2252 1048
2251 1048
2251 1046
2250 1046
2250 1036
2249 1036
2249 1031
2248 1031
2248 1029
2247 1029
2247 1028
2246 1028
2246 1027
2245 1027
2245 1026
2244 1026
2244 1025
2243 1025
2243 1024
2241 1024
2241 1023
2240 1023
2240 1022
2237 1022
2237 1021
2236 1021
2236 1020
2235 1020
2235 1019
2233 1019
2233 1018
2231 1018
2231 1017
2230 1017
2230 1016
2229 1016
2229 1015
2227 1015
2227 1014
2225 1014
2225 1013
2224 1013
2224 1012
2223 1012
2223 1011
2222 1011
2222 1010
2219 1010
2219 1009
2218 1009
2218 1008
2204 1008
2204 1007
2201 1007
2201 1006
2198 1006
2198 1005
2196 1005
2196 1004
2194 1004
2194 1003
2192 1003
2192 1002
2191 1002
2191 1001
2190 1001
2190 1000
2189 1000
2189 998
2187 998
2187 997
2185 997
2185 996
2184 996
2184 995
2182 995
2182 994
2179 994
2179 993
2177 993
2177 992
2172 992
2172 993
2169 993
2169 994
2168 994
2168 995
2162 995
2162 996
2156 996
2156 995
2150 995
2150 996
2148 996
2148 1001
2149 1001
2149 1003
2150 1003
2150 1009
2151 1009
2151 1014
2150 1014
2150 1015
2148 1015
2148 1016
2133 1016
2133 1017
2129 1017
2129 1018
2127 1018
2127 1019
2126 1019
2126 1021
2127 1021
2127 1027
2128 1027
2128 1041
2127 1041
2127 1047
2128 1047
2128 1055
2127 1055
2127 1066
2126 1066
2126 1067
2125 1067
2125 1070
2124 1070
2124 1071
2123 1071
2123 1073
2122 1073
2122 1076
2121 1076
2121 1077
2116 1077
2116 1076
2114 1076
2114 1075
2113 1075
2113 1076
2110 1076
2110 1075
2106 1075
2106 1074
2105 1074
2105 1075
2102 1075
2102 1076
2101 1076
2101 1077
2100 1077
2100 1078
2099 1078
2099 1079
2090 1079
2090 1080
2087 1080
2087 1081
2086 1081
2086 1082
2085 1082
2085 1088
2084 1088
2084 1089
2083 1089
2083 1091
2082 1091
2082 1094
2081 1094
2081 1095
2080 1095
2080 1096
2077 1096
2077 1097
2074 1097
2074 1098
2072 1098
2072 1099
2071 1099
2071 1100
2069 1100
2069 1101
2068 1101
2068 1102
2066 1102
2066 1103
2065 1103
2065 1104
2064 1104
2064 1106
2063 1106
2063 1108
2060 1108
2060 1109
2057 1109
2057 1110
2032 1110
2032 1112
2031 1112
2031 1117
2030 1117
2030 1118
2027 1118
2027 1119
2025 1119
2025 1121
2024 1121
2024 1122
2014 1122
2014 1128
2013 1128
2013 1132
2012 1132
2012 1133
2011 1133
2011 1136
2010 1136
2010 1138
2000 1138
2000 1150
2001 1150
2001 1163
2002 1163
2002 1164
2001 1164
2001 1165
1999 1165
1999 1166
1996 1166
1996 1173
1997 1173
1997 1175
1996 1175
1996 1176
1995 1176
1995 1177
1993 1177
1993 1178
1986 1178
1986 1179
1985 1179
1985 1180
1984 1180
1984 1181
1983 1181
1983 1182
1982 1182
1982 1183
1968 1183
1968 1184
1966 1184
1966 1185
1962 1185
1962 1186
1961 1186
1961 1189
1960 1189
1960 1193
1955 1193
1955 1192
1948 1192
1948 1191
1944 1191
1944 1190
1943 1190
1943 1189
1942 1189
1942 1188
1941 1188
1941 1187
1940 1187
1940 1186
1939 1186
1939 1184
1938 1184
1938 1179
1937 1179
1937 1177
1936 1177
1936 1174
1935 1174
1935 1172
1934 1172
1934 1167
1933 1167
1933 1162
1932 1162
1932 1159
1931 1159
1931 1157
1930 1157
1930 1156
1929 1156
1929 1153
1928 1153
1928 1152
1927 1152
1927 1150
1926 1150
1926 1148
1925 1148
1925 1147
1924 1147
1924 1146
1923 1146
1923 1145
1922 1145
1922 1144
1921 1144
1921 1142
1920 1142
1920 1141
1919 1141
1919 1140
1918 1140
1918 1139
1917 1139
1917 1138
1916 1138
1916 1137
1915 1137
1915 1136
1914 1136
1914 1135
1913 1135
1913 1133
1912 1133
1912 1132
1911 1132
1911 1130
1910 1130
1910 1126
1909 1126
1909 1119
1908 1119
1908 1108
1907 1108
1907 1097
1906 1097
1906 1088
1905 1088
1905 1087
1906 1087
1906 1082
1905 1082
1905 1066
1904 1066
1904 1054
1903 1054
1903 1049
1902 1049
1902 1044
1901 1044
1901 1040
1900 1040
1900 1038
1899 1038
1899 1037
1898 1037
1898 1036
1895 1036
1895 1035
1893 1035
1893 1034
1891 1034
1891 1033
1890 1033
1890 1032
1889 1032
1889 1031
1888 1031
1888 1030
1887 1030
1887 1029
1886 1029
1886 1026
1885 1026
1885 1024
1884 1024
1884 1019
1883 1019
1883 1018
1882 1018
1882 1016
1881 1016
1881 1015
1880 1015
1880 1014
1876 1014
1876 1015
1870 1015
1870 1022
1869 1022
1869 1025
1868 1025
1868 1027
1867 1027
1867 1029
1866 1029
1866 1030
1865 1030
1865 1031
1864 1031
1864 1032
1863 1032
1863 1033
1862 1033
1862 1035
1859 1035
1859 1036
1858 1036
1858 1037
1857 1037
1857 1038
1856 1038
1856 1039
1846 1039
1846 1038
1833 1038
1833 1037
1827 1037
1827 1038
1822 1038
1822 1037
1815 1037
1815 1038
1813 1038
1813 1039
1810 1039
1810 1040
1809 1040
1809 1041
1808 1041
1808 1042
1807 1042
1807 1043
1806 1043
1806 1045
1796 1045
1796 1046
1795 1046
1795 1047
1794 1047
1794 1048
1782 1048
1782 1053
1781 1053
1781 1057
1780 1057
1780 1058
1779 1058
1779 1059
1778 1059
1778 1060
1777 1060
1777 1061
1775 1061
1775 1062
1774 1062
1774 1063
1771 1063
1771 1064
1770 1064
1770 1065
1769 1065
1769 1066
1768 1066
1768 1067
1767 1067
1767 1068
1757 1068
1757 1067
1752 1067
1752 1066
1749 1066
1749 1065
1744 1065
1744 1064
1743 1064
1743 1065
1723 1065
1723 1064
1721 1064
1721 1063
1720 1063
1720 1062
1719 1062
1719 1061
1718 1061
1718 1060
1715 1060
1715 1059
1713 1059
1713 1060
1703 1060
1703 1059
1698 1059
1698 1058
1696 1058
1696 1057
1694 1057
1694 1056
1693 1056
1693 1055
1692 1055
1692 1054
1691 1054
1691 1053
1690 1053
1690 1052
1689 1052
1689 1048
1688 1048
1688 1043
1687 1043
1687 1040
1686 1040
1686 1034
1685 1034
1685 1029
1684 1029
1684 1025
1683 1025
1683 1020
1682 1020
1682 1018
1681 1018
1681 1015
1679 1015
1679 1014
1678 1014
1678 1013
1677 1013
1677 1011
1676 1011
1676 1010
1675 1010
1675 1008
1674 1008
1674 1007
1673 1007
1673 1006
1672 1006
1672 1005
1669 1005
1669 1004
1668 1004
1668 1002
1667 1002
1667 1001
1664 1001
1664 1000
1662 1000
1662 999
1660 999
1660 998
1659 998
1659 997
1658 997
1658 996
1657 996
1657 995
1656 995
1656 990
1655 990
1655 988
1654 988
1654 984
1653 984
1653 981
1652 981
1652 980
1650 980
1650 979
1647 979
1647 978
1646 978
1646 977
1644 977
1644 976
1643 976
1643 975
1642 975
1642 974
1641 974
1641 971
1640 971
1640 969
1639 969
1639 968
1638 968
1638 963
1637 963
1637 960
1636 960
1636 955
1635 955
1635 953
1634 953
1634 952
1631 952
1631 951
1628 951
1628 950
1627 950
1627 949
1626 949
1626 948
1625 948
1625 946
1624 946
1624 944
1623 944
1623 942
1622 942
1622 934
1621 934
1621 932
1620 932
1620 930
1619 930
1619 929
1618 929
1618 928
1617 928
1617 927
1616 927
1616 926
1614 926
1614 925
1613 925
1613 929
1614 929
1614 931
1613 931
1613 932
1612 932
1612 935
1611 935
1611 939
1610 939
1610 940
1609 940
1609 941
1608 941
1608 942
1607 942
1607 943
1606 943
1606 944
1605 944
1605 945
1599 945
1599 946
1597 946
1597 947
1596 947
1596 948
1595 948
1595 949
1591 949
1591 950
1585 950
1585 951
1584 951
1584 952
1583 952
1583 953
1579 953
1579 954
1578 954
1578 956
1577 956
1577 958
1576 958
1576 960
1575 960
1575 961
1574 961
1574 962
1573 962
1573 963
1572 963
1572 964
1571 964
1571 965
1566 965
1566 966
1565 966
1565 967
1564 967
1564 968
1562 968
1562 970
1561 970
1561 971
1559 971
1559 972
1557 972
1557 973
1555 973
1555 977
1554 977
1554 978
1553 978
1553 980
1552 980
1552 981
1551 981
1551 983
1550 983
1550 984
1548 984
1548 985
1545 985
1545 990
1544 990
1544 992
1543 992
1543 994
1542 994
1542 995
1541 995
1541 996
1540 996
1540 997
1539 997
1539 998
1538 998
1538 999
1537 999
1537 1001
1536 1001
1536 1002
1534 1002
1534 1004
1533 1004
1533 1005
1532 1005
1532 1006
1531 1006
1531 1007
1530 1007
1530 1008
1529 1008
1529 1009
1528 1009
1528 1010
1527 1010
1527 1011
1526 1011
1526 1012
1521 1012
1521 1013
1520 1013
1520 1015
1519 1015
1519 1016
1518 1016
1518 1017
1517 1017
1517 1018
1516 1018
1516 1019
1515 1019
1515 1020
1502 1020
1502 1021
1493 1021
1493 1022
1485 1022
1485 1023
1482 1023
1482 1024
1476 1024
1476 1025
1470 1025
1470 1026
1464 1026
1464 1025
1455 1025
1455 1024
1451 1024
1451 1023
1449 1023
1449 1022
1448 1022
1448 1021
1447 1021
1447 1015
1448 1015
1448 1008
1449 1008
1449 996
1448 996
1448 977
1447 977
1447 969
1446 969
1446 954
1445 954
1445 952
1444 952
1444 949
1443 949
1443 942
1442 942
1442 940
1441 940
1441 938
1440 938
1440 937
1439 937
1439 936
1438 936
1438 935
1437 935
1437 934
1436 934
1436 933
1435 933
1435 931
1434 931
1434 930
1433 930
1433 928
1432 928
1432 927
1431 927
1431 925
1430 925
1430 924
1429 924
1429 923
1428 923
1428 921
1427 921
1427 920
1426 920
1426 919
1425 919
1425 918
1424 918
1424 917
1423 917
1423 915
1422 915
1422 914
1421 914
1421 910
1415 910
1415 911
1414 911
1414 912
1405 912
1405 911
1400 911
1400 910
1399 910
1399 909
1398 909
1398 908
1397 908
1397 907
1392 907
1392 908
1382 908
1382 907
1380 907
1380 906
1377 906
1377 905
1375 905
1375 904
1374 904
1374 903
1372 903
1372 902
1369 902
1369 901
1365 901
1365 900
1363 900
1363 899
1362 899
1362 898
1361 898
1361 897
1356 897
1356 898
1351 898
1351 899
1341 899
1341 900
1330 900
1330 899
1327 899
1327 898
1322 898
1322 897
1318 897
1318 896
1316 896
1316 895
1315 895
1315 894
1314 894
1314 893
1313 893
1313 891
1312 891
1312 890
1311 890
1311 887
1310 887
1310 886
1308 886
1308 885
1302 885
1302 884
1293 884
1293 883
1292 883
1292 882
1289 882
1289 881
1284 881
1284 880
1281 880
1281 879
1280 879
1280 878
1278 878
1278 877
1277 877
1277 876
1275 876
1275 875
1274 875
1274 874
1273 874
1273 871
1271 871
1271 870
1269 870
1269 869
1267 869
1267 868
1266 868
1266 867
1265 867
1265 866
1263 866
1263 865
1262 865
1262 864
1261 864
1261 862
1260 862
1260 860
1259 860
1259 856
1258 856
1258 843
1257 843
1257 836
1256 836
1256 821
1255 821
1255 820
1254 820
1254 819
1253 819
1253 818
1251 818
1251 817
1250 817
1250 816
1248 816
1248 815
1247 815
1247 814
1243 814
1243 813
1242 813
1242 812
1239 812
1239 811
1236 811
1236 810
1235 810
1235 809
1234 809
1234 808
1233 808
1233 807
1232 807
1232 796
1226 796
1226 797
1223 797
1223 798
1220 798
1220 799
1215 799
1215 800
1212 800
1212 801
1209 801
1209 802
1203 802
1203 803
1193 803
1193 804
1192 804
1192 806
1191 806
1191 807
1190 807
1190 809
1189 809
1189 810
1188 810
1188 811
1187 811
1187 812
1186 812
1186 814
1185 814
1185 815
1184 815
1184 816
1183 816
1183 818
1182 818
1182 819
1181 819
1181 821
1180 821
1180 822
1179 822
1179 824
1178 824
1178 826
1177 826
1177 827
1175 827
1175 828
1172 828
1172 829
1167 829
1167 830
1165 830
1165 831
1163 831
1163 832
1160 832
1160 833
1156 833
1156 834
1153 834
1153 833
1148 833
1148 832
1138 832
1138 833
1136 833
1136 834
1133 834
1133 835
1129 835
1129 836
1126 836
1126 834
1125 834
1125 833
1124 833
1124 834
1122 834
1122 833
1120 833
1120 832
1119 832
1119 831
1118 831
1118 830
1117 830
1117 828
1116 828
1116 824
1115 824
1115 822
1113 822
1113 821
1112 821
1112 820
1111 820
1111 819
1110 819
1110 818
1108 818
1108 817
1107 817
1107 816
1105 816
1105 815
1104 815
1104 813
1103 813
1103 810
1102 810
1102 801
1101 801
1101 792
1102 792
1102 788
1101 788
1101 785
1100 785
1100 767
1099 767
1099 755
1098 755
1098 733
1097 733
1097 714
1096 714
1096 702
1095 702
1095 695
1094 695
1094 694
1091 694
1091 695
1089 695
1089 696
1088 696
1088 697
1087 697
1087 698
1086 698
1086 699
1085 699
1085 700
1080 700
1080 701
1069 701
1069 703
1068 703
1068 706
1067 706
1067 708
1066 708
1066 710
1065 710
1065 711
1064 711
1064 712
1063 712
1063 713
1062 713
1062 714
1056 714
1056 715
1055 715
1055 717
1054 717
1054 718
1053 718
1053 719
1052 719
1052 720
1050 720
1050 721
1045 721
1045 722
1042 722
1042 723
1041 723
1041 724
1040 724
1040 725
1038 725
1038 726
1023 726
1023 727
1022 727
1022 729
1021 729
1021 730
1020 730
1020 731
1019 731
1019 733
1018 733
1018 734
1017 734
1017 735
1011 735
1011 736
1002 736
1002 735
998 735
998 736
990 736
990 735
986 735
986 736
985 736
985 737
984 737
984 738
983 738
983 739
982 739
982 740
981 740
981 741
979 741
979 742
963 742
963 741
961 741
961 740
956 740
956 739
953 739
953 738
950 738
950 737
949 737
949 736
948 736
948 735
947 735
947 734
946 734
946 733
945 733
945 731
944 731
944 728
943 728
943 729
937 729
937 730
935 730
935 731
934 731
934 732
933 732
933 733
931 733
931 734
927 734
927 737
926 737
926 741
925 741
925 742
924 742
924 743
923 743
923 744
922 744
922 745
917 745
917 746
915 746
915 748
914 748
914 749
913 749
913 750
912 750
912 751
910 751
910 752
904 752
904 753
902 753
902 754
897 754
897 753
891 753
891 752
883 752
883 751
880 751
880 750
878 750
878 749
877 749
877 748
876 748
876 747
875 747
875 746
873 746
873 745
871 745
871 744
870 744
870 743
869 743
869 742
868 742
868 741
866 741
866 739
864 739
864 738
863 738
863 736
862 736
862 725
860 725
860 724
859 724
859 723
858 723
858 721
857 721
857 720
855 720
855 719
854 719
854 718
853 718
853 717
850 717
850 716
848 716
848 715
846 715
846 714
845 714
845 713
844 713
844 712
843 712
843 711
842 711
842 710
841 710
841 708
840 708
840 707
839 707
839 705
838 705
838 703
837 703
837 692
836 692
836 689
835 689
835 688
834 688
834 687
832 687
832 686
831 686
831 685
830 685
830 684
829 684
829 683
828 683
828 682
827 682
827 680
826 680
826 679
825 679
825 677
824 677
824 671
823 671
823 663
822 663
822 660
823 660
823 655
822 655
822 651
821 651
821 650
822 650
822 645
821 645
821 637
820 637
820 626
819 626
819 616
818 616
818 603
817 603
817 590
816 590
816 583
815 583
815 581
816 581
816 576
815 576
815 568
814 568
814 559
813 559
813 556
812 556
812 555
804 555
804 554
799 554
799 553
797 553
797 552
795 552
795 551
794 551
794 550
793 550
793 548
792 548
792 547
789 547
789 546
786 546
786 547
774 547
774 548
767 548
767 549
765 549
765 550
763 550
763 551
761 551
761 552
759 552
759 553
757 553
757 554
756 554
756 555
755 555
755 556
754 556
754 557
753 557
753 558
747 558
747 559
745 559
745 560
726 560
726 559
722 559
722 558
721 558
721 557
718 557
718 556
717 556
717 555
710 555
710 554
700 554
700 553
694 553
694 554
692 554
692 555
689 555
689 554
677 554
677 555
674 555
674 556
671 556
671 557
670 557
670 559
668 559
668 561
667 561
667 562
664 562
664 563
663 563
663 564
662 564
662 567
655 567
655 568
654 568
654 569
652 569
652 570
650 570
650 572
649 572
649 576
648 576
648 577
647 577
647 578
646 578
646 579
645 579
645 580
644 580
644 581
641 581
641 582
635 582
635 583
620 583
620 582
618 582
618 581
616 581
616 580
615 580
615 579
614 579
614 578
613 578
613 577
612 577
612 576
611 576
611 575
610 575
610 574
609 574
609 573
608 573
608 572
607 572
607 571
606 571
606 570
604 570
604 569
603 569
603 568
602 568
602 565
603 565
603 564
604 564
604 565
603 565
603 568
604 568
604 569
606 569
606 570
607 570
607 571
608 571
608 572
609 572
609 573
610 573
610 574
611 574
611 575
612 575
612 576
613 576
613 577
614 577
614 578
615 578
615 579
616 579
616 580
618 580
618 581
620 581
620 582
635 582
635 581
641 581
641 580
644 580
644 579
645 579
645 578
646 578
646 577
647 577
647 576
648 576
648 572
649 572
649 570
650 570
650 569
652 569
652 568
654 568
654 567
655 567
655 566
661 566
661 564
662 564
662 563
663 563
663 562
664 562
664 561
667 561
667 559
668 559
668 558
669 558
669 557
670 557
670 556
671 556
671 555
674 555
674 554
677 554
677 553
689 553
689 554
692 554
692 553
694 553
694 552
700 552
700 553
710 553
710 554
717 554
717 555
718 555
718 556
721 556
721 557
722 557
722 558
726 558
726 559
745 559
745 558
747 558
747 557
753 557
753 556
754 556
754 555
755 555
755 554
756 554
756 553
757 553
757 552
759 552
759 551
761 551
761 550
763 550
763 549
765 549
765 548
767 548
767 547
774 547
774 546
786 546
786 545
789 545
789 546
792 546
792 547
793 547
793 548
794 548
794 550
795 550
795 551
797 551
797 552
799 552
799 553
804 553
804 554
812 554
812 555
813 555
813 556
814 556
814 559
815 559
815 568
816 568
816 576
817 576
817 581
816 581
816 583
817 583
817 590
818 590
818 603
819 603
819 616
820 616
820 626
821 626
821 637
822 637
822 645
823 645
823 650
822 650
822 651
823 651
823 655
824 655
824 660
823 660
823 663
824 663
824 671
825 671
825 677
826 677
826 679
827 679
827 680
828 680
828 682
829 682
829 683
830 683
830 684
831 684
831 685
832 685
832 686
834 686
834 687
835 687
835 688
836 688
836 689
837 689
837 692
838 692
838 703
839 703
839 705
840 705
840 707
841 707
841 708
842 708
842 710
843 710
843 711
844 711
844 712
845 712
845 713
846 713
846 714
848 714
848 715
850 715
850 716
853 716
853 717
854 717
854 718
855 718
855 719
857 719
857 720
859 720
859 723
860 723
860 724
862 724
862 725
863 725
863 736
864 736
864 738
866 738
866 739
867 739
867 740
868 740
868 741
869 741
869 742
870 742
870 743
871 743
871 744
873 744
873 745
875 745
875 746
876 746
876 747
877 747
877 748
878 748
878 749
880 749
880 750
883 750
883 751
891 751
891 752
897 752
897 753
902 753
902 752
904 752
904 751
910 751
910 750
912 750
912 749
913 749
913 748
914 748
914 746
915 746
915 745
917 745
917 744
922 744
922 743
923 743
923 742
924 742
924 741
925 741
925 737
926 737
926 734
927 734
927 733
931 733
931 732
933 732
933 731
934 731
934 730
935 730
935 729
937 729
937 728
943 728
943 727
944 727
944 728
945 728
945 731
946 731
946 733
947 733
947 734
948 734
948 735
949 735
949 736
950 736
950 737
953 737
953 738
956 738
956 739
961 739
961 740
963 740
963 741
979 741
979 740
981 740
981 739
982 739
982 738
983 738
983 737
984 737
984 736
985 736
985 735
986 735
986 734
990 734
990 735
998 735
998 734
1002 734
1002 735
1011 735
1011 734
1017 734
1017 733
1018 733
1018 731
1019 731
1019 730
1020 730
1020 729
1021 729
1021 727
1022 727
1022 726
1023 726
1023 725
1038 725
1038 724
1040 724
1040 723
1041 723
1041 722
1042 722
1042 721
1045 721
1045 720
1050 720
1050 719
1052 719
1052 718
1053 718
1053 717
1054 717
1054 715
1055 715
1055 714
1056 714
1056 713
1062 713
1062 712
1063 712
1063 711
1064 711
1064 710
1065 710
1065 708
1066 708
1066 706
1067 706
1067 703
1068 703
1068 701
1069 701
1069 700
1080 700
1080 699
1085 699
1085 698
1086 698
1086 697
1087 697
1087 696
1088 696
1088 695
1089 695
1089 694
1091 694
1091 693
1094 693
1094 694
1095 694
1095 695
1096 695
1096 702
1097 702
1097 714
1098 714
1098 733
1099 733
1099 755
1100 755
1100 767
1101 767
1101 785
1102 785
1102 788
1103 788
1103 792
1102 792
1102 801
1103 801
1103 810
1104 810
1104 813
1105 813
1105 815
1107 815
1107 816
1108 816
1108 817
1110 817
1110 818
1111 818
1111 819
1112 819
1112 820
1113 820
1113 821
1115 821
1115 822
1116 822
1116 824
1117 824
1117 828
1118 828
1118 830
1119 830
1119 831
1120 831
1120 832
1122 832
1122 833
1124 833
1124 832
1125 832
1125 833
1126 833
1126 834
1127 834
1127 835
1129 835
1129 834
1133 834
1133 833
1136 833
1136 832
1138 832
1138 831
1148 831
1148 832
1153 832
1153 833
1156 833
1156 832
1160 832
1160 831
1163 831
1163 830
1165 830
1165 829
1167 829
1167 828
1172 828
1172 827
1175 827
1175 826
1177 826
1177 824
1178 824
1178 822
1179 822
1179 821
1180 821
1180 819
1181 819
1181 818
1182 818
1182 816
1183 816
1183 815
1184 815
1184 814
1185 814
1185 812
1186 812
1186 811
1187 811
1187 810
1188 810
1188 809
1189 809
1189 807
1190 807
1190 806
1191 806
1191 804
1192 804
1192 803
1193 803
1193 802
1203 802
1203 801
1209 801
1209 800
1212 800
1212 799
1215 799
1215 798
1220 798
1220 797
1223 797
1223 796
1226 796
1226 795
1233 795
1233 807
1234 807
1234 808
1235 808
1235 809
1236 809
1236 810
1239 810
1239 811
1242 811
1242 812
1243 812
1243 813
1247 813
1247 814
1248 814
1248 815
1250 815
1250 816
1251 816
1251 817
1253 817
1253 818
1254 818
1254 819
1255 819
1255 820
1256 820
1256 821
1257 821
1257 836
1258 836
1258 843
1259 843
1259 856
1260 856
1260 860
1261 860
1261 862
1262 862
1262 864
1263 864
1263 865
1265 865
1265 866
1266 866
1266 867
1267 867
1267 868
1269 868
1269 869
1271 869
1271 870
1273 870
1273 871
1274 871
1274 874
1275 874
1275 875
1277 875
1277 876
1278 876
1278 877
1280 877
1280 878
1281 878
1281 879
1284 879
1284 880
1289 880
1289 881
1292 881
1292 882
1293 882
1293 883
1302 883
1302 884
1308 884
1308 885
1310 885
1310 886
1311 886
1311 887
1312 887
1312 890
1313 890
1313 891
1314 891
1314 893
1315 893
1315 894
1316 894
1316 895
1318 895
1318 896
1322 896
1322 897
1327 897
1327 898
1330 898
1330 899
1341 899
1341 898
1351 898
1351 897
1356 897
1356 896
1361 896
1361 897
1362 897
1362 898
1363 898
1363 899
1365 899
1365 900
1369 900
1369 901
1372 901
1372 902
1374 902
1374 903
1375 903
1375 904
1377 904
1377 905
1380 905
1380 906
1382 906
1382 907
1392 907
1392 906
1397 906
1397 907
1398 907
1398 908
1399 908
1399 909
1400 909
1400 910
1405 910
1405 911
1414 911
1414 910
1415 910
1415 909
1421 909
1421 910
1422 910
1422 914
1423 914
1423 915
1424 915
1424 917
1425 917
1425 918
1426 918
1426 919
1427 919
1427 920
1428 920
1428 921
1429 921
1429 923
1430 923
1430 924
1431 924
1431 925
1432 925
1432 927
1433 927
1433 928
1434 928
1434 930
1435 930
1435 931
1436 931
1436 933
1437 933
1437 934
1438 934
1438 935
1439 935
1439 936
1440 936
1440 937
1441 937
1441 938
1442 938
1442 940
1443 940
1443 942
1444 942
1444 949
1445 949
1445 952
1446 952
1446 954
1447 954
1447 969
1448 969
1448 977
1449 977
1449 996
1450 996
1450 1008
1449 1008
1449 1015
1448 1015
1448 1021
1449 1021
1449 1022
1451 1022
1451 1023
1455 1023
1455 1024
1464 1024
1464 1025
1470 1025
1470 1024
1476 1024
1476 1023
1482 1023
1482 1022
1485 1022
1485 1021
1493 1021
1493 1020
1502 1020
1502 1019
1515 1019
1515 1018
1516 1018
1516 1017
1517 1017
1517 1016
1518 1016
1518 1015
1519 1015
1519 1013
1520 1013
1520 1012
1521 1012
1521 1011
1526 1011
1526 1010
1527 1010
1527 1009
1528 1009
1528 1008
1529 1008
1529 1007
1530 1007
1530 1006
1531 1006
1531 1005
1532 1005
1532 1004
1533 1004
1533 1002
1534 1002
1534 1001
1536 1001
1536 999
1537 999
1537 998
1538 998
1538 997
1539 997
1539 996
1540 996
1540 995
1541 995
1541 994
1542 994
1542 992
1543 992
1543 990
1544 990
1544 985
1545 985
1545 984
1548 984
1548 983
1550 983
1550 981
1551 981
1551 980
1552 980
1552 978
1553 978
1553 977
1554 977
1554 973
1555 973
1555 972
1557 972
1557 971
1559 971
1559 970
1561 970
1561 968
1562 968
1562 967
1564 967
1564 966
1565 966
1565 965
1566 965
1566 964
1571 964
1571 963
1572 963
1572 962
1573 962
1573 961
1574 961
1574 960
1575 960
1575 958
1576 958
1576 956
1577 956
1577 954
1578 954
1578 953
1579 953
1579 952
1583 952
1583 951
1584 951
1584 950
1585 950
1585 949
1591 949
1591 948
1595 948
1595 947
1596 947
1596 946
1597 946
1597 945
1599 945
1599 944
1605 944
1605 943
1606 943
1606 942
1607 942
1607 941
1608 941
1608 940
1609 940
1609 939
1610 939
1610 935
1611 935
1611 932
1612 932
1612 931
1613 931
1613 929
1612 929
1612 924
1614 924
1614 925
1616 925
1616 926
1617 926
1617 927
1618 927
1618 928
1619 928
1619 929
1620 929
1620 930
1621 930
1621 932
1622 932
1622 934
1623 934
1623 942
1624 942
1624 944
1625 944
1625 946
1626 946
1626 948
1627 948
1627 949
1628 949
1628 950
1631 950
1631 951
1634 951
1634 952
1635 952
1635 953
1636 953
1636 955
1637 955
1637 960
1638 960
1638 963
1639 963
1639 968
1640 968
1640 969
1641 969
1641 971
1642 971
1642 974
1643 974
1643 975
1644 975
1644 976
1646 976
1646 977
1647 977
1647 978
1650 978
1650 979
1652 979
1652 980
1653 980
1653 981
1654 981
1654 984
1655 984
1655 988
1656 988
1656 990
1657 990
1657 995
1658 995
1658 996
1659 996
1659 997
1660 997
1660 998
1662 998
1662 999
1664 999
1664 1000
1667 1000
1667 1001
1668 1001
1668 1002
1669 1002
1669 1004
1672 1004
1672 1005
1673 1005
1673 1006
1674 1006
1674 1007
1675 1007
1675 1008
1676 1008
1676 1010
1677 1010
1677 1011
1678 1011
1678 1013
1679 1013
1679 1014
1681 1014
1681 1015
1682 1015
1682 1018
1683 1018
1683 1020
1684 1020
1684 1025
1685 1025
1685 1029
1686 1029
1686 1034
1687 1034
1687 1040
1688 1040
1688 1043
1689 1043
1689 1048
1690 1048
1690 1052
1691 1052
1691 1053
1692 1053
1692 1054
1693 1054
1693 1055
1694 1055
1694 1056
1696 1056
1696 1057
1698 1057
1698 1058
1703 1058
1703 1059
1713 1059
1713 1058
1715 1058
1715 1059
1718 1059
1718 1060
1719 1060
1719 1061
1720 1061
1720 1062
1721 1062
1721 1063
1723 1063
1723 1064
1743 1064
1743 1063
1744 1063
1744 1064
1749 1064
1749 1065
1752 1065
1752 1066
1757 1066
1757 1067
1767 1067
1767 1066
1768 1066
1768 1065
1769 1065
1769 1064
1770 1064
1770 1063
1771 1063
1771 1062
1774 1062
1774 1061
1775 1061
1775 1060
1777 1060
1777 1059
1778 1059
1778 1058
1779 1058
1779 1057
1780 1057
1780 1053
1781 1053
1781 1048
1782 1048
1782 1047
1794 1047
1794 1046
1795 1046
1795 1045
1796 1045
1796 1044
1805 1044
1805 1043
1806 1043
1806 1042
1807 1042
1807 1041
1808 1041
1808 1040
1809 1040
1809 1039
1810 1039
1810 1038
1813 1038
1813 1037
1815 1037
1815 1036
1822 1036
1822 1037
1827 1037
1827 1036
1833 1036
1833 1037
1846 1037
1846 1038
1856 1038
1856 1037
1857 1037
1857 1036
1858 1036
1858 1035
1859 1035
1859 1034
1861 1034
1861 1033
1862 1033
1862 1032
1863 1032
1863 1031
1864 1031
1864 1030
1865 1030
1865 1029
1866 1029
1866 1027
1867 1027
1867 1025
1868 1025
1868 1022
1869 1022
1869 1015
1870 1015
1870 1014
1876 1014
1876 1013
1880 1013
1880 1014
1881 1014
1881 1015
1882 1015
1882 1016
1883 1016
1883 1018
1884 1018
1884 1019
1885 1019
1885 1024
1886 1024
1886 1026
1887 1026
1887 1029
1888 1029
1888 1030
1889 1030
1889 1031
1890 1031
1890 1032
1891 1032
1891 1033
1893 1033
1893 1034
1895 1034
1895 1035
1898 1035
1898 1036
1899 1036
1899 1037
1900 1037
1900 1038
1901 1038
1901 1040
1902 1040
1902 1044
1903 1044
1903 1049
1904 1049
1904 1054
1905 1054
1905 1066
1906 1066
1906 1082
1907 1082
1907 1087
1906 1087
1906 1088
1907 1088
1907 1097
1908 1097
1908 1108
1909 1108
1909 1119
1910 1119
1910 1126
1911 1126
1911 1130
1912 1130
1912 1132
1913 1132
1913 1133
1914 1133
1914 1135
1915 1135
1915 1136
1916 1136
1916 1137
1917 1137
1917 1138
1918 1138
1918 1139
1919 1139
1919 1140
1920 1140
1920 1141
1921 1141
1921 1142
1922 1142
1922 1144
1923 1144
1923 1145
1924 1145
1924 1146
1925 1146
1925 1147
1926 1147
1926 1148
1927 1148
1927 1150
1928 1150
1928 1152
1929 1152
1929 1153
1930 1153
1930 1156
1931 1156
1931 1157
1932 1157
1932 1159
1933 1159
1933 1162
1934 1162
1934 1167
1935 1167
1935 1172
1936 1172
1936 1174
1937 1174
1937 1177
1938 1177
1938 1179
1939 1179
1939 1184
1940 1184
1940 1186
1941 1186
1941 1187
1942 1187
1942 1188
1943 1188
1943 1189
1944 1189
1944 1190
1948 1190
1948 1191
1955 1191
1955 1192
1959 1192
1959 1189
1960 1189
1960 1186
1961 1186
1961 1185
1962 1185
1962 1184
1966 1184
1966 1183
1968 1183
1968 1182
1982 1182
1982 1181
1983 1181
1983 1180
1984 1180
1984 1179
1985 1179
1985 1178
1986 1178
1986 1177
1993 1177
1993 1176
1995 1176
1995 1175
1996 1175
1996 1173
1995 1173
1995 1166
1996 1166
1996 1165
1999 1165
1999 1164
2001 1164
2001 1163
2000 1163
2000 1150
1999 1150
1999 1137
2009 1137
2009 1136
2010 1136
2010 1132
2012 1132
2012 1128
2013 1128
2013 1121
2024 1121
2024 1119
2025 1119
2025 1118
2027 1118
2027 1117
2030 1117
2030 1112
2031 1112
2031 1109
2057 1109
2057 1108
2060 1108
2060 1107
2062 1107
2062 1106
2063 1106
2063 1104
2064 1104
2064 1103
2065 1103
2065 1102
2066 1102
2066 1101
2068 1101
2068 1100
2069 1100
2069 1099
2071 1099
2071 1098
2072 1098
2072 1097
2074 1097
2074 1096
2077 1096
2077 1095
2080 1095
2080 1094
2081 1094
2081 1091
2082 1091
2082 1089
2083 1089
2083 1088
2084 1088
2084 1082
2085 1082
2085 1081
2086 1081
2086 1080
2087 1080
2087 1079
2090 1079
2090 1078
2099 1078
2099 1077
2100 1077
2100 1076
2101 1076
2101 1075
2102 1075
2102 1074
2105 1074
2105 1073
2106 1073
2106 1074
2110 1074
2110 1075
2113 1075
2113 1074
2114 1074
2114 1075
2116 1075
2116 1076
2121 1076
2121 1073
2122 1073
2122 1071
2123 1071
2123 1070
2124 1070
2124 1067
2125 1067
2125 1066
2126 1066
2126 1055
2127 1055
2127 1047
2126 1047
2126 1041
2127 1041
2127 1027
2126 1027
2126 1021
2125 1021
2125 1019
2126 1019
2126 1018
2127 1018
2127 1017
2129 1017
2129 1016
2133 1016
2133 1015
2148 1015
2148 1014
2150 1014
2150 1009
2149 1009
2149 1003
2148 1003
2148 1001
2147 1001
2147 995
2150 995
2150 994
2156 994
2156 995
2162 995
2162 994
2168 994
2168 993
2169 993
2169 992
2172 992
2172 991
2177 991
2177 992
2179 992
2179 993
2182 993
2182 994
2184 994
2184 995
2185 995
2185 996
2187 996
2187 997
2189 997
2189 998
2190 998
2190 1000
2191 1000
2191 1001
2192 1001
2192 1002
2194 1002
2194 1003
2196 1003
2196 1004
2198 1004
2198 1005
2201 1005
2201 1006
2204 1006
2204 1007
2218 1007
2218 1008
2219 1008
2219 1009
2222 1009
2222 1010
2224 1010
2224 1012
2225 1012
2225 1013
2227 1013
2227 1014
2229 1014
2229 1015
2230 1015
2230 1016
2231 1016
2231 1017
2233 1017
2233 1018
2235 1018
2235 1019
2236 1019
2236 1020
2237 1020
2237 1021
2240 1021
2240 1022
2241 1022
2241 1023
2243 1023
2243 1024
2244 1024
2244 1025
2245 1025
2245 1026
2246 1026
2246 1027
2247 1027
2247 1028
2248 1028
2248 1029
2249 1029
2249 1031
2250 1031
2250 1036
2251 1036
2251 1046
2252 1046
2252 1048
2253 1048
2253 1049
2254 1049
2254 1050
2255 1050
2255 1051
2256 1051
2256 1052
2257 1052
2257 1055
2258 1055
2258 1057
2259 1057
2259 1059
2260 1059
2260 1060
2261 1060
2261 1061
2262 1061
2262 1062
2263 1062
2263 1063
2264 1063
2264 1064
2265 1064
2265 1065
2266 1065
2266 1068
2267 1068
2267 1069
2269 1069
2269 1070
2270 1070
2270 1071
2271 1071
2271 1072
2272 1072
2272 1074
2273 1074
2273 1075
2274 1075
2274 1077
2275 1077
2275 1078
2276 1078
2276 1081
2277 1081
2277 1083
2278 1083
2278 1085
2279 1085
2279 1086
2280 1086
2280 1088
2281 1088
2281 1090
2282 1090
2282 1092
2283 1092
2283 1094
2284 1094
2284 1095
2285 1095
2285 1097
2286 1097
2286 1099
2287 1099
2287 1102
2288 1102
2288 1111
2289 1111
2289 1113
2290 1113
2290 1114
2291 1114
2291 1116
2292 1116
2292 1117
2293 1117
2293 1118
2294 1118
2294 1119
2295 1119
2295 1120
2296 1120
2296 1121
2297 1121
2297 1122
2298 1122
2298 1124
2299 1124
2299 1127
2300 1127
2300 1129
2301 1129
2301 1131
2302 1131
2302 1134
2303 1134
2303 1144
2304 1144
2304 1149
2305 1149
2305 1151
2306 1151
2306 1154
2307 1154
2307 1156
2308 1156
2308 1158
2309 1158
2309 1159
2310 1159
2310 1162
2311 1162
2311 1163
2312 1163
2312 1165
2313 1165
2313 1168
2314 1168
2314 1170
2315 1170
2315 1171
2316 1171
2316 1173
2317 1173
2317 1174
2318 1174
2318 1176
2319 1176
2319 1177
2320 1177
2320 1179
2321 1179
2321 1180
2322 1180
2322 1181
2323 1181
2323 1182
2324 1182
2324 1183
2326 1183
2326 1184
2328 1184
2328 1185
2329 1185
2329 1186
2331 1186
2331 1187
2332 1187
2332 1188
2336 1188
2336 1189
2340 1189
2340 1188
2341 1188
2341 1172
2342 1172
2342 1168
2343 1168
2343 1165
2344 1165
2344 1160
2345 1160
2345 1156
2346 1156
2346 1151
2347 1151
2347 1148
2348 1148
2348 1140
2349 1140
2349 1115
2354 1115
2354 1114
2357 1114
2357 1113
2358 1113
2358 1112
2359 1112
2359 1106
2360 1106
2360 1102
2361 1102
2361 1098
2362 1098
2362 1090
2363 1090
2363 1073
2362 1073
2362 1046
2363 1046
2363 1045
2364 1045
2364 1044
2366 1044
2366 1043
2371 1043
2371 1044
2372 1044
2372 1045
2373 1045
2373 1047
2375 1047
2375 1048
2382 1048
2382 1047
2383 1047
2383 1046
2386 1046
2386 1040
2385 1040
2385 1036
2384 1036
2384 1034
2383 1034
2383 1029
2382 1029
2382 1024
2383 1024
2383 1023
2406 1023
2406 1024
2411 1024
2411 1025
2416 1025
2416 1026
2428 1026
2428 1024
2429 1024
2429 1023
2430 1023
2430 1021
2431 1021
2431 1019
2440 1019
2440 1020
2447 1020
2447 1021
2448 1021
2448 1022
2450 1022
2450 1023
2451 1023
2451 1024
2452 1024
2452 1025
2453 1025
2453 1027
2454 1027
2454 1028
2455 1028
2455 1029
2456 1029
2456 1030
2457 1030
2457 1031
2458 1031
2458 1033
2459 1033
2459 1034
2460 1034
2460 1035
2461 1035
2461 1036
2462 1036
2462 1037
2463 1037
2463 1039
2464 1039
2464 1041
2465 1041
2465 1043
2466 1043
2466 1044
2467 1044
2467 1046
2468 1046
2468 1047
2469 1047
2469 1049
2470 1049
2470 1050
2471 1050
2471 1051
2472 1051
2472 1053
2473 1053
2473 1054
2474 1054
2474 1057
2475 1057
2475 1060
2476 1060
2476 1062
2477 1062
2477 1066
2478 1066
2478 1074
2479 1074
2479 1080
2480 1080
2480 1083
2481 1083
2481 1096
2482 1096
2482 1098
2483 1098
2483 1105
2484 1105
2484 1112
2485 1112
2485 1117
2486 1117
2486 1120
2487 1120
2487 1121
2488 1121
2488 1123
2489 1123
2489 1124
2490 1124
2490 1126
2491 1126
2491 1127
2492 1127
2492 1128
2493 1128
2493 1129
2494 1129
2494 1131
2498 1131
2498 1130
2510 1130
2510 1131
2511 1131
2511 1132
2518 1132
2518 1131
2524 1131
2524 1132
2530 1132
2530 1133
2532 1133
2532 1132
2535 1132
2535 1131
2537 1131
2537 1130
2539 1130
2539 1129
2543 1129
2543 1128
2545 1128
2545 1126
2546 1126
2546 1125
2547 1125
2547 1123
2548 1123
2548 1122
2549 1122
2549 1117
2550 1117
2550 1114
2551 1114
2551 1104
2552 1104
2552 1090
2553 1090
2553 1084
2554 1084
2554 1081
2555 1081
2555 1076
2556 1076
2556 1074
2557 1074
2557 1066
2558 1066
2558 1062
2559 1062
2559 1055
2560 1055
2560 1051
2561 1051
2561 1036
2562 1036
2562 1028
2563 1028
2563 1023
2564 1023
2564 1019
2565 1019
2565 1015
2566 1015
2566 1010
2567 1010
2567 1009
2568 1009
2568 1008
2572 1008
2572 1007
2573 1007
2573 1006
2575 1006
2575 1005
2576 1005
2576 1004
2578 1004
2578 1003
2579 1003
2579 1002
2580 1002
2580 1001
2581 1001
2581 1000
2582 1000
2582 999
2583 999
2583 995
2584 995
2584 990
2585 990
2585 982
2586 982
2586 952
2587 952
2587 943
2588 943
2588 932
2589 932
2589 915
2590 915
2590 905
2591 905
2591 894
2592 894
2592 886
2593 886
2593 879
2592 879
2592 876
2593 876
2593 875
2600 875
2600 876
2604 876
2604 877
2606 877
2606 878
2609 878
2609 879
2611 879
2611 880
2616 880
2616 881
2617 881
2617 882
2619 882
2619 883
2620 883
2620 884
2622 884
2622 885
2623 885
2623 886
2626 886
2626 887
2633 887
2633 888
2635 888
2635 889
2636 889
2636 890
2637 890
2637 891
2638 891
2638 893
2639 893
2639 895
2640 895
2640 896
2641 896
2641 897
2645 897
2645 898
2652 898
2652 899
2655 899
2655 900
2658 900
2658 901
2659 901
2659 902
2660 902
2660 903
2661 903
2661 904
2662 904
2662 911
2663 911
2663 915
2664 915
2664 916
2665 916
2665 917
2666 917
2666 918
2667 918
2667 919
2668 919
2668 920
2669 920
2669 921
2670 921
2670 922
2672 922
2672 923
2673 923
2673 924
2674 924
2674 925
2675 925
2675 926
2676 926
2676 927
2679 927
2679 928
2680 928
2680 929
2681 929
2681 930
2682 930
2682 931
2683 931
2683 932
2684 932
2684 937
2685 937
2685 940
2686 940
2686 943
2687 943
2687 945
2688 945
2688 947
2689 947
2689 948
2690 948
2690 949
2691 949
2691 950
2692 950
2692 951
2693 951
2693 952
2694 952
2694 953
2696 953
2696 954
2697 954
2697 955
2698 955
2698 956
2699 956
2699 957
2700 957
2700 959
2701 959
2701 960
2702 960
2702 961
2704 961
2704 962
2705 962
2705 963
2707 963
2707 964
2708 964
2708 965
2710 965
2710 966
2712 966
2712 967
2713 967
2713 968
2714 968
2714 969
2715 969
2715 970
2718 970
2718 972
2719 972
2719 974
2720 974
2720 975
2721 975
