1251 823
1252 823
1252 824
1254 824
1254 826
1255 826
1255 831
1256 831
1256 833
1257 833
1257 834
1258 834
1258 836
1259 836
1259 837
1261 837
1261 838
1262 838
1262 839
1264 839
1264 840
1265 840
1265 841
1266 841
1266 842
1267 842
1267 843
1268 843
1268 844
1269 844
1269 845
1270 845
1270 846
1271 846
1271 847
1273 847
1273 848
1275 848
1275 849
1276 849
1276 850
1278 850
1278 851
1279 851
1279 852
1280 852
1280 853
1281 853
1281 883
1282 883
1282 887
1283 887
1283 890
1284 890
1284 891
1285 891
1285 893
1286 893
1286 894
1287 894
1287 895
1288 895
1288 896
1290 896
1290 897
1291 897
1291 898
1293 898
1293 899
1294 899
1294 900
1296 900
1296 901
1297 901
1297 902
1298 902
1298 904
1299 904
1299 906
1300 906
1300 907
1301 907
1301 909
1302 909
1302 910
1303 910
1303 911
1305 911
1305 912
1309 912
1309 913
1317 913
1317 912
1328 912
1328 911
1332 911
1332 910
1334 910
1334 909
1342 909
1342 908
1344 908
1344 907
1346 907
1346 908
1351 908
1351 909
1352 909
1352 910
1353 910
1353 911
1354 911
1354 914
1355 914
1355 915
1362 915
1362 916
1373 916
1373 917
1400 917
1400 916
1417 916
1417 918
1418 918
1418 919
1419 919
1419 921
1420 921
1420 922
1423 922
1423 923
1426 923
1426 924
1428 924
1428 925
1434 925
1434 924
1443 924
1443 925
1444 925
1444 926
1445 926
1445 927
1446 927
1446 928
1447 928
1447 930
1448 930
1448 932
1449 932
1449 934
1450 934
1450 935
1451 935
1451 936
1454 936
1454 937
1457 937
1457 938
1461 938
1461 939
1464 939
1464 940
1470 940
1470 941
1473 941
1473 942
1479 942
1479 941
1490 941
1490 940
1494 940
1494 939
1496 939
1496 938
1497 938
1497 937
1498 937
1498 936
1504 936
1504 935
1507 935
1507 934
1518 934
1518 933
1520 933
1520 932
1522 932
1522 931
1531 931
1531 930
1534 930
1534 929
1542 929
1542 928
1544 928
1544 927
1545 927
1545 926
1547 926
1547 924
1548 924
1548 923
1549 923
1549 922
1551 922
1551 921
1552 921
1552 920
1553 920
1553 919
1557 919
1557 918
1564 918
1564 917
1568 917
1568 916
1578 916
1578 915
1584 915
1584 914
1590 914
1590 913
1592 913
1592 912
1594 912
1594 911
1595 911
1595 909
1596 909
1596 907
1597 907
1597 906
1598 906
1598 905
1599 905
1599 904
1601 904
1601 903
1602 903
1602 902
1604 902
1604 898
1603 898
1603 892
1602 892
1602 890
1603 890
1603 889
1604 889
1604 888
1605 888
1605 887
1608 887
1608 886
1612 886
1612 885
1619 885
1619 884
1624 884
1624 885
1629 885
1629 886
1631 886
1631 887
1632 887
1632 888
1633 888
1633 889
1634 889
1634 902
1635 902
1635 905
1636 905
1636 908
1637 908
1637 909
1638 909
1638 910
1639 910
1639 911
1640 911
1640 912
1641 912
1641 913
1642 913
1642 914
1643 914
1643 915
1644 915
1644 917
1645 917
1645 918
1646 918
1646 921
1647 921
1647 923
1648 923
1648 925
1649 925
1649 927
1650 927
1650 929
1651 929
1651 932
1652 932
1652 933
1653 933
1653 936
1654 936
1654 943
1655 943
1655 947
1656 947
1656 950
1657 950
1657 956
1658 956
1658 964
1659 964
1659 965
1660 965
1660 966
1661 966
1661 968
1662 968
1662 977
1663 977
1663 979
1664 979
1664 980
1665 980
1665 982
1666 982
1666 984
1668 984
1668 985
1671 985
1671 984
1672 984
1672 983
1673 983
1673 982
1674 982
1674 981
1675 981
1675 980
1677 980
1677 979
1678 979
1678 978
1679 978
1679 977
1681 977
1681 975
1682 975
1682 974
1683 974
1683 973
1684 973
1684 972
1685 972
1685 971
1687 971
1687 970
1688 970
1688 966
1687 966
1687 959
1686 959
1686 951
1687 951
1687 950
1688 950
1688 949
1689 949
1689 948
1690 948
1690 946
1691 946
1691 945
1692 945
1692 944
1694 944
1694 943
1699 943
1699 942
1700 942
1700 940
1701 940
1701 939
1702 939
1702 938
1709 938
1709 937
1715 937
1715 936
1732 936
1732 937
1742 937
1742 938
1750 938
1750 939
1753 939
1753 940
1754 940
1754 941
1755 941
1755 942
1757 942
1757 943
1760 943
1760 944
1761 944
1761 945
1762 945
1762 946
1763 946
1763 947
1764 947
1764 948
1765 948
1765 949
1767 949
1767 950
1775 950
1775 951
1776 951
1776 952
1777 952
1777 955
1778 955
1778 956
1779 956
1779 957
1780 957
1780 958
1787 958
1787 957
1789 957
1789 956
1790 956
1790 955
1791 955
1791 954
1792 954
1792 953
1793 953
1793 952
1795 952
1795 951
1797 951
1797 950
1809 950
1809 949
1813 949
1813 948
1815 948
1815 947
1820 947
1820 946
1821 946
1821 942
1822 942
1822 941
1823 941
1823 940
1824 940
1824 938
1825 938
1825 937
1826 937
1826 934
1827 934
1827 932
1828 932
1828 923
1829 923
1829 914
1830 914
1830 912
1831 912
1831 898
1832 898
1832 894
1833 894
1833 889
1834 889
1834 880
1835 880
1835 878
1836 878
1836 872
1838 872
1838 871
1848 871
1848 870
1854 870
1854 871
1861 871
1861 872
1863 872
1863 873
1864 873
1864 874
1873 874
1873 875
1875 875
1875 876
1880 876
1880 877
1884 877
1884 878
1887 878
1887 879
1889 879
1889 880
1890 880
1890 881
1891 881
1891 882
1893 882
1893 883
1896 883
1896 884
1900 884
1900 885
1901 885
1901 887
1902 887
1902 892
1903 892
1903 893
1904 893
1904 894
1905 894
1905 895
1906 895
1906 896
1907 896
1907 897
1908 897
1908 898
1909 898
1909 899
1915 899
1915 900
1918 900
1918 901
1920 901
1920 902
1931 902
1931 903
1933 903
1933 904
1937 904
1937 905
1943 905
1943 906
1947 906
1947 907
1948 907
1948 908
1957 908
1957 909
1958 909
1958 910
1959 910
1959 911
1960 911
1960 912
1961 912
1961 913
1962 913
1962 914
1964 914
1964 915
1968 915
1968 916
1970 916
1970 917
1984 917
1984 918
1991 918
1991 919
1995 919
1995 920
1997 920
1997 921
1998 921
1998 922
1999 922
1999 923
2001 923
2001 924
2002 924
2002 925
2003 925
2003 926
2005 926
2005 927
2018 927
2018 928
2020 928
2020 929
2023 929
2023 930
2024 930
2024 931
2025 931
2025 932
2029 932
2029 933
2030 933
2030 934
2035 934
2035 935
2038 935
2038 936
2043 936
2043 937
2045 937
2045 938
2046 938
2046 939
2047 939
2047 940
2048 940
2048 941
2050 941
2050 942
2051 942
2051 943
2054 943
2054 944
2059 944
2059 945
2062 945
2062 946
2063 946
2063 947
2065 947
2065 948
2069 948
2069 949
2071 949
2071 950
2073 950
2073 951
2076 951
2076 952
2078 952
2078 953
2080 953
2080 954
2082 954
2082 955
2086 955
2086 954
2090 954
2090 955
2091 955
2091 954
2093 954
2093 953
2094 953
2094 952
2095 952
2095 951
2102 951
2102 950
2105 950
2105 949
2108 949
2108 948
2109 948
2109 947
2110 947
2110 946
2111 946
2111 945
2123 945
2123 944
2124 944
2124 943
2125 943
2125 942
2127 942
2127 941
2137 941
2137 940
2138 940
2138 938
2139 938
2139 937
2140 937
2140 936
2149 936
2149 937
2157 937
2157 936
2161 936
2161 935
2163 935
2163 934
2165 934
2165 933
2166 933
2166 932
2167 932
2167 931
2171 931
2171 930
2180 930
2180 929
2181 929
2181 928
2183 928
2183 927
2217 927
2217 928
2220 928
2220 929
2225 929
2225 930
2226 930
2226 931
2228 931
2228 932
2230 932
2230 933
2231 933
2231 934
2232 934
2232 935
2233 935
2233 937
2234 937
2234 940
2235 940
2235 957
2236 957
2236 963
2237 963
2237 970
2238 970
2238 971
2239 971
2239 973
2240 973
2240 974
2242 974
2242 975
2244 975
2244 976
2246 976
2246 977
2249 977
2249 978
2251 978
2251 979
2253 979
2253 980
2254 980
2254 981
2257 981
2257 982
2259 982
2259 983
2261 983
2261 984
2262 984
2262 985
2263 985
2263 987
2264 987
2264 988
2265 988
2265 989
2266 989
2266 990
2267 990
2267 991
2269 991
2269 992
2270 992
2270 993
2272 993
2272 994
2274 994
2274 995
2275 995
2275 996
2279 996
2279 997
2280 997
2280 998
2282 998
2282 999
2284 999
2284 1000
2287 1000
2287 1001
2288 1001
2288 1002
2289 1002
2289 1003
2290 1003
2290 1004
2291 1004
2291 1005
2292 1005
2292 1006
2293 1006
2293 1007
2294 1007
2294 1008
2295 1008
2295 1009
2298 1009
2298 1010
2301 1010
2301 1011
2307 1011
2307 1010
2310 1010
2310 1009
2313 1009
2313 1008
2317 1008
2317 1007
2320 1007
2320 1006
2321 1006
2321 1005
2322 1005
2322 1004
2324 1004
2324 1003
2325 1003
2325 1002
2326 1002
2326 1001
2327 1001
2327 1000
2328 1000
2328 997
2329 997
2329 996
2330 996
2330 995
2331 995
2331 994
2333 994
2333 993
2334 993
2334 992
2335 992
2335 991
2336 991
2336 990
2337 990
2337 988
2338 988
2338 985
2339 985
2339 982
2340 982
2340 979
2341 979
2341 976
2342 976
2342 973
2343 973
2343 972
2344 972
2344 970
2345 970
2345 969
2346 969
2346 967
2347 967
2347 966
2348 966
2348 965
2349 965
2349 964
2350 964
2350 963
2351 963
2351 962
2352 962
2352 959
2353 959
2353 958
2354 958
2354 957
2355 957
2355 956
2356 956
2356 955
2358 955
2358 954
2359 954
2359 953
2360 953
2360 952
2361 952
2361 951
2362 951
2362 950
2363 950
2363 948
2364 948
2364 946
2365 946
2365 943
2366 943
2366 940
2367 940
2367 936
2368 936
2368 934
2369 934
2369 933
2370 933
2370 932
2371 932
2371 931
2372 931
2372 930
2373 930
2373 929
2374 929
2374 927
2375 927
2375 924
2376 924
2376 920
2377 920
2377 915
2378 915
2378 911
2379 911
2379 908
2380 908
2380 907
2381 907
2381 906
2382 906
2382 905
2383 905
2383 904
2384 904
2384 903
2386 903
2386 902
2387 902
2387 901
2388 901
2388 898
2389 898
2389 889
2390 889
2390 885
2391 885
2391 879
2392 879
2392 876
2393 876
2393 875
2394 875
2394 874
2395 874
2395 873
2410 873
2410 874
2411 874
2411 875
2412 875
2412 876
2413 876
2413 878
2414 878
2414 881
2415 881
2415 882
2416 882
2416 883
2417 883
2417 884
2419 884
2419 885
2420 885
2420 886
2422 886
2422 887
2424 887
2424 888
2426 888
2426 889
2435 889
2435 890
2436 890
2436 891
2437 891
2437 893
2438 893
2438 895
2439 895
2439 897
2440 897
2440 898
2441 898
2441 900
2442 900
2442 901
2443 901
2443 902
2444 902
2444 903
2445 903
2445 905
2446 905
2446 907
2447 907
2447 908
2448 908
2448 909
2449 909
2449 910
2450 910
2450 911
2451 911
2451 912
2452 912
2452 913
2453 913
2453 914
2454 914
2454 915
2457 915
2457 916
2458 916
2458 917
2459 917
2459 919
2460 919
2460 923
2461 923
2461 925
2462 925
2462 926
2463 926
2463 927
2465 927
2465 928
2470 928
2470 929
2474 929
2474 930
2478 930
2478 931
2479 931
2479 932
2480 932
2480 933
2482 933
2482 934
2489 934
2489 935
2504 935
2504 936
2507 936
2507 935
2510 935
2510 934
2519 934
2519 933
2521 933
2521 925
2522 925
2522 923
2523 923
2523 915
2524 915
2524 913
2525 913
2525 912
2526 912
2526 911
2533 911
2533 912
2539 912
2539 913
2543 913
2543 912
2545 912
2545 911
2547 911
2547 910
2549 910
2549 909
2550 909
2550 908
2552 908
2552 907
2554 907
2554 906
2559 906
2559 904
2560 904
2560 903
2561 903
2561 902
2562 902
2562 901
2564 901
2564 899
2565 899
2565 898
2570 898
2570 899
2582 899
2582 898
2585 898
2585 897
2586 897
2586 896
2587 896
2587 895
2589 895
2589 894
2590 894
2590 893
2592 893
2592 892
2594 892
2594 891
2595 891
2595 887
2596 887
2596 885
2597 885
2597 884
2598 884
2598 883
2601 883
2601 882
2602 882
2602 880
2603 880
2603 876
2604 876
2604 859
2605 859
2605 857
2606 857
2606 856
2607 856
2607 855
2608 855
2608 854
2610 854
2610 853
2611 853
2611 852
2613 852
2613 851
2615 851
2615 850
2616 850
2616 848
2617 848
2617 843
2618 843
2618 842
2619 842
2619 841
2622 841
2622 840
2624 840
2624 839
2627 839
2627 838
2630 838
2630 839
2631 839
2631 840
2632 840
2632 841
2634 841
2634 842
2639 842
2639 843
2640 843
2640 844
2641 844
2641 849
2642 849
2642 862
2643 862
2643 872
2644 872
2644 875
2645 875
2645 876
2647 876
2647 877
2648 877
2648 878
2650 878
2650 879
2652 879
2652 880
2653 880
2653 881
2654 881
2654 888
2655 888
2655 902
2656 902
2656 906
2657 906
2657 908
2658 908
2658 910
2659 910
2659 911
2660 911
2660 912
2661 912
2661 913
2662 913
2662 915
2663 915
2663 917
2664 917
2664 918
2665 918
2665 919
2667 919
2667 920
2670 920
2670 921
2671 921
2671 922
2672 922
2672 923
2673 923
2673 924
2674 924
2674 925
2676 925
2676 926
2681 926
2681 927
2685 927
2685 926
2691 926
2691 925
2694 925
2694 924
2701 924
2701 925
2703 925
2703 926
2716 926
2716 925
2718 925
2718 924
2719 924
2719 923
2720 923
2720 921
2721 921
2721 920
2724 920
2724 919
2726 919
2726 918
2728 918
2728 917
2729 917
2729 916
2730 916
2730 915
2731 915
2731 914
2732 914
2732 913
2733 913
2733 912
2734 912
2734 911
2735 911
2735 910
2737 910
2737 909
2738 909
2738 908
2739 908
2739 907
2740 907
2740 906
2742 906
2742 904
2743 904
2743 903
2744 903
2744 902
2747 902
2747 901
2750 901
2750 900
2753 900
2753 899
2756 899
2756 898
2760 898
2760 897
2762 897
2762 896
2766 896
2766 895
2768 895
2768 894
2770 894
2770 893
2772 893
2772 892
2774 892
2774 891
2777 891
2777 890
2778 890
2778 889
2783 889
2783 888
2787 888
2787 887
2789 887
2789 886
2792 886
2792 885
2794 885
2794 884
2797 884
2797 883
2801 883
2801 882
2804 882
2804 881
2805 881
2805 880
2807 880
2807 879
2809 879
2809 878
2811 878
2811 877
2813 877
2813 876
2814 876
2814 875
2815 875
2815 874
2816 874
2816 873
2817 873
2817 872
2818 872
2818 871
2820 871
2820 870
2821 870
2821 869
2823 869
2823 868
2825 868
2825 867
2826 867
2826 866
2828 866
2828 865
2830 865
2830 864
2831 864
2831 862
2832 862
2832 860
2833 860
2833 859
2834 859
2834 858
2836 858
2836 852
2837 852
2837 850
2838 850
2838 849
2839 849
2839 848
2840 848
2840 847
2841 847
2841 846
2842 846
2842 845
2843 845
2843 844
2844 844
2844 843
2845 843
2845 842
2846 842
2846 841
2847 841
2847 839
2848 839
2848 836
2849 836
2849 835
2850 835
2850 834
2851 834
2851 833
2853 833
2853 832
2854 832
2854 831
2856 831
2856 830
2858 830
2858 829
2859 829
2859 828
2860 828
2860 827
2861 827
2861 826
2862 826
2862 825
2863 825
2863 824
2864 824
2864 823
2865 823
2865 822
2867 822
2867 821
2869 821
2869 820
2871 820
2871 819
2872 819
2872 818
2873 818
2873 817
2875 817
2875 816
2876 816
2876 815
2877 815
2877 814
2878 814
2878 813
2879 813
2879 812
2880 812
2880 811
2881 811
2881 809
2882 809
2882 808
2883 808
2883 806
2884 806
2884 805
2885 805
2885 804
2886 804
2886 803
2887 803
2887 801
2888 801
2888 797
2889 797
2889 789
2890 789
2890 787
2891 787
2891 786
2892 786
2892 784
2893 784
2893 786
2895 786
2895 787
2896 787
2896 789
2897 789
2897 791
2898 791
2898 792
2912 792
2912 789
2913 789
2913 788
2914 788
2914 786
2915 786
2915 784
2916 784
2916 779
2917 779
2917 778
2918 778
2918 777
2921 777
2921 778
2929 778
2929 779
2930 779
2930 780
2931 780
2931 789
2932 789
2932 794
2933 794
2933 797
2934 797
2934 798
2935 798
2935 799
2936 799
2936 800
2938 800
2938 801
2941 801
2941 802
2943 802
2943 803
2944 803
2944 809
2945 809
2945 812
2946 812
2946 816
2947 816
2947 818
2948 818
2948 824
2949 824
2949 826
2950 826
2950 829
2951 829
2951 830
2952 830
2952 831
2955 831
2955 832
2956 832
2956 833
2957 833
2957 842
2958 842
2958 847
2959 847
2959 854
2961 854
2961 855
2962 855
2962 856
2963 856
2963 857
2966 857
2966 858
2968 858
2968 859
2971 859
2971 860
2972 860
2972 862
2973 862
2973 873
2974 873
2974 892
2975 892
2975 903
2976 903
2976 906
2977 906
2977 908
2978 908
2978 909
2979 909
2979 910
2985 910
2985 911
2991 911
2991 910
2993 910
2993 909
2994 909
2994 908
2995 908
2995 907
2996 907
2996 894
2997 894
2997 880
2998 880
2998 877
2997 877
2997 871
2998 871
2998 862
2999 862
2999 861
3000 861
3000 860
3009 860
3009 859
3014 859
3014 858
3015 858
3015 859
3037 859
3037 860
3040 860
3040 861
3061 861
3061 860
3065 860
3065 859
3068 859
3068 858
3070 858
3070 857
3073 857
3073 856
3076 856
3076 855
3083 855
3083 854
3112 854
3112 853
3119 853
3119 852
3123 852
3123 851
3127 851
3127 850
3129 850
3129 849
3130 849
3130 848
3134 848
3134 847
3136 847
3136 846
3138 846
3138 845
3141 845
3141 844
3147 844
3147 840
3148 840
3148 837
3149 837
3149 836
3150 836
3150 835
3151 835
3151 834
3153 834
3153 833
3154 833
3154 832
3155 832
3155 831
3157 831
3157 830
3158 830
3158 829
3159 829
3159 827
3160 827
3160 826
3161 826
3161 825
3163 825
3163 824
3167 824
3167 823
3168 823
3168 822
3170 822
3170 821
3171 821
3171 820
3172 820
3172 814
3173 814
3173 795
3172 795
3172 794
3173 794
3173 775
3172 775
3172 771
3173 771
3173 763
3172 763
3172 752
3173 752
3173 751
3172 751
3172 735
3173 735
3173 728
3172 728
3172 699
3171 699
3171 698
3170 698
3170 692
3171 692
3171 691
3172 691
3172 690
3176 690
3176 691
3179 691
3179 692
3180 692
3180 693
3181 693
3181 696
3182 696
3182 698
3183 698
3183 699
3185 699
3185 700
3188 700
3188 701
3190 701
3190 702
3191 702
3191 705
3192 705
3192 708
3193 708
3193 710
3195 710
3195 711
3196 711
3196 712
3207 712
3207 711
3209 711
3209 710
3214 710
3214 709
3219 709
3219 708
3221 708
3221 707
3224 707
3224 706
3226 706
3226 705
3227 705
3227 704
3229 704
3229 703
3233 703
3233 702
3236 702
3236 700
3237 700
3237 699
3238 699
3238 698
3239 698
3239 697
3240 697
3240 696
3241 696
3241 695
3242 695
3242 694
3244 694
3244 693
3245 693
3245 692
3246 692
3246 691
3247 691
3247 690
3248 690
3248 689
3249 689
3249 688
3250 688
3250 687
3251 687
3251 686
3253 686
3253 685
3256 685
3256 684
3257 684
3257 683
3260 683
3260 682
3263 682
3263 681
3267 681
3267 680
3269 680
3269 679
3272 679
3272 678
3274 678
3274 677
3275 677
3275 676
3278 676
3278 675
3280 675
3280 674
3282 674
3282 672
3283 672
3283 670
3284 670
3284 667
3285 667
3285 660
3286 660
3286 659
3287 659
3287 658
3289 658
3289 657
3290 657
3290 656
3292 656
3292 655
3293 655
3293 654
3294 654
3294 653
3295 653
3295 651
3296 651
3296 642
3297 642
3297 633
3298 633
3298 631
3299 631
3299 630
3300 630
3300 629
3301 629
3301 628
3302 628
3302 627
3303 627
3303 625
3304 625
3304 624
3305 624
3305 623
3306 623
3306 622
3307 622
3307 621
3308 621
3308 620
3309 620
3309 619
3310 619
3310 618
3311 618
3311 617
3312 617
3312 616
3313 616
3313 615
3314 615
3314 614
3316 614
3316 613
3319 613
3319 612
3320 612
3320 613
3321 613
3321 614
3323 614
3323 615
3325 615
3325 616
3326 616
3326 617
3327 617
3327 619
3328 619
3328 622
3329 622
3329 624
3330 624
3330 625
3331 625
3331 627
3332 627
3332 628
3333 628
3333 629
3334 629
3334 630
3335 630
3335 631
3336 631
3336 632
3338 632
3338 633
3342 633
3342 634
3345 634
3345 635
3346 635
3346 636
3348 636
3348 637
3358 637
3358 638
3362 638
3362 639
3364 639
3364 640
3366 640
3366 641
3367 641
3367 642
3369 642
3369 643
3371 643
3371 644
3374 644
3374 645
3378 645
3378 646
3379 646
3379 647
3380 647
3380 648
3381 648
3381 649
3382 649
3382 650
3384 650
3384 651
3385 651
3385 652
3386 652
3386 653
3396 653
3396 652
3405 652
3405 651
3410 651
3410 650
3422 650
3422 649
3427 649
3427 640
3426 640
3426 639
3425 639
3425 633
3426 633
3426 632
3427 632
3427 631
3429 631
3429 630
3430 630
3430 629
3431 629
3431 628
3434 628
3434 627
3436 627
3436 625
3437 625
3437 623
3438 623
3438 622
3439 622
3439 621
3441 621
3441 620
3445 620
3445 621
3446 621
3446 620
3450 620
3450 619
3452 619
3452 618
3453 618
3453 617
3455 617
3455 616
3457 616
3457 615
3458 615
3458 614
3460 614
3460 613
3463 613
3463 612
3465 612
3465 611
3466 611
3466 610
3467 610
3467 608
3468 608
3468 604
3469 604
3469 584
3470 584
3470 574
3471 574
3471 573
3472 573
3472 572
3473 572
3473 571
3474 571
3474 570
3475 570
3475 569
3476 569
3476 568
3477 568
3477 567
3479 567
3479 566
3481 566
3481 564
3482 564
3482 551
3483 551
3483 484
3484 484
3484 482
3485 482
3485 481
3486 481
3486 480
3487 480
3487 479
3488 479
3488 478
3489 478
3489 476
3490 476
3490 475
3492 475
3492 474
3497 474
3497 475
3501 475
3501 476
3504 476
3504 477
3512 477
3512 476
3516 476
3516 475
3518 475
3518 474
3519 474
3519 473
3521 473
3521 472
3527 472
3527 471
3528 471
3528 470
3529 470
3529 469
3532 469
3532 468
3537 468
3537 469
3548 469
3548 468
3550 468
3550 465
3552 465
3552 464
3555 464
3555 463
3556 463
3556 462
3557 462
3557 460
3558 460
3558 459
3560 459
3560 458
3568 458
3568 459
3570 459
3570 458
3574 458
3574 457
3575 457
3575 456
3576 456
3576 455
3577 455
3577 454
3579 454
3579 453
3580 453
3580 452
3581 452
3581 451
3584 451
3584 450
3587 450
3587 449
3591 449
3591 448
3598 448
3598 449
3591 449
3591 450
3587 450
3587 451
3584 451
3584 452
3581 452
3581 453
3580 453
3580 454
3579 454
3579 455
3577 455
3577 456
3576 456
3576 457
3575 457
3575 458
3574 458
3574 459
3570 459
3570 460
3568 460
3568 459
3560 459
3560 460
3558 460
3558 462
3557 462
3557 463
3556 463
3556 465
3552 465
3552 466
3551 466
3551 468
3550 468
3550 469
3548 469
3548 470
3537 470
3537 469
3532 469
3532 470
3529 470
3529 471
3528 471
3528 473
3521 473
3521 474
3519 474
3519 475
3518 475
3518 476
3516 476
3516 477
3512 477
3512 478
3504 478
3504 477
3501 477
3501 476
3497 476
3497 475
3492 475
3492 476
3490 476
3490 478
3489 478
3489 479
3488 479
3488 480
3487 480
3487 481
3486 481
3486 482
3485 482
3485 484
3484 484
3484 551
3483 551
3483 564
3482 564
3482 566
3481 566
3481 567
3479 567
3479 568
3477 568
3477 569
3476 569
3476 570
3475 570
3475 571
3474 571
3474 572
3473 572
3473 573
3472 573
3472 574
3471 574
3471 584
3470 584
3470 604
3469 604
3469 608
3468 608
3468 610
3467 610
3467 611
3466 611
3466 612
3465 612
3465 613
3463 613
3463 614
3460 614
3460 615
3458 615
3458 616
3457 616
3457 617
3455 617
3455 618
3453 618
3453 619
3452 619
3452 620
3450 620
3450 621
3446 621
3446 622
3445 622
3445 621
3441 621
3441 622
3439 622
3439 623
3438 623
3438 625
3437 625
3437 627
3436 627
3436 628
3434 628
3434 629
3431 629
3431 630
3430 630
3430 631
3429 631
3429 632
3427 632
3427 633
3426 633
3426 639
3427 639
3427 640
3428 640
3428 650
3422 650
3422 651
3410 651
3410 652
3405 652
3405 653
3396 653
3396 654
3386 654
3386 653
3385 653
3385 652
3384 652
3384 651
3382 651
3382 650
3381 650
3381 649
3380 649
3380 648
3379 648
3379 647
3378 647
3378 646
3374 646
3374 645
3371 645
3371 644
3369 644
3369 643
3367 643
3367 642
3366 642
3366 641
3364 641
3364 640
3362 640
3362 639
3358 639
3358 638
3348 638
3348 637
3346 637
3346 636
3345 636
3345 635
3342 635
3342 634
3338 634
3338 633
3336 633
3336 632
3335 632
3335 631
3334 631
3334 630
3333 630
3333 629
3332 629
3332 628
3331 628
3331 627
3330 627
3330 625
3329 625
3329 624
3328 624
3328 622
3327 622
3327 619
3326 619
3326 617
3325 617
3325 616
3323 616
3323 615
3321 615
3321 614
3320 614
3320 613
3319 613
3319 614
3316 614
3316 615
3314 615
3314 616
3313 616
3313 617
3312 617
3312 618
3311 618
3311 619
3310 619
3310 620
3309 620
3309 621
3308 621
3308 622
3307 622
3307 623
3306 623
3306 624
3305 624
3305 625
3304 625
3304 627
3303 627
3303 628
3302 628
3302 629
3301 629
3301 630
3300 630
3300 631
3299 631
3299 633
3298 633
3298 642
3297 642
3297 651
3296 651
3296 653
3295 653
3295 654
3294 654
3294 655
3293 655
3293 656
3292 656
3292 657
3290 657
3290 658
3289 658
3289 659
3287 659
3287 660
3286 660
3286 667
3285 667
3285 670
3284 670
3284 672
3283 672
3283 674
3282 674
3282 675
3280 675
3280 676
3278 676
3278 677
3275 677
3275 678
3274 678
3274 679
3272 679
3272 680
3269 680
3269 681
3267 681
3267 682
3263 682
3263 683
3260 683
3260 684
3257 684
3257 685
3256 685
3256 686
3253 686
3253 687
3251 687
3251 688
3250 688
3250 689
3249 689
3249 690
3248 690
3248 691
3247 691
3247 692
3246 692
3246 693
3245 693
3245 694
3244 694
3244 695
3242 695
3242 696
3241 696
3241 697
3240 697
3240 698
3239 698
3239 699
3238 699
3238 700
3237 700
3237 702
3236 702
3236 703
3233 703
3233 704
3229 704
3229 705
3227 705
3227 706
3226 706
3226 707
3224 707
3224 708
3221 708
3221 709
3219 709
3219 710
3214 710
3214 711
3209 711
3209 712
3207 712
3207 713
3196 713
3196 712
3195 712
3195 711
3193 711
3193 710
3192 710
3192 708
3191 708
3191 705
3190 705
3190 702
3188 702
3188 701
3185 701
3185 700
3183 700
3183 699
3182 699
3182 698
3181 698
3181 696
3180 696
3180 693
3179 693
3179 692
3176 692
3176 691
3172 691
3172 692
3171 692
3171 698
3172 698
3172 699
3173 699
3173 728
3174 728
3174 735
3173 735
3173 751
3174 751
3174 752
3173 752
3173 763
3174 763
3174 771
3173 771
3173 775
3174 775
3174 794
3173 794
3173 795
3174 795
3174 814
3173 814
3173 820
3172 820
3172 821
3171 821
3171 822
3170 822
3170 823
3168 823
3168 824
3167 824
3167 825
3163 825
3163 826
3161 826
3161 827
3160 827
3160 829
3159 829
3159 830
3158 830
3158 831
3157 831
3157 832
3155 832
3155 833
3154 833
3154 834
3153 834
3153 835
3151 835
3151 836
3150 836
3150 837
3149 837
3149 840
3148 840
3148 844
3147 844
3147 845
3141 845
3141 846
3138 846
3138 847
3136 847
3136 848
3134 848
3134 849
3130 849
3130 850
3129 850
3129 851
3127 851
3127 852
3123 852
3123 853
3119 853
3119 854
3112 854
3112 855
3083 855
3083 856
3076 856
3076 857
3073 857
3073 858
3070 858
3070 859
3068 859
3068 860
3065 860
3065 861
3061 861
3061 862
3040 862
3040 861
3037 861
3037 860
3015 860
3015 859
3014 859
3014 860
3009 860
3009 861
3000 861
3000 862
2999 862
2999 871
2998 871
2998 877
2999 877
2999 880
2998 880
2998 894
2997 894
2997 907
2996 907
2996 908
2995 908
2995 909
2994 909
2994 910
2993 910
2993 911
2991 911
2991 912
2985 912
2985 911
2979 911
2979 910
2978 910
2978 909
2977 909
2977 908
2976 908
2976 906
2975 906
2975 903
2974 903
2974 892
2973 892
2973 873
2972 873
2972 862
2971 862
2971 860
2968 860
2968 859
2966 859
2966 858
2963 858
2963 857
2962 857
2962 856
2961 856
2961 855
2958 855
2958 847
2957 847
2957 842
2956 842
2956 833
2955 833
2955 832
2952 832
2952 831
2951 831
2951 830
2950 830
2950 829
2949 829
2949 826
2948 826
2948 824
2947 824
2947 818
2946 818
2946 816
2945 816
2945 812
2944 812
2944 809
2943 809
2943 803
2941 803
2941 802
2938 802
2938 801
2936 801
2936 800
2935 800
2935 799
2934 799
2934 798
2933 798
2933 797
2932 797
2932 794
2931 794
2931 789
2930 789
2930 780
2929 780
2929 779
2921 779
2921 778
2918 778
2918 779
2917 779
2917 784
2916 784
2916 786
2915 786
2915 788
2914 788
2914 789
2913 789
2913 792
2912 792
2912 793
2898 793
2898 792
2897 792
2897 791
2896 791
2896 789
2895 789
2895 787
2893 787
2893 786
2892 786
2892 787
2891 787
2891 789
2890 789
2890 797
2889 797
2889 801
2888 801
2888 803
2887 803
2887 804
2886 804
2886 805
2885 805
2885 806
2884 806
2884 808
2883 808
2883 809
2882 809
2882 811
2881 811
2881 812
2880 812
2880 813
2879 813
2879 814
2878 814
2878 815
2877 815
2877 816
2876 816
2876 817
2875 817
2875 818
2873 818
2873 819
2872 819
2872 820
2871 820
2871 821
2869 821
2869 822
2867 822
2867 823
2865 823
2865 824
2864 824
2864 825
2863 825
2863 826
2862 826
2862 827
2861 827
2861 828
2860 828
2860 829
2859 829
2859 830
2858 830
2858 831
2856 831
2856 832
2854 832
2854 833
2853 833
2853 834
2851 834
2851 835
2850 835
2850 836
2849 836
2849 839
2848 839
2848 841
2847 841
2847 842
2846 842
2846 843
2845 843
2845 844
2844 844
2844 845
2843 845
2843 846
2842 846
2842 847
2841 847
2841 848
2840 848
2840 849
2839 849
2839 850
2838 850
2838 852
2837 852
2837 859
2834 859
2834 860
2833 860
2833 862
2832 862
2832 864
2831 864
2831 866
2828 866
2828 867
2826 867
2826 868
2825 868
2825 869
2823 869
2823 870
2821 870
2821 871
2820 871
2820 872
2818 872
2818 873
2817 873
2817 874
2816 874
2816 875
2815 875
2815 876
2814 876
2814 877
2813 877
2813 878
2811 878
2811 879
2809 879
2809 880
2807 880
2807 881
2805 881
2805 882
2804 882
2804 883
2801 883
2801 884
2797 884
2797 885
2794 885
2794 886
2792 886
2792 887
2789 887
2789 888
2787 888
2787 889
2783 889
2783 890
2778 890
2778 891
2777 891
2777 892
2774 892
2774 893
2772 893
2772 894
2770 894
2770 895
2768 895
2768 896
2766 896
2766 897
2762 897
2762 898
2760 898
2760 899
2756 899
2756 900
2753 900
2753 901
2750 901
2750 902
2747 902
2747 903
2744 903
2744 904
2743 904
2743 906
2742 906
2742 907
2740 907
2740 908
2739 908
2739 909
2738 909
2738 910
2737 910
2737 911
2735 911
2735 912
2734 912
2734 913
2733 913
2733 914
2732 914
2732 915
2731 915
2731 916
2730 916
2730 917
2729 917
2729 918
2728 918
2728 919
2726 919
2726 920
2724 920
2724 921
2721 921
2721 923
2720 923
2720 924
2719 924
2719 925
2718 925
2718 926
2716 926
2716 927
2703 927
2703 926
2701 926
2701 925
2694 925
2694 926
2691 926
2691 927
2685 927
2685 928
2681 928
2681 927
2676 927
2676 926
2674 926
2674 925
2673 925
2673 924
2672 924
2672 923
2671 923
2671 922
2670 922
2670 921
2667 921
2667 920
2665 920
2665 919
2664 919
2664 918
2663 918
2663 917
2662 917
2662 915
2661 915
2661 913
2660 913
2660 912
2659 912
2659 911
2658 911
2658 910
2657 910
2657 908
2656 908
2656 906
2655 906
2655 902
2654 902
2654 888
2653 888
2653 881
2652 881
2652 880
2650 880
2650 879
2648 879
2648 878
2647 878
2647 877
2645 877
2645 876
2644 876
2644 875
2643 875
2643 872
2642 872
2642 862
2641 862
2641 849
2640 849
2640 844
2639 844
2639 843
2634 843
2634 842
2632 842
2632 841
2631 841
2631 840
2630 840
2630 839
2627 839
2627 840
2624 840
2624 841
2622 841
2622 842
2619 842
2619 843
2618 843
2618 848
2617 848
2617 850
2616 850
2616 851
2615 851
2615 852
2613 852
2613 853
2611 853
2611 854
2610 854
2610 855
2608 855
2608 856
2607 856
2607 857
2606 857
2606 859
2605 859
2605 876
2604 876
2604 880
2603 880
2603 882
2602 882
2602 883
2601 883
2601 884
2598 884
2598 885
2597 885
2597 887
2596 887
2596 891
2595 891
2595 892
2594 892
2594 893
2592 893
2592 894
2590 894
2590 895
2589 895
2589 896
2587 896
2587 897
2586 897
2586 898
2585 898
2585 899
2582 899
2582 900
2570 900
2570 899
2565 899
2565 901
2564 901
2564 902
2562 902
2562 903
2561 903
2561 904
2560 904
2560 906
2559 906
2559 907
2554 907
2554 908
2552 908
2552 909
2550 909
2550 910
2549 910
2549 911
2547 911
2547 912
2545 912
2545 913
2543 913
2543 914
2539 914
2539 913
2533 913
2533 912
2526 912
2526 913
2525 913
2525 915
2524 915
2524 923
2523 923
2523 925
2522 925
2522 933
2521 933
2521 934
2519 934
2519 935
2510 935
2510 936
2507 936
2507 937
2504 937
2504 936
2489 936
2489 935
2482 935
2482 934
2480 934
2480 933
2479 933
2479 932
2478 932
2478 931
2474 931
2474 930
2470 930
2470 929
2465 929
2465 928
2463 928
2463 927
2462 927
2462 926
2461 926
2461 925
2460 925
2460 923
2459 923
2459 919
2458 919
2458 917
2457 917
2457 916
2454 916
2454 915
2453 915
2453 914
2452 914
2452 913
2451 913
2451 912
2450 912
2450 911
2449 911
2449 910
2448 910
2448 909
2447 909
2447 908
2446 908
2446 907
2445 907
2445 905
2444 905
2444 903
2443 903
2443 902
2442 902
2442 901
2441 901
2441 900
2440 900
2440 898
2439 898
2439 897
2438 897
2438 895
2437 895
2437 893
2436 893
2436 891
2435 891
2435 890
2426 890
2426 889
2424 889
2424 888
2422 888
2422 887
2420 887
2420 886
2419 886
2419 885
2417 885
2417 884
2416 884
2416 883
2415 883
2415 882
2414 882
2414 881
2413 881
2413 878
2412 878
2412 876
2411 876
2411 875
2410 875
2410 874
2395 874
2395 875
2394 875
2394 876
2393 876
2393 879
2392 879
2392 885
2391 885
2391 889
2390 889
2390 898
2389 898
2389 901
2388 901
2388 902
2387 902
2387 903
2386 903
2386 904
2384 904
2384 905
2383 905
2383 906
2382 906
2382 907
2381 907
2381 908
2380 908
2380 911
2379 911
2379 915
2378 915
2378 920
2377 920
2377 924
2376 924
2376 927
2375 927
2375 929
2374 929
2374 930
2373 930
2373 931
2372 931
2372 932
2371 932
2371 933
2370 933
2370 934
2369 934
2369 936
2368 936
2368 940
2367 940
2367 943
2366 943
2366 946
2365 946
2365 948
2364 948
2364 950
2363 950
2363 951
2362 951
2362 952
2361 952
2361 953
2360 953
2360 954
2359 954
2359 955
2358 955
2358 956
2356 956
2356 957
2355 957
2355 958
2354 958
2354 959
2353 959
2353 962
2352 962
2352 963
2351 963
2351 964
2350 964
2350 965
2349 965
2349 966
2348 966
2348 967
2347 967
2347 969
2346 969
2346 970
2345 970
2345 972
2344 972
2344 973
2343 973
2343 976
2342 976
2342 979
2341 979
2341 982
2340 982
2340 985
2339 985
2339 988
2338 988
2338 990
2337 990
2337 991
2336 991
2336 992
2335 992
2335 993
2334 993
2334 994
2333 994
2333 995
2331 995
2331 996
2330 996
2330 997
2329 997
2329 1000
2328 1000
2328 1001
2327 1001
2327 1002
2326 1002
2326 1003
2325 1003
2325 1004
2324 1004
2324 1005
2322 1005
2322 1006
2321 1006
2321 1007
2320 1007
2320 1008
2317 1008
2317 1009
2313 1009
2313 1010
2310 1010
2310 1011
2307 1011
2307 1012
2301 1012
2301 1011
2298 1011
2298 1010
2295 1010
2295 1009
2294 1009
2294 1008
2293 1008
2293 1007
2292 1007
2292 1006
2291 1006
2291 1005
2290 1005
2290 1004
2289 1004
2289 1003
2288 1003
2288 1002
2287 1002
2287 1001
2284 1001
2284 1000
2282 1000
2282 999
2280 999
2280 998
2279 998
2279 997
2275 997
2275 996
2274 996
2274 995
2272 995
2272 994
2270 994
2270 993
2269 993
2269 992
2267 992
2267 991
2266 991
2266 990
2265 990
2265 989
2264 989
2264 988
2263 988
2263 987
2262 987
2262 985
2261 985
2261 984
2259 984
2259 983
2257 983
2257 982
2254 982
2254 981
2253 981
2253 980
2251 980
2251 979
2249 979
2249 978
2246 978
2246 977
2244 977
2244 976
2242 976
2242 975
2240 975
2240 974
2239 974
2239 973
2238 973
2238 971
2237 971
2237 970
2236 970
2236 963
2235 963
2235 957
2234 957
2234 940
2233 940
2233 937
2232 937
2232 935
2231 935
2231 934
2230 934
2230 933
2228 933
2228 932
2226 932
2226 931
2225 931
2225 930
2220 930
2220 929
2217 929
2217 928
2183 928
2183 929
2181 929
2181 930
2180 930
2180 931
2171 931
2171 932
2167 932
2167 933
2166 933
2166 934
2165 934
2165 935
2163 935
2163 936
2161 936
2161 937
2157 937
2157 938
2149 938
2149 937
2140 937
2140 938
2139 938
2139 940
2138 940
2138 942
2127 942
2127 943
2125 943
2125 944
2124 944
2124 945
2123 945
2123 946
2111 946
2111 947
2110 947
2110 948
2109 948
2109 949
2108 949
2108 950
2105 950
2105 951
2102 951
2102 952
2095 952
2095 953
2094 953
2094 954
2093 954
2093 955
2091 955
2091 956
2090 956
2090 955
2086 955
2086 956
2082 956
2082 955
2080 955
2080 954
2078 954
2078 953
2076 953
2076 952
2073 952
2073 951
2071 951
2071 950
2069 950
2069 949
2065 949
2065 948
2063 948
2063 947
2062 947
2062 946
2059 946
2059 945
2054 945
2054 944
2051 944
2051 943
2050 943
2050 942
2048 942
2048 941
2047 941
2047 940
2046 940
2046 939
2045 939
2045 938
2043 938
2043 937
2038 937
2038 936
2035 936
2035 935
2030 935
2030 934
2029 934
2029 933
2025 933
2025 932
2024 932
2024 931
2023 931
2023 930
2020 930
2020 929
2018 929
2018 928
2005 928
2005 927
2003 927
2003 926
2002 926
2002 925
2001 925
2001 924
1999 924
1999 923
1998 923
1998 922
1997 922
1997 921
1995 921
1995 920
1991 920
1991 919
1984 919
1984 918
1970 918
1970 917
1968 917
1968 916
1964 916
1964 915
1962 915
1962 914
1961 914
1961 913
1960 913
1960 912
1959 912
1959 911
1958 911
1958 910
1957 910
1957 909
1948 909
1948 908
1947 908
1947 907
1943 907
1943 906
1937 906
1937 905
1933 905
1933 904
1931 904
1931 903
1920 903
1920 902
1918 902
1918 901
1915 901
1915 900
1909 900
1909 899
1908 899
1908 898
1907 898
1907 897
1906 897
1906 896
1905 896
1905 895
1904 895
1904 894
1903 894
1903 893
1902 893
1902 892
1901 892
1901 887
1900 887
1900 885
1896 885
1896 884
1893 884
1893 883
1891 883
1891 882
1890 882
1890 881
1889 881
1889 880
1887 880
1887 879
1884 879
1884 878
1880 878
1880 877
1875 877
1875 876
1873 876
1873 875
1864 875
1864 874
1863 874
1863 873
1861 873
1861 872
1854 872
1854 871
1848 871
1848 872
1838 872
1838 873
1837 873
1837 879
1836 879
1836 880
1835 880
1835 889
1834 889
1834 894
1833 894
1833 898
1832 898
1832 912
1831 912
1831 914
1830 914
1830 923
1829 923
1829 932
1828 932
1828 934
1827 934
1827 937
1826 937
1826 938
1825 938
1825 940
1824 940
1824 941
1823 941
1823 942
1822 942
1822 946
1821 946
1821 948
1815 948
1815 949
1813 949
1813 950
1809 950
1809 951
1797 951
1797 952
1795 952
1795 953
1793 953
1793 954
1792 954
1792 955
1791 955
1791 956
1790 956
1790 957
1789 957
1789 958
1787 958
1787 959
1780 959
1780 958
1779 958
1779 957
1778 957
1778 956
1777 956
1777 955
1776 955
1776 952
1775 952
1775 951
1767 951
1767 950
1765 950
1765 949
1764 949
1764 948
1763 948
1763 947
1762 947
1762 946
1761 946
1761 945
1760 945
1760 944
1757 944
1757 943
1755 943
1755 942
1754 942
1754 941
1753 941
1753 940
1750 940
1750 939
1742 939
1742 938
1732 938
1732 937
1715 937
1715 938
1709 938
1709 939
1702 939
1702 940
1701 940
1701 942
1700 942
1700 943
1699 943
1699 944
1694 944
1694 945
1692 945
1692 946
1691 946
1691 948
1690 948
1690 949
1689 949
1689 950
1688 950
1688 951
1687 951
1687 959
1688 959
1688 966
1689 966
1689 970
1688 970
1688 971
1687 971
1687 972
1685 972
1685 973
1684 973
1684 974
1683 974
1683 975
1682 975
1682 977
1681 977
1681 978
1679 978
1679 979
1678 979
1678 980
1677 980
1677 981
1675 981
1675 982
1674 982
1674 983
1673 983
1673 984
1672 984
1672 985
1671 985
1671 986
1668 986
1668 985
1666 985
1666 984
1665 984
1665 982
1664 982
1664 980
1663 980
1663 979
1662 979
1662 977
1661 977
1661 968
1660 968
1660 966
1659 966
1659 965
1658 965
1658 964
1657 964
1657 956
1656 956
1656 950
1655 950
1655 947
1654 947
1654 943
1653 943
1653 936
1652 936
1652 933
1651 933
1651 932
1650 932
1650 929
1649 929
1649 927
1648 927
1648 925
1647 925
1647 923
1646 923
1646 921
1645 921
1645 918
1644 918
1644 917
1643 917
1643 915
1642 915
1642 914
1641 914
1641 913
1640 913
1640 912
1639 912
1639 911
1638 911
1638 910
1637 910
1637 909
1636 909
1636 908
1635 908
1635 905
1634 905
1634 902
1633 902
1633 889
1632 889
1632 888
1631 888
1631 887
1629 887
1629 886
1624 886
1624 885
1619 885
1619 886
1612 886
1612 887
1608 887
1608 888
1605 888
1605 889
1604 889
1604 890
1603 890
1603 892
1604 892
1604 898
1605 898
1605 902
1604 902
1604 903
1602 903
1602 904
1601 904
1601 905
1599 905
1599 906
1598 906
1598 907
1597 907
1597 909
1596 909
1596 911
1595 911
1595 912
1594 912
1594 913
1592 913
1592 914
1590 914
1590 915
1584 915
1584 916
1578 916
1578 917
1568 917
1568 918
1564 918
1564 919
1557 919
1557 920
1553 920
1553 921
1552 921
1552 922
1551 922
1551 923
1549 923
1549 924
1548 924
1548 926
1547 926
1547 927
1545 927
1545 928
1544 928
1544 929
1542 929
1542 930
1534 930
1534 931
1531 931
1531 932
1522 932
1522 933
1520 933
1520 934
1518 934
1518 935
1507 935
1507 936
1504 936
1504 937
1498 937
1498 938
1497 938
1497 939
1496 939
1496 940
1494 940
1494 941
1490 941
1490 942
1479 942
1479 943
1473 943
1473 942
1470 942
1470 941
1464 941
1464 940
1461 940
1461 939
1457 939
1457 938
1454 938
1454 937
1451 937
1451 936
1450 936
1450 935
1449 935
1449 934
1448 934
1448 932
1447 932
1447 930
1446 930
1446 928
1445 928
1445 927
1444 927
1444 926
1443 926
1443 925
1434 925
1434 926
1428 926
1428 925
1426 925
1426 924
1423 924
1423 923
1420 923
1420 922
1419 922
1419 921
1418 921
1418 919
1417 919
1417 918
1416 918
1416 917
1400 917
1400 918
1373 918
1373 917
1362 917
1362 916
1354 916
1354 914
1353 914
1353 911
1352 911
1352 910
1351 910
1351 909
1346 909
1346 908
1344 908
1344 909
1342 909
1342 910
1334 910
1334 911
1332 911
1332 912
1328 912
1328 913
1317 913
1317 914
1309 914
1309 913
1305 913
1305 912
1303 912
1303 911
1302 911
1302 910
1301 910
1301 909
1300 909
1300 907
1299 907
1299 906
1298 906
1298 904
1297 904
1297 902
1296 902
1296 901
1294 901
1294 900
1293 900
1293 899
1291 899
1291 898
1290 898
1290 897
1288 897
1288 896
1287 896
1287 895
1286 895
1286 894
1285 894
1285 893
1284 893
1284 891
1283 891
1283 890
1282 890
1282 887
1281 887
1281 883
1280 883
1280 853
1279 853
1279 852
1278 852
1278 851
1276 851
1276 850
1275 850
1275 849
1273 849
1273 848
1271 848
1271 847
1270 847
1270 846
1269 846
1269 845
1268 845
1268 844
1267 844
1267 843
1266 843
1266 842
1265 842
1265 841
1264 841
1264 840
1262 840
1262 839
1261 839
1261 838
1259 838
1259 837
1258 837
1258 836
1257 836
1257 834
1256 834
1256 833
1255 833
1255 831
1254 831
1254 827
1253 827
1253 825
1252 825
1252 824
1251 824
1251 823
1249 823
1249 822
1248 822
1248 821
1247 821
1247 820
1246 820
1246 819
1245 819
1245 818
1244 818
1244 817
1243 817
1243 816
1242 816
1242 814
1241 814
1241 811
1240 811
1240 803
1239 803
1239 794
1238 794
1238 793
1236 793
1236 792
1234 792
1234 793
1233 793
1233 794
1232 794
1232 795
1230 795
1230 796
1228 796
1228 797
1226 797
1226 798
1225 798
1225 799
1224 799
1224 800
1223 800
1223 801
1220 801
1220 802
1219 802
1219 803
1218 803
1218 804
1217 804
1217 806
1216 806
1216 807
1215 807
1215 808
1212 808
1212 809
1208 809
1208 810
1207 810
1207 811
1206 811
1206 814
1205 814
1205 815
1204 815
1204 817
1203 817
1203 818
1202 818
1202 819
1200 819
1200 820
1199 820
1199 822
1198 822
1198 825
1197 825
1197 827
1196 827
1196 828
1195 828
1195 829
1194 829
1194 831
1193 831
1193 833
1192 833
1192 834
1191 834
1191 835
1189 835
1189 836
1187 836
1187 837
1184 837
1184 838
1182 838
1182 839
1181 839
1181 840
1180 840
1180 841
1178 841
1178 842
1177 842
1177 843
1173 843
1173 844
1170 844
1170 845
1169 845
1169 846
1168 846
1168 847
1165 847
1165 848
1162 848
1162 849
1157 849
1157 850
1153 850
1153 851
1146 851
1146 852
1137 852
1137 853
1110 853
1110 854
1108 854
1108 855
1105 855
1105 856
1102 856
1102 857
1101 857
1101 856
1095 856
1095 855
1088 855
1088 854
1086 854
1086 853
1082 853
1082 852
1079 852
1079 851
1073 851
1073 850
1071 850
1071 849
1065 849
1065 848
1063 848
1063 847
1062 847
1062 846
1061 846
1061 845
1053 845
1053 844
1044 844
1044 843
1041 843
1041 842
1040 842
1040 841
1038 841
1038 840
1037 840
1037 839
1036 839
1036 838
1035 838
1035 837
1032 837
1032 836
1030 836
1030 835
1026 835
1026 834
1020 834
1020 833
1018 833
1018 832
1016 832
1016 831
1015 831
1015 830
1014 830
1014 829
1013 829
1013 828
1010 828
1010 827
1008 827
1008 826
1006 826
1006 825
1003 825
1003 824
1002 824
1002 823
998 823
998 822
983 822
983 823
978 823
978 824
976 824
976 825
975 825
975 826
974 826
974 827
971 827
971 828
969 828
969 829
968 829
968 830
967 830
967 831
965 831
965 832
964 832
964 833
961 833
961 834
956 834
956 835
954 835
954 836
951 836
951 837
948 837
948 838
926 838
926 837
924 837
924 836
921 836
921 835
920 835
920 834
919 834
919 833
918 833
918 832
916 832
916 831
915 831
915 830
913 830
913 829
911 829
911 828
907 828
907 827
906 827
906 826
905 826
905 825
902 825
902 824
900 824
900 823
899 823
899 822
898 822
898 821
897 821
897 820
896 820
896 818
895 818
895 786
894 786
894 785
893 785
893 783
892 783
892 780
891 780
891 779
888 779
888 778
887 778
887 777
886 777
886 775
885 775
885 771
884 771
884 766
883 766
883 759
884 759
884 725
885 725
885 702
884 702
884 699
881 699
881 698
880 698
880 697
878 697
878 696
871 696
871 697
868 697
868 698
864 698
864 699
861 699
861 700
839 700
839 701
835 701
835 702
826 702
826 701
819 701
819 700
813 700
813 699
810 699
810 698
807 698
807 697
804 697
804 696
803 696
803 695
802 695
802 694
799 694
799 693
795 693
795 692
790 692
790 691
786 691
786 690
782 690
782 689
778 689
778 688
774 688
774 687
773 687
773 686
772 686
772 685
771 685
771 684
770 684
770 682
769 682
769 678
768 678
768 673
767 673
767 669
766 669
766 667
765 667
765 665
764 665
764 664
763 664
763 663
761 663
761 662
759 662
759 661
756 661
756 660
754 660
754 659
752 659
752 658
750 658
750 657
749 657
749 656
748 656
748 655
747 655
747 649
746 649
746 646
745 646
745 644
733 644
733 645
732 645
732 646
733 646
733 650
734 650
734 652
735 652
735 653
736 653
736 656
735 656
735 660
734 660
734 662
733 662
733 663
732 663
732 665
731 665
731 668
730 668
730 671
729 671
729 676
728 676
728 679
727 679
727 682
726 682
726 683
725 683
725 684
724 684
724 685
722 685
722 687
721 687
721 688
720 688
720 690
719 690
719 691
718 691
718 692
717 692
717 694
716 694
716 695
713 695
713 696
706 696
706 697
704 697
704 698
701 698
701 699
696 699
696 698
680 698
680 697
678 697
678 696
676 696
676 695
670 695
670 694
667 694
667 693
664 693
664 692
663 692
663 691
662 691
662 690
661 690
661 689
659 689
659 688
657 688
657 687
654 687
654 686
651 686
651 685
650 685
650 684
648 684
648 683
644 683
644 682
643 682
643 681
642 681
642 680
641 680
641 678
640 678
640 677
639 677
639 675
638 675
638 673
637 673
637 671
636 671
636 670
635 670
635 666
634 666
634 664
633 664
633 663
629 663
629 662
624 662
624 661
617 661
617 660
615 660
615 659
613 659
613 658
610 658
610 657
608 657
608 656
607 656
607 655
606 655
606 653
605 653
605 650
604 650
604 648
603 648
603 646
602 646
602 645
597 645
597 646
596 646
596 647
594 647
594 648
586 648
586 649
581 649
581 650
578 650
578 651
577 651
577 652
576 652
576 653
575 653
575 654
573 654
573 655
569 655
569 656
560 656
560 655
544 655
544 654
535 654
535 655
531 655
531 654
523 654
523 653
521 653
521 652
520 652
520 651
519 651
519 650
518 650
518 649
517 649
517 648
516 648
516 631
517 631
517 623
516 623
516 617
515 617
515 616
495 616
495 617
492 617
492 618
491 618
491 619
490 619
490 620
489 620
489 619
490 619
490 618
491 618
491 617
492 617
492 616
495 616
495 615
515 615
515 616
516 616
516 617
517 617
517 623
518 623
518 631
517 631
517 648
518 648
518 649
519 649
519 650
520 650
520 651
521 651
521 652
523 652
523 653
531 653
531 654
535 654
535 653
544 653
544 654
560 654
560 655
569 655
569 654
573 654
573 653
575 653
575 652
576 652
576 651
577 651
577 650
578 650
578 649
581 649
581 648
586 648
586 647
594 647
594 646
596 646
596 645
597 645
597 644
602 644
602 645
603 645
603 646
604 646
604 648
605 648
605 650
606 650
606 653
607 653
607 655
608 655
608 656
610 656
610 657
613 657
613 658
615 658
615 659
617 659
617 660
624 660
624 661
629 661
629 662
633 662
633 663
634 663
634 664
635 664
635 666
636 666
636 670
637 670
637 671
638 671
638 673
639 673
639 675
640 675
640 677
641 677
641 678
642 678
642 680
643 680
643 681
644 681
644 682
648 682
648 683
650 683
650 684
651 684
651 685
654 685
654 686
657 686
657 687
659 687
659 688
661 688
661 689
662 689
662 690
663 690
663 691
664 691
664 692
667 692
667 693
670 693
670 694
676 694
676 695
678 695
678 696
680 696
680 697
696 697
696 698
701 698
701 697
704 697
704 696
706 696
706 695
713 695
713 694
716 694
716 692
717 692
717 691
718 691
718 690
719 690
719 688
720 688
720 687
721 687
721 685
722 685
722 684
724 684
724 683
725 683
725 682
726 682
726 679
727 679
727 676
728 676
728 671
729 671
729 668
730 668
730 665
731 665
731 663
732 663
732 662
733 662
733 660
734 660
734 656
735 656
735 653
734 653
734 652
733 652
733 650
732 650
732 646
731 646
731 644
733 644
733 643
745 643
745 644
746 644
746 646
747 646
747 649
748 649
748 655
749 655
749 656
750 656
750 657
752 657
752 658
754 658
754 659
756 659
756 660
759 660
759 661
761 661
761 662
763 662
763 663
764 663
764 664
765 664
765 665
766 665
766 667
767 667
767 669
768 669
768 673
769 673
769 678
770 678
770 682
771 682
771 684
772 684
772 685
773 685
773 686
774 686
774 687
778 687
778 688
782 688
782 689
786 689
786 690
790 690
790 691
795 691
795 692
799 692
799 693
802 693
802 694
803 694
803 695
804 695
804 696
807 696
807 697
810 697
810 698
813 698
813 699
819 699
819 700
826 700
826 701
835 701
835 700
839 700
839 699
861 699
861 698
864 698
864 697
868 697
868 696
871 696
871 695
878 695
878 696
880 696
880 697
881 697
881 698
884 698
884 699
885 699
885 702
886 702
886 725
885 725
885 759
884 759
884 766
885 766
885 771
886 771
886 775
887 775
887 777
888 777
888 778
892 778
892 780
893 780
893 783
894 783
894 785
895 785
895 786
896 786
896 818
897 818
897 820
898 820
898 821
899 821
899 822
900 822
900 823
902 823
902 824
905 824
905 825
906 825
906 826
907 826
907 827
911 827
911 828
913 828
913 829
915 829
915 830
916 830
916 831
918 831
918 832
919 832
919 833
920 833
920 834
921 834
921 835
924 835
924 836
926 836
926 837
948 837
948 836
951 836
951 835
954 835
954 834
956 834
956 833
961 833
961 832
964 832
964 831
965 831
965 830
967 830
967 829
968 829
968 828
969 828
969 827
971 827
971 826
974 826
974 825
975 825
975 824
976 824
976 823
978 823
978 822
983 822
983 821
998 821
998 822
1002 822
1002 823
1003 823
1003 824
1006 824
1006 825
1008 825
1008 826
1010 826
1010 827
1013 827
1013 828
1014 828
1014 829
1015 829
1015 830
1016 830
1016 831
1018 831
1018 832
1020 832
1020 833
1026 833
1026 834
1030 834
1030 835
1032 835
1032 836
1035 836
1035 837
1036 837
1036 838
1037 838
1037 839
1038 839
1038 840
1040 840
1040 841
1041 841
1041 842
1044 842
1044 843
1053 843
1053 844
1061 844
1061 845
1062 845
1062 846
1063 846
1063 847
1065 847
1065 848
1071 848
1071 849
1073 849
1073 850
1079 850
1079 851
1082 851
1082 852
1086 852
1086 853
1088 853
1088 854
1095 854
1095 855
1101 855
1101 856
1102 856
1102 855
1105 855
1105 854
1108 854
1108 853
1110 853
1110 852
1137 852
1137 851
1146 851
1146 850
1153 850
1153 849
1157 849
1157 848
1162 848
1162 847
1165 847
1165 846
1168 846
1168 845
1169 845
1169 844
1170 844
1170 843
1173 843
1173 842
1177 842
1177 841
1178 841
1178 840
1180 840
1180 839
1181 839
1181 838
1182 838
1182 837
1184 837
1184 836
1187 836
1187 835
1189 835
1189 834
1191 834
1191 833
1192 833
1192 831
1193 831
1193 829
1194 829
1194 828
1195 828
1195 827
1196 827
1196 825
1197 825
1197 822
1198 822
1198 820
1199 820
1199 819
1200 819
1200 818
1202 818
1202 817
1203 817
1203 815
1204 815
1204 814
1205 814
1205 811
1206 811
1206 810
1207 810
1207 809
1208 809
1208 808
1212 808
1212 807
1215 807
1215 806
1216 806
1216 804
1217 804
1217 803
1218 803
1218 802
1219 802
1219 801
1220 801
1220 800
1223 800
1223 799
1224 799
1224 798
1225 798
1225 797
1226 797
1226 796
1228 796
1228 795
1230 795
1230 794
1232 794
1232 793
1233 793
1233 792
1234 792
1234 791
1236 791
1236 792
1238 792
1238 793
1239 793
1239 794
1240 794
1240 803
1241 803
1241 811
1242 811
1242 814
1243 814
1243 816
1244 816
1244 817
1245 817
1245 818
1246 818
1246 819
1247 819
1247 820
1248 820
1248 821
1249 821
1249 822
1251 822
