3590 217
3591 217
3591 218
3592 218
3592 219
3601 219
3601 218
3613 218
3613 217
3614 217
3614 216
3615 216
3615 215
3617 215
3617 214
3619 214
3619 213
3620 213
3620 212
3621 212
3621 211
3622 211
3622 210
3624 210
3624 209
3626 209
3626 208
3627 208
3627 206
3628 206
3628 201
3629 201
3629 200
3630 200
3630 199
3632 199
3632 198
3638 198
3638 197
3640 197
3640 196
3642 196
3642 195
3643 195
3643 194
3644 194
3644 193
3647 193
3647 192
3649 192
3649 191
3651 191
3651 190
3666 190
3666 189
3670 189
3670 188
3674 188
3674 187
3676 187
3676 186
3678 186
3678 185
3681 185
3681 184
3683 184
3683 183
3684 183
3684 179
3685 179
3685 176
3686 176
3686 175
3687 175
3687 174
3688 174
3688 172
3689 172
3689 171
3690 171
3690 170
3691 170
3691 169
3692 169
3692 168
3693 168
3693 167
3694 167
3694 166
3696 166
3696 165
3698 165
3698 164
3699 164
3699 163
3700 163
3700 162
3703 162
3703 161
3705 161
3705 160
3710 160
3710 159
3717 159
3717 158
3719 158
3719 157
3721 157
3721 156
3725 156
3725 155
3727 155
3727 154
3732 154
3732 153
3735 153
3735 152
3737 152
3737 151
3742 151
3742 150
3745 150
3745 151
3746 151
3746 152
3747 152
3747 153
3748 153
3748 155
3749 155
3749 156
3748 156
3748 155
3747 155
3747 153
3746 153
3746 152
3745 152
3745 151
3742 151
3742 152
3737 152
3737 153
3735 153
3735 154
3732 154
3732 155
3727 155
3727 156
3725 156
3725 157
3721 157
3721 158
3719 158
3719 159
3717 159
3717 160
3710 160
3710 161
3705 161
3705 162
3703 162
3703 163
3700 163
3700 164
3699 164
3699 165
3698 165
3698 166
3696 166
3696 167
3694 167
3694 168
3693 168
3693 169
3692 169
3692 170
3691 170
3691 171
3690 171
3690 172
3689 172
3689 174
3688 174
3688 175
3687 175
3687 176
3686 176
3686 179
3685 179
3685 183
3684 183
3684 184
3683 184
3683 185
3681 185
3681 186
3678 186
3678 187
3676 187
3676 188
3674 188
3674 189
3670 189
3670 190
3666 190
3666 191
3651 191
3651 192
3649 192
3649 193
3647 193
3647 194
3644 194
3644 195
3643 195
3643 196
3642 196
3642 197
3640 197
3640 198
3638 198
3638 199
3632 199
3632 200
3630 200
3630 201
3629 201
3629 206
3628 206
3628 208
3627 208
3627 209
3626 209
3626 210
3624 210
3624 211
3622 211
3622 212
3621 212
3621 213
3620 213
3620 214
3619 214
3619 215
3617 215
3617 216
3615 216
3615 217
3614 217
3614 219
3601 219
3601 220
3592 220
3592 219
3591 219
3591 218
3590 218
3590 217
3589 217
3589 216
3588 216
3588 215
3587 215
3587 213
3586 213
3586 211
3585 211
3585 207
3584 207
3584 205
3583 205
3583 203
3580 203
3580 202
3579 202
3579 201
3577 201
3577 200
3575 200
3575 199
3574 199
3574 198
3572 198
3572 197
3570 197
3570 196
3562 196
3562 197
3558 197
3558 196
3552 196
3552 195
3549 195
3549 194
3546 194
3546 195
3520 195
3520 194
3518 194
3518 193
3516 193
3516 192
3514 192
3514 191
3513 191
3513 190
3509 190
3509 189
3506 189
3506 188
3504 188
3504 187
3503 187
3503 186
3502 186
3502 185
3501 185
3501 183
3500 183
3500 182
3499 182
3499 178
3498 178
3498 174
3497 174
3497 172
3496 172
3496 171
3495 171
3495 168
3494 168
3494 167
3493 167
3493 166
3492 166
3492 165
3491 165
3491 164
3490 164
3490 163
3488 163
3488 162
3483 162
3483 161
3479 161
3479 160
3470 160
3470 161
3466 161
3466 162
3463 162
3463 163
3461 163
3461 164
3460 164
3460 165
3458 165
3458 166
3456 166
3456 167
3454 167
3454 168
3453 168
3453 169
3451 169
3451 170
3448 170
3448 171
3445 171
3445 172
3442 172
3442 173
3429 173
3429 174
3428 174
3428 175
3427 175
3427 178
3426 178
3426 181
3427 181
3427 201
3428 201
3428 216
3429 216
3429 226
3430 226
3430 268
3431 268
3431 294
3432 294
3432 321
3431 321
3431 325
3430 325
3430 327
3429 327
3429 328
3428 328
3428 330
3427 330
3427 333
3426 333
3426 336
3425 336
3425 340
3424 340
3424 341
3423 341
3423 343
3422 343
3422 350
3423 350
3423 351
3422 351
3422 356
3421 356
3421 357
3420 357
3420 358
3419 358
3419 359
3417 359
3417 360
3413 360
3413 363
3412 363
3412 364
3411 364
3411 365
3410 365
3410 366
3407 366
3407 367
3405 367
3405 369
3404 369
3404 370
3403 370
3403 372
3402 372
3402 373
3401 373
3401 374
3400 374
3400 376
3399 376
3399 377
3396 377
3396 378
3394 378
3394 379
3381 379
3381 380
3380 380
3380 402
3379 402
3379 407
3378 407
3378 408
3377 408
3377 409
3369 409
3369 410
3368 410
3368 411
3365 411
3365 412
3352 412
3352 413
3335 413
3335 412
3328 412
3328 411
3324 411
3324 410
3323 410
3323 409
3320 409
3320 408
3316 408
3316 407
3312 407
3312 406
3310 406
3310 405
3308 405
3308 404
3290 404
3290 403
3288 403
3288 402
3287 402
3287 401
3285 401
3285 400
3283 400
3283 399
3281 399
3281 398
3279 398
3279 397
3276 397
3276 396
3274 396
3274 395
3273 395
3273 394
3272 394
3272 393
3271 393
3271 392
3270 392
3270 391
3269 391
3269 390
3268 390
3268 387
3267 387
3267 383
3266 383
3266 375
3265 375
3265 370
3264 370
3264 368
3263 368
3263 366
3262 366
3262 363
3261 363
3261 361
3260 361
3260 360
3259 360
3259 358
3257 358
3257 357
3255 357
3255 356
3252 356
3252 355
3250 355
3250 354
3247 354
3247 353
3243 353
3243 354
3228 354
3228 353
3226 353
3226 352
3224 352
3224 351
3222 351
3222 350
3221 350
3221 349
3207 349
3207 350
3203 350
3203 351
3201 351
3201 352
3200 352
3200 353
3197 353
3197 352
3189 352
3189 353
3187 353
3187 352
3180 352
3180 351
3178 351
3178 350
3177 350
3177 349
3176 349
3176 348
3175 348
3175 347
3174 347
3174 346
3173 346
3173 345
3172 345
3172 343
3171 343
3171 341
3170 341
3170 339
3169 339
3169 337
3168 337
3168 333
3167 333
3167 330
3166 330
3166 322
3164 322
3164 321
3161 321
3161 322
3157 322
3157 323
3153 323
3153 325
3152 325
3152 326
3151 326
3151 329
3150 329
3150 331
3149 331
3149 345
3150 345
3150 350
3149 350
3149 351
3150 351
3150 373
3151 373
3151 401
3152 401
3152 415
3151 415
3151 417
3150 417
3150 418
3149 418
3149 419
3148 419
3148 420
3145 420
3145 421
3142 421
3142 422
3141 422
3141 427
3142 427
3142 440
3143 440
3143 445
3142 445
3142 446
3141 446
3141 447
3139 447
3139 448
3137 448
3137 449
3131 449
3131 466
3132 466
3132 476
3133 476
3133 487
3134 487
3134 493
3135 493
3135 496
3136 496
3136 504
3135 504
3135 506
3134 506
3134 507
3133 507
3133 508
3128 508
3128 509
3125 509
3125 510
3124 510
3124 524
3125 524
3125 529
3124 529
3124 530
3123 530
3123 531
3122 531
3122 532
3120 532
3120 533
3117 533
3117 534
3107 534
3107 535
3096 535
3096 536
3095 536
3095 537
3094 537
3094 538
3093 538
3093 540
3092 540
3092 543
3091 543
3091 544
3090 544
3090 545
3089 545
3089 546
3088 546
3088 547
3086 547
3086 548
3085 548
3085 549
3084 549
3084 550
3083 550
3083 551
3082 551
3082 552
3081 552
3081 554
3080 554
3080 556
3079 556
3079 558
3078 558
3078 559
3076 559
3076 560
3073 560
3073 561
3071 561
3071 562
3069 562
3069 563
3068 563
3068 564
3065 564
3065 565
3045 565
3045 564
3042 564
3042 563
3041 563
3041 562
3039 562
3039 561
3038 561
3038 560
3036 560
3036 559
3035 559
3035 558
3034 558
3034 557
3027 557
3027 556
3026 556
3026 555
3025 555
3025 554
3024 554
3024 553
3023 553
3023 551
3021 551
3021 550
3017 550
3017 549
3014 549
3014 548
3011 548
3011 547
3010 547
3010 546
3009 546
3009 544
3008 544
3008 543
3006 543
3006 542
3005 542
3005 541
3004 541
3004 540
2999 540
2999 539
2994 539
2994 540
2993 540
2993 541
2992 541
2992 544
2991 544
2991 545
2990 545
2990 546
2989 546
2989 547
2988 547
2988 548
2987 548
2987 549
2984 549
2984 550
2979 550
2979 551
2977 551
2977 552
2973 552
2973 553
2971 553
2971 554
2962 554
2962 553
2957 553
2957 552
2955 552
2955 551
2953 551
2953 550
2952 550
2952 549
2951 549
2951 548
2950 548
2950 547
2949 547
2949 546
2948 546
2948 543
2946 543
2946 542
2943 542
2943 541
2928 541
2928 540
2926 540
2926 539
2924 539
2924 538
2923 538
2923 537
2922 537
2922 536
2921 536
2921 533
2920 533
2920 531
2919 531
2919 529
2918 529
2918 527
2917 527
2917 522
2918 522
2918 520
2919 520
2919 514
2918 514
2918 507
2917 507
2917 503
2916 503
2916 500
2915 500
2915 497
2913 497
2913 496
2911 496
2911 495
2901 495
2901 494
2898 494
2898 493
2896 493
2896 492
2895 492
2895 491
2892 491
2892 490
2889 490
2889 489
2885 489
2885 488
2884 488
2884 487
2883 487
2883 486
2882 486
2882 485
2881 485
2881 484
2880 484
2880 483
2879 483
2879 479
2878 479
2878 476
2877 476
2877 475
2876 475
2876 474
2874 474
2874 473
2872 473
2872 472
2871 472
2871 471
2869 471
2869 470
2868 470
2868 468
2867 468
2867 467
2866 467
2866 464
2865 464
2865 461
2864 461
2864 460
2859 460
2859 461
2856 461
2856 460
2851 460
2851 461
2849 461
2849 462
2848 462
2848 463
2847 463
2847 464
2846 464
2846 465
2844 465
2844 466
2837 466
2837 467
2833 467
2833 468
2828 468
2828 469
2825 469
2825 470
2824 470
2824 472
2819 472
2819 471
2813 471
2813 470
2806 470
2806 469
2803 469
2803 468
2795 468
2795 467
2793 467
2793 466
2790 466
2790 465
2782 465
2782 466
2781 466
2781 474
2780 474
2780 475
2779 475
2779 477
2778 477
2778 478
2776 478
2776 479
2773 479
2773 480
2772 480
2772 481
2771 481
2771 484
2770 484
2770 488
2771 488
2771 500
2772 500
2772 506
2771 506
2771 507
2770 507
2770 508
2768 508
2768 509
2767 509
2767 510
2764 510
2764 511
2760 511
2760 512
2758 512
2758 540
2757 540
2757 541
2756 541
2756 542
2753 542
2753 543
2748 543
2748 575
2749 575
2749 584
2748 584
2748 588
2747 588
2747 589
2746 589
2746 591
2745 591
2745 592
2744 592
2744 593
2743 593
2743 594
2741 594
2741 595
2739 595
2739 598
2738 598
2738 607
2739 607
2739 659
2738 659
2738 660
2737 660
2737 662
2736 662
2736 663
2735 663
2735 664
2733 664
2733 665
2732 665
2732 666
2730 666
2730 667
2728 667
2728 696
2727 696
2727 704
2726 704
2726 707
2725 707
2725 708
2724 708
2724 709
2723 709
2723 710
2722 710
2722 711
2721 711
2721 713
2720 713
2720 714
2719 714
2719 715
2718 715
2718 716
2717 716
2717 718
2716 718
2716 719
2715 719
2715 720
2714 720
2714 722
2713 722
2713 723
2712 723
2712 724
2711 724
2711 726
2710 726
2710 727
2709 727
2709 728
2708 728
2708 729
2706 729
2706 730
2705 730
2705 731
2703 731
2703 732
2702 732
2702 733
2701 733
2701 734
2699 734
2699 735
2698 735
2698 736
2697 736
2697 738
2696 738
2696 739
2694 739
2694 740
2692 740
2692 741
2691 741
2691 742
2689 742
2689 743
2688 743
2688 744
2687 744
2687 745
2684 745
2684 746
2679 746
2679 745
2673 745
2673 744
2671 744
2671 745
2661 745
2661 744
2651 744
2651 745
2649 745
2649 744
2644 744
2644 745
2642 745
2642 746
2641 746
2641 747
2639 747
2639 748
2638 748
2638 749
2635 749
2635 750
2632 750
2632 751
2627 751
2627 752
2603 752
2603 751
2601 751
2601 750
2600 750
2600 749
2599 749
2599 748
2598 748
2598 747
2597 747
2597 746
2596 746
2596 744
2595 744
2595 732
2594 732
2594 725
2593 725
2593 717
2592 717
2592 707
2591 707
2591 692
2590 692
2590 687
2589 687
2589 675
2588 675
2588 673
2587 673
2587 670
2586 670
2586 668
2585 668
2585 667
2584 667
2584 665
2583 665
2583 663
2582 663
2582 661
2581 661
2581 660
2580 660
2580 659
2575 659
2575 658
2573 658
2573 657
2572 657
2572 656
2571 656
2571 655
2570 655
2570 654
2569 654
2569 651
2568 651
2568 648
2567 648
2567 644
2566 644
2566 633
2565 633
2565 632
2562 632
2562 631
2559 631
2559 630
2556 630
2556 629
2555 629
2555 628
2554 628
2554 626
2553 626
2553 623
2552 623
2552 620
2551 620
2551 616
2550 616
2550 614
2549 614
2549 604
2548 604
2548 597
2547 597
2547 593
2546 593
2546 592
2545 592
2545 591
2542 591
2542 590
2541 590
2541 589
2540 589
2540 588
2539 588
2539 586
2538 586
2538 585
2535 585
2535 584
2534 584
2534 583
2533 583
2533 582
2532 582
2532 581
2530 581
2530 580
2525 580
2525 579
2523 579
2523 578
2522 578
2522 574
2521 574
2521 572
2520 572
2520 570
2509 570
2509 569
2508 569
2508 568
2507 568
2507 567
2506 567
2506 565
2505 565
2505 564
2504 564
2504 558
2503 558
2503 553
2502 553
2502 547
2501 547
2501 541
2500 541
2500 531
2499 531
2499 522
2498 522
2498 516
2497 516
2497 512
2496 512
2496 511
2493 511
2493 510
2488 510
2488 509
2485 509
2485 508
2480 508
2480 507
2461 507
2461 508
2460 508
2460 510
2459 510
2459 511
2458 511
2458 512
2456 512
2456 513
2450 513
2450 514
2449 514
2449 534
2450 534
2450 551
2451 551
2451 552
2450 552
2450 554
2449 554
2449 555
2448 555
2448 556
2447 556
2447 557
2446 557
2446 558
2443 558
2443 559
2441 559
2441 560
2440 560
2440 562
2439 562
2439 563
2438 563
2438 564
2437 564
2437 565
2436 565
2436 566
2435 566
2435 567
2428 567
2428 568
2427 568
2427 586
2428 586
2428 599
2429 599
2429 612
2428 612
2428 617
2427 617
2427 619
2426 619
2426 620
2425 620
2425 621
2421 621
2421 622
2418 622
2418 640
2417 640
2417 641
2416 641
2416 642
2413 642
2413 641
2408 641
2408 642
2407 642
2407 660
2408 660
2408 682
2409 682
2409 704
2410 704
2410 717
2409 717
2409 720
2408 720
2408 721
2407 721
2407 722
2405 722
2405 723
2402 723
2402 724
2400 724
2400 725
2399 725
2399 726
2397 726
2397 727
2390 727
2390 728
2389 728
2389 729
2388 729
2388 730
2387 730
2387 731
2386 731
2386 732
2384 732
2384 733
2376 733
2376 747
2377 747
2377 748
2376 748
2376 753
2375 753
2375 754
2374 754
2374 755
2372 755
2372 756
2368 756
2368 757
2366 757
2366 756
2364 756
2364 755
2361 755
2361 754
2354 754
2354 753
2352 753
2352 752
2351 752
2351 751
2349 751
2349 750
2348 750
2348 749
2347 749
2347 748
2346 748
2346 747
2345 747
2345 746
2344 746
2344 745
2343 745
2343 744
2341 744
2341 743
2340 743
2340 742
2339 742
2339 741
2338 741
2338 740
2337 740
2337 739
2336 739
2336 738
2335 738
2335 737
2334 737
2334 736
2333 736
2333 735
2332 735
2332 734
2330 734
2330 733
2319 733
2319 731
2318 731
2318 730
2315 730
2315 729
2312 729
2312 728
2311 728
2311 727
2310 727
2310 726
2309 726
2309 725
2308 725
2308 724
2307 724
2307 721
2306 721
2306 719
2305 719
2305 716
2304 716
2304 715
2303 715
2303 714
2301 714
2301 713
2299 713
2299 712
2296 712
2296 711
2290 711
2290 710
2288 710
2288 709
2287 709
2287 708
2286 708
2286 707
2285 707
2285 706
2284 706
2284 705
2283 705
2283 703
2282 703
2282 699
2281 699
2281 696
2280 696
2280 694
2279 694
2279 693
2278 693
2278 692
2276 692
2276 691
2274 691
2274 690
2273 690
2273 689
2272 689
2272 688
2271 688
2271 686
2270 686
2270 683
2269 683
2269 678
2268 678
2268 676
2267 676
2267 674
2265 674
2265 673
2262 673
2262 672
2261 672
2261 671
2260 671
2260 669
2259 669
2259 667
2258 667
2258 665
2257 665
2257 662
2256 662
2256 652
2255 652
2255 643
2254 643
2254 632
2253 632
2253 621
2252 621
2252 617
2242 617
2242 616
2239 616
2239 615
2236 615
2236 614
2235 614
2235 613
2234 613
2234 612
2233 612
2233 610
2232 610
2232 608
2231 608
2231 603
2230 603
2230 595
2229 595
2229 585
2228 585
2228 581
2227 581
2227 580
2224 580
2224 579
2222 579
2222 578
2221 578
2221 577
2220 577
2220 576
2219 576
2219 575
2218 575
2218 570
2217 570
2217 565
2216 565
2216 555
2215 555
2215 552
2214 552
2214 550
2212 550
2212 549
2208 549
2208 550
2206 550
2206 551
2197 551
2197 554
2198 554
2198 558
2199 558
2199 561
2200 561
2200 567
2201 567
2201 585
2200 585
2200 587
2199 587
2199 588
2198 588
2198 589
2194 589
2194 590
2193 590
2193 616
2192 616
2192 617
2191 617
2191 618
2180 618
2180 617
2178 617
2178 616
2177 616
2177 615
2176 615
2176 614
2174 614
2174 613
2170 613
2170 612
2166 612
2166 611
2162 611
2162 612
2161 612
2161 615
2160 615
2160 616
2159 616
2159 617
2156 617
2156 618
2150 618
2150 619
2146 619
2146 629
2147 629
2147 632
2146 632
2146 634
2145 634
2145 635
2143 635
2143 636
2136 636
2136 649
2135 649
2135 655
2136 655
2136 658
2135 658
2135 660
2134 660
2134 662
2133 662
2133 664
2132 664
2132 665
2130 665
2130 666
2128 666
2128 667
2127 667
2127 668
2125 668
2125 669
2123 669
2123 670
2117 670
2117 671
2116 671
2116 672
2114 672
2114 673
2113 673
2113 674
2112 674
2112 675
2111 675
2111 676
2107 676
2107 677
2105 677
2105 679
2104 679
2104 680
2103 680
2103 681
2102 681
2102 682
2101 682
2101 683
2100 683
2100 684
2098 684
2098 685
2090 685
2090 693
2091 693
2091 697
2090 697
2090 699
2089 699
2089 700
2088 700
2088 701
2085 701
2085 702
2079 702
2079 712
2080 712
2080 717
2081 717
2081 722
2080 722
2080 724
2079 724
2079 725
2077 725
2077 726
2076 726
2076 727
2072 727
2072 728
2071 728
2071 729
2070 729
2070 730
2069 730
2069 732
2068 732
2068 733
2062 733
2062 734
2046 734
2046 744
2045 744
2045 745
2044 745
2044 746
2041 746
2041 747
2032 747
2032 748
2030 748
2030 749
2021 749
2021 750
2018 750
2018 751
2013 751
2013 750
2001 750
2001 751
2000 751
2000 754
1999 754
1999 755
1998 755
1998 756
1997 756
1997 757
1995 757
1995 758
1989 758
1989 759
1988 759
1988 760
1987 760
1987 761
1986 761
1986 762
1985 762
1985 763
1977 763
1977 764
1967 764
1967 765
1958 765
1958 764
1953 764
1953 763
1949 763
1949 762
1944 762
1944 761
1942 761
1942 760
1939 760
1939 759
1938 759
1938 758
1937 758
1937 757
1936 757
1936 754
1935 754
1935 739
1934 739
1934 719
1933 719
1933 696
1932 696
1932 663
1931 663
1931 645
1930 645
1930 640
1929 640
1929 638
1928 638
1928 637
1926 637
1926 636
1925 636
1925 634
1924 634
1924 629
1923 629
1923 628
1920 628
1920 627
1917 627
1917 626
1909 626
1909 625
1907 625
1907 624
1904 624
1904 623
1903 623
1903 622
1902 622
1902 621
1901 621
1901 619
1900 619
1900 616
1899 616
1899 614
1898 614
1898 603
1897 603
1897 596
1896 596
1896 586
1895 586
1895 585
1891 585
1891 584
1883 584
1883 583
1881 583
1881 582
1878 582
1878 581
1877 581
1877 580
1876 580
1876 579
1875 579
1875 578
1872 578
1872 577
1870 577
1870 576
1867 576
1867 575
1865 575
1865 574
1858 574
1858 576
1857 576
1857 578
1856 578
1856 579
1855 579
1855 580
1854 580
1854 581
1852 581
1852 582
1850 582
1850 583
1835 583
1835 584
1834 584
1834 585
1833 585
1833 586
1832 586
1832 587
1831 587
1831 588
1830 588
1830 589
1818 589
1818 590
1816 590
1816 602
1817 602
1817 610
1816 610
1816 615
1817 615
1817 625
1818 625
1818 629
1812 629
1812 630
1804 630
1804 640
1803 640
1803 672
1804 672
1804 679
1803 679
1803 680
1804 680
1804 686
1805 686
1805 689
1804 689
1804 690
1803 690
1803 692
1802 692
1802 694
1801 694
1801 695
1800 695
1800 697
1799 697
1799 698
1798 698
1798 699
1797 699
1797 700
1796 700
1796 701
1795 701
1795 702
1794 702
1794 703
1793 703
1793 704
1788 704
1788 705
1784 705
1784 706
1783 706
1783 713
1782 713
1782 714
1781 714
1781 715
1773 715
1773 716
1768 716
1768 715
1767 715
1767 714
1765 714
1765 713
1764 713
1764 712
1761 712
1761 711
1757 711
1757 712
1755 712
1755 713
1753 713
1753 714
1751 714
1751 715
1736 715
1736 714
1731 714
1731 713
1730 713
1730 712
1729 712
1729 711
1727 711
1727 710
1725 710
1725 709
1722 709
1722 708
1715 708
1715 707
1714 707
1714 706
1713 706
1713 705
1709 705
1709 706
1707 706
1707 707
1706 707
1706 708
1704 708
1704 709
1703 709
1703 710
1694 710
1694 711
1693 711
1693 719
1692 719
1692 721
1691 721
1691 722
1687 722
1687 723
1681 723
1681 724
1680 724
1680 725
1679 725
1679 726
1678 726
1678 727
1677 727
1677 728
1676 728
1676 729
1675 729
1675 730
1669 730
1669 731
1666 731
1666 732
1665 732
1665 733
1662 733
1662 734
1656 734
1656 735
1654 735
1654 736
1653 736
1653 737
1652 737
1652 738
1651 738
1651 739
1649 739
1649 740
1643 740
1643 741
1638 741
1638 740
1628 740
1628 741
1625 741
1625 742
1622 742
1622 743
1617 743
1617 744
1615 744
1615 743
1613 743
1613 742
1612 742
1612 741
1610 741
1610 740
1609 740
1609 736
1608 736
1608 728
1607 728
1607 727
1606 727
1606 726
1604 726
1604 725
1601 725
1601 724
1600 724
1600 723
1599 723
1599 721
1598 721
1598 720
1597 720
1597 717
1596 717
1596 715
1595 715
1595 713
1594 713
1594 712
1590 712
1590 711
1589 711
1589 710
1588 710
1588 709
1587 709
1587 708
1586 708
1586 707
1585 707
1585 704
1584 704
1584 700
1583 700
1583 697
1582 697
1582 696
1579 696
1579 695
1577 695
1577 694
1574 694
1574 693
1572 693
1572 692
1567 692
1567 691
1560 691
1560 690
1558 690
1558 689
1556 689
1556 688
1545 688
1545 687
1542 687
1542 686
1539 686
1539 685
1538 685
1538 684
1537 684
1537 683
1536 683
1536 682
1535 682
1535 679
1534 679
1534 673
1533 673
1533 667
1532 667
1532 665
1530 665
1530 664
1527 664
1527 663
1525 663
1525 662
1524 662
1524 661
1523 661
1523 660
1522 660
1522 658
1521 658
1521 657
1520 657
1520 655
1519 655
1519 645
1518 645
1518 630
1519 630
1519 624
1518 624
1518 616
1519 616
1519 607
1518 607
1518 601
1519 601
1519 600
1518 600
1518 599
1517 599
1517 598
1501 598
1501 597
1500 597
1500 593
1499 593
1499 590
1498 590
1498 588
1497 588
1497 582
1496 582
1496 581
1494 581
1494 580
1493 580
1493 579
1491 579
1491 578
1489 578
1489 577
1486 577
1486 575
1485 575
1485 574
1484 574
1484 573
1482 573
1482 572
1481 572
1481 571
1478 571
1478 570
1475 570
1475 571
1471 571
1471 572
1466 572
1466 573
1463 573
1463 574
1461 574
1461 576
1460 576
1460 606
1459 606
1459 610
1460 610
1460 613
1459 613
1459 637
1458 637
1458 638
1454 638
1454 639
1452 639
1452 640
1450 640
1450 642
1448 642
1448 643
1445 643
1445 644
1444 644
1444 645
1442 645
1442 646
1421 646
1421 645
1416 645
1416 644
1415 644
1415 643
1411 643
1411 644
1410 644
1410 645
1408 645
1408 646
1405 646
1405 647
1393 647
1393 648
1391 648
1391 649
1389 649
1389 650
1388 650
1388 652
1387 652
1387 653
1386 653
1386 654
1377 654
1377 655
1376 655
1376 656
1375 656
1375 658
1374 658
1374 661
1373 661
1373 662
1372 662
1372 663
1370 663
1370 664
1367 664
1367 665
1363 665
1363 669
1362 669
1362 675
1363 675
1363 681
1362 681
1362 685
1361 685
1361 686
1360 686
1360 687
1358 687
1358 688
1353 688
1353 689
1352 689
1352 690
1351 690
1351 693
1350 693
1350 695
1349 695
1349 696
1348 696
1348 697
1346 697
1346 698
1344 698
1344 699
1339 699
1339 700
1338 700
1338 701
1336 701
1336 702
1334 702
1334 703
1328 703
1328 704
1327 704
1327 705
1326 705
1326 742
1325 742
1325 747
1324 747
1324 748
1323 748
1323 749
1316 749
1316 750
1309 750
1309 751
1297 751
1297 752
1291 752
1291 751
1283 751
1283 750
1261 750
1261 749
1254 749
1254 748
1249 748
1249 747
1247 747
1247 746
1246 746
1246 745
1245 745
1245 744
1244 744
1244 743
1243 743
1243 742
1239 742
1239 741
1238 741
1238 740
1235 740
1235 739
1234 739
1234 738
1233 738
1233 737
1231 737
1231 736
1230 736
1230 722
1229 722
1229 711
1228 711
1228 710
1226 710
1226 709
1224 709
1224 708
1223 708
1223 707
1222 707
1222 706
1221 706
1221 705
1220 705
1220 703
1219 703
1219 701
1218 701
1218 692
1217 692
1217 691
1215 691
1215 690
1213 690
1213 689
1212 689
1212 688
1211 688
1211 687
1209 687
1209 686
1208 686
1208 685
1206 685
1206 684
1203 684
1203 683
1197 683
1197 682
1191 682
1191 681
1188 681
1188 680
1185 680
1185 679
1178 679
1178 678
1174 678
1174 677
1172 677
1172 676
1170 676
1170 675
1168 675
1168 674
1167 674
1167 673
1166 673
1166 672
1165 672
1165 671
1164 671
1164 670
1163 670
1163 669
1162 669
1162 668
1161 668
1161 667
1160 667
1160 661
1159 661
1159 645
1156 645
1156 644
1155 644
1155 643
1152 643
1152 642
1146 642
1146 641
1144 641
1144 640
1142 640
1142 639
1141 639
1141 638
1140 638
1140 637
1138 637
1138 636
1137 636
1137 635
1134 635
1134 634
1132 634
1132 633
1130 633
1130 632
1129 632
1129 631
1128 631
1128 630
1127 630
1127 627
1126 627
1126 620
1125 620
1125 612
1126 612
1126 591
1125 591
1125 585
1126 585
1126 584
1125 584
1125 553
1126 553
1126 520
1125 520
1125 516
1124 516
1124 515
1123 515
1123 514
1121 514
1121 513
1120 513
1120 512
1114 512
1114 511
1110 511
1110 510
1089 510
1089 509
1080 509
1080 510
1075 510
1075 511
1073 511
1073 512
1071 512
1071 513
1069 513
1069 514
1068 514
1068 518
1067 518
1067 520
1066 520
1066 521
1065 521
1065 522
1064 522
1064 523
1063 523
1063 525
1062 525
1062 526
1061 526
1061 527
1060 527
1060 528
1059 528
1059 529
1058 529
1058 530
1056 530
1056 531
1055 531
1055 532
1050 532
1050 533
1043 533
1043 534
1042 534
1042 535
1041 535
1041 536
1040 536
1040 537
1039 537
1039 539
1038 539
1038 540
1037 540
1037 541
1036 541
1036 542
1035 542
1035 543
1034 543
1034 544
1033 544
1033 545
1032 545
1032 546
1031 546
1031 547
1030 547
1030 548
1029 548
1029 549
1027 549
1027 550
1026 550
1026 551
1025 551
1025 552
1023 552
1023 553
1022 553
1022 554
1021 554
1021 555
1019 555
1019 556
1018 556
1018 557
1015 557
1015 558
1013 558
1013 559
1010 559
1010 560
1006 560
1006 561
1000 561
1000 562
998 562
998 563
995 563
995 564
989 564
989 565
987 565
987 566
986 566
986 567
983 567
983 568
977 568
977 567
973 567
973 568
972 568
972 567
961 567
961 566
958 566
958 565
955 565
955 564
951 564
951 563
947 563
947 562
944 562
944 561
942 561
942 560
941 560
941 559
940 559
940 558
939 558
939 557
938 557
938 555
935 555
935 554
933 554
933 553
931 553
931 552
929 552
929 551
928 551
928 549
927 549
927 548
926 548
926 546
925 546
925 545
922 545
922 544
920 544
920 543
918 543
918 542
917 542
917 541
916 541
916 540
915 540
915 539
912 539
912 538
901 538
901 539
899 539
899 540
891 540
891 541
888 541
888 542
886 542
886 543
882 543
882 544
878 544
878 543
877 543
877 542
874 542
874 541
873 541
873 540
872 540
872 539
871 539
871 538
870 538
870 537
869 537
869 533
868 533
868 532
867 532
867 531
866 531
866 530
864 530
864 529
863 529
863 528
862 528
862 527
861 527
861 526
860 526
860 520
859 520
859 504
858 504
858 503
857 503
857 502
856 502
856 501
853 501
853 500
852 500
852 499
851 499
851 498
850 498
850 496
849 496
849 491
848 491
848 452
846 452
846 451
842 451
842 450
841 450
841 449
840 449
840 448
839 448
839 446
838 446
838 442
837 442
837 438
836 438
836 433
830 433
830 434
829 434
829 435
828 435
828 438
827 438
827 439
826 439
826 440
825 440
825 441
822 441
822 442
816 442
816 443
815 443
815 444
814 444
814 445
811 445
811 446
806 446
806 447
805 447
805 448
804 448
804 450
803 450
803 451
801 451
801 452
786 452
786 453
776 453
776 454
771 454
771 455
768 455
768 454
761 454
761 455
752 455
752 454
751 454
751 453
750 453
750 452
748 452
748 451
747 451
747 450
745 450
745 449
743 449
743 448
741 448
741 447
728 447
728 446
726 446
726 445
725 445
725 444
724 444
724 443
723 443
723 442
722 442
722 441
721 441
721 440
720 440
720 439
718 439
718 438
716 438
716 437
712 437
712 436
710 436
710 433
709 433
709 431
708 431
708 430
704 430
704 429
698 429
698 428
695 428
695 427
691 427
691 426
690 426
690 425
689 425
689 424
688 424
688 423
687 423
687 422
686 422
686 421
685 421
685 419
684 419
684 418
683 418
683 417
679 417
679 416
678 416
678 415
675 415
675 414
672 414
672 413
666 413
666 414
665 414
665 416
664 416
664 417
663 417
663 418
662 418
662 419
661 419
661 420
660 420
660 421
655 421
655 422
650 422
650 423
643 423
643 422
642 422
642 421
641 421
641 419
640 419
640 418
639 418
639 417
637 417
637 416
636 416
636 415
634 415
634 414
632 414
632 413
630 413
630 412
627 412
627 411
626 411
626 410
622 410
622 409
621 409
621 408
617 408
617 407
614 407
614 406
609 406
609 405
605 405
605 404
601 404
601 403
599 403
599 402
597 402
597 401
596 401
596 400
595 400
595 399
594 399
594 398
593 398
593 397
592 397
592 395
591 395
591 394
590 394
590 393
589 393
589 392
588 392
588 391
587 391
587 390
586 390
586 388
585 388
585 387
584 387
584 385
583 385
583 384
582 384
582 381
581 381
581 357
580 357
580 356
579 356
579 354
577 354
577 353
575 353
575 352
574 352
574 351
573 351
573 350
572 350
572 349
571 349
571 348
569 348
569 347
568 347
568 346
565 346
565 345
563 345
563 344
561 344
561 343
559 343
559 342
558 342
558 341
557 341
557 340
555 340
555 339
553 339
553 338
552 338
552 337
550 337
550 336
549 336
549 335
548 335
548 334
547 334
547 332
546 332
546 330
545 330
545 316
546 316
546 311
545 311
545 308
544 308
544 307
542 307
542 306
537 306
537 305
534 305
534 304
522 304
522 303
517 303
517 302
514 302
514 303
505 303
505 302
498 302
498 301
494 301
494 300
492 300
492 299
491 299
491 298
490 298
490 297
489 297
489 295
488 295
488 293
487 293
487 292
486 292
486 291
485 291
485 290
482 290
482 289
481 289
481 288
480 288
480 287
478 287
478 286
477 286
477 285
475 285
475 284
470 284
470 283
469 283
469 282
468 282
468 281
466 281
466 280
465 280
465 279
464 279
464 278
463 278
463 275
462 275
462 274
461 274
461 271
460 271
460 270
459 270
459 269
457 269
457 268
456 268
456 267
455 267
455 266
454 266
454 265
451 265
451 264
448 264
448 263
447 263
447 261
446 261
446 260
445 260
445 259
444 259
444 258
443 258
443 257
441 257
441 256
440 256
440 255
437 255
437 254
435 254
435 253
432 253
432 252
429 252
429 251
426 251
426 250
420 250
420 249
412 249
412 248
405 248
405 247
402 247
402 246
388 246
388 247
385 247
385 248
383 248
383 249
381 249
381 250
375 250
375 251
360 251
360 250
356 250
356 249
347 249
347 248
343 248
343 247
340 247
340 246
334 246
334 245
328 245
328 246
327 246
327 247
324 247
324 248
323 248
323 247
319 247
319 246
323 246
323 247
324 247
324 246
327 246
327 245
328 245
328 244
334 244
334 245
340 245
340 246
343 246
343 247
347 247
347 248
356 248
356 249
360 249
360 250
375 250
375 249
381 249
381 248
383 248
383 247
385 247
385 246
388 246
388 245
402 245
402 246
405 246
405 247
412 247
412 248
420 248
420 249
426 249
426 250
429 250
429 251
432 251
432 252
435 252
435 253
437 253
437 254
440 254
440 255
441 255
441 256
443 256
443 257
444 257
444 258
445 258
445 259
446 259
446 260
447 260
447 261
448 261
448 263
451 263
451 264
454 264
454 265
455 265
455 266
456 266
456 267
457 267
457 268
459 268
459 269
460 269
460 270
461 270
461 271
462 271
462 274
463 274
463 275
464 275
464 278
465 278
465 279
466 279
466 280
468 280
468 281
469 281
469 282
470 282
470 283
475 283
475 284
477 284
477 285
478 285
478 286
480 286
480 287
481 287
481 288
482 288
482 289
485 289
485 290
486 290
486 291
487 291
487 292
488 292
488 293
489 293
489 295
490 295
490 297
491 297
491 298
492 298
492 299
494 299
494 300
498 300
498 301
505 301
505 302
514 302
514 301
517 301
517 302
522 302
522 303
534 303
534 304
537 304
537 305
542 305
542 306
544 306
544 307
545 307
545 308
546 308
546 311
547 311
547 316
546 316
546 330
547 330
547 332
548 332
548 334
549 334
549 335
550 335
550 336
552 336
552 337
553 337
553 338
555 338
555 339
557 339
557 340
558 340
558 341
559 341
559 342
561 342
561 343
563 343
563 344
565 344
565 345
568 345
568 346
569 346
569 347
571 347
571 348
572 348
572 349
573 349
573 350
574 350
574 351
575 351
575 352
577 352
577 353
579 353
579 354
580 354
580 356
581 356
581 357
582 357
582 381
583 381
583 384
584 384
584 385
585 385
585 387
586 387
586 388
587 388
587 390
588 390
588 391
589 391
589 392
590 392
590 393
591 393
591 394
592 394
592 395
593 395
593 397
594 397
594 398
595 398
595 399
596 399
596 400
597 400
597 401
599 401
599 402
601 402
601 403
605 403
605 404
609 404
609 405
614 405
614 406
617 406
617 407
621 407
621 408
622 408
622 409
626 409
626 410
627 410
627 411
630 411
630 412
632 412
632 413
634 413
634 414
636 414
636 415
637 415
637 416
639 416
639 417
640 417
640 418
641 418
641 419
642 419
642 421
643 421
643 422
650 422
650 421
655 421
655 420
660 420
660 419
661 419
661 418
662 418
662 417
663 417
663 416
664 416
664 414
665 414
665 413
666 413
666 412
672 412
672 413
675 413
675 414
678 414
678 415
679 415
679 416
683 416
683 417
684 417
684 418
685 418
685 419
686 419
686 421
687 421
687 422
688 422
688 423
689 423
689 424
690 424
690 425
691 425
691 426
695 426
695 427
698 427
698 428
704 428
704 429
708 429
708 430
709 430
709 431
710 431
710 433
711 433
711 435
712 435
712 436
716 436
716 437
718 437
718 438
720 438
720 439
721 439
721 440
722 440
722 441
723 441
723 442
724 442
724 443
725 443
725 444
726 444
726 445
728 445
728 446
741 446
741 447
743 447
743 448
745 448
745 449
747 449
747 450
748 450
748 451
750 451
750 452
751 452
751 453
752 453
752 454
761 454
761 453
768 453
768 454
771 454
771 453
776 453
776 452
786 452
786 451
801 451
801 450
803 450
803 448
804 448
804 447
805 447
805 446
806 446
806 445
811 445
811 444
814 444
814 443
815 443
815 442
816 442
816 441
822 441
822 440
825 440
825 439
826 439
826 438
827 438
827 435
828 435
828 434
829 434
829 433
830 433
830 432
836 432
836 433
837 433
837 438
838 438
838 442
839 442
839 446
840 446
840 448
841 448
841 449
842 449
842 450
846 450
846 451
848 451
848 452
849 452
849 491
850 491
850 496
851 496
851 498
852 498
852 499
853 499
853 500
856 500
856 501
857 501
857 502
858 502
858 503
859 503
859 504
860 504
860 520
861 520
861 526
862 526
862 527
863 527
863 528
864 528
864 529
866 529
866 530
867 530
867 531
868 531
868 532
869 532
869 533
870 533
870 537
871 537
871 538
872 538
872 539
873 539
873 540
874 540
874 541
877 541
877 542
878 542
878 543
882 543
882 542
886 542
886 541
888 541
888 540
891 540
891 539
899 539
899 538
901 538
901 537
912 537
912 538
915 538
915 539
916 539
916 540
917 540
917 541
918 541
918 542
920 542
920 543
922 543
922 544
925 544
925 545
926 545
926 546
927 546
927 548
928 548
928 549
929 549
929 551
931 551
931 552
933 552
933 553
935 553
935 554
938 554
938 555
939 555
939 557
940 557
940 558
941 558
941 559
942 559
942 560
944 560
944 561
947 561
947 562
951 562
951 563
955 563
955 564
958 564
958 565
961 565
961 566
972 566
972 567
973 567
973 566
977 566
977 567
983 567
983 566
986 566
986 565
987 565
987 564
989 564
989 563
995 563
995 562
998 562
998 561
1000 561
1000 560
1006 560
1006 559
1010 559
1010 558
1013 558
1013 557
1015 557
1015 556
1018 556
1018 555
1019 555
1019 554
1021 554
1021 553
1022 553
1022 552
1023 552
1023 551
1025 551
1025 550
1026 550
1026 549
1027 549
1027 548
1029 548
1029 547
1030 547
1030 546
1031 546
1031 545
1032 545
1032 544
1033 544
1033 543
1034 543
1034 542
1035 542
1035 541
1036 541
1036 540
1037 540
1037 539
1038 539
1038 537
1039 537
1039 536
1040 536
1040 535
1041 535
1041 534
1042 534
1042 533
1043 533
1043 532
1050 532
1050 531
1055 531
1055 530
1056 530
1056 529
1058 529
1058 528
1059 528
1059 527
1060 527
1060 526
1061 526
1061 525
1062 525
1062 523
1063 523
1063 522
1064 522
1064 521
1065 521
1065 520
1066 520
1066 518
1067 518
1067 514
1068 514
1068 513
1069 513
1069 512
1071 512
1071 511
1073 511
1073 510
1075 510
1075 509
1080 509
1080 508
1089 508
1089 509
1110 509
1110 510
1114 510
1114 511
1120 511
1120 512
1121 512
1121 513
1123 513
1123 514
1124 514
1124 515
1125 515
1125 516
1126 516
1126 520
1127 520
1127 553
1126 553
1126 584
1127 584
1127 585
1126 585
1126 591
1127 591
1127 612
1126 612
1126 620
1127 620
1127 627
1128 627
1128 630
1129 630
1129 631
1130 631
1130 632
1132 632
1132 633
1134 633
1134 634
1137 634
1137 635
1138 635
1138 636
1140 636
1140 637
1141 637
1141 638
1142 638
1142 639
1144 639
1144 640
1146 640
1146 641
1152 641
1152 642
1155 642
1155 643
1156 643
1156 644
1159 644
1159 645
1160 645
1160 661
1161 661
1161 667
1162 667
1162 668
1163 668
1163 669
1164 669
1164 670
1165 670
1165 671
1166 671
1166 672
1167 672
1167 673
1168 673
1168 674
1170 674
1170 675
1172 675
1172 676
1174 676
1174 677
1178 677
1178 678
1185 678
1185 679
1188 679
1188 680
1191 680
1191 681
1197 681
1197 682
1203 682
1203 683
1206 683
1206 684
1208 684
1208 685
1209 685
1209 686
1211 686
1211 687
1212 687
1212 688
1213 688
1213 689
1215 689
1215 690
1217 690
1217 691
1218 691
1218 692
1219 692
1219 701
1220 701
1220 703
1221 703
1221 705
1222 705
1222 706
1223 706
1223 707
1224 707
1224 708
1226 708
1226 709
1228 709
1228 710
1229 710
1229 711
1230 711
1230 722
1231 722
1231 736
1233 736
1233 737
1234 737
1234 738
1235 738
1235 739
1238 739
1238 740
1239 740
1239 741
1243 741
1243 742
1244 742
1244 743
1245 743
1245 744
1246 744
1246 745
1247 745
1247 746
1249 746
1249 747
1254 747
1254 748
1261 748
1261 749
1283 749
1283 750
1291 750
1291 751
1297 751
1297 750
1309 750
1309 749
1316 749
1316 748
1323 748
1323 747
1324 747
1324 742
1325 742
1325 705
1326 705
1326 704
1327 704
1327 703
1328 703
1328 702
1334 702
1334 701
1336 701
1336 700
1338 700
1338 699
1339 699
1339 698
1344 698
1344 697
1346 697
1346 696
1348 696
1348 695
1349 695
1349 693
1350 693
1350 690
1351 690
1351 689
1352 689
1352 688
1353 688
1353 687
1358 687
1358 686
1360 686
1360 685
1361 685
1361 681
1362 681
1362 675
1361 675
1361 669
1362 669
1362 665
1363 665
1363 664
1367 664
1367 663
1370 663
1370 662
1372 662
1372 661
1373 661
1373 658
1374 658
1374 656
1375 656
1375 655
1376 655
1376 654
1377 654
1377 653
1386 653
1386 652
1387 652
1387 650
1388 650
1388 649
1389 649
1389 648
1391 648
1391 647
1393 647
1393 646
1405 646
1405 645
1408 645
1408 644
1410 644
1410 643
1411 643
1411 642
1415 642
1415 643
1416 643
1416 644
1421 644
1421 645
1442 645
1442 644
1444 644
1444 643
1445 643
1445 642
1448 642
1448 641
1449 641
1449 640
1450 640
1450 639
1452 639
1452 638
1454 638
1454 637
1458 637
1458 613
1459 613
1459 610
1458 610
1458 606
1459 606
1459 576
1460 576
1460 574
1461 574
1461 573
1463 573
1463 572
1466 572
1466 571
1471 571
1471 570
1475 570
1475 569
1478 569
1478 570
1481 570
1481 571
1482 571
1482 572
1484 572
1484 573
1485 573
1485 574
1486 574
1486 575
1487 575
1487 576
1489 576
1489 577
1491 577
1491 578
1493 578
1493 579
1494 579
1494 580
1496 580
1496 581
1497 581
1497 582
1498 582
1498 588
1499 588
1499 590
1500 590
1500 593
1501 593
1501 597
1517 597
1517 598
1518 598
1518 599
1519 599
1519 600
1520 600
1520 601
1519 601
1519 607
1520 607
1520 616
1519 616
1519 624
1520 624
1520 630
1519 630
1519 645
1520 645
1520 655
1521 655
1521 657
1522 657
1522 658
1523 658
1523 660
1524 660
1524 661
1525 661
1525 662
1527 662
1527 663
1530 663
1530 664
1532 664
1532 665
1533 665
1533 667
1534 667
1534 673
1535 673
1535 679
1536 679
1536 682
1537 682
1537 683
1538 683
1538 684
1539 684
1539 685
1542 685
1542 686
1545 686
1545 687
1556 687
1556 688
1558 688
1558 689
1560 689
1560 690
1567 690
1567 691
1572 691
1572 692
1574 692
1574 693
1577 693
1577 694
1579 694
1579 695
1582 695
1582 696
1583 696
1583 697
1584 697
1584 700
1585 700
1585 704
1586 704
1586 707
1587 707
1587 708
1588 708
1588 709
1589 709
1589 710
1590 710
1590 711
1594 711
1594 712
1595 712
1595 713
1596 713
1596 715
1597 715
1597 717
1598 717
1598 720
1599 720
1599 721
1600 721
1600 723
1601 723
1601 724
1604 724
1604 725
1606 725
1606 726
1607 726
1607 727
1608 727
1608 728
1609 728
1609 736
1610 736
1610 740
1612 740
1612 741
1613 741
1613 742
1615 742
1615 743
1617 743
1617 742
1622 742
1622 741
1625 741
1625 740
1628 740
1628 739
1638 739
1638 740
1643 740
1643 739
1649 739
1649 738
1651 738
1651 737
1652 737
1652 736
1653 736
1653 735
1654 735
1654 734
1656 734
1656 733
1662 733
1662 732
1665 732
1665 731
1666 731
1666 730
1669 730
1669 729
1675 729
1675 728
1676 728
1676 727
1677 727
1677 726
1678 726
1678 725
1679 725
1679 724
1680 724
1680 723
1681 723
1681 722
1687 722
1687 721
1691 721
1691 719
1692 719
1692 711
1693 711
1693 710
1694 710
1694 709
1703 709
1703 708
1704 708
1704 707
1706 707
1706 706
1707 706
1707 705
1709 705
1709 704
1714 704
1714 706
1715 706
1715 707
1722 707
1722 708
1725 708
1725 709
1727 709
1727 710
1729 710
1729 711
1730 711
1730 712
1731 712
1731 713
1736 713
1736 714
1751 714
1751 713
1753 713
1753 712
1755 712
1755 711
1757 711
1757 710
1761 710
1761 711
1764 711
1764 712
1765 712
1765 713
1767 713
1767 714
1768 714
1768 715
1773 715
1773 714
1781 714
1781 713
1782 713
1782 706
1783 706
1783 705
1784 705
1784 704
1788 704
1788 703
1793 703
1793 702
1794 702
1794 701
1795 701
1795 700
1796 700
1796 699
1797 699
1797 698
1798 698
1798 697
1799 697
1799 695
1800 695
1800 694
1801 694
1801 692
1802 692
1802 690
1803 690
1803 689
1804 689
1804 686
1803 686
1803 680
1802 680
1802 679
1803 679
1803 672
1802 672
1802 640
1803 640
1803 630
1804 630
1804 629
1812 629
1812 628
1817 628
1817 625
1816 625
1816 615
1815 615
1815 610
1816 610
1816 602
1815 602
1815 590
1816 590
1816 589
1818 589
1818 588
1830 588
1830 587
1831 587
1831 586
1832 586
1832 585
1833 585
1833 584
1834 584
1834 583
1835 583
1835 582
1850 582
1850 581
1852 581
1852 580
1854 580
1854 579
1855 579
1855 578
1856 578
1856 576
1857 576
1857 574
1858 574
1858 573
1865 573
1865 574
1867 574
1867 575
1870 575
1870 576
1872 576
1872 577
1875 577
1875 578
1876 578
1876 579
1877 579
1877 580
1878 580
1878 581
1881 581
1881 582
1883 582
1883 583
1891 583
1891 584
1895 584
1895 585
1896 585
1896 586
1897 586
1897 596
1898 596
1898 603
1899 603
1899 614
1900 614
1900 616
1901 616
1901 619
1902 619
1902 621
1903 621
1903 622
1904 622
1904 623
1907 623
1907 624
1909 624
1909 625
1917 625
1917 626
1920 626
1920 627
1923 627
1923 628
1924 628
1924 629
1925 629
1925 634
1926 634
1926 636
1928 636
1928 637
1929 637
1929 638
1930 638
1930 640
1931 640
1931 645
1932 645
1932 663
1933 663
1933 696
1934 696
1934 719
1935 719
1935 739
1936 739
1936 754
1937 754
1937 757
1938 757
1938 758
1939 758
1939 759
1942 759
1942 760
1944 760
1944 761
1949 761
1949 762
1953 762
1953 763
1958 763
1958 764
1967 764
1967 763
1977 763
1977 762
1985 762
1985 761
1986 761
1986 760
1987 760
1987 759
1988 759
1988 758
1989 758
1989 757
1995 757
1995 756
1997 756
1997 755
1998 755
1998 754
1999 754
1999 751
2000 751
2000 750
2001 750
2001 749
2013 749
2013 750
2018 750
2018 749
2021 749
2021 748
2030 748
2030 747
2032 747
2032 746
2041 746
2041 745
2044 745
2044 744
2045 744
2045 733
2062 733
2062 732
2068 732
2068 730
2069 730
2069 729
2070 729
2070 728
2071 728
2071 727
2072 727
2072 726
2076 726
2076 725
2077 725
2077 724
2079 724
2079 722
2080 722
2080 717
2079 717
2079 712
2078 712
2078 702
2079 702
2079 701
2085 701
2085 700
2088 700
2088 699
2089 699
2089 697
2090 697
2090 693
2089 693
2089 685
2090 685
2090 684
2098 684
2098 683
2100 683
2100 682
2101 682
2101 681
2102 681
2102 680
2103 680
2103 679
2104 679
2104 677
2105 677
2105 676
2107 676
2107 675
2111 675
2111 674
2112 674
2112 673
2113 673
2113 672
2114 672
2114 671
2116 671
2116 670
2117 670
2117 669
2123 669
2123 668
2125 668
2125 667
2127 667
2127 666
2128 666
2128 665
2130 665
2130 664
2132 664
2132 662
2133 662
2133 660
2134 660
2134 658
2135 658
2135 655
2134 655
2134 649
2135 649
2135 636
2136 636
2136 635
2143 635
2143 634
2145 634
2145 632
2146 632
2146 629
2145 629
2145 618
2150 618
2150 617
2156 617
2156 616
2159 616
2159 615
2160 615
2160 612
2161 612
2161 611
2162 611
2162 610
2166 610
2166 611
2170 611
2170 612
2174 612
2174 613
2176 613
2176 614
2177 614
2177 615
2178 615
2178 616
2180 616
2180 617
2191 617
2191 616
2192 616
2192 590
2193 590
2193 589
2194 589
2194 588
2198 588
2198 587
2199 587
2199 585
2200 585
2200 567
2199 567
2199 561
2198 561
2198 558
2197 558
2197 554
2196 554
2196 551
2197 551
2197 550
2206 550
2206 549
2208 549
2208 548
2212 548
2212 549
2214 549
2214 550
2215 550
2215 552
2216 552
2216 555
2217 555
2217 565
2218 565
2218 570
2219 570
2219 575
2220 575
2220 576
2221 576
2221 577
2222 577
2222 578
2224 578
2224 579
2227 579
2227 580
2228 580
2228 581
2229 581
2229 585
2230 585
2230 595
2231 595
2231 603
2232 603
2232 608
2233 608
2233 610
2234 610
2234 612
2235 612
2235 613
2236 613
2236 614
2239 614
2239 615
2242 615
2242 616
2252 616
2252 617
2253 617
2253 621
2254 621
2254 632
2255 632
2255 643
2256 643
2256 652
2257 652
2257 662
2258 662
2258 665
2259 665
2259 667
2260 667
2260 669
2261 669
2261 671
2262 671
2262 672
2265 672
2265 673
2267 673
2267 674
2268 674
2268 676
2269 676
2269 678
2270 678
2270 683
2271 683
2271 686
2272 686
2272 688
2273 688
2273 689
2274 689
2274 690
2276 690
2276 691
2278 691
2278 692
2279 692
2279 693
2280 693
2280 694
2281 694
2281 696
2282 696
2282 699
2283 699
2283 703
2284 703
2284 705
2285 705
2285 706
2286 706
2286 707
2287 707
2287 708
2288 708
2288 709
2290 709
2290 710
2296 710
2296 711
2299 711
2299 712
2301 712
2301 713
2303 713
2303 714
2304 714
2304 715
2305 715
2305 716
2306 716
2306 719
2307 719
2307 721
2308 721
2308 724
2309 724
2309 725
2310 725
2310 726
2311 726
2311 727
2312 727
2312 728
2315 728
2315 729
2318 729
2318 730
2319 730
2319 731
2320 731
2320 732
2330 732
2330 733
2332 733
2332 734
2333 734
2333 735
2334 735
2334 736
2335 736
2335 737
2336 737
2336 738
2337 738
2337 739
2338 739
2338 740
2339 740
2339 741
2340 741
2340 742
2341 742
2341 743
2343 743
2343 744
2344 744
2344 745
2345 745
2345 746
2346 746
2346 747
2347 747
2347 748
2348 748
2348 749
2349 749
2349 750
2351 750
2351 751
2352 751
2352 752
2354 752
2354 753
2361 753
2361 754
2364 754
2364 755
2366 755
2366 756
2368 756
2368 755
2372 755
2372 754
2374 754
2374 753
2375 753
2375 748
2376 748
2376 747
2375 747
2375 733
2376 733
2376 732
2384 732
2384 731
2386 731
2386 730
2387 730
2387 729
2388 729
2388 728
2389 728
2389 727
2390 727
2390 726
2397 726
2397 725
2399 725
2399 724
2400 724
2400 723
2402 723
2402 722
2405 722
2405 721
2407 721
2407 720
2408 720
2408 717
2409 717
2409 704
2408 704
2408 682
2407 682
2407 660
2406 660
2406 642
2407 642
2407 641
2408 641
2408 640
2413 640
2413 641
2416 641
2416 640
2417 640
2417 622
2418 622
2418 621
2421 621
2421 620
2425 620
2425 619
2426 619
2426 617
2427 617
2427 612
2428 612
2428 599
2427 599
2427 586
2426 586
2426 568
2427 568
2427 567
2428 567
2428 566
2435 566
2435 565
2436 565
2436 564
2437 564
2437 563
2438 563
2438 562
2439 562
2439 560
2440 560
2440 559
2441 559
2441 558
2443 558
2443 557
2446 557
2446 556
2447 556
2447 555
2448 555
2448 554
2449 554
2449 552
2450 552
2450 551
2449 551
2449 534
2448 534
2448 514
2449 514
2449 513
2450 513
2450 512
2456 512
2456 511
2458 511
2458 510
2459 510
2459 508
2460 508
2460 507
2461 507
2461 506
2480 506
2480 507
2485 507
2485 508
2488 508
2488 509
2493 509
2493 510
2496 510
2496 511
2497 511
2497 512
2498 512
2498 516
2499 516
2499 522
2500 522
2500 531
2501 531
2501 541
2502 541
2502 547
2503 547
2503 553
2504 553
2504 558
2505 558
2505 564
2506 564
2506 565
2507 565
2507 567
2508 567
2508 568
2509 568
2509 569
2520 569
2520 570
2521 570
2521 572
2522 572
2522 574
2523 574
2523 578
2525 578
2525 579
2530 579
2530 580
2532 580
2532 581
2533 581
2533 582
2534 582
2534 583
2535 583
2535 584
2538 584
2538 585
2539 585
2539 586
2540 586
2540 588
2541 588
2541 589
2542 589
2542 590
2545 590
2545 591
2546 591
2546 592
2547 592
2547 593
2548 593
2548 597
2549 597
2549 604
2550 604
2550 614
2551 614
2551 616
2552 616
2552 620
2553 620
2553 623
2554 623
2554 626
2555 626
2555 628
2556 628
2556 629
2559 629
2559 630
2562 630
2562 631
2565 631
2565 632
2566 632
2566 633
2567 633
2567 644
2568 644
2568 648
2569 648
2569 651
2570 651
2570 654
2571 654
2571 655
2572 655
2572 656
2573 656
2573 657
2575 657
2575 658
2580 658
2580 659
2581 659
2581 660
2582 660
2582 661
2583 661
2583 663
2584 663
2584 665
2585 665
2585 667
2586 667
2586 668
2587 668
2587 670
2588 670
2588 673
2589 673
2589 675
2590 675
2590 687
2591 687
2591 692
2592 692
2592 707
2593 707
2593 717
2594 717
2594 725
2595 725
2595 732
2596 732
2596 744
2597 744
2597 746
2598 746
2598 747
2599 747
2599 748
2600 748
2600 749
2601 749
2601 750
2603 750
2603 751
2627 751
2627 750
2632 750
2632 749
2635 749
2635 748
2638 748
2638 747
2639 747
2639 746
2641 746
2641 745
2642 745
2642 744
2644 744
2644 743
2649 743
2649 744
2651 744
2651 743
2661 743
2661 744
2671 744
2671 743
2673 743
2673 744
2679 744
2679 745
2684 745
2684 744
2687 744
2687 743
2688 743
2688 742
2689 742
2689 741
2691 741
2691 740
2692 740
2692 739
2694 739
2694 738
2696 738
2696 736
2697 736
2697 735
2698 735
2698 734
2699 734
2699 733
2701 733
2701 732
2702 732
2702 731
2703 731
2703 730
2705 730
2705 729
2706 729
2706 728
2708 728
2708 727
2709 727
2709 726
2710 726
2710 724
2711 724
2711 723
2712 723
2712 722
2713 722
2713 720
2714 720
2714 719
2715 719
2715 718
2716 718
2716 716
2717 716
2717 715
2718 715
2718 714
2719 714
2719 713
2720 713
2720 711
2721 711
2721 710
2722 710
2722 709
2723 709
2723 708
2724 708
2724 707
2725 707
2725 704
2726 704
2726 696
2727 696
2727 667
2728 667
2728 666
2730 666
2730 665
2732 665
2732 664
2733 664
2733 663
2735 663
2735 662
2736 662
2736 660
2737 660
2737 659
2738 659
2738 607
2737 607
2737 598
2738 598
2738 590
2739 590
2739 594
2741 594
2741 593
2743 593
2743 592
2744 592
2744 591
2745 591
2745 589
2746 589
2746 588
2747 588
2747 584
2748 584
2748 575
2747 575
2747 543
2748 543
2748 542
2753 542
2753 541
2756 541
2756 540
2757 540
2757 512
2758 512
2758 511
2760 511
2760 510
2764 510
2764 509
2767 509
2767 508
2768 508
2768 507
2770 507
2770 506
2771 506
2771 500
2770 500
2770 488
2769 488
2769 484
2770 484
2770 481
2771 481
2771 480
2772 480
2772 479
2773 479
2773 478
2776 478
2776 477
2778 477
2778 475
2779 475
2779 474
2780 474
2780 466
2781 466
2781 465
2782 465
2782 464
2790 464
2790 465
2793 465
2793 466
2795 466
2795 467
2803 467
2803 468
2806 468
2806 469
2813 469
2813 470
2819 470
2819 471
2823 471
2823 470
2824 470
2824 469
2825 469
2825 468
2828 468
2828 467
2833 467
2833 466
2837 466
2837 465
2844 465
2844 464
2846 464
2846 463
2847 463
2847 462
2848 462
2848 461
2849 461
2849 460
2851 460
2851 459
2856 459
2856 460
2859 460
2859 459
2864 459
2864 460
2865 460
2865 461
2866 461
2866 464
2867 464
2867 467
2868 467
2868 468
2869 468
2869 470
2871 470
2871 471
2872 471
2872 472
2874 472
2874 473
2876 473
2876 474
2877 474
2877 475
2878 475
2878 476
2879 476
2879 479
2880 479
2880 483
2881 483
2881 484
2882 484
2882 485
2883 485
2883 486
2884 486
2884 487
2885 487
2885 488
2889 488
2889 489
2892 489
2892 490
2895 490
2895 491
2896 491
2896 492
2898 492
2898 493
2901 493
2901 494
2911 494
2911 495
2913 495
2913 496
2915 496
2915 497
2916 497
2916 500
2917 500
2917 503
2918 503
2918 507
2919 507
2919 514
2920 514
2920 520
2919 520
2919 522
2918 522
2918 527
2919 527
2919 529
2920 529
2920 531
2921 531
2921 533
2922 533
2922 536
2923 536
2923 537
2924 537
2924 538
2926 538
2926 539
2928 539
2928 540
2943 540
2943 541
2946 541
2946 542
2948 542
2948 543
2949 543
2949 546
2950 546
2950 547
2951 547
2951 548
2952 548
2952 549
2953 549
2953 550
2955 550
2955 551
2957 551
2957 552
2962 552
2962 553
2971 553
2971 552
2973 552
2973 551
2977 551
2977 550
2979 550
2979 549
2984 549
2984 548
2987 548
2987 547
2988 547
2988 546
2989 546
2989 545
2990 545
2990 544
2991 544
2991 541
2992 541
2992 540
2993 540
2993 539
2994 539
2994 538
2999 538
2999 539
3004 539
3004 540
3005 540
3005 541
3006 541
3006 542
3008 542
3008 543
3009 543
3009 544
3010 544
3010 546
3011 546
3011 547
3014 547
3014 548
3017 548
3017 549
3021 549
3021 550
3023 550
3023 551
3024 551
3024 553
3025 553
3025 554
3026 554
3026 555
3027 555
3027 556
3034 556
3034 557
3035 557
3035 558
3036 558
3036 559
3038 559
3038 560
3039 560
3039 561
3041 561
3041 562
3042 562
3042 563
3045 563
3045 564
3065 564
3065 563
3068 563
3068 562
3069 562
3069 561
3071 561
3071 560
3073 560
3073 559
3076 559
3076 558
3078 558
3078 556
3079 556
3079 554
3080 554
3080 552
3081 552
3081 551
3082 551
3082 550
3083 550
3083 549
3084 549
3084 548
3085 548
3085 547
3086 547
3086 546
3088 546
3088 545
3089 545
3089 544
3090 544
3090 543
3091 543
3091 540
3092 540
3092 538
3093 538
3093 537
3094 537
3094 536
3095 536
3095 535
3096 535
3096 534
3107 534
3107 533
3117 533
3117 532
3120 532
3120 531
3122 531
3122 530
3123 530
3123 529
3124 529
3124 524
3123 524
3123 510
3124 510
3124 509
3125 509
3125 508
3128 508
3128 507
3133 507
3133 506
3134 506
3134 504
3135 504
3135 496
3134 496
3134 493
3133 493
3133 487
3132 487
3132 476
3131 476
3131 466
3130 466
3130 449
3131 449
3131 448
3137 448
3137 447
3139 447
3139 446
3141 446
3141 445
3142 445
3142 440
3141 440
3141 427
3140 427
3140 422
3141 422
3141 421
3142 421
3142 420
3145 420
3145 419
3148 419
3148 418
3149 418
3149 417
3150 417
3150 415
3151 415
3151 401
3150 401
3150 373
3149 373
3149 351
3148 351
3148 350
3149 350
3149 345
3148 345
3148 331
3149 331
3149 329
3150 329
3150 326
3151 326
3151 325
3152 325
3152 323
3153 323
3153 322
3157 322
3157 321
3161 321
3161 320
3164 320
3164 321
3166 321
3166 322
3167 322
3167 330
3168 330
3168 333
3169 333
3169 337
3170 337
3170 339
3171 339
3171 341
3172 341
3172 343
3173 343
3173 345
3174 345
3174 346
3175 346
3175 347
3176 347
3176 348
3177 348
3177 349
3178 349
3178 350
3180 350
3180 351
3187 351
3187 352
3189 352
3189 351
3197 351
3197 352
3200 352
3200 351
3201 351
3201 350
3203 350
3203 349
3207 349
3207 348
3221 348
3221 349
3222 349
3222 350
3224 350
3224 351
3226 351
3226 352
3228 352
3228 353
3243 353
3243 352
3247 352
3247 353
3250 353
3250 354
3252 354
3252 355
3255 355
3255 356
3257 356
3257 357
3259 357
3259 358
3260 358
3260 360
3261 360
3261 361
3262 361
3262 363
3263 363
3263 366
3264 366
3264 368
3265 368
3265 370
3266 370
3266 375
3267 375
3267 383
3268 383
3268 387
3269 387
3269 390
3270 390
3270 391
3271 391
3271 392
3272 392
3272 393
3273 393
3273 394
3274 394
3274 395
3276 395
3276 396
3279 396
3279 397
3281 397
3281 398
3283 398
3283 399
3285 399
3285 400
3287 400
3287 401
3288 401
3288 402
3290 402
3290 403
3308 403
3308 404
3310 404
3310 405
3312 405
3312 406
3316 406
3316 407
3320 407
3320 408
3323 408
3323 409
3324 409
3324 410
3328 410
3328 411
3335 411
3335 412
3352 412
3352 411
3365 411
3365 410
3368 410
3368 409
3369 409
3369 408
3377 408
3377 407
3378 407
3378 402
3379 402
3379 380
3380 380
3380 378
3394 378
3394 377
3396 377
3396 376
3399 376
3399 374
3400 374
3400 373
3401 373
3401 372
3402 372
3402 370
3403 370
3403 369
3404 369
3404 367
3405 367
3405 366
3407 366
3407 365
3410 365
3410 364
3411 364
3411 363
3412 363
3412 360
3413 360
3413 359
3417 359
3417 358
3419 358
3419 357
3420 357
3420 356
3421 356
3421 351
3422 351
3422 350
3421 350
3421 343
3422 343
3422 341
3423 341
3423 340
3424 340
3424 336
3425 336
3425 333
3426 333
3426 330
3427 330
3427 328
3428 328
3428 327
3429 327
3429 325
3430 325
3430 321
3431 321
3431 294
3430 294
3430 268
3429 268
3429 226
3428 226
3428 216
3427 216
3427 201
3426 201
3426 181
3425 181
3425 178
3426 178
3426 175
3427 175
3427 174
3428 174
3428 173
3429 173
3429 172
3442 172
3442 171
3445 171
3445 170
3448 170
3448 169
3451 169
3451 168
3453 168
3453 167
3454 167
3454 166
3456 166
3456 165
3458 165
3458 164
3460 164
3460 163
3461 163
3461 162
3463 162
3463 161
3466 161
3466 160
3470 160
3470 159
3479 159
3479 160
3483 160
3483 161
3488 161
3488 162
3490 162
3490 163
3491 163
3491 164
3492 164
3492 165
3493 165
3493 166
3494 166
3494 167
3495 167
3495 168
3496 168
3496 171
3497 171
3497 172
3498 172
3498 174
3499 174
3499 178
3500 178
3500 182
3501 182
3501 183
3502 183
3502 185
3503 185
3503 186
3504 186
3504 187
3506 187
3506 188
3509 188
3509 189
3513 189
3513 190
3514 190
3514 191
3516 191
3516 192
3518 192
3518 193
3520 193
3520 194
3546 194
3546 193
3549 193
3549 194
3552 194
3552 195
3558 195
3558 196
3562 196
3562 195
3570 195
3570 196
3572 196
3572 197
3574 197
3574 198
3575 198
3575 199
3577 199
3577 200
3579 200
3579 201
3580 201
3580 202
3583 202
3583 203
3584 203
3584 205
3585 205
3585 207
3586 207
3586 211
3587 211
3587 213
3588 213
3588 215
3589 215
3589 216
3590 216
