2626 266
2622 266
2622 267
2620 267
2620 268
2617 268
2617 269
2615 269
2615 270
2612 270
2612 271
2609 271
2609 272
2606 272
2606 273
2602 273
2602 274
2598 274
2598 275
2594 275
2594 276
2586 276
2586 277
2583 277
2583 278
2578 278
2578 279
2571 279
2571 280
2567 280
2567 281
2563 281
2563 282
2558 282
2558 283
2557 283
2557 284
2556 284
2556 303
2557 303
2557 323
2556 323
2556 325
2555 325
2555 327
2554 327
2554 328
2553 328
2553 330
2552 330
2552 331
2550 331
2550 332
2549 332
2549 333
2548 333
2548 334
2546 334
2546 335
2543 335
2543 336
2542 336
2542 337
2541 337
2541 338
2540 338
2540 339
2539 339
2539 340
2538 340
2538 341
2537 341
2537 342
2536 342
2536 343
2534 343
2534 344
2533 344
2533 345
2531 345
2531 346
2530 346
2530 347
2528 347
2528 348
2527 348
2527 349
2526 349
2526 350
2525 350
2525 351
2524 351
2524 353
2523 353
2523 359
2522 359
2522 375
2523 375
2523 386
2524 386
2524 388
2523 388
2523 395
2522 395
2522 402
2521 402
2521 404
2520 404
2520 405
2519 405
2519 406
2518 406
2518 407
2516 407
2516 408
2515 408
2515 409
2514 409
2514 410
2513 410
2513 413
2512 413
2512 416
2511 416
2511 418
2510 418
2510 420
2509 420
2509 421
2507 421
2507 422
2503 422
2503 423
2499 423
2499 424
2498 424
2498 425
2497 425
2497 426
2495 426
2495 427
2479 427
2479 426
2474 426
2474 425
2472 425
2472 424
2471 424
2471 423
2467 423
2467 422
2465 422
2465 421
2463 421
2463 420
2458 420
2458 419
2453 419
2453 418
2448 418
2448 417
2447 417
2447 416
2446 416
2446 415
2444 415
2444 414
2443 414
2443 413
2442 413
2442 412
2441 412
2441 411
2440 411
2440 408
2439 408
2439 407
2438 407
2438 405
2437 405
2437 403
2436 403
2436 401
2435 401
2435 400
2428 400
2428 399
2421 399
2421 398
2412 398
2412 399
2411 399
2411 400
2410 400
2410 406
2409 406
2409 408
2408 408
2408 410
2407 410
2407 413
2406 413
2406 416
2405 416
2405 417
2404 417
2404 418
2403 418
2403 420
2402 420
2402 421
2401 421
2401 422
2400 422
2400 423
2399 423
2399 424
2398 424
2398 425
2396 425
2396 426
2395 426
2395 427
2394 427
2394 428
2392 428
2392 429
2391 429
2391 430
2390 430
2390 431
2389 431
2389 432
2387 432
2387 433
2382 433
2382 432
2376 432
2376 433
2375 433
2375 435
2374 435
2374 437
2373 437
2373 439
2372 439
2372 440
2371 440
2371 441
2370 441
2370 443
2369 443
2369 444
2368 444
2368 447
2367 447
2367 449
2366 449
2366 452
2365 452
2365 455
2364 455
2364 457
2363 457
2363 461
2362 461
2362 463
2361 463
2361 467
2360 467
2360 474
2359 474
2359 475
2358 475
2358 476
2357 476
2357 478
2356 478
2356 480
2355 480
2355 481
2354 481
2354 483
2353 483
2353 485
2352 485
2352 487
2351 487
2351 489
2350 489
2350 492
2349 492
2349 494
2348 494
2348 495
2347 495
2347 497
2346 497
2346 498
2344 498
2344 499
2343 499
2343 500
2342 500
2342 501
2340 501
2340 502
2339 502
2339 503
2338 503
2338 504
2337 504
2337 505
2335 505
2335 506
2333 506
2333 507
2330 507
2330 508
2305 508
2305 514
2306 514
2306 518
2307 518
2307 520
2306 520
2306 523
2305 523
2305 525
2304 525
2304 526
2303 526
2303 527
2302 527
2302 528
2291 528
2291 527
2288 527
2288 526
2284 526
2284 525
2283 525
2283 524
2282 524
2282 523
2281 523
2281 522
2280 522
2280 521
2279 521
2279 520
2278 520
2278 519
2277 519
2277 517
2276 517
2276 516
2275 516
2275 514
2274 514
2274 512
2273 512
2273 510
2272 510
2272 507
2271 507
2271 505
2270 505
2270 503
2269 503
2269 501
2268 501
2268 500
2267 500
2267 498
2266 498
2266 495
2265 495
2265 490
2264 490
2264 481
2263 481
2263 479
2262 479
2262 475
2261 475
2261 470
2260 470
2260 468
2258 468
2258 467
2245 467
2245 466
2243 466
2243 467
2240 467
2240 468
2236 468
2236 469
2235 469
2235 470
2234 470
2234 471
2233 471
2233 472
2232 472
2232 474
2231 474
2231 478
2230 478
2230 480
2229 480
2229 482
2228 482
2228 485
2227 485
2227 486
2226 486
2226 489
2225 489
2225 490
2223 490
2223 491
2222 491
2222 492
2221 492
2221 494
2220 494
2220 497
2219 497
2219 499
2218 499
2218 503
2217 503
2217 505
2216 505
2216 507
2215 507
2215 512
2214 512
2214 516
2213 516
2213 517
2212 517
2212 518
2211 518
2211 519
2210 519
2210 520
2209 520
2209 522
2208 522
2208 523
2207 523
2207 524
2206 524
2206 525
2205 525
2205 526
2204 526
2204 527
2203 527
2203 528
2202 528
2202 529
2200 529
2200 530
2199 530
2199 531
2197 531
2197 532
2196 532
2196 533
2195 533
2195 534
2194 534
2194 535
2193 535
2193 536
2192 536
2192 537
2191 537
2191 540
2190 540
2190 541
2189 541
2189 544
2188 544
2188 546
2187 546
2187 547
2186 547
2186 548
2184 548
2184 550
2183 550
2183 551
2182 551
2182 554
2181 554
2181 558
2180 558
2180 560
2179 560
2179 565
2178 565
2178 567
2177 567
2177 568
2176 568
2176 569
2175 569
2175 570
2172 570
2172 571
2165 571
2165 570
2162 570
2162 569
2152 569
2152 568
2150 568
2150 567
2148 567
2148 566
2146 566
2146 565
2145 565
2145 564
2144 564
2144 563
2143 563
2143 562
2142 562
2142 561
2141 561
2141 560
2140 560
2140 559
2134 559
2134 560
2124 560
2124 559
2123 559
2123 558
2120 558
2120 557
2115 557
2115 556
2109 556
2109 555
2105 555
2105 554
2102 554
2102 553
2097 553
2097 552
2095 552
2095 551
2093 551
2093 550
2092 550
2092 549
2091 549
2091 548
2089 548
2089 547
2088 547
2088 546
2087 546
2087 545
2086 545
2086 543
2085 543
2085 538
2084 538
2084 534
2083 534
2083 532
2081 532
2081 533
2079 533
2079 534
2078 534
2078 535
2076 535
2076 536
2074 536
2074 537
2067 537
2067 538
2064 538
2064 539
2061 539
2061 540
2052 540
2052 541
2051 541
2051 540
2048 540
2048 539
2046 539
2046 538
2040 538
2040 539
2016 539
2016 538
2013 538
2013 537
2012 537
2012 536
2011 536
2011 535
2010 535
2010 533
2009 533
2009 531
2008 531
2008 528
2007 528
2007 526
2006 526
2006 524
2005 524
2005 523
2003 523
2003 522
1997 522
1997 521
1992 521
1992 520
1990 520
1990 521
1984 521
1984 522
1983 522
1983 524
1982 524
1982 525
1981 525
1981 527
1980 527
1980 529
1979 529
1979 532
1978 532
1978 533
1976 533
1976 534
1974 534
1974 535
1973 535
1973 536
1972 536
1972 537
1970 537
1970 538
1969 538
1969 539
1968 539
1968 540
1967 540
1967 541
1964 541
1964 542
1961 542
1961 545
1960 545
1960 547
1959 547
1959 550
1958 550
1958 552
1957 552
1957 554
1956 554
1956 555
1955 555
1955 556
1953 556
1953 557
1952 557
1952 558
1951 558
1951 559
1950 559
1950 563
1949 563
1949 565
1948 565
1948 567
1947 567
1947 568
1946 568
1946 569
1945 569
1945 570
1944 570
1944 571
1941 571
1941 572
1940 572
1940 573
1939 573
1939 574
1938 574
1938 575
1937 575
1937 576
1936 576
1936 577
1935 577
1935 578
1923 578
1923 579
1921 579
1921 580
1920 580
1920 581
1918 581
1918 582
1916 582
1916 583
1913 583
1913 584
1907 584
1907 583
1894 583
1894 584
1887 584
1887 583
1886 583
1886 582
1885 582
1885 581
1884 581
1884 579
1883 579
1883 578
1882 578
1882 577
1881 577
1881 572
1880 572
1880 568
1879 568
1879 565
1878 565
1878 562
1876 562
1876 561
1873 561
1873 560
1872 560
1872 558
1871 558
1871 557
1870 557
1870 556
1869 556
1869 555
1868 555
1868 554
1867 554
1867 552
1866 552
1866 545
1864 545
1864 544
1860 544
1860 543
1858 543
1858 542
1854 542
1854 541
1850 541
1850 540
1848 540
1848 539
1847 539
1847 538
1846 538
1846 537
1845 537
1845 536
1844 536
1844 535
1843 535
1843 533
1842 533
1842 532
1841 532
1841 530
1840 530
1840 528
1839 528
1839 527
1836 527
1836 528
1833 528
1833 529
1832 529
1832 545
1833 545
1833 558
1834 558
1834 560
1833 560
1833 566
1832 566
1832 569
1831 569
1831 572
1830 572
1830 574
1829 574
1829 575
1828 575
1828 579
1827 579
1827 581
1826 581
1826 582
1825 582
1825 583
1812 583
1812 584
1804 584
1804 583
1803 583
1803 582
1802 582
1802 581
1801 581
1801 580
1800 580
1800 579
1799 579
1799 578
1798 578
1798 576
1797 576
1797 572
1796 572
1796 569
1795 569
1795 566
1794 566
1794 562
1795 562
1795 557
1794 557
1794 553
1793 553
1793 550
1789 550
1789 551
1788 551
1788 552
1787 552
1787 553
1786 553
1786 554
1785 554
1785 555
1784 555
1784 556
1783 556
1783 557
1782 557
1782 558
1781 558
1781 559
1780 559
1780 560
1778 560
1778 561
1769 561
1769 562
1745 562
1745 561
1743 561
1743 560
1742 560
1742 559
1741 559
1741 558
1739 558
1739 557
1738 557
1738 555
1737 555
1737 553
1736 553
1736 552
1735 552
1735 550
1734 550
1734 548
1733 548
1733 547
1730 547
1730 546
1729 546
1729 545
1728 545
1728 544
1727 544
1727 543
1726 543
1726 542
1725 542
1725 541
1724 541
1724 540
1723 540
1723 538
1722 538
1722 535
1721 535
1721 530
1720 530
1720 527
1718 527
1718 526
1716 526
1716 525
1715 525
1715 524
1714 524
1714 523
1712 523
1712 522
1711 522
1711 521
1710 521
1710 518
1709 518
1709 516
1708 516
1708 514
1707 514
1707 509
1706 509
1706 498
1705 498
1705 496
1704 496
1704 495
1702 495
1702 494
1700 494
1700 493
1698 493
1698 492
1697 492
1697 491
1696 491
1696 489
1695 489
1695 488
1694 488
1694 486
1693 486
1693 482
1692 482
1692 476
1691 476
1691 473
1690 473
1690 472
1689 472
1689 471
1686 471
1686 470
1685 470
1685 469
1684 469
1684 468
1683 468
1683 467
1682 467
1682 466
1681 466
1681 464
1680 464
1680 462
1679 462
1679 461
1677 461
1677 460
1671 460
1671 461
1668 461
1668 462
1665 462
1665 463
1664 463
1664 464
1662 464
1662 465
1661 465
1661 466
1659 466
1659 467
1657 467
1657 468
1655 468
1655 469
1653 469
1653 471
1638 471
1638 470
1637 470
1637 469
1635 469
1635 468
1626 468
1626 467
1625 467
1625 466
1624 466
1624 465
1623 465
1623 463
1622 463
1622 462
1621 462
1621 461
1620 461
1620 459
1619 459
1619 458
1618 458
1618 457
1617 457
1617 456
1615 456
1615 455
1612 455
1612 454
1611 454
1611 453
1610 453
1610 452
1609 452
1609 451
1607 451
1607 450
1604 450
1604 449
1600 449
1600 448
1598 448
1598 447
1591 447
1591 446
1588 446
1588 445
1587 445
1587 444
1586 444
1586 443
1585 443
1585 442
1584 442
1584 441
1582 441
1582 440
1579 440
1579 439
1577 439
1577 438
1576 438
1576 437
1575 437
1575 436
1574 436
1574 435
1573 435
1573 434
1571 434
1571 433
1569 433
1569 432
1564 432
1564 431
1563 431
1563 430
1562 430
1562 429
1555 429
1555 430
1553 430
1553 431
1547 431
1547 432
1544 432
1544 433
1543 433
1543 434
1540 434
1540 435
1524 435
1524 436
1520 436
1520 437
1517 437
1517 438
1499 438
1499 439
1484 439
1484 438
1480 438
1480 437
1479 437
1479 436
1478 436
1478 435
1477 435
1477 434
1476 434
1476 433
1475 433
1475 432
1474 432
1474 431
1473 431
1473 430
1470 430
1470 429
1469 429
1469 428
1468 428
1468 427
1467 427
1467 426
1466 426
1466 425
1465 425
1465 424
1464 424
1464 422
1463 422
1463 420
1462 420
1462 417
1461 417
1461 416
1460 416
1460 415
1459 415
1459 414
1455 414
1455 413
1454 413
1454 412
1453 412
1453 411
1452 411
1452 410
1451 410
1451 408
1450 408
1450 406
1449 406
1449 402
1448 402
1448 393
1447 393
1447 384
1446 384
1446 375
1445 375
1445 370
1444 370
1444 362
1443 362
1443 353
1442 353
1442 343
1441 343
1441 336
1440 336
1440 327
1439 327
1439 320
1438 320
1438 318
1437 318
1437 317
1436 317
1436 316
1435 316
1435 314
1434 314
1434 313
1433 313
1433 312
1432 312
1432 311
1431 311
1431 310
1430 310
1430 309
1425 309
1425 308
1423 308
1423 307
1422 307
1422 306
1421 306
1421 304
1420 304
1420 303
1419 303
1419 302
1418 302
1418 300
1417 300
1417 296
1416 296
1416 294
1415 294
1415 292
1414 292
1414 291
1413 291
1413 290
1412 290
1412 289
1410 289
1410 288
1408 288
1408 287
1407 287
1407 286
1406 286
1406 285
1405 285
1405 284
1404 284
1404 283
1403 283
1403 280
1402 280
1402 276
1401 276
1401 268
1400 268
1400 264
1396 264
1396 265
1394 265
1394 266
1384 266
1384 265
1380 265
1380 264
1378 264
1378 263
1377 263
1377 262
1376 262
1376 261
1375 261
1375 260
1368 260
1368 259
1366 259
1366 258
1364 258
1364 257
1363 257
1363 256
1359 256
1359 257
1357 257
1357 258
1354 258
1354 259
1351 259
1351 260
1350 260
1350 261
1346 261
1346 262
1337 262
1337 261
1333 261
1333 260
1330 260
1330 259
1327 259
1327 258
1322 258
1322 257
1319 257
1319 256
1318 256
1318 255
1317 255
1317 254
1318 254
1318 255
1319 255
1319 256
1322 256
1322 257
1327 257
1327 258
1330 258
1330 259
1333 259
1333 260
1337 260
1337 261
1346 261
1346 260
1350 260
1350 259
1351 259
1351 258
1354 258
1354 257
1357 257
1357 256
1359 256
1359 255
1363 255
1363 256
1364 256
1364 257
1366 257
1366 258
1368 258
1368 259
1375 259
1375 260
1376 260
1376 261
1377 261
1377 262
1378 262
1378 263
1380 263
1380 264
1384 264
1384 265
1394 265
1394 264
1396 264
1396 263
1400 263
1400 264
1401 264
1401 268
1402 268
1402 276
1403 276
1403 280
1404 280
1404 283
1405 283
1405 284
1406 284
1406 285
1407 285
1407 286
1408 286
1408 287
1410 287
1410 288
1412 288
1412 289
1413 289
1413 290
1414 290
1414 291
1415 291
1415 292
1416 292
1416 294
1417 294
1417 296
1418 296
1418 300
1419 300
1419 302
1420 302
1420 303
1421 303
1421 304
1422 304
1422 306
1423 306
1423 307
1425 307
1425 308
1430 308
1430 309
1431 309
1431 310
1432 310
1432 311
1433 311
1433 312
1434 312
1434 313
1435 313
1435 314
1436 314
1436 316
1437 316
1437 317
1438 317
1438 318
1439 318
1439 320
1440 320
1440 327
1441 327
1441 336
1442 336
1442 343
1443 343
1443 353
1444 353
1444 362
1445 362
1445 370
1446 370
1446 375
1447 375
1447 384
1448 384
1448 393
1449 393
1449 402
1450 402
1450 406
1451 406
1451 408
1452 408
1452 410
1453 410
1453 411
1454 411
1454 412
1455 412
1455 413
1459 413
1459 414
1460 414
1460 415
1461 415
1461 416
1462 416
1462 417
1463 417
1463 420
1464 420
1464 422
1465 422
1465 424
1466 424
1466 425
1467 425
1467 426
1468 426
1468 427
1469 427
1469 428
1470 428
1470 429
1473 429
1473 430
1474 430
1474 431
1475 431
1475 432
1476 432
1476 433
1477 433
1477 434
1478 434
1478 435
1479 435
1479 436
1480 436
1480 437
1484 437
1484 438
1499 438
1499 437
1517 437
1517 436
1520 436
1520 435
1524 435
1524 434
1540 434
1540 433
1543 433
1543 432
1544 432
1544 431
1547 431
1547 430
1553 430
1553 429
1555 429
1555 428
1562 428
1562 429
1563 429
1563 430
1564 430
1564 431
1569 431
1569 432
1571 432
1571 433
1573 433
1573 434
1574 434
1574 435
1575 435
1575 436
1576 436
1576 437
1577 437
1577 438
1579 438
1579 439
1582 439
1582 440
1584 440
1584 441
1585 441
1585 442
1586 442
1586 443
1587 443
1587 444
1588 444
1588 445
1591 445
1591 446
1598 446
1598 447
1600 447
1600 448
1604 448
1604 449
1607 449
1607 450
1609 450
1609 451
1610 451
1610 452
1611 452
1611 453
1612 453
1612 454
1615 454
1615 455
1617 455
1617 456
1618 456
1618 457
1619 457
1619 458
1620 458
1620 459
1621 459
1621 461
1622 461
1622 462
1623 462
1623 463
1624 463
1624 465
1625 465
1625 466
1626 466
1626 467
1635 467
1635 468
1637 468
1637 469
1638 469
1638 470
1652 470
1652 469
1653 469
1653 468
1655 468
1655 467
1657 467
1657 466
1659 466
1659 465
1661 465
1661 464
1662 464
1662 463
1664 463
1664 462
1665 462
1665 461
1668 461
1668 460
1671 460
1671 459
1677 459
1677 460
1679 460
1679 461
1680 461
1680 462
1681 462
1681 464
1682 464
1682 466
1683 466
1683 467
1684 467
1684 468
1685 468
1685 469
1686 469
1686 470
1689 470
1689 471
1690 471
1690 472
1691 472
1691 473
1692 473
1692 476
1693 476
1693 482
1694 482
1694 486
1695 486
1695 488
1696 488
1696 489
1697 489
1697 491
1698 491
1698 492
1700 492
1700 493
1702 493
1702 494
1704 494
1704 495
1705 495
1705 496
1706 496
1706 498
1707 498
1707 509
1708 509
1708 514
1709 514
1709 516
1710 516
1710 518
1711 518
1711 521
1712 521
1712 522
1714 522
1714 523
1715 523
1715 524
1716 524
1716 525
1718 525
1718 526
1720 526
1720 527
1721 527
1721 530
1722 530
1722 535
1723 535
1723 538
1724 538
1724 540
1725 540
1725 541
1726 541
1726 542
1727 542
1727 543
1728 543
1728 544
1729 544
1729 545
1730 545
1730 546
1733 546
1733 547
1734 547
1734 548
1735 548
1735 550
1736 550
1736 552
1737 552
1737 553
1738 553
1738 555
1739 555
1739 557
1741 557
1741 558
1742 558
1742 559
1743 559
1743 560
1745 560
1745 561
1769 561
1769 560
1778 560
1778 559
1780 559
1780 558
1781 558
1781 557
1782 557
1782 556
1783 556
1783 555
1784 555
1784 554
1785 554
1785 553
1786 553
1786 552
1787 552
1787 551
1788 551
1788 550
1789 550
1789 549
1793 549
1793 550
1794 550
1794 553
1795 553
1795 557
1796 557
1796 562
1795 562
1795 566
1796 566
1796 569
1797 569
1797 572
1798 572
1798 576
1799 576
1799 578
1800 578
1800 579
1801 579
1801 580
1802 580
1802 581
1803 581
1803 582
1804 582
1804 583
1812 583
1812 582
1825 582
1825 581
1826 581
1826 579
1827 579
1827 575
1828 575
1828 574
1829 574
1829 572
1830 572
1830 569
1831 569
1831 566
1832 566
1832 560
1833 560
1833 558
1832 558
1832 545
1831 545
1831 529
1832 529
1832 528
1833 528
1833 527
1836 527
1836 526
1839 526
1839 527
1840 527
1840 528
1841 528
1841 530
1842 530
1842 532
1843 532
1843 533
1844 533
1844 535
1845 535
1845 536
1846 536
1846 537
1847 537
1847 538
1848 538
1848 539
1850 539
1850 540
1854 540
1854 541
1858 541
1858 542
1860 542
1860 543
1864 543
1864 544
1866 544
1866 545
1867 545
1867 552
1868 552
1868 554
1869 554
1869 555
1870 555
1870 556
1871 556
1871 557
1872 557
1872 558
1873 558
1873 560
1876 560
1876 561
1878 561
1878 562
1879 562
1879 565
1880 565
1880 568
1881 568
1881 572
1882 572
1882 577
1883 577
1883 578
1884 578
1884 579
1885 579
1885 581
1886 581
1886 582
1887 582
1887 583
1894 583
1894 582
1907 582
1907 583
1913 583
1913 582
1916 582
1916 581
1918 581
1918 580
1920 580
1920 579
1921 579
1921 578
1923 578
1923 577
1935 577
1935 576
1936 576
1936 575
1937 575
1937 574
1938 574
1938 573
1939 573
1939 572
1940 572
1940 571
1941 571
1941 570
1944 570
1944 569
1945 569
1945 568
1946 568
1946 567
1947 567
1947 565
1948 565
1948 563
1949 563
1949 559
1950 559
1950 558
1951 558
1951 557
1952 557
1952 556
1953 556
1953 555
1955 555
1955 554
1956 554
1956 552
1957 552
1957 550
1958 550
1958 547
1959 547
1959 545
1960 545
1960 541
1964 541
1964 540
1967 540
1967 539
1968 539
1968 538
1969 538
1969 537
1970 537
1970 536
1972 536
1972 535
1973 535
1973 534
1974 534
1974 533
1976 533
1976 532
1978 532
1978 529
1979 529
1979 527
1980 527
1980 525
1981 525
1981 524
1982 524
1982 522
1983 522
1983 521
1984 521
1984 520
1990 520
1990 519
1992 519
1992 520
1997 520
1997 521
2003 521
2003 522
2005 522
2005 523
2006 523
2006 524
2007 524
2007 526
2008 526
2008 528
2009 528
2009 531
2010 531
2010 533
2011 533
2011 535
2012 535
2012 536
2013 536
2013 537
2016 537
2016 538
2040 538
2040 537
2046 537
2046 538
2048 538
2048 539
2051 539
2051 540
2052 540
2052 539
2061 539
2061 538
2064 538
2064 537
2067 537
2067 536
2074 536
2074 535
2076 535
2076 534
2078 534
2078 533
2079 533
2079 532
2081 532
2081 531
2083 531
2083 532
2084 532
2084 534
2085 534
2085 538
2086 538
2086 543
2087 543
2087 545
2088 545
2088 546
2089 546
2089 547
2091 547
2091 548
2092 548
2092 549
2093 549
2093 550
2095 550
2095 551
2097 551
2097 552
2102 552
2102 553
2105 553
2105 554
2109 554
2109 555
2115 555
2115 556
2120 556
2120 557
2123 557
2123 558
2124 558
2124 559
2134 559
2134 558
2140 558
2140 559
2141 559
2141 560
2142 560
2142 561
2143 561
2143 562
2144 562
2144 563
2145 563
2145 564
2146 564
2146 565
2148 565
2148 566
2150 566
2150 567
2152 567
2152 568
2162 568
2162 569
2165 569
2165 570
2172 570
2172 569
2175 569
2175 568
2176 568
2176 567
2177 567
2177 565
2178 565
2178 560
2179 560
2179 558
2180 558
2180 554
2181 554
2181 551
2182 551
2182 550
2183 550
2183 548
2184 548
2184 547
2186 547
2186 546
2187 546
2187 544
2188 544
2188 541
2189 541
2189 540
2190 540
2190 537
2191 537
2191 536
2192 536
2192 535
2193 535
2193 534
2194 534
2194 533
2195 533
2195 532
2196 532
2196 531
2197 531
2197 530
2199 530
2199 529
2200 529
2200 528
2202 528
2202 527
2203 527
2203 526
2204 526
2204 525
2205 525
2205 524
2206 524
2206 523
2207 523
2207 522
2208 522
2208 520
2209 520
2209 519
2210 519
2210 518
2211 518
2211 517
2212 517
2212 516
2213 516
2213 512
2214 512
2214 507
2215 507
2215 505
2216 505
2216 503
2217 503
2217 499
2218 499
2218 497
2219 497
2219 494
2220 494
2220 492
2221 492
2221 491
2222 491
2222 490
2223 490
2223 489
2225 489
2225 486
2226 486
2226 485
2227 485
2227 482
2228 482
2228 480
2229 480
2229 478
2230 478
2230 474
2231 474
2231 472
2232 472
2232 471
2233 471
2233 470
2234 470
2234 469
2235 469
2235 468
2236 468
2236 467
2240 467
2240 466
2243 466
2243 465
2245 465
2245 466
2258 466
2258 467
2260 467
2260 468
2261 468
2261 470
2262 470
2262 475
2263 475
2263 479
2264 479
2264 481
2265 481
2265 490
2266 490
2266 495
2267 495
2267 498
2268 498
2268 500
2269 500
2269 501
2270 501
2270 503
2271 503
2271 505
2272 505
2272 507
2273 507
2273 510
2274 510
2274 512
2275 512
2275 514
2276 514
2276 516
2277 516
2277 517
2278 517
2278 519
2279 519
2279 520
2280 520
2280 521
2281 521
2281 522
2282 522
2282 523
2283 523
2283 524
2284 524
2284 525
2288 525
2288 526
2291 526
2291 527
2302 527
2302 526
2303 526
2303 525
2304 525
2304 523
2305 523
2305 520
2306 520
2306 518
2305 518
2305 514
2304 514
2304 508
2305 508
2305 507
2330 507
2330 506
2333 506
2333 505
2335 505
2335 504
2337 504
2337 503
2338 503
2338 502
2339 502
2339 501
2340 501
2340 500
2342 500
2342 499
2343 499
2343 498
2344 498
2344 497
2346 497
2346 495
2347 495
2347 494
2348 494
2348 492
2349 492
2349 489
2350 489
2350 487
2351 487
2351 485
2352 485
2352 483
2353 483
2353 481
2354 481
2354 480
2355 480
2355 478
2356 478
2356 476
2357 476
2357 475
2358 475
2358 474
2359 474
2359 467
2360 467
2360 463
2361 463
2361 461
2362 461
2362 457
2363 457
2363 455
2364 455
2364 452
2365 452
2365 449
2366 449
2366 447
2367 447
2367 444
2368 444
2368 443
2369 443
2369 441
2370 441
2370 440
2371 440
2371 439
2372 439
2372 437
2373 437
2373 435
2374 435
2374 433
2375 433
2375 432
2376 432
2376 431
2382 431
2382 432
2387 432
2387 431
2389 431
2389 430
2390 430
2390 429
2391 429
2391 428
2392 428
2392 427
2394 427
2394 426
2395 426
2395 425
2396 425
2396 424
2398 424
2398 423
2399 423
2399 422
2400 422
2400 421
2401 421
2401 420
2402 420
2402 418
2403 418
2403 417
2404 417
2404 416
2405 416
2405 413
2406 413
2406 410
2407 410
2407 408
2408 408
2408 406
2409 406
2409 400
2410 400
2410 399
2411 399
2411 398
2412 398
2412 397
2421 397
2421 398
2428 398
2428 399
2435 399
2435 400
2436 400
2436 401
2437 401
2437 403
2438 403
2438 405
2439 405
2439 407
2440 407
2440 408
2441 408
2441 411
2442 411
2442 412
2443 412
2443 413
2444 413
2444 414
2446 414
2446 415
2447 415
2447 416
2448 416
2448 417
2453 417
2453 418
2458 418
2458 419
2463 419
2463 420
2465 420
2465 421
2467 421
2467 422
2471 422
2471 423
2472 423
2472 424
2474 424
2474 425
2479 425
2479 426
2495 426
2495 425
2497 425
2497 424
2498 424
2498 423
2499 423
2499 422
2503 422
2503 421
2507 421
2507 420
2509 420
2509 418
2510 418
2510 416
2511 416
2511 413
2512 413
2512 410
2513 410
2513 409
2514 409
2514 408
2515 408
2515 407
2516 407
2516 406
2518 406
2518 405
2519 405
2519 404
2520 404
2520 402
2521 402
2521 395
2522 395
2522 388
2523 388
2523 386
2522 386
2522 375
2521 375
2521 359
2522 359
2522 353
2523 353
2523 351
2524 351
2524 350
2525 350
2525 349
2526 349
2526 348
2527 348
2527 347
2528 347
2528 346
2530 346
2530 345
2531 345
2531 344
2533 344
2533 343
2534 343
2534 342
2536 342
2536 341
2537 341
2537 340
2538 340
2538 339
2539 339
2539 338
2540 338
2540 337
2541 337
2541 336
2542 336
2542 335
2543 335
2543 334
2546 334
2546 333
2548 333
2548 332
2549 332
2549 331
2550 331
2550 330
2552 330
2552 328
2553 328
2553 327
2554 327
2554 325
2555 325
2555 323
2556 323
2556 303
2555 303
2555 284
2556 284
2556 283
2557 283
2557 282
2558 282
2558 281
2563 281
2563 280
2567 280
2567 279
2571 279
2571 278
2578 278
2578 277
2583 277
2583 276
2586 276
2586 275
2594 275
2594 274
2598 274
2598 273
2602 273
2602 272
2606 272
2606 271
2609 271
2609 270
2612 270
2612 269
2615 269
2615 268
2617 268
2617 267
2620 267
2620 266
2622 266
2622 265
2626 265
2626 264
2627 264
2627 263
2628 263
2628 262
2629 262
2629 261
2630 261
2630 260
2631 260
2631 258
2632 258
2632 256
2633 256
2633 251
2634 251
2634 243
2635 243
2635 242
2636 242
2636 241
2637 241
2637 240
2638 240
2638 239
2639 239
2639 238
2641 238
2641 236
2642 236
2642 234
2643 234
2643 230
2644 230
2644 229
2645 229
2645 228
2646 228
2646 227
2648 227
2648 226
2649 226
2649 225
2650 225
2650 224
2651 224
2651 220
2652 220
2652 219
2653 219
2653 218
2654 218
2654 216
2655 216
2655 215
2657 215
2657 214
2658 214
2658 213
2659 213
2659 212
2660 212
2660 211
2661 211
2661 210
2662 210
2662 207
2663 207
2663 202
2664 202
2664 196
2663 196
2663 181
2662 181
2662 174
2663 174
2663 172
2664 172
2664 171
2665 171
2665 170
2667 170
2667 169
2668 169
2668 168
2669 168
2669 167
2670 167
2670 166
2671 166
2671 163
2672 163
2672 158
2673 158
2673 147
2674 147
2674 146
2675 146
2675 145
2676 145
2676 144
2680 144
2680 143
2683 143
2683 142
2685 142
2685 141
2699 141
2699 142
2700 142
2700 143
2712 143
2712 144
2717 144
2717 143
2722 143
2722 142
2724 142
2724 141
2726 141
2726 140
2731 140
2731 139
2732 139
2732 137
2733 137
2733 136
2734 136
2734 134
2735 134
2735 132
2734 132
2734 126
2735 126
2735 125
2737 125
2737 124
2740 124
2740 123
2741 123
2741 122
2742 122
2742 120
2743 120
2743 118
2744 118
2744 112
2743 112
2743 110
2744 110
2744 109
2745 109
2745 108
2746 108
2746 107
2747 107
2747 106
2750 106
2750 105
2752 105
2752 106
2750 106
2750 107
2747 107
2747 108
2746 108
2746 109
2745 109
2745 110
2744 110
2744 112
2745 112
2745 118
2744 118
2744 120
2743 120
2743 122
2742 122
2742 123
2741 123
2741 124
2740 124
2740 125
2737 125
2737 126
2735 126
2735 132
2736 132
2736 134
2735 134
2735 136
2734 136
2734 137
2733 137
2733 139
2732 139
2732 140
2731 140
2731 141
2726 141
2726 142
2724 142
2724 143
2722 143
2722 144
2717 144
2717 145
2712 145
2712 144
2699 144
2699 142
2685 142
2685 143
2683 143
2683 144
2680 144
2680 145
2676 145
2676 146
2675 146
2675 147
2674 147
2674 158
2673 158
2673 163
2672 163
2672 166
2671 166
2671 167
2670 167
2670 168
2669 168
2669 169
2668 169
2668 170
2667 170
2667 171
2665 171
2665 172
2664 172
2664 174
2663 174
2663 181
2664 181
2664 196
2665 196
2665 202
2664 202
2664 207
2663 207
2663 210
2662 210
2662 211
2661 211
2661 212
2660 212
2660 213
2659 213
2659 214
2658 214
2658 215
2657 215
2657 216
2655 216
2655 218
2654 218
2654 219
2653 219
2653 220
2652 220
2652 224
2651 224
2651 225
2650 225
2650 226
2649 226
2649 227
2648 227
2648 228
2646 228
2646 229
2645 229
2645 230
2644 230
2644 234
2643 234
2643 236
2642 236
2642 238
2641 238
2641 239
2639 239
2639 240
2638 240
2638 241
2637 241
2637 242
2636 242
2636 243
2635 243
2635 251
2634 251
2634 256
2633 256
2633 258
2632 258
2632 260
2631 260
2631 261
2630 261
2630 262
2629 262
2629 263
2628 263
2628 264
2627 264
2627 265
2626 265
