2368 903
2373 903
2373 904
2375 904
2375 905
2379 905
2379 906
2380 906
2380 907
2381 907
2381 908
2382 908
2382 909
2383 909
2383 910
2384 910
2384 911
2385 911
2385 913
2386 913
2386 915
2387 915
2387 922
2388 922
2388 935
2387 935
2387 959
2388 959
2388 964
2389 964
2389 970
2390 970
2390 971
2391 971
2391 972
2392 972
2392 973
2393 973
2393 974
2395 974
2395 975
2404 975
2404 976
2410 976
2410 977
2414 977
2414 978
2422 978
2422 979
2423 979
2423 980
2424 980
2424 982
2425 982
2425 984
2426 984
2426 987
2427 987
2427 990
2428 990
2428 991
2429 991
2429 992
2430 992
2430 994
2431 994
2431 995
2432 995
2432 996
2433 996
2433 997
2435 997
2435 998
2438 998
2438 999
2443 999
2443 998
2444 998
2444 997
2445 997
2445 996
2447 996
2447 995
2450 995
2450 993
2451 993
2451 991
2452 991
2452 989
2453 989
2453 988
2454 988
2454 985
2455 985
2455 981
2456 981
2456 976
2457 976
2457 972
2458 972
2458 967
2459 967
2459 959
2460 959
2460 942
2461 942
2461 934
2462 934
2462 905
2463 905
2463 896
2464 896
2464 883
2465 883
2465 877
2466 877
2466 875
2467 875
2467 872
2468 872
2468 871
2469 871
2469 870
2471 870
2471 869
2474 869
2474 868
2478 868
2478 869
2481 869
2481 870
2486 870
2486 858
2497 858
2497 857
2498 857
2498 856
2500 856
2500 855
2502 855
2502 854
2504 854
2504 853
2511 853
2511 852
2514 852
2514 851
2516 851
2516 850
2527 850
2527 851
2534 851
2534 852
2536 852
2536 853
2537 853
2537 854
2538 854
2538 855
2539 855
2539 856
2540 856
2540 859
2541 859
2541 861
2542 861
2542 863
2543 863
2543 864
2544 864
2544 865
2545 865
2545 866
2548 866
2548 867
2550 867
2550 868
2551 868
2551 869
2552 869
2552 872
2553 872
2553 877
2554 877
2554 880
2555 880
2555 881
2556 881
2556 882
2559 882
2559 883
2561 883
2561 884
2562 884
2562 885
2563 885
2563 886
2564 886
2564 888
2565 888
2565 889
2566 889
2566 891
2567 891
2567 893
2568 893
2568 895
2569 895
2569 901
2570 901
2570 904
2571 904
2571 905
2572 905
2572 906
2575 906
2575 907
2578 907
2578 908
2581 908
2581 909
2583 909
2583 910
2584 910
2584 911
2588 911
2588 912
2591 912
2591 911
2594 911
2594 910
2604 910
2604 911
2606 911
2606 912
2607 912
2607 913
2608 913
2608 914
2609 914
2609 915
2611 915
2611 916
2612 916
2612 917
2617 917
2617 918
2620 918
2620 919
2623 919
2623 920
2624 920
2624 921
2626 921
2626 922
2627 922
2627 923
2628 923
2628 924
2629 924
2629 925
2630 925
2630 926
2631 926
2631 928
2632 928
2632 929
2633 929
2633 930
2634 930
2634 931
2637 931
2637 932
2642 932
2642 933
2643 933
2643 934
2644 934
2644 935
2647 935
2647 936
2653 936
2653 935
2655 935
2655 934
2656 934
2656 933
2657 933
2657 932
2659 932
2659 931
2662 931
2662 930
2663 930
2663 927
2664 927
2664 926
2666 926
2666 925
2667 925
2667 924
2672 924
2672 923
2674 923
2674 922
2676 922
2676 921
2677 921
2677 920
2678 920
2678 919
2679 919
2679 918
2680 918
2680 917
2683 917
2683 916
2685 916
2685 915
2686 915
2686 914
2687 914
2687 908
2688 908
2688 903
2689 903
2689 899
2690 899
2690 890
2691 890
2691 887
2692 887
2692 874
2693 874
2693 865
2694 865
2694 857
2695 857
2695 845
2696 845
2696 828
2697 828
2697 821
2698 821
2698 819
2699 819
2699 818
2700 818
2700 817
2706 817
2706 818
2708 818
2708 819
2713 819
2713 820
2714 820
2714 821
2715 821
2715 822
2716 822
2716 823
2717 823
2717 825
2718 825
2718 827
2719 827
2719 829
2720 829
2720 830
2721 830
2721 831
2722 831
2722 832
2724 832
2724 833
2726 833
2726 834
2727 834
2727 835
2728 835
2728 836
2729 836
2729 838
2730 838
2730 842
2731 842
2731 844
2732 844
2732 846
2733 846
2733 847
2736 847
2736 848
2739 848
2739 849
2740 849
2740 851
2741 851
2741 854
2742 854
2742 856
2743 856
2743 858
2744 858
2744 859
2745 859
2745 860
2747 860
2747 861
2748 861
2748 862
2749 862
2749 863
2750 863
2750 864
2751 864
2751 865
2753 865
2753 866
2754 866
2754 868
2755 868
2755 870
2756 870
2756 872
2757 872
2757 873
2758 873
2758 874
2759 874
2759 875
2760 875
2760 876
2761 876
2761 877
2762 877
2762 878
2764 878
2764 879
2769 879
2769 880
2773 880
2773 877
2774 877
2774 874
2775 874
2775 870
2776 870
2776 867
2777 867
2777 855
2778 855
2778 844
2779 844
2779 832
2780 832
2780 817
2781 817
2781 807
2782 807
2782 803
2783 803
2783 800
2784 800
2784 793
2785 793
2785 787
2786 787
2786 781
2787 781
2787 770
2788 770
2788 758
2789 758
2789 747
2790 747
2790 742
2791 742
2791 730
2792 730
2792 720
2793 720
2793 707
2794 707
2794 692
2795 692
2795 684
2796 684
2796 679
2797 679
2797 676
2798 676
2798 674
2799 674
2799 672
2800 672
2800 670
2801 670
2801 664
2802 664
2802 663
2803 663
2803 662
2808 662
2808 663
2811 663
2811 664
2813 664
2813 663
2814 663
2814 659
2815 659
2815 657
2816 657
2816 655
2817 655
2817 654
2822 654
2822 653
2823 653
2823 648
2826 648
2826 649
2829 649
2829 650
2831 650
2831 651
2833 651
2833 652
2837 652
2837 653
2851 653
2851 654
2853 654
2853 655
2855 655
2855 656
2858 656
2858 657
2867 657
2867 658
2868 658
2868 659
2870 659
2870 660
2872 660
2872 661
2873 661
2873 662
2875 662
2875 663
2879 663
2879 662
2883 662
2883 663
2890 663
2890 664
2891 664
2891 665
2892 665
2892 666
2893 666
2893 667
2894 667
2894 668
2895 668
2895 669
2896 669
2896 670
2897 670
2897 671
2898 671
2898 672
2900 672
2900 673
2901 673
2901 674
2905 674
2905 675
2907 675
2907 676
2914 676
2914 677
2916 677
2916 678
2917 678
2917 679
2918 679
2918 681
2919 681
2919 683
2921 683
2921 684
2923 684
2923 685
2930 685
2930 684
2932 684
2932 685
2939 685
2939 686
2940 686
2940 687
2942 687
2942 688
2943 688
2943 689
2944 689
2944 690
2945 690
2945 691
2946 691
2946 692
2949 692
2949 693
2956 693
2956 694
2966 694
2966 695
2969 695
2969 696
2976 696
2976 697
2978 697
2978 696
2984 696
2984 695
2986 695
2986 694
2987 694
2987 691
2988 691
2988 685
2987 685
2987 678
2988 678
2988 677
3006 677
3006 676
3009 676
3009 675
3010 675
3010 674
3011 674
3011 673
3012 673
3012 670
3013 670
3013 658
3016 658
3016 657
3017 657
3017 656
3019 656
3019 655
3020 655
3020 654
3021 654
3021 653
3022 653
3022 652
3023 652
3023 651
3024 651
3024 650
3026 650
3026 649
3034 649
3034 648
3036 648
3036 646
3037 646
3037 635
3038 635
3038 627
3039 627
3039 617
3040 617
3040 612
3041 612
3041 607
3042 607
3042 601
3043 601
3043 599
3044 599
3044 593
3045 593
3045 590
3046 590
3046 583
3047 583
3047 581
3048 581
3048 575
3049 575
3049 566
3050 566
3050 562
3051 562
3051 558
3052 558
3052 550
3053 550
3053 538
3054 538
3054 527
3055 527
3055 516
3056 516
3056 502
3057 502
3057 491
3058 491
3058 483
3059 483
3059 461
3060 461
3060 453
3061 453
3061 450
3062 450
3062 449
3063 449
3063 448
3076 448
3076 449
3083 449
3083 450
3106 450
3106 451
3107 451
3107 452
3108 452
3108 454
3109 454
3109 455
3110 455
3110 456
3111 456
3111 457
3112 457
3112 458
3113 458
3113 460
3114 460
3114 461
3122 461
3122 460
3124 460
3124 459
3125 459
3125 458
3128 458
3128 459
3130 459
3130 460
3131 460
3131 462
3132 462
3132 463
3133 463
3133 464
3134 464
3134 465
3136 465
3136 466
3141 466
3141 467
3150 467
3150 466
3152 466
3152 465
3153 465
3153 464
3155 464
3155 463
3156 463
3156 462
3157 462
3157 461
3158 461
3158 460
3160 460
3160 459
3161 459
3161 458
3163 458
3163 457
3166 457
3166 456
3172 456
3172 455
3178 455
3178 454
3179 454
3179 453
3182 453
3182 452
3183 452
3183 451
3184 451
3184 450
3185 450
3185 448
3186 448
3186 446
3187 446
3187 444
3188 444
3188 438
3189 438
3189 433
3190 433
3190 426
3191 426
3191 405
3192 405
3192 396
3193 396
3193 392
3194 392
3194 391
3195 391
3195 390
3196 390
3196 389
3199 389
3199 388
3200 388
3200 387
3201 387
3201 386
3202 386
3202 385
3203 385
3203 383
3204 383
3204 382
3205 382
3205 373
3206 373
3206 362
3207 362
3207 349
3208 349
3208 338
3209 338
3209 336
3210 336
3210 324
3211 324
3211 313
3212 313
3212 309
3213 309
3213 308
3214 308
3214 307
3216 307
3216 306
3217 306
3217 305
3229 305
3229 304
3231 304
3231 303
3239 303
3239 302
3243 302
3243 301
3244 301
3244 300
3249 300
3249 301
3251 301
3251 302
3258 302
3258 300
3259 300
3259 292
3258 292
3258 287
3259 287
3259 286
3260 286
3260 287
3259 287
3259 292
3260 292
3260 300
3259 300
3259 302
3258 302
3258 303
3251 303
3251 302
3249 302
3249 301
3244 301
3244 302
3243 302
3243 303
3239 303
3239 304
3231 304
3231 305
3229 305
3229 306
3217 306
3217 308
3214 308
3214 309
3213 309
3213 313
3212 313
3212 324
3211 324
3211 337
3210 337
3210 338
3209 338
3209 349
3208 349
3208 362
3207 362
3207 373
3206 373
3206 382
3205 382
3205 383
3204 383
3204 385
3203 385
3203 386
3202 386
3202 387
3201 387
3201 388
3200 388
3200 389
3199 389
3199 390
3196 390
3196 391
3195 391
3195 392
3194 392
3194 396
3193 396
3193 405
3192 405
3192 426
3191 426
3191 433
3190 433
3190 438
3189 438
3189 444
3188 444
3188 446
3187 446
3187 448
3186 448
3186 450
3185 450
3185 451
3184 451
3184 452
3183 452
3183 453
3182 453
3182 454
3179 454
3179 455
3178 455
3178 456
3172 456
3172 457
3166 457
3166 458
3163 458
3163 459
3161 459
3161 460
3160 460
3160 461
3158 461
3158 462
3157 462
3157 463
3156 463
3156 464
3155 464
3155 465
3153 465
3153 466
3152 466
3152 467
3150 467
3150 468
3141 468
3141 467
3136 467
3136 466
3134 466
3134 465
3133 465
3133 464
3132 464
3132 463
3131 463
3131 462
3130 462
3130 460
3128 460
3128 459
3125 459
3125 460
3124 460
3124 461
3122 461
3122 462
3114 462
3114 461
3113 461
3113 460
3112 460
3112 458
3111 458
3111 457
3110 457
3110 456
3109 456
3109 455
3108 455
3108 454
3107 454
3107 452
3106 452
3106 451
3083 451
3083 450
3076 450
3076 449
3063 449
3063 450
3062 450
3062 453
3061 453
3061 461
3060 461
3060 483
3059 483
3059 491
3058 491
3058 502
3057 502
3057 516
3056 516
3056 527
3055 527
3055 538
3054 538
3054 550
3053 550
3053 558
3052 558
3052 562
3051 562
3051 566
3050 566
3050 575
3049 575
3049 581
3048 581
3048 583
3047 583
3047 590
3046 590
3046 593
3045 593
3045 599
3044 599
3044 601
3043 601
3043 607
3042 607
3042 612
3041 612
3041 617
3040 617
3040 627
3039 627
3039 635
3038 635
3038 646
3037 646
3037 648
3036 648
3036 649
3034 649
3034 650
3026 650
3026 651
3024 651
3024 652
3023 652
3023 653
3022 653
3022 654
3021 654
3021 655
3020 655
3020 656
3019 656
3019 657
3017 657
3017 658
3016 658
3016 659
3014 659
3014 670
3013 670
3013 673
3012 673
3012 674
3011 674
3011 675
3010 675
3010 676
3009 676
3009 677
3006 677
3006 678
2988 678
2988 685
2989 685
2989 691
2988 691
2988 694
2987 694
2987 695
2986 695
2986 696
2984 696
2984 697
2978 697
2978 698
2976 698
2976 697
2969 697
2969 696
2966 696
2966 695
2956 695
2956 694
2949 694
2949 693
2946 693
2946 692
2945 692
2945 691
2944 691
2944 690
2943 690
2943 689
2942 689
2942 688
2940 688
2940 687
2939 687
2939 686
2932 686
2932 685
2930 685
2930 686
2923 686
2923 685
2921 685
2921 684
2919 684
2919 683
2918 683
2918 681
2917 681
2917 679
2916 679
2916 678
2914 678
2914 677
2907 677
2907 676
2905 676
2905 675
2901 675
2901 674
2900 674
2900 673
2898 673
2898 672
2897 672
2897 671
2896 671
2896 670
2895 670
2895 669
2894 669
2894 668
2893 668
2893 667
2892 667
2892 666
2891 666
2891 665
2890 665
2890 664
2883 664
2883 663
2879 663
2879 664
2875 664
2875 663
2873 663
2873 662
2872 662
2872 661
2870 661
2870 660
2868 660
2868 659
2867 659
2867 658
2858 658
2858 657
2855 657
2855 656
2853 656
2853 655
2851 655
2851 654
2837 654
2837 653
2833 653
2833 652
2831 652
2831 651
2829 651
2829 650
2826 650
2826 649
2824 649
2824 653
2823 653
2823 654
2822 654
2822 655
2817 655
2817 657
2816 657
2816 659
2815 659
2815 663
2814 663
2814 664
2813 664
2813 665
2811 665
2811 664
2808 664
2808 663
2803 663
2803 664
2802 664
2802 670
2801 670
2801 672
2800 672
2800 674
2799 674
2799 676
2798 676
2798 679
2797 679
2797 684
2796 684
2796 692
2795 692
2795 707
2794 707
2794 720
2793 720
2793 730
2792 730
2792 742
2791 742
2791 747
2790 747
2790 758
2789 758
2789 770
2788 770
2788 781
2787 781
2787 787
2786 787
2786 793
2785 793
2785 800
2784 800
2784 803
2783 803
2783 807
2782 807
2782 817
2781 817
2781 832
2780 832
2780 844
2779 844
2779 855
2778 855
2778 867
2777 867
2777 870
2776 870
2776 874
2775 874
2775 877
2774 877
2774 881
2769 881
2769 880
2764 880
2764 879
2762 879
2762 878
2761 878
2761 877
2760 877
2760 876
2759 876
2759 875
2758 875
2758 874
2757 874
2757 873
2756 873
2756 872
2755 872
2755 870
2754 870
2754 868
2753 868
2753 866
2751 866
2751 865
2750 865
2750 864
2749 864
2749 863
2748 863
2748 862
2747 862
2747 861
2745 861
2745 860
2744 860
2744 859
2743 859
2743 858
2742 858
2742 856
2741 856
2741 854
2740 854
2740 851
2739 851
2739 849
2736 849
2736 848
2733 848
2733 847
2732 847
2732 846
2731 846
2731 844
2730 844
2730 842
2729 842
2729 838
2728 838
2728 836
2727 836
2727 835
2726 835
2726 834
2724 834
2724 833
2721 833
2721 831
2720 831
2720 830
2719 830
2719 829
2718 829
2718 827
2717 827
2717 825
2716 825
2716 823
2715 823
2715 822
2714 822
2714 821
2713 821
2713 820
2708 820
2708 819
2706 819
2706 818
2700 818
2700 819
2699 819
2699 821
2698 821
2698 828
2697 828
2697 845
2696 845
2696 857
2695 857
2695 865
2694 865
2694 874
2693 874
2693 887
2692 887
2692 890
2691 890
2691 899
2690 899
2690 903
2689 903
2689 908
2688 908
2688 914
2687 914
2687 915
2686 915
2686 916
2685 916
2685 917
2683 917
2683 918
2680 918
2680 919
2679 919
2679 920
2678 920
2678 921
2677 921
2677 922
2676 922
2676 923
2674 923
2674 924
2672 924
2672 925
2667 925
2667 926
2666 926
2666 927
2664 927
2664 930
2663 930
2663 932
2659 932
2659 933
2657 933
2657 934
2656 934
2656 935
2655 935
2655 936
2653 936
2653 937
2647 937
2647 936
2644 936
2644 935
2643 935
2643 934
2642 934
2642 933
2637 933
2637 932
2634 932
2634 931
2633 931
2633 930
2632 930
2632 929
2631 929
2631 928
2630 928
2630 926
2629 926
2629 925
2628 925
2628 924
2627 924
2627 923
2626 923
2626 922
2624 922
2624 921
2623 921
2623 920
2620 920
2620 919
2617 919
2617 918
2612 918
2612 917
2611 917
2611 916
2609 916
2609 915
2608 915
2608 914
2607 914
2607 913
2606 913
2606 912
2604 912
2604 911
2594 911
2594 912
2591 912
2591 913
2588 913
2588 912
2584 912
2584 911
2583 911
2583 910
2581 910
2581 909
2578 909
2578 908
2575 908
2575 907
2572 907
2572 906
2571 906
2571 905
2570 905
2570 904
2569 904
2569 901
2568 901
2568 895
2567 895
2567 893
2566 893
2566 891
2565 891
2565 889
2564 889
2564 888
2563 888
2563 886
2562 886
2562 885
2561 885
2561 884
2559 884
2559 883
2556 883
2556 882
2555 882
2555 881
2554 881
2554 880
2553 880
2553 877
2552 877
2552 872
2551 872
2551 869
2550 869
2550 868
2548 868
2548 867
2545 867
2545 866
2544 866
2544 865
2543 865
2543 864
2542 864
2542 863
2541 863
2541 861
2540 861
2540 859
2539 859
2539 856
2538 856
2538 855
2537 855
2537 854
2536 854
2536 853
2534 853
2534 852
2527 852
2527 851
2516 851
2516 852
2514 852
2514 853
2511 853
2511 854
2504 854
2504 855
2502 855
2502 856
2500 856
2500 857
2498 857
2498 858
2497 858
2497 859
2487 859
2487 870
2486 870
2486 871
2481 871
2481 870
2478 870
2478 869
2474 869
2474 870
2472 870
2472 871
2469 871
2469 872
2468 872
2468 875
2467 875
2467 877
2466 877
2466 883
2465 883
2465 896
2464 896
2464 905
2463 905
2463 934
2462 934
2462 942
2461 942
2461 959
2460 959
2460 967
2459 967
2459 972
2458 972
2458 976
2457 976
2457 981
2456 981
2456 985
2455 985
2455 988
2454 988
2454 989
2453 989
2453 991
2452 991
2452 993
2451 993
2451 995
2450 995
2450 996
2447 996
2447 997
2445 997
2445 998
2444 998
2444 999
2443 999
2443 1000
2438 1000
2438 999
2435 999
2435 998
2433 998
2433 997
2432 997
2432 996
2431 996
2431 995
2430 995
2430 994
2429 994
2429 992
2428 992
2428 991
2427 991
2427 990
2426 990
2426 987
2425 987
2425 984
2424 984
2424 982
2423 982
2423 980
2422 980
2422 979
2414 979
2414 978
2410 978
2410 977
2404 977
2404 976
2395 976
2395 975
2393 975
2393 974
2392 974
2392 973
2391 973
2391 972
2390 972
2390 971
2389 971
2389 970
2388 970
2388 964
2387 964
2387 959
2386 959
2386 935
2387 935
2387 922
2386 922
2386 915
2385 915
2385 913
2384 913
2384 911
2383 911
2383 910
2382 910
2382 909
2381 909
2381 908
2380 908
2380 907
2379 907
2379 906
2375 906
2375 905
2373 905
2373 904
2368 904
2368 903
2355 903
2355 902
2343 902
2343 901
2339 901
2339 902
2338 902
2338 905
2337 905
2337 911
2336 911
2336 917
2335 917
2335 919
2334 919
2334 922
2333 922
2333 923
2332 923
2332 924
2331 924
2331 925
2320 925
2320 926
2315 926
2315 929
2314 929
2314 932
2313 932
2313 933
2312 933
2312 934
2311 934
2311 935
2309 935
2309 937
2308 937
2308 938
2306 938
2306 939
2303 939
2303 940
2302 940
2302 942
2301 942
2301 946
2300 946
2300 949
2299 949
2299 953
2298 953
2298 954
2297 954
2297 955
2295 955
2295 956
2288 956
2288 955
2282 955
2282 954
2281 954
2281 953
2280 953
2280 952
2278 952
2278 951
2275 951
2275 950
2274 950
2274 949
2273 949
2273 948
2271 948
2271 947
2269 947
2269 946
2268 946
2268 945
2267 945
2267 944
2266 944
2266 942
2265 942
2265 941
2264 941
2264 938
2263 938
2263 935
2262 935
2262 933
2261 933
2261 931
2260 931
2260 930
2259 930
2259 929
2256 929
2256 928
2250 928
2250 927
2246 927
2246 926
2241 926
2241 932
2240 932
2240 936
2241 936
2241 943
2242 943
2242 951
2241 951
2241 952
2235 952
2235 953
2234 953
2234 961
2233 961
2233 980
2232 980
2232 994
2231 994
2231 996
2230 996
2230 997
2229 997
2229 999
2228 999
2228 1000
2227 1000
2227 1001
2226 1001
2226 1002
2225 1002
2225 1003
2222 1003
2222 1004
2219 1004
2219 1005
2206 1005
2206 1006
2205 1006
2205 1009
2204 1009
2204 1010
2183 1010
2183 1009
2180 1009
2180 1008
2179 1008
2179 1007
2177 1007
2177 1006
2176 1006
2176 1005
2175 1005
2175 1004
2173 1004
2173 1003
2172 1003
2172 1002
2171 1002
2171 1001
2170 1001
2170 1000
2169 1000
2169 997
2168 997
2168 989
2167 989
2167 979
2166 979
2166 970
2165 970
2165 966
2164 966
2164 964
2163 964
2163 962
2162 962
2162 960
2161 960
2161 958
2160 958
2160 957
2159 957
2159 956
2158 956
2158 955
2157 955
2157 954
2156 954
2156 953
2155 953
2155 951
2154 951
2154 948
2153 948
2153 942
2152 942
2152 939
2151 939
2151 937
2150 937
2150 935
2149 935
2149 934
2148 934
2148 933
2147 933
2147 932
2146 932
2146 927
2145 927
2145 912
2144 912
2144 909
2143 909
2143 906
2142 906
2142 903
2141 903
2141 882
2140 882
2140 850
2139 850
2139 847
2138 847
2138 846
2136 846
2136 847
2133 847
2133 848
2132 848
2132 849
2131 849
2131 850
2129 850
2129 851
2119 851
2119 852
2118 852
2118 893
2117 893
2117 908
2116 908
2116 918
2115 918
2115 926
2114 926
2114 928
2113 928
2113 929
2112 929
2112 931
2111 931
2111 933
2110 933
2110 936
2107 936
2107 937
2099 937
2099 938
2098 938
2098 939
2096 939
2096 940
2095 940
2095 941
2094 941
2094 942
2092 942
2092 943
2089 943
2089 942
2075 942
2075 943
2070 943
2070 944
2069 944
2069 947
2068 947
2068 949
2069 949
2069 953
2068 953
2068 955
2067 955
2067 956
2066 956
2066 958
2065 958
2065 961
2064 961
2064 963
2063 963
2063 964
2062 964
2062 969
2061 969
2061 971
2057 971
2057 972
2049 972
2049 973
2048 973
2048 974
2047 974
2047 975
2046 975
2046 976
2045 976
2045 977
2044 977
2044 978
2043 978
2043 979
2042 979
2042 980
2041 980
2041 981
2040 981
2040 982
2039 982
2039 983
2037 983
2037 984
2035 984
2035 985
2034 985
2034 986
2027 986
2027 985
2026 985
2026 982
2025 982
2025 981
2024 981
2024 980
2021 980
2021 979
2019 979
2019 978
2017 978
2017 977
2015 977
2015 976
2014 976
2014 975
2013 975
2013 974
2012 974
2012 973
2011 973
2011 972
2010 972
2010 971
2009 971
2009 970
2008 970
2008 969
2007 969
2007 968
2005 968
2005 967
2004 967
2004 966
2003 966
2003 965
2002 965
2002 964
2000 964
2000 963
1999 963
1999 962
1998 962
1998 961
1996 961
1996 960
1995 960
1995 959
1992 959
1992 958
1985 958
1985 959
1984 959
1984 961
1980 961
1980 960
1979 960
1979 959
1977 959
1977 960
1971 960
1971 961
1970 961
1970 962
1969 962
1969 963
1968 963
1968 964
1967 964
1967 965
1966 965
1966 967
1965 967
1965 968
1964 968
1964 969
1963 969
1963 971
1962 971
1962 975
1959 975
1959 976
1957 976
1957 977
1956 977
1956 978
1955 978
1955 979
1954 979
1954 982
1953 982
1953 983
1952 983
1952 985
1951 985
1951 986
1950 986
1950 990
1949 990
1949 992
1948 992
1948 994
1947 994
1947 995
1946 995
1946 996
1945 996
1945 997
1944 997
1944 998
1942 998
1942 999
1941 999
1941 1000
1940 1000
1940 1002
1939 1002
1939 1004
1938 1004
1938 1005
1937 1005
1937 1006
1933 1006
1933 1007
1929 1007
1929 1006
1928 1006
1928 1004
1927 1004
1927 1003
1926 1003
1926 1002
1917 1002
1917 1003
1913 1003
1913 1002
1906 1002
1906 999
1905 999
1905 997
1904 997
1904 992
1903 992
1903 990
1902 990
1902 988
1901 988
1901 987
1899 987
1899 986
1898 986
1898 984
1897 984
1897 983
1896 983
1896 980
1895 980
1895 978
1894 978
1894 976
1893 976
1893 973
1892 973
1892 971
1891 971
1891 969
1890 969
1890 965
1889 965
1889 960
1888 960
1888 944
1887 944
1887 938
1886 938
1886 935
1885 935
1885 934
1884 934
1884 933
1883 933
1883 932
1882 932
1882 931
1880 931
1880 930
1879 930
1879 929
1878 929
1878 928
1877 928
1877 927
1876 927
1876 925
1875 925
1875 924
1874 924
1874 921
1873 921
1873 916
1872 916
1872 913
1871 913
1871 911
1870 911
1870 907
1869 907
1869 905
1868 905
1868 903
1867 903
1867 900
1866 900
1866 898
1865 898
1865 896
1864 896
1864 894
1863 894
1863 893
1862 893
1862 892
1861 892
1861 891
1860 891
1860 889
1859 889
1859 888
1858 888
1858 887
1857 887
1857 886
1856 886
1856 885
1855 885
1855 884
1854 884
1854 882
1853 882
1853 881
1852 881
1852 880
1851 880
1851 879
1850 879
1850 878
1849 878
1849 876
1848 876
1848 875
1847 875
1847 873
1846 873
1846 871
1845 871
1845 866
1844 866
1844 856
1843 856
1843 854
1842 854
1842 847
1841 847
1841 843
1840 843
1840 839
1839 839
1839 833
1838 833
1838 827
1837 827
1837 824
1836 824
1836 818
1835 818
1835 811
1834 811
1834 809
1833 809
1833 808
1832 808
1832 807
1831 807
1831 806
1829 806
1829 805
1828 805
1828 804
1827 804
1827 803
1826 803
1826 802
1825 802
1825 801
1824 801
1824 800
1823 800
1823 798
1822 798
1822 796
1821 796
1821 793
1820 793
1820 787
1819 787
1819 785
1818 785
1818 784
1814 784
1814 783
1810 783
1810 784
1801 784
1801 785
1799 785
1799 786
1789 786
1789 785
1787 785
1787 786
1786 786
1786 787
1781 787
1781 788
1776 788
1776 789
1775 789
1775 799
1774 799
1774 803
1773 803
1773 804
1772 804
1772 805
1761 805
1761 806
1753 806
1753 807
1752 807
1752 817
1751 817
1751 820
1750 820
1750 821
1749 821
1749 822
1748 822
1748 823
1743 823
1743 824
1740 824
1740 843
1739 843
1739 845
1738 845
1738 846
1737 846
1737 847
1735 847
1735 848
1733 848
1733 849
1732 849
1732 851
1731 851
1731 853
1730 853
1730 855
1729 855
1729 858
1728 858
1728 859
1727 859
1727 860
1726 860
1726 861
1725 861
1725 862
1723 862
1723 863
1721 863
1721 864
1720 864
1720 865
1719 865
1719 866
1718 866
1718 867
1713 867
1713 868
1702 868
1702 869
1694 869
1694 868
1688 868
1688 869
1686 869
1686 870
1685 870
1685 871
1684 871
1684 872
1683 872
1683 873
1682 873
1682 874
1680 874
1680 875
1678 875
1678 876
1675 876
1675 877
1674 877
1674 878
1673 878
1673 879
1672 879
1672 880
1670 880
1670 881
1667 881
1667 882
1665 882
1665 883
1664 883
1664 884
1662 884
1662 885
1661 885
1661 886
1660 886
1660 887
1658 887
1658 888
1651 888
1651 887
1647 887
1647 888
1628 888
1628 887
1627 887
1627 886
1626 886
1626 885
1624 885
1624 884
1623 884
1623 883
1622 883
1622 882
1620 882
1620 881
1618 881
1618 880
1608 880
1608 881
1602 881
1602 880
1586 880
1586 879
1585 879
1585 880
1578 880
1578 879
1573 879
1573 878
1569 878
1569 877
1565 877
1565 876
1554 876
1554 877
1551 877
1551 876
1549 876
1549 875
1548 875
1548 874
1545 874
1545 873
1542 873
1542 872
1540 872
1540 869
1539 869
1539 867
1538 867
1538 865
1537 865
1537 864
1536 864
1536 863
1535 863
1535 862
1534 862
1534 861
1533 861
1533 860
1532 860
1532 859
1531 859
1531 858
1520 858
1520 859
1519 859
1519 860
1512 860
1512 858
1508 858
1508 857
1503 857
1503 856
1501 856
1501 855
1499 855
1499 854
1498 854
1498 853
1497 853
1497 852
1496 852
1496 851
1495 851
1495 850
1492 850
1492 849
1491 849
1491 848
1489 848
1489 847
1487 847
1487 846
1486 846
1486 844
1485 844
1485 842
1484 842
1484 838
1483 838
1483 835
1478 835
1478 834
1476 834
1476 833
1474 833
1474 832
1473 832
1473 831
1472 831
1472 830
1470 830
1470 829
1467 829
1467 828
1465 828
1465 827
1464 827
1464 826
1461 826
1461 825
1458 825
1458 824
1456 824
1456 823
1455 823
1455 822
1453 822
1453 821
1452 821
1452 820
1451 820
1451 819
1450 819
1450 818
1449 818
1449 817
1448 817
1448 816
1447 816
1447 815
1446 815
1446 814
1443 814
1443 813
1440 813
1440 812
1436 812
1436 811
1434 811
1434 810
1432 810
1432 809
1431 809
1431 808
1430 808
1430 807
1429 807
1429 806
1428 806
1428 805
1427 805
1427 804
1425 804
1425 803
1424 803
1424 802
1423 802
1423 801
1422 801
1422 798
1421 798
1421 783
1420 783
1420 766
1419 766
1419 747
1418 747
1418 721
1417 721
1417 705
1416 705
1416 686
1415 686
1415 660
1414 660
1414 658
1413 658
1413 656
1411 656
1411 655
1408 655
1408 654
1406 654
1406 653
1405 653
1405 652
1404 652
1404 651
1403 651
1403 650
1402 650
1402 649
1399 649
1399 648
1395 648
1395 647
1394 647
1394 646
1393 646
1393 645
1392 645
1392 644
1391 644
1391 642
1390 642
1390 640
1389 640
1389 637
1388 637
1388 636
1385 636
1385 637
1383 637
1383 638
1379 638
1379 639
1374 639
1374 638
1370 638
1370 637
1369 637
1369 636
1368 636
1368 635
1367 635
1367 634
1366 634
1366 633
1363 633
1363 632
1361 632
1361 631
1357 631
1357 630
1356 630
1356 629
1355 629
1355 628
1354 628
1354 627
1353 627
1353 625
1352 625
1352 624
1351 624
1351 621
1350 621
1350 608
1349 608
1349 596
1348 596
1348 595
1346 595
1346 596
1344 596
1344 597
1339 597
1339 598
1337 598
1337 611
1338 611
1338 616
1337 616
1337 618
1336 618
1336 619
1333 619
1333 620
1327 620
1327 629
1326 629
1326 631
1325 631
1325 632
1324 632
1324 633
1323 633
1323 634
1320 634
1320 635
1315 635
1315 636
1311 636
1311 637
1309 637
1309 638
1307 638
1307 639
1306 639
1306 640
1305 640
1305 641
1304 641
1304 642
1303 642
1303 644
1302 644
1302 645
1300 645
1300 646
1299 646
1299 647
1297 647
1297 648
1295 648
1295 649
1293 649
1293 650
1292 650
1292 651
1291 651
1291 652
1290 652
1290 653
1289 653
1289 654
1287 654
1287 655
1284 655
1284 656
1280 656
1280 657
1278 657
1278 658
1276 658
1276 659
1275 659
1275 660
1271 660
1271 661
1269 661
1269 662
1267 662
1267 663
1264 663
1264 664
1260 664
1260 665
1248 665
1248 666
1247 666
1247 667
1246 667
1246 669
1245 669
1245 670
1244 670
1244 672
1243 672
1243 673
1241 673
1241 674
1239 674
1239 675
1231 675
1231 676
1226 676
1226 677
1218 677
1218 676
1217 676
1217 675
1215 675
1215 674
1214 674
1214 672
1213 672
1213 670
1207 670
1207 669
1205 669
1205 668
1204 668
1204 667
1203 667
1203 665
1202 665
1202 664
1201 664
1201 663
1200 663
1200 662
1199 662
1199 661
1198 661
1198 660
1193 660
1193 659
1192 659
1192 658
1191 658
1191 657
1190 657
1190 656
1189 656
1189 655
1186 655
1186 654
1184 654
1184 653
1181 653
1181 652
1179 652
1179 651
1178 651
1178 650
1177 650
1177 649
1176 649
1176 648
1175 648
1175 647
1174 647
1174 646
1173 646
1173 645
1171 645
1171 644
1169 644
1169 643
1167 643
1167 642
1166 642
1166 641
1165 641
1165 640
1164 640
1164 639
1163 639
1163 637
1161 637
1161 636
1158 636
1158 635
1157 635
1157 634
1155 634
1155 633
1154 633
1154 632
1153 632
1153 631
1152 631
1152 630
1151 630
1151 629
1147 629
1147 628
1143 628
1143 627
1134 627
1134 626
1130 626
1130 625
1128 625
1128 624
1125 624
1125 623
1121 623
1121 622
1120 622
1120 621
1119 621
1119 620
1118 620
1118 619
1117 619
1117 618
1116 618
1116 617
1115 617
1115 613
1114 613
1114 612
1112 612
1112 611
1108 611
1108 610
1107 610
1107 609
1106 609
1106 608
1105 608
1105 607
1104 607
1104 606
1100 606
1100 605
1096 605
1096 604
1095 604
1095 603
1093 603
1093 602
1092 602
1092 601
1091 601
1091 600
1090 600
1090 598
1089 598
1089 596
1086 596
1086 595
1085 595
1085 594
1083 594
1083 593
1082 593
1082 592
1081 592
1081 591
1080 591
1080 590
1079 590
1079 589
1078 589
1078 586
1077 586
1077 569
1076 569
1076 553
1075 553
1075 531
1074 531
1074 517
1073 517
1073 492
1072 492
1072 469
1071 469
1071 447
1070 447
1070 444
1069 444
1069 443
1068 443
1068 442
1065 442
1065 441
1064 441
1064 440
1062 440
1062 439
1061 439
1061 438
1060 438
1060 436
1059 436
1059 434
1058 434
1058 432
1057 432
1057 431
1053 431
1053 430
1052 430
1052 429
1050 429
1050 428
1049 428
1049 427
1048 427
1048 426
1043 426
1043 427
1038 427
1038 428
1035 428
1035 429
1034 429
1034 430
1033 430
1033 431
1032 431
1032 432
1031 432
1031 433
1030 433
1030 436
1029 436
1029 437
1028 437
1028 438
1027 438
1027 439
1025 439
1025 440
1024 440
1024 441
1022 441
1022 442
1019 442
1019 443
1006 443
1006 442
1004 442
1004 441
1002 441
1002 440
1001 440
1001 439
1000 439
1000 438
999 438
999 436
998 436
998 431
997 431
997 409
996 409
996 401
995 401
995 400
992 400
992 399
991 399
991 398
989 398
989 397
988 397
988 396
987 396
987 395
986 395
986 393
985 393
985 389
984 389
984 383
983 383
983 381
984 381
984 375
983 375
983 368
982 368
982 367
981 367
981 366
978 366
978 365
977 365
977 364
975 364
975 363
974 363
974 362
973 362
973 361
972 361
972 359
971 359
971 353
970 353
970 352
969 352
969 351
968 351
968 350
965 350
965 349
964 349
964 348
963 348
963 347
962 347
962 346
961 346
961 345
960 345
960 344
959 344
959 341
958 341
958 336
957 336
957 335
956 335
956 334
954 334
954 333
952 333
952 332
950 332
950 331
949 331
949 330
948 330
948 328
947 328
947 327
946 327
946 325
945 325
945 318
944 318
944 317
943 317
943 316
941 316
941 315
939 315
939 314
937 314
937 313
935 313
935 312
931 312
931 311
928 311
928 310
927 310
927 309
925 309
925 308
924 308
924 307
923 307
923 306
922 306
922 305
921 305
921 304
920 304
920 305
915 305
915 304
904 304
904 303
902 303
902 302
901 302
901 301
900 301
900 300
899 300
899 299
898 299
898 298
897 298
897 297
893 297
893 296
889 296
889 295
881 295
881 294
878 294
878 293
877 293
877 292
875 292
875 291
874 291
874 290
872 290
872 289
869 289
869 288
867 288
867 287
865 287
865 286
864 286
864 285
863 285
863 284
862 284
862 282
861 282
861 280
860 280
860 269
859 269
859 267
857 267
857 266
855 266
855 265
853 265
853 264
852 264
852 263
851 263
851 262
850 262
850 261
849 261
849 260
848 260
848 259
847 259
847 253
846 253
846 252
844 252
844 251
842 251
842 250
840 250
840 249
839 249
839 248
838 248
838 247
837 247
837 246
836 246
836 245
835 245
835 235
834 235
834 225
833 225
833 213
832 213
832 205
830 205
830 204
828 204
828 205
826 205
826 206
825 206
825 207
824 207
824 208
822 208
822 209
821 209
821 210
820 210
820 211
811 211
811 227
812 227
812 245
813 245
813 251
812 251
812 252
811 252
811 253
805 253
805 254
799 254
799 253
795 253
795 252
784 252
784 251
782 251
782 250
778 250
778 249
776 249
776 250
773 250
773 249
772 249
772 248
771 248
771 247
770 247
770 246
768 246
768 245
767 245
767 244
766 244
766 242
765 242
765 239
764 239
764 237
763 237
763 234
762 234
762 233
758 233
758 232
756 232
756 231
755 231
755 230
754 230
754 229
753 229
753 227
752 227
752 224
751 224
751 221
750 221
750 220
749 220
749 219
748 219
748 217
749 217
749 219
750 219
750 220
751 220
751 221
752 221
752 224
753 224
753 227
754 227
754 229
755 229
755 230
756 230
756 231
758 231
758 232
762 232
762 233
763 233
763 234
764 234
764 237
765 237
765 239
766 239
766 242
767 242
767 244
768 244
768 245
770 245
770 246
771 246
771 247
772 247
772 248
773 248
773 249
776 249
776 248
778 248
778 249
782 249
782 250
784 250
784 251
795 251
795 252
799 252
799 253
804 253
804 252
811 252
811 251
812 251
812 245
811 245
811 227
810 227
810 211
811 211
811 210
820 210
820 209
821 209
821 208
822 208
822 207
824 207
824 206
825 206
825 205
826 205
826 204
828 204
828 203
830 203
830 204
832 204
832 205
833 205
833 213
834 213
834 225
835 225
835 235
836 235
836 245
837 245
837 246
838 246
838 247
839 247
839 248
840 248
840 249
842 249
842 250
844 250
844 251
846 251
846 252
847 252
847 253
848 253
848 259
849 259
849 260
850 260
850 261
851 261
851 262
852 262
852 263
853 263
853 264
855 264
855 265
857 265
857 266
859 266
859 267
860 267
860 269
861 269
861 280
862 280
862 282
863 282
863 284
864 284
864 285
865 285
865 286
867 286
867 287
869 287
869 288
872 288
872 289
874 289
874 290
875 290
875 291
877 291
877 292
878 292
878 293
881 293
881 294
889 294
889 295
893 295
893 296
897 296
897 297
898 297
898 298
899 298
899 299
900 299
900 300
901 300
901 301
902 301
902 302
904 302
904 303
915 303
915 304
920 304
920 303
921 303
921 304
922 304
922 305
923 305
923 306
924 306
924 307
925 307
925 308
927 308
927 309
928 309
928 310
931 310
931 311
935 311
935 312
937 312
937 313
939 313
939 314
941 314
941 315
943 315
943 316
944 316
944 317
945 317
945 318
946 318
946 325
947 325
947 327
948 327
948 328
949 328
949 330
950 330
950 331
952 331
952 332
954 332
954 333
956 333
956 334
957 334
957 335
958 335
958 336
959 336
959 341
960 341
960 344
961 344
961 345
962 345
962 346
963 346
963 347
964 347
964 348
965 348
965 349
968 349
968 350
969 350
969 351
970 351
970 352
971 352
971 353
972 353
972 359
973 359
973 361
974 361
974 362
975 362
975 363
977 363
977 364
978 364
978 365
981 365
981 366
982 366
982 367
983 367
983 368
984 368
984 375
985 375
985 381
984 381
984 383
985 383
985 389
986 389
986 393
987 393
987 395
988 395
988 396
989 396
989 397
991 397
991 398
992 398
992 399
995 399
995 400
996 400
996 401
997 401
997 409
998 409
998 431
999 431
999 436
1000 436
1000 438
1001 438
1001 439
1002 439
1002 440
1004 440
1004 441
1006 441
1006 442
1019 442
1019 441
1022 441
1022 440
1024 440
1024 439
1025 439
1025 438
1027 438
1027 437
1028 437
1028 436
1029 436
1029 433
1030 433
1030 432
1031 432
1031 431
1032 431
1032 430
1033 430
1033 429
1034 429
1034 428
1035 428
1035 427
1038 427
1038 426
1043 426
1043 425
1048 425
1048 426
1049 426
1049 427
1050 427
1050 428
1052 428
1052 429
1053 429
1053 430
1057 430
1057 431
1058 431
1058 432
1059 432
1059 434
1060 434
1060 436
1061 436
1061 438
1062 438
1062 439
1064 439
1064 440
1065 440
1065 441
1068 441
1068 442
1069 442
1069 443
1070 443
1070 444
1071 444
1071 447
1072 447
1072 469
1073 469
1073 492
1074 492
1074 517
1075 517
1075 531
1076 531
1076 553
1077 553
1077 569
1078 569
1078 586
1079 586
1079 589
1080 589
1080 590
1081 590
1081 591
1082 591
1082 592
1083 592
1083 593
1085 593
1085 594
1086 594
1086 595
1089 595
1089 596
1090 596
1090 598
1091 598
1091 600
1092 600
1092 601
1093 601
1093 602
1095 602
1095 603
1096 603
1096 604
1100 604
1100 605
1104 605
1104 606
1105 606
1105 607
1106 607
1106 608
1107 608
1107 609
1108 609
1108 610
1112 610
1112 611
1114 611
1114 612
1115 612
1115 613
1116 613
1116 617
1117 617
1117 618
1118 618
1118 619
1119 619
1119 620
1120 620
1120 621
1121 621
1121 622
1125 622
1125 623
1128 623
1128 624
1130 624
1130 625
1134 625
1134 626
1143 626
1143 627
1147 627
1147 628
1151 628
1151 629
1152 629
1152 630
1153 630
1153 631
1154 631
1154 632
1155 632
1155 633
1157 633
1157 634
1158 634
1158 635
1161 635
1161 636
1163 636
1163 637
1164 637
1164 639
1165 639
1165 640
1166 640
1166 641
1167 641
1167 642
1169 642
1169 643
1171 643
1171 644
1173 644
1173 645
1174 645
1174 646
1175 646
1175 647
1176 647
1176 648
1177 648
1177 649
1178 649
1178 650
1179 650
1179 651
1181 651
1181 652
1184 652
1184 653
1186 653
1186 654
1189 654
1189 655
1190 655
1190 656
1191 656
1191 657
1192 657
1192 658
1193 658
1193 659
1198 659
1198 660
1199 660
1199 661
1200 661
1200 662
1201 662
1201 663
1202 663
1202 664
1203 664
1203 665
1204 665
1204 667
1205 667
1205 668
1207 668
1207 669
1213 669
1213 670
1214 670
1214 672
1215 672
1215 674
1217 674
1217 675
1218 675
1218 676
1226 676
1226 675
1231 675
1231 674
1239 674
1239 673
1241 673
1241 672
1243 672
1243 670
1244 670
1244 669
1245 669
1245 667
1246 667
1246 666
1247 666
1247 665
1248 665
1248 664
1260 664
1260 663
1264 663
1264 662
1267 662
1267 661
1269 661
1269 660
1271 660
1271 659
1275 659
1275 658
1276 658
1276 657
1278 657
1278 656
1280 656
1280 655
1284 655
1284 654
1287 654
1287 653
1289 653
1289 652
1290 652
1290 651
1291 651
1291 650
1292 650
1292 649
1293 649
1293 648
1295 648
1295 647
1297 647
1297 646
1299 646
1299 645
1300 645
1300 644
1302 644
1302 642
1303 642
1303 641
1304 641
1304 640
1305 640
1305 639
1306 639
1306 638
1307 638
1307 637
1309 637
1309 636
1311 636
1311 635
1315 635
1315 634
1320 634
1320 633
1323 633
1323 632
1324 632
1324 631
1325 631
1325 629
1326 629
1326 620
1327 620
1327 619
1333 619
1333 618
1336 618
1336 616
1337 616
1337 611
1336 611
1336 598
1337 598
1337 597
1339 597
1339 596
1344 596
1344 595
1346 595
1346 594
1348 594
1348 595
1349 595
1349 596
1350 596
1350 608
1351 608
1351 621
1352 621
1352 624
1353 624
1353 625
1354 625
1354 627
1355 627
1355 628
1356 628
1356 629
1357 629
1357 630
1361 630
1361 631
1363 631
1363 632
1366 632
1366 633
1367 633
1367 634
1368 634
1368 635
1369 635
1369 636
1370 636
1370 637
1374 637
1374 638
1379 638
1379 637
1383 637
1383 636
1385 636
1385 635
1388 635
1388 634
1389 634
1389 637
1390 637
1390 640
1391 640
1391 642
1392 642
1392 644
1393 644
1393 645
1394 645
1394 646
1395 646
1395 647
1399 647
1399 648
1402 648
1402 649
1403 649
1403 650
1404 650
1404 651
1405 651
1405 652
1406 652
1406 653
1408 653
1408 654
1411 654
1411 655
1413 655
1413 656
1414 656
1414 658
1415 658
1415 660
1416 660
1416 686
1417 686
1417 705
1418 705
1418 721
1419 721
1419 747
1420 747
1420 766
1421 766
1421 783
1422 783
1422 798
1423 798
1423 801
1424 801
1424 802
1425 802
1425 803
1427 803
1427 804
1428 804
1428 805
1429 805
1429 806
1430 806
1430 807
1431 807
1431 808
1432 808
1432 809
1434 809
1434 810
1436 810
1436 811
1440 811
1440 812
1443 812
1443 813
1446 813
1446 814
1447 814
1447 815
1448 815
1448 816
1449 816
1449 817
1450 817
1450 818
1451 818
1451 819
1452 819
1452 820
1453 820
1453 821
1455 821
1455 822
1456 822
1456 823
1458 823
1458 824
1461 824
1461 825
1464 825
1464 826
1465 826
1465 827
1467 827
1467 828
1470 828
1470 829
1472 829
1472 830
1473 830
1473 831
1474 831
1474 832
1476 832
1476 833
1478 833
1478 834
1484 834
1484 838
1485 838
1485 842
1486 842
1486 844
1487 844
1487 846
1489 846
1489 847
1491 847
1491 848
1492 848
1492 849
1495 849
1495 850
1496 850
1496 851
1497 851
1497 852
1498 852
1498 853
1499 853
1499 854
1501 854
1501 855
1503 855
1503 856
1508 856
1508 857
1512 857
1512 858
1513 858
1513 859
1519 859
1519 858
1520 858
1520 857
1531 857
1531 858
1532 858
1532 859
1533 859
1533 860
1534 860
1534 861
1535 861
1535 862
1536 862
1536 863
1537 863
1537 864
1538 864
1538 865
1539 865
1539 867
1540 867
1540 869
1541 869
1541 871
1542 871
1542 872
1545 872
1545 873
1548 873
1548 874
1549 874
1549 875
1551 875
1551 876
1554 876
1554 875
1565 875
1565 876
1569 876
1569 877
1573 877
1573 878
1578 878
1578 879
1585 879
1585 878
1586 878
1586 879
1602 879
1602 880
1608 880
1608 879
1618 879
1618 880
1620 880
1620 881
1622 881
1622 882
1623 882
1623 883
1624 883
1624 884
1626 884
1626 885
1627 885
1627 886
1628 886
1628 887
1647 887
1647 886
1651 886
1651 887
1658 887
1658 886
1660 886
1660 885
1661 885
1661 884
1662 884
1662 883
1664 883
1664 882
1665 882
1665 881
1667 881
1667 880
1670 880
1670 879
1672 879
1672 878
1673 878
1673 877
1674 877
1674 876
1675 876
1675 875
1678 875
1678 874
1680 874
1680 873
1682 873
1682 872
1683 872
1683 871
1684 871
1684 870
1685 870
1685 869
1686 869
1686 868
1688 868
1688 867
1694 867
1694 868
1702 868
1702 867
1713 867
1713 866
1718 866
1718 865
1719 865
1719 864
1720 864
1720 863
1721 863
1721 862
1723 862
1723 861
1725 861
1725 860
1726 860
1726 859
1727 859
1727 858
1728 858
1728 855
1729 855
1729 853
1730 853
1730 851
1731 851
1731 849
1732 849
1732 848
1733 848
1733 847
1735 847
1735 846
1737 846
1737 845
1738 845
1738 843
1739 843
1739 824
1740 824
1740 823
1743 823
1743 822
1748 822
1748 821
1749 821
1749 820
1750 820
1750 817
1751 817
1751 807
1752 807
1752 806
1753 806
1753 805
1761 805
1761 804
1772 804
1772 803
1773 803
1773 799
1774 799
1774 788
1776 788
1776 787
1781 787
1781 786
1786 786
1786 785
1787 785
1787 784
1789 784
1789 785
1799 785
1799 784
1801 784
1801 783
1810 783
1810 782
1814 782
1814 783
1818 783
1818 784
1819 784
1819 785
1820 785
1820 787
1821 787
1821 793
1822 793
1822 796
1823 796
1823 798
1824 798
1824 800
1825 800
1825 801
1826 801
1826 802
1827 802
1827 803
1828 803
1828 804
1829 804
1829 805
1831 805
1831 806
1832 806
1832 807
1833 807
1833 808
1834 808
1834 809
1835 809
1835 811
1836 811
1836 818
1837 818
1837 824
1838 824
1838 827
1839 827
1839 833
1840 833
1840 839
1841 839
1841 843
1842 843
1842 847
1843 847
1843 854
1844 854
1844 856
1845 856
1845 866
1846 866
1846 871
1847 871
1847 873
1848 873
1848 875
1849 875
1849 876
1850 876
1850 878
1851 878
1851 879
1852 879
1852 880
1853 880
1853 881
1854 881
1854 882
1855 882
1855 884
1856 884
1856 885
1857 885
1857 886
1858 886
1858 887
1859 887
1859 888
1860 888
1860 889
1861 889
1861 891
1862 891
1862 892
1863 892
1863 893
1864 893
1864 894
1865 894
1865 896
1866 896
1866 898
1867 898
1867 900
1868 900
1868 903
1869 903
1869 905
1870 905
1870 907
1871 907
1871 911
1872 911
1872 913
1873 913
1873 916
1874 916
1874 921
1875 921
1875 924
1876 924
1876 925
1877 925
1877 927
1878 927
1878 928
1879 928
1879 929
1880 929
1880 930
1882 930
1882 931
1883 931
1883 932
1884 932
1884 933
1885 933
1885 934
1886 934
1886 935
1887 935
1887 938
1888 938
1888 944
1889 944
1889 960
1890 960
1890 965
1891 965
1891 969
1892 969
1892 971
1893 971
1893 973
1894 973
1894 976
1895 976
1895 978
1896 978
1896 980
1897 980
1897 983
1898 983
1898 984
1899 984
1899 986
1901 986
1901 987
1902 987
1902 988
1903 988
1903 989
1904 989
1904 991
1905 991
1905 996
1906 996
1906 998
1907 998
1907 1000
1908 1000
1908 1001
1913 1001
1913 1002
1917 1002
1917 1001
1926 1001
1926 1002
1927 1002
1927 1003
1928 1003
1928 1004
1929 1004
1929 1006
1933 1006
1933 1005
1937 1005
1937 1004
1938 1004
1938 1002
1939 1002
1939 1000
1940 1000
1940 999
1941 999
1941 998
1942 998
1942 997
1944 997
1944 996
1945 996
1945 995
1946 995
1946 994
1947 994
1947 992
1948 992
1948 990
1949 990
1949 986
1950 986
1950 985
1951 985
1951 983
1952 983
1952 982
1953 982
1953 979
1954 979
1954 978
1955 978
1955 977
1956 977
1956 976
1957 976
1957 975
1959 975
1959 974
1961 974
1961 971
1962 971
1962 969
1963 969
1963 968
1964 968
1964 967
1965 967
1965 965
1966 965
1966 964
1967 964
1967 963
1968 963
1968 962
1969 962
1969 961
1970 961
1970 960
1971 960
1971 959
1977 959
1977 958
1979 958
1979 959
1980 959
1980 960
1983 960
1983 959
1984 959
1984 958
1985 958
1985 957
1992 957
1992 958
1995 958
1995 959
1996 959
1996 960
1998 960
1998 961
1999 961
1999 962
2000 962
2000 963
2002 963
2002 964
2003 964
2003 965
2004 965
2004 966
2005 966
2005 967
2007 967
2007 968
2008 968
2008 969
2009 969
2009 970
2010 970
2010 971
2011 971
2011 972
2012 972
2012 973
2013 973
2013 974
2014 974
2014 975
2015 975
2015 976
2017 976
2017 977
2019 977
2019 978
2021 978
2021 979
2024 979
2024 980
2025 980
2025 981
2026 981
2026 982
2027 982
2027 985
2034 985
2034 984
2035 984
2035 983
2037 983
2037 982
2039 982
2039 981
2040 981
2040 980
2041 980
2041 979
2042 979
2042 978
2043 978
2043 977
2044 977
2044 976
2045 976
2045 975
2046 975
2046 974
2047 974
2047 973
2048 973
2048 972
2049 972
2049 971
2057 971
2057 970
2060 970
2060 969
2061 969
2061 964
2062 964
2062 963
2063 963
2063 961
2064 961
2064 958
2065 958
2065 956
2066 956
2066 955
2067 955
2067 953
2068 953
2068 949
2067 949
2067 947
2068 947
2068 943
2069 943
2069 942
2075 942
2075 941
2089 941
2089 942
2092 942
2092 941
2094 941
2094 940
2095 940
2095 939
2096 939
2096 938
2098 938
2098 937
2099 937
2099 936
2107 936
2107 935
2109 935
2109 933
2110 933
2110 931
2111 931
2111 929
2112 929
2112 928
2113 928
2113 926
2114 926
2114 918
2115 918
2115 908
2116 908
2116 893
2117 893
2117 852
2118 852
2118 851
2119 851
2119 850
2129 850
2129 849
2131 849
2131 848
2132 848
2132 847
2133 847
2133 846
2136 846
2136 845
2138 845
2138 846
2139 846
2139 847
2140 847
2140 850
2141 850
2141 882
2142 882
2142 903
2143 903
2143 906
2144 906
2144 909
2145 909
2145 912
2146 912
2146 927
2147 927
2147 932
2148 932
2148 933
2149 933
2149 934
2150 934
2150 935
2151 935
2151 937
2152 937
2152 939
2153 939
2153 942
2154 942
2154 948
2155 948
2155 951
2156 951
2156 953
2157 953
2157 954
2158 954
2158 955
2159 955
2159 956
2160 956
2160 957
2161 957
2161 958
2162 958
2162 960
2163 960
2163 962
2164 962
2164 964
2165 964
2165 966
2166 966
2166 970
2167 970
2167 979
2168 979
2168 989
2169 989
2169 997
2170 997
2170 1000
2171 1000
2171 1001
2172 1001
2172 1002
2173 1002
2173 1003
2175 1003
2175 1004
2176 1004
2176 1005
2177 1005
2177 1006
2179 1006
2179 1007
2180 1007
2180 1008
2183 1008
2183 1009
2204 1009
2204 1006
2205 1006
2205 1005
2206 1005
2206 1004
2219 1004
2219 1003
2222 1003
2222 1002
2225 1002
2225 1001
2226 1001
2226 1000
2227 1000
2227 999
2228 999
2228 997
2229 997
2229 996
2230 996
2230 994
2231 994
2231 980
2232 980
2232 961
2233 961
2233 953
2234 953
2234 952
2235 952
2235 951
2241 951
2241 943
2240 943
2240 936
2239 936
2239 932
2240 932
2240 926
2241 926
2241 925
2246 925
2246 926
2250 926
2250 927
2256 927
2256 928
2259 928
2259 929
2260 929
2260 930
2261 930
2261 931
2262 931
2262 933
2263 933
2263 935
2264 935
2264 938
2265 938
2265 941
2266 941
2266 942
2267 942
2267 944
2268 944
2268 945
2269 945
2269 946
2271 946
2271 947
2273 947
2273 948
2274 948
2274 949
2275 949
2275 950
2278 950
2278 951
2280 951
2280 952
2281 952
2281 953
2282 953
2282 954
2288 954
2288 955
2295 955
2295 954
2297 954
2297 953
2298 953
2298 949
2299 949
2299 946
2300 946
2300 942
2301 942
2301 939
2302 939
2302 938
2305 938
2305 937
2307 937
2307 936
2308 936
2308 935
2309 935
2309 934
2311 934
2311 933
2312 933
2312 932
2313 932
2313 929
2314 929
2314 926
2315 926
2315 925
2320 925
2320 924
2331 924
2331 923
2332 923
2332 922
2333 922
2333 919
2334 919
2334 917
2335 917
2335 911
2336 911
2336 905
2337 905
2337 902
2338 902
2338 901
2339 901
2339 900
2343 900
2343 901
2355 901
2355 902
2368 902
