3146 479
3145 479
3145 480
3146 480
3146 484
3145 484
3145 494
3144 494
3144 497
3143 497
3143 498
3142 498
3142 499
3140 499
3140 500
3133 500
3133 502
3132 502
3132 517
3133 517
3133 518
3132 518
3132 545
3131 545
3131 550
3130 550
3130 552
3129 552
3129 554
3128 554
3128 556
3127 556
3127 558
3126 558
3126 559
3124 559
3124 560
3123 560
3123 561
3120 561
3120 562
3119 562
3119 564
3118 564
3118 565
3117 565
3117 566
3115 566
3115 567
3114 567
3114 568
3112 568
3112 569
3111 569
3111 570
3109 570
3109 571
3108 571
3108 572
3107 572
3107 578
3106 578
3106 586
3105 586
3105 589
3104 589
3104 591
3103 591
3103 592
3102 592
3102 593
3101 593
3101 594
3098 594
3098 596
3097 596
3097 597
3095 597
3095 599
3094 599
3094 600
3093 600
3093 602
3092 602
3092 603
3091 603
3091 604
3090 604
3090 605
3089 605
3089 606
3087 606
3087 607
3086 607
3086 608
3085 608
3085 609
3084 609
3084 610
3083 610
3083 611
3082 611
3082 612
3081 612
3081 613
3080 613
3080 614
3079 614
3079 615
3077 615
3077 616
3076 616
3076 617
3075 617
3075 618
3074 618
3074 619
3073 619
3073 620
3072 620
3072 622
3071 622
3071 624
3070 624
3070 625
3069 625
3069 626
3068 626
3068 627
3067 627
3067 628
3065 628
3065 629
3064 629
3064 630
3063 630
3063 631
3062 631
3062 633
3061 633
3061 634
3060 634
3060 635
3059 635
3059 638
3058 638
3058 641
3057 641
3057 644
3056 644
3056 647
3055 647
3055 654
3054 654
3054 656
3053 656
3053 657
3052 657
3052 658
3051 658
3051 659
3050 659
3050 660
3049 660
3049 661
3047 661
3047 662
3041 662
3041 661
3040 661
3040 660
3038 660
3038 659
3036 659
3036 658
3035 658
3035 657
3034 657
3034 656
3030 656
3030 655
3027 655
3027 654
3025 654
3025 653
3024 653
3024 652
3023 652
3023 651
3022 651
3022 650
3021 650
3021 649
3020 649
3020 647
3018 647
3018 646
3016 646
3016 645
3013 645
3013 644
3012 644
3012 643
3011 643
3011 642
3010 642
3010 640
3009 640
3009 639
3008 639
3008 636
3006 636
3006 635
3005 635
3005 634
3001 634
3001 633
2998 633
2998 632
2996 632
2996 631
2994 631
2994 630
2988 630
2988 631
2986 631
2986 632
2978 632
2978 633
2969 633
2969 632
2965 632
2965 631
2964 631
2964 630
2961 630
2961 629
2959 629
2959 628
2957 628
2957 627
2956 627
2956 626
2955 626
2955 625
2954 625
2954 624
2953 624
2953 623
2952 623
2952 621
2951 621
2951 619
2950 619
2950 611
2949 611
2949 605
2948 605
2948 582
2947 582
2947 581
2946 581
2946 580
2944 580
2944 579
2943 579
2943 578
2942 578
2942 577
2941 577
2941 576
2940 576
2940 575
2939 575
2939 573
2938 573
2938 569
2937 569
2937 552
2936 552
2936 551
2934 551
2934 550
2932 550
2932 549
2928 549
2928 548
2927 548
2927 547
2926 547
2926 545
2925 545
2925 544
2924 544
2924 542
2923 542
2923 541
2921 541
2921 540
2912 540
2912 547
2911 547
2911 557
2912 557
2912 558
2911 558
2911 585
2910 585
2910 591
2909 591
2909 592
2908 592
2908 593
2907 593
2907 594
2906 594
2906 595
2904 595
2904 596
2899 596
2899 597
2898 597
2898 598
2897 598
2897 606
2896 606
2896 607
2895 607
2895 608
2894 608
2894 609
2892 609
2892 610
2891 610
2891 611
2889 611
2889 612
2886 612
2886 613
2884 613
2884 614
2883 614
2883 615
2882 615
2882 616
2881 616
2881 617
2880 617
2880 618
2876 618
2876 619
2874 619
2874 620
2867 620
2867 619
2862 619
2862 618
2858 618
2858 617
2851 617
2851 616
2841 616
2841 617
2840 617
2840 621
2839 621
2839 629
2840 629
2840 633
2839 633
2839 660
2838 660
2838 679
2837 679
2837 697
2836 697
2836 704
2835 704
2835 706
2834 706
2834 707
2833 707
2833 708
2832 708
2832 709
2831 709
2831 710
2825 710
2825 711
2823 711
2823 713
2822 713
2822 715
2821 715
2821 716
2820 716
2820 717
2818 717
2818 718
2816 718
2816 719
2814 719
2814 720
2813 720
2813 721
2812 721
2812 725
2811 725
2811 734
2810 734
2810 735
2809 735
2809 736
2808 736
2808 737
2807 737
2807 738
2806 738
2806 739
2803 739
2803 740
2801 740
2801 741
2799 741
2799 742
2798 742
2798 743
2795 743
2795 744
2778 744
2778 743
2777 743
2777 742
2776 742
2776 741
2775 741
2775 738
2774 738
2774 733
2773 733
2773 729
2772 729
2772 726
2771 726
2771 724
2770 724
2770 722
2769 722
2769 721
2767 721
2767 720
2764 720
2764 719
2760 719
2760 718
2757 718
2757 717
2750 717
2750 718
2743 718
2743 719
2742 719
2742 731
2741 731
2741 739
2740 739
2740 742
2739 742
2739 744
2738 744
2738 745
2737 745
2737 746
2736 746
2736 747
2733 747
2733 749
2732 749
2732 750
2724 750
2724 749
2720 749
2720 748
2717 748
2717 747
2715 747
2715 746
2714 746
2714 744
2713 744
2713 743
2712 743
2712 739
2711 739
2711 693
2710 693
2710 692
2709 692
2709 691
2707 691
2707 694
2706 694
2706 697
2705 697
2705 699
2704 699
2704 700
2703 700
2703 701
2701 701
2701 702
2695 702
2695 710
2694 710
2694 728
2693 728
2693 753
2692 753
2692 766
2691 766
2691 787
2690 787
2690 796
2689 796
2689 803
2688 803
2688 813
2687 813
2687 816
2686 816
2686 817
2685 817
2685 818
2684 818
2684 819
2683 819
2683 820
2677 820
2677 819
2673 819
2673 818
2669 818
2669 817
2667 817
2667 816
2666 816
2666 815
2662 815
2662 814
2656 814
2656 815
2643 815
2643 814
2631 814
2631 813
2626 813
2626 812
2617 812
2617 811
2615 811
2615 810
2614 810
2614 809
2613 809
2613 808
2612 808
2612 807
2611 807
2611 806
2610 806
2610 805
2608 805
2608 804
2607 804
2607 803
2604 803
2604 802
2601 802
2601 801
2597 801
2597 800
2586 800
2586 799
2584 799
2584 798
2571 798
2571 799
2569 799
2569 798
2565 798
2565 797
2563 797
2563 796
2557 796
2557 797
2554 797
2554 798
2545 798
2545 799
2544 799
2544 819
2543 819
2543 842
2542 842
2542 851
2541 851
2541 855
2540 855
2540 856
2539 856
2539 857
2538 857
2538 858
2537 858
2537 859
2535 859
2535 860
2530 860
2530 859
2522 859
2522 860
2521 860
2521 861
2519 861
2519 862
2517 862
2517 863
2516 863
2516 866
2515 866
2515 870
2514 870
2514 873
2513 873
2513 876
2510 876
2510 877
2509 877
2509 878
2506 878
2506 879
2504 879
2504 880
2501 880
2501 881
2500 881
2500 882
2494 882
2494 881
2493 881
2493 880
2491 880
2491 879
2487 879
2487 878
2479 878
2479 877
2476 877
2476 876
2474 876
2474 875
2473 875
2473 874
2471 874
2471 873
2470 873
2470 872
2468 872
2468 871
2463 871
2463 870
2457 870
2457 871
2454 871
2454 870
2450 870
2450 869
2438 869
2438 870
2437 870
2437 871
2435 871
2435 872
2434 872
2434 873
2432 873
2432 874
2431 874
2431 875
2429 875
2429 876
2422 876
2422 875
2419 875
2419 874
2417 874
2417 873
2416 873
2416 872
2415 872
2415 871
2414 871
2414 870
2413 870
2413 867
2412 867
2412 864
2411 864
2411 859
2410 859
2410 856
2409 856
2409 853
2408 853
2408 850
2407 850
2407 849
2406 849
2406 848
2405 848
2405 847
2404 847
2404 846
2402 846
2402 845
2401 845
2401 844
2399 844
2399 843
2398 843
2398 842
2396 842
2396 841
2395 841
2395 840
2394 840
2394 839
2393 839
2393 838
2392 838
2392 837
2391 837
2391 835
2390 835
2390 833
2389 833
2389 831
2388 831
2388 830
2387 830
2387 829
2386 829
2386 827
2385 827
2385 825
2384 825
2384 823
2383 823
2383 822
2382 822
2382 821
2380 821
2380 820
2379 820
2379 819
2378 819
2378 818
2377 818
2377 816
2376 816
2376 815
2375 815
2375 814
2374 814
2374 813
2373 813
2373 812
2372 812
2372 811
2371 811
2371 810
2367 810
2367 809
2364 809
2364 808
2363 808
2363 807
2361 807
2361 806
2360 806
2360 805
2359 805
2359 804
2357 804
2357 803
2356 803
2356 802
2352 802
2352 801
2349 801
2349 800
2344 800
2344 799
2335 799
2335 798
2326 798
2326 799
2325 799
2325 804
2324 804
2324 818
2323 818
2323 827
2322 827
2322 830
2321 830
2321 833
2320 833
2320 835
2319 835
2319 836
2318 836
2318 837
2316 837
2316 838
2313 838
2313 839
2311 839
2311 843
2310 843
2310 845
2311 845
2311 856
2310 856
2310 869
2309 869
2309 885
2308 885
2308 894
2307 894
2307 896
2306 896
2306 899
2305 899
2305 900
2304 900
2304 902
2303 902
2303 903
2302 903
2302 904
2301 904
2301 905
2295 905
2295 906
2294 906
2294 907
2293 907
2293 910
2292 910
2292 913
2291 913
2291 915
2290 915
2290 922
2289 922
2289 923
2288 923
2288 924
2265 924
2265 923
2259 923
2259 922
2258 922
2258 919
2257 919
2257 918
2255 918
2255 917
2238 917
2238 918
2237 918
2237 919
2231 919
2231 920
2227 920
2227 921
2219 921
2219 922
2214 922
2214 923
2212 923
2212 924
2208 924
2208 925
2205 925
2205 926
2204 926
2204 927
2203 927
2203 928
2181 928
2181 929
2179 929
2179 930
2178 930
2178 931
2177 931
2177 932
2176 932
2176 933
2175 933
2175 934
2160 934
2160 935
2156 935
2156 934
2152 934
2152 933
2150 933
2150 932
2149 932
2149 931
2148 931
2148 929
2146 929
2146 928
2144 928
2144 927
2142 927
2142 926
2141 926
2141 925
2140 925
2140 923
2139 923
2139 919
2138 919
2138 917
2137 917
2137 915
2136 915
2136 914
2134 914
2134 913
2133 913
2133 912
2132 912
2132 911
2131 911
2131 910
2126 910
2126 905
2125 905
2125 903
2124 903
2124 901
2123 901
2123 900
2122 900
2122 899
2121 899
2121 898
2120 898
2120 897
2119 897
2119 896
2118 896
2118 895
2117 895
2117 894
2116 894
2116 893
2115 893
2115 892
2113 892
2113 891
2112 891
2112 889
2111 889
2111 888
2110 888
2110 887
2109 887
2109 886
2108 886
2108 883
2107 883
2107 882
2106 882
2106 880
2105 880
2105 879
2103 879
2103 878
2097 878
2097 877
2081 877
2081 878
2079 878
2079 879
2076 879
2076 880
2075 880
2075 881
2074 881
2074 882
2072 882
2072 883
2071 883
2071 884
2070 884
2070 885
2068 885
2068 886
2053 886
2053 887
2051 887
2051 888
2045 888
2045 889
2044 889
2044 890
2043 890
2043 891
2042 891
2042 892
2041 892
2041 894
2040 894
2040 895
2039 895
2039 896
2037 896
2037 897
2036 897
2036 896
2024 896
2024 897
2023 897
2023 898
2021 898
2021 899
2020 899
2020 900
2019 900
2019 920
2018 920
2018 925
2019 925
2019 932
2018 932
2018 959
2017 959
2017 967
2012 967
2012 968
1999 968
1999 967
1997 967
1997 966
1996 966
1996 965
1995 965
1995 964
1991 964
1991 963
1989 963
1989 962
1987 962
1987 961
1986 961
1986 960
1985 960
1985 959
1983 959
1983 958
1981 958
1981 957
1979 957
1979 956
1978 956
1978 955
1977 955
1977 953
1976 953
1976 944
1975 944
1975 931
1974 931
1974 930
1963 930
1963 931
1960 931
1960 932
1959 932
1959 933
1953 933
1953 934
1947 934
1947 935
1945 935
1945 936
1941 936
1941 937
1940 937
1940 938
1939 938
1939 939
1938 939
1938 940
1937 940
1937 941
1926 941
1926 942
1909 942
1909 943
1908 943
1908 944
1907 944
1907 945
1906 945
1906 946
1904 946
1904 947
1903 947
1903 949
1902 949
1902 950
1901 950
1901 951
1899 951
1899 952
1897 952
1897 953
1895 953
1895 954
1888 954
1888 955
1884 955
1884 956
1880 956
1880 955
1877 955
1877 954
1876 954
1876 953
1875 953
1875 952
1874 952
1874 950
1873 950
1873 949
1862 949
1862 948
1861 948
1861 947
1860 947
1860 946
1859 946
1859 945
1858 945
1858 943
1857 943
1857 933
1856 933
1856 924
1855 924
1855 916
1854 916
1854 908
1853 908
1853 894
1852 894
1852 882
1851 882
1851 872
1850 872
1850 869
1849 869
1849 868
1847 868
1847 867
1843 867
1843 866
1842 866
1842 865
1841 865
1841 863
1840 863
1840 861
1839 861
1839 859
1838 859
1838 853
1837 853
1837 843
1836 843
1836 839
1835 839
1835 838
1826 838
1826 839
1822 839
1822 840
1810 840
1810 841
1799 841
1799 842
1798 842
1798 843
1797 843
1797 845
1796 845
1796 847
1795 847
1795 848
1793 848
1793 849
1792 849
1792 850
1791 850
1791 851
1790 851
1790 852
1789 852
1789 853
1786 853
1786 854
1773 854
1773 855
1772 855
1772 857
1771 857
1771 858
1770 858
1770 859
1769 859
1769 861
1768 861
1768 863
1767 863
1767 865
1766 865
1766 866
1765 866
1765 867
1764 867
1764 870
1763 870
1763 873
1762 873
1762 875
1761 875
1761 877
1760 877
1760 879
1759 879
1759 881
1758 881
1758 882
1757 882
1757 883
1756 883
1756 884
1755 884
1755 886
1754 886
1754 888
1753 888
1753 890
1752 890
1752 893
1751 893
1751 895
1750 895
1750 897
1749 897
1749 899
1748 899
1748 900
1747 900
1747 901
1746 901
1746 904
1745 904
1745 905
1744 905
1744 907
1743 907
1743 908
1742 908
1742 909
1741 909
1741 910
1740 910
1740 911
1739 911
1739 913
1738 913
1738 914
1737 914
1737 915
1736 915
1736 916
1735 916
1735 917
1734 917
1734 920
1733 920
1733 922
1731 922
1731 923
1729 923
1729 924
1726 924
1726 925
1724 925
1724 926
1718 926
1718 927
1712 927
1712 928
1703 928
1703 929
1702 929
1702 930
1701 930
1701 931
1700 931
1700 932
1698 932
1698 933
1696 933
1696 934
1694 934
1694 935
1692 935
1692 936
1690 936
1690 937
1684 937
1684 936
1682 936
1682 935
1681 935
1681 934
1680 934
1680 933
1679 933
1679 932
1678 932
1678 931
1677 931
1677 930
1676 930
1676 929
1675 929
1675 928
1674 928
1674 926
1673 926
1673 924
1672 924
1672 922
1671 922
1671 920
1670 920
1670 919
1667 919
1667 918
1664 918
1664 917
1662 917
1662 916
1661 916
1661 915
1660 915
1660 912
1659 912
1659 911
1658 911
1658 910
1657 910
1657 909
1656 909
1656 908
1655 908
1655 907
1654 907
1654 906
1651 906
1651 905
1649 905
1649 904
1647 904
1647 903
1645 903
1645 902
1643 902
1643 901
1642 901
1642 899
1641 899
1641 895
1640 895
1640 892
1639 892
1639 890
1638 890
1638 889
1637 889
1637 888
1636 888
1636 886
1635 886
1635 885
1634 885
1634 884
1633 884
1633 883
1631 883
1631 882
1628 882
1628 881
1627 881
1627 880
1626 880
1626 879
1625 879
1625 877
1624 877
1624 876
1623 876
1623 875
1622 875
1622 874
1621 874
1621 873
1620 873
1620 872
1619 872
1619 871
1617 871
1617 870
1615 870
1615 869
1610 869
1610 868
1606 868
1606 867
1604 867
1604 866
1603 866
1603 865
1601 865
1601 864
1600 864
1600 863
1597 863
1597 862
1593 862
1593 861
1591 861
1591 860
1590 860
1590 859
1589 859
1589 858
1588 858
1588 857
1587 857
1587 856
1585 856
1585 855
1584 855
1584 854
1572 854
1572 853
1568 853
1568 852
1566 852
1566 851
1564 851
1564 850
1563 850
1563 849
1558 849
1558 848
1556 848
1556 847
1555 847
1555 845
1554 845
1554 844
1553 844
1553 842
1552 842
1552 841
1551 841
1551 839
1550 839
1550 838
1548 838
1548 837
1543 837
1543 836
1537 836
1537 835
1536 835
1536 834
1535 834
1535 833
1533 833
1533 832
1532 832
1532 831
1530 831
1530 830
1529 830
1529 829
1528 829
1528 827
1527 827
1527 826
1526 826
1526 825
1525 825
1525 824
1523 824
1523 823
1521 823
1521 822
1512 822
1512 821
1510 821
1510 820
1509 820
1509 819
1508 819
1508 818
1506 818
1506 817
1505 817
1505 816
1504 816
1504 815
1503 815
1503 814
1502 814
1502 813
1501 813
1501 806
1500 806
1500 800
1499 800
1499 795
1498 795
1498 784
1497 784
1497 781
1496 781
1496 778
1495 778
1495 776
1494 776
1494 774
1493 774
1493 773
1492 773
1492 772
1491 772
1491 771
1490 771
1490 770
1489 770
1489 769
1487 769
1487 768
1484 768
1484 767
1479 767
1479 766
1475 766
1475 765
1470 765
1470 766
1469 766
1469 767
1468 767
1468 768
1467 768
1467 772
1466 772
1466 773
1465 773
1465 774
1464 774
1464 775
1459 775
1459 776
1454 776
1454 777
1447 777
1447 778
1446 778
1446 777
1437 777
1437 778
1436 778
1436 793
1437 793
1437 799
1438 799
1438 813
1439 813
1439 819
1438 819
1438 825
1437 825
1437 829
1436 829
1436 832
1435 832
1435 833
1434 833
1434 834
1432 834
1432 835
1425 835
1425 836
1423 836
1423 837
1422 837
1422 838
1421 838
1421 839
1414 839
1414 840
1407 840
1407 839
1405 839
1405 838
1403 838
1403 837
1395 837
1395 836
1393 836
1393 835
1392 835
1392 834
1390 834
1390 833
1383 833
1383 832
1381 832
1381 831
1379 831
1379 830
1378 830
1378 829
1376 829
1376 828
1375 828
1375 827
1367 827
1367 826
1365 826
1365 825
1363 825
1363 824
1362 824
1362 823
1360 823
1360 822
1356 822
1356 821
1352 821
1352 820
1351 820
1351 819
1350 819
1350 818
1349 818
1349 817
1348 817
1348 814
1347 814
1347 813
1346 813
1346 812
1345 812
1345 811
1344 811
1344 810
1342 810
1342 809
1340 809
1340 808
1339 808
1339 806
1338 806
1338 805
1337 805
1337 803
1336 803
1336 802
1331 802
1331 801
1330 801
1330 800
1329 800
1329 799
1328 799
1328 797
1327 797
1327 792
1326 792
1326 791
1325 791
1325 790
1322 790
1322 789
1317 789
1317 788
1313 788
1313 785
1312 785
1312 783
1311 783
1311 780
1310 780
1310 779
1308 779
1308 778
1306 778
1306 777
1304 777
1304 776
1301 776
1301 773
1300 773
1300 771
1299 771
1299 770
1295 770
1295 769
1293 769
1293 768
1288 768
1288 767
1285 767
1285 766
1284 766
1284 765
1283 765
1283 764
1282 764
1282 762
1281 762
1281 761
1280 761
1280 760
1278 760
1278 759
1274 759
1274 758
1272 758
1272 757
1271 757
1271 756
1270 756
1270 755
1269 755
1269 753
1268 753
1268 746
1267 746
1267 735
1266 735
1266 723
1265 723
1265 712
1264 712
1264 701
1263 701
1263 694
1262 694
1262 693
1260 693
1260 695
1259 695
1259 697
1258 697
1258 698
1256 698
1256 699
1253 699
1253 700
1250 700
1250 701
1248 701
1248 715
1249 715
1249 721
1248 721
1248 723
1247 723
1247 724
1240 724
1240 725
1238 725
1238 726
1236 726
1236 727
1235 727
1235 728
1233 728
1233 729
1232 729
1232 730
1231 730
1231 731
1229 731
1229 732
1228 732
1228 733
1227 733
1227 734
1226 734
1226 735
1223 735
1223 736
1220 736
1220 737
1218 737
1218 739
1217 739
1217 741
1216 741
1216 742
1215 742
1215 743
1214 743
1214 744
1212 744
1212 745
1210 745
1210 747
1209 747
1209 751
1208 751
1208 753
1207 753
1207 754
1206 754
1206 755
1205 755
1205 756
1203 756
1203 757
1201 757
1201 758
1200 758
1200 759
1199 759
1199 760
1197 760
1197 761
1196 761
1196 762
1195 762
1195 763
1194 763
1194 764
1193 764
1193 765
1191 765
1191 766
1184 766
1184 767
1175 767
1175 768
1163 768
1163 769
1160 769
1160 768
1158 768
1158 767
1157 767
1157 766
1156 766
1156 765
1155 765
1155 764
1154 764
1154 762
1153 762
1153 761
1152 761
1152 757
1151 757
1151 750
1150 750
1150 741
1149 741
1149 734
1148 734
1148 731
1147 731
1147 729
1146 729
1146 721
1145 721
1145 719
1144 719
1144 718
1137 718
1137 717
1134 717
1134 716
1132 716
1132 715
1130 715
1130 714
1129 714
1129 713
1128 713
1128 711
1127 711
1127 710
1126 710
1126 709
1125 709
1125 708
1122 708
1122 707
1120 707
1120 706
1118 706
1118 705
1116 705
1116 704
1115 704
1115 703
1114 703
1114 701
1113 701
1113 698
1112 698
1112 697
1110 697
1110 696
1102 696
1102 695
1100 695
1100 694
1099 694
1099 693
1098 693
1098 691
1097 691
1097 689
1096 689
1096 685
1095 685
1095 684
1094 684
1094 683
1093 683
1093 681
1092 681
1092 678
1091 678
1091 674
1090 674
1090 669
1089 669
1089 664
1088 664
1088 662
1086 662
1086 661
1083 661
1083 660
1078 660
1078 659
1077 659
1077 658
1076 658
1076 657
1075 657
1075 656
1074 656
1074 655
1073 655
1073 653
1070 653
1070 652
1068 652
1068 651
1065 651
1065 650
1062 650
1062 649
1059 649
1059 648
1057 648
1057 647
1054 647
1054 646
1052 646
1052 645
1051 645
1051 644
1050 644
1050 642
1049 642
1049 639
1048 639
1048 633
1047 633
1047 622
1046 622
1046 614
1044 614
1044 613
1041 613
1041 612
1039 612
1039 611
1038 611
1038 610
1037 610
1037 609
1036 609
1036 608
1035 608
1035 604
1034 604
1034 597
1033 597
1033 589
1032 589
1032 581
1031 581
1031 569
1030 569
1030 564
1029 564
1029 554
1028 554
1028 546
1027 546
1027 544
1020 544
1020 545
1009 545
1009 544
1006 544
1006 543
998 543
998 544
994 544
994 545
992 545
992 546
991 546
991 547
989 547
989 548
986 548
986 549
982 549
982 550
981 550
981 551
980 551
980 552
979 552
979 553
977 553
977 554
971 554
971 555
970 555
970 563
969 563
969 564
968 564
968 565
965 565
965 566
963 566
963 567
944 567
944 566
943 566
943 565
942 565
942 564
941 564
941 563
940 563
940 561
939 561
939 560
938 560
938 559
935 559
935 557
933 557
933 556
932 556
932 555
931 555
931 554
930 554
930 553
929 553
929 552
928 552
928 551
927 551
927 547
926 547
926 545
925 545
925 544
923 544
923 543
919 543
919 542
918 542
918 541
917 541
917 540
916 540
916 539
915 539
915 538
914 538
914 534
913 534
913 531
912 531
912 529
911 529
911 528
909 528
909 527
907 527
907 526
906 526
906 525
905 525
905 524
904 524
904 523
903 523
903 522
901 522
901 521
898 521
898 520
893 520
893 519
891 519
891 518
890 518
890 517
889 517
889 516
888 516
888 515
887 515
887 514
883 514
883 513
880 513
880 512
879 512
879 511
878 511
878 510
877 510
877 509
876 509
876 508
875 508
875 507
874 507
874 506
870 506
870 505
866 505
866 504
865 504
865 503
864 503
864 502
863 502
863 501
862 501
862 500
861 500
861 498
859 498
859 497
855 497
855 496
854 496
854 495
853 495
853 494
852 494
852 493
851 493
851 491
850 491
850 488
849 488
849 487
848 487
848 486
845 486
845 485
844 485
844 484
842 484
842 483
841 483
841 482
839 482
839 481
838 481
838 480
837 480
837 473
836 473
836 470
835 470
835 469
833 469
833 468
831 468
831 467
830 467
830 466
829 466
829 465
827 465
827 464
826 464
826 463
825 463
825 462
824 462
824 459
823 459
823 453
822 453
822 439
821 439
821 431
820 431
820 424
819 424
819 416
818 416
818 406
817 406
817 399
816 399
816 392
815 392
815 385
814 385
814 379
813 379
813 377
812 377
812 376
811 376
811 375
810 375
810 374
808 374
808 373
807 373
807 372
806 372
806 371
805 371
805 370
804 370
804 368
803 368
803 363
802 363
802 362
801 362
801 361
799 361
799 360
797 360
797 359
795 359
795 358
793 358
793 357
792 357
792 356
791 356
791 355
790 355
790 353
789 353
789 350
787 350
787 349
782 349
782 348
779 348
779 347
776 347
776 350
775 350
775 354
774 354
774 357
773 357
773 358
772 358
772 359
771 359
771 360
769 360
769 361
768 361
768 362
763 362
763 363
754 363
754 362
747 362
747 361
746 361
746 360
745 360
745 358
744 358
744 357
743 357
743 356
739 356
739 357
732 357
732 358
729 358
729 359
728 359
728 360
726 360
726 361
724 361
724 362
722 362
722 363
720 363
720 364
719 364
719 365
718 365
718 366
716 366
716 367
714 367
714 368
712 368
712 369
710 369
710 370
707 370
707 371
703 371
703 372
693 372
693 371
690 371
690 370
688 370
688 369
679 369
679 368
669 368
669 367
661 367
661 366
655 366
655 365
653 365
653 364
651 364
651 363
643 363
643 364
640 364
640 365
632 365
632 364
629 364
629 363
622 363
622 362
617 362
617 361
616 361
616 360
615 360
615 359
614 359
614 358
613 358
613 353
612 353
612 352
611 352
611 351
607 351
607 350
605 350
605 349
603 349
603 348
602 348
602 347
601 347
601 346
600 346
600 345
599 345
599 344
597 344
597 343
595 343
595 342
594 342
594 341
593 341
593 340
592 340
592 339
591 339
591 338
590 338
590 337
589 337
589 336
588 336
588 331
587 331
587 322
586 322
586 307
585 307
585 304
584 304
584 303
583 303
583 302
582 302
582 301
580 301
580 300
578 300
578 299
577 299
577 298
576 298
576 297
575 297
575 296
574 296
574 295
573 295
573 294
572 294
572 287
571 287
571 280
570 280
570 271
569 271
569 258
568 258
568 253
567 253
567 244
566 244
566 233
565 233
565 220
564 220
564 207
563 207
563 202
562 202
562 197
561 197
561 193
560 193
560 192
559 192
559 191
558 191
558 190
554 190
554 189
552 189
552 188
551 188
551 187
550 187
550 186
548 186
548 185
545 185
545 186
544 186
544 185
543 185
543 184
542 184
542 183
541 183
541 182
540 182
540 181
539 181
539 180
538 180
538 178
537 178
537 175
536 175
536 174
534 174
534 173
533 173
533 172
532 172
532 171
527 171
527 170
516 170
516 169
515 169
515 168
514 168
514 167
513 167
513 166
512 166
512 163
511 163
511 157
510 157
510 142
509 142
509 140
504 140
504 141
503 141
503 142
502 142
502 143
500 143
500 144
498 144
498 145
497 145
497 146
496 146
496 148
495 148
495 149
494 149
494 148
495 148
495 146
496 146
496 145
497 145
497 144
498 144
498 143
500 143
500 142
502 142
502 141
503 141
503 140
504 140
504 139
509 139
509 140
510 140
510 142
511 142
511 157
512 157
512 163
513 163
513 166
514 166
514 167
515 167
515 168
516 168
516 169
527 169
527 170
532 170
532 171
533 171
533 172
534 172
534 173
536 173
536 174
537 174
537 175
538 175
538 178
539 178
539 180
540 180
540 181
541 181
541 182
542 182
542 183
543 183
543 184
544 184
544 185
545 185
545 184
548 184
548 185
550 185
550 186
551 186
551 187
552 187
552 188
554 188
554 189
558 189
558 190
559 190
559 191
560 191
560 192
561 192
561 193
562 193
562 197
563 197
563 202
564 202
564 207
565 207
565 220
566 220
566 233
567 233
567 244
568 244
568 253
569 253
569 258
570 258
570 271
571 271
571 280
572 280
572 287
573 287
573 294
574 294
574 295
575 295
575 296
576 296
576 297
577 297
577 298
578 298
578 299
580 299
580 300
582 300
582 301
583 301
583 302
584 302
584 303
585 303
585 304
586 304
586 307
587 307
587 322
588 322
588 331
589 331
589 336
590 336
590 337
591 337
591 338
592 338
592 339
593 339
593 340
594 340
594 341
595 341
595 342
597 342
597 343
599 343
599 344
600 344
600 345
601 345
601 346
602 346
602 347
603 347
603 348
605 348
605 349
607 349
607 350
611 350
611 351
612 351
612 352
613 352
613 353
614 353
614 358
615 358
615 359
616 359
616 360
617 360
617 361
622 361
622 362
629 362
629 363
632 363
632 364
640 364
640 363
643 363
643 362
651 362
651 363
653 363
653 364
655 364
655 365
661 365
661 366
669 366
669 367
679 367
679 368
688 368
688 369
690 369
690 370
693 370
693 371
703 371
703 370
707 370
707 369
710 369
710 368
712 368
712 367
714 367
714 366
716 366
716 365
718 365
718 364
719 364
719 363
720 363
720 362
722 362
722 361
724 361
724 360
726 360
726 359
728 359
728 358
729 358
729 357
732 357
732 356
739 356
739 355
743 355
743 356
744 356
744 357
745 357
745 358
746 358
746 360
747 360
747 361
754 361
754 362
763 362
763 361
768 361
768 360
769 360
769 359
771 359
771 358
772 358
772 357
773 357
773 354
774 354
774 350
775 350
775 347
776 347
776 346
779 346
779 347
782 347
782 348
787 348
787 349
789 349
789 350
790 350
790 353
791 353
791 355
792 355
792 356
793 356
793 357
795 357
795 358
797 358
797 359
799 359
799 360
801 360
801 361
802 361
802 362
803 362
803 363
804 363
804 368
805 368
805 370
806 370
806 371
807 371
807 372
808 372
808 373
810 373
810 374
811 374
811 375
812 375
812 376
813 376
813 377
814 377
814 379
815 379
815 385
816 385
816 392
817 392
817 399
818 399
818 406
819 406
819 416
820 416
820 424
821 424
821 431
822 431
822 439
823 439
823 453
824 453
824 459
825 459
825 462
826 462
826 463
827 463
827 464
829 464
829 465
830 465
830 466
831 466
831 467
833 467
833 468
835 468
835 469
836 469
836 470
837 470
837 473
838 473
838 480
839 480
839 481
841 481
841 482
842 482
842 483
844 483
844 484
845 484
845 485
848 485
848 486
849 486
849 487
850 487
850 488
851 488
851 491
852 491
852 493
853 493
853 494
854 494
854 495
855 495
855 496
859 496
859 497
861 497
861 498
862 498
862 500
863 500
863 501
864 501
864 502
865 502
865 503
866 503
866 504
870 504
870 505
874 505
874 506
875 506
875 507
876 507
876 508
877 508
877 509
878 509
878 510
879 510
879 511
880 511
880 512
883 512
883 513
887 513
887 514
888 514
888 515
889 515
889 516
890 516
890 517
891 517
891 518
893 518
893 519
898 519
898 520
901 520
901 521
903 521
903 522
904 522
904 523
905 523
905 524
906 524
906 525
907 525
907 526
909 526
909 527
911 527
911 528
912 528
912 529
913 529
913 531
914 531
914 534
915 534
915 538
916 538
916 539
917 539
917 540
918 540
918 541
919 541
919 542
923 542
923 543
925 543
925 544
926 544
926 545
927 545
927 547
928 547
928 551
929 551
929 552
930 552
930 553
931 553
931 554
932 554
932 555
933 555
933 556
935 556
935 557
936 557
936 558
938 558
938 559
939 559
939 560
940 560
940 561
941 561
941 563
942 563
942 564
943 564
943 565
944 565
944 566
963 566
963 565
965 565
965 564
968 564
968 563
969 563
969 555
970 555
970 554
971 554
971 553
977 553
977 552
979 552
979 551
980 551
980 550
981 550
981 549
982 549
982 548
986 548
986 547
989 547
989 546
991 546
991 545
992 545
992 544
994 544
994 543
998 543
998 542
1006 542
1006 543
1009 543
1009 544
1020 544
1020 543
1027 543
1027 544
1028 544
1028 546
1029 546
1029 554
1030 554
1030 564
1031 564
1031 569
1032 569
1032 581
1033 581
1033 589
1034 589
1034 597
1035 597
1035 604
1036 604
1036 608
1037 608
1037 609
1038 609
1038 610
1039 610
1039 611
1041 611
1041 612
1044 612
1044 613
1046 613
1046 614
1047 614
1047 622
1048 622
1048 633
1049 633
1049 639
1050 639
1050 642
1051 642
1051 644
1052 644
1052 645
1054 645
1054 646
1057 646
1057 647
1059 647
1059 648
1062 648
1062 649
1065 649
1065 650
1068 650
1068 651
1070 651
1070 652
1073 652
1073 653
1074 653
1074 655
1075 655
1075 656
1076 656
1076 657
1077 657
1077 658
1078 658
1078 659
1083 659
1083 660
1086 660
1086 661
1088 661
1088 662
1089 662
1089 664
1090 664
1090 669
1091 669
1091 674
1092 674
1092 678
1093 678
1093 681
1094 681
1094 683
1095 683
1095 684
1096 684
1096 685
1097 685
1097 689
1098 689
1098 691
1099 691
1099 693
1100 693
1100 694
1102 694
1102 695
1110 695
1110 696
1112 696
1112 697
1113 697
1113 698
1114 698
1114 701
1115 701
1115 703
1116 703
1116 704
1118 704
1118 705
1120 705
1120 706
1122 706
1122 707
1125 707
1125 708
1126 708
1126 709
1127 709
1127 710
1128 710
1128 711
1129 711
1129 713
1130 713
1130 714
1132 714
1132 715
1134 715
1134 716
1137 716
1137 717
1144 717
1144 718
1145 718
1145 719
1146 719
1146 721
1147 721
1147 729
1148 729
1148 731
1149 731
1149 734
1150 734
1150 741
1151 741
1151 750
1152 750
1152 757
1153 757
1153 761
1154 761
1154 762
1155 762
1155 764
1156 764
1156 765
1157 765
1157 766
1158 766
1158 767
1160 767
1160 768
1163 768
1163 767
1175 767
1175 766
1184 766
1184 765
1191 765
1191 764
1193 764
1193 763
1194 763
1194 762
1195 762
1195 761
1196 761
1196 760
1197 760
1197 759
1199 759
1199 758
1200 758
1200 757
1201 757
1201 756
1203 756
1203 755
1205 755
1205 754
1206 754
1206 753
1207 753
1207 751
1208 751
1208 747
1209 747
1209 745
1210 745
1210 744
1212 744
1212 743
1214 743
1214 742
1215 742
1215 741
1216 741
1216 739
1217 739
1217 737
1218 737
1218 736
1220 736
1220 735
1223 735
1223 734
1226 734
1226 733
1227 733
1227 732
1228 732
1228 731
1229 731
1229 730
1231 730
1231 729
1232 729
1232 728
1233 728
1233 727
1235 727
1235 726
1236 726
1236 725
1238 725
1238 724
1240 724
1240 723
1247 723
1247 721
1248 721
1248 715
1247 715
1247 701
1248 701
1248 700
1250 700
1250 699
1253 699
1253 698
1256 698
1256 697
1258 697
1258 695
1259 695
1259 693
1260 693
1260 692
1262 692
1262 693
1263 693
1263 694
1264 694
1264 701
1265 701
1265 712
1266 712
1266 723
1267 723
1267 735
1268 735
1268 746
1269 746
1269 753
1270 753
1270 755
1271 755
1271 756
1272 756
1272 757
1274 757
1274 758
1278 758
1278 759
1280 759
1280 760
1281 760
1281 761
1282 761
1282 762
1283 762
1283 764
1284 764
1284 765
1285 765
1285 766
1288 766
1288 767
1293 767
1293 768
1295 768
1295 769
1299 769
1299 770
1300 770
1300 771
1301 771
1301 773
1302 773
1302 775
1304 775
1304 776
1306 776
1306 777
1308 777
1308 778
1310 778
1310 779
1311 779
1311 780
1312 780
1312 783
1313 783
1313 785
1314 785
1314 787
1317 787
1317 788
1322 788
1322 789
1325 789
1325 790
1326 790
1326 791
1327 791
1327 792
1328 792
1328 797
1329 797
1329 799
1330 799
1330 800
1331 800
1331 801
1336 801
1336 802
1337 802
1337 803
1338 803
1338 805
1339 805
1339 806
1340 806
1340 808
1342 808
1342 809
1344 809
1344 810
1345 810
1345 811
1346 811
1346 812
1347 812
1347 813
1348 813
1348 814
1349 814
1349 817
1350 817
1350 818
1351 818
1351 819
1352 819
1352 820
1356 820
1356 821
1360 821
1360 822
1362 822
1362 823
1363 823
1363 824
1365 824
1365 825
1367 825
1367 826
1375 826
1375 827
1376 827
1376 828
1378 828
1378 829
1379 829
1379 830
1381 830
1381 831
1383 831
1383 832
1390 832
1390 833
1392 833
1392 834
1393 834
1393 835
1395 835
1395 836
1403 836
1403 837
1405 837
1405 838
1407 838
1407 839
1414 839
1414 838
1421 838
1421 837
1422 837
1422 836
1423 836
1423 835
1425 835
1425 834
1432 834
1432 833
1434 833
1434 832
1435 832
1435 829
1436 829
1436 825
1437 825
1437 819
1438 819
1438 813
1437 813
1437 799
1436 799
1436 793
1435 793
1435 777
1437 777
1437 776
1446 776
1446 777
1447 777
1447 776
1454 776
1454 775
1459 775
1459 774
1464 774
1464 773
1465 773
1465 772
1466 772
1466 768
1467 768
1467 767
1468 767
1468 766
1469 766
1469 765
1470 765
1470 764
1475 764
1475 765
1479 765
1479 766
1484 766
1484 767
1487 767
1487 768
1489 768
1489 769
1490 769
1490 770
1491 770
1491 771
1492 771
1492 772
1493 772
1493 773
1494 773
1494 774
1495 774
1495 776
1496 776
1496 778
1497 778
1497 781
1498 781
1498 784
1499 784
1499 795
1500 795
1500 800
1501 800
1501 806
1502 806
1502 813
1503 813
1503 814
1504 814
1504 815
1505 815
1505 816
1506 816
1506 817
1508 817
1508 818
1509 818
1509 819
1510 819
1510 820
1512 820
1512 821
1521 821
1521 822
1523 822
1523 823
1525 823
1525 824
1526 824
1526 825
1527 825
1527 826
1528 826
1528 827
1529 827
1529 829
1530 829
1530 830
1532 830
1532 831
1533 831
1533 832
1535 832
1535 833
1536 833
1536 834
1537 834
1537 835
1543 835
1543 836
1548 836
1548 837
1550 837
1550 838
1551 838
1551 839
1552 839
1552 841
1553 841
1553 842
1554 842
1554 844
1555 844
1555 845
1556 845
1556 847
1558 847
1558 848
1563 848
1563 849
1564 849
1564 850
1566 850
1566 851
1568 851
1568 852
1572 852
1572 853
1584 853
1584 854
1585 854
1585 855
1587 855
1587 856
1588 856
1588 857
1589 857
1589 858
1590 858
1590 859
1591 859
1591 860
1593 860
1593 861
1597 861
1597 862
1600 862
1600 863
1601 863
1601 864
1603 864
1603 865
1604 865
1604 866
1606 866
1606 867
1610 867
1610 868
1615 868
1615 869
1617 869
1617 870
1619 870
1619 871
1620 871
1620 872
1621 872
1621 873
1622 873
1622 874
1623 874
1623 875
1624 875
1624 876
1625 876
1625 877
1626 877
1626 879
1627 879
1627 880
1628 880
1628 881
1631 881
1631 882
1633 882
1633 883
1634 883
1634 884
1635 884
1635 885
1636 885
1636 886
1637 886
1637 888
1638 888
1638 889
1639 889
1639 890
1640 890
1640 892
1641 892
1641 895
1642 895
1642 899
1643 899
1643 901
1645 901
1645 902
1647 902
1647 903
1649 903
1649 904
1651 904
1651 905
1654 905
1654 906
1655 906
1655 907
1656 907
1656 908
1657 908
1657 909
1658 909
1658 910
1659 910
1659 911
1660 911
1660 912
1661 912
1661 915
1662 915
1662 916
1664 916
1664 917
1667 917
1667 918
1670 918
1670 919
1671 919
1671 920
1672 920
1672 922
1673 922
1673 924
1674 924
1674 926
1675 926
1675 928
1676 928
1676 929
1677 929
1677 930
1678 930
1678 931
1679 931
1679 932
1680 932
1680 933
1681 933
1681 934
1682 934
1682 935
1684 935
1684 936
1690 936
1690 935
1692 935
1692 934
1694 934
1694 933
1696 933
1696 932
1698 932
1698 931
1700 931
1700 930
1701 930
1701 929
1702 929
1702 928
1703 928
1703 927
1712 927
1712 926
1718 926
1718 925
1724 925
1724 924
1726 924
1726 923
1729 923
1729 922
1731 922
1731 921
1732 921
1732 920
1733 920
1733 917
1734 917
1734 916
1735 916
1735 915
1736 915
1736 914
1737 914
1737 913
1738 913
1738 911
1739 911
1739 910
1740 910
1740 909
1741 909
1741 908
1742 908
1742 907
1743 907
1743 905
1744 905
1744 904
1745 904
1745 901
1746 901
1746 900
1747 900
1747 899
1748 899
1748 897
1749 897
1749 895
1750 895
1750 893
1751 893
1751 890
1752 890
1752 888
1753 888
1753 886
1754 886
1754 884
1755 884
1755 883
1756 883
1756 882
1757 882
1757 881
1758 881
1758 879
1759 879
1759 877
1760 877
1760 875
1761 875
1761 873
1762 873
1762 870
1763 870
1763 867
1764 867
1764 866
1765 866
1765 865
1766 865
1766 863
1767 863
1767 861
1768 861
1768 859
1769 859
1769 858
1770 858
1770 857
1771 857
1771 855
1772 855
1772 854
1773 854
1773 853
1786 853
1786 852
1789 852
1789 851
1790 851
1790 850
1791 850
1791 849
1792 849
1792 848
1793 848
1793 847
1795 847
1795 845
1796 845
1796 843
1797 843
1797 842
1798 842
1798 841
1799 841
1799 840
1810 840
1810 839
1822 839
1822 838
1826 838
1826 837
1835 837
1835 838
1836 838
1836 839
1837 839
1837 843
1838 843
1838 853
1839 853
1839 859
1840 859
1840 861
1841 861
1841 863
1842 863
1842 865
1843 865
1843 866
1847 866
1847 867
1849 867
1849 868
1850 868
1850 869
1851 869
1851 872
1852 872
1852 882
1853 882
1853 894
1854 894
1854 908
1855 908
1855 916
1856 916
1856 924
1857 924
1857 933
1858 933
1858 943
1859 943
1859 945
1860 945
1860 946
1861 946
1861 947
1862 947
1862 948
1873 948
1873 949
1874 949
1874 950
1875 950
1875 952
1876 952
1876 953
1877 953
1877 954
1880 954
1880 955
1884 955
1884 954
1888 954
1888 953
1895 953
1895 952
1897 952
1897 951
1899 951
1899 950
1901 950
1901 949
1902 949
1902 947
1903 947
1903 946
1904 946
1904 945
1906 945
1906 944
1907 944
1907 943
1908 943
1908 942
1909 942
1909 941
1926 941
1926 940
1937 940
1937 939
1938 939
1938 938
1939 938
1939 937
1940 937
1940 936
1941 936
1941 935
1945 935
1945 934
1947 934
1947 933
1953 933
1953 932
1959 932
1959 931
1960 931
1960 930
1963 930
1963 929
1974 929
1974 930
1975 930
1975 931
1976 931
1976 944
1977 944
1977 953
1978 953
1978 955
1979 955
1979 956
1981 956
1981 957
1983 957
1983 958
1985 958
1985 959
1986 959
1986 960
1987 960
1987 961
1989 961
1989 962
1991 962
1991 963
1995 963
1995 964
1996 964
1996 965
1997 965
1997 966
1999 966
1999 967
2012 967
2012 966
2016 966
2016 959
2017 959
2017 932
2018 932
2018 925
2017 925
2017 920
2018 920
2018 900
2019 900
2019 898
2021 898
2021 897
2023 897
2023 896
2024 896
2024 895
2036 895
2036 896
2037 896
2037 895
2039 895
2039 894
2040 894
2040 892
2041 892
2041 891
2042 891
2042 890
2043 890
2043 889
2044 889
2044 888
2045 888
2045 887
2051 887
2051 886
2053 886
2053 885
2068 885
2068 884
2070 884
2070 883
2071 883
2071 882
2072 882
2072 881
2074 881
2074 880
2075 880
2075 879
2076 879
2076 878
2079 878
2079 877
2081 877
2081 876
2097 876
2097 877
2103 877
2103 878
2105 878
2105 879
2106 879
2106 880
2107 880
2107 882
2108 882
2108 883
2109 883
2109 886
2110 886
2110 887
2111 887
2111 888
2112 888
2112 889
2113 889
2113 891
2115 891
2115 892
2116 892
2116 893
2117 893
2117 894
2118 894
2118 895
2119 895
2119 896
2120 896
2120 897
2121 897
2121 898
2122 898
2122 899
2123 899
2123 900
2124 900
2124 901
2125 901
2125 903
2126 903
2126 905
2127 905
2127 909
2131 909
2131 910
2132 910
2132 911
2133 911
2133 912
2134 912
2134 913
2136 913
2136 914
2137 914
2137 915
2138 915
2138 917
2139 917
2139 919
2140 919
2140 923
2141 923
2141 925
2142 925
2142 926
2144 926
2144 927
2146 927
2146 928
2148 928
2148 929
2149 929
2149 931
2150 931
2150 932
2152 932
2152 933
2156 933
2156 934
2160 934
2160 933
2175 933
2175 932
2176 932
2176 931
2177 931
2177 930
2178 930
2178 929
2179 929
2179 928
2181 928
2181 927
2203 927
2203 926
2204 926
2204 925
2205 925
2205 924
2208 924
2208 923
2212 923
2212 922
2214 922
2214 921
2219 921
2219 920
2227 920
2227 919
2231 919
2231 918
2237 918
2237 917
2238 917
2238 916
2255 916
2255 917
2257 917
2257 918
2258 918
2258 919
2259 919
2259 922
2265 922
2265 923
2288 923
2288 922
2289 922
2289 915
2290 915
2290 913
2291 913
2291 910
2292 910
2292 907
2293 907
2293 906
2294 906
2294 905
2295 905
2295 904
2301 904
2301 903
2302 903
2302 902
2303 902
2303 900
2304 900
2304 899
2305 899
2305 896
2306 896
2306 894
2307 894
2307 885
2308 885
2308 869
2309 869
2309 856
2310 856
2310 845
2309 845
2309 843
2310 843
2310 839
2311 839
2311 838
2313 838
2313 837
2316 837
2316 836
2318 836
2318 835
2319 835
2319 833
2320 833
2320 830
2321 830
2321 827
2322 827
2322 818
2323 818
2323 804
2324 804
2324 799
2325 799
2325 798
2326 798
2326 797
2335 797
2335 798
2344 798
2344 799
2349 799
2349 800
2352 800
2352 801
2356 801
2356 802
2357 802
2357 803
2359 803
2359 804
2360 804
2360 805
2361 805
2361 806
2363 806
2363 807
2364 807
2364 808
2367 808
2367 809
2371 809
2371 810
2372 810
2372 811
2373 811
2373 812
2374 812
2374 813
2375 813
2375 814
2376 814
2376 815
2377 815
2377 816
2378 816
2378 818
2379 818
2379 819
2380 819
2380 820
2382 820
2382 821
2383 821
2383 822
2384 822
2384 823
2385 823
2385 825
2386 825
2386 827
2387 827
2387 829
2388 829
2388 830
2389 830
2389 831
2390 831
2390 833
2391 833
2391 835
2392 835
2392 837
2393 837
2393 838
2394 838
2394 839
2395 839
2395 840
2396 840
2396 841
2398 841
2398 842
2399 842
2399 843
2401 843
2401 844
2402 844
2402 845
2404 845
2404 846
2405 846
2405 847
2406 847
2406 848
2407 848
2407 849
2408 849
2408 850
2409 850
2409 853
2410 853
2410 856
2411 856
2411 859
2412 859
2412 864
2413 864
2413 867
2414 867
2414 870
2415 870
2415 871
2416 871
2416 872
2417 872
2417 873
2419 873
2419 874
2422 874
2422 875
2429 875
2429 874
2431 874
2431 873
2432 873
2432 872
2434 872
2434 871
2435 871
2435 870
2437 870
2437 869
2438 869
2438 868
2450 868
2450 869
2454 869
2454 870
2457 870
2457 869
2463 869
2463 870
2468 870
2468 871
2470 871
2470 872
2471 872
2471 873
2473 873
2473 874
2474 874
2474 875
2476 875
2476 876
2479 876
2479 877
2487 877
2487 878
2491 878
2491 879
2493 879
2493 880
2494 880
2494 881
2500 881
2500 880
2501 880
2501 879
2504 879
2504 878
2506 878
2506 877
2509 877
2509 876
2510 876
2510 875
2512 875
2512 873
2513 873
2513 870
2514 870
2514 866
2515 866
2515 863
2516 863
2516 862
2517 862
2517 861
2519 861
2519 860
2521 860
2521 859
2522 859
2522 858
2530 858
2530 859
2535 859
2535 858
2537 858
2537 857
2538 857
2538 856
2539 856
2539 855
2540 855
2540 851
2541 851
2541 842
2542 842
2542 819
2543 819
2543 799
2544 799
2544 798
2545 798
2545 797
2554 797
2554 796
2557 796
2557 795
2563 795
2563 796
2565 796
2565 797
2569 797
2569 798
2571 798
2571 797
2584 797
2584 798
2586 798
2586 799
2597 799
2597 800
2601 800
2601 801
2604 801
2604 802
2607 802
2607 803
2608 803
2608 804
2610 804
2610 805
2611 805
2611 806
2612 806
2612 807
2613 807
2613 808
2614 808
2614 809
2615 809
2615 810
2617 810
2617 811
2626 811
2626 812
2631 812
2631 813
2643 813
2643 814
2656 814
2656 813
2662 813
2662 814
2666 814
2666 815
2667 815
2667 816
2669 816
2669 817
2673 817
2673 818
2677 818
2677 819
2683 819
2683 818
2684 818
2684 817
2685 817
2685 816
2686 816
2686 813
2687 813
2687 803
2688 803
2688 796
2689 796
2689 787
2690 787
2690 766
2691 766
2691 753
2692 753
2692 728
2693 728
2693 710
2694 710
2694 702
2695 702
2695 701
2701 701
2701 700
2703 700
2703 699
2704 699
2704 697
2705 697
2705 694
2706 694
2706 691
2707 691
2707 690
2709 690
2709 691
2710 691
2710 692
2711 692
2711 693
2712 693
2712 739
2713 739
2713 743
2714 743
2714 744
2715 744
2715 746
2717 746
2717 747
2720 747
2720 748
2724 748
2724 749
2732 749
2732 747
2733 747
2733 746
2736 746
2736 745
2737 745
2737 744
2738 744
2738 742
2739 742
2739 739
2740 739
2740 731
2741 731
2741 719
2742 719
2742 718
2743 718
2743 717
2750 717
2750 716
2757 716
2757 717
2760 717
2760 718
2764 718
2764 719
2767 719
2767 720
2769 720
2769 721
2770 721
2770 722
2771 722
2771 724
2772 724
2772 726
2773 726
2773 729
2774 729
2774 733
2775 733
2775 738
2776 738
2776 741
2777 741
2777 742
2778 742
2778 743
2795 743
2795 742
2798 742
2798 741
2799 741
2799 740
2801 740
2801 739
2803 739
2803 738
2806 738
2806 737
2807 737
2807 736
2808 736
2808 735
2809 735
2809 734
2810 734
2810 725
2811 725
2811 721
2812 721
2812 720
2813 720
2813 719
2814 719
2814 718
2816 718
2816 717
2818 717
2818 716
2820 716
2820 715
2821 715
2821 713
2822 713
2822 711
2823 711
2823 710
2825 710
2825 709
2831 709
2831 708
2832 708
2832 707
2833 707
2833 706
2834 706
2834 704
2835 704
2835 697
2836 697
2836 679
2837 679
2837 660
2838 660
2838 633
2839 633
2839 629
2838 629
2838 621
2839 621
2839 617
2840 617
2840 616
2841 616
2841 615
2851 615
2851 616
2858 616
2858 617
2862 617
2862 618
2867 618
2867 619
2874 619
2874 618
2876 618
2876 617
2880 617
2880 616
2881 616
2881 615
2882 615
2882 614
2883 614
2883 613
2884 613
2884 612
2886 612
2886 611
2889 611
2889 610
2891 610
2891 609
2892 609
2892 608
2894 608
2894 607
2895 607
2895 606
2896 606
2896 598
2897 598
2897 597
2898 597
2898 596
2899 596
2899 595
2904 595
2904 594
2906 594
2906 593
2907 593
2907 592
2908 592
2908 591
2909 591
2909 585
2910 585
2910 558
2911 558
2911 557
2910 557
2910 547
2911 547
2911 540
2912 540
2912 539
2921 539
2921 540
2923 540
2923 541
2924 541
2924 542
2925 542
2925 544
2926 544
2926 545
2927 545
2927 547
2928 547
2928 548
2932 548
2932 549
2934 549
2934 550
2936 550
2936 551
2937 551
2937 552
2938 552
2938 569
2939 569
2939 573
2940 573
2940 575
2941 575
2941 576
2942 576
2942 577
2943 577
2943 578
2944 578
2944 579
2946 579
2946 580
2947 580
2947 581
2948 581
2948 582
2949 582
2949 605
2950 605
2950 611
2951 611
2951 619
2952 619
2952 621
2953 621
2953 623
2954 623
2954 624
2955 624
2955 625
2956 625
2956 626
2957 626
2957 627
2959 627
2959 628
2961 628
2961 629
2964 629
2964 630
2965 630
2965 631
2969 631
2969 632
2978 632
2978 631
2986 631
2986 630
2988 630
2988 629
2994 629
2994 630
2996 630
2996 631
2998 631
2998 632
3001 632
3001 633
3005 633
3005 634
3006 634
3006 635
3008 635
3008 636
3009 636
3009 639
3010 639
3010 640
3011 640
3011 642
3012 642
3012 643
3013 643
3013 644
3016 644
3016 645
3018 645
3018 646
3020 646
3020 647
3021 647
3021 649
3022 649
3022 650
3023 650
3023 651
3024 651
3024 652
3025 652
3025 653
3027 653
3027 654
3030 654
3030 655
3034 655
3034 656
3035 656
3035 657
3036 657
3036 658
3038 658
3038 659
3040 659
3040 660
3041 660
3041 661
3047 661
3047 660
3049 660
3049 659
3050 659
3050 658
3051 658
3051 657
3052 657
3052 656
3053 656
3053 654
3054 654
3054 647
3055 647
3055 644
3056 644
3056 641
3057 641
3057 638
3058 638
3058 635
3059 635
3059 634
3060 634
3060 633
3061 633
3061 631
3062 631
3062 630
3063 630
3063 629
3064 629
3064 628
3065 628
3065 627
3067 627
3067 626
3068 626
3068 625
3069 625
3069 624
3070 624
3070 622
3071 622
3071 620
3072 620
3072 619
3073 619
3073 618
3074 618
3074 617
3075 617
3075 616
3076 616
3076 615
3077 615
3077 614
3079 614
3079 613
3080 613
3080 612
3081 612
3081 611
3082 611
3082 610
3083 610
3083 609
3084 609
3084 608
3085 608
3085 607
3086 607
3086 606
3087 606
3087 605
3089 605
3089 604
3090 604
3090 603
3091 603
3091 602
3092 602
3092 600
3093 600
3093 599
3094 599
3094 597
3095 597
3095 596
3097 596
3097 594
3098 594
3098 593
3101 593
3101 592
3102 592
3102 591
3103 591
3103 589
3104 589
3104 586
3105 586
3105 578
3106 578
3106 572
3107 572
3107 571
3108 571
3108 570
3109 570
3109 569
3111 569
3111 568
3112 568
3112 567
3114 567
3114 566
3115 566
3115 565
3117 565
3117 564
3118 564
3118 562
3119 562
3119 561
3120 561
3120 560
3123 560
3123 559
3124 559
3124 558
3126 558
3126 556
3127 556
3127 554
3128 554
3128 552
3129 552
3129 550
3130 550
3130 545
3131 545
3131 518
3132 518
3132 517
3131 517
3131 502
3132 502
3132 500
3133 500
3133 499
3140 499
3140 498
3142 498
3142 497
3143 497
3143 494
3144 494
3144 484
3145 484
3145 480
3144 480
3144 479
3145 479
3145 433
3146 433
3146 383
3147 383
3147 361
3148 361
3148 360
3160 360
3160 358
3161 358
3161 357
3165 357
3165 358
3180 358
3180 357
3181 357
3181 356
3182 356
3182 355
3183 355
3183 354
3184 354
3184 353
3186 353
3186 352
3189 352
3189 351
3190 351
3190 350
3191 350
3191 349
3192 349
3192 346
3193 346
3193 344
3194 344
3194 340
3195 340
3195 335
3196 335
3196 329
3197 329
3197 328
3198 328
3198 327
3210 327
3210 328
3211 328
3211 329
3212 329
3212 331
3213 331
3213 346
3212 346
3212 352
3213 352
3213 373
3214 373
3214 377
3215 377
3215 383
3214 383
3214 388
3215 388
3215 399
3216 399
3216 406
3217 406
3217 408
3218 408
3218 409
3221 409
3221 410
3222 410
3222 411
3228 411
3228 410
3229 410
3229 409
3230 409
3230 408
3231 408
3231 406
3232 406
3232 404
3233 404
3233 394
3232 394
3232 389
3233 389
3233 384
3234 384
3234 374
3235 374
3235 358
3236 358
3236 354
3237 354
3237 352
3238 352
3238 351
3239 351
3239 352
3242 352
3242 353
3244 353
3244 354
3245 354
3245 355
3247 355
3247 356
3251 356
3251 357
3253 357
3253 358
3255 358
3255 359
3258 359
3258 360
3263 360
3263 361
3274 361
3274 360
3278 360
3278 361
3280 361
3280 362
3281 362
3281 363
3283 363
3283 364
3284 364
3284 365
3285 365
3285 366
3292 366
3292 367
3298 367
3298 366
3300 366
3300 367
3304 367
3304 368
3307 368
3307 367
3308 367
3308 366
3309 366
3309 365
3310 365
3310 364
3311 364
3311 363
3312 363
3312 362
3313 362
3313 361
3315 361
3315 360
3317 360
3317 359
3321 359
3321 358
3323 358
3323 357
3327 357
3327 356
3329 356
3329 357
3327 357
3327 358
3323 358
3323 359
3321 359
3321 360
3317 360
3317 361
3315 361
3315 362
3313 362
3313 363
3312 363
3312 364
3311 364
3311 365
3310 365
3310 366
3309 366
3309 367
3308 367
3308 369
3304 369
3304 368
3300 368
3300 367
3298 367
3298 368
3292 368
3292 367
3285 367
3285 366
3284 366
3284 365
3283 365
3283 364
3281 364
3281 363
3280 363
3280 362
3278 362
3278 361
3274 361
3274 362
3263 362
3263 361
3258 361
3258 360
3255 360
3255 359
3253 359
3253 358
3251 358
3251 357
3247 357
3247 356
3245 356
3245 355
3244 355
3244 354
3242 354
3242 353
3239 353
3239 352
3238 352
3238 354
3237 354
3237 358
3236 358
3236 374
3235 374
3235 384
3234 384
3234 389
3233 389
3233 394
3234 394
3234 404
3233 404
3233 406
3232 406
3232 408
3231 408
3231 409
3230 409
3230 410
3229 410
3229 411
3228 411
3228 412
3222 412
3222 411
3221 411
3221 410
3218 410
3218 409
3217 409
3217 408
3216 408
3216 406
3215 406
3215 399
3214 399
3214 388
3213 388
3213 383
3214 383
3214 377
3213 377
3213 373
3212 373
3212 352
3211 352
3211 346
3212 346
3212 331
3211 331
3211 329
3210 329
3210 328
3198 328
3198 329
3197 329
3197 335
3196 335
3196 340
3195 340
3195 344
3194 344
3194 346
3193 346
3193 349
3192 349
3192 350
3191 350
3191 351
3190 351
3190 352
3189 352
3189 353
3186 353
3186 354
3184 354
3184 355
3183 355
3183 356
3182 356
3182 357
3181 357
3181 358
3180 358
3180 359
3165 359
3165 358
3161 358
3161 360
3160 360
3160 361
3148 361
3148 383
3147 383
3147 433
3146 433
