1046 333
1047 333
1047 342
1048 342
1048 343
1049 343
1049 344
1051 344
1051 345
1052 345
1052 346
1053 346
1053 347
1054 347
1054 349
1055 349
1055 353
1056 353
1056 360
1057 360
1057 362
1058 362
1058 363
1059 363
1059 364
1060 364
1060 365
1061 365
1061 366
1063 366
1063 367
1075 367
1075 368
1080 368
1080 367
1082 367
1082 366
1083 366
1083 365
1084 365
1084 363
1085 363
1085 361
1086 361
1086 346
1087 346
1087 345
1094 345
1094 344
1095 344
1095 343
1096 343
1096 342
1097 342
1097 329
1096 329
1096 285
1095 285
1095 271
1096 271
1096 270
1097 270
1097 269
1101 269
1101 268
1103 268
1103 267
1105 267
1105 266
1106 266
1106 265
1111 265
1111 266
1113 266
1113 267
1114 267
1114 268
1116 268
1116 269
1117 269
1117 270
1118 270
1118 271
1119 271
1119 272
1120 272
1120 273
1121 273
1121 274
1123 274
1123 275
1124 275
1124 276
1125 276
1125 277
1126 277
1126 278
1127 278
1127 279
1128 279
1128 280
1129 280
1129 281
1130 281
1130 282
1131 282
1131 283
1132 283
1132 284
1133 284
1133 285
1135 285
1135 286
1140 286
1140 287
1150 287
1150 288
1156 288
1156 282
1157 282
1157 281
1158 281
1158 280
1159 280
1159 279
1160 279
1160 278
1163 278
1163 277
1185 277
1185 278
1199 278
1199 279
1200 279
1200 282
1201 282
1201 284
1202 284
1202 285
1203 285
1203 286
1204 286
1204 287
1205 287
1205 288
1206 288
1206 289
1207 289
1207 290
1208 290
1208 291
1209 291
1209 292
1210 292
1210 299
1211 299
1211 313
1212 313
1212 314
1213 314
1213 315
1214 315
1214 316
1215 316
1215 317
1216 317
1216 318
1217 318
1217 319
1219 319
1219 320
1221 320
1221 321
1222 321
1222 325
1223 325
1223 339
1224 339
1224 343
1225 343
1225 344
1226 344
1226 345
1227 345
1227 346
1228 346
1228 347
1229 347
1229 348
1231 348
1231 349
1233 349
1233 350
1234 350
1234 356
1235 356
1235 383
1236 383
1236 397
1237 397
1237 401
1238 401
1238 402
1239 402
1239 403
1240 403
1240 404
1241 404
1241 405
1242 405
1242 406
1244 406
1244 407
1246 407
1246 408
1247 408
1247 409
1248 409
1248 410
1249 410
1249 413
1250 413
1250 414
1251 414
1251 415
1252 415
1252 416
1253 416
1253 417
1255 417
1255 418
1257 418
1257 419
1259 419
1259 420
1260 420
1260 421
1261 421
1261 422
1262 422
1262 424
1263 424
1263 426
1264 426
1264 427
1265 427
1265 428
1266 428
1266 429
1268 429
1268 430
1270 430
1270 431
1271 431
1271 441
1272 441
1272 467
1273 467
1273 477
1274 477
1274 479
1275 479
1275 480
1276 480
1276 481
1277 481
1277 482
1279 482
1279 483
1280 483
1280 484
1282 484
1282 485
1284 485
1284 486
1285 486
1285 511
1286 511
1286 515
1287 515
1287 517
1288 517
1288 518
1289 518
1289 519
1290 519
1290 520
1292 520
1292 521
1293 521
1293 522
1295 522
1295 523
1296 523
1296 524
1297 524
1297 526
1298 526
1298 572
1299 572
1299 575
1300 575
1300 578
1301 578
1301 579
1302 579
1302 580
1303 580
1303 581
1304 581
1304 582
1305 582
1305 583
1307 583
1307 584
1308 584
1308 585
1309 585
1309 586
1310 586
1310 587
1311 587
1311 597
1312 597
1312 600
1313 600
1313 602
1314 602
1314 604
1315 604
1315 605
1316 605
1316 606
1318 606
1318 607
1319 607
1319 608
1320 608
1320 609
1321 609
1321 610
1322 610
1322 611
1323 611
1323 613
1324 613
1324 614
1325 614
1325 615
1326 615
1326 616
1327 616
1327 617
1328 617
1328 618
1329 618
1329 619
1331 619
1331 620
1333 620
1333 621
1334 621
1334 622
1335 622
1335 624
1336 624
1336 632
1337 632
1337 633
1338 633
1338 634
1339 634
1339 635
1340 635
1340 637
1342 637
1342 638
1343 638
1343 639
1344 639
1344 640
1345 640
1345 641
1346 641
1346 642
1347 642
1347 644
1348 644
1348 649
1349 649
1349 650
1350 650
1350 652
1351 652
1351 653
1352 653
1352 655
1353 655
1353 656
1355 656
1355 657
1356 657
1356 658
1357 658
1357 659
1358 659
1358 660
1360 660
1360 661
1361 661
1361 663
1362 663
1362 664
1363 664
1363 666
1365 666
1365 667
1366 667
1366 668
1367 668
1367 669
1369 669
1369 670
1371 670
1371 671
1374 671
1374 672
1377 672
1377 674
1378 674
1378 675
1379 675
1379 676
1380 676
1380 677
1382 677
1382 678
1385 678
1385 679
1386 679
1386 680
1389 680
1389 681
1390 681
1390 682
1395 682
1395 683
1397 683
1397 684
1398 684
1398 685
1399 685
1399 687
1400 687
1400 688
1401 688
1401 689
1403 689
1403 690
1404 690
1404 691
1406 691
1406 692
1407 692
1407 693
1408 693
1408 697
1409 697
1409 713
1410 713
1410 718
1411 718
1411 720
1412 720
1412 721
1413 721
1413 723
1414 723
1414 724
1416 724
1416 725
1418 725
1418 726
1420 726
1420 727
1421 727
1421 728
1422 728
1422 729
1423 729
1423 735
1424 735
1424 737
1425 737
1425 739
1426 739
1426 740
1427 740
1427 741
1428 741
1428 742
1429 742
1429 743
1431 743
1431 744
1432 744
1432 745
1433 745
1433 746
1434 746
1434 747
1435 747
1435 749
1436 749
1436 752
1437 752
1437 755
1438 755
1438 756
1439 756
1439 758
1440 758
1440 759
1441 759
1441 760
1442 760
1442 761
1443 761
1443 762
1444 762
1444 763
1446 763
1446 764
1447 764
1447 765
1448 765
1448 766
1449 766
1449 768
1450 768
1450 770
1451 770
1451 773
1452 773
1452 776
1453 776
1453 779
1454 779
1454 780
1455 780
1455 782
1456 782
1456 784
1457 784
1457 785
1458 785
1458 786
1459 786
1459 787
1460 787
1460 788
1461 788
1461 789
1462 789
1462 790
1463 790
1463 791
1464 791
1464 792
1465 792
1465 795
1466 795
1466 798
1467 798
1467 801
1468 801
1468 804
1469 804
1469 805
1470 805
1470 807
1471 807
1471 809
1472 809
1472 810
1473 810
1473 812
1474 812
1474 814
1475 814
1475 815
1476 815
1476 816
1478 816
1478 817
1481 817
1481 818
1483 818
1483 819
1484 819
1484 820
1486 820
1486 821
1490 821
1490 822
1493 822
1493 823
1495 823
1495 824
1499 824
1499 825
1505 825
1505 826
1510 826
1510 827
1515 827
1515 828
1517 828
1517 829
1518 829
1518 830
1519 830
1519 831
1520 831
1520 833
1521 833
1521 834
1523 834
1523 835
1526 835
1526 836
1530 836
1530 837
1531 837
1531 838
1532 838
1532 839
1533 839
1533 840
1534 840
1534 841
1535 841
1535 842
1537 842
1537 843
1539 843
1539 844
1546 844
1546 845
1550 845
1550 846
1555 846
1555 847
1557 847
1557 848
1559 848
1559 849
1560 849
1560 850
1561 850
1561 851
1563 851
1563 852
1568 852
1568 853
1573 853
1573 854
1575 854
1575 855
1578 855
1578 856
1581 856
1581 857
1584 857
1584 858
1585 858
1585 859
1587 859
1587 860
1588 860
1588 861
1589 861
1589 862
1590 862
1590 863
1591 863
1591 865
1592 865
1592 866
1593 866
1593 867
1594 867
1594 868
1598 868
1598 869
1610 869
1610 870
1615 870
1615 869
1634 869
1634 870
1640 870
1640 871
1641 871
1641 872
1642 872
1642 873
1644 873
1644 874
1646 874
1646 875
1659 875
1659 874
1666 874
1666 873
1670 873
1670 872
1672 872
1672 871
1680 871
1680 870
1706 870
1706 871
1714 871
1714 872
1716 872
1716 873
1727 873
1727 872
1737 872
1737 873
1739 873
1739 874
1741 874
1741 875
1753 875
1753 876
1754 876
1754 875
1760 875
1760 876
1767 876
1767 877
1768 877
1768 878
1770 878
1770 879
1771 879
1771 880
1772 880
1772 882
1775 882
1775 883
1779 883
1779 884
1780 884
1780 883
1789 883
1789 884
1791 884
1791 885
1793 885
1793 886
1794 886
1794 887
1795 887
1795 889
1796 889
1796 890
1797 890
1797 891
1798 891
1798 892
1799 892
1799 893
1801 893
1801 894
1806 894
1806 895
1808 895
1808 896
1810 896
1810 897
1811 897
1811 898
1813 898
1813 899
1816 899
1816 900
1826 900
1826 901
1827 901
1827 902
1828 902
1828 903
1830 903
1830 904
1831 904
1831 905
1833 905
1833 906
1834 906
1834 907
1846 907
1846 908
1848 908
1848 909
1852 909
1852 910
1868 910
1868 911
1873 911
1873 912
1879 912
1879 913
1885 913
1885 914
1897 914
1897 915
1898 915
1898 914
1906 914
1906 915
1912 915
1912 916
1925 916
1925 917
1934 917
1934 918
1935 918
1935 919
1936 919
1936 920
1937 920
1937 922
1938 922
1938 924
1939 924
1939 925
1940 925
1940 926
1942 926
1942 927
1949 927
1949 928
1959 928
1959 929
1962 929
1962 930
1965 930
1965 931
1980 931
1980 932
1985 932
1985 933
1986 933
1986 934
1987 934
1987 935
1988 935
1988 936
1990 936
1990 937
1992 937
1992 938
1993 938
1993 939
1995 939
1995 940
1997 940
1997 941
1998 941
1998 942
2000 942
2000 943
2002 943
2002 944
2004 944
2004 945
2006 945
2006 946
2007 946
2007 948
2008 948
2008 949
2009 949
2009 950
2012 950
2012 951
2014 951
2014 952
2015 952
2015 953
2017 953
2017 954
2018 954
2018 955
2021 955
2021 956
2022 956
2022 957
2023 957
2023 958
2024 958
2024 959
2027 959
2027 960
2028 960
2028 961
2033 961
2033 962
2057 962
2057 963
2064 963
2064 964
2070 964
2070 965
2079 965
2079 964
2085 964
2085 965
2090 965
2090 966
2103 966
2103 967
2113 967
2113 968
2115 968
2115 969
2123 969
2123 970
2125 970
2125 971
2126 971
2126 972
2127 972
2127 974
2128 974
2128 975
2129 975
2129 976
2130 976
2130 977
2131 977
2131 978
2132 978
2132 979
2134 979
2134 980
2135 980
2135 981
2136 981
2136 982
2137 982
2137 983
2139 983
2139 982
2145 982
2145 981
2153 981
2153 980
2159 980
2159 979
2162 979
2162 978
2164 978
2164 977
2168 977
2168 976
2179 976
2179 977
2183 977
2183 978
2189 978
2189 979
2194 979
2194 978
2197 978
2197 979
2219 979
2219 980
2232 980
2232 981
2233 981
2233 982
2235 982
2235 983
2236 983
2236 984
2237 984
2237 985
2240 985
2240 986
2248 986
2248 985
2259 985
2259 986
2276 986
2276 987
2283 987
2283 988
2292 988
2292 989
2307 989
2307 988
2310 988
2310 989
2317 989
2317 990
2338 990
2338 991
2346 991
2346 992
2347 992
2347 993
2365 993
2365 994
2366 994
2366 993
2379 993
2379 994
2383 994
2383 995
2387 995
2387 996
2390 996
2390 997
2392 997
2392 998
2393 998
2393 999
2395 999
2395 1000
2396 1000
2396 1001
2402 1001
2402 1002
2410 1002
2410 1001
2416 1001
2416 1000
2420 1000
2420 999
2427 999
2427 998
2433 998
2433 997
2436 997
2436 996
2441 996
2441 997
2445 997
2445 998
2450 998
2450 999
2473 999
2473 1000
2486 1000
2486 1001
2488 1001
2488 1000
2499 1000
2499 999
2519 999
2519 998
2521 998
2521 999
2530 999
2530 1000
2535 1000
2535 999
2547 999
2547 1000
2552 1000
2552 1001
2555 1001
2555 1002
2557 1002
2557 1003
2560 1003
2560 1004
2561 1004
2561 1005
2563 1005
2563 1006
2578 1006
2578 1007
2581 1007
2581 1008
2582 1008
2582 1009
2583 1009
2583 1010
2585 1010
2585 1011
2586 1011
2586 1012
2590 1012
2590 1013
2599 1013
2599 1012
2604 1012
2604 1013
2606 1013
2606 1014
2609 1014
2609 1015
2610 1015
2610 1016
2611 1016
2611 1017
2614 1017
2614 1018
2615 1018
2615 1019
2617 1019
2617 1020
2618 1020
2618 1021
2629 1021
2629 1022
2632 1022
2632 1023
2639 1023
2639 1024
2649 1024
2649 1025
2650 1025
2650 1026
2651 1026
2651 1027
2652 1027
2652 1028
2653 1028
2653 1029
2654 1029
2654 1030
2655 1030
2655 1031
2657 1031
2657 1032
2658 1032
2658 1033
2660 1033
2660 1034
2671 1034
2671 1033
2679 1033
2679 1032
2682 1032
2682 1031
2689 1031
2689 1020
2690 1020
2690 1019
2694 1019
2694 1018
2718 1018
2718 1019
2739 1019
2739 1018
2740 1018
2740 1017
2741 1017
2741 1016
2743 1016
2743 1015
2744 1015
2744 1014
2745 1014
2745 1013
2747 1013
2747 1012
2750 1012
2750 1011
2752 1011
2752 1010
2753 1010
2753 1009
2756 1009
2756 1008
2757 1008
2757 1007
2759 1007
2759 1006
2760 1006
2760 1005
2761 1005
2761 1004
2763 1004
2763 1003
2765 1003
2765 1002
2767 1002
2767 1001
2768 1001
2768 1000
2771 1000
2771 999
2773 999
2773 998
2774 998
2774 997
2775 997
2775 996
2776 996
2776 995
2777 995
2777 994
2779 994
2779 993
2781 993
2781 992
2783 992
2783 991
2785 991
2785 990
2786 990
2786 989
2790 989
2790 988
2796 988
2796 987
2798 987
2798 986
2799 986
2799 985
2800 985
2800 984
2801 984
2801 983
2802 983
2802 982
2803 982
2803 981
2804 981
2804 969
2805 969
2805 968
2806 968
2806 967
2809 967
2809 966
2816 966
2816 965
2817 965
2817 964
2820 964
2820 963
2822 963
2822 962
2827 962
2827 961
2829 961
2829 960
2832 960
2832 959
2833 959
2833 958
2835 958
2835 957
2836 957
2836 955
2837 955
2837 954
2838 954
2838 953
2840 953
2840 952
2842 952
2842 951
2843 951
2843 950
2844 950
2844 949
2845 949
2845 948
2846 948
2846 947
2847 947
2847 945
2848 945
2848 943
2849 943
2849 942
2851 942
2851 941
2853 941
2853 940
2855 940
2855 939
2857 939
2857 938
2858 938
2858 937
2861 937
2861 936
2865 936
2865 935
2866 935
2866 934
2868 934
2868 933
2869 933
2869 932
2870 932
2870 931
2871 931
2871 930
2875 930
2875 931
2878 931
2878 932
2879 932
2879 933
2880 933
2880 936
2881 936
2881 937
2882 937
2882 939
2885 939
2885 940
2892 940
2892 941
2893 941
2893 942
2902 942
2902 941
2904 941
2904 939
2905 939
2905 937
2906 937
2906 932
2905 932
2905 930
2904 930
2904 918
2911 918
2911 917
2913 917
2913 916
2914 916
2914 914
2915 914
2915 913
2916 913
2916 912
2917 912
2917 911
2918 911
2918 910
2919 910
2919 909
2921 909
2921 908
2922 908
2922 907
2924 907
2924 906
2929 906
2929 907
2930 907
2930 906
2934 906
2934 905
2935 905
2935 904
2936 904
2936 902
2937 902
2937 901
2938 901
2938 900
2944 900
2944 899
2946 899
2946 898
2948 898
2948 896
2949 896
2949 894
2950 894
2950 892
2951 892
2951 890
2952 890
2952 889
2953 889
2953 888
2956 888
2956 887
2959 887
2959 886
2960 886
2960 885
2961 885
2961 884
2962 884
2962 883
2968 883
2968 882
2970 882
2970 881
2971 881
2971 879
2972 879
2972 878
2973 878
2973 877
2974 877
2974 876
2981 876
2981 875
2982 875
2982 874
2983 874
2983 872
2984 872
2984 870
2985 870
2985 869
2986 869
2986 868
2987 868
2987 867
2992 867
2992 866
2994 866
2994 864
2995 864
2995 862
2996 862
2996 860
2997 860
2997 859
2998 859
2998 858
2999 858
2999 857
3000 857
3000 856
3001 856
3001 855
3004 855
3004 854
3006 854
3006 853
3008 853
3008 852
3014 852
3014 851
3015 851
3015 848
3016 848
3016 847
3017 847
3017 846
3018 846
3018 845
3019 845
3019 844
3020 844
3020 843
3036 843
3036 842
3039 842
3039 841
3041 841
3041 840
3042 840
3042 839
3043 839
3043 836
3044 836
3044 834
3045 834
3045 833
3046 833
3046 831
3047 831
3047 826
3048 826
3048 824
3047 824
3047 821
3048 821
3048 820
3049 820
3049 817
3050 817
3050 816
3051 816
3051 815
3052 815
3052 814
3053 814
3053 813
3054 813
3054 812
3056 812
3056 811
3058 811
3058 810
3060 810
3060 809
3062 809
3062 808
3070 808
3070 807
3071 807
3071 805
3072 805
3072 804
3073 804
3073 803
3074 803
3074 801
3075 801
3075 800
3076 800
3076 799
3077 799
3077 798
3078 798
3078 797
3079 797
3079 796
3080 796
3080 794
3081 794
3081 793
3082 793
3082 792
3083 792
3083 791
3084 791
3084 790
3085 790
3085 788
3086 788
3086 787
3087 787
3087 786
3088 786
3088 785
3089 785
3089 783
3090 783
3090 782
3091 782
3091 781
3092 781
3092 780
3095 780
3095 778
3096 778
3096 777
3097 777
3097 776
3098 776
3098 773
3099 773
3099 771
3100 771
3100 770
3101 770
3101 769
3102 769
3102 768
3103 768
3103 767
3104 767
3104 766
3105 766
3105 765
3107 765
3107 764
3108 764
3108 763
3109 763
3109 762
3110 762
3110 761
3111 761
3111 760
3113 760
3113 759
3114 759
3114 758
3115 758
3115 757
3116 757
3116 756
3117 756
3117 755
3118 755
3118 754
3119 754
3119 753
3122 753
3122 752
3123 752
3123 751
3124 751
3124 750
3125 750
3125 749
3126 749
3126 748
3127 748
3127 745
3128 745
3128 743
3129 743
3129 741
3130 741
3130 738
3131 738
3131 735
3132 735
3132 726
3133 726
3133 725
3134 725
3134 724
3140 724
3140 723
3143 723
3143 722
3147 722
3147 721
3150 721
3150 720
3153 720
3153 719
3156 719
3156 718
3158 718
3158 717
3160 717
3160 716
3163 716
3163 715
3164 715
3164 713
3165 713
3165 712
3166 712
3166 708
3167 708
3167 701
3168 701
3168 700
3169 700
3169 699
3172 699
3172 698
3174 698
3174 697
3175 697
3175 696
3176 696
3176 694
3177 694
3177 693
3178 693
3178 689
3179 689
3179 673
3180 673
3180 671
3181 671
3181 670
3185 670
3185 669
3187 669
3187 667
3188 667
3188 666
3189 666
3189 665
3201 665
3201 664
3205 664
3205 663
3209 663
3209 662
3210 662
3210 661
3211 661
3211 659
3212 659
3212 657
3213 657
3213 654
3214 654
3214 635
3215 635
3215 634
3216 634
3216 633
3218 633
3218 632
3220 632
3220 631
3222 631
3222 630
3223 630
3223 629
3224 629
3224 628
3225 628
3225 629
3231 629
3231 628
3236 628
3236 627
3238 627
3238 626
3245 626
3245 625
3246 625
3246 623
3247 623
3247 621
3248 621
3248 620
3249 620
3249 619
3250 619
3250 618
3252 618
3252 617
3257 617
3257 616
3261 616
3261 615
3262 615
3262 614
3263 614
3263 613
3265 613
3265 612
3268 612
3268 611
3269 611
3269 610
3270 610
3270 588
3271 588
3271 586
3272 586
3272 585
3273 585
3273 583
3274 583
3274 582
3276 582
3276 581
3277 581
3277 580
3278 580
3278 579
3279 579
3279 578
3280 578
3280 577
3281 577
3281 576
3282 576
3282 575
3283 575
3283 574
3286 574
3286 573
3287 573
3287 572
3288 572
3288 571
3290 571
3290 570
3291 570
3291 569
3292 569
3292 568
3293 568
3293 554
3292 554
3292 548
3293 548
3293 545
3294 545
3294 544
3296 544
3296 543
3299 543
3299 542
3302 542
3302 541
3303 541
3303 539
3304 539
3304 537
3305 537
3305 535
3306 535
3306 533
3307 533
3307 532
3308 532
3308 531
3309 531
3309 530
3310 530
3310 529
3311 529
3311 528
3313 528
3313 527
3314 527
3314 525
3315 525
3315 519
3316 519
3316 518
3317 518
3317 517
3318 517
3318 516
3319 516
3319 515
3321 515
3321 514
3323 514
3323 513
3325 513
3325 512
3326 512
3326 510
3327 510
3327 508
3328 508
3328 506
3329 506
3329 505
3331 505
3331 504
3333 504
3333 503
3334 503
3334 502
3337 502
3337 499
3338 499
3338 497
3339 497
3339 496
3340 496
3340 495
3343 495
3343 494
3345 494
3345 493
3347 493
3347 492
3348 492
3348 491
3349 491
3349 490
3351 490
3351 489
3352 489
3352 488
3354 488
3354 487
3355 487
3355 486
3356 486
3356 485
3357 485
3357 484
3359 484
3359 483
3361 483
3361 482
3362 482
3362 481
3364 481
3364 480
3365 480
3365 479
3367 479
3367 478
3369 478
3369 477
3372 477
3372 473
3373 473
3373 461
3374 461
3374 460
3379 460
3379 459
3383 459
3383 458
3390 458
3390 457
3393 457
3393 456
3394 456
3394 455
3395 455
3395 454
3397 454
3397 453
3399 453
3399 452
3400 452
3400 451
3401 451
3401 450
3402 450
3402 449
3404 449
3404 448
3405 448
3405 447
3406 447
3406 445
3407 445
3407 438
3408 438
3408 433
3409 433
3409 432
3410 432
3410 431
3411 431
3411 430
3412 430
3412 429
3414 429
3414 428
3415 428
3415 427
3416 427
3416 425
3417 425
3417 423
3418 423
3418 421
3419 421
3419 420
3421 420
3421 419
3422 419
3422 418
3423 418
3423 416
3424 416
3424 415
3425 415
3425 414
3427 414
3427 413
3428 413
3428 411
3429 411
3429 410
3430 410
3430 407
3431 407
3431 397
3432 397
3432 396
3433 396
3433 395
3434 395
3434 394
3435 394
3435 393
3439 393
3439 392
3441 392
3441 391
3443 391
3443 390
3449 390
3449 389
3451 389
3451 388
3452 388
3452 386
3453 386
3453 384
3461 384
3461 385
3463 385
3463 386
3464 386
3464 387
3470 387
3470 386
3472 386
3472 385
3475 385
3475 384
3476 384
3476 383
3477 383
3477 382
3478 382
3478 381
3479 381
3479 380
3480 380
3480 379
3481 379
3481 378
3484 378
3484 379
3486 379
3486 380
3487 380
3487 381
3489 381
3489 382
3495 382
3495 383
3499 383
3499 384
3510 384
3510 383
3513 383
3513 382
3516 382
3516 381
3517 381
3517 382
3519 382
3519 383
3520 383
3520 384
3521 384
3521 385
3523 385
3523 386
3525 386
3525 387
3526 387
3526 388
3529 388
3529 389
3531 389
3531 390
3535 390
3535 391
3536 391
3536 392
3538 392
3538 393
3539 393
3539 394
3541 394
3541 395
3542 395
3542 396
3546 396
3546 395
3547 395
3547 396
3561 396
3561 397
3562 397
3562 398
3564 398
3564 399
3562 399
3562 398
3561 398
3561 397
3547 397
3547 396
3546 396
3546 397
3542 397
3542 396
3541 396
3541 395
3539 395
3539 394
3538 394
3538 393
3536 393
3536 392
3535 392
3535 391
3531 391
3531 390
3529 390
3529 389
3526 389
3526 388
3525 388
3525 387
3523 387
3523 386
3521 386
3521 385
3520 385
3520 384
3519 384
3519 383
3517 383
3517 382
3516 382
3516 383
3513 383
3513 384
3510 384
3510 385
3499 385
3499 384
3495 384
3495 383
3489 383
3489 382
3487 382
3487 381
3486 381
3486 380
3484 380
3484 379
3481 379
3481 380
3480 380
3480 381
3479 381
3479 382
3478 382
3478 383
3477 383
3477 384
3476 384
3476 385
3475 385
3475 386
3472 386
3472 387
3470 387
3470 388
3464 388
3464 387
3463 387
3463 386
3461 386
3461 385
3454 385
3454 386
3453 386
3453 388
3452 388
3452 389
3451 389
3451 390
3449 390
3449 391
3443 391
3443 392
3441 392
3441 393
3439 393
3439 394
3435 394
3435 395
3434 395
3434 396
3433 396
3433 397
3432 397
3432 407
3431 407
3431 410
3430 410
3430 411
3429 411
3429 413
3428 413
3428 414
3427 414
3427 415
3425 415
3425 416
3424 416
3424 418
3423 418
3423 420
3421 420
3421 421
3419 421
3419 423
3418 423
3418 425
3417 425
3417 427
3416 427
3416 428
3415 428
3415 429
3414 429
3414 430
3412 430
3412 431
3411 431
3411 432
3410 432
3410 433
3409 433
3409 438
3408 438
3408 445
3407 445
3407 447
3406 447
3406 448
3405 448
3405 449
3404 449
3404 450
3402 450
3402 451
3401 451
3401 452
3400 452
3400 453
3399 453
3399 454
3397 454
3397 455
3395 455
3395 456
3394 456
3394 457
3393 457
3393 458
3390 458
3390 459
3383 459
3383 460
3379 460
3379 461
3374 461
3374 473
3373 473
3373 477
3372 477
3372 478
3369 478
3369 479
3367 479
3367 480
3365 480
3365 481
3364 481
3364 482
3362 482
3362 483
3361 483
3361 484
3359 484
3359 485
3357 485
3357 486
3356 486
3356 487
3355 487
3355 488
3354 488
3354 489
3352 489
3352 490
3351 490
3351 491
3349 491
3349 492
3348 492
3348 493
3347 493
3347 494
3345 494
3345 495
3343 495
3343 496
3340 496
3340 497
3339 497
3339 499
3338 499
3338 502
3337 502
3337 503
3334 503
3334 504
3333 504
3333 505
3331 505
3331 506
3329 506
3329 508
3328 508
3328 510
3327 510
3327 512
3326 512
3326 513
3325 513
3325 514
3323 514
3323 515
3321 515
3321 516
3319 516
3319 517
3318 517
3318 518
3317 518
3317 519
3316 519
3316 525
3315 525
3315 527
3314 527
3314 528
3313 528
3313 529
3311 529
3311 530
3310 530
3310 531
3309 531
3309 532
3308 532
3308 533
3307 533
3307 535
3306 535
3306 537
3305 537
3305 539
3304 539
3304 541
3303 541
3303 542
3302 542
3302 543
3299 543
3299 544
3296 544
3296 545
3294 545
3294 548
3293 548
3293 554
3294 554
3294 568
3293 568
3293 569
3292 569
3292 570
3291 570
3291 571
3290 571
3290 572
3288 572
3288 573
3287 573
3287 574
3286 574
3286 575
3283 575
3283 576
3282 576
3282 577
3281 577
3281 578
3280 578
3280 579
3279 579
3279 580
3278 580
3278 581
3277 581
3277 582
3276 582
3276 583
3274 583
3274 585
3273 585
3273 586
3272 586
3272 588
3271 588
3271 610
3270 610
3270 611
3269 611
3269 612
3268 612
3268 613
3265 613
3265 614
3263 614
3263 615
3262 615
3262 616
3261 616
3261 617
3257 617
3257 618
3252 618
3252 619
3250 619
3250 620
3249 620
3249 621
3248 621
3248 623
3247 623
3247 625
3246 625
3246 626
3245 626
3245 627
3238 627
3238 628
3236 628
3236 629
3231 629
3231 630
3225 630
3225 629
3224 629
3224 630
3223 630
3223 631
3222 631
3222 632
3220 632
3220 633
3218 633
3218 634
3216 634
3216 635
3215 635
3215 654
3214 654
3214 657
3213 657
3213 659
3212 659
3212 661
3211 661
3211 662
3210 662
3210 663
3209 663
3209 664
3205 664
3205 665
3201 665
3201 666
3189 666
3189 667
3188 667
3188 669
3187 669
3187 670
3185 670
3185 671
3181 671
3181 673
3180 673
3180 689
3179 689
3179 693
3178 693
3178 694
3177 694
3177 696
3176 696
3176 697
3175 697
3175 698
3174 698
3174 699
3172 699
3172 700
3169 700
3169 701
3168 701
3168 708
3167 708
3167 712
3166 712
3166 713
3165 713
3165 715
3164 715
3164 716
3163 716
3163 717
3160 717
3160 718
3158 718
3158 719
3156 719
3156 720
3153 720
3153 721
3150 721
3150 722
3147 722
3147 723
3143 723
3143 724
3140 724
3140 725
3134 725
3134 726
3133 726
3133 735
3132 735
3132 738
3131 738
3131 741
3130 741
3130 743
3129 743
3129 745
3128 745
3128 748
3127 748
3127 749
3126 749
3126 750
3125 750
3125 751
3124 751
3124 752
3123 752
3123 753
3122 753
3122 754
3119 754
3119 755
3118 755
3118 756
3117 756
3117 757
3116 757
3116 758
3115 758
3115 759
3114 759
3114 760
3113 760
3113 761
3111 761
3111 762
3110 762
3110 763
3109 763
3109 764
3108 764
3108 765
3107 765
3107 766
3105 766
3105 767
3104 767
3104 768
3103 768
3103 769
3102 769
3102 770
3101 770
3101 771
3100 771
3100 773
3099 773
3099 776
3098 776
3098 777
3097 777
3097 778
3096 778
3096 780
3095 780
3095 781
3092 781
3092 782
3091 782
3091 783
3090 783
3090 785
3089 785
3089 786
3088 786
3088 787
3087 787
3087 788
3086 788
3086 790
3085 790
3085 791
3084 791
3084 792
3083 792
3083 793
3082 793
3082 794
3081 794
3081 796
3080 796
3080 797
3079 797
3079 798
3078 798
3078 799
3077 799
3077 800
3076 800
3076 801
3075 801
3075 803
3074 803
3074 804
3073 804
3073 805
3072 805
3072 807
3071 807
3071 808
3070 808
3070 809
3062 809
3062 810
3060 810
3060 811
3058 811
3058 812
3056 812
3056 813
3054 813
3054 814
3053 814
3053 815
3052 815
3052 816
3051 816
3051 817
3050 817
3050 820
3049 820
3049 821
3048 821
3048 824
3049 824
3049 826
3048 826
3048 831
3047 831
3047 833
3046 833
3046 834
3045 834
3045 836
3044 836
3044 839
3043 839
3043 840
3042 840
3042 841
3041 841
3041 842
3039 842
3039 843
3036 843
3036 844
3020 844
3020 845
3019 845
3019 846
3018 846
3018 847
3017 847
3017 848
3016 848
3016 851
3015 851
3015 853
3008 853
3008 854
3006 854
3006 855
3004 855
3004 856
3001 856
3001 857
3000 857
3000 858
2999 858
2999 859
2998 859
2998 860
2997 860
2997 862
2996 862
2996 864
2995 864
2995 866
2994 866
2994 867
2992 867
2992 868
2987 868
2987 869
2986 869
2986 870
2985 870
2985 872
2984 872
2984 874
2983 874
2983 875
2982 875
2982 876
2981 876
2981 877
2974 877
2974 878
2973 878
2973 879
2972 879
2972 881
2971 881
2971 882
2970 882
2970 883
2968 883
2968 884
2962 884
2962 885
2961 885
2961 886
2960 886
2960 887
2959 887
2959 888
2956 888
2956 889
2953 889
2953 890
2952 890
2952 892
2951 892
2951 894
2950 894
2950 896
2949 896
2949 898
2948 898
2948 899
2946 899
2946 900
2944 900
2944 901
2938 901
2938 902
2937 902
2937 904
2936 904
2936 905
2935 905
2935 906
2934 906
2934 907
2930 907
2930 908
2929 908
2929 907
2924 907
2924 908
2922 908
2922 909
2921 909
2921 910
2919 910
2919 911
2918 911
2918 912
2917 912
2917 913
2916 913
2916 914
2915 914
2915 916
2914 916
2914 917
2913 917
2913 918
2911 918
2911 919
2905 919
2905 930
2906 930
2906 932
2907 932
2907 937
2906 937
2906 939
2905 939
2905 941
2904 941
2904 942
2902 942
2902 943
2893 943
2893 942
2892 942
2892 941
2885 941
2885 940
2882 940
2882 939
2881 939
2881 937
2880 937
2880 936
2879 936
2879 933
2878 933
2878 932
2875 932
2875 931
2871 931
2871 932
2870 932
2870 933
2869 933
2869 934
2868 934
2868 935
2866 935
2866 936
2865 936
2865 937
2861 937
2861 938
2858 938
2858 939
2857 939
2857 940
2855 940
2855 941
2853 941
2853 942
2851 942
2851 943
2849 943
2849 945
2848 945
2848 947
2847 947
2847 948
2846 948
2846 949
2845 949
2845 950
2844 950
2844 951
2843 951
2843 952
2842 952
2842 953
2840 953
2840 954
2838 954
2838 955
2837 955
2837 957
2836 957
2836 958
2835 958
2835 959
2833 959
2833 960
2832 960
2832 961
2829 961
2829 962
2827 962
2827 963
2822 963
2822 964
2820 964
2820 965
2817 965
2817 966
2816 966
2816 967
2809 967
2809 968
2806 968
2806 969
2805 969
2805 981
2804 981
2804 982
2803 982
2803 983
2802 983
2802 984
2801 984
2801 985
2800 985
2800 986
2799 986
2799 987
2798 987
2798 988
2796 988
2796 989
2790 989
2790 990
2786 990
2786 991
2785 991
2785 992
2783 992
2783 993
2781 993
2781 994
2779 994
2779 995
2777 995
2777 996
2776 996
2776 997
2775 997
2775 998
2774 998
2774 999
2773 999
2773 1000
2771 1000
2771 1001
2768 1001
2768 1002
2767 1002
2767 1003
2765 1003
2765 1004
2763 1004
2763 1005
2761 1005
2761 1006
2760 1006
2760 1007
2759 1007
2759 1008
2757 1008
2757 1009
2756 1009
2756 1010
2753 1010
2753 1011
2752 1011
2752 1012
2750 1012
2750 1013
2747 1013
2747 1014
2745 1014
2745 1015
2744 1015
2744 1016
2743 1016
2743 1017
2741 1017
2741 1018
2740 1018
2740 1019
2739 1019
2739 1020
2718 1020
2718 1019
2694 1019
2694 1020
2690 1020
2690 1031
2689 1031
2689 1032
2682 1032
2682 1033
2679 1033
2679 1034
2671 1034
2671 1035
2660 1035
2660 1034
2658 1034
2658 1033
2657 1033
2657 1032
2655 1032
2655 1031
2654 1031
2654 1030
2653 1030
2653 1029
2652 1029
2652 1028
2651 1028
2651 1027
2650 1027
2650 1026
2649 1026
2649 1025
2639 1025
2639 1024
2632 1024
2632 1023
2629 1023
2629 1022
2618 1022
2618 1021
2617 1021
2617 1020
2615 1020
2615 1019
2614 1019
2614 1018
2611 1018
2611 1017
2610 1017
2610 1016
2609 1016
2609 1015
2606 1015
2606 1014
2604 1014
2604 1013
2599 1013
2599 1014
2590 1014
2590 1013
2586 1013
2586 1012
2585 1012
2585 1011
2583 1011
2583 1010
2582 1010
2582 1009
2581 1009
2581 1008
2578 1008
2578 1007
2563 1007
2563 1006
2561 1006
2561 1005
2560 1005
2560 1004
2557 1004
2557 1003
2555 1003
2555 1002
2552 1002
2552 1001
2547 1001
2547 1000
2535 1000
2535 1001
2530 1001
2530 1000
2521 1000
2521 999
2519 999
2519 1000
2499 1000
2499 1001
2488 1001
2488 1002
2486 1002
2486 1001
2473 1001
2473 1000
2450 1000
2450 999
2445 999
2445 998
2441 998
2441 997
2436 997
2436 998
2433 998
2433 999
2427 999
2427 1000
2420 1000
2420 1001
2416 1001
2416 1002
2410 1002
2410 1003
2402 1003
2402 1002
2396 1002
2396 1001
2395 1001
2395 1000
2393 1000
2393 999
2392 999
2392 998
2390 998
2390 997
2387 997
2387 996
2383 996
2383 995
2379 995
2379 994
2366 994
2366 995
2365 995
2365 994
2347 994
2347 993
2346 993
2346 992
2338 992
2338 991
2317 991
2317 990
2310 990
2310 989
2307 989
2307 990
2292 990
2292 989
2283 989
2283 988
2276 988
2276 987
2259 987
2259 986
2248 986
2248 987
2240 987
2240 986
2237 986
2237 985
2236 985
2236 984
2235 984
2235 983
2233 983
2233 982
2232 982
2232 981
2219 981
2219 980
2197 980
2197 979
2194 979
2194 980
2189 980
2189 979
2183 979
2183 978
2179 978
2179 977
2168 977
2168 978
2164 978
2164 979
2162 979
2162 980
2159 980
2159 981
2153 981
2153 982
2145 982
2145 983
2139 983
2139 984
2137 984
2137 983
2136 983
2136 982
2135 982
2135 981
2134 981
2134 980
2132 980
2132 979
2131 979
2131 978
2130 978
2130 977
2129 977
2129 976
2128 976
2128 975
2127 975
2127 974
2126 974
2126 972
2125 972
2125 971
2123 971
2123 970
2115 970
2115 969
2113 969
2113 968
2103 968
2103 967
2090 967
2090 966
2085 966
2085 965
2079 965
2079 966
2070 966
2070 965
2064 965
2064 964
2057 964
2057 963
2033 963
2033 962
2028 962
2028 961
2027 961
2027 960
2024 960
2024 959
2023 959
2023 958
2022 958
2022 957
2021 957
2021 956
2018 956
2018 955
2017 955
2017 954
2015 954
2015 953
2014 953
2014 952
2012 952
2012 951
2009 951
2009 950
2008 950
2008 949
2007 949
2007 948
2006 948
2006 946
2004 946
2004 945
2002 945
2002 944
2000 944
2000 943
1998 943
1998 942
1997 942
1997 941
1995 941
1995 940
1993 940
1993 939
1992 939
1992 938
1990 938
1990 937
1988 937
1988 936
1987 936
1987 935
1986 935
1986 934
1985 934
1985 933
1980 933
1980 932
1965 932
1965 931
1962 931
1962 930
1959 930
1959 929
1949 929
1949 928
1942 928
1942 927
1940 927
1940 926
1939 926
1939 925
1938 925
1938 924
1937 924
1937 922
1936 922
1936 920
1935 920
1935 919
1934 919
1934 918
1925 918
1925 917
1912 917
1912 916
1906 916
1906 915
1898 915
1898 916
1897 916
1897 915
1885 915
1885 914
1879 914
1879 913
1873 913
1873 912
1868 912
1868 911
1852 911
1852 910
1848 910
1848 909
1846 909
1846 908
1834 908
1834 907
1833 907
1833 906
1831 906
1831 905
1830 905
1830 904
1828 904
1828 903
1827 903
1827 902
1826 902
1826 901
1816 901
1816 900
1813 900
1813 899
1811 899
1811 898
1810 898
1810 897
1808 897
1808 896
1806 896
1806 895
1801 895
1801 894
1799 894
1799 893
1798 893
1798 892
1797 892
1797 891
1796 891
1796 890
1795 890
1795 889
1794 889
1794 887
1793 887
1793 886
1791 886
1791 885
1789 885
1789 884
1780 884
1780 885
1779 885
1779 884
1775 884
1775 883
1772 883
1772 882
1771 882
1771 880
1770 880
1770 879
1768 879
1768 878
1767 878
1767 877
1760 877
1760 876
1754 876
1754 877
1753 877
1753 876
1741 876
1741 875
1739 875
1739 874
1737 874
1737 873
1727 873
1727 874
1716 874
1716 873
1714 873
1714 872
1706 872
1706 871
1680 871
1680 872
1672 872
1672 873
1670 873
1670 874
1666 874
1666 875
1659 875
1659 876
1646 876
1646 875
1644 875
1644 874
1642 874
1642 873
1641 873
1641 872
1640 872
1640 871
1634 871
1634 870
1615 870
1615 871
1610 871
1610 870
1598 870
1598 869
1594 869
1594 868
1593 868
1593 867
1592 867
1592 866
1591 866
1591 865
1590 865
1590 863
1589 863
1589 862
1588 862
1588 861
1587 861
1587 860
1585 860
1585 859
1584 859
1584 858
1581 858
1581 857
1578 857
1578 856
1575 856
1575 855
1573 855
1573 854
1568 854
1568 853
1563 853
1563 852
1561 852
1561 851
1560 851
1560 850
1559 850
1559 849
1557 849
1557 848
1555 848
1555 847
1550 847
1550 846
1546 846
1546 845
1539 845
1539 844
1537 844
1537 843
1535 843
1535 842
1534 842
1534 841
1533 841
1533 840
1532 840
1532 839
1531 839
1531 838
1530 838
1530 837
1526 837
1526 836
1523 836
1523 835
1521 835
1521 834
1520 834
1520 833
1519 833
1519 831
1518 831
1518 830
1517 830
1517 829
1515 829
1515 828
1510 828
1510 827
1505 827
1505 826
1499 826
1499 825
1495 825
1495 824
1493 824
1493 823
1490 823
1490 822
1486 822
1486 821
1484 821
1484 820
1483 820
1483 819
1481 819
1481 818
1478 818
1478 817
1476 817
1476 816
1475 816
1475 815
1474 815
1474 814
1473 814
1473 812
1472 812
1472 810
1471 810
1471 809
1470 809
1470 807
1469 807
1469 805
1468 805
1468 804
1467 804
1467 801
1466 801
1466 798
1465 798
1465 795
1464 795
1464 792
1463 792
1463 791
1462 791
1462 790
1461 790
1461 789
1460 789
1460 788
1459 788
1459 787
1458 787
1458 786
1457 786
1457 785
1456 785
1456 784
1455 784
1455 782
1454 782
1454 780
1453 780
1453 779
1452 779
1452 776
1451 776
1451 773
1450 773
1450 770
1449 770
1449 768
1448 768
1448 766
1447 766
1447 765
1446 765
1446 764
1444 764
1444 763
1443 763
1443 762
1442 762
1442 761
1441 761
1441 760
1440 760
1440 759
1439 759
1439 758
1438 758
1438 756
1437 756
1437 755
1436 755
1436 752
1435 752
1435 749
1434 749
1434 747
1433 747
1433 746
1432 746
1432 745
1431 745
1431 744
1429 744
1429 743
1428 743
1428 742
1427 742
1427 741
1426 741
1426 740
1425 740
1425 739
1424 739
1424 737
1423 737
1423 735
1422 735
1422 729
1421 729
1421 728
1420 728
1420 727
1418 727
1418 726
1416 726
1416 725
1414 725
1414 724
1413 724
1413 723
1412 723
1412 721
1411 721
1411 720
1410 720
1410 718
1409 718
1409 713
1408 713
1408 697
1407 697
1407 693
1406 693
1406 692
1404 692
1404 691
1403 691
1403 690
1401 690
1401 689
1400 689
1400 688
1399 688
1399 687
1398 687
1398 685
1397 685
1397 684
1395 684
1395 683
1390 683
1390 682
1389 682
1389 681
1386 681
1386 680
1385 680
1385 679
1382 679
1382 678
1380 678
1380 677
1379 677
1379 676
1378 676
1378 675
1377 675
1377 674
1376 674
1376 673
1374 673
1374 672
1371 672
1371 671
1369 671
1369 670
1367 670
1367 669
1366 669
1366 668
1365 668
1365 667
1363 667
1363 666
1362 666
1362 664
1361 664
1361 663
1360 663
1360 661
1358 661
1358 660
1357 660
1357 659
1356 659
1356 658
1355 658
1355 657
1353 657
1353 656
1352 656
1352 655
1351 655
1351 653
1350 653
1350 652
1349 652
1349 650
1348 650
1348 649
1347 649
1347 644
1346 644
1346 642
1345 642
1345 641
1344 641
1344 640
1343 640
1343 639
1342 639
1342 638
1340 638
1340 637
1339 637
1339 635
1338 635
1338 634
1337 634
1337 633
1336 633
1336 632
1335 632
1335 624
1334 624
1334 622
1333 622
1333 621
1331 621
1331 620
1329 620
1329 619
1328 619
1328 618
1327 618
1327 617
1326 617
1326 616
1325 616
1325 615
1324 615
1324 614
1323 614
1323 613
1322 613
1322 611
1321 611
1321 610
1320 610
1320 609
1319 609
1319 608
1318 608
1318 607
1316 607
1316 606
1315 606
1315 605
1314 605
1314 604
1313 604
1313 602
1312 602
1312 600
1311 600
1311 597
1310 597
1310 587
1309 587
1309 586
1308 586
1308 585
1307 585
1307 584
1305 584
1305 583
1304 583
1304 582
1303 582
1303 581
1302 581
1302 580
1301 580
1301 579
1300 579
1300 578
1299 578
1299 575
1298 575
1298 572
1297 572
1297 526
1296 526
1296 524
1295 524
1295 523
1293 523
1293 522
1292 522
1292 521
1290 521
1290 520
1289 520
1289 519
1288 519
1288 518
1287 518
1287 517
1286 517
1286 515
1285 515
1285 511
1284 511
1284 486
1282 486
1282 485
1280 485
1280 484
1279 484
1279 483
1277 483
1277 482
1276 482
1276 481
1275 481
1275 480
1274 480
1274 479
1273 479
1273 477
1272 477
1272 467
1271 467
1271 441
1270 441
1270 431
1268 431
1268 430
1266 430
1266 429
1265 429
1265 428
1264 428
1264 427
1263 427
1263 426
1262 426
1262 424
1261 424
1261 422
1260 422
1260 421
1259 421
1259 420
1257 420
1257 419
1255 419
1255 418
1253 418
1253 417
1252 417
1252 416
1251 416
1251 415
1250 415
1250 414
1249 414
1249 413
1248 413
1248 410
1247 410
1247 409
1246 409
1246 408
1244 408
1244 407
1242 407
1242 406
1241 406
1241 405
1240 405
1240 404
1239 404
1239 403
1238 403
1238 402
1237 402
1237 401
1236 401
1236 397
1235 397
1235 383
1234 383
1234 356
1233 356
1233 350
1231 350
1231 349
1229 349
1229 348
1228 348
1228 347
1227 347
1227 346
1226 346
1226 345
1225 345
1225 344
1224 344
1224 343
1223 343
1223 339
1222 339
1222 325
1221 325
1221 321
1219 321
1219 320
1217 320
1217 319
1216 319
1216 318
1215 318
1215 317
1214 317
1214 316
1213 316
1213 315
1212 315
1212 314
1211 314
1211 313
1210 313
1210 299
1209 299
1209 292
1208 292
1208 291
1207 291
1207 290
1206 290
1206 289
1205 289
1205 288
1204 288
1204 287
1203 287
1203 286
1202 286
1202 285
1201 285
1201 284
1200 284
1200 282
1199 282
1199 279
1185 279
1185 278
1163 278
1163 279
1160 279
1160 280
1159 280
1159 281
1158 281
1158 282
1157 282
1157 289
1150 289
1150 288
1140 288
1140 287
1135 287
1135 286
1133 286
1133 285
1132 285
1132 284
1131 284
1131 283
1130 283
1130 282
1129 282
1129 281
1128 281
1128 280
1127 280
1127 279
1126 279
1126 278
1125 278
1125 277
1124 277
1124 276
1123 276
1123 275
1121 275
1121 274
1120 274
1120 273
1119 273
1119 272
1118 272
1118 271
1117 271
1117 270
1116 270
1116 269
1114 269
1114 268
1113 268
1113 267
1111 267
1111 266
1106 266
1106 267
1105 267
1105 268
1103 268
1103 269
1101 269
1101 270
1097 270
1097 271
1096 271
1096 285
1097 285
1097 329
1098 329
1098 342
1097 342
1097 343
1096 343
1096 344
1095 344
1095 345
1094 345
1094 346
1087 346
1087 361
1086 361
1086 363
1085 363
1085 365
1084 365
1084 366
1083 366
1083 367
1082 367
1082 368
1080 368
1080 369
1075 369
1075 368
1063 368
1063 367
1061 367
1061 366
1060 366
1060 365
1059 365
1059 364
1058 364
1058 363
1057 363
1057 362
1056 362
1056 360
1055 360
1055 353
1054 353
1054 349
1053 349
1053 347
1052 347
1052 346
1051 346
1051 345
1049 345
1049 344
1048 344
1048 343
1047 343
1047 342
1046 342
1046 333
1045 333
1045 328
1044 328
1044 327
1043 327
1043 326
1041 326
1041 325
1040 325
1040 324
1038 324
1038 323
1037 323
1037 322
1036 322
1036 321
1035 321
1035 320
1034 320
1034 317
1033 317
1033 314
1032 314
1032 312
1031 312
1031 310
1030 310
1030 309
1029 309
1029 308
1027 308
1027 307
1026 307
1026 306
1025 306
1025 305
1024 305
1024 303
1023 303
1023 302
1022 302
1022 298
1021 298
1021 289
1019 289
1019 288
1016 288
1016 287
1015 287
1015 286
1014 286
1014 285
1013 285
1013 284
1012 284
1012 283
1011 283
1011 282
1010 282
1010 281
1008 281
1008 280
1007 280
1007 279
1005 279
1005 278
1004 278
1004 277
1003 277
1003 276
1002 276
1002 275
1001 275
1001 274
1000 274
1000 273
999 273
999 271
998 271
998 270
997 270
997 266
996 266
996 264
993 264
993 263
991 263
991 262
990 262
990 261
989 261
989 260
986 260
986 259
985 259
985 258
984 258
984 257
982 257
982 256
980 256
980 255
979 255
979 254
978 254
978 253
977 253
977 252
976 252
976 251
975 251
975 250
974 250
974 248
973 248
973 242
972 242
972 241
971 241
971 240
970 240
970 239
969 239
969 238
968 238
968 237
966 237
966 236
965 236
965 235
964 235
964 234
963 234
963 232
962 232
962 229
961 229
961 227
960 227
960 226
959 226
959 225
957 225
957 224
955 224
955 223
954 223
954 222
953 222
953 221
951 221
951 220
950 220
950 219
949 219
949 218
948 218
948 217
946 217
946 216
944 216
944 215
943 215
943 214
942 214
942 213
941 213
941 212
940 212
940 211
939 211
939 210
938 210
938 209
937 209
937 206
936 206
936 204
935 204
935 203
926 203
926 202
921 202
921 201
917 201
917 200
914 200
914 199
911 199
911 198
909 198
909 197
907 197
907 196
905 196
905 195
904 195
904 194
902 194
902 193
901 193
901 192
900 192
900 191
898 191
898 190
897 190
897 189
895 189
895 188
894 188
894 187
893 187
893 186
892 186
892 184
891 184
891 183
890 183
890 182
889 182
889 180
888 180
888 161
887 161
887 160
885 160
885 159
879 159
879 158
871 158
871 157
879 157
879 158
885 158
885 159
887 159
887 160
888 160
888 161
889 161
889 180
890 180
890 182
891 182
891 183
892 183
892 184
893 184
893 186
894 186
894 187
895 187
895 188
897 188
897 189
898 189
898 190
900 190
900 191
901 191
901 192
902 192
902 193
904 193
904 194
905 194
905 195
907 195
907 196
909 196
909 197
911 197
911 198
914 198
914 199
917 199
917 200
921 200
921 201
926 201
926 202
935 202
935 203
936 203
936 204
937 204
937 206
938 206
938 209
939 209
939 210
940 210
940 211
941 211
941 212
942 212
942 213
943 213
943 214
944 214
944 215
946 215
946 216
948 216
948 217
949 217
949 218
950 218
950 219
951 219
951 220
953 220
953 221
954 221
954 222
955 222
955 223
957 223
957 224
959 224
959 225
960 225
960 226
961 226
961 227
962 227
962 229
963 229
963 232
964 232
964 234
965 234
965 235
966 235
966 236
968 236
968 237
969 237
969 238
970 238
970 239
971 239
971 240
972 240
972 241
973 241
973 242
974 242
974 248
975 248
975 250
976 250
976 251
977 251
977 252
978 252
978 253
979 253
979 254
980 254
980 255
982 255
982 256
984 256
984 257
985 257
985 258
986 258
986 259
989 259
989 260
990 260
990 261
991 261
991 262
993 262
993 263
996 263
996 264
997 264
997 266
998 266
998 270
999 270
999 271
1000 271
1000 273
1001 273
1001 274
1002 274
1002 275
1003 275
1003 276
1004 276
1004 277
1005 277
1005 278
1007 278
1007 279
1008 279
1008 280
1010 280
1010 281
1011 281
1011 282
1012 282
1012 283
1013 283
1013 284
1014 284
1014 285
1015 285
1015 286
1016 286
1016 287
1019 287
1019 288
1021 288
1021 289
1022 289
1022 298
1023 298
1023 302
1024 302
1024 303
1025 303
1025 305
1026 305
1026 306
1027 306
1027 307
1029 307
1029 308
1030 308
1030 309
1031 309
1031 310
1032 310
1032 312
1033 312
1033 314
1034 314
1034 317
1035 317
1035 320
1036 320
1036 321
1037 321
1037 322
1038 322
1038 323
1040 323
1040 324
1041 324
1041 325
1043 325
1043 326
1044 326
1044 327
1045 327
1045 328
1046 328
