2961 548
2960 548
2960 554
2959 554
2959 556
2958 556
2958 557
2954 557
2954 558
2952 558
2952 557
2946 557
2946 558
2945 558
2945 557
2942 557
2942 556
2940 556
2940 555
2936 555
2936 556
2935 556
2935 558
2934 558
2934 559
2933 559
2933 560
2932 560
2932 561
2927 561
2927 562
2911 562
2911 563
2910 563
2910 562
2907 562
2907 561
2906 561
2906 560
2904 560
2904 559
2901 559
2901 558
2899 558
2899 559
2894 559
2894 560
2887 560
2887 561
2883 561
2883 562
2882 562
2882 561
2877 561
2877 562
2876 562
2876 567
2875 567
2875 575
2874 575
2874 582
2873 582
2873 594
2872 594
2872 601
2871 601
2871 608
2870 608
2870 610
2869 610
2869 611
2867 611
2867 612
2866 612
2866 613
2864 613
2864 614
2859 614
2859 617
2858 617
2858 624
2857 624
2857 625
2856 625
2856 626
2855 626
2855 627
2853 627
2853 628
2852 628
2852 629
2851 629
2851 630
2847 630
2847 631
2844 631
2844 632
2836 632
2836 633
2834 633
2834 636
2833 636
2833 645
2832 645
2832 647
2831 647
2831 648
2830 648
2830 649
2829 649
2829 650
2827 650
2827 651
2825 651
2825 652
2824 652
2824 653
2822 653
2822 654
2819 654
2819 655
2818 655
2818 656
2815 656
2815 657
2814 657
2814 658
2813 658
2813 659
2807 659
2807 665
2806 665
2806 672
2805 672
2805 675
2804 675
2804 677
2803 677
2803 678
2802 678
2802 679
2800 679
2800 680
2799 680
2799 681
2795 681
2795 682
2793 682
2793 683
2791 683
2791 684
2790 684
2790 685
2788 685
2788 686
2784 686
2784 687
2780 687
2780 688
2779 688
2779 689
2778 689
2778 690
2776 690
2776 691
2768 691
2768 690
2767 690
2767 691
2762 691
2762 692
2760 692
2760 693
2755 693
2755 694
2752 694
2752 695
2733 695
2733 696
2732 696
2732 697
2733 697
2733 708
2730 708
2730 709
2728 709
2728 710
2726 710
2726 711
2724 711
2724 712
2723 712
2723 713
2722 713
2722 714
2721 714
2721 715
2720 715
2720 716
2718 716
2718 717
2710 717
2710 718
2708 718
2708 719
2707 719
2707 721
2706 721
2706 722
2705 722
2705 723
2704 723
2704 724
2703 724
2703 725
2702 725
2702 726
2700 726
2700 727
2698 727
2698 728
2695 728
2695 729
2694 729
2694 730
2693 730
2693 731
2692 731
2692 732
2691 732
2691 733
2690 733
2690 734
2689 734
2689 735
2684 735
2684 736
2680 736
2680 737
2677 737
2677 738
2675 738
2675 739
2670 739
2670 738
2664 738
2664 739
2656 739
2656 740
2655 740
2655 742
2654 742
2654 743
2653 743
2653 744
2652 744
2652 745
2651 745
2651 746
2649 746
2649 747
2646 747
2646 748
2645 748
2645 749
2644 749
2644 750
2643 750
2643 751
2642 751
2642 752
2641 752
2641 753
2640 753
2640 754
2639 754
2639 755
2633 755
2633 756
2632 756
2632 757
2631 757
2631 758
2630 758
2630 759
2629 759
2629 760
2627 760
2627 761
2620 761
2620 762
2619 762
2619 763
2618 763
2618 764
2617 764
2617 768
2616 768
2616 769
2615 769
2615 770
2614 770
2614 771
2613 771
2613 772
2606 772
2606 773
2603 773
2603 774
2601 774
2601 775
2592 775
2592 776
2588 776
2588 777
2573 777
2573 776
2572 776
2572 777
2569 777
2569 779
2568 779
2568 781
2567 781
2567 787
2566 787
2566 797
2565 797
2565 815
2564 815
2564 820
2563 820
2563 821
2562 821
2562 823
2561 823
2561 824
2560 824
2560 825
2559 825
2559 826
2550 826
2550 827
2549 827
2549 828
2547 828
2547 829
2545 829
2545 830
2542 830
2542 831
2538 831
2538 832
2537 832
2537 833
2535 833
2535 834
2534 834
2534 835
2532 835
2532 836
2529 836
2529 837
2528 837
2528 838
2526 838
2526 839
2524 839
2524 841
2523 841
2523 842
2522 842
2522 843
2521 843
2521 845
2520 845
2520 846
2519 846
2519 847
2518 847
2518 848
2517 848
2517 849
2516 849
2516 850
2514 850
2514 851
2512 851
2512 852
2510 852
2510 853
2509 853
2509 854
2507 854
2507 855
2506 855
2506 856
2505 856
2505 857
2504 857
2504 858
2502 858
2502 859
2500 859
2500 861
2499 861
2499 862
2498 862
2498 863
2496 863
2496 864
2495 864
2495 865
2494 865
2494 866
2493 866
2493 867
2491 867
2491 868
2490 868
2490 869
2489 869
2489 870
2488 870
2488 871
2486 871
2486 872
2485 872
2485 873
2484 873
2484 874
2483 874
2483 875
2480 875
2480 876
2478 876
2478 877
2476 877
2476 878
2475 878
2475 879
2473 879
2473 880
2471 880
2471 881
2469 881
2469 882
2468 882
2468 883
2467 883
2467 884
2466 884
2466 885
2465 885
2465 886
2464 886
2464 888
2463 888
2463 890
2462 890
2462 891
2460 891
2460 892
2452 892
2452 893
2449 893
2449 894
2448 894
2448 896
2447 896
2447 897
2446 897
2446 898
2445 898
2445 899
2444 899
2444 904
2443 904
2443 906
2442 906
2442 907
2441 907
2441 908
2440 908
2440 909
2439 909
2439 910
2438 910
2438 911
2437 911
2437 913
2436 913
2436 914
2435 914
2435 915
2434 915
2434 916
2433 916
2433 917
2432 917
2432 918
2428 918
2428 919
2424 919
2424 920
2422 920
2422 921
2421 921
2421 922
2420 922
2420 923
2418 923
2418 924
2416 924
2416 925
2414 925
2414 927
2413 927
2413 928
2412 928
2412 929
2411 929
2411 930
2409 930
2409 931
2403 931
2403 932
2401 932
2401 933
2376 933
2376 934
2373 934
2373 935
2372 935
2372 937
2371 937
2371 951
2372 951
2372 957
2371 957
2371 959
2370 959
2370 960
2368 960
2368 961
2364 961
2364 962
2363 962
2363 961
2357 961
2357 960
2356 960
2356 958
2355 958
2355 954
2354 954
2354 952
2353 952
2353 949
2352 949
2352 947
2351 947
2351 942
2350 942
2350 941
2341 941
2341 940
2337 940
2337 942
2336 942
2336 948
2337 948
2337 952
2336 952
2336 953
2335 953
2335 954
2333 954
2333 955
2332 955
2332 956
2331 956
2331 957
2329 957
2329 958
2328 958
2328 959
2326 959
2326 960
2324 960
2324 961
2323 961
2323 962
2322 962
2322 963
2321 963
2321 964
2319 964
2319 965
2318 965
2318 966
2316 966
2316 967
2314 967
2314 968
2313 968
2313 969
2312 969
2312 970
2311 970
2311 971
2310 971
2310 972
2309 972
2309 973
2307 973
2307 974
2301 974
2301 975
2298 975
2298 976
2297 976
2297 977
2296 977
2296 979
2295 979
2295 980
2294 980
2294 981
2293 981
2293 982
2292 982
2292 983
2290 983
2290 984
2285 984
2285 985
2283 985
2283 986
2282 986
2282 987
2281 987
2281 988
2280 988
2280 989
2279 989
2279 990
2278 990
2278 991
2276 991
2276 992
2275 992
2275 993
2274 993
2274 995
2273 995
2273 996
2272 996
2272 997
2271 997
2271 998
2270 998
2270 999
2269 999
2269 1000
2268 1000
2268 1001
2252 1001
2252 1000
2249 1000
2249 999
2247 999
2247 998
2246 998
2246 997
2245 997
2245 996
2244 996
2244 995
2240 995
2240 994
2234 994
2234 993
2227 993
2227 994
2206 994
2206 995
2204 995
2204 996
2203 996
2203 997
2200 997
2200 998
2199 998
2199 999
2196 999
2196 1000
2194 1000
2194 1001
2193 1001
2193 1002
2192 1002
2192 1003
2190 1003
2190 1004
2189 1004
2189 1005
2188 1005
2188 1007
2187 1007
2187 1008
2186 1008
2186 1009
2185 1009
2185 1010
2184 1010
2184 1011
2183 1011
2183 1012
2171 1012
2171 1013
2168 1013
2168 1014
2159 1014
2159 1013
2157 1013
2157 1012
2151 1012
2151 1013
2150 1013
2150 1014
2149 1014
2149 1015
2148 1015
2148 1016
2138 1016
2138 1017
2137 1017
2137 1018
2136 1018
2136 1019
2135 1019
2135 1020
2134 1020
2134 1021
2133 1021
2133 1022
2125 1022
2125 1023
2124 1023
2124 1024
2123 1024
2123 1025
2122 1025
2122 1026
2115 1026
2115 1027
2113 1027
2113 1029
2112 1029
2112 1031
2111 1031
2111 1034
2110 1034
2110 1038
2109 1038
2109 1040
2108 1040
2108 1041
2106 1041
2106 1042
2102 1042
2102 1043
2099 1043
2099 1044
2095 1044
2095 1045
2093 1045
2093 1046
2090 1046
2090 1047
2089 1047
2089 1048
2088 1048
2088 1049
2087 1049
2087 1050
2086 1050
2086 1051
2085 1051
2085 1052
2071 1052
2071 1053
2067 1053
2067 1054
2063 1054
2063 1055
2056 1055
2056 1056
2055 1056
2055 1057
2053 1057
2053 1058
2052 1058
2052 1059
2051 1059
2051 1060
2049 1060
2049 1061
2048 1061
2048 1062
2046 1062
2046 1063
2043 1063
2043 1064
2041 1064
2041 1066
2040 1066
2040 1067
2035 1067
2035 1068
2032 1068
2032 1069
2028 1069
2028 1070
2023 1070
2023 1071
2021 1071
2021 1070
2016 1070
2016 1071
1987 1071
1987 1070
1983 1070
1983 1069
1979 1069
1979 1068
1977 1068
1977 1067
1974 1067
1974 1066
1972 1066
1972 1065
1971 1065
1971 1064
1969 1064
1969 1063
1968 1063
1968 1062
1965 1062
1965 1061
1963 1061
1963 1060
1952 1060
1952 1058
1951 1058
1951 1056
1950 1056
1950 1055
1949 1055
1949 1054
1947 1054
1947 1053
1946 1053
1946 1052
1943 1052
1943 1051
1940 1051
1940 1050
1932 1050
1932 1049
1928 1049
1928 1048
1926 1048
1926 1047
1924 1047
1924 1046
1921 1046
1921 1045
1919 1045
1919 1044
1918 1044
1918 1043
1916 1043
1916 1042
1915 1042
1915 1041
1914 1041
1914 1040
1913 1040
1913 1035
1912 1035
1912 1032
1911 1032
1911 1029
1910 1029
1910 1026
1909 1026
1909 1024
1908 1024
1908 1023
1907 1023
1907 1022
1905 1022
1905 1021
1902 1021
1902 1020
1901 1020
1901 1019
1895 1019
1895 1020
1888 1020
1888 1021
1886 1021
1886 1022
1882 1022
1882 1024
1881 1024
1881 1025
1880 1025
1880 1028
1879 1028
1879 1039
1878 1039
1878 1042
1877 1042
1877 1050
1876 1050
1876 1053
1875 1053
1875 1054
1873 1054
1873 1055
1868 1055
1868 1054
1867 1054
1867 1052
1866 1052
1866 1051
1865 1051
1865 1050
1864 1050
1864 1047
1863 1047
1863 1045
1862 1045
1862 1043
1861 1043
1861 1042
1860 1042
1860 1040
1859 1040
1859 1039
1857 1039
1857 1038
1856 1038
1856 1037
1853 1037
1853 1036
1851 1036
1851 1035
1849 1035
1849 1034
1847 1034
1847 1033
1845 1033
1845 1032
1842 1032
1842 1031
1840 1031
1840 1030
1838 1030
1838 1029
1836 1029
1836 1028
1834 1028
1834 1027
1827 1027
1827 1025
1826 1025
1826 1023
1825 1023
1825 1021
1824 1021
1824 1020
1821 1020
1821 1019
1819 1019
1819 1018
1818 1018
1818 1014
1817 1014
1817 1010
1816 1010
1816 1008
1815 1008
1815 1007
1814 1007
1814 1006
1813 1006
1813 1004
1812 1004
1812 1003
1808 1003
1808 1002
1803 1002
1803 1001
1799 1001
1799 1000
1793 1000
1793 999
1791 999
1791 998
1786 998
1786 997
1784 997
1784 994
1783 994
1783 993
1781 993
1781 992
1780 992
1780 991
1779 991
1779 990
1778 990
1778 989
1775 989
1775 988
1772 988
1772 987
1767 987
1767 986
1763 986
1763 985
1750 985
1750 984
1748 984
1748 983
1744 983
1744 982
1741 982
1741 981
1737 981
1737 980
1735 980
1735 979
1733 979
1733 978
1732 978
1732 977
1731 977
1731 976
1730 976
1730 975
1729 975
1729 974
1728 974
1728 972
1727 972
1727 971
1726 971
1726 970
1725 970
1725 969
1724 969
1724 967
1723 967
1723 966
1722 966
1722 965
1721 965
1721 964
1717 964
1717 963
1705 963
1705 962
1701 962
1701 961
1699 961
1699 960
1698 960
1698 958
1697 958
1697 957
1694 957
1694 956
1693 956
1693 955
1692 955
1692 953
1691 953
1691 951
1690 951
1690 949
1689 949
1689 947
1688 947
1688 946
1687 946
1687 945
1685 945
1685 944
1684 944
1684 943
1683 943
1683 942
1682 942
1682 941
1681 941
1681 940
1680 940
1680 939
1679 939
1679 938
1677 938
1677 937
1676 937
1676 936
1675 936
1675 935
1674 935
1674 934
1673 934
1673 933
1671 933
1671 932
1670 932
1670 931
1667 931
1667 930
1666 930
1666 929
1665 929
1665 927
1664 927
1664 926
1663 926
1663 924
1662 924
1662 921
1661 921
1661 918
1660 918
1660 916
1659 916
1659 915
1657 915
1657 914
1655 914
1655 913
1649 913
1649 912
1625 912
1625 911
1624 911
1624 910
1623 910
1623 909
1622 909
1622 908
1621 908
1621 907
1620 907
1620 905
1618 905
1618 904
1617 904
1617 903
1616 903
1616 902
1611 902
1611 901
1597 901
1597 900
1594 900
1594 899
1592 899
1592 898
1589 898
1589 897
1588 897
1588 896
1587 896
1587 895
1585 895
1585 894
1582 894
1582 893
1581 893
1581 892
1579 892
1579 891
1578 891
1578 890
1577 890
1577 889
1576 889
1576 888
1575 888
1575 886
1574 886
1574 883
1573 883
1573 882
1570 882
1570 881
1565 881
1565 880
1564 880
1564 879
1563 879
1563 878
1562 878
1562 876
1561 876
1561 875
1559 875
1559 874
1556 874
1556 873
1551 873
1551 872
1544 872
1544 871
1542 871
1542 870
1541 870
1541 868
1540 868
1540 867
1539 867
1539 865
1538 865
1538 864
1537 864
1537 859
1536 859
1536 854
1535 854
1535 852
1534 852
1534 850
1533 850
1533 846
1532 846
1532 844
1531 844
1531 843
1530 843
1530 841
1529 841
1529 840
1528 840
1528 839
1527 839
1527 838
1526 838
1526 837
1525 837
1525 836
1524 836
1524 835
1523 835
1523 834
1522 834
1522 833
1521 833
1521 830
1520 830
1520 827
1519 827
1519 826
1516 826
1516 825
1501 825
1501 824
1499 824
1499 823
1498 823
1498 822
1497 822
1497 821
1496 821
1496 820
1495 820
1495 818
1494 818
1494 813
1493 813
1493 808
1475 808
1475 807
1473 807
1473 806
1472 806
1472 805
1470 805
1470 804
1469 804
1469 803
1468 803
1468 802
1467 802
1467 801
1466 801
1466 799
1465 799
1465 798
1464 798
1464 796
1463 796
1463 789
1464 789
1464 783
1463 783
1463 780
1462 780
1462 778
1461 778
1461 777
1455 777
1455 776
1451 776
1451 777
1439 777
1439 776
1437 776
1437 775
1435 775
1435 774
1431 774
1431 773
1427 773
1427 772
1426 772
1426 771
1425 771
1425 770
1424 770
1424 769
1423 769
1423 767
1422 767
1422 762
1421 762
1421 761
1419 761
1419 760
1414 760
1414 759
1413 759
1413 758
1412 758
1412 757
1411 757
1411 756
1410 756
1410 755
1409 755
1409 754
1408 754
1408 751
1407 751
1407 750
1406 750
1406 749
1402 749
1402 748
1397 748
1397 747
1393 747
1393 746
1386 746
1386 745
1384 745
1384 744
1383 744
1383 743
1382 743
1382 742
1381 742
1381 741
1380 741
1380 739
1379 739
1379 738
1377 738
1377 737
1369 737
1369 738
1351 738
1351 737
1349 737
1349 736
1348 736
1348 735
1347 735
1347 733
1346 733
1346 732
1345 732
1345 729
1344 729
1344 728
1339 728
1339 727
1336 727
1336 726
1335 726
1335 725
1334 725
1334 724
1333 724
1333 722
1332 722
1332 721
1331 721
1331 716
1330 716
1330 715
1312 715
1312 714
1310 714
1310 713
1309 713
1309 712
1308 712
1308 710
1307 710
1307 708
1306 708
1306 705
1305 705
1305 692
1304 692
1304 683
1300 683
1300 684
1298 684
1298 685
1296 685
1296 686
1292 686
1292 685
1287 685
1287 684
1284 684
1284 683
1283 683
1283 682
1282 682
1282 681
1281 681
1281 680
1280 680
1280 676
1279 676
1279 661
1278 661
1278 654
1277 654
1277 653
1272 653
1272 652
1269 652
1269 651
1268 651
1268 650
1267 650
1267 649
1260 649
1260 648
1259 648
1259 647
1258 647
1258 646
1257 646
1257 645
1256 645
1256 644
1255 644
1255 643
1254 643
1254 642
1253 642
1253 641
1252 641
1252 640
1251 640
1251 638
1250 638
1250 616
1249 616
1249 613
1248 613
1248 612
1242 612
1242 611
1240 611
1240 610
1236 610
1236 613
1237 613
1237 618
1238 618
1238 630
1239 630
1239 635
1240 635
1240 639
1241 639
1241 642
1240 642
1240 644
1239 644
1239 645
1238 645
1238 646
1237 646
1237 647
1232 647
1232 648
1231 648
1231 649
1230 649
1230 656
1229 656
1229 659
1228 659
1228 660
1227 660
1227 661
1224 661
1224 662
1212 662
1212 661
1210 661
1210 660
1209 660
1209 659
1208 659
1208 658
1207 658
1207 657
1206 657
1206 648
1205 648
1205 642
1204 642
1204 631
1203 631
1203 623
1202 623
1202 610
1201 610
1201 606
1200 606
1200 604
1198 604
1198 603
1195 603
1195 602
1193 602
1193 601
1192 601
1192 600
1191 600
1191 599
1190 599
1190 597
1189 597
1189 592
1188 592
1188 584
1187 584
1187 580
1185 580
1185 579
1182 579
1182 578
1180 578
1180 577
1179 577
1179 576
1178 576
1178 575
1177 575
1177 574
1176 574
1176 573
1175 573
1175 569
1174 569
1174 563
1173 563
1173 545
1172 545
1172 543
1171 543
1171 534
1170 534
1170 533
1164 533
1164 532
1163 532
1163 531
1162 531
1162 529
1161 529
1161 528
1160 528
1160 525
1159 525
1159 524
1155 524
1155 523
1144 523
1144 522
1140 522
1140 521
1139 521
1139 520
1138 520
1138 519
1137 519
1137 518
1136 518
1136 516
1135 516
1135 509
1134 509
1134 501
1133 501
1133 483
1132 483
1132 479
1131 479
1131 478
1127 478
1127 477
1125 477
1125 476
1123 476
1123 475
1122 475
1122 474
1121 474
1121 472
1120 472
1120 471
1119 471
1119 467
1118 467
1118 466
1116 466
1116 465
1113 465
1113 464
1111 464
1111 463
1110 463
1110 462
1109 462
1109 461
1108 461
1108 460
1107 460
1107 459
1106 459
1106 454
1105 454
1105 448
1106 448
1106 446
1105 446
1105 442
1104 442
1104 441
1102 441
1102 440
1092 440
1092 441
1089 441
1089 442
1087 442
1087 441
1081 441
1081 440
1076 440
1076 439
1072 439
1072 438
1070 438
1070 434
1069 434
1069 432
1068 432
1068 428
1067 428
1067 416
1066 416
1066 406
1065 406
1065 404
1064 404
1064 402
1063 402
1063 401
1061 401
1061 400
1059 400
1059 399
1056 399
1056 398
1049 398
1049 397
1056 397
1056 398
1059 398
1059 399
1061 399
1061 400
1063 400
1063 401
1064 401
1064 402
1065 402
1065 404
1066 404
1066 406
1067 406
1067 416
1068 416
1068 428
1069 428
1069 432
1070 432
1070 434
1071 434
1071 437
1072 437
1072 438
1076 438
1076 439
1081 439
1081 440
1087 440
1087 441
1089 441
1089 440
1092 440
1092 439
1102 439
1102 440
1104 440
1104 441
1105 441
1105 442
1106 442
1106 446
1107 446
1107 448
1106 448
1106 454
1107 454
1107 459
1108 459
1108 460
1109 460
1109 461
1110 461
1110 462
1111 462
1111 463
1113 463
1113 464
1116 464
1116 465
1118 465
1118 466
1119 466
1119 467
1120 467
1120 471
1121 471
1121 472
1122 472
1122 474
1123 474
1123 475
1125 475
1125 476
1127 476
1127 477
1131 477
1131 478
1132 478
1132 479
1133 479
1133 483
1134 483
1134 501
1135 501
1135 509
1136 509
1136 516
1137 516
1137 518
1138 518
1138 519
1139 519
1139 520
1140 520
1140 521
1144 521
1144 522
1155 522
1155 523
1159 523
1159 524
1160 524
1160 525
1161 525
1161 528
1162 528
1162 529
1163 529
1163 531
1164 531
1164 532
1170 532
1170 533
1171 533
1171 534
1172 534
1172 543
1173 543
1173 545
1174 545
1174 563
1175 563
1175 569
1176 569
1176 573
1177 573
1177 574
1178 574
1178 575
1179 575
1179 576
1180 576
1180 577
1182 577
1182 578
1185 578
1185 579
1187 579
1187 580
1188 580
1188 584
1189 584
1189 592
1190 592
1190 597
1191 597
1191 599
1192 599
1192 600
1193 600
1193 601
1195 601
1195 602
1198 602
1198 603
1200 603
1200 604
1201 604
1201 606
1202 606
1202 610
1203 610
1203 623
1204 623
1204 631
1205 631
1205 642
1206 642
1206 648
1207 648
1207 657
1208 657
1208 658
1209 658
1209 659
1210 659
1210 660
1212 660
1212 661
1224 661
1224 660
1227 660
1227 659
1228 659
1228 656
1229 656
1229 648
1231 648
1231 647
1232 647
1232 646
1237 646
1237 645
1238 645
1238 644
1239 644
1239 642
1240 642
1240 639
1239 639
1239 635
1238 635
1238 630
1237 630
1237 618
1236 618
1236 613
1235 613
1235 610
1236 610
1236 609
1240 609
1240 610
1242 610
1242 611
1249 611
1249 613
1250 613
1250 616
1251 616
1251 638
1252 638
1252 640
1253 640
1253 641
1254 641
1254 642
1255 642
1255 643
1256 643
1256 644
1257 644
1257 645
1258 645
1258 646
1259 646
1259 647
1260 647
1260 648
1267 648
1267 649
1268 649
1268 650
1269 650
1269 651
1272 651
1272 652
1277 652
1277 653
1278 653
1278 654
1279 654
1279 661
1280 661
1280 676
1281 676
1281 680
1282 680
1282 681
1283 681
1283 682
1284 682
1284 683
1287 683
1287 684
1292 684
1292 685
1296 685
1296 684
1298 684
1298 683
1300 683
1300 682
1303 682
1303 680
1304 680
1304 683
1305 683
1305 692
1306 692
1306 705
1307 705
1307 708
1308 708
1308 710
1309 710
1309 712
1310 712
1310 713
1312 713
1312 714
1330 714
1330 715
1331 715
1331 716
1332 716
1332 721
1333 721
1333 722
1334 722
1334 724
1335 724
1335 725
1336 725
1336 726
1339 726
1339 727
1344 727
1344 728
1345 728
1345 729
1346 729
1346 732
1347 732
1347 733
1348 733
1348 735
1349 735
1349 736
1351 736
1351 737
1369 737
1369 736
1377 736
1377 737
1379 737
1379 738
1380 738
1380 739
1381 739
1381 741
1382 741
1382 742
1383 742
1383 743
1384 743
1384 744
1386 744
1386 745
1393 745
1393 746
1397 746
1397 747
1402 747
1402 748
1406 748
1406 749
1407 749
1407 750
1408 750
1408 751
1409 751
1409 754
1410 754
1410 755
1411 755
1411 756
1412 756
1412 757
1413 757
1413 758
1414 758
1414 759
1419 759
1419 760
1421 760
1421 761
1422 761
1422 762
1423 762
1423 767
1424 767
1424 769
1425 769
1425 770
1426 770
1426 771
1427 771
1427 772
1431 772
1431 773
1435 773
1435 774
1437 774
1437 775
1439 775
1439 776
1451 776
1451 775
1455 775
1455 776
1461 776
1461 777
1462 777
1462 778
1463 778
1463 780
1464 780
1464 783
1465 783
1465 789
1464 789
1464 796
1465 796
1465 798
1466 798
1466 799
1467 799
1467 801
1468 801
1468 802
1469 802
1469 803
1470 803
1470 804
1472 804
1472 805
1473 805
1473 806
1475 806
1475 807
1493 807
1493 808
1494 808
1494 813
1495 813
1495 818
1496 818
1496 820
1497 820
1497 821
1498 821
1498 822
1499 822
1499 823
1501 823
1501 824
1516 824
1516 825
1519 825
1519 826
1520 826
1520 827
1521 827
1521 830
1522 830
1522 833
1523 833
1523 834
1524 834
1524 835
1525 835
1525 836
1526 836
1526 837
1527 837
1527 838
1528 838
1528 839
1529 839
1529 840
1530 840
1530 841
1531 841
1531 843
1532 843
1532 844
1533 844
1533 846
1534 846
1534 850
1535 850
1535 852
1536 852
1536 854
1537 854
1537 859
1538 859
1538 864
1539 864
1539 865
1540 865
1540 867
1541 867
1541 868
1542 868
1542 870
1544 870
1544 871
1551 871
1551 872
1556 872
1556 873
1559 873
1559 874
1561 874
1561 875
1562 875
1562 876
1563 876
1563 878
1564 878
1564 879
1565 879
1565 880
1570 880
1570 881
1573 881
1573 882
1574 882
1574 883
1575 883
1575 886
1576 886
1576 888
1577 888
1577 889
1578 889
1578 890
1579 890
1579 891
1581 891
1581 892
1582 892
1582 893
1585 893
1585 894
1587 894
1587 895
1588 895
1588 896
1589 896
1589 897
1592 897
1592 898
1594 898
1594 899
1597 899
1597 900
1611 900
1611 901
1616 901
1616 902
1617 902
1617 903
1618 903
1618 904
1620 904
1620 905
1621 905
1621 907
1622 907
1622 908
1623 908
1623 909
1624 909
1624 910
1625 910
1625 911
1649 911
1649 912
1655 912
1655 913
1657 913
1657 914
1659 914
1659 915
1660 915
1660 916
1661 916
1661 918
1662 918
1662 921
1663 921
1663 924
1664 924
1664 926
1665 926
1665 927
1666 927
1666 929
1667 929
1667 930
1670 930
1670 931
1671 931
1671 932
1673 932
1673 933
1674 933
1674 934
1675 934
1675 935
1676 935
1676 936
1677 936
1677 937
1679 937
1679 938
1680 938
1680 939
1681 939
1681 940
1682 940
1682 941
1683 941
1683 942
1684 942
1684 943
1685 943
1685 944
1687 944
1687 945
1688 945
1688 946
1689 946
1689 947
1690 947
1690 949
1691 949
1691 951
1692 951
1692 953
1693 953
1693 955
1694 955
1694 956
1697 956
1697 957
1698 957
1698 958
1699 958
1699 960
1701 960
1701 961
1705 961
1705 962
1717 962
1717 963
1721 963
1721 964
1722 964
1722 965
1723 965
1723 966
1724 966
1724 967
1725 967
1725 969
1726 969
1726 970
1727 970
1727 971
1728 971
1728 972
1729 972
1729 974
1730 974
1730 975
1731 975
1731 976
1732 976
1732 977
1733 977
1733 978
1735 978
1735 979
1737 979
1737 980
1741 980
1741 981
1744 981
1744 982
1748 982
1748 983
1750 983
1750 984
1763 984
1763 985
1767 985
1767 986
1772 986
1772 987
1775 987
1775 988
1778 988
1778 989
1779 989
1779 990
1780 990
1780 991
1781 991
1781 992
1783 992
1783 993
1784 993
1784 994
1785 994
1785 996
1786 996
1786 997
1791 997
1791 998
1793 998
1793 999
1799 999
1799 1000
1803 1000
1803 1001
1808 1001
1808 1002
1812 1002
1812 1003
1813 1003
1813 1004
1814 1004
1814 1006
1815 1006
1815 1007
1816 1007
1816 1008
1817 1008
1817 1010
1818 1010
1818 1014
1819 1014
1819 1018
1821 1018
1821 1019
1824 1019
1824 1020
1825 1020
1825 1021
1826 1021
1826 1023
1827 1023
1827 1025
1828 1025
1828 1026
1834 1026
1834 1027
1836 1027
1836 1028
1838 1028
1838 1029
1840 1029
1840 1030
1842 1030
1842 1031
1845 1031
1845 1032
1847 1032
1847 1033
1849 1033
1849 1034
1851 1034
1851 1035
1853 1035
1853 1036
1856 1036
1856 1037
1857 1037
1857 1038
1859 1038
1859 1039
1860 1039
1860 1040
1861 1040
1861 1042
1862 1042
1862 1043
1863 1043
1863 1045
1864 1045
1864 1047
1865 1047
1865 1050
1866 1050
1866 1051
1867 1051
1867 1052
1868 1052
1868 1054
1873 1054
1873 1053
1875 1053
1875 1050
1876 1050
1876 1042
1877 1042
1877 1039
1878 1039
1878 1028
1879 1028
1879 1025
1880 1025
1880 1024
1881 1024
1881 1022
1882 1022
1882 1021
1886 1021
1886 1020
1888 1020
1888 1019
1895 1019
1895 1018
1901 1018
1901 1019
1902 1019
1902 1020
1905 1020
1905 1021
1907 1021
1907 1022
1908 1022
1908 1023
1909 1023
1909 1024
1910 1024
1910 1026
1911 1026
1911 1029
1912 1029
1912 1032
1913 1032
1913 1035
1914 1035
1914 1040
1915 1040
1915 1041
1916 1041
1916 1042
1918 1042
1918 1043
1919 1043
1919 1044
1921 1044
1921 1045
1924 1045
1924 1046
1926 1046
1926 1047
1928 1047
1928 1048
1932 1048
1932 1049
1940 1049
1940 1050
1943 1050
1943 1051
1946 1051
1946 1052
1947 1052
1947 1053
1949 1053
1949 1054
1950 1054
1950 1055
1951 1055
1951 1056
1952 1056
1952 1058
1953 1058
1953 1059
1963 1059
1963 1060
1965 1060
1965 1061
1968 1061
1968 1062
1969 1062
1969 1063
1971 1063
1971 1064
1972 1064
1972 1065
1974 1065
1974 1066
1977 1066
1977 1067
1979 1067
1979 1068
1983 1068
1983 1069
1987 1069
1987 1070
2016 1070
2016 1069
2021 1069
2021 1070
2023 1070
2023 1069
2028 1069
2028 1068
2032 1068
2032 1067
2035 1067
2035 1066
2040 1066
2040 1064
2041 1064
2041 1063
2043 1063
2043 1062
2046 1062
2046 1061
2048 1061
2048 1060
2049 1060
2049 1059
2051 1059
2051 1058
2052 1058
2052 1057
2053 1057
2053 1056
2055 1056
2055 1055
2056 1055
2056 1054
2063 1054
2063 1053
2067 1053
2067 1052
2071 1052
2071 1051
2085 1051
2085 1050
2086 1050
2086 1049
2087 1049
2087 1048
2088 1048
2088 1047
2089 1047
2089 1046
2090 1046
2090 1045
2093 1045
2093 1044
2095 1044
2095 1043
2099 1043
2099 1042
2102 1042
2102 1041
2106 1041
2106 1040
2108 1040
2108 1038
2109 1038
2109 1034
2110 1034
2110 1031
2111 1031
2111 1029
2112 1029
2112 1027
2113 1027
2113 1026
2115 1026
2115 1025
2122 1025
2122 1024
2123 1024
2123 1023
2124 1023
2124 1022
2125 1022
2125 1021
2133 1021
2133 1020
2134 1020
2134 1019
2135 1019
2135 1018
2136 1018
2136 1017
2137 1017
2137 1016
2138 1016
2138 1015
2148 1015
2148 1014
2149 1014
2149 1013
2150 1013
2150 1012
2151 1012
2151 1011
2157 1011
2157 1012
2159 1012
2159 1013
2168 1013
2168 1012
2171 1012
2171 1011
2183 1011
2183 1010
2184 1010
2184 1009
2185 1009
2185 1008
2186 1008
2186 1007
2187 1007
2187 1005
2188 1005
2188 1004
2189 1004
2189 1003
2190 1003
2190 1002
2192 1002
2192 1001
2193 1001
2193 1000
2194 1000
2194 999
2196 999
2196 998
2199 998
2199 997
2200 997
2200 996
2203 996
2203 995
2204 995
2204 994
2206 994
2206 993
2227 993
2227 992
2234 992
2234 993
2240 993
2240 994
2244 994
2244 995
2245 995
2245 996
2246 996
2246 997
2247 997
2247 998
2249 998
2249 999
2252 999
2252 1000
2268 1000
2268 999
2269 999
2269 998
2270 998
2270 997
2271 997
2271 996
2272 996
2272 995
2273 995
2273 993
2274 993
2274 992
2275 992
2275 991
2276 991
2276 990
2278 990
2278 989
2279 989
2279 988
2280 988
2280 987
2281 987
2281 986
2282 986
2282 985
2283 985
2283 984
2285 984
2285 983
2290 983
2290 982
2292 982
2292 981
2293 981
2293 980
2294 980
2294 979
2295 979
2295 977
2296 977
2296 976
2297 976
2297 975
2298 975
2298 974
2301 974
2301 973
2307 973
2307 972
2309 972
2309 971
2310 971
2310 970
2311 970
2311 969
2312 969
2312 968
2313 968
2313 967
2314 967
2314 966
2316 966
2316 965
2318 965
2318 964
2319 964
2319 963
2321 963
2321 962
2322 962
2322 961
2323 961
2323 960
2324 960
2324 959
2326 959
2326 958
2328 958
2328 957
2329 957
2329 956
2331 956
2331 955
2332 955
2332 954
2333 954
2333 953
2335 953
2335 952
2336 952
2336 948
2335 948
2335 942
2336 942
2336 940
2337 940
2337 939
2341 939
2341 940
2350 940
2350 941
2351 941
2351 942
2352 942
2352 947
2353 947
2353 949
2354 949
2354 952
2355 952
2355 954
2356 954
2356 958
2357 958
2357 960
2363 960
2363 961
2364 961
2364 960
2368 960
2368 959
2370 959
2370 957
2371 957
2371 951
2370 951
2370 937
2371 937
2371 935
2372 935
2372 934
2373 934
2373 933
2376 933
2376 932
2401 932
2401 931
2403 931
2403 930
2409 930
2409 929
2411 929
2411 928
2412 928
2412 927
2413 927
2413 925
2414 925
2414 924
2416 924
2416 923
2418 923
2418 922
2420 922
2420 921
2421 921
2421 920
2422 920
2422 919
2424 919
2424 918
2428 918
2428 917
2432 917
2432 916
2433 916
2433 915
2434 915
2434 914
2435 914
2435 913
2436 913
2436 911
2437 911
2437 910
2438 910
2438 909
2439 909
2439 908
2440 908
2440 907
2441 907
2441 906
2442 906
2442 904
2443 904
2443 899
2444 899
2444 898
2445 898
2445 897
2446 897
2446 896
2447 896
2447 894
2448 894
2448 893
2449 893
2449 892
2452 892
2452 891
2460 891
2460 890
2462 890
2462 888
2463 888
2463 886
2464 886
2464 885
2465 885
2465 884
2466 884
2466 883
2467 883
2467 882
2468 882
2468 881
2469 881
2469 880
2471 880
2471 879
2473 879
2473 878
2475 878
2475 877
2476 877
2476 876
2478 876
2478 875
2480 875
2480 874
2483 874
2483 873
2484 873
2484 872
2485 872
2485 871
2486 871
2486 870
2488 870
2488 869
2489 869
2489 868
2490 868
2490 867
2491 867
2491 866
2493 866
2493 865
2494 865
2494 864
2495 864
2495 863
2496 863
2496 862
2498 862
2498 861
2499 861
2499 859
2500 859
2500 858
2502 858
2502 857
2504 857
2504 856
2505 856
2505 855
2506 855
2506 854
2507 854
2507 853
2509 853
2509 852
2510 852
2510 851
2512 851
2512 850
2514 850
2514 849
2516 849
2516 848
2517 848
2517 847
2518 847
2518 846
2519 846
2519 845
2520 845
2520 843
2521 843
2521 842
2522 842
2522 841
2523 841
2523 839
2524 839
2524 838
2526 838
2526 837
2528 837
2528 836
2529 836
2529 835
2532 835
2532 834
2534 834
2534 833
2535 833
2535 832
2537 832
2537 831
2538 831
2538 830
2542 830
2542 829
2545 829
2545 828
2547 828
2547 827
2549 827
2549 826
2550 826
2550 825
2559 825
2559 824
2560 824
2560 823
2561 823
2561 821
2562 821
2562 820
2563 820
2563 815
2564 815
2564 797
2565 797
2565 787
2566 787
2566 781
2567 781
2567 779
2568 779
2568 777
2569 777
2569 776
2572 776
2572 775
2573 775
2573 776
2588 776
2588 775
2592 775
2592 774
2601 774
2601 773
2603 773
2603 772
2606 772
2606 771
2613 771
2613 770
2614 770
2614 769
2615 769
2615 768
2616 768
2616 764
2617 764
2617 763
2618 763
2618 762
2619 762
2619 761
2620 761
2620 760
2627 760
2627 759
2629 759
2629 758
2630 758
2630 757
2631 757
2631 756
2632 756
2632 755
2633 755
2633 754
2639 754
2639 753
2640 753
2640 752
2641 752
2641 751
2642 751
2642 750
2643 750
2643 749
2644 749
2644 748
2645 748
2645 747
2646 747
2646 746
2649 746
2649 745
2651 745
2651 744
2652 744
2652 743
2653 743
2653 742
2654 742
2654 740
2655 740
2655 739
2656 739
2656 738
2664 738
2664 737
2670 737
2670 738
2675 738
2675 737
2677 737
2677 736
2680 736
2680 735
2684 735
2684 734
2689 734
2689 733
2690 733
2690 732
2691 732
2691 731
2692 731
2692 730
2693 730
2693 729
2694 729
2694 728
2695 728
2695 727
2698 727
2698 726
2700 726
2700 725
2702 725
2702 724
2703 724
2703 723
2704 723
2704 722
2705 722
2705 721
2706 721
2706 719
2707 719
2707 718
2708 718
2708 717
2710 717
2710 716
2718 716
2718 715
2720 715
2720 714
2721 714
2721 713
2722 713
2722 712
2723 712
2723 711
2724 711
2724 710
2726 710
2726 709
2728 709
2728 708
2730 708
2730 707
2732 707
2732 697
2731 697
2731 696
2732 696
2732 695
2733 695
2733 694
2752 694
2752 693
2755 693
2755 692
2760 692
2760 691
2762 691
2762 690
2767 690
2767 689
2768 689
2768 690
2776 690
2776 689
2778 689
2778 688
2779 688
2779 687
2780 687
2780 686
2784 686
2784 685
2788 685
2788 684
2790 684
2790 683
2791 683
2791 682
2793 682
2793 681
2795 681
2795 680
2799 680
2799 679
2800 679
2800 678
2802 678
2802 677
2803 677
2803 675
2804 675
2804 672
2805 672
2805 665
2806 665
2806 659
2807 659
2807 658
2813 658
2813 657
2814 657
2814 656
2815 656
2815 655
2818 655
2818 654
2819 654
2819 653
2822 653
2822 652
2824 652
2824 651
2825 651
2825 650
2827 650
2827 649
2829 649
2829 648
2830 648
2830 647
2831 647
2831 645
2832 645
2832 636
2833 636
2833 633
2834 633
2834 632
2836 632
2836 631
2844 631
2844 630
2847 630
2847 629
2851 629
2851 628
2852 628
2852 627
2853 627
2853 626
2855 626
2855 625
2856 625
2856 624
2857 624
2857 617
2858 617
2858 614
2859 614
2859 613
2864 613
2864 612
2866 612
2866 611
2867 611
2867 610
2869 610
2869 608
2870 608
2870 601
2871 601
2871 594
2872 594
2872 582
2873 582
2873 575
2874 575
2874 567
2875 567
2875 562
2876 562
2876 561
2877 561
2877 560
2882 560
2882 561
2883 561
2883 560
2887 560
2887 559
2894 559
2894 558
2899 558
2899 557
2901 557
2901 558
2904 558
2904 559
2906 559
2906 560
2907 560
2907 561
2910 561
2910 562
2911 562
2911 561
2927 561
2927 560
2932 560
2932 559
2933 559
2933 558
2934 558
2934 556
2935 556
2935 554
2940 554
2940 555
2942 555
2942 556
2945 556
2945 557
2946 557
2946 556
2952 556
2952 557
2954 557
2954 556
2958 556
2958 554
2959 554
2959 548
2960 548
2960 529
2961 529
2961 522
2962 522
2962 512
2963 512
2963 510
2964 510
2964 509
2965 509
2965 508
2974 508
2974 507
2980 507
2980 508
2983 508
2983 507
2986 507
2986 506
2987 506
2987 505
2989 505
2989 504
2990 504
2990 503
2992 503
2992 502
2994 502
2994 501
2996 501
2996 500
2998 500
2998 499
2999 499
2999 495
3000 495
3000 489
3001 489
3001 481
3002 481
3002 479
3003 479
3003 478
3004 478
3004 477
3005 477
3005 476
3006 476
3006 474
3007 474
3007 473
3009 473
3009 472
3010 472
3010 471
3011 471
3011 470
3012 470
3012 469
3013 469
3013 467
3014 467
3014 456
3015 456
3015 452
3016 452
3016 448
3017 448
3017 447
3018 447
3018 446
3020 446
3020 445
3021 445
3021 444
3023 444
3023 443
3024 443
3024 442
3025 442
3025 441
3026 441
3026 440
3027 440
3027 438
3028 438
3028 435
3029 435
3029 427
3030 427
3030 415
3031 415
3031 411
3032 411
3032 409
3033 409
3033 408
3034 408
3034 407
3035 407
3035 406
3036 406
3036 405
3037 405
3037 404
3039 404
3039 403
3040 403
3040 402
3042 402
3042 401
3043 401
3043 399
3044 399
3044 396
3045 396
3045 387
3046 387
3046 380
3047 380
3047 369
3048 369
3048 363
3049 363
3049 361
3051 361
3051 360
3053 360
3053 359
3056 359
3056 358
3057 358
3057 357
3058 357
3058 356
3059 356
3059 354
3060 354
3060 352
3061 352
3061 346
3062 346
3062 343
3063 343
3063 342
3065 342
3065 341
3067 341
3067 339
3068 339
3068 337
3069 337
3069 324
3070 324
3070 318
3071 318
3071 315
3072 315
3072 312
3073 312
3073 311
3074 311
3074 309
3075 309
3075 307
3076 307
3076 305
3077 305
3077 302
3076 302
3076 300
3075 300
3075 297
3074 297
3074 296
3073 296
3073 293
3072 293
3072 292
3071 292
3071 290
3070 290
3070 287
3069 287
3069 275
3068 275
3068 276
3067 276
3067 275
3068 275
3068 267
3069 267
3069 264
3070 264
3070 263
3071 263
3071 255
3072 255
3072 249
3071 249
3071 239
3072 239
3072 238
3073 238
3073 237
3078 237
3078 238
3079 238
3079 239
3094 239
3094 238
3095 238
3095 235
3096 235
3096 230
3095 230
3095 225
3096 225
3096 219
3095 219
3095 217
3096 217
3096 219
3097 219
3097 225
3096 225
3096 230
3097 230
3097 235
3096 235
3096 238
3095 238
3095 240
3079 240
3079 239
3078 239
3078 238
3073 238
3073 239
3072 239
3072 249
3073 249
3073 255
3072 255
3072 264
3070 264
3070 267
3069 267
3069 275
3070 275
3070 287
3071 287
3071 290
3072 290
3072 292
3073 292
3073 293
3074 293
3074 296
3075 296
3075 297
3076 297
3076 300
3077 300
3077 302
3078 302
3078 305
3077 305
3077 307
3076 307
3076 309
3075 309
3075 311
3074 311
3074 312
3073 312
3073 315
3072 315
3072 318
3071 318
3071 324
3070 324
3070 337
3069 337
3069 339
3068 339
3068 341
3067 341
3067 342
3065 342
3065 343
3063 343
3063 346
3062 346
3062 352
3061 352
3061 354
3060 354
3060 356
3059 356
3059 357
3058 357
3058 358
3057 358
3057 359
3056 359
3056 360
3053 360
3053 361
3051 361
3051 362
3050 362
3050 363
3049 363
3049 369
3048 369
3048 380
3047 380
3047 387
3046 387
3046 396
3045 396
3045 399
3044 399
3044 401
3043 401
3043 402
3042 402
3042 403
3040 403
3040 404
3039 404
3039 405
3037 405
3037 406
3036 406
3036 407
3035 407
3035 408
3034 408
3034 409
3033 409
3033 411
3032 411
3032 415
3031 415
3031 427
3030 427
3030 435
3029 435
3029 438
3028 438
3028 440
3027 440
3027 441
3026 441
3026 442
3025 442
3025 443
3024 443
3024 444
3023 444
3023 445
3021 445
3021 446
3020 446
3020 447
3018 447
3018 448
3017 448
3017 452
3016 452
3016 456
3015 456
3015 467
3014 467
3014 469
3013 469
3013 470
3012 470
3012 471
3011 471
3011 472
3010 472
3010 473
3009 473
3009 474
3007 474
3007 476
3006 476
3006 477
3005 477
3005 478
3004 478
3004 479
3003 479
3003 481
3002 481
3002 489
3001 489
3001 495
3000 495
3000 499
2999 499
2999 500
2998 500
2998 501
2996 501
2996 502
2994 502
2994 503
2992 503
2992 504
2990 504
2990 505
2989 505
2989 506
2987 506
2987 507
2986 507
2986 508
2983 508
2983 509
2980 509
2980 508
2974 508
2974 509
2965 509
2965 510
2964 510
2964 512
2963 512
2963 522
2962 522
2962 529
2961 529
