2758 771
2757 771
2757 773
2756 773
2756 774
2753 774
2753 775
2747 775
2747 776
2745 776
2745 778
2744 778
2744 779
2743 779
2743 780
2742 780
2742 781
2738 781
2738 782
2736 782
2736 783
2735 783
2735 786
2734 786
2734 799
2733 799
2733 802
2732 802
2732 803
2731 803
2731 804
2730 804
2730 805
2729 805
2729 806
2728 806
2728 807
2725 807
2725 809
2724 809
2724 810
2723 810
2723 811
2720 811
2720 813
2719 813
2719 814
2718 814
2718 815
2717 815
2717 817
2716 817
2716 818
2715 818
2715 819
2714 819
2714 820
2713 820
2713 823
2712 823
2712 824
2711 824
2711 825
2708 825
2708 826
2704 826
2704 827
2703 827
2703 828
2702 828
2702 829
2701 829
2701 830
2700 830
2700 831
2699 831
2699 832
2695 832
2695 833
2694 833
2694 834
2693 834
2693 835
2692 835
2692 837
2691 837
2691 838
2690 838
2690 840
2689 840
2689 841
2688 841
2688 842
2687 842
2687 843
2686 843
2686 844
2662 844
2662 845
2658 845
2658 846
2656 846
2656 847
2655 847
2655 848
2654 848
2654 849
2653 849
2653 850
2652 850
2652 851
2648 851
2648 852
2645 852
2645 853
2644 853
2644 854
2643 854
2643 855
2642 855
2642 856
2641 856
2641 857
2639 857
2639 858
2636 858
2636 859
2630 859
2630 860
2624 860
2624 861
2620 861
2620 862
2619 862
2619 863
2618 863
2618 864
2616 864
2616 865
2612 865
2612 866
2610 866
2610 867
2609 867
2609 868
2608 868
2608 870
2607 870
2607 871
2606 871
2606 872
2605 872
2605 873
2604 873
2604 874
2600 874
2600 875
2598 875
2598 876
2597 876
2597 877
2596 877
2596 878
2595 878
2595 879
2594 879
2594 880
2593 880
2593 881
2592 881
2592 882
2591 882
2591 883
2590 883
2590 884
2585 884
2585 885
2584 885
2584 886
2583 886
2583 887
2581 887
2581 888
2580 888
2580 889
2579 889
2579 890
2573 890
2573 891
2568 891
2568 892
2561 892
2561 893
2559 893
2559 894
2558 894
2558 895
2557 895
2557 896
2556 896
2556 897
2554 897
2554 898
2551 898
2551 899
2550 899
2550 900
2549 900
2549 901
2548 901
2548 904
2547 904
2547 905
2543 905
2543 906
2540 906
2540 907
2537 907
2537 908
2536 908
2536 909
2534 909
2534 910
2532 910
2532 911
2530 911
2530 912
2523 912
2523 911
2518 911
2518 910
2517 910
2517 909
2516 909
2516 908
2514 908
2514 907
2513 907
2513 905
2512 905
2512 904
2506 904
2506 905
2503 905
2503 906
2500 906
2500 907
2499 907
2499 908
2495 908
2495 909
2491 909
2491 910
2484 910
2484 909
2463 909
2463 910
2447 910
2447 909
2444 909
2444 910
2438 910
2438 911
2430 911
2430 912
2427 912
2427 913
2421 913
2421 914
2417 914
2417 915
2416 915
2416 916
2413 916
2413 917
2405 917
2405 918
2400 918
2400 919
2388 919
2388 920
2382 920
2382 921
2377 921
2377 920
2375 920
2375 919
2373 919
2373 918
2370 918
2370 919
2358 919
2358 920
2356 920
2356 921
2349 921
2349 922
2338 922
2338 921
2333 921
2333 922
2332 922
2332 923
2329 923
2329 921
2328 921
2328 919
2324 919
2324 918
2310 918
2310 919
2308 919
2308 920
2305 920
2305 921
2297 921
2297 922
2294 922
2294 923
2280 923
2280 924
2266 924
2266 923
2265 923
2265 924
2260 924
2260 925
2243 925
2243 926
2241 926
2241 927
2240 927
2240 928
2238 928
2238 929
2237 929
2237 930
2235 930
2235 931
2217 931
2217 930
2213 930
2213 929
2186 929
2186 930
2184 930
2184 931
2183 931
2183 932
2181 932
2181 933
2180 933
2180 934
2170 934
2170 935
2154 935
2154 936
2152 936
2152 937
2148 937
2148 938
2147 938
2147 939
2146 939
2146 940
2145 940
2145 941
2143 941
2143 942
2142 942
2142 943
2133 943
2133 944
2120 944
2120 945
2101 945
2101 946
2099 946
2099 948
2098 948
2098 949
2097 949
2097 950
2096 950
2096 951
2095 951
2095 952
2094 952
2094 953
2085 953
2085 954
2083 954
2083 955
2082 955
2082 956
2076 956
2076 957
2074 957
2074 958
2073 958
2073 960
2072 960
2072 961
2068 961
2068 962
2066 962
2066 963
2059 963
2059 962
2056 962
2056 961
2055 961
2055 960
2054 960
2054 959
2053 959
2053 958
2052 958
2052 957
2051 957
2051 956
2050 956
2050 955
2042 955
2042 954
2041 954
2041 955
2039 955
2039 956
2038 956
2038 957
2036 957
2036 958
2034 958
2034 959
2019 959
2019 958
2018 958
2018 957
2017 957
2017 956
2016 956
2016 955
2015 955
2015 954
2014 954
2014 949
2013 949
2013 938
2012 938
2012 934
2011 934
2011 933
2008 933
2008 932
2006 932
2006 931
2005 931
2005 930
2004 930
2004 929
2003 929
2003 928
2002 928
2002 927
1999 927
1999 926
1993 926
1993 925
1980 925
1980 924
1972 924
1972 923
1969 923
1969 922
1967 922
1967 921
1965 921
1965 922
1963 922
1963 923
1945 923
1945 924
1942 924
1942 925
1941 925
1941 926
1939 926
1939 927
1924 927
1924 926
1916 926
1916 927
1914 927
1914 928
1908 928
1908 929
1904 929
1904 930
1895 930
1895 935
1894 935
1894 938
1893 938
1893 939
1892 939
1892 940
1886 940
1886 941
1881 941
1881 942
1878 942
1878 943
1876 943
1876 942
1870 942
1870 943
1866 943
1866 942
1863 942
1863 941
1862 941
1862 940
1861 940
1861 939
1860 939
1860 938
1854 938
1854 937
1851 937
1851 936
1850 936
1850 935
1845 935
1845 934
1840 934
1840 933
1837 933
1837 932
1836 932
1836 931
1835 931
1835 930
1833 930
1833 929
1831 929
1831 928
1827 928
1827 927
1825 927
1825 926
1824 926
1824 925
1822 925
1822 924
1821 924
1821 921
1820 921
1820 917
1819 917
1819 916
1817 916
1817 915
1814 915
1814 914
1811 914
1811 913
1802 913
1802 912
1800 912
1800 911
1797 911
1797 910
1790 910
1790 909
1778 909
1778 908
1774 908
1774 907
1764 907
1764 906
1763 906
1763 905
1762 905
1762 904
1759 904
1759 903
1753 903
1753 904
1751 904
1751 905
1748 905
1748 902
1747 902
1747 900
1744 900
1744 899
1741 899
1741 898
1740 898
1740 897
1738 897
1738 896
1730 896
1730 895
1728 895
1728 894
1727 894
1727 893
1726 893
1726 892
1725 892
1725 891
1704 891
1704 892
1701 892
1701 893
1699 893
1699 894
1677 894
1677 893
1673 893
1673 892
1671 892
1671 891
1669 891
1669 890
1664 890
1664 891
1663 891
1663 893
1662 893
1662 894
1645 894
1645 893
1644 893
1644 889
1643 889
1643 885
1640 885
1640 884
1637 884
1637 883
1634 883
1634 882
1626 882
1626 881
1624 881
1624 880
1623 880
1623 879
1615 879
1615 878
1603 878
1603 877
1597 877
1597 876
1592 876
1592 875
1591 875
1591 874
1588 874
1588 873
1587 873
1587 872
1585 872
1585 871
1583 871
1583 870
1581 870
1581 869
1579 869
1579 868
1576 868
1576 867
1575 867
1575 866
1574 866
1574 865
1573 865
1573 864
1570 864
1570 863
1568 863
1568 864
1567 864
1567 865
1564 865
1564 866
1561 866
1561 865
1553 865
1553 866
1550 866
1550 865
1542 865
1542 864
1540 864
1540 863
1539 863
1539 862
1538 862
1538 861
1537 861
1537 860
1535 860
1535 859
1533 859
1533 858
1530 858
1530 857
1528 857
1528 856
1526 856
1526 855
1525 855
1525 854
1522 854
1522 853
1519 853
1519 852
1517 852
1517 851
1516 851
1516 850
1515 850
1515 849
1514 849
1514 848
1513 848
1513 847
1512 847
1512 845
1511 845
1511 844
1510 844
1510 843
1509 843
1509 842
1495 842
1495 841
1493 841
1493 840
1492 840
1492 839
1490 839
1490 838
1489 838
1489 837
1488 837
1488 836
1487 836
1487 835
1482 835
1482 834
1468 834
1468 833
1466 833
1466 832
1465 832
1465 831
1464 831
1464 829
1463 829
1463 828
1462 828
1462 826
1461 826
1461 824
1460 824
1460 822
1459 822
1459 819
1458 819
1458 818
1456 818
1456 817
1453 817
1453 816
1452 816
1452 815
1451 815
1451 814
1450 814
1450 813
1448 813
1448 812
1447 812
1447 811
1446 811
1446 810
1444 810
1444 809
1441 809
1441 808
1440 808
1440 807
1439 807
1439 806
1438 806
1438 805
1437 805
1437 804
1436 804
1436 803
1435 803
1435 802
1432 802
1432 801
1431 801
1431 800
1430 800
1430 799
1429 799
1429 798
1428 798
1428 797
1427 797
1427 796
1426 796
1426 795
1425 795
1425 794
1424 794
1424 784
1423 784
1423 768
1421 768
1421 767
1417 767
1417 766
1413 766
1413 765
1410 765
1410 764
1408 764
1408 763
1407 763
1407 762
1405 762
1405 761
1404 761
1404 760
1402 760
1402 759
1398 759
1398 758
1395 758
1395 757
1394 757
1394 756
1393 756
1393 755
1392 755
1392 754
1391 754
1391 753
1390 753
1390 752
1387 752
1387 751
1385 751
1385 750
1381 750
1381 749
1379 749
1379 750
1377 750
1377 751
1376 751
1376 752
1375 752
1375 753
1374 753
1374 754
1373 754
1373 755
1372 755
1372 756
1361 756
1361 757
1352 757
1352 758
1350 758
1350 757
1348 757
1348 756
1347 756
1347 755
1346 755
1346 754
1328 754
1328 755
1327 755
1327 756
1320 756
1320 757
1315 757
1315 756
1314 756
1314 755
1313 755
1313 754
1311 754
1311 753
1310 753
1310 752
1308 752
1308 751
1307 751
1307 750
1305 750
1305 749
1302 749
1302 748
1300 748
1300 747
1298 747
1298 746
1296 746
1296 745
1292 745
1292 744
1289 744
1289 743
1287 743
1287 742
1277 742
1277 741
1274 741
1274 740
1273 740
1273 739
1272 739
1272 738
1271 738
1271 737
1264 737
1264 736
1263 736
1263 735
1262 735
1262 734
1260 734
1260 733
1259 733
1259 732
1258 732
1258 730
1257 730
1257 729
1256 729
1256 728
1255 728
1255 727
1254 727
1254 726
1252 726
1252 725
1250 725
1250 724
1249 724
1249 723
1248 723
1248 722
1247 722
1247 721
1246 721
1246 720
1245 720
1245 719
1244 719
1244 718
1243 718
1243 716
1242 716
1242 714
1241 714
1241 713
1237 713
1237 712
1236 712
1236 711
1234 711
1234 710
1233 710
1233 709
1231 709
1231 708
1228 708
1228 707
1226 707
1226 706
1224 706
1224 705
1223 705
1223 704
1222 704
1222 703
1221 703
1221 702
1220 702
1220 701
1219 701
1219 696
1218 696
1218 691
1217 691
1217 687
1216 687
1216 686
1215 686
1215 685
1214 685
1214 684
1213 684
1213 683
1212 683
1212 682
1211 682
1211 681
1210 681
1210 680
1209 680
1209 679
1208 679
1208 678
1207 678
1207 676
1206 676
1206 675
1205 675
1205 663
1204 663
1204 657
1201 657
1201 656
1200 656
1200 655
1197 655
1197 654
1194 654
1194 653
1191 653
1191 652
1189 652
1189 651
1188 651
1188 650
1186 650
1186 649
1185 649
1185 648
1184 648
1184 647
1183 647
1183 646
1182 646
1182 645
1181 645
1181 644
1180 644
1180 643
1179 643
1179 642
1176 642
1176 641
1174 641
1174 640
1172 640
1172 639
1171 639
1171 638
1167 638
1167 637
1155 637
1155 636
1152 636
1152 635
1151 635
1151 634
1150 634
1150 633
1148 633
1148 632
1147 632
1147 631
1145 631
1145 630
1139 630
1139 629
1128 629
1128 628
1126 628
1126 627
1125 627
1125 626
1123 626
1123 625
1122 625
1122 624
1121 624
1121 623
1120 623
1120 621
1119 621
1119 611
1118 611
1118 608
1117 608
1117 607
1093 607
1093 606
1078 606
1078 605
1075 605
1075 604
1069 604
1069 603
1067 603
1067 602
1066 602
1066 601
1065 601
1065 600
1064 600
1064 599
1063 599
1063 598
1062 598
1062 597
1061 597
1061 590
1060 590
1060 583
1056 583
1056 582
1054 582
1054 581
1049 581
1049 580
1041 580
1041 579
1039 579
1039 578
1038 578
1038 577
1036 577
1036 576
1034 576
1034 575
1032 575
1032 574
1030 574
1030 573
1029 573
1029 572
1028 572
1028 571
1027 571
1027 570
1026 570
1026 569
1023 569
1023 568
1020 568
1020 567
1019 567
1019 566
1018 566
1018 565
1017 565
1017 564
1016 564
1016 563
1015 563
1015 562
1014 562
1014 561
1013 561
1013 560
1012 560
1012 557
1009 557
1009 556
1006 556
1006 555
1005 555
1005 554
1003 554
1003 553
1001 553
1001 552
998 552
998 551
997 551
997 550
995 550
995 549
994 549
994 548
993 548
993 547
991 547
991 546
990 546
990 545
989 545
989 544
988 544
988 543
987 543
987 542
985 542
985 541
983 541
983 540
982 540
982 539
981 539
981 538
980 538
980 537
979 537
979 536
978 536
978 535
977 535
977 534
976 534
976 533
973 533
973 532
970 532
970 531
969 531
969 530
968 530
968 529
967 529
967 528
962 528
962 527
959 527
959 526
958 526
958 525
957 525
957 524
956 524
956 523
949 523
949 522
947 522
947 521
946 521
946 520
944 520
944 519
938 519
938 518
937 518
937 519
928 519
928 518
925 518
925 517
923 517
923 516
922 516
922 515
921 515
921 514
919 514
919 513
918 513
918 512
917 512
917 511
915 511
915 510
910 510
910 509
905 509
905 508
903 508
903 507
902 507
902 505
903 505
903 507
905 507
905 508
910 508
910 509
915 509
915 510
917 510
917 511
918 511
918 512
919 512
919 513
921 513
921 514
922 514
922 515
923 515
923 516
925 516
925 517
928 517
928 518
937 518
937 517
938 517
938 518
944 518
944 519
946 519
946 520
947 520
947 521
949 521
949 522
956 522
956 523
957 523
957 524
958 524
958 525
959 525
959 526
962 526
962 527
967 527
967 528
968 528
968 529
969 529
969 530
970 530
970 531
973 531
973 532
976 532
976 533
977 533
977 534
978 534
978 535
979 535
979 536
980 536
980 537
981 537
981 538
982 538
982 539
983 539
983 540
985 540
985 541
987 541
987 542
988 542
988 543
989 543
989 544
990 544
990 545
991 545
991 546
993 546
993 547
994 547
994 548
995 548
995 549
997 549
997 550
998 550
998 551
1001 551
1001 552
1003 552
1003 553
1005 553
1005 554
1006 554
1006 555
1009 555
1009 556
1012 556
1012 557
1013 557
1013 560
1014 560
1014 561
1015 561
1015 562
1016 562
1016 563
1017 563
1017 564
1018 564
1018 565
1019 565
1019 566
1020 566
1020 567
1023 567
1023 568
1026 568
1026 569
1027 569
1027 570
1028 570
1028 571
1029 571
1029 572
1030 572
1030 573
1032 573
1032 574
1034 574
1034 575
1036 575
1036 576
1038 576
1038 577
1039 577
1039 578
1041 578
1041 579
1049 579
1049 580
1054 580
1054 581
1056 581
1056 582
1060 582
1060 583
1061 583
1061 590
1062 590
1062 597
1063 597
1063 598
1064 598
1064 599
1065 599
1065 600
1066 600
1066 601
1067 601
1067 602
1069 602
1069 603
1075 603
1075 604
1078 604
1078 605
1093 605
1093 606
1117 606
1117 607
1118 607
1118 608
1119 608
1119 611
1120 611
1120 621
1121 621
1121 623
1122 623
1122 624
1123 624
1123 625
1125 625
1125 626
1126 626
1126 627
1128 627
1128 628
1139 628
1139 629
1145 629
1145 630
1147 630
1147 631
1148 631
1148 632
1150 632
1150 633
1151 633
1151 634
1152 634
1152 635
1155 635
1155 636
1167 636
1167 637
1171 637
1171 638
1172 638
1172 639
1174 639
1174 640
1176 640
1176 641
1179 641
1179 642
1180 642
1180 643
1181 643
1181 644
1182 644
1182 645
1183 645
1183 646
1184 646
1184 647
1185 647
1185 648
1186 648
1186 649
1188 649
1188 650
1189 650
1189 651
1191 651
1191 652
1194 652
1194 653
1197 653
1197 654
1200 654
1200 655
1201 655
1201 656
1204 656
1204 657
1205 657
1205 663
1206 663
1206 675
1207 675
1207 676
1208 676
1208 678
1209 678
1209 679
1210 679
1210 680
1211 680
1211 681
1212 681
1212 682
1213 682
1213 683
1214 683
1214 684
1215 684
1215 685
1216 685
1216 686
1217 686
1217 687
1218 687
1218 691
1219 691
1219 696
1220 696
1220 701
1221 701
1221 702
1222 702
1222 703
1223 703
1223 704
1224 704
1224 705
1226 705
1226 706
1228 706
1228 707
1231 707
1231 708
1233 708
1233 709
1234 709
1234 710
1236 710
1236 711
1237 711
1237 712
1241 712
1241 713
1242 713
1242 714
1243 714
1243 716
1244 716
1244 718
1245 718
1245 719
1246 719
1246 720
1247 720
1247 721
1248 721
1248 722
1249 722
1249 723
1250 723
1250 724
1252 724
1252 725
1254 725
1254 726
1255 726
1255 727
1256 727
1256 728
1257 728
1257 729
1258 729
1258 730
1259 730
1259 732
1260 732
1260 733
1262 733
1262 734
1263 734
1263 735
1264 735
1264 736
1271 736
1271 737
1272 737
1272 738
1273 738
1273 739
1274 739
1274 740
1277 740
1277 741
1287 741
1287 742
1289 742
1289 743
1292 743
1292 744
1296 744
1296 745
1298 745
1298 746
1300 746
1300 747
1302 747
1302 748
1305 748
1305 749
1307 749
1307 750
1308 750
1308 751
1310 751
1310 752
1311 752
1311 753
1313 753
1313 754
1314 754
1314 755
1315 755
1315 756
1320 756
1320 755
1327 755
1327 754
1328 754
1328 753
1346 753
1346 754
1347 754
1347 755
1348 755
1348 756
1350 756
1350 757
1352 757
1352 756
1361 756
1361 755
1372 755
1372 754
1373 754
1373 753
1374 753
1374 752
1375 752
1375 751
1376 751
1376 750
1377 750
1377 749
1379 749
1379 748
1381 748
1381 749
1385 749
1385 750
1387 750
1387 751
1390 751
1390 752
1391 752
1391 753
1392 753
1392 754
1393 754
1393 755
1394 755
1394 756
1395 756
1395 757
1398 757
1398 758
1402 758
1402 759
1404 759
1404 760
1405 760
1405 761
1407 761
1407 762
1408 762
1408 763
1410 763
1410 764
1413 764
1413 765
1417 765
1417 766
1421 766
1421 767
1423 767
1423 768
1424 768
1424 784
1425 784
1425 794
1426 794
1426 795
1427 795
1427 796
1428 796
1428 797
1429 797
1429 798
1430 798
1430 799
1431 799
1431 800
1432 800
1432 801
1435 801
1435 802
1436 802
1436 803
1437 803
1437 804
1438 804
1438 805
1439 805
1439 806
1440 806
1440 807
1441 807
1441 808
1444 808
1444 809
1446 809
1446 810
1447 810
1447 811
1448 811
1448 812
1450 812
1450 813
1451 813
1451 814
1452 814
1452 815
1453 815
1453 816
1456 816
1456 817
1458 817
1458 818
1459 818
1459 819
1460 819
1460 822
1461 822
1461 824
1462 824
1462 826
1463 826
1463 828
1464 828
1464 829
1465 829
1465 831
1466 831
1466 832
1468 832
1468 833
1482 833
1482 834
1487 834
1487 835
1488 835
1488 836
1489 836
1489 837
1490 837
1490 838
1492 838
1492 839
1493 839
1493 840
1495 840
1495 841
1509 841
1509 842
1510 842
1510 843
1511 843
1511 844
1512 844
1512 845
1513 845
1513 847
1514 847
1514 848
1515 848
1515 849
1516 849
1516 850
1517 850
1517 851
1519 851
1519 852
1522 852
1522 853
1525 853
1525 854
1526 854
1526 855
1528 855
1528 856
1530 856
1530 857
1533 857
1533 858
1535 858
1535 859
1537 859
1537 860
1538 860
1538 861
1539 861
1539 862
1540 862
1540 863
1542 863
1542 864
1550 864
1550 865
1553 865
1553 864
1561 864
1561 865
1564 865
1564 864
1567 864
1567 863
1568 863
1568 862
1570 862
1570 863
1573 863
1573 864
1574 864
1574 865
1575 865
1575 866
1576 866
1576 867
1579 867
1579 868
1581 868
1581 869
1583 869
1583 870
1585 870
1585 871
1587 871
1587 872
1588 872
1588 873
1591 873
1591 874
1592 874
1592 875
1597 875
1597 876
1603 876
1603 877
1615 877
1615 878
1623 878
1623 879
1624 879
1624 880
1626 880
1626 881
1634 881
1634 882
1637 882
1637 883
1640 883
1640 884
1643 884
1643 885
1644 885
1644 889
1645 889
1645 893
1662 893
1662 891
1663 891
1663 890
1664 890
1664 889
1669 889
1669 890
1671 890
1671 891
1673 891
1673 892
1677 892
1677 893
1699 893
1699 892
1701 892
1701 891
1704 891
1704 890
1725 890
1725 891
1726 891
1726 892
1727 892
1727 893
1728 893
1728 894
1730 894
1730 895
1738 895
1738 896
1740 896
1740 897
1741 897
1741 898
1744 898
1744 899
1747 899
1747 900
1748 900
1748 902
1749 902
1749 904
1751 904
1751 903
1753 903
1753 902
1759 902
1759 903
1762 903
1762 904
1763 904
1763 905
1764 905
1764 906
1774 906
1774 907
1778 907
1778 908
1790 908
1790 909
1797 909
1797 910
1800 910
1800 911
1802 911
1802 912
1811 912
1811 913
1814 913
1814 914
1817 914
1817 915
1819 915
1819 916
1820 916
1820 917
1821 917
1821 921
1822 921
1822 924
1824 924
1824 925
1825 925
1825 926
1827 926
1827 927
1831 927
1831 928
1833 928
1833 929
1835 929
1835 930
1836 930
1836 931
1837 931
1837 932
1840 932
1840 933
1845 933
1845 934
1850 934
1850 935
1851 935
1851 936
1854 936
1854 937
1860 937
1860 938
1861 938
1861 939
1862 939
1862 940
1863 940
1863 941
1866 941
1866 942
1870 942
1870 941
1876 941
1876 942
1878 942
1878 941
1881 941
1881 940
1886 940
1886 939
1892 939
1892 938
1893 938
1893 935
1894 935
1894 930
1895 930
1895 929
1904 929
1904 928
1908 928
1908 927
1914 927
1914 926
1916 926
1916 925
1924 925
1924 926
1939 926
1939 925
1941 925
1941 924
1942 924
1942 923
1945 923
1945 922
1963 922
1963 921
1965 921
1965 920
1967 920
1967 921
1969 921
1969 922
1972 922
1972 923
1980 923
1980 924
1993 924
1993 925
1999 925
1999 926
2002 926
2002 927
2003 927
2003 928
2004 928
2004 929
2005 929
2005 930
2006 930
2006 931
2008 931
2008 932
2011 932
2011 933
2012 933
2012 934
2013 934
2013 938
2014 938
2014 949
2015 949
2015 954
2016 954
2016 955
2017 955
2017 956
2018 956
2018 957
2019 957
2019 958
2034 958
2034 957
2036 957
2036 956
2038 956
2038 955
2039 955
2039 954
2041 954
2041 953
2042 953
2042 954
2050 954
2050 955
2051 955
2051 956
2052 956
2052 957
2053 957
2053 958
2054 958
2054 959
2055 959
2055 960
2056 960
2056 961
2059 961
2059 962
2066 962
2066 961
2068 961
2068 960
2072 960
2072 958
2073 958
2073 957
2074 957
2074 956
2076 956
2076 955
2082 955
2082 954
2083 954
2083 953
2085 953
2085 952
2094 952
2094 951
2095 951
2095 950
2096 950
2096 949
2097 949
2097 948
2098 948
2098 946
2099 946
2099 945
2101 945
2101 944
2120 944
2120 943
2133 943
2133 942
2142 942
2142 941
2143 941
2143 940
2145 940
2145 939
2146 939
2146 938
2147 938
2147 937
2148 937
2148 936
2152 936
2152 935
2154 935
2154 934
2170 934
2170 933
2180 933
2180 932
2181 932
2181 931
2183 931
2183 930
2184 930
2184 929
2186 929
2186 928
2213 928
2213 929
2217 929
2217 930
2235 930
2235 929
2237 929
2237 928
2238 928
2238 927
2240 927
2240 926
2241 926
2241 925
2243 925
2243 924
2260 924
2260 923
2265 923
2265 922
2266 922
2266 923
2280 923
2280 922
2294 922
2294 921
2297 921
2297 920
2305 920
2305 919
2308 919
2308 918
2310 918
2310 917
2324 917
2324 918
2328 918
2328 919
2329 919
2329 921
2330 921
2330 922
2332 922
2332 921
2333 921
2333 920
2338 920
2338 921
2349 921
2349 920
2356 920
2356 919
2358 919
2358 918
2370 918
2370 917
2373 917
2373 918
2375 918
2375 919
2377 919
2377 920
2382 920
2382 919
2388 919
2388 918
2400 918
2400 917
2405 917
2405 916
2413 916
2413 915
2416 915
2416 914
2417 914
2417 913
2421 913
2421 912
2427 912
2427 911
2430 911
2430 910
2438 910
2438 909
2444 909
2444 908
2447 908
2447 909
2463 909
2463 908
2484 908
2484 909
2491 909
2491 908
2495 908
2495 907
2499 907
2499 906
2500 906
2500 905
2503 905
2503 904
2506 904
2506 903
2512 903
2512 904
2513 904
2513 905
2514 905
2514 907
2517 907
2517 909
2518 909
2518 910
2523 910
2523 911
2530 911
2530 910
2532 910
2532 909
2534 909
2534 908
2536 908
2536 907
2537 907
2537 906
2540 906
2540 905
2543 905
2543 904
2547 904
2547 901
2548 901
2548 900
2549 900
2549 899
2550 899
2550 898
2551 898
2551 897
2554 897
2554 896
2556 896
2556 895
2557 895
2557 894
2558 894
2558 893
2559 893
2559 892
2561 892
2561 891
2568 891
2568 890
2573 890
2573 889
2579 889
2579 888
2580 888
2580 887
2581 887
2581 886
2583 886
2583 885
2584 885
2584 884
2585 884
2585 883
2590 883
2590 882
2591 882
2591 881
2592 881
2592 880
2593 880
2593 879
2594 879
2594 878
2595 878
2595 877
2596 877
2596 876
2597 876
2597 875
2598 875
2598 874
2600 874
2600 873
2604 873
2604 872
2605 872
2605 871
2606 871
2606 870
2607 870
2607 868
2608 868
2608 867
2609 867
2609 866
2610 866
2610 865
2612 865
2612 864
2616 864
2616 863
2618 863
2618 862
2619 862
2619 861
2620 861
2620 860
2624 860
2624 859
2630 859
2630 858
2636 858
2636 857
2639 857
2639 856
2641 856
2641 855
2642 855
2642 854
2643 854
2643 853
2644 853
2644 852
2645 852
2645 851
2648 851
2648 850
2652 850
2652 849
2653 849
2653 848
2654 848
2654 847
2655 847
2655 846
2656 846
2656 845
2658 845
2658 844
2662 844
2662 843
2686 843
2686 842
2687 842
2687 841
2688 841
2688 840
2689 840
2689 838
2690 838
2690 837
2691 837
2691 835
2692 835
2692 834
2693 834
2693 833
2694 833
2694 832
2695 832
2695 831
2699 831
2699 830
2700 830
2700 829
2701 829
2701 828
2702 828
2702 827
2703 827
2703 826
2704 826
2704 825
2708 825
2708 824
2711 824
2711 823
2712 823
2712 820
2713 820
2713 819
2714 819
2714 818
2715 818
2715 817
2716 817
2716 815
2717 815
2717 814
2718 814
2718 813
2719 813
2719 811
2720 811
2720 810
2723 810
2723 809
2724 809
2724 807
2725 807
2725 806
2728 806
2728 805
2729 805
2729 804
2730 804
2730 803
2731 803
2731 802
2732 802
2732 799
2733 799
2733 786
2734 786
2734 783
2735 783
2735 782
2736 782
2736 781
2738 781
2738 780
2742 780
2742 779
2743 779
2743 778
2744 778
2744 776
2745 776
2745 775
2747 775
2747 774
2753 774
2753 773
2756 773
2756 771
2757 771
2757 768
2758 768
2758 766
2759 766
2759 763
2758 763
2758 756
2759 756
2759 752
2760 752
2760 751
2768 751
2768 750
2771 750
2771 749
2773 749
2773 750
2779 750
2779 749
2799 749
2799 748
2801 748
2801 747
2803 747
2803 746
2804 746
2804 745
2805 745
2805 744
2806 744
2806 743
2807 743
2807 742
2813 742
2813 741
2815 741
2815 740
2816 740
2816 739
2817 739
2817 738
2818 738
2818 737
2819 737
2819 736
2820 736
2820 727
2825 727
2825 726
2827 726
2827 725
2829 725
2829 724
2830 724
2830 723
2838 723
2838 722
2839 722
2839 719
2840 719
2840 716
2841 716
2841 715
2842 715
2842 714
2843 714
2843 713
2850 713
2850 712
2851 712
2851 710
2852 710
2852 707
2851 707
2851 702
2850 702
2850 698
2849 698
2849 694
2848 694
2848 680
2849 680
2849 679
2850 679
2850 678
2861 678
2861 677
2862 677
2862 674
2863 674
2863 665
2864 665
2864 664
2871 664
2871 663
2872 663
2872 662
2874 662
2874 660
2875 660
2875 657
2874 657
2874 653
2875 653
2875 648
2874 648
2874 640
2883 640
2883 639
2886 639
2886 638
2887 638
2887 637
2888 637
2888 627
2897 627
2897 619
2898 619
2898 615
2899 615
2899 612
2907 612
2907 611
2908 611
2908 610
2909 610
2909 598
2914 598
2914 597
2915 597
2915 596
2920 596
2920 592
2921 592
2921 589
2922 589
2922 587
2924 587
2924 588
2927 588
2927 587
2931 587
2931 586
2932 586
2932 585
2940 585
2940 584
2942 584
2942 583
2943 583
2943 582
2944 582
2944 580
2943 580
2943 562
2944 562
2944 557
2945 557
2945 556
2952 556
2952 555
2954 555
2954 554
2955 554
2955 544
2956 544
2956 543
2957 543
2957 542
2959 542
2959 541
2966 541
2966 539
2967 539
2967 530
2969 530
2969 529
2970 529
2970 527
2974 527
2974 526
2976 526
2976 525
2977 525
2977 519
2978 519
2978 487
2979 487
2979 485
2980 485
2980 484
2982 484
2982 483
2985 483
2985 482
2986 482
2986 481
2987 481
2987 480
2988 480
2988 467
2989 467
2989 458
2990 458
2990 457
2991 457
2991 456
2998 456
2998 455
3001 455
3001 454
3002 454
3002 453
3004 453
3004 452
3005 452
3005 451
3006 451
3006 450
3007 450
3007 449
3010 449
3010 448
3016 448
3016 447
3030 447
3030 446
3036 446
3036 445
3042 445
3042 444
3043 444
3043 445
3042 445
3042 446
3036 446
3036 447
3030 447
3030 448
3016 448
3016 449
3010 449
3010 450
3007 450
3007 451
3006 451
3006 453
3004 453
3004 454
3002 454
3002 455
3001 455
3001 456
2998 456
2998 457
2991 457
2991 458
2990 458
2990 467
2989 467
2989 480
2988 480
2988 481
2987 481
2987 482
2986 482
2986 483
2985 483
2985 484
2982 484
2982 485
2980 485
2980 487
2979 487
2979 519
2978 519
2978 525
2977 525
2977 526
2976 526
2976 527
2974 527
2974 528
2971 528
2971 529
2970 529
2970 530
2969 530
2969 531
2968 531
2968 539
2967 539
2967 541
2966 541
2966 542
2959 542
2959 543
2957 543
2957 544
2956 544
2956 554
2955 554
2955 555
2954 555
2954 556
2952 556
2952 557
2945 557
2945 562
2944 562
2944 580
2945 580
2945 582
2944 582
2944 583
2943 583
2943 584
2942 584
2942 585
2940 585
2940 586
2932 586
2932 587
2931 587
2931 588
2927 588
2927 589
2924 589
2924 588
2923 588
2923 589
2922 589
2922 592
2921 592
2921 596
2920 596
2920 597
2915 597
2915 598
2914 598
2914 599
2910 599
2910 610
2909 610
2909 611
2908 611
2908 612
2907 612
2907 613
2900 613
2900 615
2899 615
2899 619
2898 619
2898 627
2897 627
2897 628
2889 628
2889 637
2888 637
2888 638
2887 638
2887 639
2886 639
2886 640
2883 640
2883 641
2875 641
2875 648
2876 648
2876 653
2875 653
2875 657
2876 657
2876 660
2875 660
2875 662
2874 662
2874 663
2872 663
2872 664
2871 664
2871 665
2864 665
2864 674
2863 674
2863 677
2862 677
2862 678
2861 678
2861 679
2850 679
2850 680
2849 680
2849 694
2850 694
2850 698
2851 698
2851 702
2852 702
2852 707
2853 707
2853 711
2852 711
2852 712
2851 712
2851 713
2850 713
2850 714
2843 714
2843 715
2842 715
2842 716
2841 716
2841 719
2840 719
2840 722
2839 722
2839 723
2838 723
2838 724
2830 724
2830 725
2829 725
2829 726
2827 726
2827 727
2825 727
2825 728
2821 728
2821 736
2820 736
2820 737
2819 737
2819 738
2818 738
2818 739
2817 739
2817 740
2816 740
2816 741
2815 741
2815 742
2813 742
2813 743
2807 743
2807 744
2806 744
2806 745
2805 745
2805 746
2804 746
2804 747
2803 747
2803 748
2801 748
2801 749
2799 749
2799 750
2779 750
2779 751
2773 751
2773 750
2771 750
2771 751
2768 751
2768 752
2760 752
2760 756
2759 756
2759 763
2760 763
2760 766
2759 766
2759 768
2758 768
