2307 1204
2308 1204
2308 1205
2310 1205
2310 1206
2313 1206
2313 1205
2315 1205
2315 1204
2319 1204
2319 1203
2322 1203
2322 1201
2323 1201
2323 1197
2324 1197
2324 1196
2332 1196
2332 1195
2335 1195
2335 1194
2346 1194
2346 1193
2347 1193
2347 1192
2348 1192
2348 1191
2356 1191
2356 1190
2359 1190
2359 1189
2360 1189
2360 1188
2369 1188
2369 1187
2371 1187
2371 1186
2381 1186
2381 1185
2382 1185
2382 1184
2383 1184
2383 1183
2384 1183
2384 1182
2385 1182
2385 1181
2386 1181
2386 1180
2387 1180
2387 1179
2394 1179
2394 1178
2395 1178
2395 1177
2397 1177
2397 1176
2399 1176
2399 1175
2400 1175
2400 1174
2404 1174
2404 1173
2405 1173
2405 1171
2406 1171
2406 1170
2407 1170
2407 1167
2408 1167
2408 1165
2409 1165
2409 1163
2410 1163
2410 1161
2411 1161
2411 1160
2412 1160
2412 1159
2413 1159
2413 1158
2415 1158
2415 1157
2417 1157
2417 1156
2418 1156
2418 1154
2419 1154
2419 1152
2420 1152
2420 1151
2423 1151
2423 1150
2426 1150
2426 1151
2428 1151
2428 1150
2431 1150
2431 1149
2432 1149
2432 1148
2444 1148
2444 1147
2445 1147
2445 1144
2446 1144
2446 1143
2447 1143
2447 1142
2448 1142
2448 1140
2449 1140
2449 1139
2450 1139
2450 1137
2451 1137
2451 1135
2452 1135
2452 1132
2453 1132
2453 1130
2454 1130
2454 1129
2455 1129
2455 1128
2457 1128
2457 1127
2464 1127
2464 1128
2466 1128
2466 1127
2467 1127
2467 1122
2468 1122
2468 1121
2469 1121
2469 1119
2470 1119
2470 1117
2471 1117
2471 1116
2472 1116
2472 1115
2473 1115
2473 1114
2474 1114
2474 1113
2475 1113
2475 1112
2476 1112
2476 1109
2477 1109
2477 1108
2478 1108
2478 1107
2479 1107
2479 1106
2486 1106
2486 1107
2499 1107
2499 1106
2500 1106
2500 1104
2501 1104
2501 1099
2502 1099
2502 1098
2503 1098
2503 1095
2507 1095
2507 1094
2508 1094
2508 1091
2512 1091
2512 1090
2513 1090
2513 1089
2514 1089
2514 1087
2515 1087
2515 1086
2516 1086
2516 1084
2517 1084
2517 1082
2518 1082
2518 1080
2519 1080
2519 1078
2520 1078
2520 1077
2521 1077
2521 1076
2522 1076
2522 1075
2526 1075
2526 1074
2527 1074
2527 1072
2528 1072
2528 1070
2529 1070
2529 1068
2530 1068
2530 1067
2531 1067
2531 1066
2532 1066
2532 1065
2537 1065
2537 1064
2538 1064
2538 1063
2549 1063
2549 1064
2555 1064
2555 1065
2565 1065
2565 1064
2567 1064
2567 1061
2568 1061
2568 1060
2569 1060
2569 1058
2570 1058
2570 1057
2571 1057
2571 1056
2572 1056
2572 1055
2574 1055
2574 1054
2575 1054
2575 1053
2576 1053
2576 1052
2577 1052
2577 1051
2578 1051
2578 1050
2579 1050
2579 1048
2580 1048
2580 1047
2581 1047
2581 1046
2589 1046
2589 1044
2590 1044
2590 1043
2591 1043
2591 1041
2592 1041
2592 1040
2594 1040
2594 1039
2595 1039
2595 1038
2596 1038
2596 1037
2598 1037
2598 1036
2599 1036
2599 1035
2608 1035
2608 1034
2612 1034
2612 1033
2614 1033
2614 1032
2615 1032
2615 1031
2617 1031
2617 1030
2618 1030
2618 1029
2619 1029
2619 1028
2620 1028
2620 1025
2621 1025
2621 1024
2622 1024
2622 1023
2624 1023
2624 1022
2626 1022
2626 1021
2627 1021
2627 1020
2629 1020
2629 1019
2634 1019
2634 1018
2640 1018
2640 1019
2650 1019
2650 1018
2652 1018
2652 1017
2653 1017
2653 1016
2654 1016
2654 1015
2658 1015
2658 1014
2660 1014
2660 1013
2663 1013
2663 1010
2664 1010
2664 1009
2665 1009
2665 1008
2666 1008
2666 1007
2669 1007
2669 1006
2672 1006
2672 1004
2673 1004
2673 1003
2674 1003
2674 1002
2675 1002
2675 1000
2676 1000
2676 999
2678 999
2678 998
2679 998
2679 996
2680 996
2680 993
2681 993
2681 992
2682 992
2682 991
2683 991
2683 990
2684 990
2684 988
2685 988
2685 985
2686 985
2686 982
2687 982
2687 975
2688 975
2688 969
2689 969
2689 944
2690 944
2690 943
2694 943
2694 942
2696 942
2696 941
2697 941
2697 940
2698 940
2698 937
2699 937
2699 932
2700 932
2700 926
2701 926
2701 924
2702 924
2702 918
2703 918
2703 913
2704 913
2704 912
2713 912
2713 911
2717 911
2717 909
2718 909
2718 908
2719 908
2719 907
2722 907
2722 906
2728 906
2728 905
2729 905
2729 904
2730 904
2730 903
2731 903
2731 902
2732 902
2732 901
2733 901
2733 900
2734 900
2734 899
2735 899
2735 898
2736 898
2736 897
2737 897
2737 896
2738 896
2738 895
2739 895
2739 893
2740 893
2740 890
2741 890
2741 888
2742 888
2742 887
2743 887
2743 886
2744 886
2744 885
2745 885
2745 884
2747 884
2747 883
2748 883
2748 881
2749 881
2749 879
2750 879
2750 878
2751 878
2751 877
2752 877
2752 875
2753 875
2753 874
2754 874
2754 868
2755 868
2755 866
2756 866
2756 865
2758 865
2758 864
2759 864
2759 861
2760 861
2760 858
2761 858
2761 856
2762 856
2762 854
2763 854
2763 850
2764 850
2764 849
2765 849
2765 847
2766 847
2766 845
2767 845
2767 842
2768 842
2768 841
2769 841
2769 840
2770 840
2770 838
2771 838
2771 837
2772 837
2772 836
2773 836
2773 833
2774 833
2774 830
2775 830
2775 829
2777 829
2777 828
2779 828
2779 823
2780 823
2780 820
2781 820
2781 815
2782 815
2782 814
2783 814
2783 812
2784 812
2784 811
2786 811
2786 810
2787 810
2787 807
2788 807
2788 806
2789 806
2789 805
2790 805
2790 804
2791 804
2791 803
2792 803
2792 796
2793 796
2793 781
2794 781
2794 780
2795 780
2795 779
2796 779
2796 778
2797 778
2797 777
2799 777
2799 776
2802 776
2802 777
2799 777
2799 778
2797 778
2797 779
2796 779
2796 780
2795 780
2795 781
2794 781
2794 796
2793 796
2793 803
2792 803
2792 804
2791 804
2791 805
2790 805
2790 806
2789 806
2789 807
2788 807
2788 811
2786 811
2786 812
2784 812
2784 814
2783 814
2783 815
2782 815
2782 820
2781 820
2781 823
2780 823
2780 829
2777 829
2777 830
2775 830
2775 833
2774 833
2774 836
2773 836
2773 837
2772 837
2772 838
2771 838
2771 840
2770 840
2770 841
2769 841
2769 842
2768 842
2768 845
2767 845
2767 847
2766 847
2766 849
2765 849
2765 850
2764 850
2764 854
2763 854
2763 856
2762 856
2762 858
2761 858
2761 861
2760 861
2760 865
2758 865
2758 866
2756 866
2756 868
2755 868
2755 874
2754 874
2754 875
2753 875
2753 877
2752 877
2752 878
2751 878
2751 879
2750 879
2750 881
2749 881
2749 883
2748 883
2748 884
2747 884
2747 885
2745 885
2745 886
2744 886
2744 887
2743 887
2743 888
2742 888
2742 890
2741 890
2741 893
2740 893
2740 895
2739 895
2739 896
2738 896
2738 897
2737 897
2737 898
2736 898
2736 899
2735 899
2735 900
2734 900
2734 901
2733 901
2733 902
2732 902
2732 903
2731 903
2731 904
2730 904
2730 905
2729 905
2729 906
2728 906
2728 907
2722 907
2722 908
2719 908
2719 909
2718 909
2718 911
2717 911
2717 912
2713 912
2713 913
2704 913
2704 918
2703 918
2703 924
2702 924
2702 926
2701 926
2701 932
2700 932
2700 937
2699 937
2699 940
2698 940
2698 941
2697 941
2697 942
2696 942
2696 943
2694 943
2694 944
2690 944
2690 969
2689 969
2689 975
2688 975
2688 982
2687 982
2687 985
2686 985
2686 988
2685 988
2685 990
2684 990
2684 991
2683 991
2683 992
2682 992
2682 993
2681 993
2681 996
2680 996
2680 998
2679 998
2679 999
2678 999
2678 1000
2676 1000
2676 1002
2675 1002
2675 1003
2674 1003
2674 1004
2673 1004
2673 1007
2669 1007
2669 1008
2666 1008
2666 1009
2665 1009
2665 1010
2664 1010
2664 1013
2663 1013
2663 1014
2660 1014
2660 1015
2658 1015
2658 1016
2654 1016
2654 1017
2653 1017
2653 1018
2652 1018
2652 1019
2650 1019
2650 1020
2640 1020
2640 1019
2634 1019
2634 1020
2629 1020
2629 1021
2627 1021
2627 1022
2626 1022
2626 1023
2624 1023
2624 1024
2622 1024
2622 1025
2621 1025
2621 1028
2620 1028
2620 1029
2619 1029
2619 1030
2618 1030
2618 1031
2617 1031
2617 1032
2615 1032
2615 1034
2612 1034
2612 1035
2608 1035
2608 1036
2599 1036
2599 1037
2598 1037
2598 1038
2596 1038
2596 1039
2595 1039
2595 1040
2594 1040
2594 1041
2592 1041
2592 1043
2591 1043
2591 1044
2590 1044
2590 1046
2589 1046
2589 1047
2581 1047
2581 1048
2580 1048
2580 1050
2579 1050
2579 1051
2578 1051
2578 1052
2577 1052
2577 1053
2576 1053
2576 1054
2575 1054
2575 1055
2574 1055
2574 1056
2572 1056
2572 1057
2571 1057
2571 1058
2570 1058
2570 1060
2569 1060
2569 1061
2568 1061
2568 1064
2567 1064
2567 1065
2565 1065
2565 1066
2555 1066
2555 1065
2549 1065
2549 1064
2538 1064
2538 1065
2537 1065
2537 1066
2532 1066
2532 1067
2531 1067
2531 1068
2530 1068
2530 1070
2529 1070
2529 1072
2528 1072
2528 1074
2527 1074
2527 1075
2526 1075
2526 1076
2522 1076
2522 1077
2521 1077
2521 1078
2520 1078
2520 1080
2519 1080
2519 1082
2518 1082
2518 1084
2517 1084
2517 1086
2516 1086
2516 1087
2515 1087
2515 1089
2514 1089
2514 1090
2513 1090
2513 1091
2512 1091
2512 1092
2509 1092
2509 1094
2508 1094
2508 1095
2507 1095
2507 1096
2504 1096
2504 1098
2503 1098
2503 1099
2502 1099
2502 1104
2501 1104
2501 1106
2500 1106
2500 1107
2499 1107
2499 1108
2486 1108
2486 1107
2479 1107
2479 1108
2478 1108
2478 1109
2477 1109
2477 1112
2476 1112
2476 1113
2475 1113
2475 1114
2474 1114
2474 1115
2473 1115
2473 1116
2472 1116
2472 1117
2471 1117
2471 1119
2470 1119
2470 1121
2469 1121
2469 1122
2468 1122
2468 1127
2467 1127
2467 1128
2466 1128
2466 1129
2464 1129
2464 1128
2457 1128
2457 1129
2455 1129
2455 1130
2454 1130
2454 1132
2453 1132
2453 1135
2452 1135
2452 1137
2451 1137
2451 1139
2450 1139
2450 1140
2449 1140
2449 1142
2448 1142
2448 1143
2447 1143
2447 1144
2446 1144
2446 1147
2445 1147
2445 1148
2444 1148
2444 1149
2432 1149
2432 1150
2431 1150
2431 1151
2428 1151
2428 1152
2426 1152
2426 1151
2423 1151
2423 1152
2420 1152
2420 1154
2419 1154
2419 1156
2418 1156
2418 1157
2417 1157
2417 1158
2415 1158
2415 1159
2413 1159
2413 1160
2412 1160
2412 1161
2411 1161
2411 1163
2410 1163
2410 1165
2409 1165
2409 1167
2408 1167
2408 1170
2407 1170
2407 1171
2406 1171
2406 1173
2405 1173
2405 1174
2404 1174
2404 1175
2400 1175
2400 1176
2399 1176
2399 1177
2397 1177
2397 1178
2395 1178
2395 1179
2394 1179
2394 1180
2387 1180
2387 1181
2386 1181
2386 1182
2385 1182
2385 1183
2384 1183
2384 1184
2383 1184
2383 1185
2382 1185
2382 1186
2381 1186
2381 1187
2371 1187
2371 1188
2369 1188
2369 1189
2360 1189
2360 1190
2359 1190
2359 1191
2356 1191
2356 1192
2348 1192
2348 1193
2347 1193
2347 1194
2346 1194
2346 1195
2335 1195
2335 1196
2332 1196
2332 1197
2324 1197
2324 1201
2323 1201
2323 1203
2322 1203
2322 1204
2319 1204
2319 1205
2315 1205
2315 1206
2313 1206
2313 1207
2310 1207
2310 1206
2308 1206
2308 1205
2307 1205
2307 1204
2306 1204
2306 1203
2299 1203
2299 1204
2298 1204
2298 1203
2296 1203
2296 1202
2295 1202
2295 1201
2294 1201
2294 1200
2293 1200
2293 1199
2292 1199
2292 1198
2286 1198
2286 1199
2285 1199
2285 1200
2271 1200
2271 1201
2265 1201
2265 1200
2260 1200
2260 1201
2250 1201
2250 1204
2249 1204
2249 1210
2248 1210
2248 1211
2244 1211
2244 1212
2240 1212
2240 1211
2226 1211
2226 1212
2224 1212
2224 1213
2220 1213
2220 1214
2216 1214
2216 1215
2213 1215
2213 1216
2212 1216
2212 1217
2211 1217
2211 1218
2209 1218
2209 1219
2201 1219
2201 1220
2199 1220
2199 1221
2198 1221
2198 1222
2196 1222
2196 1223
2195 1223
2195 1224
2192 1224
2192 1225
2191 1225
2191 1226
2190 1226
2190 1227
2188 1227
2188 1228
2187 1228
2187 1229
2186 1229
2186 1230
2185 1230
2185 1231
2184 1231
2184 1232
2183 1232
2183 1233
2182 1233
2182 1234
2181 1234
2181 1235
2173 1235
2173 1234
2169 1234
2169 1235
2166 1235
2166 1236
2154 1236
2154 1237
2151 1237
2151 1238
2108 1238
2108 1237
2095 1237
2095 1236
2093 1236
2093 1235
2091 1235
2091 1234
2089 1234
2089 1233
2088 1233
2088 1232
2087 1232
2087 1231
2086 1231
2086 1230
2085 1230
2085 1229
2084 1229
2084 1228
2082 1228
2082 1227
2077 1227
2077 1226
2076 1226
2076 1225
2074 1225
2074 1224
2065 1224
2065 1223
2064 1223
2064 1222
2060 1222
2060 1223
2041 1223
2041 1222
2039 1222
2039 1221
2038 1221
2038 1220
2037 1220
2037 1219
2036 1219
2036 1218
2035 1218
2035 1217
2032 1217
2032 1216
2030 1216
2030 1215
2027 1215
2027 1214
2024 1214
2024 1213
2021 1213
2021 1212
2007 1212
2007 1211
1999 1211
1999 1210
1994 1210
1994 1211
1983 1211
1983 1212
1980 1212
1980 1213
1971 1213
1971 1212
1969 1212
1969 1211
1968 1211
1968 1210
1966 1210
1966 1209
1965 1209
1965 1210
1961 1210
1961 1211
1959 1211
1959 1212
1953 1212
1953 1211
1949 1211
1949 1210
1942 1210
1942 1209
1939 1209
1939 1208
1936 1208
1936 1207
1931 1207
1931 1206
1925 1206
1925 1205
1924 1205
1924 1204
1920 1204
1920 1203
1916 1203
1916 1202
1913 1202
1913 1201
1912 1201
1912 1200
1911 1200
1911 1199
1910 1199
1910 1198
1909 1198
1909 1195
1908 1195
1908 1193
1907 1193
1907 1192
1906 1192
1906 1191
1905 1191
1905 1190
1902 1190
1902 1189
1898 1189
1898 1188
1889 1188
1889 1187
1887 1187
1887 1186
1885 1186
1885 1185
1884 1185
1884 1184
1883 1184
1883 1183
1882 1183
1882 1182
1881 1182
1881 1181
1879 1181
1879 1180
1878 1180
1878 1179
1877 1179
1877 1178
1876 1178
1876 1177
1874 1177
1874 1176
1873 1176
1873 1175
1872 1175
1872 1174
1864 1174
1864 1173
1861 1173
1861 1172
1859 1172
1859 1171
1858 1171
1858 1170
1856 1170
1856 1169
1855 1169
1855 1168
1854 1168
1854 1167
1853 1167
1853 1166
1852 1166
1852 1165
1851 1165
1851 1164
1850 1164
1850 1163
1849 1163
1849 1162
1847 1162
1847 1161
1842 1161
1842 1160
1841 1160
1841 1159
1838 1159
1838 1158
1837 1158
1837 1157
1836 1157
1836 1156
1835 1156
1835 1155
1834 1155
1834 1154
1833 1154
1833 1153
1832 1153
1832 1152
1831 1152
1831 1151
1830 1151
1830 1150
1829 1150
1829 1149
1828 1149
1828 1148
1827 1148
1827 1146
1826 1146
1826 1143
1825 1143
1825 1141
1824 1141
1824 1139
1823 1139
1823 1138
1822 1138
1822 1137
1821 1137
1821 1134
1820 1134
1820 1132
1819 1132
1819 1129
1818 1129
1818 1128
1817 1128
1817 1127
1816 1127
1816 1126
1815 1126
1815 1125
1814 1125
1814 1124
1813 1124
1813 1122
1812 1122
1812 1121
1811 1121
1811 1120
1810 1120
1810 1119
1809 1119
1809 1118
1808 1118
1808 1116
1807 1116
1807 1115
1804 1115
1804 1114
1801 1114
1801 1113
1794 1113
1794 1112
1793 1112
1793 1111
1791 1111
1791 1110
1789 1110
1789 1109
1788 1109
1788 1107
1786 1107
1786 1105
1785 1105
1785 1104
1783 1104
1783 1103
1781 1103
1781 1102
1779 1102
1779 1101
1778 1101
1778 1100
1776 1100
1776 1099
1775 1099
1775 1098
1773 1098
1773 1097
1771 1097
1771 1096
1768 1096
1768 1095
1764 1095
1764 1094
1762 1094
1762 1093
1760 1093
1760 1092
1758 1092
1758 1091
1756 1091
1756 1090
1754 1090
1754 1089
1751 1089
1751 1088
1750 1088
1750 1087
1749 1087
1749 1086
1748 1086
1748 1085
1747 1085
1747 1084
1746 1084
1746 1083
1745 1083
1745 1082
1744 1082
1744 1081
1743 1081
1743 1080
1742 1080
1742 1079
1740 1079
1740 1078
1739 1078
1739 1077
1736 1077
1736 1076
1735 1076
1735 1075
1734 1075
1734 1074
1733 1074
1733 1073
1732 1073
1732 1072
1731 1072
1731 1070
1730 1070
1730 1068
1729 1068
1729 1065
1728 1065
1728 1063
1727 1063
1727 1062
1726 1062
1726 1061
1724 1061
1724 1060
1722 1060
1722 1059
1718 1059
1718 1058
1717 1058
1717 1056
1716 1056
1716 1055
1715 1055
1715 1052
1714 1052
1714 1050
1713 1050
1713 1047
1712 1047
1712 1040
1711 1040
1711 1038
1710 1038
1710 1036
1709 1036
1709 1034
1708 1034
1708 1033
1707 1033
1707 1032
1705 1032
1705 1031
1703 1031
1703 1030
1702 1030
1702 1029
1701 1029
1701 1028
1700 1028
1700 1027
1699 1027
1699 1024
1698 1024
1698 1018
1697 1018
1697 1015
1696 1015
1696 1011
1695 1011
1695 1010
1694 1010
1694 1008
1693 1008
1693 1006
1692 1006
1692 1005
1690 1005
1690 1004
1689 1004
1689 1003
1688 1003
1688 1002
1687 1002
1687 1000
1686 1000
1686 998
1685 998
1685 996
1684 996
1684 994
1683 994
1683 991
1682 991
1682 989
1681 989
1681 988
1680 988
1680 987
1679 987
1679 985
1678 985
1678 984
1677 984
1677 982
1676 982
1676 981
1673 981
1673 980
1671 980
1671 979
1669 979
1669 978
1667 978
1667 977
1666 977
1666 976
1665 976
1665 975
1664 975
1664 974
1663 974
1663 973
1660 973
1660 972
1659 972
1659 971
1658 971
1658 970
1657 970
1657 968
1656 968
1656 966
1655 966
1655 959
1654 959
1654 955
1653 955
1653 953
1652 953
1652 952
1651 952
1651 951
1650 951
1650 949
1649 949
1649 948
1647 948
1647 947
1646 947
1646 946
1645 946
1645 945
1644 945
1644 943
1643 943
1643 941
1642 941
1642 940
1641 940
1641 935
1640 935
1640 932
1639 932
1639 931
1638 931
1638 930
1636 930
1636 929
1635 929
1635 928
1634 928
1634 927
1633 927
1633 926
1632 926
1632 924
1631 924
1631 922
1630 922
1630 920
1629 920
1629 901
1628 901
1628 898
1627 898
1627 895
1626 895
1626 894
1625 894
1625 893
1624 893
1624 892
1623 892
1623 891
1621 891
1621 890
1620 890
1620 889
1619 889
1619 888
1618 888
1618 887
1617 887
1617 886
1616 886
1616 881
1615 881
1615 865
1614 865
1614 864
1613 864
1613 859
1612 859
1612 858
1611 858
1611 857
1609 857
1609 856
1608 856
1608 855
1607 855
1607 854
1605 854
1605 853
1604 853
1604 849
1603 849
1603 841
1602 841
1602 824
1601 824
1601 823
1598 823
1598 822
1595 822
1595 821
1594 821
1594 820
1592 820
1592 819
1591 819
1591 818
1589 818
1589 817
1585 817
1585 816
1584 816
1584 815
1578 815
1578 801
1577 801
1577 798
1578 798
1578 796
1577 796
1577 795
1576 795
1576 792
1575 792
1575 783
1576 783
1576 773
1577 773
1577 772
1578 772
1578 773
1577 773
1577 783
1576 783
1576 792
1577 792
1577 795
1579 795
1579 798
1578 798
1578 801
1579 801
1579 814
1584 814
1584 815
1585 815
1585 816
1589 816
1589 817
1591 817
1591 818
1592 818
1592 819
1594 819
1594 820
1595 820
1595 821
1598 821
1598 822
1601 822
1601 823
1602 823
1602 824
1603 824
1603 841
1604 841
1604 849
1605 849
1605 853
1607 853
1607 854
1608 854
1608 855
1609 855
1609 856
1611 856
1611 857
1612 857
1612 858
1613 858
1613 859
1614 859
1614 864
1615 864
1615 865
1616 865
1616 881
1617 881
1617 886
1618 886
1618 887
1619 887
1619 888
1620 888
1620 889
1621 889
1621 890
1623 890
1623 891
1624 891
1624 892
1625 892
1625 893
1626 893
1626 894
1627 894
1627 895
1628 895
1628 898
1629 898
1629 901
1630 901
1630 920
1631 920
1631 922
1632 922
1632 924
1633 924
1633 926
1634 926
1634 927
1635 927
1635 928
1636 928
1636 929
1638 929
1638 930
1639 930
1639 931
1640 931
1640 932
1641 932
1641 935
1642 935
1642 940
1643 940
1643 941
1644 941
1644 943
1645 943
1645 945
1646 945
1646 946
1647 946
1647 947
1649 947
1649 948
1650 948
1650 949
1651 949
1651 951
1652 951
1652 952
1653 952
1653 953
1654 953
1654 955
1655 955
1655 959
1656 959
1656 966
1657 966
1657 968
1658 968
1658 970
1659 970
1659 971
1660 971
1660 972
1663 972
1663 973
1664 973
1664 974
1665 974
1665 975
1666 975
1666 976
1667 976
1667 977
1669 977
1669 978
1671 978
1671 979
1673 979
1673 980
1676 980
1676 981
1677 981
1677 982
1678 982
1678 984
1679 984
1679 985
1680 985
1680 987
1681 987
1681 988
1682 988
1682 989
1683 989
1683 991
1684 991
1684 994
1685 994
1685 996
1686 996
1686 998
1687 998
1687 1000
1688 1000
1688 1002
1689 1002
1689 1003
1690 1003
1690 1004
1692 1004
1692 1005
1693 1005
1693 1006
1694 1006
1694 1008
1695 1008
1695 1010
1696 1010
1696 1011
1697 1011
1697 1015
1698 1015
1698 1018
1699 1018
1699 1024
1700 1024
1700 1027
1701 1027
1701 1028
1702 1028
1702 1029
1703 1029
1703 1030
1705 1030
1705 1031
1707 1031
1707 1032
1708 1032
1708 1033
1709 1033
1709 1034
1710 1034
1710 1036
1711 1036
1711 1038
1712 1038
1712 1040
1713 1040
1713 1047
1714 1047
1714 1050
1715 1050
1715 1052
1716 1052
1716 1055
1717 1055
1717 1056
1718 1056
1718 1058
1722 1058
1722 1059
1724 1059
1724 1060
1726 1060
1726 1061
1727 1061
1727 1062
1728 1062
1728 1063
1729 1063
1729 1065
1730 1065
1730 1068
1731 1068
1731 1070
1732 1070
1732 1072
1733 1072
1733 1073
1734 1073
1734 1074
1735 1074
1735 1075
1736 1075
1736 1076
1739 1076
1739 1077
1740 1077
1740 1078
1742 1078
1742 1079
1743 1079
1743 1080
1744 1080
1744 1081
1745 1081
1745 1082
1746 1082
1746 1083
1747 1083
1747 1084
1748 1084
1748 1085
1749 1085
1749 1086
1750 1086
1750 1087
1751 1087
1751 1088
1754 1088
1754 1089
1756 1089
1756 1090
1758 1090
1758 1091
1760 1091
1760 1092
1762 1092
1762 1093
1764 1093
1764 1094
1768 1094
1768 1095
1771 1095
1771 1096
1773 1096
1773 1097
1775 1097
1775 1098
1776 1098
1776 1099
1778 1099
1778 1100
1779 1100
1779 1101
1781 1101
1781 1102
1783 1102
1783 1103
1785 1103
1785 1104
1786 1104
1786 1105
1787 1105
1787 1106
1788 1106
1788 1107
1789 1107
1789 1109
1791 1109
1791 1110
1793 1110
1793 1111
1794 1111
1794 1112
1801 1112
1801 1113
1804 1113
1804 1114
1807 1114
1807 1115
1808 1115
1808 1116
1809 1116
1809 1118
1810 1118
1810 1119
1811 1119
1811 1120
1812 1120
1812 1121
1813 1121
1813 1122
1814 1122
1814 1124
1815 1124
1815 1125
1816 1125
1816 1126
1817 1126
1817 1127
1818 1127
1818 1128
1819 1128
1819 1129
1820 1129
1820 1132
1821 1132
1821 1134
1822 1134
1822 1137
1823 1137
1823 1138
1824 1138
1824 1139
1825 1139
1825 1141
1826 1141
1826 1143
1827 1143
1827 1146
1828 1146
1828 1148
1829 1148
1829 1149
1830 1149
1830 1150
1831 1150
1831 1151
1832 1151
1832 1152
1833 1152
1833 1153
1834 1153
1834 1154
1835 1154
1835 1155
1836 1155
1836 1156
1837 1156
1837 1157
1838 1157
1838 1158
1841 1158
1841 1159
1842 1159
1842 1160
1847 1160
1847 1161
1849 1161
1849 1162
1850 1162
1850 1163
1851 1163
1851 1164
1852 1164
1852 1165
1853 1165
1853 1166
1854 1166
1854 1167
1855 1167
1855 1168
1856 1168
1856 1169
1858 1169
1858 1170
1859 1170
1859 1171
1861 1171
1861 1172
1864 1172
1864 1173
1872 1173
1872 1174
1873 1174
1873 1175
1874 1175
1874 1176
1876 1176
1876 1177
1877 1177
1877 1178
1878 1178
1878 1179
1879 1179
1879 1180
1881 1180
1881 1181
1882 1181
1882 1182
1883 1182
1883 1183
1884 1183
1884 1184
1885 1184
1885 1185
1887 1185
1887 1186
1889 1186
1889 1187
1898 1187
1898 1188
1902 1188
1902 1189
1905 1189
1905 1190
1906 1190
1906 1191
1907 1191
1907 1192
1908 1192
1908 1193
1909 1193
1909 1195
1910 1195
1910 1198
1911 1198
1911 1199
1912 1199
1912 1200
1913 1200
1913 1201
1916 1201
1916 1202
1920 1202
1920 1203
1924 1203
1924 1204
1925 1204
1925 1205
1931 1205
1931 1206
1936 1206
1936 1207
1939 1207
1939 1208
1942 1208
1942 1209
1949 1209
1949 1210
1953 1210
1953 1211
1959 1211
1959 1210
1961 1210
1961 1209
1965 1209
1965 1208
1966 1208
1966 1209
1968 1209
1968 1210
1969 1210
1969 1211
1971 1211
1971 1212
1980 1212
1980 1211
1983 1211
1983 1210
1994 1210
1994 1209
1999 1209
1999 1210
2007 1210
2007 1211
2021 1211
2021 1212
2024 1212
2024 1213
2027 1213
2027 1214
2030 1214
2030 1215
2032 1215
2032 1216
2035 1216
2035 1217
2036 1217
2036 1218
2037 1218
2037 1219
2038 1219
2038 1220
2039 1220
2039 1221
2041 1221
2041 1222
2060 1222
2060 1221
2064 1221
2064 1222
2065 1222
2065 1223
2074 1223
2074 1224
2076 1224
2076 1225
2077 1225
2077 1226
2082 1226
2082 1227
2084 1227
2084 1228
2085 1228
2085 1229
2086 1229
2086 1230
2087 1230
2087 1231
2088 1231
2088 1232
2089 1232
2089 1233
2091 1233
2091 1234
2093 1234
2093 1235
2095 1235
2095 1236
2108 1236
2108 1237
2151 1237
2151 1236
2154 1236
2154 1235
2166 1235
2166 1234
2169 1234
2169 1233
2173 1233
2173 1234
2181 1234
2181 1233
2182 1233
2182 1232
2183 1232
2183 1231
2184 1231
2184 1230
2185 1230
2185 1229
2186 1229
2186 1228
2187 1228
2187 1227
2188 1227
2188 1226
2190 1226
2190 1225
2191 1225
2191 1224
2192 1224
2192 1223
2195 1223
2195 1222
2196 1222
2196 1221
2198 1221
2198 1220
2199 1220
2199 1219
2201 1219
2201 1218
2209 1218
2209 1217
2211 1217
2211 1216
2212 1216
2212 1215
2213 1215
2213 1214
2216 1214
2216 1213
2220 1213
2220 1212
2224 1212
2224 1211
2226 1211
2226 1210
2240 1210
2240 1211
2244 1211
2244 1210
2248 1210
2248 1204
2249 1204
2249 1201
2250 1201
2250 1200
2260 1200
2260 1199
2265 1199
2265 1200
2271 1200
2271 1199
2285 1199
2285 1198
2286 1198
2286 1197
2292 1197
2292 1198
2293 1198
2293 1199
2294 1199
2294 1200
2295 1200
2295 1201
2296 1201
2296 1202
2298 1202
2298 1203
2299 1203
2299 1202
2306 1202
2306 1203
2307 1203
