2497 650
2496 650
2496 651
2494 651
2494 652
2492 652
2492 653
2485 653
2485 654
2484 654
2484 655
2483 655
2483 656
2473 656
2473 657
2472 657
2472 658
2470 658
2470 659
2465 659
2465 658
2458 658
2458 659
2447 659
2447 660
2446 660
2446 659
2437 659
2437 660
2436 660
2436 661
2435 661
2435 662
2434 662
2434 663
2428 663
2428 662
2426 662
2426 663
2425 663
2425 664
2424 664
2424 665
2422 665
2422 666
2411 666
2411 667
2385 667
2385 666
2381 666
2381 665
2372 665
2372 664
2370 664
2370 663
2368 663
2368 662
2362 662
2362 663
2355 663
2355 664
2351 664
2351 665
2348 665
2348 664
2339 664
2339 663
2334 663
2334 662
2332 662
2332 661
2326 661
2326 660
2324 660
2324 659
2323 659
2323 658
2322 658
2322 656
2321 656
2321 653
2320 653
2320 651
2319 651
2319 650
2318 650
2318 649
2316 649
2316 648
2296 648
2296 649
2295 649
2295 650
2293 650
2293 651
2289 651
2289 652
2288 652
2288 651
2285 651
2285 650
2283 650
2283 651
2281 651
2281 652
2280 652
2280 653
2276 653
2276 654
2275 654
2275 653
2271 653
2271 652
2268 652
2268 651
2260 651
2260 650
2258 650
2258 651
2256 651
2256 652
2255 652
2255 653
2254 653
2254 654
2252 654
2252 655
2239 655
2239 654
2238 654
2238 653
2236 653
2236 652
2235 652
2235 651
2233 651
2233 650
2231 650
2231 649
2230 649
2230 648
2229 648
2229 647
2223 647
2223 646
2221 646
2221 645
2216 645
2216 646
2215 646
2215 647
2214 647
2214 648
2205 648
2205 647
2195 647
2195 648
2192 648
2192 649
2191 649
2191 650
2190 650
2190 651
2189 651
2189 652
2187 652
2187 653
2185 653
2185 654
2179 654
2179 653
2177 653
2177 654
2168 654
2168 653
2162 653
2162 652
2159 652
2159 651
2157 651
2157 650
2155 650
2155 649
2150 649
2150 650
2139 650
2139 651
2134 651
2134 652
2133 652
2133 653
2128 653
2128 654
2123 654
2123 655
2120 655
2120 654
2100 654
2100 655
2099 655
2099 654
2096 654
2096 653
2095 653
2095 652
2094 652
2094 651
2092 651
2092 650
2091 650
2091 649
2089 649
2089 648
2087 648
2087 647
2085 647
2085 646
2083 646
2083 645
2078 645
2078 644
2071 644
2071 643
2067 643
2067 642
2065 642
2065 641
2063 641
2063 640
2062 640
2062 639
2061 639
2061 637
2060 637
2060 636
2059 636
2059 634
2058 634
2058 633
2057 633
2057 632
2055 632
2055 631
2053 631
2053 630
2052 630
2052 629
2051 629
2051 628
2050 628
2050 627
2049 627
2049 625
2048 625
2048 623
2047 623
2047 622
2046 622
2046 621
2045 621
2045 620
2039 620
2039 619
2034 619
2034 618
2027 618
2027 617
2025 617
2025 616
2020 616
2020 615
2018 615
2018 614
2016 614
2016 613
2013 613
2013 612
2012 612
2012 611
2010 611
2010 610
2009 610
2009 609
2008 609
2008 608
2007 608
2007 607
2006 607
2006 606
2005 606
2005 605
2004 605
2004 604
2003 604
2003 603
2001 603
2001 602
2000 602
2000 601
1998 601
1998 600
1997 600
1997 599
1996 599
1996 597
1995 597
1995 596
1994 596
1994 594
1993 594
1993 593
1991 593
1991 592
1988 592
1988 591
1983 591
1983 590
1978 590
1978 589
1977 589
1977 588
1975 588
1975 587
1974 587
1974 586
1971 586
1971 585
1947 585
1947 586
1942 586
1942 587
1935 587
1935 585
1933 585
1933 584
1928 584
1928 582
1927 582
1927 581
1920 581
1920 580
1916 580
1916 579
1914 579
1914 578
1913 578
1913 577
1912 577
1912 576
1908 576
1908 575
1903 575
1903 574
1896 574
1896 573
1890 573
1890 572
1888 572
1888 571
1886 571
1886 570
1883 570
1883 569
1877 569
1877 568
1876 568
1876 569
1871 569
1871 568
1868 568
1868 567
1867 567
1867 566
1866 566
1866 565
1865 565
1865 564
1863 564
1863 563
1862 563
1862 562
1859 562
1859 561
1850 561
1850 560
1847 560
1847 559
1843 559
1843 558
1842 558
1842 557
1840 557
1840 556
1835 556
1835 555
1830 555
1830 554
1823 554
1823 555
1816 555
1816 554
1808 554
1808 553
1804 553
1804 554
1798 554
1798 553
1791 553
1791 552
1790 552
1790 551
1789 551
1789 550
1788 550
1788 549
1786 549
1786 548
1785 548
1785 547
1783 547
1783 546
1782 546
1782 545
1781 545
1781 544
1780 544
1780 543
1779 543
1779 542
1778 542
1778 539
1777 539
1777 538
1776 538
1776 537
1775 537
1775 536
1774 536
1774 535
1772 535
1772 534
1768 534
1768 533
1766 533
1766 532
1764 532
1764 531
1763 531
1763 530
1762 530
1762 529
1760 529
1760 528
1759 528
1759 527
1756 527
1756 526
1749 526
1749 525
1747 525
1747 524
1745 524
1745 523
1744 523
1744 522
1740 522
1740 521
1734 521
1734 520
1731 520
1731 519
1730 519
1730 518
1729 518
1729 517
1728 517
1728 516
1727 516
1727 514
1726 514
1726 513
1725 513
1725 510
1724 510
1724 508
1717 508
1717 507
1707 507
1707 506
1699 506
1699 505
1695 505
1695 504
1687 504
1687 503
1671 503
1671 502
1667 502
1667 501
1666 501
1666 500
1665 500
1665 497
1664 497
1664 494
1663 494
1663 489
1662 489
1662 487
1661 487
1661 486
1660 486
1660 484
1659 484
1659 483
1658 483
1658 482
1657 482
1657 481
1656 481
1656 480
1655 480
1655 479
1654 479
1654 478
1652 478
1652 477
1651 477
1651 476
1650 476
1650 475
1649 475
1649 474
1648 474
1648 473
1647 473
1647 472
1646 472
1646 471
1645 471
1645 470
1644 470
1644 469
1643 469
1643 468
1641 468
1641 467
1640 467
1640 466
1639 466
1639 464
1638 464
1638 462
1637 462
1637 459
1636 459
1636 456
1635 456
1635 454
1634 454
1634 452
1633 452
1633 448
1632 448
1632 445
1631 445
1631 444
1630 444
1630 443
1629 443
1629 442
1627 442
1627 441
1625 441
1625 440
1623 440
1623 439
1620 439
1620 438
1616 438
1616 437
1614 437
1614 436
1610 436
1610 435
1608 435
1608 434
1606 434
1606 433
1602 433
1602 432
1601 432
1601 431
1600 431
1600 430
1598 430
1598 429
1597 429
1597 428
1596 428
1596 427
1595 427
1595 426
1593 426
1593 425
1591 425
1591 424
1590 424
1590 423
1589 423
1589 422
1588 422
1588 421
1586 421
1586 420
1585 420
1585 419
1584 419
1584 417
1583 417
1583 415
1582 415
1582 413
1581 413
1581 411
1580 411
1580 410
1579 410
1579 408
1578 408
1578 403
1577 403
1577 402
1576 402
1576 400
1575 400
1575 398
1574 398
1574 395
1573 395
1573 393
1572 393
1572 392
1571 392
1571 391
1569 391
1569 390
1566 390
1566 387
1565 387
1565 386
1564 386
1564 385
1563 385
1563 384
1560 384
1560 383
1556 383
1556 382
1555 382
1555 380
1554 380
1554 379
1553 379
1553 378
1552 378
1552 377
1551 377
1551 376
1550 376
1550 375
1549 375
1549 373
1548 373
1548 370
1547 370
1547 369
1546 369
1546 368
1545 368
1545 367
1544 367
1544 366
1543 366
1543 364
1542 364
1542 362
1543 362
1543 364
1544 364
1544 366
1545 366
1545 367
1546 367
1546 368
1547 368
1547 369
1548 369
1548 370
1549 370
1549 373
1550 373
1550 375
1551 375
1551 376
1552 376
1552 377
1553 377
1553 378
1554 378
1554 379
1555 379
1555 380
1556 380
1556 382
1560 382
1560 383
1563 383
1563 384
1564 384
1564 385
1565 385
1565 386
1566 386
1566 387
1567 387
1567 389
1569 389
1569 390
1571 390
1571 391
1572 391
1572 392
1573 392
1573 393
1574 393
1574 395
1575 395
1575 398
1576 398
1576 400
1577 400
1577 402
1578 402
1578 403
1579 403
1579 408
1580 408
1580 410
1581 410
1581 411
1582 411
1582 413
1583 413
1583 415
1584 415
1584 417
1585 417
1585 419
1586 419
1586 420
1588 420
1588 421
1589 421
1589 422
1590 422
1590 423
1591 423
1591 424
1593 424
1593 425
1595 425
1595 426
1596 426
1596 427
1597 427
1597 428
1598 428
1598 429
1600 429
1600 430
1601 430
1601 431
1602 431
1602 432
1606 432
1606 433
1608 433
1608 434
1610 434
1610 435
1614 435
1614 436
1616 436
1616 437
1620 437
1620 438
1623 438
1623 439
1625 439
1625 440
1627 440
1627 441
1629 441
1629 442
1630 442
1630 443
1631 443
1631 444
1632 444
1632 445
1633 445
1633 448
1634 448
1634 452
1635 452
1635 454
1636 454
1636 456
1637 456
1637 459
1638 459
1638 462
1639 462
1639 464
1640 464
1640 466
1641 466
1641 467
1643 467
1643 468
1644 468
1644 469
1645 469
1645 470
1646 470
1646 471
1647 471
1647 472
1648 472
1648 473
1649 473
1649 474
1650 474
1650 475
1651 475
1651 476
1652 476
1652 477
1654 477
1654 478
1655 478
1655 479
1656 479
1656 480
1657 480
1657 481
1658 481
1658 482
1659 482
1659 483
1660 483
1660 484
1661 484
1661 486
1662 486
1662 487
1663 487
1663 489
1664 489
1664 494
1665 494
1665 497
1666 497
1666 500
1667 500
1667 501
1671 501
1671 502
1687 502
1687 503
1695 503
1695 504
1699 504
1699 505
1707 505
1707 506
1717 506
1717 507
1724 507
1724 508
1725 508
1725 510
1726 510
1726 513
1727 513
1727 514
1728 514
1728 516
1729 516
1729 517
1730 517
1730 518
1731 518
1731 519
1734 519
1734 520
1740 520
1740 521
1744 521
1744 522
1745 522
1745 523
1747 523
1747 524
1749 524
1749 525
1756 525
1756 526
1759 526
1759 527
1760 527
1760 528
1762 528
1762 529
1763 529
1763 530
1764 530
1764 531
1766 531
1766 532
1768 532
1768 533
1772 533
1772 534
1774 534
1774 535
1775 535
1775 536
1776 536
1776 537
1777 537
1777 538
1778 538
1778 539
1779 539
1779 542
1780 542
1780 543
1781 543
1781 544
1782 544
1782 545
1783 545
1783 546
1785 546
1785 547
1786 547
1786 548
1788 548
1788 549
1789 549
1789 550
1790 550
1790 551
1791 551
1791 552
1798 552
1798 553
1804 553
1804 552
1808 552
1808 553
1816 553
1816 554
1823 554
1823 553
1830 553
1830 554
1835 554
1835 555
1840 555
1840 556
1842 556
1842 557
1843 557
1843 558
1847 558
1847 559
1850 559
1850 560
1859 560
1859 561
1862 561
1862 562
1863 562
1863 563
1865 563
1865 564
1866 564
1866 565
1867 565
1867 566
1868 566
1868 567
1871 567
1871 568
1876 568
1876 567
1877 567
1877 568
1883 568
1883 569
1886 569
1886 570
1888 570
1888 571
1890 571
1890 572
1896 572
1896 573
1903 573
1903 574
1908 574
1908 575
1912 575
1912 576
1913 576
1913 577
1914 577
1914 578
1916 578
1916 579
1920 579
1920 580
1927 580
1927 581
1928 581
1928 582
1929 582
1929 583
1933 583
1933 584
1935 584
1935 585
1936 585
1936 586
1942 586
1942 585
1947 585
1947 584
1971 584
1971 585
1974 585
1974 586
1975 586
1975 587
1977 587
1977 588
1978 588
1978 589
1983 589
1983 590
1988 590
1988 591
1991 591
1991 592
1993 592
1993 593
1994 593
1994 594
1995 594
1995 596
1996 596
1996 597
1997 597
1997 599
1998 599
1998 600
2000 600
2000 601
2001 601
2001 602
2003 602
2003 603
2004 603
2004 604
2005 604
2005 605
2006 605
2006 606
2007 606
2007 607
2008 607
2008 608
2009 608
2009 609
2010 609
2010 610
2012 610
2012 611
2013 611
2013 612
2016 612
2016 613
2018 613
2018 614
2020 614
2020 615
2025 615
2025 616
2027 616
2027 617
2034 617
2034 618
2039 618
2039 619
2045 619
2045 620
2046 620
2046 621
2047 621
2047 622
2048 622
2048 623
2049 623
2049 625
2050 625
2050 627
2051 627
2051 628
2052 628
2052 629
2053 629
2053 630
2055 630
2055 631
2057 631
2057 632
2058 632
2058 633
2059 633
2059 634
2060 634
2060 636
2061 636
2061 637
2062 637
2062 639
2063 639
2063 640
2065 640
2065 641
2067 641
2067 642
2071 642
2071 643
2078 643
2078 644
2083 644
2083 645
2085 645
2085 646
2087 646
2087 647
2089 647
2089 648
2091 648
2091 649
2092 649
2092 650
2094 650
2094 651
2095 651
2095 652
2096 652
2096 653
2099 653
2099 654
2100 654
2100 653
2120 653
2120 654
2123 654
2123 653
2128 653
2128 652
2133 652
2133 651
2134 651
2134 650
2139 650
2139 649
2150 649
2150 648
2155 648
2155 649
2157 649
2157 650
2159 650
2159 651
2162 651
2162 652
2168 652
2168 653
2177 653
2177 652
2179 652
2179 653
2185 653
2185 652
2187 652
2187 651
2189 651
2189 650
2190 650
2190 649
2191 649
2191 648
2192 648
2192 647
2195 647
2195 646
2205 646
2205 647
2214 647
2214 646
2215 646
2215 645
2216 645
2216 644
2221 644
2221 645
2223 645
2223 646
2229 646
2229 647
2230 647
2230 648
2231 648
2231 649
2233 649
2233 650
2235 650
2235 651
2236 651
2236 652
2238 652
2238 653
2239 653
2239 654
2252 654
2252 653
2254 653
2254 652
2255 652
2255 651
2256 651
2256 650
2258 650
2258 649
2260 649
2260 650
2268 650
2268 651
2271 651
2271 652
2275 652
2275 653
2276 653
2276 652
2280 652
2280 651
2281 651
2281 650
2283 650
2283 649
2285 649
2285 650
2288 650
2288 651
2289 651
2289 650
2293 650
2293 649
2295 649
2295 648
2296 648
2296 647
2316 647
2316 648
2318 648
2318 649
2319 649
2319 650
2320 650
2320 651
2321 651
2321 653
2322 653
2322 656
2323 656
2323 658
2324 658
2324 659
2326 659
2326 660
2332 660
2332 661
2334 661
2334 662
2339 662
2339 663
2348 663
2348 664
2351 664
2351 663
2355 663
2355 662
2362 662
2362 661
2368 661
2368 662
2370 662
2370 663
2372 663
2372 664
2381 664
2381 665
2385 665
2385 666
2411 666
2411 665
2422 665
2422 664
2424 664
2424 663
2425 663
2425 662
2426 662
2426 661
2428 661
2428 662
2434 662
2434 661
2435 661
2435 660
2436 660
2436 659
2437 659
2437 658
2446 658
2446 659
2447 659
2447 658
2458 658
2458 657
2465 657
2465 658
2470 658
2470 657
2472 657
2472 656
2473 656
2473 655
2483 655
2483 654
2484 654
2484 653
2485 653
2485 652
2492 652
2492 651
2494 651
2494 650
2496 650
2496 649
2497 649
2497 648
2499 648
2499 647
2500 647
2500 645
2501 645
2501 644
2502 644
2502 643
2503 643
2503 642
2504 642
2504 641
2505 641
2505 640
2507 640
2507 639
2514 639
2514 640
2517 640
2517 639
2520 639
2520 638
2531 638
2531 637
2533 637
2533 635
2534 635
2534 634
2535 634
2535 633
2536 633
2536 632
2537 632
2537 631
2538 631
2538 630
2539 630
2539 629
2542 629
2542 628
2545 628
2545 627
2546 627
2546 626
2547 626
2547 625
2549 625
2549 624
2550 624
2550 623
2556 623
2556 622
2557 622
2557 621
2559 621
2559 620
2560 620
2560 619
2562 619
2562 618
2569 618
2569 617
2570 617
2570 616
2571 616
2571 615
2574 615
2574 614
2575 614
2575 615
2582 615
2582 614
2583 614
2583 613
2584 613
2584 612
2585 612
2585 611
2586 611
2586 609
2587 609
2587 608
2588 608
2588 606
2589 606
2589 605
2590 605
2590 604
2591 604
2591 603
2592 603
2592 602
2594 602
2594 601
2595 601
2595 600
2596 600
2596 599
2597 599
2597 598
2598 598
2598 597
2599 597
2599 596
2600 596
2600 595
2601 595
2601 594
2602 594
2602 593
2605 593
2605 592
2607 592
2607 591
2609 591
2609 590
2610 590
2610 589
2611 589
2611 588
2613 588
2613 586
2614 586
2614 585
2615 585
2615 584
2617 584
2617 583
2620 583
2620 582
2621 582
2621 581
2622 581
2622 580
2623 580
2623 579
2625 579
2625 578
2633 578
2633 577
2634 577
2634 576
2636 576
2636 575
2645 575
2645 574
2647 574
2647 573
2648 573
2648 572
2649 572
2649 571
2651 571
2651 570
2657 570
2657 569
2658 569
2658 568
2670 568
2670 567
2671 567
2671 566
2672 566
2672 565
2673 565
2673 564
2674 564
2674 563
2675 563
2675 561
2676 561
2676 560
2677 560
2677 559
2678 559
2678 558
2679 558
2679 557
2681 557
2681 556
2686 556
2686 557
2691 557
2691 556
2695 556
2695 555
2696 555
2696 554
2697 554
2697 553
2698 553
2698 552
2699 552
2699 551
2700 551
2700 550
2707 550
2707 549
2708 549
2708 548
2709 548
2709 547
2718 547
2718 546
2720 546
2720 545
2722 545
2722 544
2723 544
2723 542
2724 542
2724 541
2725 541
2725 540
2726 540
2726 539
2727 539
2727 538
2729 538
2729 537
2733 537
2733 536
2734 536
2734 535
2735 535
2735 534
2736 534
2736 533
2746 533
2746 532
2750 532
2750 533
2753 533
2753 532
2755 532
2755 531
2756 531
2756 530
2758 530
2758 529
2759 529
2759 528
2760 528
2760 527
2761 527
2761 525
2762 525
2762 523
2763 523
2763 522
2765 522
2765 521
2768 521
2768 520
2769 520
2769 519
2771 519
2771 518
2773 518
2773 516
2774 516
2774 515
2775 515
2775 514
2776 514
2776 513
2780 513
2780 512
2782 512
2782 511
2783 511
2783 510
2785 510
2785 509
2786 509
2786 508
2787 508
2787 507
2789 507
2789 506
2791 506
2791 505
2792 505
2792 504
2794 504
2794 503
2795 503
2795 502
2797 502
2797 501
2798 501
2798 497
2799 497
2799 495
2800 495
2800 491
2801 491
2801 489
2802 489
2802 487
2803 487
2803 486
2804 486
2804 485
2805 485
2805 484
2806 484
2806 483
2807 483
2807 481
2808 481
2808 480
2809 480
2809 479
2810 479
2810 478
2811 478
2811 476
2812 476
2812 475
2813 475
2813 471
2814 471
2814 470
2813 470
2813 464
2814 464
2814 462
2815 462
2815 461
2816 461
2816 460
2817 460
2817 459
2818 459
2818 458
2820 458
2820 457
2821 457
2821 456
2823 456
2823 455
2824 455
2824 453
2825 453
2825 452
2826 452
2826 451
2827 451
2827 450
2830 450
2830 449
2832 449
2832 448
2833 448
2833 447
2834 447
2834 446
2835 446
2835 445
2838 445
2838 444
2842 444
2842 445
2838 445
2838 446
2835 446
2835 447
2834 447
2834 448
2833 448
2833 449
2832 449
2832 450
2830 450
2830 451
2827 451
2827 452
2826 452
2826 453
2825 453
2825 455
2824 455
2824 456
2823 456
2823 457
2821 457
2821 458
2820 458
2820 459
2818 459
2818 460
2817 460
2817 461
2816 461
2816 462
2815 462
2815 464
2814 464
2814 470
2815 470
2815 471
2814 471
2814 475
2813 475
2813 476
2812 476
2812 478
2811 478
2811 479
2810 479
2810 480
2809 480
2809 481
2808 481
2808 483
2807 483
2807 484
2806 484
2806 485
2805 485
2805 486
2804 486
2804 487
2803 487
2803 489
2802 489
2802 491
2801 491
2801 495
2800 495
2800 497
2799 497
2799 501
2798 501
2798 502
2797 502
2797 503
2795 503
2795 504
2794 504
2794 505
2792 505
2792 506
2791 506
2791 507
2789 507
2789 508
2787 508
2787 509
2786 509
2786 510
2785 510
2785 511
2783 511
2783 512
2782 512
2782 513
2780 513
2780 514
2776 514
2776 515
2775 515
2775 516
2774 516
2774 518
2773 518
2773 519
2771 519
2771 520
2769 520
2769 521
2768 521
2768 522
2765 522
2765 523
2763 523
2763 525
2762 525
2762 527
2761 527
2761 528
2760 528
2760 529
2759 529
2759 530
2758 530
2758 531
2756 531
2756 532
2755 532
2755 533
2753 533
2753 534
2750 534
2750 533
2746 533
2746 534
2736 534
2736 535
2735 535
2735 536
2734 536
2734 537
2733 537
2733 538
2729 538
2729 539
2727 539
2727 540
2726 540
2726 541
2725 541
2725 542
2724 542
2724 544
2723 544
2723 545
2722 545
2722 546
2720 546
2720 547
2718 547
2718 548
2709 548
2709 549
2708 549
2708 550
2707 550
2707 551
2700 551
2700 552
2699 552
2699 553
2698 553
2698 554
2697 554
2697 555
2696 555
2696 556
2695 556
2695 557
2691 557
2691 558
2686 558
2686 557
2681 557
2681 558
2679 558
2679 559
2678 559
2678 560
2677 560
2677 561
2676 561
2676 563
2675 563
2675 564
2674 564
2674 565
2673 565
2673 566
2672 566
2672 567
2671 567
2671 568
2670 568
2670 569
2658 569
2658 570
2657 570
2657 571
2651 571
2651 572
2649 572
2649 573
2648 573
2648 574
2647 574
2647 575
2645 575
2645 576
2636 576
2636 577
2634 577
2634 578
2633 578
2633 579
2625 579
2625 580
2623 580
2623 581
2622 581
2622 582
2621 582
2621 583
2620 583
2620 584
2617 584
2617 585
2615 585
2615 586
2614 586
2614 588
2613 588
2613 589
2611 589
2611 590
2610 590
2610 591
2609 591
2609 592
2607 592
2607 593
2605 593
2605 594
2602 594
2602 595
2601 595
2601 596
2600 596
2600 597
2599 597
2599 598
2598 598
2598 599
2597 599
2597 600
2596 600
2596 601
2595 601
2595 602
2594 602
2594 603
2592 603
2592 604
2591 604
2591 605
2590 605
2590 606
2589 606
2589 608
2588 608
2588 609
2587 609
2587 611
2586 611
2586 612
2585 612
2585 613
2584 613
2584 614
2583 614
2583 615
2582 615
2582 616
2575 616
2575 615
2574 615
2574 616
2571 616
2571 617
2570 617
2570 618
2569 618
2569 619
2562 619
2562 620
2560 620
2560 621
2559 621
2559 622
2557 622
2557 623
2556 623
2556 624
2550 624
2550 625
2549 625
2549 626
2547 626
2547 627
2546 627
2546 628
2545 628
2545 629
2542 629
2542 630
2539 630
2539 631
2538 631
2538 632
2537 632
2537 633
2536 633
2536 634
2535 634
2535 635
2534 635
2534 637
2533 637
2533 638
2531 638
2531 639
2520 639
2520 640
2517 640
2517 641
2514 641
2514 640
2507 640
2507 641
2505 641
2505 642
2504 642
2504 643
2503 643
2503 644
2502 644
2502 645
2501 645
2501 647
2500 647
2500 648
2499 648
2499 649
2497 649
