3127 558
3125 558
3125 559
3124 559
3124 560
3122 560
3122 561
3121 561
3121 562
3120 562
3120 563
3119 563
3119 564
3117 564
3117 565
3116 565
3116 566
3114 566
3114 567
3112 567
3112 568
3110 568
3110 569
3109 569
3109 570
3108 570
3108 572
3107 572
3107 574
3106 574
3106 577
3105 577
3105 578
3104 578
3104 580
3103 580
3103 581
3102 581
3102 582
3101 582
3101 583
3100 583
3100 584
3099 584
3099 585
3098 585
3098 586
3097 586
3097 587
3096 587
3096 588
3094 588
3094 589
3092 589
3092 590
3091 590
3091 591
3089 591
3089 592
3087 592
3087 593
3086 593
3086 594
3085 594
3085 595
3084 595
3084 596
3083 596
3083 597
3081 597
3081 598
3080 598
3080 599
3079 599
3079 602
3078 602
3078 603
3077 603
3077 604
3076 604
3076 605
3075 605
3075 606
3074 606
3074 607
3073 607
3073 608
3072 608
3072 609
3070 609
3070 610
3068 610
3068 611
3066 611
3066 612
3065 612
3065 613
3064 613
3064 614
3062 614
3062 615
3060 615
3060 616
3059 616
3059 617
3058 617
3058 618
3057 618
3057 619
3055 619
3055 620
3053 620
3053 621
3052 621
3052 622
3050 622
3050 623
3048 623
3048 624
3047 624
3047 625
3046 625
3046 627
3045 627
3045 629
3044 629
3044 630
3043 630
3043 631
3041 631
3041 632
3040 632
3040 633
3039 633
3039 634
3036 634
3036 635
3032 635
3032 636
3031 636
3031 635
3029 635
3029 634
3023 634
3023 635
3022 635
3022 641
3023 641
3023 642
3022 642
3022 647
3021 647
3021 649
3020 649
3020 650
3019 650
3019 651
3017 651
3017 652
3015 652
3015 653
3014 653
3014 654
3012 654
3012 655
3010 655
3010 656
3009 656
3009 657
3007 657
3007 658
3006 658
3006 659
3003 659
3003 660
3002 660
3002 661
2996 661
2996 662
2991 662
2991 663
2990 663
2990 664
2989 664
2989 665
2986 665
2986 666
2984 666
2984 667
2983 667
2983 668
2982 668
2982 669
2979 669
2979 670
2977 670
2977 671
2975 671
2975 672
2972 672
2972 673
2970 673
2970 674
2969 674
2969 675
2965 675
2965 676
2955 676
2955 677
2952 677
2952 678
2950 678
2950 679
2948 679
2948 680
2945 680
2945 681
2943 681
2943 682
2941 682
2941 683
2940 683
2940 684
2939 684
2939 685
2937 685
2937 686
2936 686
2936 687
2922 687
2922 688
2920 688
2920 687
2918 687
2918 686
2917 686
2917 685
2912 685
2912 684
2908 684
2908 685
2905 685
2905 686
2904 686
2904 687
2902 687
2902 688
2901 688
2901 689
2899 689
2899 690
2898 690
2898 691
2895 691
2895 692
2889 692
2889 693
2888 693
2888 694
2886 694
2886 695
2885 695
2885 696
2884 696
2884 697
2882 697
2882 698
2879 698
2879 699
2878 699
2878 700
2877 700
2877 702
2876 702
2876 703
2875 703
2875 704
2874 704
2874 705
2873 705
2873 706
2868 706
2868 707
2865 707
2865 708
2863 708
2863 709
2861 709
2861 710
2859 710
2859 711
2856 711
2856 712
2854 712
2854 713
2852 713
2852 714
2851 714
2851 715
2850 715
2850 716
2849 716
2849 717
2848 717
2848 718
2846 718
2846 719
2845 719
2845 720
2844 720
2844 721
2843 721
2843 722
2838 722
2838 723
2834 723
2834 724
2833 724
2833 725
2832 725
2832 726
2831 726
2831 727
2829 727
2829 728
2828 728
2828 729
2822 729
2822 730
2820 730
2820 731
2819 731
2819 732
2817 732
2817 733
2813 733
2813 734
2809 734
2809 735
2807 735
2807 736
2806 736
2806 737
2800 737
2800 738
2799 738
2799 739
2798 739
2798 740
2796 740
2796 741
2792 741
2792 742
2787 742
2787 744
2777 744
2777 745
2774 745
2774 746
2773 746
2773 747
2772 747
2772 751
2771 751
2771 753
2770 753
2770 754
2769 754
2769 755
2763 755
2763 754
2761 754
2761 755
2754 755
2754 757
2753 757
2753 758
2751 758
2751 759
2749 759
2749 760
2748 760
2748 761
2745 761
2745 762
2743 762
2743 763
2741 763
2741 764
2735 764
2735 765
2732 765
2732 766
2731 766
2731 767
2728 767
2728 768
2726 768
2726 769
2721 769
2721 770
2718 770
2718 771
2715 771
2715 772
2707 772
2707 773
2706 773
2706 774
2702 774
2702 775
2692 775
2692 776
2691 776
2691 777
2685 777
2685 778
2676 778
2676 779
2666 779
2666 778
2657 778
2657 779
2652 779
2652 780
2650 780
2650 779
2642 779
2642 780
2640 780
2640 781
2639 781
2639 782
2637 782
2637 783
2635 783
2635 784
2634 784
2634 785
2633 785
2633 787
2632 787
2632 788
2631 788
2631 790
2630 790
2630 791
2628 791
2628 792
2625 792
2625 793
2623 793
2623 794
2621 794
2621 795
2619 795
2619 796
2612 796
2612 797
2610 797
2610 798
2608 798
2608 799
2606 799
2606 800
2604 800
2604 801
2602 801
2602 802
2594 802
2594 803
2573 803
2573 802
2571 802
2571 801
2557 801
2557 800
2553 800
2553 801
2535 801
2535 807
2534 807
2534 808
2533 808
2533 809
2530 809
2530 808
2528 808
2528 807
2527 807
2527 806
2526 806
2526 804
2525 804
2525 803
2524 803
2524 802
2523 802
2523 801
2522 801
2522 800
2520 800
2520 799
2519 799
2519 798
2518 798
2518 797
2517 797
2517 796
2516 796
2516 795
2512 795
2512 794
2506 794
2506 795
2502 795
2502 796
2500 796
2500 797
2497 797
2497 798
2491 798
2491 797
2483 797
2483 798
2478 798
2478 797
2458 797
2458 798
2445 798
2445 799
2442 799
2442 800
2440 800
2440 801
2439 801
2439 802
2438 802
2438 803
2437 803
2437 804
2435 804
2435 805
2433 805
2433 806
2431 806
2431 807
2430 807
2430 808
2428 808
2428 809
2423 809
2423 810
2421 810
2421 811
2420 811
2420 812
2418 812
2418 813
2415 813
2415 814
2412 814
2412 815
2410 815
2410 816
2409 816
2409 819
2408 819
2408 820
2407 820
2407 821
2406 821
2406 822
2403 822
2403 823
2400 823
2400 824
2395 824
2395 823
2391 823
2391 822
2390 822
2390 821
2389 821
2389 820
2386 820
2386 819
2385 819
2385 818
2383 818
2383 817
2382 817
2382 816
2381 816
2381 815
2380 815
2380 812
2379 812
2379 805
2378 805
2378 801
2374 801
2374 800
2371 800
2371 799
2363 799
2363 800
2360 800
2360 799
2355 799
2355 798
2352 798
2352 797
2346 797
2346 796
2345 796
2345 795
2343 795
2343 794
2342 794
2342 793
2341 793
2341 792
2340 792
2340 791
2339 791
2339 790
2338 790
2338 789
2335 789
2335 788
2331 788
2331 787
2320 787
2320 786
2312 786
2312 785
2301 785
2301 784
2296 784
2296 783
2294 783
2294 782
2292 782
2292 781
2288 781
2288 780
2285 780
2285 779
2280 779
2280 778
2277 778
2277 777
2271 777
2271 776
2269 776
2269 775
2265 775
2265 774
2263 774
2263 773
2261 773
2261 772
2259 772
2259 771
2257 771
2257 770
2255 770
2255 769
2253 769
2253 768
2252 768
2252 767
2249 767
2249 766
2241 766
2241 767
2240 767
2240 766
2236 766
2236 765
2234 765
2234 764
2230 764
2230 763
2224 763
2224 762
2223 762
2223 761
2220 761
2220 760
2217 760
2217 759
2204 759
2204 758
2187 758
2187 759
2177 759
2177 760
2174 760
2174 759
2167 759
2167 760
2166 760
2166 761
2163 761
2163 762
2159 762
2159 760
2158 760
2158 759
2156 759
2156 758
2152 758
2152 757
2149 757
2149 756
2144 756
2144 755
2136 755
2136 754
2132 754
2132 753
2131 753
2131 752
2119 752
2119 751
2109 751
2109 750
2107 750
2107 749
2105 749
2105 748
2101 748
2101 747
2099 747
2099 746
2098 746
2098 745
2096 745
2096 744
2095 744
2095 743
2092 743
2092 742
2082 742
2082 741
2077 741
2077 740
2075 740
2075 739
2072 739
2072 738
2070 738
2070 737
2065 737
2065 736
2017 736
2017 735
2007 735
2007 734
1999 734
1999 733
1990 733
1990 734
1986 734
1986 733
1982 733
1982 732
1980 732
1980 731
1977 731
1977 730
1974 730
1974 729
1973 729
1973 728
1972 728
1972 726
1971 726
1971 725
1970 725
1970 724
1969 724
1969 723
1967 723
1967 722
1965 722
1965 721
1961 721
1961 720
1950 720
1950 719
1947 719
1947 718
1945 718
1945 717
1929 717
1929 718
1927 718
1927 717
1910 717
1910 716
1902 716
1902 717
1900 717
1900 716
1897 716
1897 717
1883 717
1883 718
1879 718
1879 719
1875 719
1875 718
1869 718
1869 717
1863 717
1863 716
1862 716
1862 715
1855 715
1855 714
1851 714
1851 713
1850 713
1850 712
1843 712
1843 711
1839 711
1839 710
1822 710
1822 711
1811 711
1811 710
1806 710
1806 709
1798 709
1798 708
1795 708
1795 707
1793 707
1793 706
1792 706
1792 705
1789 705
1789 704
1783 704
1783 703
1781 703
1781 702
1780 702
1780 701
1779 701
1779 700
1777 700
1777 699
1775 699
1775 698
1774 698
1774 697
1772 697
1772 696
1770 696
1770 695
1765 695
1765 694
1763 694
1763 693
1748 693
1748 692
1744 692
1744 691
1742 691
1742 690
1741 690
1741 689
1739 689
1739 688
1738 688
1738 687
1733 687
1733 686
1730 686
1730 685
1728 685
1728 684
1727 684
1727 683
1726 683
1726 682
1725 682
1725 681
1722 681
1722 680
1720 680
1720 679
1718 679
1718 678
1716 678
1716 677
1713 677
1713 676
1712 676
1712 675
1709 675
1709 674
1705 674
1705 673
1703 673
1703 672
1696 672
1696 671
1693 671
1693 670
1691 670
1691 669
1689 669
1689 668
1686 668
1686 667
1684 667
1684 666
1679 666
1679 665
1678 665
1678 664
1677 664
1677 663
1676 663
1676 662
1672 662
1672 661
1669 661
1669 660
1667 660
1667 659
1661 659
1661 658
1657 658
1657 657
1654 657
1654 656
1651 656
1651 655
1648 655
1648 654
1644 654
1644 653
1642 653
1642 652
1639 652
1639 651
1638 651
1638 650
1636 650
1636 649
1632 649
1632 648
1630 648
1630 647
1628 647
1628 646
1624 646
1624 645
1620 645
1620 644
1617 644
1617 643
1615 643
1615 642
1613 642
1613 641
1612 641
1612 640
1611 640
1611 638
1610 638
1610 637
1608 637
1608 636
1607 636
1607 635
1604 635
1604 634
1603 634
1603 633
1601 633
1601 632
1600 632
1600 631
1598 631
1598 630
1596 630
1596 629
1595 629
1595 628
1591 628
1591 627
1588 627
1588 626
1567 626
1567 625
1566 625
1566 624
1564 624
1564 623
1562 623
1562 622
1561 622
1561 621
1560 621
1560 620
1559 620
1559 619
1558 619
1558 616
1557 616
1557 615
1556 615
1556 608
1555 608
1555 605
1554 605
1554 604
1552 604
1552 603
1551 603
1551 602
1550 602
1550 601
1549 601
1549 600
1546 600
1546 599
1537 599
1537 597
1536 597
1536 595
1535 595
1535 594
1534 594
1534 593
1532 593
1532 592
1529 592
1529 591
1526 591
1526 590
1524 590
1524 589
1523 589
1523 588
1522 588
1522 586
1521 586
1521 585
1520 585
1520 583
1519 583
1519 582
1517 582
1517 581
1514 581
1514 580
1512 580
1512 579
1510 579
1510 578
1509 578
1509 577
1508 577
1508 576
1507 576
1507 575
1493 575
1493 574
1490 574
1490 573
1488 573
1488 572
1486 572
1486 571
1485 571
1485 570
1484 570
1484 569
1482 569
1482 568
1479 568
1479 567
1477 567
1477 566
1475 566
1475 565
1474 565
1474 564
1473 564
1473 563
1472 563
1472 562
1471 562
1471 560
1470 560
1470 559
1469 559
1469 557
1468 557
1468 555
1467 555
1467 549
1466 549
1466 547
1465 547
1465 546
1464 546
1464 545
1462 545
1462 544
1460 544
1460 543
1453 543
1453 542
1443 542
1443 541
1440 541
1440 540
1439 540
1439 539
1436 539
1436 538
1435 538
1435 537
1434 537
1434 536
1433 536
1433 534
1432 534
1432 533
1431 533
1431 532
1430 532
1430 531
1428 531
1428 530
1425 530
1425 529
1423 529
1423 528
1422 528
1422 527
1421 527
1421 526
1420 526
1420 525
1418 525
1418 524
1414 524
1414 523
1413 523
1413 522
1411 522
1411 521
1410 521
1410 520
1409 520
1409 519
1408 519
1408 518
1407 518
1407 516
1406 516
1406 513
1405 513
1405 511
1404 511
1404 509
1403 509
1403 508
1402 508
1402 507
1400 507
1400 506
1399 506
1399 505
1397 505
1397 504
1396 504
1396 503
1395 503
1395 502
1394 502
1394 501
1393 501
1393 500
1392 500
1392 498
1391 498
1391 494
1390 494
1390 492
1389 492
1389 491
1387 491
1387 490
1385 490
1385 489
1384 489
1384 488
1383 488
1383 487
1382 487
1382 486
1381 486
1381 485
1380 485
1380 482
1378 482
1378 481
1376 481
1376 480
1374 480
1374 479
1373 479
1373 478
1368 478
1368 477
1365 477
1365 476
1362 476
1362 475
1360 475
1360 474
1359 474
1359 473
1358 473
1358 472
1357 472
1357 471
1356 471
1356 470
1355 470
1355 468
1352 468
1352 467
1349 467
1349 466
1348 466
1348 465
1347 465
1347 464
1343 464
1343 463
1341 463
1341 462
1337 462
1337 461
1335 461
1335 460
1333 460
1333 459
1332 459
1332 457
1331 457
1331 456
1330 456
1330 454
1329 454
1329 451
1328 451
1328 448
1327 448
1327 447
1325 447
1325 446
1324 446
1324 445
1322 445
1322 444
1321 444
1321 443
1320 443
1320 442
1319 442
1319 441
1317 441
1317 440
1305 440
1305 439
1299 439
1299 438
1292 438
1292 437
1288 437
1288 436
1286 436
1286 435
1285 435
1285 434
1284 434
1284 433
1283 433
1283 432
1282 432
1282 430
1281 430
1281 429
1280 429
1280 425
1279 425
1279 409
1278 409
1278 403
1277 403
1277 402
1269 402
1269 403
1258 403
1258 402
1251 402
1251 401
1249 401
1249 400
1248 400
1248 399
1247 399
1247 398
1246 398
1246 397
1245 397
1245 396
1244 396
1244 395
1243 395
1243 394
1242 394
1242 390
1241 390
1241 384
1240 384
1240 364
1239 364
1239 363
1237 363
1237 362
1235 362
1235 361
1234 361
1234 360
1232 360
1232 359
1231 359
1231 358
1230 358
1230 357
1229 357
1229 355
1228 355
1228 353
1227 353
1227 352
1224 352
1224 351
1222 351
1222 350
1220 350
1220 349
1219 349
1219 348
1218 348
1218 347
1217 347
1217 345
1216 345
1216 344
1215 344
1215 340
1214 340
1214 339
1212 339
1212 338
1210 338
1210 337
1209 337
1209 336
1207 336
1207 335
1206 335
1206 334
1205 334
1205 333
1204 333
1204 331
1203 331
1203 327
1202 327
1202 323
1201 323
1201 322
1200 322
1200 321
1199 321
1199 320
1196 320
1196 319
1195 319
1195 318
1193 318
1193 317
1192 317
1192 316
1191 316
1191 315
1190 315
1190 313
1189 313
1189 308
1188 308
1188 307
1185 307
1185 306
1176 306
1176 305
1172 305
1172 304
1170 304
1170 303
1169 303
1169 302
1168 302
1168 301
1167 301
1167 300
1166 300
1166 299
1165 299
1165 297
1164 297
1164 288
1163 288
1163 286
1160 286
1160 285
1158 285
1158 284
1156 284
1156 283
1155 283
1155 282
1154 282
1154 281
1153 281
1153 279
1152 279
1152 277
1151 277
1151 275
1148 275
1148 274
1145 274
1145 273
1143 273
1143 272
1134 272
1134 271
1129 271
1129 268
1128 268
1128 266
1127 266
1127 263
1126 263
1126 262
1125 262
1125 261
1124 261
1124 260
1122 260
1122 259
1120 259
1120 258
1119 258
1119 257
1118 257
1118 256
1117 256
1117 255
1116 255
1116 254
1115 254
1115 253
1114 253
1114 252
1113 252
1113 251
1110 251
1110 249
1109 249
1109 248
1108 248
1108 247
1107 247
1107 246
1106 246
1106 245
1105 245
1105 244
1104 244
1104 243
1103 243
1103 241
1102 241
1102 239
1101 239
1101 233
1100 233
1100 218
1099 218
1099 216
1098 216
1098 215
1096 215
1096 214
1093 214
1093 213
1092 213
1092 212
1091 212
1091 211
1090 211
1090 210
1089 210
1089 208
1087 208
1087 207
1089 207
1089 208
1090 208
1090 210
1091 210
1091 211
1092 211
1092 212
1093 212
1093 213
1096 213
1096 214
1098 214
1098 215
1099 215
1099 216
1100 216
1100 218
1101 218
1101 233
1102 233
1102 239
1103 239
1103 241
1104 241
1104 243
1105 243
1105 244
1106 244
1106 245
1107 245
1107 246
1108 246
1108 247
1109 247
1109 248
1110 248
1110 249
1111 249
1111 250
1113 250
1113 251
1114 251
1114 252
1115 252
1115 253
1116 253
1116 254
1117 254
1117 255
1118 255
1118 256
1119 256
1119 257
1120 257
1120 258
1122 258
1122 259
1124 259
1124 260
1125 260
1125 261
1126 261
1126 262
1127 262
1127 263
1128 263
1128 266
1129 266
1129 268
1130 268
1130 270
1134 270
1134 271
1143 271
1143 272
1145 272
1145 273
1148 273
1148 274
1151 274
1151 275
1152 275
1152 277
1153 277
1153 279
1154 279
1154 281
1155 281
1155 282
1156 282
1156 283
1158 283
1158 284
1160 284
1160 285
1163 285
1163 286
1164 286
1164 288
1165 288
1165 297
1166 297
1166 299
1167 299
1167 300
1168 300
1168 301
1169 301
1169 302
1170 302
1170 303
1172 303
1172 304
1176 304
1176 305
1185 305
1185 306
1188 306
1188 307
1189 307
1189 308
1190 308
1190 313
1191 313
1191 315
1192 315
1192 316
1193 316
1193 317
1195 317
1195 318
1196 318
1196 319
1199 319
1199 320
1200 320
1200 321
1201 321
1201 322
1202 322
1202 323
1203 323
1203 327
1204 327
1204 331
1205 331
1205 333
1206 333
1206 334
1207 334
1207 335
1209 335
1209 336
1210 336
1210 337
1212 337
1212 338
1214 338
1214 339
1215 339
1215 340
1216 340
1216 344
1217 344
1217 345
1218 345
1218 347
1219 347
1219 348
1220 348
1220 349
1222 349
1222 350
1224 350
1224 351
1227 351
1227 352
1228 352
1228 353
1229 353
1229 355
1230 355
1230 357
1231 357
1231 358
1232 358
1232 359
1234 359
1234 360
1235 360
1235 361
1237 361
1237 362
1239 362
1239 363
1240 363
1240 364
1241 364
1241 384
1242 384
1242 390
1243 390
1243 394
1244 394
1244 395
1245 395
1245 396
1246 396
1246 397
1247 397
1247 398
1248 398
1248 399
1249 399
1249 400
1251 400
1251 401
1258 401
1258 402
1269 402
1269 401
1277 401
1277 402
1278 402
1278 403
1279 403
1279 409
1280 409
1280 425
1281 425
1281 429
1282 429
1282 430
1283 430
1283 432
1284 432
1284 433
1285 433
1285 434
1286 434
1286 435
1288 435
1288 436
1292 436
1292 437
1299 437
1299 438
1305 438
1305 439
1317 439
1317 440
1319 440
1319 441
1320 441
1320 442
1321 442
1321 443
1322 443
1322 444
1324 444
1324 445
1325 445
1325 446
1327 446
1327 447
1328 447
1328 448
1329 448
1329 451
1330 451
1330 454
1331 454
1331 456
1332 456
1332 457
1333 457
1333 459
1335 459
1335 460
1337 460
1337 461
1341 461
1341 462
1343 462
1343 463
1347 463
1347 464
1348 464
1348 465
1349 465
1349 466
1352 466
1352 467
1355 467
1355 468
1356 468
1356 470
1357 470
1357 471
1358 471
1358 472
1359 472
1359 473
1360 473
1360 474
1362 474
1362 475
1365 475
1365 476
1368 476
1368 477
1373 477
1373 478
1374 478
1374 479
1376 479
1376 480
1378 480
1378 481
1380 481
1380 482
1381 482
1381 485
1382 485
1382 486
1383 486
1383 487
1384 487
1384 488
1385 488
1385 489
1387 489
1387 490
1389 490
1389 491
1390 491
1390 492
1391 492
1391 494
1392 494
1392 498
1393 498
1393 500
1394 500
1394 501
1395 501
1395 502
1396 502
1396 503
1397 503
1397 504
1399 504
1399 505
1400 505
1400 506
1402 506
1402 507
1403 507
1403 508
1404 508
1404 509
1405 509
1405 511
1406 511
1406 513
1407 513
1407 516
1408 516
1408 518
1409 518
1409 519
1410 519
1410 520
1411 520
1411 521
1413 521
1413 522
1414 522
1414 523
1418 523
1418 524
1420 524
1420 525
1421 525
1421 526
1422 526
1422 527
1423 527
1423 528
1425 528
1425 529
1428 529
1428 530
1430 530
1430 531
1431 531
1431 532
1432 532
1432 533
1433 533
1433 534
1434 534
1434 536
1435 536
1435 537
1436 537
1436 538
1439 538
1439 539
1440 539
1440 540
1443 540
1443 541
1453 541
1453 542
1460 542
1460 543
1462 543
1462 544
1464 544
1464 545
1465 545
1465 546
1466 546
1466 547
1467 547
1467 549
1468 549
1468 555
1469 555
1469 557
1470 557
1470 559
1471 559
1471 560
1472 560
1472 562
1473 562
1473 563
1474 563
1474 564
1475 564
1475 565
1477 565
1477 566
1479 566
1479 567
1482 567
1482 568
1484 568
1484 569
1485 569
1485 570
1486 570
1486 571
1488 571
1488 572
1490 572
1490 573
1493 573
1493 574
1507 574
1507 575
1508 575
1508 576
1509 576
1509 577
1510 577
1510 578
1512 578
1512 579
1514 579
1514 580
1517 580
1517 581
1519 581
1519 582
1520 582
1520 583
1521 583
1521 585
1522 585
1522 586
1523 586
1523 588
1524 588
1524 589
1526 589
1526 590
1529 590
1529 591
1532 591
1532 592
1534 592
1534 593
1535 593
1535 594
1536 594
1536 595
1537 595
1537 597
1538 597
1538 598
1546 598
1546 599
1549 599
1549 600
1550 600
1550 601
1551 601
1551 602
1552 602
1552 603
1554 603
1554 604
1555 604
1555 605
1556 605
1556 608
1557 608
1557 615
1558 615
1558 616
1559 616
1559 619
1560 619
1560 620
1561 620
1561 621
1562 621
1562 622
1564 622
1564 623
1566 623
1566 624
1567 624
1567 625
1588 625
1588 626
1591 626
1591 627
1595 627
1595 628
1596 628
1596 629
1598 629
1598 630
1600 630
1600 631
1601 631
1601 632
1603 632
1603 633
1604 633
1604 634
1607 634
1607 635
1608 635
1608 636
1610 636
1610 637
1611 637
1611 638
1612 638
1612 640
1613 640
1613 641
1615 641
1615 642
1617 642
1617 643
1620 643
1620 644
1624 644
1624 645
1628 645
1628 646
1630 646
1630 647
1632 647
1632 648
1636 648
1636 649
1638 649
1638 650
1639 650
1639 651
1642 651
1642 652
1644 652
1644 653
1648 653
1648 654
1651 654
1651 655
1654 655
1654 656
1657 656
1657 657
1661 657
1661 658
1667 658
1667 659
1669 659
1669 660
1672 660
1672 661
1676 661
1676 662
1677 662
1677 663
1678 663
1678 664
1679 664
1679 665
1684 665
1684 666
1686 666
1686 667
1689 667
1689 668
1691 668
1691 669
1693 669
1693 670
1696 670
1696 671
1703 671
1703 672
1705 672
1705 673
1709 673
1709 674
1712 674
1712 675
1713 675
1713 676
1716 676
1716 677
1718 677
1718 678
1720 678
1720 679
1722 679
1722 680
1725 680
1725 681
1726 681
1726 682
1727 682
1727 683
1728 683
1728 684
1730 684
1730 685
1733 685
1733 686
1738 686
1738 687
1739 687
1739 688
1741 688
1741 689
1742 689
1742 690
1744 690
1744 691
1748 691
1748 692
1763 692
1763 693
1765 693
1765 694
1770 694
1770 695
1772 695
1772 696
1774 696
1774 697
1775 697
1775 698
1777 698
1777 699
1779 699
1779 700
1780 700
1780 701
1781 701
1781 702
1783 702
1783 703
1789 703
1789 704
1792 704
1792 705
1793 705
1793 706
1795 706
1795 707
1798 707
1798 708
1806 708
1806 709
1811 709
1811 710
1822 710
1822 709
1839 709
1839 710
1843 710
1843 711
1850 711
1850 712
1851 712
1851 713
1855 713
1855 714
1862 714
1862 715
1863 715
1863 716
1869 716
1869 717
1875 717
1875 718
1879 718
1879 717
1883 717
1883 716
1897 716
1897 715
1900 715
1900 716
1902 716
1902 715
1910 715
1910 716
1927 716
1927 717
1929 717
1929 716
1945 716
1945 717
1947 717
1947 718
1950 718
1950 719
1961 719
1961 720
1965 720
1965 721
1967 721
1967 722
1969 722
1969 723
1970 723
1970 724
1971 724
1971 725
1972 725
1972 726
1973 726
1973 728
1974 728
1974 729
1977 729
1977 730
1980 730
1980 731
1982 731
1982 732
1986 732
1986 733
1990 733
1990 732
1999 732
1999 733
2007 733
2007 734
2017 734
2017 735
2065 735
2065 736
2070 736
2070 737
2072 737
2072 738
2075 738
2075 739
2077 739
2077 740
2082 740
2082 741
2092 741
2092 742
2095 742
2095 743
2096 743
2096 744
2098 744
2098 745
2099 745
2099 746
2101 746
2101 747
2105 747
2105 748
2107 748
2107 749
2109 749
2109 750
2119 750
2119 751
2131 751
2131 752
2132 752
2132 753
2136 753
2136 754
2144 754
2144 755
2149 755
2149 756
2152 756
2152 757
2156 757
2156 758
2158 758
2158 759
2159 759
2159 760
2160 760
2160 761
2163 761
2163 760
2166 760
2166 759
2167 759
2167 758
2174 758
2174 759
2177 759
2177 758
2187 758
2187 757
2204 757
2204 758
2217 758
2217 759
2220 759
2220 760
2223 760
2223 761
2224 761
2224 762
2230 762
2230 763
2234 763
2234 764
2236 764
2236 765
2240 765
2240 766
2241 766
2241 765
2249 765
2249 766
2252 766
2252 767
2253 767
2253 768
2255 768
2255 769
2257 769
2257 770
2259 770
2259 771
2261 771
2261 772
2263 772
2263 773
2265 773
2265 774
2269 774
2269 775
2271 775
2271 776
2277 776
2277 777
2280 777
2280 778
2285 778
2285 779
2288 779
2288 780
2292 780
2292 781
2294 781
2294 782
2296 782
2296 783
2301 783
2301 784
2312 784
2312 785
2320 785
2320 786
2331 786
2331 787
2335 787
2335 788
2338 788
2338 789
2339 789
2339 790
2340 790
2340 791
2341 791
2341 792
2342 792
2342 793
2343 793
2343 794
2345 794
2345 795
2346 795
2346 796
2352 796
2352 797
2355 797
2355 798
2360 798
2360 799
2363 799
2363 798
2371 798
2371 799
2374 799
2374 800
2378 800
2378 801
2379 801
2379 805
2380 805
2380 812
2381 812
2381 815
2382 815
2382 816
2383 816
2383 817
2385 817
2385 818
2386 818
2386 819
2389 819
2389 820
2390 820
2390 821
2391 821
2391 822
2395 822
2395 823
2400 823
2400 822
2403 822
2403 821
2406 821
2406 820
2407 820
2407 819
2408 819
2408 816
2409 816
2409 815
2410 815
2410 814
2412 814
2412 813
2415 813
2415 812
2418 812
2418 811
2420 811
2420 810
2421 810
2421 809
2423 809
2423 808
2428 808
2428 807
2430 807
2430 806
2431 806
2431 805
2433 805
2433 804
2435 804
2435 803
2437 803
2437 802
2438 802
2438 801
2439 801
2439 800
2440 800
2440 799
2442 799
2442 798
2445 798
2445 797
2458 797
2458 796
2478 796
2478 797
2483 797
2483 796
2491 796
2491 797
2497 797
2497 796
2500 796
2500 795
2502 795
2502 794
2506 794
2506 793
2512 793
2512 794
2516 794
2516 795
2517 795
2517 796
2518 796
2518 797
2519 797
2519 798
2520 798
2520 799
2522 799
2522 800
2523 800
2523 801
2524 801
2524 802
2525 802
2525 803
2526 803
2526 804
2527 804
2527 806
2528 806
2528 807
2530 807
2530 808
2533 808
2533 807
2534 807
2534 800
2553 800
2553 799
2557 799
2557 800
2571 800
2571 801
2573 801
2573 802
2594 802
2594 801
2602 801
2602 800
2604 800
2604 799
2606 799
2606 798
2608 798
2608 797
2610 797
2610 796
2612 796
2612 795
2619 795
2619 794
2621 794
2621 793
2623 793
2623 792
2625 792
2625 791
2628 791
2628 790
2630 790
2630 788
2631 788
2631 787
2632 787
2632 785
2633 785
2633 784
2634 784
2634 783
2635 783
2635 782
2637 782
2637 781
2639 781
2639 780
2640 780
2640 779
2642 779
2642 778
2650 778
2650 779
2652 779
2652 778
2657 778
2657 777
2666 777
2666 778
2676 778
2676 777
2685 777
2685 776
2691 776
2691 775
2692 775
2692 774
2702 774
2702 773
2706 773
2706 772
2707 772
2707 771
2715 771
2715 770
2718 770
2718 769
2721 769
2721 768
2726 768
2726 767
2728 767
2728 766
2731 766
2731 765
2732 765
2732 764
2735 764
2735 763
2741 763
2741 762
2743 762
2743 761
2745 761
2745 760
2748 760
2748 759
2749 759
2749 758
2751 758
2751 757
2753 757
2753 755
2754 755
2754 754
2761 754
2761 753
2763 753
2763 754
2769 754
2769 753
2770 753
2770 751
2771 751
2771 747
2772 747
2772 746
2773 746
2773 745
2774 745
2774 744
2777 744
2777 743
2786 743
2786 742
2787 742
2787 741
2792 741
2792 740
2796 740
2796 739
2798 739
2798 738
2799 738
2799 737
2800 737
2800 736
2806 736
2806 735
2807 735
2807 734
2809 734
2809 733
2813 733
2813 732
2817 732
2817 731
2819 731
2819 730
2820 730
2820 729
2822 729
2822 728
2828 728
2828 727
2829 727
2829 726
2831 726
2831 725
2832 725
2832 724
2833 724
2833 723
2834 723
2834 722
2838 722
2838 721
2843 721
2843 720
2844 720
2844 719
2845 719
2845 718
2846 718
2846 717
2848 717
2848 716
2849 716
2849 715
2850 715
2850 714
2851 714
2851 713
2852 713
2852 712
2854 712
2854 711
2856 711
2856 710
2859 710
2859 709
2861 709
2861 708
2863 708
2863 707
2865 707
2865 706
2868 706
2868 705
2873 705
2873 704
2874 704
2874 703
2875 703
2875 702
2876 702
2876 700
2877 700
2877 699
2878 699
2878 698
2879 698
2879 697
2882 697
2882 696
2884 696
2884 695
2885 695
2885 694
2886 694
2886 693
2888 693
2888 692
2889 692
2889 691
2895 691
2895 690
2898 690
2898 689
2899 689
2899 688
2901 688
2901 687
2902 687
2902 686
2904 686
2904 685
2905 685
2905 684
2908 684
2908 683
2912 683
2912 684
2917 684
2917 685
2918 685
2918 686
2920 686
2920 687
2922 687
2922 686
2936 686
2936 685
2937 685
2937 684
2939 684
2939 683
2940 683
2940 682
2941 682
2941 681
2943 681
2943 680
2945 680
2945 679
2948 679
2948 678
2950 678
2950 677
2952 677
2952 676
2955 676
2955 675
2965 675
2965 674
2969 674
2969 673
2970 673
2970 672
2972 672
2972 671
2975 671
2975 670
2977 670
2977 669
2979 669
2979 668
2982 668
2982 667
2983 667
2983 666
2984 666
2984 665
2986 665
2986 664
2989 664
2989 663
2990 663
2990 662
2991 662
2991 661
2996 661
2996 660
3002 660
3002 659
3003 659
3003 658
3006 658
3006 657
3007 657
3007 656
3009 656
3009 655
3010 655
3010 654
3012 654
3012 653
3014 653
3014 652
3015 652
3015 651
3017 651
3017 650
3019 650
3019 649
3020 649
3020 647
3021 647
3021 642
3022 642
3022 641
3021 641
3021 635
3022 635
3022 634
3023 634
3023 633
3029 633
3029 634
3031 634
3031 635
3032 635
3032 634
3036 634
3036 633
3039 633
3039 632
3040 632
3040 631
3041 631
3041 630
3043 630
3043 629
3044 629
3044 627
3045 627
3045 625
3046 625
3046 624
3047 624
3047 623
3048 623
3048 622
3050 622
3050 621
3052 621
3052 620
3053 620
3053 619
3055 619
3055 618
3057 618
3057 617
3058 617
3058 616
3059 616
3059 615
3060 615
3060 614
3062 614
3062 613
3064 613
3064 612
3065 612
3065 611
3066 611
3066 610
3068 610
3068 609
3070 609
3070 608
3072 608
3072 607
3073 607
3073 606
3074 606
3074 605
3075 605
3075 604
3076 604
3076 603
3077 603
3077 602
3078 602
3078 599
3079 599
3079 598
3080 598
3080 597
3081 597
3081 596
3083 596
3083 595
3084 595
3084 594
3085 594
3085 593
3086 593
3086 592
3087 592
3087 591
3089 591
3089 590
3091 590
3091 589
3092 589
3092 588
3094 588
3094 587
3096 587
3096 586
3097 586
3097 585
3098 585
3098 584
3099 584
3099 583
3100 583
3100 582
3101 582
3101 581
3102 581
3102 580
3103 580
3103 578
3104 578
3104 577
3105 577
3105 574
3106 574
3106 572
3107 572
3107 570
3108 570
3108 569
3109 569
3109 568
3110 568
3110 567
3112 567
3112 566
3114 566
3114 565
3116 565
3116 564
3117 564
3117 563
3119 563
3119 562
3120 562
3120 561
3121 561
3121 560
3122 560
3122 559
3124 559
3124 558
3125 558
3125 557
3127 557
3127 556
3128 556
3128 555
3129 555
3129 554
3130 554
3130 553
3131 553
3131 552
3133 552
3133 551
3135 551
3135 548
3138 548
3138 547
3139 547
3139 545
3140 545
3140 543
3141 543
3141 541
3142 541
3142 540
3143 540
3143 539
3144 539
3144 538
3146 538
3146 537
3150 537
3150 536
3156 536
3156 535
3158 535
3158 534
3160 534
3160 533
3161 533
3161 532
3162 532
3162 530
3163 530
3163 529
3164 529
3164 528
3166 528
3166 527
3167 527
3167 526
3168 526
3168 524
3169 524
3169 523
3170 523
3170 522
3171 522
3171 519
3172 519
3172 516
3173 516
3173 515
3174 515
3174 513
3175 513
3175 512
3176 512
3176 511
3178 511
3178 510
3179 510
3179 509
3180 509
3180 508
3181 508
3181 507
3182 507
3182 506
3183 506
3183 505
3184 505
3184 503
3185 503
3185 502
3186 502
3186 501
3187 501
3187 500
3188 500
3188 499
3189 499
3189 498
3190 498
3190 497
3191 497
3191 496
3192 496
3192 495
3193 495
3193 494
3194 494
3194 492
3195 492
3195 489
3196 489
3196 482
3197 482
3197 466
3198 466
3198 463
3199 463
3199 462
3200 462
3200 461
3202 461
3202 460
3204 460
3204 459
3205 459
3205 458
3206 458
3206 457
3207 457
3207 456
3208 456
3208 455
3209 455
3209 454
3211 454
3211 453
3212 453
3212 452
3215 452
3215 451
3216 451
3216 450
3217 450
3217 449
3218 449
3218 448
3219 448
3219 447
3220 447
3220 446
3222 446
3222 445
3224 445
3224 444
3226 444
3226 443
3227 443
3227 442
3229 442
3229 441
3230 441
3230 439
3231 439
3231 438
3232 438
3232 437
3233 437
3233 436
3234 436
3234 435
3236 435
3236 434
3239 434
3239 433
3240 433
3240 432
3241 432
3241 431
3242 431
3242 430
3243 430
3243 429
3244 429
3244 426
3245 426
3245 422
3246 422
3246 419
3247 419
3247 418
3248 418
3248 417
3249 417
3249 416
3250 416
3250 415
3251 415
3251 414
3252 414
3252 413
3253 413
3253 412
3255 412
3255 411
3256 411
3256 410
3258 410
3258 409
3259 409
3259 408
3261 408
3261 407
3262 407
3262 406
3263 406
3263 404
3264 404
3264 403
3265 403
3265 402
3266 402
3266 401
3268 401
3268 400
3269 400
3269 399
3271 399
3271 398
3272 398
3272 397
3273 397
3273 396
3274 396
3274 395
3275 395
3275 393
3276 393
3276 390
3277 390
3277 387
3278 387
3278 380
3279 380
3279 379
3280 379
3280 377
3281 377
3281 376
3282 376
3282 375
3283 375
3283 374
3284 374
3284 373
3285 373
3285 371
3286 371
3286 370
3287 370
3287 367
3288 367
3288 365
3289 365
3289 356
3290 356
3290 355
3291 355
3291 354
3292 354
3292 353
3293 353
3293 352
3294 352
3294 351
3295 351
3295 350
3296 350
3296 348
3297 348
3297 347
3298 347
3298 346
3299 346
3299 342
3300 342
3300 339
3301 339
3301 338
3302 338
3302 337
3303 337
3303 336
3304 336
3304 335
3306 335
3306 334
3308 334
3308 333
3309 333
3309 332
3310 332
3310 331
3311 331
3311 330
3313 330
3313 329
3319 329
3319 328
3320 328
3320 326
3321 326
3321 323
3322 323
3322 318
3323 318
3323 313
3324 313
3324 307
3325 307
3325 305
3326 305
3326 304
3327 304
3327 303
3329 303
3329 302
3330 302
3330 301
3331 301
3331 299
3332 299
3332 298
3333 298
3333 294
3334 294
3334 290
3335 290
3335 289
3336 289
3336 288
3337 288
3337 287
3338 287
3338 286
3339 286
3339 285
3340 285
3340 284
3341 284
3341 283
3342 283
3342 282
3343 282
3343 281
3344 281
3344 279
3345 279
3345 276
3346 276
3346 267
3347 267
3347 266
3348 266
3348 265
3349 265
3349 264
3350 264
3350 263
3351 263
3351 262
3352 262
3352 261
3354 261
3354 259
3355 259
3355 253
3356 253
3356 259
3355 259
3355 261
3354 261
3354 262
3352 262
3352 263
3351 263
3351 264
3350 264
3350 265
3349 265
3349 266
3348 266
3348 267
3347 267
3347 276
3346 276
3346 279
3345 279
3345 281
3344 281
3344 282
3343 282
3343 283
3342 283
3342 284
3341 284
3341 285
3340 285
3340 286
3339 286
3339 287
3338 287
3338 288
3337 288
3337 289
3336 289
3336 290
3335 290
3335 294
3334 294
3334 298
3333 298
3333 299
3332 299
3332 301
3331 301
3331 302
3330 302
3330 303
3329 303
3329 304
3327 304
3327 305
3326 305
3326 307
3325 307
3325 313
3324 313
3324 318
3323 318
3323 323
3322 323
3322 326
3321 326
3321 328
3320 328
3320 329
3319 329
3319 330
3313 330
3313 331
3311 331
3311 332
3310 332
3310 333
3309 333
3309 334
3308 334
3308 335
3306 335
3306 336
3304 336
3304 337
3303 337
3303 338
3302 338
3302 339
3301 339
3301 342
3300 342
3300 346
3299 346
3299 347
3298 347
3298 348
3297 348
3297 350
3296 350
3296 351
3295 351
3295 352
3294 352
3294 353
3293 353
3293 354
3292 354
3292 355
3291 355
3291 356
3290 356
3290 365
3289 365
3289 367
3288 367
3288 370
3287 370
3287 371
3286 371
3286 373
3285 373
3285 374
3284 374
3284 375
3283 375
3283 376
3282 376
3282 377
3281 377
3281 379
3280 379
3280 380
3279 380
3279 387
3278 387
3278 390
3277 390
3277 393
3276 393
3276 395
3275 395
3275 396
3274 396
3274 397
3273 397
3273 398
3272 398
3272 399
3271 399
3271 400
3269 400
3269 401
3268 401
3268 402
3266 402
3266 403
3265 403
3265 404
3264 404
3264 406
3263 406
3263 407
3262 407
3262 408
3261 408
3261 409
3259 409
3259 410
3258 410
3258 411
3256 411
3256 412
3255 412
3255 413
3253 413
3253 414
3252 414
3252 415
3251 415
3251 416
3250 416
3250 417
3249 417
3249 418
3248 418
3248 419
3247 419
3247 422
3246 422
3246 426
3245 426
3245 429
3244 429
3244 430
3243 430
3243 431
3242 431
3242 432
3241 432
3241 433
3240 433
3240 434
3239 434
3239 435
3236 435
3236 436
3234 436
3234 437
3233 437
3233 438
3232 438
3232 439
3231 439
3231 441
3230 441
3230 442
3229 442
3229 443
3227 443
3227 444
3226 444
3226 445
3224 445
3224 446
3222 446
3222 447
3220 447
3220 448
3219 448
3219 449
3218 449
3218 450
3217 450
3217 451
3216 451
3216 452
3215 452
3215 453
3212 453
3212 454
3211 454
3211 455
3209 455
3209 456
3208 456
3208 457
3207 457
3207 458
3206 458
3206 459
3205 459
3205 460
3204 460
3204 461
3202 461
3202 462
3200 462
3200 463
3199 463
3199 466
3198 466
3198 482
3197 482
3197 489
3196 489
3196 492
3195 492
3195 494
3194 494
3194 495
3193 495
3193 496
3192 496
3192 497
3191 497
3191 498
3190 498
3190 499
3189 499
3189 500
3188 500
3188 501
3187 501
3187 502
3186 502
3186 503
3185 503
3185 505
3184 505
3184 506
3183 506
3183 507
3182 507
3182 508
3181 508
3181 509
3180 509
3180 510
3179 510
3179 511
3178 511
3178 512
3176 512
3176 513
3175 513
3175 515
3174 515
3174 516
3173 516
3173 519
3172 519
3172 522
3171 522
3171 523
3170 523
3170 524
3169 524
3169 526
3168 526
3168 527
3167 527
3167 528
3166 528
3166 529
3164 529
3164 530
3163 530
3163 532
3162 532
3162 533
3161 533
3161 534
3160 534
3160 535
3158 535
3158 536
3156 536
3156 537
3150 537
3150 538
3146 538
3146 539
3144 539
3144 540
3143 540
3143 541
3142 541
3142 543
3141 543
3141 545
3140 545
3140 547
3139 547
3139 548
3138 548
3138 549
3136 549
3136 551
3135 551
3135 552
3133 552
3133 553
3131 553
3131 554
3130 554
3130 555
3129 555
3129 556
3128 556
3128 557
3127 557
