2426 845
2428 845
2428 846
2429 846
2429 847
2433 847
2433 848
2441 848
2441 849
2445 849
2445 850
2466 850
2466 849
2468 849
2468 848
2469 848
2469 847
2472 847
2472 846
2478 846
2478 845
2481 845
2481 844
2482 844
2482 843
2485 843
2485 842
2502 842
2502 841
2504 841
2504 840
2513 840
2513 839
2525 839
2525 838
2528 838
2528 837
2529 837
2529 836
2530 836
2530 835
2531 835
2531 834
2532 834
2532 833
2533 833
2533 832
2534 832
2534 831
2537 831
2537 830
2543 830
2543 831
2551 831
2551 830
2561 830
2561 831
2569 831
2569 830
2575 830
2575 829
2581 829
2581 828
2587 828
2587 829
2592 829
2592 828
2597 828
2597 827
2598 827
2598 826
2599 826
2599 825
2601 825
2601 824
2608 824
2608 823
2609 823
2609 822
2610 822
2610 821
2611 821
2611 818
2612 818
2612 817
2613 817
2613 816
2615 816
2615 815
2619 815
2619 814
2620 814
2620 813
2621 813
2621 811
2622 811
2622 809
2623 809
2623 807
2624 807
2624 806
2625 806
2625 805
2626 805
2626 804
2627 804
2627 802
2628 802
2628 801
2629 801
2629 800
2630 800
2630 799
2631 799
2631 797
2632 797
2632 795
2633 795
2633 793
2634 793
2634 791
2635 791
2635 790
2636 790
2636 789
2637 789
2637 788
2638 788
2638 787
2640 787
2640 785
2642 785
2642 784
2643 784
2643 781
2644 781
2644 778
2645 778
2645 768
2646 768
2646 752
2647 752
2647 749
2648 749
2648 748
2650 748
2650 747
2657 747
2657 746
2658 746
2658 745
2660 745
2660 744
2661 744
2661 743
2686 743
2686 744
2690 744
2690 743
2693 743
2693 744
2694 744
2694 745
2696 745
2696 743
2711 743
2711 742
2718 742
2718 741
2720 741
2720 740
2721 740
2721 739
2722 739
2722 738
2725 738
2725 739
2727 739
2727 738
2734 738
2734 737
2735 737
2735 736
2737 736
2737 735
2742 735
2742 734
2743 734
2743 733
2753 733
2753 734
2771 734
2771 735
2795 735
2795 734
2799 734
2799 733
2801 733
2801 732
2809 732
2809 731
2811 731
2811 732
2818 732
2818 733
2822 733
2822 734
2829 734
2829 733
2837 733
2837 732
2841 732
2841 731
2842 731
2842 730
2843 730
2843 729
2844 729
2844 728
2848 728
2848 727
2854 727
2854 726
2866 726
2866 725
2868 725
2868 724
2869 724
2869 723
2870 723
2870 722
2872 722
2872 721
2873 721
2873 720
2874 720
2874 719
2875 719
2875 718
2876 718
2876 717
2877 717
2877 715
2878 715
2878 705
2879 705
2879 693
2880 693
2880 692
2881 692
2881 691
2886 691
2886 690
2887 690
2887 689
2889 689
2889 688
2890 688
2890 685
2891 685
2891 679
2892 679
2892 667
2893 667
2893 663
2892 663
2892 658
2893 658
2893 636
2894 636
2894 618
2895 618
2895 616
2901 616
2901 615
2903 615
2903 614
2906 614
2906 612
2909 612
2909 601
2908 601
2908 595
2918 595
2918 596
2919 596
2919 598
2920 598
2920 620
2921 620
2921 637
2922 637
2922 638
2923 638
2923 640
2924 640
2924 641
2925 641
2925 642
2928 642
2928 643
2929 643
2929 644
2930 644
2930 645
2931 645
2931 646
2932 646
2932 650
2933 650
2933 689
2934 689
2934 699
2933 699
2933 701
2934 701
2934 766
2933 766
2933 767
2934 767
2934 775
2935 775
2935 777
2936 777
2936 778
2937 778
2937 779
2938 779
2938 780
2940 780
2940 781
2942 781
2942 782
2948 782
2948 781
2953 781
2953 780
2957 780
2957 779
2964 779
2964 780
2965 780
2965 781
2971 781
2971 779
2972 779
2972 778
2973 778
2973 777
2974 777
2974 773
2975 773
2975 772
2976 772
2976 770
2977 770
2977 769
2978 769
2978 768
2981 768
2981 767
2984 767
2984 766
2986 766
2986 765
2987 765
2987 764
2988 764
2988 762
2989 762
2989 761
2990 761
2990 760
2991 760
2991 759
2993 759
2993 757
2994 757
2994 756
2995 756
2995 755
2996 755
2996 753
2997 753
2997 752
2998 752
2998 750
2999 750
2999 743
3000 743
3000 742
3001 742
3001 740
3002 740
3002 739
3005 739
3005 738
3006 738
3006 737
3008 737
3008 736
3009 736
3009 735
3013 735
3013 734
3015 734
3015 733
3017 733
3017 732
3020 732
3020 731
3021 731
3021 730
3022 730
3022 729
3024 729
3024 728
3026 728
3026 727
3027 727
3027 726
3029 726
3029 725
3031 725
3031 724
3032 724
3032 723
3033 723
3033 722
3036 722
3036 721
3037 721
3037 720
3038 720
3038 719
3039 719
3039 718
3040 718
3040 716
3041 716
3041 715
3042 715
3042 714
3043 714
3043 710
3042 710
3042 709
3043 709
3043 703
3042 703
3042 701
3043 701
3043 700
3042 700
3042 697
3043 697
3043 682
3044 682
3044 677
3043 677
3043 664
3044 664
3044 661
3045 661
3045 660
3046 660
3046 659
3049 659
3049 658
3050 658
3050 657
3054 657
3054 658
3057 658
3057 659
3072 659
3072 660
3073 660
3073 661
3074 661
3074 675
3075 675
3075 677
3076 677
3076 679
3077 679
3077 680
3078 680
3078 682
3079 682
3079 683
3081 683
3081 684
3082 684
3082 685
3085 685
3085 686
3089 686
3089 687
3091 687
3091 688
3093 688
3093 689
3095 689
3095 690
3108 690
3108 689
3117 689
3117 688
3119 688
3119 687
3120 687
3120 686
3121 686
3121 685
3122 685
3122 684
3124 684
3124 683
3128 683
3128 682
3129 682
3129 681
3131 681
3131 680
3132 680
3132 679
3134 679
3134 678
3138 678
3138 677
3140 677
3140 676
3142 676
3142 675
3154 675
3154 674
3157 674
3157 673
3167 673
3167 672
3168 672
3168 671
3170 671
3170 670
3174 670
3174 669
3176 669
3176 670
3182 670
3182 669
3194 669
3194 668
3197 668
3197 669
3198 669
3198 674
3199 674
3199 681
3200 681
3200 683
3201 683
3201 685
3202 685
3202 686
3203 686
3203 687
3204 687
3204 688
3205 688
3205 689
3209 689
3209 688
3210 688
3210 689
3214 689
3214 690
3215 690
3215 692
3216 692
3216 695
3217 695
3217 696
3225 696
3225 695
3226 695
3226 694
3228 694
3228 693
3233 693
3233 692
3235 692
3235 691
3238 691
3238 690
3242 690
3242 691
3244 691
3244 690
3247 690
3247 689
3248 689
3248 688
3249 688
3249 686
3250 686
3250 684
3251 684
3251 683
3252 683
3252 682
3253 682
3253 681
3255 681
3255 680
3256 680
3256 679
3257 679
3257 678
3258 678
3258 677
3259 677
3259 672
3260 672
3260 671
3261 671
3261 670
3263 670
3263 669
3265 669
3265 668
3267 668
3267 667
3269 667
3269 666
3270 666
3270 665
3272 665
3272 664
3274 664
3274 663
3275 663
3275 662
3276 662
3276 661
3278 661
3278 659
3279 659
3279 657
3280 657
3280 656
3281 656
3281 655
3282 655
3282 654
3283 654
3283 610
3282 610
3282 602
3283 602
3283 559
3284 559
3284 552
3292 552
3292 551
3296 551
3296 550
3297 550
3297 520
3300 520
3300 519
3310 519
3310 520
3316 520
3316 521
3328 521
3328 522
3331 522
3331 523
3332 523
3332 524
3333 524
3333 525
3334 525
3334 528
3335 528
3335 529
3336 529
3336 530
3337 530
3337 531
3341 531
3341 532
3342 532
3342 533
3343 533
3343 553
3344 553
3344 571
3345 571
3345 572
3346 572
3346 573
3347 573
3347 574
3348 574
3348 575
3349 575
3349 576
3351 576
3351 577
3354 577
3354 578
3355 578
3355 579
3356 579
3356 580
3357 580
3357 583
3358 583
3358 586
3359 586
3359 587
3360 587
3360 588
3361 588
3361 589
3363 589
3363 590
3368 590
3368 591
3371 591
3371 592
3374 592
3374 593
3385 593
3385 594
3391 594
3391 593
3413 593
3413 592
3415 592
3415 591
3431 591
3431 590
3437 590
3437 589
3443 589
3443 588
3447 588
3447 587
3449 587
3449 586
3450 586
3450 585
3451 585
3451 584
3452 584
3452 583
3453 583
3453 582
3459 582
3459 581
3461 581
3461 579
3462 579
3462 578
3469 578
3469 577
3473 577
3473 576
3474 576
3474 575
3475 575
3475 574
3476 574
3476 573
3477 573
3477 572
3478 572
3478 571
3479 571
3479 570
3480 570
3480 569
3482 569
3482 568
3484 568
3484 566
3485 566
3485 565
3486 565
3486 564
3487 564
3487 563
3488 563
3488 562
3490 562
3490 561
3492 561
3492 560
3496 560
3496 559
3497 559
3497 558
3498 558
3498 557
3499 557
3499 556
3500 556
3500 555
3505 555
3505 554
3507 554
3507 555
3511 555
3511 556
3528 556
3528 555
3531 555
3531 554
3532 554
3532 553
3533 553
3533 552
3535 552
3535 551
3539 551
3539 550
3542 550
3542 551
3546 551
3546 552
3548 552
3548 553
3551 553
3551 554
3553 554
3553 553
3559 553
3559 552
3566 552
3566 551
3568 551
3568 550
3570 550
3570 549
3572 549
3572 548
3575 548
3575 547
3579 547
3579 546
3580 546
3580 545
3581 545
3581 544
3582 544
3582 543
3584 543
3584 541
3585 541
3585 538
3586 538
3586 537
3587 537
3587 532
3588 532
3588 498
3589 498
3589 493
3588 493
3588 474
3589 474
3589 471
3590 471
3590 470
3593 470
3593 469
3597 469
3597 468
3600 468
3600 467
3601 467
3601 466
3603 466
3603 464
3604 464
3604 461
3605 461
3605 458
3606 458
3606 454
3605 454
3605 451
3606 451
3606 450
3608 450
3608 449
3612 449
3612 448
3614 448
3614 447
3615 447
3615 440
3616 440
3616 436
3617 436
3617 423
3616 423
3616 421
3619 421
3619 420
3631 420
3631 421
3632 421
3632 422
3633 422
3633 423
3634 423
3634 424
3635 424
3635 425
3636 425
3636 427
3638 427
3638 428
3641 428
3641 429
3642 429
3642 430
3643 430
3643 431
3644 431
3644 433
3645 433
3645 436
3646 436
3646 438
3647 438
3647 441
3648 441
3648 445
3649 445
3649 448
3650 448
3650 450
3651 450
3651 455
3652 455
3652 458
3653 458
3653 460
3654 460
3654 461
3655 461
3655 462
3657 462
3657 463
3659 463
3659 464
3661 464
3661 465
3663 465
3663 466
3666 466
3666 467
3680 467
3680 468
3692 468
3692 469
3694 469
3694 470
3698 470
3698 471
3700 471
3700 472
3701 472
3701 473
3703 473
3703 474
3707 474
3707 475
3708 475
3708 476
3709 476
3709 477
3710 477
3710 478
3711 478
3711 479
3712 479
3712 480
3713 480
3713 481
3715 481
3715 482
3724 482
3724 481
3736 481
3736 480
3737 480
3737 479
3738 479
3738 478
3743 478
3743 477
3744 477
3744 476
3745 476
3745 475
3747 475
3747 474
3749 474
3749 473
3750 473
3750 472
3751 472
3751 471
3752 471
3752 470
3754 470
3754 469
3755 469
3755 468
3757 468
3757 467
3759 467
3759 466
3761 466
3761 465
3766 465
3766 466
3769 466
3769 470
3772 470
3772 471
3774 471
3774 470
3777 470
3777 468
3778 468
3778 466
3779 466
3779 464
3788 464
3788 463
3794 463
3794 462
3796 462
3796 461
3797 461
3797 460
3798 460
3798 459
3799 459
3799 458
3800 458
3800 456
3801 456
3801 455
3802 455
3802 450
3801 450
3801 445
3800 445
3800 438
3801 438
3801 437
3803 437
3803 436
3805 436
3805 435
3807 435
3807 434
3809 434
3809 433
3810 433
3810 432
3812 432
3812 431
3814 431
3814 430
3817 430
3817 429
3820 429
3820 428
3823 428
3823 427
3825 427
3825 426
3826 426
3826 425
3828 425
3828 424
3829 424
3829 423
3832 423
3832 422
3833 422
3833 421
3834 421
3834 420
3835 420
3835 419
3836 419
3836 418
3839 418
3839 415
3840 415
3840 414
3843 414
3843 413
3851 413
3851 414
3852 414
3852 415
3851 415
3851 414
3843 414
3843 415
3840 415
3840 418
3839 418
3839 419
3836 419
3836 420
3835 420
3835 421
3834 421
3834 422
3833 422
3833 423
3832 423
3832 424
3829 424
3829 425
3828 425
3828 426
3826 426
3826 427
3825 427
3825 428
3823 428
3823 429
3820 429
3820 430
3817 430
3817 431
3814 431
3814 432
3812 432
3812 433
3810 433
3810 434
3809 434
3809 435
3807 435
3807 436
3805 436
3805 437
3803 437
3803 438
3801 438
3801 445
3802 445
3802 450
3803 450
3803 455
3802 455
3802 456
3801 456
3801 458
3800 458
3800 459
3799 459
3799 460
3798 460
3798 461
3797 461
3797 462
3796 462
3796 463
3794 463
3794 464
3788 464
3788 465
3780 465
3780 466
3779 466
3779 468
3778 468
3778 470
3777 470
3777 471
3774 471
3774 472
3772 472
3772 471
3769 471
3769 470
3768 470
3768 467
3766 467
3766 466
3761 466
3761 467
3759 467
3759 468
3757 468
3757 469
3755 469
3755 470
3754 470
3754 471
3752 471
3752 472
3751 472
3751 473
3750 473
3750 474
3749 474
3749 475
3747 475
3747 476
3745 476
3745 477
3744 477
3744 478
3743 478
3743 479
3738 479
3738 480
3737 480
3737 481
3736 481
3736 482
3724 482
3724 483
3715 483
3715 482
3713 482
3713 481
3712 481
3712 480
3711 480
3711 479
3710 479
3710 478
3709 478
3709 477
3708 477
3708 476
3707 476
3707 475
3703 475
3703 474
3701 474
3701 473
3700 473
3700 472
3698 472
3698 471
3694 471
3694 470
3692 470
3692 469
3680 469
3680 468
3666 468
3666 467
3663 467
3663 466
3661 466
3661 465
3659 465
3659 464
3657 464
3657 463
3655 463
3655 462
3654 462
3654 461
3653 461
3653 460
3652 460
3652 458
3651 458
3651 455
3650 455
3650 450
3649 450
3649 448
3648 448
3648 445
3647 445
3647 441
3646 441
3646 438
3645 438
3645 436
3644 436
3644 433
3643 433
3643 431
3642 431
3642 430
3641 430
3641 429
3638 429
3638 428
3636 428
3636 427
3635 427
3635 425
3634 425
3634 424
3633 424
3633 423
3632 423
3632 422
3631 422
3631 421
3619 421
3619 422
3617 422
3617 423
3618 423
3618 436
3617 436
3617 440
3616 440
3616 447
3615 447
3615 448
3614 448
3614 449
3612 449
3612 450
3608 450
3608 451
3606 451
3606 454
3607 454
3607 458
3606 458
3606 461
3605 461
3605 464
3604 464
3604 466
3603 466
3603 467
3601 467
3601 468
3600 468
3600 469
3597 469
3597 470
3593 470
3593 471
3590 471
3590 474
3589 474
3589 493
3590 493
3590 498
3589 498
3589 532
3588 532
3588 537
3587 537
3587 538
3586 538
3586 541
3585 541
3585 543
3584 543
3584 544
3582 544
3582 545
3581 545
3581 546
3580 546
3580 547
3579 547
3579 548
3575 548
3575 549
3572 549
3572 550
3570 550
3570 551
3568 551
3568 552
3566 552
3566 553
3559 553
3559 554
3553 554
3553 555
3551 555
3551 554
3548 554
3548 553
3546 553
3546 552
3542 552
3542 551
3539 551
3539 552
3535 552
3535 553
3533 553
3533 554
3532 554
3532 555
3531 555
3531 556
3528 556
3528 557
3511 557
3511 556
3507 556
3507 555
3505 555
3505 556
3500 556
3500 557
3499 557
3499 558
3498 558
3498 559
3497 559
3497 560
3496 560
3496 561
3492 561
3492 562
3490 562
3490 563
3488 563
3488 564
3487 564
3487 565
3486 565
3486 566
3485 566
3485 568
3484 568
3484 569
3482 569
3482 570
3480 570
3480 571
3479 571
3479 572
3478 572
3478 573
3477 573
3477 574
3476 574
3476 575
3475 575
3475 576
3474 576
3474 577
3473 577
3473 578
3469 578
3469 579
3462 579
3462 581
3461 581
3461 582
3459 582
3459 583
3453 583
3453 584
3452 584
3452 585
3451 585
3451 586
3450 586
3450 587
3449 587
3449 588
3447 588
3447 589
3443 589
3443 590
3437 590
3437 591
3431 591
3431 592
3415 592
3415 593
3413 593
3413 594
3391 594
3391 595
3385 595
3385 594
3374 594
3374 593
3371 593
3371 592
3368 592
3368 591
3363 591
3363 590
3361 590
3361 589
3360 589
3360 588
3359 588
3359 587
3358 587
3358 586
3357 586
3357 583
3356 583
3356 580
3355 580
3355 579
3354 579
3354 578
3351 578
3351 577
3349 577
3349 576
3348 576
3348 575
3347 575
3347 574
3346 574
3346 573
3345 573
3345 572
3344 572
3344 571
3343 571
3343 553
3342 553
3342 533
3341 533
3341 532
3337 532
3337 531
3336 531
3336 530
3335 530
3335 529
3334 529
3334 528
3333 528
3333 525
3332 525
3332 524
3331 524
3331 523
3328 523
3328 522
3316 522
3316 521
3310 521
3310 520
3300 520
3300 521
3298 521
3298 550
3297 550
3297 551
3296 551
3296 552
3292 552
3292 553
3285 553
3285 559
3284 559
3284 602
3283 602
3283 610
3284 610
3284 655
3282 655
3282 656
3281 656
3281 657
3280 657
3280 659
3279 659
3279 661
3278 661
3278 662
3276 662
3276 663
3275 663
3275 664
3274 664
3274 665
3272 665
3272 666
3270 666
3270 667
3269 667
3269 668
3267 668
3267 669
3265 669
3265 670
3263 670
3263 671
3261 671
3261 672
3260 672
3260 677
3259 677
3259 678
3258 678
3258 679
3257 679
3257 680
3256 680
3256 681
3255 681
3255 682
3253 682
3253 683
3252 683
3252 684
3251 684
3251 686
3250 686
3250 688
3249 688
3249 689
3248 689
3248 690
3247 690
3247 691
3244 691
3244 692
3242 692
3242 691
3238 691
3238 692
3235 692
3235 693
3233 693
3233 694
3228 694
3228 695
3226 695
3226 696
3225 696
3225 697
3217 697
3217 696
3216 696
3216 695
3215 695
3215 692
3214 692
3214 690
3210 690
3210 689
3209 689
3209 690
3205 690
3205 689
3204 689
3204 688
3203 688
3203 687
3202 687
3202 686
3201 686
3201 685
3200 685
3200 683
3199 683
3199 681
3198 681
3198 674
3197 674
3197 669
3194 669
3194 670
3182 670
3182 671
3176 671
3176 670
3174 670
3174 671
3170 671
3170 672
3168 672
3168 673
3167 673
3167 674
3157 674
3157 675
3154 675
3154 676
3142 676
3142 677
3140 677
3140 678
3138 678
3138 679
3134 679
3134 680
3132 680
3132 681
3131 681
3131 682
3129 682
3129 683
3128 683
3128 684
3124 684
3124 685
3122 685
3122 686
3121 686
3121 687
3120 687
3120 688
3119 688
3119 689
3117 689
3117 690
3108 690
3108 691
3095 691
3095 690
3093 690
3093 689
3091 689
3091 688
3089 688
3089 687
3085 687
3085 686
3082 686
3082 685
3081 685
3081 684
3079 684
3079 683
3078 683
3078 682
3077 682
3077 680
3076 680
3076 679
3075 679
3075 677
3074 677
3074 675
3073 675
3073 661
3072 661
3072 660
3057 660
3057 659
3054 659
3054 658
3050 658
3050 659
3049 659
3049 660
3046 660
3046 661
3045 661
3045 664
3044 664
3044 677
3045 677
3045 682
3044 682
3044 697
3043 697
3043 700
3044 700
3044 701
3043 701
3043 703
3044 703
3044 709
3043 709
3043 710
3044 710
3044 714
3043 714
3043 715
3042 715
3042 716
3041 716
3041 718
3040 718
3040 719
3039 719
3039 720
3038 720
3038 721
3037 721
3037 722
3036 722
3036 723
3033 723
3033 724
3032 724
3032 725
3031 725
3031 726
3029 726
3029 727
3027 727
3027 728
3026 728
3026 729
3024 729
3024 730
3022 730
3022 731
3021 731
3021 732
3020 732
3020 733
3017 733
3017 734
3015 734
3015 735
3013 735
3013 736
3009 736
3009 737
3008 737
3008 738
3006 738
3006 739
3005 739
3005 740
3002 740
3002 742
3001 742
3001 743
3000 743
3000 750
2999 750
2999 752
2998 752
2998 753
2997 753
2997 755
2996 755
2996 756
2995 756
2995 757
2994 757
2994 759
2993 759
2993 760
2991 760
2991 761
2990 761
2990 762
2989 762
2989 764
2988 764
2988 765
2987 765
2987 766
2986 766
2986 767
2984 767
2984 768
2981 768
2981 769
2978 769
2978 770
2977 770
2977 772
2976 772
2976 773
2975 773
2975 778
2973 778
2973 779
2972 779
2972 781
2971 781
2971 782
2965 782
2965 781
2964 781
2964 780
2957 780
2957 781
2953 781
2953 782
2948 782
2948 783
2942 783
2942 782
2940 782
2940 781
2938 781
2938 780
2937 780
2937 779
2936 779
2936 778
2935 778
2935 777
2934 777
2934 775
2933 775
2933 767
2932 767
2932 766
2933 766
2933 701
2932 701
2932 699
2933 699
2933 689
2932 689
2932 650
2931 650
2931 646
2930 646
2930 645
2929 645
2929 644
2928 644
2928 643
2925 643
2925 642
2924 642
2924 641
2923 641
2923 640
2922 640
2922 638
2921 638
2921 637
2920 637
2920 620
2919 620
2919 598
2918 598
2918 596
2909 596
2909 601
2910 601
2910 612
2909 612
2909 613
2907 613
2907 614
2906 614
2906 615
2903 615
2903 616
2901 616
2901 617
2896 617
2896 618
2895 618
2895 636
2894 636
2894 658
2893 658
2893 663
2894 663
2894 667
2893 667
2893 679
2892 679
2892 685
2891 685
2891 689
2889 689
2889 690
2887 690
2887 691
2886 691
2886 692
2881 692
2881 693
2880 693
2880 706
2879 706
2879 715
2878 715
2878 718
2876 718
2876 719
2875 719
2875 720
2874 720
2874 721
2873 721
2873 722
2872 722
2872 723
2870 723
2870 724
2869 724
2869 725
2868 725
2868 726
2866 726
2866 727
2854 727
2854 728
2848 728
2848 729
2844 729
2844 730
2843 730
2843 731
2842 731
2842 732
2841 732
2841 733
2837 733
2837 734
2829 734
2829 735
2822 735
2822 734
2818 734
2818 733
2811 733
2811 732
2809 732
2809 733
2801 733
2801 734
2799 734
2799 735
2795 735
2795 736
2771 736
2771 735
2753 735
2753 734
2743 734
2743 735
2742 735
2742 736
2737 736
2737 737
2735 737
2735 738
2734 738
2734 739
2727 739
2727 740
2725 740
2725 739
2722 739
2722 740
2721 740
2721 742
2718 742
2718 743
2711 743
2711 744
2697 744
2697 745
2696 745
2696 746
2694 746
2694 745
2693 745
2693 744
2690 744
2690 745
2686 745
2686 744
2661 744
2661 745
2660 745
2660 746
2658 746
2658 747
2657 747
2657 748
2650 748
2650 749
2648 749
2648 752
2647 752
2647 768
2646 768
2646 778
2645 778
2645 781
2644 781
2644 784
2643 784
2643 785
2642 785
2642 786
2641 786
2641 787
2640 787
2640 788
2638 788
2638 789
2637 789
2637 790
2636 790
2636 791
2635 791
2635 793
2634 793
2634 795
2633 795
2633 797
2632 797
2632 799
2631 799
2631 800
2630 800
2630 801
2629 801
2629 802
2628 802
2628 804
2627 804
2627 805
2626 805
2626 806
2625 806
2625 807
2624 807
2624 809
2623 809
2623 811
2622 811
2622 813
2621 813
2621 814
2620 814
2620 815
2619 815
2619 816
2615 816
2615 817
2613 817
2613 818
2612 818
2612 821
2611 821
2611 822
2610 822
2610 823
2609 823
2609 824
2608 824
2608 825
2601 825
2601 826
2599 826
2599 827
2598 827
2598 828
2597 828
2597 829
2592 829
2592 830
2587 830
2587 829
2581 829
2581 830
2575 830
2575 831
2569 831
2569 832
2561 832
2561 831
2551 831
2551 832
2543 832
2543 831
2537 831
2537 832
2534 832
2534 833
2533 833
2533 834
2532 834
2532 835
2531 835
2531 836
2530 836
2530 837
2529 837
2529 838
2528 838
2528 839
2525 839
2525 840
2513 840
2513 841
2504 841
2504 842
2502 842
2502 843
2485 843
2485 844
2482 844
2482 845
2481 845
2481 846
2478 846
2478 847
2472 847
2472 848
2469 848
2469 849
2468 849
2468 850
2466 850
2466 851
2445 851
2445 850
2441 850
2441 849
2433 849
2433 848
2429 848
2429 847
2428 847
2428 846
2426 846
2426 845
2425 845
2425 844
2423 844
2423 843
2421 843
2421 842
2418 842
2418 841
2416 841
2416 840
2415 840
2415 839
2414 839
2414 838
2413 838
2413 837
2412 837
2412 836
2411 836
2411 813
2410 813
2410 812
2409 812
2409 811
2408 811
2408 810
2403 810
2403 809
2402 809
2402 808
2400 808
2400 807
2392 807
2392 806
2391 806
2391 805
2390 805
2390 804
2389 804
2389 803
2388 803
2388 802
2387 802
2387 800
2386 800
2386 799
2385 799
2385 798
2381 798
2381 797
2358 797
2358 798
2355 798
2355 799
2354 799
2354 798
2349 798
2349 799
2347 799
2347 800
2346 800
2346 801
2345 801
2345 802
2344 802
2344 803
2337 803
2337 802
2332 802
2332 803
2330 803
2330 804
2329 804
2329 805
2328 805
2328 806
2327 806
2327 807
2326 807
2326 808
2324 808
2324 809
2321 809
2321 810
2320 810
2320 811
2319 811
2319 812
2317 812
2317 813
2316 813
2316 814
2315 814
2315 815
2310 815
2310 816
2300 816
2300 817
2294 817
2294 824
2293 824
2293 868
2292 868
2292 874
2293 874
2293 888
2294 888
2294 889
2295 889
2295 891
2296 891
2296 894
2295 894
2295 896
2294 896
2294 897
2293 897
2293 898
2292 898
2292 899
2291 899
2291 900
2283 900
2283 901
2281 901
2281 902
2274 902
2274 901
2271 901
2271 900
2269 900
2269 899
2266 899
2266 898
2265 898
2265 897
2261 897
2261 896
2256 896
2256 895
2248 895
2248 896
2247 896
2247 895
2237 895
2237 898
2236 898
2236 900
2235 900
2235 902
2234 902
2234 903
2232 903
2232 904
2221 904
2221 905
2219 905
2219 906
2216 906
2216 907
2214 907
2214 908
2213 908
2213 909
2212 909
2212 910
2211 910
2211 911
2210 911
2210 912
2209 912
2209 913
2207 913
2207 914
2198 914
2198 915
2197 915
2197 916
2193 916
2193 917
2190 917
2190 916
2182 916
2182 917
2174 917
2174 918
2172 918
2172 917
2164 917
2164 916
2161 916
2161 915
2159 915
2159 914
2158 914
2158 913
2157 913
2157 912
2156 912
2156 908
2155 908
2155 906
2154 906
2154 902
2153 902
2153 889
2151 889
2151 888
2148 888
2148 889
2132 889
2132 890
2125 890
2125 889
2123 889
2123 888
2121 888
2121 887
2119 887
2119 886
2118 886
2118 885
2115 885
2115 884
2112 884
2112 883
2110 883
2110 882
2108 882
2108 881
2107 881
2107 880
2106 880
2106 879
2105 879
2105 878
2104 878
2104 877
2103 877
2103 875
2102 875
2102 873
2101 873
2101 871
2100 871
2100 864
2099 864
2099 857
2098 857
2098 853
2097 853
2097 852
2096 852
2096 851
2095 851
2095 850
2094 850
2094 848
2093 848
2093 847
2092 847
2092 845
2091 845
2091 844
2090 844
2090 842
2089 842
2089 840
2088 840
2088 833
2087 833
2087 804
2086 804
2086 797
2085 797
2085 795
2084 795
2084 794
2082 794
2082 793
2079 793
2079 792
2075 792
2075 791
2071 791
2071 790
2070 790
2070 789
2068 789
2068 788
2066 788
2066 787
2063 787
2063 786
2061 786
2061 785
2049 785
2049 792
2047 792
2047 793
2046 793
2046 794
2045 794
2045 796
2044 796
2044 797
2042 797
2042 798
2041 798
2041 799
2040 799
2040 800
2034 800
2034 802
2033 802
2033 803
2032 803
2032 804
2031 804
2031 805
2030 805
2030 807
2029 807
2029 808
2027 808
2027 809
2024 809
2024 810
2004 810
2004 809
2003 809
2003 808
1985 808
1985 809
1984 809
1984 810
1983 810
1983 809
1980 809
1980 810
1976 810
1976 811
1973 811
1973 812
1967 812
1967 813
1964 813
1964 816
1963 816
1963 828
1962 828
1962 832
1961 832
1961 834
1960 834
1960 836
1937 836
1937 835
1936 835
1936 834
1935 834
1935 833
1934 833
1934 832
1933 832
1933 831
1930 831
1930 830
1895 830
1895 833
1894 833
1894 836
1893 836
1893 837
1892 837
1892 838
1891 838
1891 840
1890 840
1890 841
1889 841
1889 842
1883 842
1883 845
1884 845
1884 849
1885 849
1885 854
1886 854
1886 855
1885 855
1885 856
1884 856
1884 857
1874 857
1874 858
1872 858
1872 866
1871 866
1871 867
1870 867
1870 868
1862 868
1862 869
1860 869
1860 870
1859 870
1859 871
1858 871
1858 872
1857 872
1857 875
1856 875
1856 880
1855 880
1855 881
1854 881
1854 882
1853 882
1853 883
1850 883
1850 884
1848 884
1848 885
1839 885
1839 886
1837 886
1837 887
1836 887
1836 888
1835 888
1835 889
1824 889
1824 888
1822 888
1822 887
1821 887
1821 886
1820 886
1820 885
1819 885
1819 883
1818 883
1818 882
1817 882
1817 881
1816 881
1816 880
1815 880
1815 879
1812 879
1812 878
1808 878
1808 877
1792 877
1792 878
1765 878
1765 879
1763 879
1763 880
1761 880
1761 881
1757 881
1757 882
1755 882
1755 883
1753 883
1753 884
1749 884
1749 883
1748 883
1748 882
1747 882
1747 881
1746 881
1746 880
1745 880
1745 878
1744 878
1744 876
1743 876
1743 873
1742 873
1742 869
1741 869
1741 849
1740 849
1740 838
1739 838
1739 815
1738 815
1738 804
1737 804
1737 795
1738 795
1738 791
1737 791
1737 781
1736 781
1736 776
1734 776
1734 775
1720 775
1720 776
1707 776
1707 777
1689 777
1689 776
1688 776
1688 774
1687 774
1687 773
1686 773
1686 772
1685 772
1685 771
1684 771
1684 770
1683 770
1683 764
1682 764
1682 754
1681 754
1681 751
1680 751
1680 745
1679 745
1679 735
1678 735
1678 728
1677 728
1677 725
1675 725
1675 724
1670 724
1670 723
1637 723
1637 722
1624 722
1624 723
1611 723
1611 722
1606 722
1606 721
1585 721
1585 722
1582 722
1582 723
1580 723
1580 724
1576 724
1576 725
1574 725
1574 726
1572 726
1572 727
1571 727
1571 728
1569 728
1569 729
1567 729
1567 730
1566 730
1566 731
1564 731
1564 732
1553 732
1553 731
1550 731
1550 730
1549 730
1549 729
1548 729
1548 728
1544 728
1544 729
1543 729
1543 728
1542 728
1542 727
1541 727
1541 726
1532 726
1532 727
1530 727
1530 728
1520 728
1520 729
1512 729
1512 730
1511 730
1511 733
1510 733
1510 749
1509 749
1509 750
1508 750
1508 751
1500 751
1500 752
1489 752
1489 753
1488 753
1488 754
1487 754
1487 755
1485 755
1485 756
1483 756
1483 757
1482 757
1482 759
1481 759
1481 761
1480 761
1480 762
1479 762
1479 763
1478 763
1478 764
1477 764
1477 765
1476 765
1476 766
1474 766
1474 767
1464 767
1464 768
1458 768
1458 769
1457 769
1457 771
1456 771
1456 772
1450 772
1450 773
1446 773
1446 774
1442 774
1442 773
1434 773
1434 772
1432 772
1432 771
1430 771
1430 770
1425 770
1425 769
1418 769
1418 770
1405 770
1405 769
1404 769
1404 768
1403 768
1403 767
1400 767
1400 766
1397 766
1397 765
1393 765
1393 764
1392 764
1392 763
1391 763
1391 762
1390 762
1390 761
1389 761
1389 760
1388 760
1388 758
1387 758
1387 753
1386 753
1386 749
1385 749
1385 747
1381 747
1381 746
1378 746
1378 745
1377 745
1377 744
1376 744
1376 743
1375 743
1375 741
1374 741
1374 738
1373 738
1373 730
1372 730
1372 728
1370 728
1370 727
1365 727
1365 726
1364 726
1364 725
1363 725
1363 724
1362 724
1362 723
1361 723
1361 721
1360 721
1360 718
1359 718
1359 711
1358 711
1358 697
1357 697
1357 682
1356 682
1356 676
1357 676
1357 671
1356 671
1356 642
1355 642
1355 636
1354 636
1354 637
1352 637
1352 636
1348 636
1348 637
1347 637
1347 638
1345 638
1345 639
1344 639
1344 646
1345 646
1345 648
1346 648
1346 650
1347 650
1347 653
1348 653
1348 654
1347 654
1347 657
1346 657
1346 658
1345 658
1345 659
1344 659
1344 660
1343 660
1343 661
1341 661
1341 662
1340 662
1340 663
1339 663
1339 664
1337 664
1337 665
1334 665
1334 666
1333 666
1333 677
1332 677
1332 679
1333 679
1333 685
1334 685
1334 702
1333 702
1333 703
1332 703
1332 704
1331 704
1331 705
1330 705
1330 706
1329 706
1329 707
1325 707
1325 708
1315 708
1315 709
1311 709
1311 710
1298 710
1298 711
1293 711
1293 712
1285 712
1285 711
1276 711
1276 710
1274 710
1274 709
1272 709
1272 708
1270 708
1270 707
1268 707
1268 706
1266 706
1266 705
1264 705
1264 704
1263 704
1263 703
1262 703
1262 702
1261 702
1261 700
1258 700
1258 699
1257 699
1257 698
1255 698
1255 697
1253 697
1253 696
1250 696
1250 695
1247 695
1247 694
1244 694
1244 693
1237 693
1237 692
1235 692
1235 691
1227 691
1227 692
1221 692
1221 693
1216 693
1216 694
1214 694
1214 695
1201 695
1201 694
1200 694
1200 693
1198 693
1198 692
1195 692
1195 691
1191 691
1191 690
1187 690
1187 689
1184 689
1184 690
1181 690
1181 691
1174 691
1174 692
1173 692
1173 693
1172 693
1172 694
1171 694
1171 695
1170 695
1170 713
1169 713
1169 714
1168 714
1168 716
1167 716
1167 717
1166 717
1166 718
1158 718
1158 719
1153 719
1153 718
1150 718
1150 717
1147 717
1147 716
1143 716
1143 717
1139 717
1139 716
1134 716
1134 715
1133 715
1133 714
1132 714
1132 712
1131 712
1131 711
1130 711
1130 710
1128 710
1128 709
1127 709
1127 708
1126 708
1126 707
1120 707
1120 706
1084 706
1084 705
1075 705
1075 704
1070 704
1070 705
1066 705
1066 704
1063 704
1063 703
1061 703
1061 702
1060 702
1060 701
1059 701
1059 700
1058 700
1058 699
1057 699
1057 698
1054 698
1054 697
1052 697
1052 696
1050 696
1050 695
1048 695
1048 694
1047 694
1047 693
1046 693
1046 692
1045 692
1045 691
1044 691
1044 689
1043 689
1043 686
1042 686
1042 679
1041 679
1041 657
1040 657
1040 644
1039 644
1039 641
1038 641
1038 640
1037 640
1037 639
1036 639
1036 638
1034 638
1034 637
1031 637
1031 636
1027 636
1027 635
1019 635
1019 636
1017 636
1017 637
1013 637
1013 638
1010 638
1010 639
1009 639
1009 640
1008 640
1008 641
1007 641
1007 642
1006 642
1006 643
1004 643
1004 644
1003 644
1003 645
1002 645
1002 646
1001 646
1001 647
1000 647
1000 648
999 648
999 649
998 649
998 650
997 650
997 651
995 651
995 652
994 652
994 653
993 653
993 654
992 654
992 655
991 655
991 656
990 656
990 657
989 657
989 659
988 659
988 661
987 661
987 662
986 662
986 664
985 664
985 665
983 665
983 666
981 666
981 667
979 667
979 669
978 669
978 670
977 670
977 673
976 673
976 674
975 674
975 677
974 677
974 680
973 680
973 682
972 682
972 683
971 683
971 684
970 684
970 685
969 685
969 686
968 686
968 687
967 687
967 688
965 688
965 691
964 691
964 692
963 692
963 693
960 693
960 694
956 694
956 695
952 695
952 696
951 696
951 697
950 697
950 698
946 698
946 699
934 699
934 698
924 698
924 699
921 699
921 700
917 700
917 699
891 699
891 700
890 700
890 699
886 699
886 698
884 698
884 697
883 697
883 696
881 696
881 695
872 695
872 694
870 694
870 693
869 693
869 692
868 692
868 691
867 691
867 690
866 690
866 689
865 689
865 688
864 688
864 687
863 687
863 682
862 682
862 680
861 680
861 679
858 679
858 678
857 678
857 677
855 677
855 676
854 676
854 675
853 675
853 673
852 673
852 672
851 672
851 671
848 671
848 670
844 670
844 669
843 669
843 668
842 668
842 667
835 667
835 666
832 666
832 665
831 665
831 664
825 664
825 663
822 663
822 662
820 662
820 661
819 661
819 660
818 660
818 659
817 659
817 658
815 658
815 657
814 657
814 656
813 656
813 655
809 655
809 654
807 654
807 653
806 653
806 652
804 652
804 651
800 651
800 650
799 650
799 649
795 649
795 648
794 648
794 647
793 647
793 646
792 646
792 645
791 645
791 644
790 644
790 641
789 641
789 633
788 633
788 632
786 632
786 631
783 631
783 630
780 630
780 629
778 629
778 628
773 628
773 627
772 627
772 626
771 626
771 625
770 625
770 624
769 624
769 623
768 623
768 621
767 621
767 620
766 620
766 619
765 619
765 614
764 614
764 591
763 591
763 584
762 584
762 583
759 583
759 582
757 582
757 581
755 581
755 580
754 580
754 579
753 579
753 578
752 578
752 575
751 575
751 574
745 574
745 573
744 573
744 572
742 572
742 571
741 571
741 572
738 572
738 573
734 573
734 572
731 572
731 573
725 573
725 572
721 572
721 571
720 571
720 570
718 570
718 569
717 569
717 567
712 567
712 566
709 566
709 565
708 565
708 564
707 564
707 563
706 563
706 562
705 562
705 561
704 561
704 559
702 559
702 558
698 558
698 557
695 557
695 556
694 556
694 555
693 555
693 554
692 554
692 553
681 553
681 554
675 554
675 555
669 555
669 556
663 556
663 555
662 555
662 554
659 554
659 553
657 553
657 552
652 552
652 551
648 551
648 550
646 550
646 549
639 549
639 548
638 548
638 547
635 547
635 546
633 546
633 547
627 547
627 548
623 548
623 549
619 549
619 548
613 548
613 547
612 547
612 546
610 546
610 545
609 545
609 544
604 544
604 543
596 543
596 542
588 542
588 541
586 541
586 540
585 540
585 539
584 539
584 537
574 537
574 531
573 531
573 529
572 529
572 525
571 525
571 519
570 519
570 499
569 499
569 492
565 492
565 491
562 491
562 490
561 490
561 489
560 489
560 487
559 487
559 485
558 485
558 482
557 482
557 481
552 481
552 480
545 480
545 481
544 481
544 482
542 482
542 483
523 483
523 484
520 484
520 485
517 485
517 486
516 486
516 489
515 489
515 490
514 490
514 491
513 491
513 493
512 493
512 494
511 494
511 495
510 495
510 496
508 496
508 497
507 497
507 498
506 498
506 497
507 497
507 496
508 496
508 495
510 495
510 494
511 494
511 493
512 493
512 491
513 491
513 490
514 490
514 489
515 489
515 486
516 486
516 485
517 485
517 484
520 484
520 483
523 483
523 482
542 482
542 481
544 481
544 480
545 480
545 479
552 479
552 480
557 480
557 481
558 481
558 482
559 482
559 485
560 485
560 487
561 487
561 489
562 489
562 490
565 490
565 491
569 491
569 492
570 492
570 499
571 499
571 519
572 519
572 525
573 525
573 529
574 529
574 531
575 531
575 536
584 536
584 537
585 537
585 539
586 539
586 540
588 540
588 541
596 541
596 542
604 542
604 543
609 543
609 544
610 544
610 545
612 545
612 546
613 546
613 547
619 547
619 548
623 548
623 547
627 547
627 546
633 546
633 545
635 545
635 546
639 546
639 548
646 548
646 549
648 549
648 550
652 550
652 551
657 551
657 552
659 552
659 553
662 553
662 554
663 554
663 555
669 555
669 554
675 554
675 553
681 553
681 552
692 552
692 553
693 553
693 554
694 554
694 555
695 555
695 556
698 556
698 557
702 557
702 558
704 558
704 559
705 559
705 561
706 561
706 562
707 562
707 563
708 563
708 564
709 564
709 565
712 565
712 566
717 566
717 567
718 567
718 569
720 569
720 570
721 570
721 571
725 571
725 572
731 572
731 571
734 571
734 572
738 572
738 571
741 571
741 570
742 570
742 571
744 571
744 572
745 572
745 573
751 573
751 574
752 574
752 575
753 575
753 578
754 578
754 579
755 579
755 580
757 580
757 581
759 581
759 582
762 582
762 583
763 583
763 584
764 584
764 591
765 591
765 614
766 614
766 619
767 619
767 620
768 620
768 621
769 621
769 623
770 623
770 624
771 624
771 625
772 625
772 626
773 626
773 627
778 627
778 628
780 628
780 629
783 629
783 630
786 630
786 631
788 631
788 632
789 632
789 633
790 633
790 641
791 641
791 644
792 644
792 645
793 645
793 646
794 646
794 647
795 647
795 648
799 648
799 649
800 649
800 650
804 650
804 651
806 651
806 652
807 652
807 653
809 653
809 654
813 654
813 655
814 655
814 656
815 656
815 657
817 657
817 658
818 658
818 659
819 659
819 660
820 660
820 661
822 661
822 662
825 662
825 663
831 663
831 664
832 664
832 665
835 665
835 666
842 666
842 667
843 667
843 668
844 668
844 669
848 669
848 670
851 670
851 671
852 671
852 672
853 672
853 673
854 673
854 675
855 675
855 676
857 676
857 677
858 677
858 678
861 678
861 679
862 679
862 680
863 680
863 682
864 682
864 687
865 687
865 688
866 688
866 689
867 689
867 690
868 690
868 691
869 691
869 692
870 692
870 693
872 693
872 694
881 694
881 695
883 695
883 696
884 696
884 697
886 697
886 698
890 698
890 699
891 699
891 698
917 698
917 699
921 699
921 698
924 698
924 697
934 697
934 698
946 698
946 697
950 697
950 696
951 696
951 695
952 695
952 694
956 694
956 693
960 693
960 692
963 692
963 691
964 691
964 688
965 688
965 687
967 687
967 686
968 686
968 685
969 685
969 684
970 684
970 683
971 683
971 682
972 682
972 680
973 680
973 677
974 677
974 674
975 674
975 673
976 673
976 670
977 670
977 669
978 669
978 667
979 667
979 666
981 666
981 665
983 665
983 664
985 664
985 662
986 662
986 661
987 661
987 659
988 659
988 657
989 657
989 656
990 656
990 655
991 655
991 654
992 654
992 653
993 653
993 652
994 652
994 651
995 651
995 650
997 650
997 649
998 649
998 648
999 648
999 647
1000 647
1000 646
1001 646
1001 645
1002 645
1002 644
1003 644
1003 643
1004 643
1004 642
1006 642
1006 641
1007 641
1007 640
1008 640
1008 639
1009 639
1009 638
1010 638
1010 637
1013 637
1013 636
1017 636
1017 635
1019 635
1019 634
1027 634
1027 635
1031 635
1031 636
1034 636
1034 637
1036 637
1036 638
1037 638
1037 639
1038 639
1038 640
1039 640
1039 641
1040 641
1040 644
1041 644
1041 657
1042 657
1042 679
1043 679
1043 686
1044 686
1044 689
1045 689
1045 691
1046 691
1046 692
1047 692
1047 693
1048 693
1048 694
1050 694
1050 695
1052 695
1052 696
1054 696
1054 697
1057 697
1057 698
1058 698
1058 699
1059 699
1059 700
1060 700
1060 701
1061 701
1061 702
1063 702
1063 703
1066 703
1066 704
1070 704
1070 703
1075 703
1075 704
1084 704
1084 705
1120 705
1120 706
1126 706
1126 707
1127 707
1127 708
1128 708
1128 709
1130 709
1130 710
1131 710
1131 711
1132 711
1132 712
1133 712
1133 714
1134 714
1134 715
1139 715
1139 716
1143 716
1143 715
1147 715
1147 716
1150 716
1150 717
1153 717
1153 718
1158 718
1158 717
1166 717
1166 716
1167 716
1167 714
1168 714
1168 713
1169 713
1169 695
1170 695
1170 694
1171 694
1171 693
1172 693
1172 692
1173 692
1173 691
1174 691
1174 690
1181 690
1181 689
1184 689
1184 688
1187 688
1187 689
1191 689
1191 690
1195 690
1195 691
1198 691
1198 692
1200 692
1200 693
1201 693
1201 694
1214 694
1214 693
1216 693
1216 692
1221 692
1221 691
1227 691
1227 690
1235 690
1235 691
1237 691
1237 692
1244 692
1244 693
1247 693
1247 694
1250 694
1250 695
1253 695
1253 696
1255 696
1255 697
1257 697
1257 698
1258 698
1258 699
1261 699
1261 700
1262 700
1262 702
1263 702
1263 703
1264 703
1264 704
1266 704
1266 705
1268 705
1268 706
1270 706
1270 707
1272 707
1272 708
1274 708
1274 709
1276 709
1276 710
1285 710
1285 711
1293 711
1293 710
1298 710
1298 709
1311 709
1311 708
1315 708
1315 707
1325 707
1325 706
1329 706
1329 705
1330 705
1330 704
1331 704
1331 703
1332 703
1332 701
1333 701
1333 685
1332 685
1332 679
1331 679
1331 677
1332 677
1332 666
1333 666
1333 665
1334 665
1334 664
1337 664
1337 663
1339 663
1339 662
1340 662
1340 661
1341 661
1341 660
1343 660
1343 659
1344 659
1344 658
1345 658
1345 657
1346 657
1346 654
1347 654
1347 653
1346 653
1346 650
1345 650
1345 648
1344 648
1344 646
1343 646
1343 639
1344 639
1344 638
1345 638
1345 637
1347 637
1347 636
1348 636
1348 635
1352 635
1352 636
1354 636
1354 635
1355 635
1355 636
1356 636
1356 642
1357 642
1357 671
1358 671
1358 676
1357 676
1357 682
1358 682
1358 697
1359 697
1359 711
1360 711
1360 718
1361 718
1361 721
1362 721
1362 723
1363 723
1363 724
1364 724
1364 725
1365 725
1365 726
1370 726
1370 727
1372 727
1372 728
1373 728
1373 730
1374 730
1374 738
1375 738
1375 741
1376 741
1376 743
1377 743
1377 744
1378 744
1378 745
1381 745
1381 746
1385 746
1385 747
1386 747
1386 749
1387 749
1387 753
1388 753
1388 758
1389 758
1389 760
1390 760
1390 761
1391 761
1391 762
1392 762
1392 763
1393 763
1393 764
1397 764
1397 765
1400 765
1400 766
1403 766
1403 767
1404 767
1404 768
1405 768
1405 769
1418 769
1418 768
1425 768
1425 769
1430 769
1430 770
1432 770
1432 771
1434 771
1434 772
1442 772
1442 773
1446 773
1446 772
1450 772
1450 771
1456 771
1456 769
1457 769
1457 768
1458 768
1458 767
1464 767
1464 766
1474 766
1474 765
1476 765
1476 764
1477 764
1477 763
1478 763
1478 762
1479 762
1479 761
1480 761
1480 759
1481 759
1481 757
1482 757
1482 756
1483 756
1483 755
1485 755
1485 754
1487 754
1487 753
1488 753
1488 752
1489 752
1489 751
1500 751
1500 750
1508 750
1508 749
1509 749
1509 733
1510 733
1510 730
1511 730
1511 729
1512 729
1512 728
1520 728
1520 727
1530 727
1530 726
1532 726
1532 725
1541 725
1541 726
1544 726
1544 727
1548 727
1548 728
1549 728
1549 729
1550 729
1550 730
1553 730
1553 731
1564 731
1564 730
1566 730
1566 729
1567 729
1567 728
1569 728
1569 727
1571 727
1571 726
1572 726
1572 725
1574 725
1574 724
1576 724
1576 723
1580 723
1580 722
1582 722
1582 721
1585 721
1585 720
1606 720
1606 721
1611 721
1611 722
1624 722
1624 721
1637 721
1637 722
1670 722
1670 723
1675 723
1675 724
1677 724
1677 725
1678 725
1678 728
1679 728
1679 735
1680 735
1680 745
1681 745
1681 751
1682 751
1682 754
1683 754
1683 764
1684 764
1684 770
1685 770
1685 771
1686 771
1686 772
1687 772
1687 773
1688 773
1688 774
1689 774
1689 776
1707 776
1707 775
1720 775
1720 774
1734 774
1734 775
1736 775
1736 776
1737 776
1737 781
1738 781
1738 791
1739 791
1739 795
1738 795
1738 804
1739 804
1739 815
1740 815
1740 838
1741 838
1741 849
1742 849
1742 869
1743 869
1743 873
1744 873
1744 876
1745 876
1745 878
1746 878
1746 880
1747 880
1747 881
1748 881
1748 882
1749 882
1749 883
1753 883
1753 882
1755 882
1755 881
1757 881
1757 880
1761 880
1761 879
1763 879
1763 878
1765 878
1765 877
1792 877
1792 876
1808 876
1808 877
1812 877
1812 878
1815 878
1815 879
1816 879
1816 880
1817 880
1817 881
1818 881
1818 882
1819 882
1819 883
1820 883
1820 885
1821 885
1821 886
1822 886
1822 887
1824 887
1824 888
1835 888
1835 887
1836 887
1836 886
1837 886
1837 885
1839 885
1839 884
1848 884
1848 883
1850 883
1850 882
1853 882
1853 881
1854 881
1854 880
1855 880
1855 875
1856 875
1856 872
1857 872
1857 871
1858 871
1858 870
1859 870
1859 869
1860 869
1860 868
1862 868
1862 867
1870 867
1870 866
1871 866
1871 858
1872 858
1872 857
1874 857
1874 856
1884 856
1884 855
1885 855
1885 854
1884 854
1884 849
1883 849
1883 845
1882 845
1882 842
1883 842
1883 841
1889 841
1889 840
1890 840
1890 838
1891 838
1891 837
1892 837
1892 836
1893 836
1893 833
1894 833
1894 830
1895 830
1895 829
1930 829
1930 830
1933 830
1933 831
1934 831
1934 832
1935 832
1935 833
1936 833
1936 834
1937 834
1937 835
1959 835
1959 834
1960 834
1960 832
1961 832
1961 828
1962 828
1962 816
1963 816
1963 813
1964 813
1964 812
1967 812
1967 811
1973 811
1973 810
1976 810
1976 809
1980 809
1980 808
1983 808
1983 807
2003 807
2003 808
2004 808
2004 809
2024 809
2024 808
2027 808
2027 807
2029 807
2029 805
2030 805
2030 804
2031 804
2031 803
2032 803
2032 802
2033 802
2033 800
2034 800
2034 799
2040 799
2040 798
2041 798
2041 797
2042 797
2042 796
2044 796
2044 794
2045 794
2045 793
2046 793
2046 792
2047 792
2047 791
2048 791
2048 785
2049 785
2049 784
2061 784
2061 785
2063 785
2063 786
2066 786
2066 787
2068 787
2068 788
2070 788
2070 789
2071 789
2071 790
2075 790
2075 791
2079 791
2079 792
2082 792
2082 793
2084 793
2084 794
2085 794
2085 795
2086 795
2086 797
2087 797
2087 804
2088 804
2088 833
2089 833
2089 840
2090 840
2090 842
2091 842
2091 844
2092 844
2092 845
2093 845
2093 847
2094 847
2094 848
2095 848
2095 850
2096 850
2096 851
2097 851
2097 852
2098 852
2098 853
2099 853
2099 857
2100 857
2100 864
2101 864
2101 871
2102 871
2102 873
2103 873
2103 875
2104 875
2104 877
2105 877
2105 878
2106 878
2106 879
2107 879
2107 880
2108 880
2108 881
2110 881
2110 882
2112 882
2112 883
2115 883
2115 884
2118 884
2118 885
2119 885
2119 886
2121 886
2121 887
2123 887
2123 888
2125 888
2125 889
2132 889
2132 888
2148 888
2148 887
2151 887
2151 888
2153 888
2153 889
2154 889
2154 902
2155 902
2155 906
2156 906
2156 908
2157 908
2157 912
2158 912
2158 913
2159 913
2159 914
2161 914
2161 915
2164 915
2164 916
2172 916
2172 917
2174 917
2174 916
2182 916
2182 915
2190 915
2190 916
2193 916
2193 915
2197 915
2197 914
2198 914
2198 913
2207 913
2207 912
2209 912
2209 911
2210 911
2210 910
2211 910
2211 909
2212 909
2212 908
2213 908
2213 907
2214 907
2214 906
2216 906
2216 905
2219 905
2219 904
2221 904
2221 903
2232 903
2232 902
2234 902
2234 900
2235 900
2235 898
2236 898
2236 895
2237 895
2237 894
2247 894
2247 895
2248 895
2248 894
2256 894
2256 895
2261 895
2261 896
2265 896
2265 897
2266 897
2266 898
2269 898
2269 899
2271 899
2271 900
2274 900
2274 901
2281 901
2281 900
2283 900
2283 899
2291 899
2291 898
2292 898
2292 897
2293 897
2293 896
2294 896
2294 894
2295 894
2295 891
2294 891
2294 889
2293 889
2293 888
2292 888
2292 874
2291 874
2291 868
2292 868
2292 824
2293 824
2293 817
2294 817
2294 816
2300 816
2300 815
2310 815
2310 814
2315 814
2315 813
2316 813
2316 812
2317 812
2317 811
2319 811
2319 810
2320 810
2320 809
2321 809
2321 808
2324 808
2324 807
2326 807
2326 806
2327 806
2327 805
2328 805
2328 804
2329 804
2329 803
2330 803
2330 802
2332 802
2332 801
2337 801
2337 802
2344 802
2344 801
2345 801
2345 800
2346 800
2346 799
2347 799
2347 798
2349 798
2349 797
2354 797
2354 798
2355 798
2355 797
2358 797
2358 796
2381 796
2381 797
2385 797
2385 798
2386 798
2386 799
2387 799
2387 800
2388 800
2388 802
2389 802
2389 803
2390 803
2390 804
2391 804
2391 805
2392 805
2392 806
2400 806
2400 807
2402 807
2402 808
2403 808
2403 809
2408 809
2408 810
2409 810
2409 811
2410 811
2410 812
2411 812
2411 813
2412 813
2412 836
2413 836
2413 837
2414 837
2414 838
2415 838
2415 839
2416 839
2416 840
2418 840
2418 841
2421 841
2421 842
2423 842
2423 843
2425 843
2425 844
2426 844
