2841 638
2840 638
2840 645
2839 645
2839 647
2838 647
2838 651
2837 651
2837 652
2836 652
2836 653
2834 653
2834 654
2833 654
2833 655
2831 655
2831 656
2828 656
2828 657
2825 657
2825 658
2824 658
2824 659
2820 659
2820 660
2817 660
2817 661
2816 661
2816 662
2814 662
2814 663
2813 663
2813 664
2811 664
2811 665
2809 665
2809 666
2808 666
2808 667
2805 667
2805 668
2803 668
2803 669
2802 669
2802 673
2801 673
2801 675
2800 675
2800 677
2799 677
2799 679
2798 679
2798 681
2797 681
2797 682
2796 682
2796 684
2791 684
2791 685
2788 685
2788 686
2787 686
2787 687
2783 687
2783 688
2780 688
2780 687
2778 687
2778 686
2776 686
2776 685
2771 685
2771 684
2770 684
2770 683
2768 683
2768 682
2767 682
2767 681
2766 681
2766 678
2765 678
2765 674
2764 674
2764 672
2763 672
2763 671
2761 671
2761 670
2760 670
2760 669
2759 669
2759 668
2750 668
2750 667
2748 667
2748 666
2747 666
2747 665
2746 665
2746 664
2745 664
2745 663
2744 663
2744 662
2743 662
2743 659
2742 659
2742 657
2741 657
2741 654
2742 654
2742 651
2741 651
2741 644
2742 644
2742 641
2741 641
2741 638
2740 638
2740 637
2736 637
2736 636
2735 636
2735 635
2734 635
2734 634
2733 634
2733 631
2732 631
2732 629
2731 629
2731 601
2728 601
2728 600
2727 600
2727 599
2726 599
2726 598
2725 598
2725 597
2724 597
2724 596
2723 596
2723 595
2722 595
2722 594
2721 594
2721 592
2720 592
2720 590
2717 590
2717 588
2716 588
2716 587
2713 587
2713 586
2712 586
2712 584
2711 584
2711 577
2710 577
2710 574
2709 574
2709 573
2708 573
2708 572
2707 572
2707 571
2705 571
2705 570
2704 570
2704 569
2703 569
2703 567
2702 567
2702 566
2701 566
2701 564
2700 564
2700 523
2701 523
2701 518
2700 518
2700 515
2701 515
2701 501
2699 501
2699 500
2691 500
2691 499
2677 499
2677 500
2675 500
2675 501
2672 501
2672 499
2669 499
2669 500
2659 500
2659 501
2657 501
2657 502
2656 502
2656 503
2650 503
2650 504
2647 504
2647 505
2646 505
2646 506
2644 506
2644 507
2636 507
2636 508
2634 508
2634 509
2625 509
2625 508
2624 508
2624 509
2619 509
2619 510
2613 510
2613 514
2612 514
2612 516
2611 516
2611 519
2608 519
2608 520
2606 520
2606 521
2604 521
2604 522
2603 522
2603 523
2600 523
2600 524
2599 524
2599 527
2598 527
2598 528
2593 528
2593 529
2588 529
2588 530
2586 530
2586 531
2575 531
2575 532
2570 532
2570 531
2568 531
2568 530
2567 530
2567 529
2565 529
2565 528
2564 528
2564 527
2563 527
2563 526
2562 526
2562 525
2560 525
2560 524
2557 524
2557 523
2555 523
2555 522
2552 522
2552 521
2551 521
2551 520
2547 520
2547 521
2541 521
2541 520
2539 520
2539 519
2520 519
2520 518
2519 518
2519 517
2518 517
2518 516
2517 516
2517 515
2516 515
2516 514
2515 514
2515 513
2514 513
2514 509
2513 509
2513 500
2512 500
2512 498
2511 498
2511 497
2510 497
2510 496
2508 496
2508 495
2507 495
2507 494
2506 494
2506 493
2505 493
2505 492
2504 492
2504 491
2503 491
2503 488
2502 488
2502 476
2501 476
2501 474
2500 474
2500 473
2499 473
2499 472
2498 472
2498 471
2497 471
2497 470
2496 470
2496 469
2495 469
2495 468
2494 468
2494 466
2493 466
2493 459
2492 459
2492 455
2493 455
2493 454
2492 454
2492 450
2488 450
2488 449
2481 449
2481 450
2477 450
2477 451
2475 451
2475 453
2474 453
2474 456
2473 456
2473 461
2472 461
2472 463
2471 463
2471 465
2470 465
2470 466
2469 466
2469 467
2468 467
2468 468
2467 468
2467 469
2466 469
2466 470
2465 470
2465 471
2463 471
2463 472
2461 472
2461 473
2460 473
2460 475
2459 475
2459 480
2458 480
2458 490
2457 490
2457 497
2456 497
2456 502
2455 502
2455 508
2454 508
2454 510
2453 510
2453 511
2452 511
2452 512
2450 512
2450 514
2449 514
2449 515
2446 515
2446 516
2445 516
2445 517
2444 517
2444 518
2443 518
2443 519
2441 519
2441 520
2440 520
2440 521
2439 521
2439 522
2438 522
2438 523
2437 523
2437 524
2435 524
2435 525
2432 525
2432 526
2431 526
2431 527
2430 527
2430 528
2429 528
2429 529
2428 529
2428 530
2427 530
2427 532
2426 532
2426 534
2425 534
2425 535
2424 535
2424 536
2423 536
2423 537
2422 537
2422 538
2420 538
2420 539
2418 539
2418 540
2416 540
2416 541
2415 541
2415 542
2413 542
2413 545
2412 545
2412 546
2411 546
2411 551
2410 551
2410 554
2409 554
2409 556
2408 556
2408 557
2407 557
2407 558
2406 558
2406 559
2405 559
2405 560
2404 560
2404 561
2403 561
2403 562
2402 562
2402 563
2399 563
2399 564
2397 564
2397 565
2396 565
2396 567
2394 567
2394 568
2389 568
2389 569
2387 569
2387 570
2383 570
2383 571
2378 571
2378 570
2373 570
2373 571
2372 571
2372 572
2371 572
2371 573
2370 573
2370 574
2369 574
2369 575
2368 575
2368 576
2367 576
2367 580
2366 580
2366 582
2365 582
2365 585
2364 585
2364 589
2363 589
2363 594
2362 594
2362 600
2361 600
2361 603
2360 603
2360 607
2359 607
2359 610
2358 610
2358 611
2356 611
2356 612
2355 612
2355 613
2354 613
2354 614
2353 614
2353 616
2352 616
2352 617
2351 617
2351 619
2350 619
2350 620
2349 620
2349 623
2348 623
2348 625
2347 625
2347 635
2346 635
2346 637
2345 637
2345 638
2344 638
2344 639
2343 639
2343 640
2342 640
2342 642
2341 642
2341 643
2330 643
2330 642
2327 642
2327 641
2325 641
2325 640
2324 640
2324 638
2323 638
2323 637
2321 637
2321 636
2320 636
2320 635
2319 635
2319 634
2317 634
2317 631
2313 631
2313 629
2308 629
2308 628
2305 628
2305 627
2304 627
2304 624
2303 624
2303 623
2302 623
2302 622
2301 622
2301 621
2300 621
2300 620
2298 620
2298 619
2297 619
2297 618
2296 618
2296 617
2295 617
2295 616
2294 616
2294 615
2292 615
2292 614
2291 614
2291 613
2290 613
2290 612
2287 612
2287 611
2286 611
2286 609
2284 609
2284 608
2283 608
2283 607
2280 607
2280 605
2277 605
2277 604
2276 604
2276 602
2275 602
2275 601
2274 601
2274 600
2273 600
2273 599
2272 599
2272 598
2269 598
2269 597
2268 597
2268 596
2266 596
2266 595
2265 595
2265 594
2264 594
2264 593
2263 593
2263 592
2262 592
2262 588
2261 588
2261 549
2260 549
2260 541
2261 541
2261 539
2260 539
2260 536
2259 536
2259 528
2258 528
2258 526
2257 526
2257 524
2256 524
2256 523
2255 523
2255 522
2254 522
2254 521
2251 521
2251 520
2249 520
2249 519
2245 519
2245 518
2244 518
2244 517
2240 517
2240 516
2237 516
2237 515
2236 515
2236 514
2234 514
2234 513
2231 513
2231 512
2229 512
2229 511
2227 511
2227 510
2225 510
2225 509
2224 509
2224 508
2223 508
2223 507
2222 507
2222 504
2221 504
2221 502
2220 502
2220 489
2219 489
2219 459
2220 459
2220 455
2219 455
2219 449
2218 449
2218 446
2217 446
2217 438
2216 438
2216 436
2215 436
2215 435
2214 435
2214 434
2213 434
2213 433
2212 433
2212 432
2211 432
2211 431
2210 431
2210 430
2202 430
2202 431
2198 431
2198 432
2197 432
2197 436
2196 436
2196 437
2194 437
2194 438
2193 438
2193 439
2192 439
2192 442
2191 442
2191 444
2190 444
2190 445
2189 445
2189 448
2188 448
2188 449
2187 449
2187 450
2186 450
2186 451
2185 451
2185 452
2184 452
2184 453
2183 453
2183 454
2182 454
2182 456
2181 456
2181 457
2180 457
2180 458
2179 458
2179 461
2178 461
2178 464
2177 464
2177 471
2176 471
2176 480
2175 480
2175 484
2174 484
2174 489
2175 489
2175 493
2174 493
2174 504
2173 504
2173 507
2174 507
2174 514
2173 514
2173 526
2172 526
2172 527
2171 527
2171 529
2170 529
2170 530
2169 530
2169 531
2168 531
2168 532
2167 532
2167 533
2166 533
2166 535
2165 535
2165 539
2164 539
2164 540
2163 540
2163 542
2162 542
2162 545
2161 545
2161 546
2159 546
2159 548
2158 548
2158 549
2157 549
2157 550
2156 550
2156 551
2155 551
2155 552
2154 552
2154 553
2153 553
2153 554
2152 554
2152 555
2151 555
2151 556
2150 556
2150 558
2149 558
2149 559
2148 559
2148 560
2147 560
2147 563
2146 563
2146 565
2145 565
2145 568
2144 568
2144 575
2143 575
2143 577
2144 577
2144 582
2143 582
2143 584
2144 584
2144 588
2143 588
2143 592
2142 592
2142 593
2141 593
2141 596
2140 596
2140 597
2139 597
2139 599
2135 599
2135 600
2134 600
2134 601
2133 601
2133 602
2131 602
2131 603
2127 603
2127 606
2125 606
2125 608
2124 608
2124 609
2123 609
2123 610
2122 610
2122 611
2119 611
2119 612
2116 612
2116 613
2115 613
2115 614
2114 614
2114 615
2113 615
2113 616
2112 616
2112 617
2110 617
2110 618
2109 618
2109 620
2108 620
2108 621
2107 621
2107 623
2106 623
2106 625
2105 625
2105 626
2104 626
2104 627
2102 627
2102 628
2101 628
2101 629
2100 629
2100 631
2099 631
2099 632
2098 632
2098 634
2097 634
2097 636
2096 636
2096 637
2095 637
2095 639
2094 639
2094 640
2093 640
2093 641
2092 641
2092 642
2091 642
2091 643
2090 643
2090 644
2087 644
2087 645
2086 645
2086 646
2085 646
2085 647
2084 647
2084 648
2083 648
2083 649
2082 649
2082 650
2081 650
2081 651
2079 651
2079 652
2078 652
2078 653
2075 653
2075 654
2070 654
2070 653
2069 653
2069 652
2061 652
2061 651
2060 651
2060 650
2057 650
2057 649
2055 649
2055 648
2053 648
2053 647
2052 647
2052 646
2049 646
2049 645
2044 645
2044 644
2041 644
2041 643
2037 643
2037 642
2035 642
2035 641
2034 641
2034 640
2030 640
2030 639
2029 639
2029 638
2027 638
2027 636
2026 636
2026 635
2025 635
2025 634
2024 634
2024 633
2023 633
2023 632
2022 632
2022 631
2021 631
2021 630
2020 630
2020 629
2015 629
2015 628
2012 628
2012 627
2009 627
2009 626
2007 626
2007 625
2006 625
2006 624
1994 624
1994 625
1991 625
1991 624
1988 624
1988 623
1984 623
1984 622
1983 622
1983 621
1981 621
1981 620
1980 620
1980 619
1979 619
1979 617
1978 617
1978 616
1977 616
1977 615
1976 615
1976 609
1975 609
1975 604
1974 604
1974 597
1973 597
1973 591
1972 591
1972 588
1971 588
1971 587
1969 587
1969 585
1968 585
1968 584
1962 584
1962 583
1961 583
1961 582
1959 582
1959 581
1958 581
1958 580
1957 580
1957 579
1955 579
1955 578
1954 578
1954 577
1949 577
1949 576
1946 576
1946 575
1944 575
1944 574
1943 574
1943 572
1942 572
1942 571
1941 571
1941 570
1940 570
1940 569
1939 569
1939 568
1938 568
1938 566
1937 566
1937 561
1936 561
1936 553
1935 553
1935 551
1932 551
1932 550
1929 550
1929 549
1927 549
1927 548
1926 548
1926 547
1924 547
1924 546
1919 546
1919 547
1913 547
1913 546
1909 546
1909 545
1893 545
1893 546
1879 546
1879 547
1876 547
1876 548
1874 548
1874 549
1869 549
1869 550
1867 550
1867 551
1857 551
1857 552
1849 552
1849 553
1847 553
1847 554
1845 554
1845 555
1843 555
1843 554
1839 554
1839 553
1838 553
1838 552
1827 552
1827 553
1823 553
1823 554
1820 554
1820 555
1815 555
1815 556
1814 556
1814 557
1813 557
1813 558
1812 558
1812 559
1809 559
1809 560
1804 560
1804 559
1798 559
1798 558
1796 558
1796 557
1789 557
1789 556
1782 556
1782 555
1779 555
1779 554
1772 554
1772 553
1766 553
1766 552
1756 552
1756 551
1755 551
1755 552
1746 552
1746 550
1744 550
1744 549
1742 549
1742 548
1741 548
1741 547
1740 547
1740 546
1739 546
1739 545
1734 545
1734 544
1732 544
1732 543
1731 543
1731 542
1729 542
1729 541
1728 541
1728 540
1727 540
1727 537
1726 537
1726 533
1725 533
1725 529
1724 529
1724 517
1723 517
1723 512
1722 512
1722 502
1720 502
1720 501
1719 501
1719 498
1717 498
1717 497
1716 497
1716 496
1715 496
1715 495
1714 495
1714 494
1713 494
1713 493
1712 493
1712 492
1711 492
1711 491
1710 491
1710 490
1706 490
1706 489
1705 489
1705 488
1703 488
1703 487
1702 487
1702 486
1697 486
1697 485
1680 485
1680 484
1674 484
1674 485
1672 485
1672 484
1670 484
1670 483
1668 483
1668 482
1666 482
1666 481
1665 481
1665 480
1664 480
1664 477
1663 477
1663 475
1661 475
1661 474
1653 474
1653 478
1654 478
1654 480
1655 480
1655 481
1656 481
1656 483
1657 483
1657 485
1656 485
1656 487
1655 487
1655 488
1654 488
1654 489
1653 489
1653 490
1652 490
1652 491
1651 491
1651 492
1650 492
1650 493
1649 493
1649 494
1648 494
1648 493
1644 493
1644 494
1621 494
1621 493
1619 493
1619 492
1617 492
1617 493
1609 493
1609 492
1608 492
1608 491
1607 491
1607 490
1606 490
1606 489
1605 489
1605 488
1604 488
1604 482
1605 482
1605 480
1604 480
1604 458
1602 458
1602 457
1597 457
1597 456
1596 456
1596 455
1595 455
1595 454
1594 454
1594 453
1593 453
1593 452
1592 452
1592 450
1591 450
1591 449
1590 449
1590 447
1589 447
1589 446
1587 446
1587 445
1586 445
1586 444
1582 444
1582 443
1581 443
1581 442
1580 442
1580 440
1579 440
1579 439
1578 439
1578 434
1577 434
1577 428
1576 428
1576 411
1575 411
1575 408
1574 408
1574 405
1570 405
1570 404
1568 404
1568 403
1566 403
1566 402
1565 402
1565 401
1564 401
1564 399
1563 399
1563 394
1562 394
1562 381
1561 381
1561 373
1560 373
1560 367
1559 367
1559 361
1557 361
1557 360
1554 360
1554 359
1553 359
1553 358
1552 358
1552 357
1551 357
1551 356
1550 356
1550 355
1549 355
1549 353
1548 353
1548 348
1547 348
1547 345
1546 345
1546 344
1542 344
1542 343
1539 343
1539 342
1538 342
1538 340
1537 340
1537 339
1536 339
1536 337
1535 337
1535 333
1534 333
1534 329
1533 329
1533 327
1530 327
1530 326
1527 326
1527 325
1525 325
1525 324
1524 324
1524 323
1523 323
1523 322
1522 322
1522 320
1521 320
1521 317
1520 317
1520 310
1519 310
1519 306
1517 306
1517 305
1514 305
1514 304
1512 304
1512 303
1510 303
1510 302
1509 302
1509 301
1508 301
1508 299
1507 299
1507 298
1506 298
1506 296
1503 296
1503 295
1502 295
1502 294
1499 294
1499 293
1498 293
1498 292
1497 292
1497 290
1496 290
1496 289
1495 289
1495 287
1494 287
1494 282
1493 282
1493 264
1489 264
1489 265
1488 265
1488 266
1487 266
1487 267
1483 267
1483 268
1482 268
1482 269
1481 269
1481 272
1480 272
1480 273
1478 273
1478 274
1476 274
1476 275
1475 275
1475 276
1474 276
1474 277
1471 277
1471 278
1470 278
1470 283
1469 283
1469 286
1468 286
1468 287
1467 287
1467 288
1466 288
1466 289
1465 289
1465 290
1464 290
1464 291
1462 291
1462 292
1461 292
1461 297
1460 297
1460 299
1459 299
1459 301
1458 301
1458 306
1453 306
1453 307
1447 307
1447 308
1446 308
1446 309
1445 309
1445 310
1444 310
1444 311
1443 311
1443 312
1437 312
1437 313
1435 313
1435 316
1434 316
1434 317
1430 317
1430 318
1427 318
1427 319
1424 319
1424 321
1423 321
1423 322
1422 322
1422 323
1421 323
1421 336
1422 336
1422 351
1423 351
1423 369
1422 369
1422 370
1421 370
1421 371
1420 371
1420 372
1419 372
1419 373
1418 373
1418 374
1417 374
1417 375
1416 375
1416 376
1414 376
1414 377
1413 377
1413 393
1414 393
1414 409
1415 409
1415 414
1416 414
1416 431
1417 431
1417 447
1418 447
1418 461
1419 461
1419 475
1420 475
1420 491
1421 491
1421 499
1422 499
1422 515
1423 515
1423 519
1424 519
1424 532
1425 532
1425 535
1424 535
1424 538
1425 538
1425 549
1424 549
1424 550
1423 550
1423 553
1422 553
1422 555
1421 555
1421 556
1420 556
1420 557
1419 557
1419 559
1418 559
1418 561
1417 561
1417 562
1416 562
1416 564
1415 564
1415 565
1413 565
1413 566
1412 566
1412 567
1411 567
1411 569
1410 569
1410 570
1409 570
1409 571
1407 571
1407 572
1399 572
1399 573
1386 573
1386 572
1384 572
1384 571
1383 571
1383 570
1382 570
1382 569
1381 569
1381 568
1380 568
1380 567
1379 567
1379 566
1376 566
1376 565
1374 565
1374 564
1373 564
1373 563
1370 563
1370 562
1369 562
1369 560
1368 560
1368 558
1367 558
1367 557
1366 557
1366 556
1365 556
1365 555
1363 555
1363 554
1360 554
1360 553
1358 553
1358 552
1357 552
1357 551
1356 551
1356 550
1355 550
1355 549
1354 549
1354 547
1353 547
1353 545
1352 545
1352 544
1351 544
1351 543
1347 543
1347 542
1345 542
1345 541
1344 541
1344 540
1343 540
1343 539
1342 539
1342 538
1340 538
1340 537
1338 537
1338 536
1335 536
1335 535
1332 535
1332 534
1325 534
1325 533
1321 533
1321 532
1318 532
1318 531
1309 531
1309 530
1307 530
1307 529
1305 529
1305 528
1304 528
1304 527
1303 527
1303 525
1302 525
1302 523
1301 523
1301 520
1300 520
1300 519
1299 519
1299 518
1296 518
1296 517
1294 517
1294 516
1293 516
1293 515
1291 515
1291 514
1289 514
1289 513
1286 513
1286 512
1283 512
1283 511
1282 511
1282 510
1280 510
1280 509
1279 509
1279 508
1278 508
1278 506
1277 506
1277 503
1276 503
1276 492
1275 492
1275 485
1274 485
1274 479
1273 479
1273 473
1272 473
1272 471
1271 471
1271 470
1268 470
1268 469
1267 469
1267 468
1266 468
1266 467
1265 467
1265 466
1264 466
1264 465
1263 465
1263 462
1262 462
1262 459
1261 459
1261 458
1259 458
1259 457
1257 457
1257 458
1240 458
1240 457
1236 457
1236 456
1230 456
1230 457
1229 457
1229 458
1228 458
1228 459
1227 459
1227 460
1226 460
1226 461
1225 461
1225 462
1219 462
1219 463
1218 463
1218 467
1219 467
1219 484
1220 484
1220 495
1221 495
1221 510
1222 510
1222 528
1221 528
1221 529
1220 529
1220 530
1219 530
1219 531
1217 531
1217 532
1215 532
1215 533
1214 533
1214 534
1213 534
1213 535
1212 535
1212 541
1211 541
1211 542
1210 542
1210 543
1206 543
1206 544
1201 544
1201 545
1200 545
1200 544
1197 544
1197 545
1194 545
1194 544
1190 544
1190 545
1188 545
1188 544
1174 544
1174 543
1168 543
1168 542
1166 542
1166 541
1165 541
1165 540
1164 540
1164 539
1163 539
1163 538
1162 538
1162 535
1161 535
1161 534
1160 534
1160 533
1158 533
1158 532
1154 532
1154 531
1153 531
1153 530
1152 530
1152 528
1149 528
1149 529
1146 529
1146 530
1144 530
1144 529
1140 529
1140 530
1120 530
1120 529
1118 529
1118 528
1117 528
1117 527
1116 527
1116 526
1115 526
1115 525
1114 525
1114 524
1112 524
1112 523
1109 523
1109 522
1108 522
1108 521
1106 521
1106 520
1105 520
1105 519
1103 519
1103 511
1102 511
1102 509
1101 509
1101 508
1089 508
1089 507
1085 507
1085 506
1082 506
1082 505
1081 505
1081 504
1077 504
1077 503
1074 503
1074 502
1073 502
1073 501
1070 501
1070 500
1068 500
1068 499
1067 499
1067 498
1066 498
1066 497
1065 497
1065 495
1064 495
1064 487
1063 487
1063 483
1064 483
1064 482
1063 482
1063 474
1062 474
1062 470
1061 470
1061 469
1059 469
1059 468
1057 468
1057 467
1056 467
1056 466
1054 466
1054 465
1053 465
1053 464
1052 464
1052 461
1051 461
1051 460
1050 460
1050 448
1049 448
1049 437
1048 437
1048 433
1047 433
1047 418
1046 418
1046 409
1045 409
1045 399
1044 399
1044 393
1043 393
1043 376
1042 376
1042 370
1041 370
1041 368
1040 368
1040 367
1039 367
1039 366
1038 366
1038 365
1037 365
1037 364
1036 364
1036 363
1035 363
1035 361
1034 361
1034 357
1033 357
1033 354
1032 354
1032 352
1033 352
1033 345
1032 345
1032 340
1031 340
1031 332
1030 332
1030 324
1029 324
1029 313
1028 313
1028 310
1027 310
1027 309
1026 309
1026 308
998 308
998 309
990 309
990 308
987 308
987 307
985 307
985 306
982 306
982 305
976 305
976 304
973 304
973 303
972 303
972 302
971 302
971 301
970 301
970 300
969 300
969 299
968 299
968 296
967 296
967 294
966 294
966 293
960 293
960 292
950 292
950 291
948 291
948 290
947 290
947 289
945 289
945 288
944 288
944 286
941 286
941 285
937 285
937 284
934 284
934 283
927 283
927 282
923 282
923 281
921 281
921 280
920 280
920 279
916 279
916 278
912 278
912 277
910 277
910 276
909 276
909 275
908 275
908 273
907 273
907 272
905 272
905 271
900 271
900 270
898 270
898 269
897 269
897 268
896 268
896 267
895 267
895 266
894 266
894 264
893 264
893 253
892 253
892 248
891 248
891 247
890 247
890 246
885 246
885 245
883 245
883 244
882 244
882 242
881 242
881 241
880 241
880 240
879 240
879 239
878 239
878 238
873 238
873 237
870 237
870 236
862 236
862 235
859 235
859 234
855 234
855 233
854 233
854 232
848 232
848 231
845 231
845 230
844 230
844 229
843 229
843 228
842 228
842 226
840 226
840 225
839 225
839 224
837 224
837 223
835 223
835 222
833 222
833 221
831 221
831 220
828 220
828 219
825 219
825 218
824 218
824 217
823 217
823 215
822 215
822 214
819 214
819 213
818 213
818 212
817 212
817 210
816 210
816 208
815 208
815 203
814 203
814 201
813 201
813 199
812 199
812 198
811 198
811 197
809 197
809 196
807 196
807 195
806 195
806 194
805 194
805 193
804 193
804 192
803 192
803 189
802 189
802 186
801 186
801 183
800 183
800 182
797 182
797 181
791 181
791 182
787 182
787 183
781 183
781 184
778 184
778 183
772 183
772 182
770 182
770 181
767 181
767 182
764 182
764 184
763 184
763 186
762 186
762 189
761 189
761 190
760 190
760 191
758 191
758 192
756 192
756 193
753 193
753 195
752 195
752 197
751 197
751 199
750 199
750 200
749 200
749 201
748 201
748 202
747 202
747 203
744 203
744 204
739 204
739 205
735 205
735 204
731 204
731 203
727 203
727 202
725 202
725 203
722 203
722 204
704 204
704 203
699 203
699 202
695 202
695 201
693 201
693 200
692 200
692 199
684 199
684 198
681 198
681 197
679 197
679 196
678 196
678 195
669 195
669 194
667 194
667 193
665 193
665 192
661 192
661 191
656 191
656 190
655 190
655 189
653 189
653 188
652 188
652 187
650 187
650 186
644 186
644 185
642 185
642 184
628 184
628 185
624 185
624 184
620 184
620 183
618 183
618 182
607 182
607 181
605 181
605 180
604 180
604 179
603 179
603 178
601 178
601 177
589 177
589 178
582 178
582 179
571 179
571 180
569 180
569 181
563 181
563 180
562 180
562 181
556 181
556 180
552 180
552 179
540 179
540 178
536 178
536 177
532 177
532 178
527 178
527 177
517 177
517 178
504 178
504 179
482 179
482 180
475 180
475 191
474 191
474 195
473 195
473 200
472 200
472 201
471 201
471 202
468 202
468 203
464 203
464 204
453 204
453 203
451 203
451 202
450 202
450 201
448 201
448 200
442 200
442 201
438 201
438 197
437 197
437 196
434 196
434 195
431 195
431 196
429 196
429 197
426 197
426 198
423 198
423 199
422 199
422 198
415 198
415 197
413 197
413 196
412 196
412 195
410 195
410 194
409 194
409 193
402 193
402 192
400 192
400 191
398 191
398 190
397 190
397 189
396 189
396 188
395 188
395 187
394 187
394 186
395 186
395 187
396 187
396 188
397 188
397 189
398 189
398 190
400 190
400 191
402 191
402 192
409 192
409 193
410 193
410 194
412 194
412 195
413 195
413 196
415 196
415 197
422 197
422 198
423 198
423 197
426 197
426 196
429 196
429 195
431 195
431 194
434 194
434 195
437 195
437 196
438 196
438 197
439 197
439 200
442 200
442 199
448 199
448 200
450 200
450 201
451 201
451 202
453 202
453 203
464 203
464 202
468 202
468 201
471 201
471 200
472 200
472 195
473 195
473 191
474 191
474 179
482 179
482 178
504 178
504 177
517 177
517 176
527 176
527 177
532 177
532 176
536 176
536 177
540 177
540 178
552 178
552 179
556 179
556 180
562 180
562 179
563 179
563 180
569 180
569 179
571 179
571 178
582 178
582 177
589 177
589 176
601 176
601 177
603 177
603 178
604 178
604 179
605 179
605 180
607 180
607 181
618 181
618 182
620 182
620 183
624 183
624 184
628 184
628 183
642 183
642 184
644 184
644 185
650 185
650 186
652 186
652 187
653 187
653 188
655 188
655 189
656 189
656 190
661 190
661 191
665 191
665 192
667 192
667 193
669 193
669 194
678 194
678 195
679 195
679 196
681 196
681 197
684 197
684 198
692 198
692 199
693 199
693 200
695 200
695 201
699 201
699 202
704 202
704 203
722 203
722 202
725 202
725 201
727 201
727 202
731 202
731 203
735 203
735 204
739 204
739 203
744 203
744 202
747 202
747 201
748 201
748 200
749 200
749 199
750 199
750 197
751 197
751 195
752 195
752 193
753 193
753 192
756 192
756 191
758 191
758 190
760 190
760 189
761 189
761 186
762 186
762 184
763 184
763 182
764 182
764 181
767 181
767 180
770 180
770 181
772 181
772 182
778 182
778 183
781 183
781 182
787 182
787 181
791 181
791 180
797 180
797 181
800 181
800 182
801 182
801 183
802 183
802 186
803 186
803 189
804 189
804 192
805 192
805 193
806 193
806 194
807 194
807 195
809 195
809 196
811 196
811 197
812 197
812 198
813 198
813 199
814 199
814 201
815 201
815 203
816 203
816 208
817 208
817 210
818 210
818 212
819 212
819 213
822 213
822 214
824 214
824 217
825 217
825 218
828 218
828 219
831 219
831 220
833 220
833 221
835 221
835 222
837 222
837 223
839 223
839 224
840 224
840 225
842 225
842 226
843 226
843 228
844 228
844 229
845 229
845 230
848 230
848 231
854 231
854 232
855 232
855 233
859 233
859 234
862 234
862 235
870 235
870 236
873 236
873 237
878 237
878 238
879 238
879 239
880 239
880 240
881 240
881 241
882 241
882 242
883 242
883 244
885 244
885 245
890 245
890 246
891 246
891 247
892 247
892 248
893 248
893 253
894 253
894 264
895 264
895 266
896 266
896 267
897 267
897 268
898 268
898 269
900 269
900 270
905 270
905 271
907 271
907 272
908 272
908 273
909 273
909 275
910 275
910 276
912 276
912 277
916 277
916 278
920 278
920 279
921 279
921 280
923 280
923 281
927 281
927 282
934 282
934 283
937 283
937 284
941 284
941 285
944 285
944 286
945 286
945 288
947 288
947 289
948 289
948 290
950 290
950 291
960 291
960 292
966 292
966 293
967 293
967 294
968 294
968 296
969 296
969 299
970 299
970 300
971 300
971 301
972 301
972 302
973 302
973 303
976 303
976 304
982 304
982 305
985 305
985 306
987 306
987 307
990 307
990 308
998 308
998 307
1026 307
1026 308
1027 308
1027 309
1028 309
1028 310
1029 310
1029 313
1030 313
1030 324
1031 324
1031 332
1032 332
1032 340
1033 340
1033 345
1034 345
1034 352
1033 352
1033 354
1034 354
1034 357
1035 357
1035 361
1036 361
1036 363
1037 363
1037 364
1038 364
1038 365
1039 365
1039 366
1040 366
1040 367
1041 367
1041 368
1042 368
1042 370
1043 370
1043 376
1044 376
1044 393
1045 393
1045 399
1046 399
1046 409
1047 409
1047 418
1048 418
1048 433
1049 433
1049 437
1050 437
1050 448
1051 448
1051 460
1052 460
1052 461
1053 461
1053 464
1054 464
1054 465
1056 465
1056 466
1057 466
1057 467
1059 467
1059 468
1061 468
1061 469
1062 469
1062 470
1063 470
1063 474
1064 474
1064 482
1065 482
1065 483
1064 483
1064 487
1065 487
1065 495
1066 495
1066 497
1067 497
1067 498
1068 498
1068 499
1070 499
1070 500
1073 500
1073 501
1074 501
1074 502
1077 502
1077 503
1081 503
1081 504
1082 504
1082 505
1085 505
1085 506
1089 506
1089 507
1101 507
1101 508
1102 508
1102 509
1103 509
1103 511
1104 511
1104 518
1105 518
1105 519
1106 519
1106 520
1108 520
1108 521
1109 521
1109 522
1112 522
1112 523
1114 523
1114 524
1115 524
1115 525
1116 525
1116 526
1117 526
1117 527
1118 527
1118 528
1120 528
1120 529
1140 529
1140 528
1144 528
1144 529
1146 529
1146 528
1149 528
1149 527
1152 527
1152 528
1153 528
1153 530
1154 530
1154 531
1158 531
1158 532
1160 532
1160 533
1161 533
1161 534
1162 534
1162 535
1163 535
1163 538
1164 538
1164 539
1165 539
1165 540
1166 540
1166 541
1168 541
1168 542
1174 542
1174 543
1188 543
1188 544
1190 544
1190 543
1194 543
1194 544
1197 544
1197 543
1200 543
1200 544
1201 544
1201 543
1206 543
1206 542
1210 542
1210 541
1211 541
1211 535
1212 535
1212 534
1213 534
1213 533
1214 533
1214 532
1215 532
1215 531
1217 531
1217 530
1219 530
1219 529
1220 529
1220 528
1221 528
1221 510
1220 510
1220 495
1219 495
1219 484
1218 484
1218 467
1217 467
1217 463
1218 463
1218 462
1219 462
1219 461
1225 461
1225 460
1226 460
1226 459
1227 459
1227 458
1228 458
1228 457
1229 457
1229 456
1230 456
1230 455
1236 455
1236 456
1240 456
1240 457
1257 457
1257 456
1259 456
1259 457
1261 457
1261 458
1262 458
1262 459
1263 459
1263 462
1264 462
1264 465
1265 465
1265 466
1266 466
1266 467
1267 467
1267 468
1268 468
1268 469
1271 469
1271 470
1272 470
1272 471
1273 471
1273 473
1274 473
1274 479
1275 479
1275 485
1276 485
1276 492
1277 492
1277 503
1278 503
1278 506
1279 506
1279 508
1280 508
1280 509
1282 509
1282 510
1283 510
1283 511
1286 511
1286 512
1289 512
1289 513
1291 513
1291 514
1293 514
1293 515
1294 515
1294 516
1296 516
1296 517
1299 517
1299 518
1300 518
1300 519
1301 519
1301 520
1302 520
1302 523
1303 523
1303 525
1304 525
1304 527
1305 527
1305 528
1307 528
1307 529
1309 529
1309 530
1318 530
1318 531
1321 531
1321 532
1325 532
1325 533
1332 533
1332 534
1335 534
1335 535
1338 535
1338 536
1340 536
1340 537
1342 537
1342 538
1343 538
1343 539
1344 539
1344 540
1345 540
1345 541
1347 541
1347 542
1351 542
1351 543
1352 543
1352 544
1353 544
1353 545
1354 545
1354 547
1355 547
1355 549
1356 549
1356 550
1357 550
1357 551
1358 551
1358 552
1360 552
1360 553
1363 553
1363 554
1365 554
1365 555
1366 555
1366 556
1367 556
1367 557
1368 557
1368 558
1369 558
1369 560
1370 560
1370 562
1373 562
1373 563
1374 563
1374 564
1376 564
1376 565
1379 565
1379 566
1380 566
1380 567
1381 567
1381 568
1382 568
1382 569
1383 569
1383 570
1384 570
1384 571
1386 571
1386 572
1399 572
1399 571
1407 571
1407 570
1409 570
1409 569
1410 569
1410 567
1411 567
1411 566
1412 566
1412 565
1413 565
1413 564
1415 564
1415 562
1416 562
1416 561
1417 561
1417 559
1418 559
1418 557
1419 557
1419 556
1420 556
1420 555
1421 555
1421 553
1422 553
1422 550
1423 550
1423 549
1424 549
1424 538
1423 538
1423 535
1424 535
1424 532
1423 532
1423 519
1422 519
1422 515
1421 515
1421 499
1420 499
1420 491
1419 491
1419 475
1418 475
1418 461
1417 461
1417 447
1416 447
1416 431
1415 431
1415 414
1414 414
1414 409
1413 409
1413 393
1412 393
1412 377
1413 377
1413 376
1414 376
1414 375
1416 375
1416 374
1417 374
1417 373
1418 373
1418 372
1419 372
1419 371
1420 371
1420 370
1421 370
1421 369
1422 369
1422 351
1421 351
1421 336
1420 336
1420 323
1421 323
1421 320
1422 320
1422 319
1424 319
1424 318
1427 318
1427 317
1430 317
1430 316
1434 316
1434 313
1435 313
1435 312
1437 312
1437 311
1443 311
1443 310
1444 310
1444 309
1445 309
1445 308
1446 308
1446 307
1447 307
1447 306
1453 306
1453 305
1457 305
1457 301
1458 301
1458 299
1459 299
1459 297
1460 297
1460 292
1461 292
1461 291
1462 291
1462 290
1464 290
1464 289
1465 289
1465 288
1466 288
1466 287
1467 287
1467 286
1468 286
1468 283
1469 283
1469 278
1470 278
1470 277
1471 277
1471 276
1474 276
1474 275
1475 275
1475 274
1476 274
1476 273
1478 273
1478 272
1480 272
1480 269
1481 269
1481 268
1482 268
1482 267
1483 267
1483 266
1487 266
1487 265
1488 265
1488 264
1489 264
1489 263
1493 263
1493 264
1494 264
1494 282
1495 282
1495 287
1496 287
1496 289
1497 289
1497 290
1498 290
1498 292
1499 292
1499 293
1502 293
1502 294
1503 294
1503 295
1506 295
1506 296
1507 296
1507 298
1508 298
1508 299
1509 299
1509 301
1510 301
1510 302
1512 302
1512 303
1514 303
1514 304
1517 304
1517 305
1519 305
1519 306
1520 306
1520 310
1521 310
1521 317
1522 317
1522 320
1523 320
1523 322
1524 322
1524 323
1525 323
1525 324
1527 324
1527 325
1530 325
1530 326
1533 326
1533 327
1534 327
1534 329
1535 329
1535 333
1536 333
1536 337
1537 337
1537 339
1538 339
1538 340
1539 340
1539 342
1542 342
1542 343
1546 343
1546 344
1547 344
1547 345
1548 345
1548 348
1549 348
1549 353
1550 353
1550 355
1551 355
1551 356
1552 356
1552 357
1553 357
1553 358
1554 358
1554 359
1557 359
1557 360
1559 360
1559 361
1560 361
1560 367
1561 367
1561 373
1562 373
1562 381
1563 381
1563 394
1564 394
1564 399
1565 399
1565 401
1566 401
1566 402
1568 402
1568 403
1570 403
1570 404
1574 404
1574 405
1575 405
1575 408
1576 408
1576 411
1577 411
1577 428
1578 428
1578 434
1579 434
1579 439
1580 439
1580 440
1581 440
1581 442
1582 442
1582 443
1586 443
1586 444
1587 444
1587 445
1590 445
1590 447
1591 447
1591 449
1592 449
1592 450
1593 450
1593 452
1594 452
1594 453
1595 453
1595 454
1596 454
1596 455
1597 455
1597 456
1602 456
1602 457
1604 457
1604 458
1605 458
1605 480
1606 480
1606 482
1605 482
1605 488
1606 488
1606 489
1607 489
1607 490
1608 490
1608 491
1609 491
1609 492
1617 492
1617 491
1619 491
1619 492
1621 492
1621 493
1644 493
1644 492
1648 492
1648 493
1649 493
1649 492
1650 492
1650 491
1651 491
1651 490
1652 490
1652 489
1653 489
1653 488
1654 488
1654 487
1655 487
1655 485
1656 485
1656 483
1655 483
1655 481
1654 481
1654 480
1653 480
1653 478
1652 478
1652 474
1653 474
1653 473
1661 473
1661 474
1663 474
1663 475
1664 475
1664 477
1665 477
1665 480
1666 480
1666 481
1668 481
1668 482
1670 482
1670 483
1672 483
1672 484
1674 484
1674 483
1680 483
1680 484
1697 484
1697 485
1702 485
1702 486
1703 486
1703 487
1705 487
1705 488
1706 488
1706 489
1710 489
1710 490
1711 490
1711 491
1712 491
1712 492
1713 492
1713 493
1714 493
1714 494
1715 494
1715 495
1716 495
1716 496
1717 496
1717 497
1719 497
1719 498
1720 498
1720 499
1721 499
1721 500
1722 500
1722 502
1723 502
1723 512
1724 512
1724 517
1725 517
1725 529
1726 529
1726 533
1727 533
1727 537
1728 537
1728 540
1729 540
1729 541
1731 541
1731 542
1732 542
1732 543
1734 543
1734 544
1739 544
1739 545
1740 545
1740 546
1741 546
1741 547
1742 547
1742 548
1744 548
1744 549
1746 549
1746 550
1747 550
1747 551
1755 551
1755 550
1756 550
1756 551
1766 551
1766 552
1772 552
1772 553
1779 553
1779 554
1782 554
1782 555
1789 555
1789 556
1796 556
1796 557
1798 557
1798 558
1804 558
1804 559
1809 559
1809 558
1812 558
1812 557
1813 557
1813 556
1814 556
1814 555
1815 555
1815 554
1820 554
1820 553
1823 553
1823 552
1827 552
1827 551
1838 551
1838 552
1839 552
1839 553
1843 553
1843 554
1845 554
1845 553
1847 553
1847 552
1849 552
1849 551
1857 551
1857 550
1867 550
1867 549
1869 549
1869 548
1874 548
1874 547
1876 547
1876 546
1879 546
1879 545
1893 545
1893 544
1909 544
1909 545
1913 545
1913 546
1919 546
1919 545
1924 545
1924 546
1926 546
1926 547
1927 547
1927 548
1929 548
1929 549
1932 549
1932 550
1935 550
1935 551
1936 551
1936 553
1937 553
1937 561
1938 561
1938 566
1939 566
1939 568
1940 568
1940 569
1941 569
1941 570
1942 570
1942 571
1943 571
1943 572
1944 572
1944 574
1946 574
1946 575
1949 575
1949 576
1954 576
1954 577
1955 577
1955 578
1957 578
1957 579
1958 579
1958 580
1959 580
1959 581
1961 581
1961 582
1962 582
1962 583
1968 583
1968 584
1969 584
1969 585
1970 585
1970 586
1971 586
1971 587
1972 587
1972 588
1973 588
1973 591
1974 591
1974 597
1975 597
1975 604
1976 604
1976 609
1977 609
1977 615
1978 615
1978 616
1979 616
1979 617
1980 617
1980 619
1981 619
1981 620
1983 620
1983 621
1984 621
1984 622
1988 622
1988 623
1991 623
1991 624
1994 624
1994 623
2006 623
2006 624
2007 624
2007 625
2009 625
2009 626
2012 626
2012 627
2015 627
2015 628
2020 628
2020 629
2021 629
2021 630
2022 630
2022 631
2023 631
2023 632
2024 632
2024 633
2025 633
2025 634
2026 634
2026 635
2027 635
2027 636
2028 636
2028 637
2029 637
2029 638
2030 638
2030 639
2034 639
2034 640
2035 640
2035 641
2037 641
2037 642
2041 642
2041 643
2044 643
2044 644
2049 644
2049 645
2052 645
2052 646
2053 646
2053 647
2055 647
2055 648
2057 648
2057 649
2062 649
2062 650
2063 650
2063 651
2069 651
2069 652
2070 652
2070 653
2075 653
2075 652
2078 652
2078 651
2079 651
2079 650
2081 650
2081 649
2082 649
2082 648
2083 648
2083 647
2084 647
2084 646
2085 646
2085 645
2086 645
2086 644
2087 644
2087 643
2090 643
2090 642
2091 642
2091 641
2092 641
2092 640
2093 640
2093 639
2094 639
2094 637
2095 637
2095 636
2096 636
2096 634
2097 634
2097 632
2098 632
2098 631
2099 631
2099 629
2100 629
2100 628
2101 628
2101 627
2102 627
2102 626
2104 626
2104 625
2105 625
2105 623
2106 623
2106 621
2107 621
2107 620
2108 620
2108 618
2109 618
2109 617
2110 617
2110 616
2112 616
2112 615
2113 615
2113 614
2114 614
2114 613
2115 613
2115 612
2116 612
2116 611
2119 611
2119 610
2122 610
2122 609
2123 609
2123 608
2124 608
2124 606
2125 606
2125 605
2126 605
2126 603
2127 603
2127 602
2131 602
2131 601
2133 601
2133 600
2134 600
2134 599
2135 599
2135 598
2138 598
2138 597
2139 597
2139 596
2140 596
2140 593
2141 593
2141 592
2142 592
2142 589
2140 589
2140 588
2143 588
2143 584
2142 584
2142 582
2143 582
2143 577
2142 577
2142 575
2143 575
2143 568
2144 568
2144 565
2145 565
2145 563
2146 563
2146 560
2147 560
2147 559
2148 559
2148 558
2149 558
2149 556
2150 556
2150 555
2151 555
2151 554
2152 554
2152 553
2153 553
2153 552
2154 552
2154 551
2155 551
2155 550
2156 550
2156 549
2157 549
2157 548
2158 548
2158 546
2159 546
2159 545
2161 545
2161 542
2162 542
2162 540
2163 540
2163 539
2164 539
2164 535
2165 535
2165 533
2166 533
2166 532
2167 532
2167 531
2168 531
2168 530
2169 530
2169 529
2170 529
2170 527
2171 527
2171 526
2172 526
2172 514
2173 514
2173 507
2172 507
2172 504
2173 504
2173 493
2174 493
2174 489
2173 489
2173 484
2174 484
2174 480
2175 480
2175 471
2176 471
2176 464
2177 464
2177 461
2178 461
2178 458
2179 458
2179 457
2180 457
2180 456
2181 456
2181 454
2182 454
2182 453
2183 453
2183 452
2184 452
2184 451
2185 451
2185 450
2186 450
2186 449
2187 449
2187 448
2188 448
2188 445
2189 445
2189 444
2190 444
2190 442
2191 442
2191 439
2192 439
2192 438
2193 438
2193 437
2194 437
2194 436
2196 436
2196 432
2197 432
2197 431
2198 431
2198 430
2202 430
2202 429
2210 429
2210 430
2211 430
2211 431
2212 431
2212 432
2213 432
2213 433
2214 433
2214 434
2215 434
2215 435
2216 435
2216 436
2217 436
2217 438
2218 438
2218 446
2219 446
2219 449
2220 449
2220 455
2221 455
2221 459
2220 459
2220 489
2221 489
2221 502
2222 502
2222 504
2223 504
2223 507
2224 507
2224 508
2225 508
2225 509
2227 509
2227 510
2229 510
2229 511
2231 511
2231 512
2234 512
2234 513
2236 513
2236 514
2237 514
2237 515
2240 515
2240 516
2244 516
2244 517
2245 517
2245 518
2249 518
2249 519
2251 519
2251 520
2254 520
2254 521
2255 521
2255 522
2256 522
2256 523
2257 523
2257 524
2258 524
2258 526
2259 526
2259 528
2260 528
2260 536
2261 536
2261 539
2262 539
2262 541
2261 541
2261 549
2262 549
2262 588
2263 588
2263 592
2264 592
2264 593
2265 593
2265 594
2266 594
2266 595
2268 595
2268 596
2269 596
2269 597
2272 597
2272 598
2273 598
2273 599
2274 599
2274 600
2275 600
2275 601
2276 601
2276 602
2277 602
2277 604
2280 604
2280 605
2281 605
2281 606
2283 606
2283 607
2284 607
2284 608
2286 608
2286 609
2287 609
2287 611
2290 611
2290 612
2291 612
2291 613
2292 613
2292 614
2294 614
2294 615
2295 615
2295 616
2296 616
2296 617
2297 617
2297 618
2298 618
2298 619
2300 619
2300 620
2301 620
2301 621
2302 621
2302 622
2303 622
2303 623
2304 623
2304 624
2305 624
2305 627
2308 627
2308 628
2313 628
2313 629
2314 629
2314 630
2317 630
2317 631
2318 631
2318 633
2319 633
2319 634
2320 634
2320 635
2321 635
2321 636
2323 636
2323 637
2324 637
2324 638
2325 638
2325 640
2327 640
2327 641
2330 641
2330 642
2341 642
2341 640
2342 640
2342 639
2343 639
2343 638
2344 638
2344 637
2345 637
2345 635
2346 635
2346 625
2347 625
2347 623
2348 623
2348 620
2349 620
2349 619
2350 619
2350 617
2351 617
2351 616
2352 616
2352 614
2353 614
2353 613
2354 613
2354 612
2355 612
2355 611
2356 611
2356 610
2358 610
2358 607
2359 607
2359 603
2360 603
2360 600
2361 600
2361 594
2362 594
2362 589
2363 589
2363 585
2364 585
2364 582
2365 582
2365 580
2366 580
2366 576
2367 576
2367 575
2368 575
2368 574
2369 574
2369 573
2370 573
2370 572
2371 572
2371 571
2372 571
2372 570
2373 570
2373 569
2378 569
2378 570
2383 570
2383 569
2387 569
2387 568
2389 568
2389 567
2394 567
2394 566
2395 566
2395 565
2396 565
2396 564
2397 564
2397 563
2399 563
2399 562
2402 562
2402 561
2403 561
2403 560
2404 560
2404 559
2405 559
2405 558
2406 558
2406 557
2407 557
2407 556
2408 556
2408 554
2409 554
2409 551
2410 551
2410 546
2411 546
2411 545
2412 545
2412 542
2413 542
2413 541
2415 541
2415 540
2416 540
2416 539
2418 539
2418 538
2420 538
2420 537
2422 537
2422 536
2423 536
2423 535
2424 535
2424 534
2425 534
2425 532
2426 532
2426 530
2427 530
2427 529
2428 529
2428 528
2429 528
2429 527
2430 527
2430 526
2431 526
2431 525
2432 525
2432 524
2435 524
2435 523
2437 523
2437 522
2438 522
2438 521
2439 521
2439 520
2440 520
2440 519
2441 519
2441 518
2443 518
2443 517
2444 517
2444 516
2445 516
2445 515
2446 515
2446 514
2449 514
2449 512
2450 512
2450 511
2452 511
2452 510
2453 510
2453 508
2454 508
2454 502
2455 502
2455 497
2456 497
2456 490
2457 490
2457 480
2458 480
2458 475
2459 475
2459 473
2460 473
2460 472
2461 472
2461 471
2463 471
2463 470
2465 470
2465 469
2466 469
2466 468
2467 468
2467 467
2468 467
2468 466
2469 466
2469 465
2470 465
2470 463
2471 463
2471 461
2472 461
2472 456
2473 456
2473 453
2474 453
2474 451
2475 451
2475 450
2477 450
2477 449
2481 449
2481 448
2488 448
2488 449
2492 449
2492 450
2493 450
2493 454
2494 454
2494 455
2493 455
2493 459
2494 459
2494 466
2495 466
2495 468
2496 468
2496 469
2497 469
2497 470
2498 470
2498 471
2499 471
2499 472
2500 472
2500 473
2501 473
2501 474
2502 474
2502 476
2503 476
2503 488
2504 488
2504 491
2505 491
2505 492
2506 492
2506 493
2507 493
2507 494
2508 494
2508 495
2510 495
2510 496
2511 496
2511 497
2512 497
2512 498
2513 498
2513 500
2514 500
2514 509
2515 509
2515 513
2516 513
2516 514
2517 514
2517 515
2518 515
2518 516
2519 516
2519 517
2520 517
2520 518
2539 518
2539 519
2541 519
2541 520
2547 520
2547 519
2551 519
2551 520
2552 520
2552 521
2555 521
2555 522
2557 522
2557 523
2560 523
2560 524
2562 524
2562 525
2563 525
2563 526
2564 526
2564 527
2565 527
2565 528
2567 528
2567 529
2568 529
2568 530
2570 530
2570 531
2575 531
2575 530
2586 530
2586 529
2588 529
2588 528
2593 528
2593 527
2598 527
2598 524
2599 524
2599 523
2600 523
2600 522
2603 522
2603 521
2604 521
2604 520
2606 520
2606 519
2608 519
2608 518
2610 518
2610 516
2611 516
2611 514
2612 514
2612 510
2613 510
2613 509
2619 509
2619 508
2624 508
2624 507
2625 507
2625 508
2634 508
2634 507
2635 507
2635 506
2644 506
2644 505
2646 505
2646 504
2647 504
2647 503
2650 503
2650 502
2656 502
2656 501
2657 501
2657 500
2659 500
2659 499
2669 499
2669 498
2672 498
2672 499
2673 499
2673 500
2675 500
2675 499
2677 499
2677 498
2691 498
2691 499
2699 499
2699 500
2701 500
2701 501
2702 501
2702 515
2701 515
2701 518
2702 518
2702 523
2701 523
2701 564
2702 564
2702 566
2703 566
2703 567
2704 567
2704 569
2705 569
2705 570
2707 570
2707 571
2708 571
2708 572
2709 572
2709 573
2710 573
2710 574
2711 574
2711 577
2712 577
2712 584
2713 584
2713 586
2716 586
2716 587
2717 587
2717 588
2718 588
2718 589
2720 589
2720 590
2721 590
2721 592
2722 592
2722 594
2723 594
2723 595
2724 595
2724 596
2725 596
2725 597
2726 597
2726 598
2727 598
2727 599
2728 599
2728 600
2731 600
2731 601
2732 601
2732 629
2733 629
2733 631
2734 631
2734 634
2735 634
2735 635
2736 635
2736 636
2740 636
2740 637
2741 637
2741 638
2742 638
2742 641
2743 641
2743 644
2742 644
2742 651
2743 651
2743 654
2742 654
2742 657
2743 657
2743 659
2744 659
2744 662
2745 662
2745 663
2746 663
2746 664
2747 664
2747 665
2748 665
2748 666
2750 666
2750 667
2759 667
2759 668
2760 668
2760 669
2761 669
2761 670
2763 670
2763 671
2764 671
2764 672
2765 672
2765 674
2766 674
2766 678
2767 678
2767 681
2768 681
2768 682
2770 682
2770 683
2771 683
2771 684
2776 684
2776 685
2778 685
2778 686
2780 686
2780 687
2783 687
2783 686
2787 686
2787 685
2788 685
2788 684
2791 684
2791 683
2795 683
2795 682
2796 682
2796 681
2797 681
2797 679
2798 679
2798 677
2799 677
2799 675
2800 675
2800 673
2801 673
2801 669
2802 669
2802 668
2803 668
2803 667
2805 667
2805 666
2808 666
2808 665
2809 665
2809 664
2811 664
2811 663
2813 663
2813 662
2814 662
2814 661
2816 661
2816 660
2817 660
2817 659
2820 659
2820 658
2824 658
2824 657
2825 657
2825 656
2828 656
2828 655
2831 655
2831 654
2833 654
2833 653
2834 653
2834 652
2836 652
2836 651
2837 651
2837 647
2838 647
2838 645
2839 645
2839 638
2840 638
2840 635
2841 635
2841 634
2842 634
2842 633
2843 633
2843 632
2844 632
2844 631
2845 631
2845 630
2851 630
2851 621
2852 621
2852 613
2853 613
2853 611
2854 611
2854 610
2855 610
2855 609
2858 609
2858 608
2860 608
2860 607
2871 607
2871 608
2873 608
2873 609
2874 609
2874 610
2876 610
2876 609
2879 609
2879 608
2880 608
2880 607
2881 607
2881 606
2882 606
2882 605
2888 605
2888 604
2892 604
2892 603
2894 603
2894 602
2900 602
2900 601
2901 601
2901 600
2905 600
2905 599
2907 599
2907 598
2909 598
2909 597
2910 597
2910 596
2911 596
2911 595
2914 595
2914 594
2915 594
2915 593
2917 593
2917 592
2918 592
2918 591
2921 591
2921 590
2923 590
2923 589
2924 589
2924 588
2926 588
2926 585
2927 585
2927 582
2926 582
2926 580
2927 580
2927 579
2928 579
2928 578
2929 578
2929 576
2930 576
2930 575
2933 575
2933 574
2935 574
2935 573
2937 573
2937 572
2938 572
2938 571
2939 571
2939 570
2940 570
2940 569
2943 569
2943 568
2944 568
2944 567
2945 567
2945 566
2948 566
2948 565
2950 565
2950 564
2951 564
2951 563
2952 563
2952 549
2953 549
2953 538
2954 538
2954 525
2955 525
2955 516
2956 516
2956 507
2957 507
2957 505
2956 505
2956 498
2957 498
2957 493
2958 493
2958 488
2957 488
2957 486
2958 486
2958 475
2959 475
2959 466
2960 466
2960 465
2961 465
2961 464
2962 464
2962 463
2963 463
2963 462
2965 462
2965 461
2967 461
2967 459
2968 459
2968 457
2969 457
2969 452
2970 452
2970 444
2971 444
2971 442
2972 442
2972 441
2974 441
2974 440
2975 440
2975 439
2977 439
2977 438
2978 438
2978 437
2979 437
2979 436
2981 436
2981 435
2982 435
2982 434
2983 434
2983 432
2984 432
2984 430
2985 430
2985 423
2986 423
2986 416
2987 416
2987 415
2989 415
2989 414
2992 414
2992 413
2993 413
2993 411
2994 411
2994 410
2996 410
2996 409
2997 409
2997 408
2998 408
2998 404
2999 404
2999 401
3000 401
3000 399
3001 399
3001 398
3004 398
3004 397
3005 397
3005 396
3006 396
3006 395
3009 395
3009 394
3012 394
3012 393
3013 393
3013 392
3016 392
3016 390
3019 390
3019 389
3020 389
3020 387
3021 387
3021 386
3022 386
3022 385
3023 385
3023 382
3024 382
3024 375
3025 375
3025 373
3026 373
3026 372
3029 372
3029 371
3030 371
3030 370
3031 370
3031 369
3033 369
3033 367
3034 367
3034 366
3035 366
3035 364
3036 364
3036 362
3037 362
3037 361
3038 361
3038 360
3039 360
3039 359
3043 359
3043 358
3045 358
3045 357
3054 357
3054 358
3055 358
3055 359
3056 359
3056 361
3059 361
3059 362
3061 362
3061 363
3076 363
3076 364
3077 364
3077 366
3078 366
3078 377
3077 377
3077 378
3078 378
3078 393
3079 393
3079 396
3080 396
3080 397
3081 397
3081 398
3082 398
3082 399
3090 399
3090 400
3091 400
3091 401
3095 401
3095 402
3096 402
3096 403
3097 403
3097 404
3098 404
3098 407
3099 407
3099 408
3100 408
3100 409
3101 409
3101 410
3102 410
3102 411
3104 411
3104 412
3106 412
3106 413
3108 413
3108 414
3109 414
3109 415
3110 415
3110 416
3111 416
3111 417
3112 417
3112 418
3114 418
3114 419
3117 419
3117 420
3118 420
3118 421
3119 421
3119 422
3120 422
3120 424
3121 424
3121 426
3122 426
3122 428
3123 428
3123 429
3124 429
3124 430
3125 430
3125 431
3128 431
3128 432
3131 432
3131 433
3132 433
3132 434
3133 434
3133 435
3134 435
3134 436
3135 436
3135 437
3137 437
3137 438
3138 438
3138 439
3140 439
3140 440
3142 440
3142 441
3143 441
3143 442
3144 442
3144 444
3145 444
3145 445
3146 445
3146 447
3147 447
3147 448
3148 448
3148 449
3150 449
3150 450
3151 450
3151 451
3154 451
3154 453
3157 453
3157 454
3158 454
3158 455
3160 455
3160 456
3162 456
3162 457
3167 457
3167 458
3168 458
3168 459
3176 459
3176 458
3177 458
3177 457
3185 457
3185 456
3198 456
3198 455
3202 455
3202 454
3204 454
3204 453
3205 453
3205 452
3207 452
3207 453
3212 453
3212 452
3216 452
3216 453
3219 453
3219 452
3223 452
3223 453
3224 453
3224 454
3226 454
3226 455
3228 455
3228 453
3230 453
3230 452
3232 452
3232 451
3234 451
3234 450
3237 450
3237 449
3248 449
3248 448
3259 448
3259 447
3266 447
3266 446
3269 446
3269 447
3273 447
3273 448
3282 448
3282 447
3284 447
3284 446
3289 446
3289 447
3292 447
3292 448
3293 448
3293 449
3295 449
3295 450
3296 450
3296 451
3297 451
3297 452
3298 452
3298 453
3299 453
3299 454
3301 454
3301 455
3303 455
3303 456
3318 456
3318 455
3319 455
3319 454
3321 454
3321 453
3325 453
3325 452
3326 452
3326 451
3328 451
3328 450
3329 450
3329 448
3330 448
3330 447
3332 447
3332 444
3333 444
3333 443
3334 443
3334 442
3335 442
3335 436
3336 436
3336 425
3340 425
3340 424
3343 424
3343 423
3345 423
3345 421
3346 421
3346 420
3347 420
3347 419
3350 419
3350 418
3352 418
3352 417
3353 417
3353 416
3354 416
3354 415
3357 415
3357 414
3358 414
3358 413
3360 413
3360 412
3361 412
3361 411
3362 411
3362 410
3363 410
3363 409
3366 409
3366 408
3368 408
3368 407
3369 407
3369 406
3370 406
3370 405
3371 405
3371 404
3372 404
3372 403
3373 403
3373 402
3374 402
3374 400
3375 400
3375 397
3376 397
3376 395
3377 395
3377 394
3378 394
3378 393
3379 393
3379 392
3380 392
3380 391
3383 391
3383 390
3385 390
3385 389
3386 389
3386 387
3387 387
3387 382
3388 382
3388 374
3389 374
3389 373
3390 373
3390 372
3391 372
3391 371
3392 371
3392 370
3395 370
3395 369
3397 369
3397 368
3398 368
3398 367
3399 367
3399 366
3401 366
3401 364
3402 364
3402 363
3404 363
3404 362
3406 362
3406 361
3407 361
3407 360
3409 360
3409 359
3410 359
3410 357
3411 357
3411 355
3412 355
3412 354
3413 354
3413 347
3414 347
3414 342
3413 342
3413 341
3414 341
3414 330
3415 330
3415 327
3414 327
3414 325
3415 325
3415 316
3416 316
3416 315
3415 315
3415 310
3416 310
3416 296
3417 296
3417 288
3418 288
3418 269
3419 269
3419 257
3420 257
3420 255
3421 255
3421 254
3422 254
3422 253
3423 253
3423 252
3424 252
3424 251
3425 251
3425 250
3427 250
3427 249
3428 249
3428 248
3429 248
3429 246
3430 246
3430 245
3431 245
3431 244
3432 244
3432 236
3433 236
3433 235
3434 235
3434 229
3435 229
3435 228
3438 228
3438 227
3439 227
3439 225
3440 225
3440 224
3441 224
3441 223
3442 223
3442 222
3443 222
3443 221
3445 221
3445 220
3461 220
3461 221
3463 221
3463 222
3465 222
3465 223
3467 223
3467 224
3469 224
3469 225
3478 225
3478 224
3482 224
3482 223
3489 223
3489 222
3493 222
3493 221
3496 221
3496 222
3493 222
3493 223
3489 223
3489 224
3482 224
3482 225
3478 225
3478 226
3469 226
3469 225
3467 225
3467 224
3465 224
3465 223
3463 223
3463 222
3461 222
3461 221
3445 221
3445 222
3443 222
3443 223
3442 223
3442 224
3441 224
3441 225
3440 225
3440 227
3439 227
3439 229
3435 229
3435 235
3434 235
3434 236
3433 236
3433 244
3432 244
3432 245
3431 245
3431 246
3430 246
3430 248
3429 248
3429 249
3428 249
3428 250
3427 250
3427 251
3425 251
3425 252
3424 252
3424 253
3423 253
3423 254
3422 254
3422 255
3421 255
3421 257
3420 257
3420 269
3419 269
3419 288
3418 288
3418 296
3417 296
3417 310
3416 310
3416 315
3417 315
3417 316
3416 316
3416 325
3415 325
3415 327
3416 327
3416 330
3415 330
3415 341
3414 341
3414 342
3415 342
3415 347
3414 347
3414 354
3413 354
3413 355
3412 355
3412 357
3411 357
3411 359
3410 359
3410 360
3409 360
3409 361
3407 361
3407 362
3406 362
3406 363
3404 363
3404 364
3402 364
3402 366
3401 366
3401 367
3399 367
3399 368
3398 368
3398 370
3395 370
3395 371
3392 371
3392 372
3391 372
3391 373
3390 373
3390 374
3389 374
3389 382
3388 382
3388 388
3387 388
3387 389
3386 389
3386 390
3385 390
3385 391
3383 391
3383 392
3380 392
3380 393
3379 393
3379 394
3378 394
3378 395
3377 395
3377 397
3376 397
3376 400
3375 400
3375 402
3374 402
3374 403
3373 403
3373 404
3372 404
3372 405
3371 405
3371 406
3370 406
3370 407
3369 407
3369 408
3368 408
3368 409
3366 409
3366 410
3363 410
3363 411
3362 411
3362 412
3361 412
3361 413
3360 413
3360 414
3358 414
3358 416
3354 416
3354 418
3352 418
3352 419
3350 419
3350 420
3347 420
3347 421
3346 421
3346 424
3343 424
3343 425
3340 425
3340 426
3337 426
3337 436
3336 436
3336 442
3335 442
3335 443
3334 443
3334 444
3333 444
3333 448
3330 448
3330 450
3329 450
3329 451
3328 451
3328 452
3326 452
3326 453
3325 453
3325 454
3321 454
3321 455
3319 455
3319 456
3318 456
3318 457
3303 457
3303 456
3301 456
3301 455
3299 455
3299 454
3298 454
3298 453
3297 453
3297 452
3296 452
3296 451
3295 451
3295 450
3293 450
3293 449
3292 449
3292 448
3289 448
3289 447
3284 447
3284 448
3282 448
3282 449
3273 449
3273 448
3269 448
3269 447
3266 447
3266 448
3259 448
3259 449
3248 449
3248 450
3237 450
3237 451
3234 451
3234 452
3232 452
3232 453
3230 453
3230 454
3229 454
3229 455
3228 455
3228 456
3226 456
3226 455
3224 455
3224 454
3223 454
3223 453
3219 453
3219 454
3216 454
3216 453
3212 453
3212 454
3207 454
3207 453
3205 453
3205 455
3202 455
3202 456
3198 456
3198 457
3185 457
3185 458
3177 458
3177 459
3176 459
3176 460
3167 460
3167 458
3162 458
3162 457
3160 457
3160 456
3158 456
3158 455
3157 455
3157 454
3154 454
3154 453
3153 453
3153 452
3151 452
3151 451
3150 451
3150 450
3148 450
3148 449
3147 449
3147 448
3146 448
3146 447
3145 447
3145 445
3144 445
3144 444
3143 444
3143 442
3142 442
3142 441
3140 441
3140 440
3138 440
3138 439
3137 439
3137 438
3135 438
3135 437
3134 437
3134 436
3133 436
3133 435
3132 435
3132 434
3131 434
3131 433
3128 433
3128 432
3125 432
3125 431
3124 431
3124 430
3123 430
3123 429
3122 429
3122 428
3121 428
3121 426
3120 426
3120 424
3119 424
3119 422
3118 422
3118 421
3117 421
3117 420
3114 420
3114 419
3112 419
3112 418
3111 418
3111 417
3110 417
3110 416
3109 416
3109 415
3108 415
3108 414
3106 414
3106 413
3104 413
3104 412
3102 412
3102 411
3101 411
3101 410
3100 410
3100 409
3099 409
3099 408
3098 408
3098 407
3097 407
3097 404
3096 404
3096 403
3095 403
3095 402
3091 402
3091 401
3090 401
3090 400
3082 400
3082 399
3081 399
3081 398
3080 398
3080 397
3079 397
3079 396
3078 396
3078 393
3077 393
3077 378
3076 378
3076 377
3077 377
3077 366
3076 366
3076 364
3061 364
3061 363
3059 363
3059 362
3056 362
3056 361
3055 361
3055 359
3054 359
3054 358
3045 358
3045 359
3043 359
3043 360
3039 360
3039 361
3038 361
3038 362
3037 362
3037 364
3036 364
3036 366
3035 366
3035 367
3034 367
3034 369
3033 369
3033 370
3031 370
3031 371
3030 371
3030 372
3029 372
3029 373
3026 373
3026 375
3025 375
3025 382
3024 382
3024 385
3023 385
3023 386
3022 386
3022 387
3021 387
3021 389
3020 389
3020 390
3019 390
3019 391
3017 391
3017 392
3016 392
3016 393
3013 393
3013 394
3012 394
3012 395
3009 395
3009 396
3006 396
3006 397
3005 397
3005 398
3004 398
3004 399
3001 399
3001 401
3000 401
3000 404
2999 404
2999 408
2998 408
2998 409
2997 409
2997 410
2996 410
2996 411
2994 411
2994 413
2993 413
2993 414
2992 414
2992 415
2989 415
2989 416
2987 416
2987 423
2986 423
2986 430
2985 430
2985 432
2984 432
2984 434
2983 434
2983 435
2982 435
2982 436
2981 436
2981 437
2979 437
2979 438
2978 438
2978 439
2977 439
2977 440
2975 440
2975 441
2974 441
2974 442
2972 442
2972 444
2971 444
2971 452
2970 452
2970 457
2969 457
2969 459
2968 459
2968 461
2967 461
2967 462
2965 462
2965 463
2963 463
2963 464
2962 464
2962 465
2961 465
2961 466
2960 466
2960 475
2959 475
2959 486
2958 486
2958 488
2959 488
2959 493
2958 493
2958 498
2957 498
2957 505
2958 505
2958 507
2957 507
2957 516
2956 516
2956 525
2955 525
2955 538
2954 538
2954 549
2953 549
2953 563
2952 563
2952 564
2951 564
2951 565
2950 565
2950 566
2948 566
2948 567
2945 567
2945 568
2944 568
2944 570
2940 570
2940 571
2939 571
2939 572
2938 572
2938 573
2937 573
2937 574
2935 574
2935 575
2933 575
2933 576
2930 576
2930 579
2928 579
2928 580
2927 580
2927 582
2928 582
2928 585
2927 585
2927 588
2926 588
2926 589
2924 589
2924 591
2921 591
2921 592
2918 592
2918 594
2915 594
2915 596
2911 596
2911 597
2910 597
2910 598
2909 598
2909 599
2907 599
2907 600
2905 600
2905 601
2901 601
2901 602
2900 602
2900 603
2894 603
2894 604
2892 604
2892 605
2888 605
2888 606
2882 606
2882 607
2881 607
2881 608
2880 608
2880 610
2876 610
2876 611
2874 611
2874 610
2873 610
2873 609
2871 609
2871 608
2860 608
2860 609
2858 609
2858 610
2855 610
2855 611
2854 611
2854 613
2853 613
2853 621
2852 621
2852 630
2851 630
2851 631
2845 631
2845 632
2844 632
2844 633
2843 633
2843 634
2842 634
2842 635
2841 635
