2955 690
2953 690
2953 691
2951 691
2951 692
2950 692
2950 693
2947 693
2947 694
2943 694
2943 695
2925 695
2925 696
2916 696
2916 697
2914 697
2914 698
2900 698
2900 699
2898 699
2898 700
2893 700
2893 701
2886 701
2886 703
2885 703
2885 706
2886 706
2886 715
2887 715
2887 719
2886 719
2886 720
2885 720
2885 722
2883 722
2883 723
2879 723
2879 722
2877 722
2877 721
2874 721
2874 722
2863 722
2863 723
2861 723
2861 724
2860 724
2860 725
2857 725
2857 726
2855 726
2855 727
2837 727
2837 726
2831 726
2831 725
2825 725
2825 724
2824 724
2824 723
2823 723
2823 722
2818 722
2818 719
2816 719
2816 718
2812 718
2812 717
2807 717
2807 716
2805 716
2805 715
2804 715
2804 714
2802 714
2802 713
2801 713
2801 711
2800 711
2800 709
2799 709
2799 705
2798 705
2798 704
2797 704
2797 703
2796 703
2796 702
2794 702
2794 701
2793 701
2793 700
2789 700
2789 699
2764 699
2764 700
2761 700
2761 701
2760 701
2760 702
2759 702
2759 703
2758 703
2758 704
2756 704
2756 705
2753 705
2753 706
2750 706
2750 708
2749 708
2749 710
2746 710
2746 713
2743 713
2743 714
2742 714
2742 715
2739 715
2739 716
2738 716
2738 717
2737 717
2737 718
2735 718
2735 719
2733 719
2733 720
2732 720
2732 721
2731 721
2731 722
2730 722
2730 723
2715 723
2715 722
2714 722
2714 721
2712 721
2712 720
2705 720
2705 721
2704 721
2704 722
2701 722
2701 721
2696 721
2696 722
2695 722
2695 723
2694 723
2694 725
2692 725
2692 726
2689 726
2689 727
2688 727
2688 728
2687 728
2687 729
2684 729
2684 730
2681 730
2681 731
2679 731
2679 732
2677 732
2677 733
2674 733
2674 734
2670 734
2670 735
2668 735
2668 734
2655 734
2655 733
2653 733
2653 732
2650 732
2650 731
2646 731
2646 730
2643 730
2643 729
2642 729
2642 728
2640 728
2640 727
2639 727
2639 726
2638 726
2638 724
2637 724
2637 723
2636 723
2636 713
2635 713
2635 712
2634 712
2634 711
2630 711
2630 710
2629 710
2629 709
2628 709
2628 708
2627 708
2627 707
2626 707
2626 706
2625 706
2625 704
2624 704
2624 703
2623 703
2623 702
2622 702
2622 701
2621 701
2621 700
2619 700
2619 699
2616 699
2616 698
2615 698
2615 696
2614 696
2614 695
2613 695
2613 693
2612 693
2612 687
2611 687
2611 681
2610 681
2610 680
2609 680
2609 679
2608 679
2608 678
2606 678
2606 677
2604 677
2604 676
2603 676
2603 674
2602 674
2602 673
2601 673
2601 672
2600 672
2600 664
2599 664
2599 658
2598 658
2598 657
2593 657
2593 658
2591 658
2591 659
2587 659
2587 658
2586 658
2586 657
2585 657
2585 655
2584 655
2584 654
2583 654
2583 653
2582 653
2582 652
2581 652
2581 651
2580 651
2580 650
2579 650
2579 649
2578 649
2578 647
2577 647
2577 645
2576 645
2576 642
2575 642
2575 630
2576 630
2576 623
2575 623
2575 611
2574 611
2574 610
2573 610
2573 609
2568 609
2568 610
2567 610
2567 611
2566 611
2566 614
2564 614
2564 615
2563 615
2563 616
2562 616
2562 617
2561 617
2561 659
2560 659
2560 661
2559 661
2559 662
2558 662
2558 663
2557 663
2557 664
2556 664
2556 665
2552 665
2552 666
2548 666
2548 667
2546 667
2546 668
2543 668
2543 669
2538 669
2538 670
2532 670
2532 671
2524 671
2524 672
2522 672
2522 673
2505 673
2505 674
2502 674
2502 675
2498 675
2498 676
2492 676
2492 677
2491 677
2491 682
2490 682
2490 702
2489 702
2489 723
2488 723
2488 726
2487 726
2487 728
2486 728
2486 729
2485 729
2485 730
2483 730
2483 732
2482 732
2482 733
2481 733
2481 734
2478 734
2478 735
2476 735
2476 736
2475 736
2475 737
2474 737
2474 745
2473 745
2473 747
2471 747
2471 748
2470 748
2470 750
2469 750
2469 755
2468 755
2468 756
2467 756
2467 760
2466 760
2466 764
2465 764
2465 768
2464 768
2464 773
2465 773
2465 775
2464 775
2464 781
2463 781
2463 795
2462 795
2462 798
2461 798
2461 800
2459 800
2459 801
2458 801
2458 802
2456 802
2456 803
2451 803
2451 802
2438 802
2438 803
2436 803
2436 804
2434 804
2434 805
2432 805
2432 806
2430 806
2430 807
2429 807
2429 809
2421 809
2421 810
2419 810
2419 811
2417 811
2417 812
2416 812
2416 813
2415 813
2415 814
2413 814
2413 815
2409 815
2409 816
2407 816
2407 817
2404 817
2404 818
2400 818
2400 819
2398 819
2398 818
2394 818
2394 817
2393 817
2393 816
2392 816
2392 815
2390 815
2390 814
2387 814
2387 813
2382 813
2382 812
2381 812
2381 811
2372 811
2372 812
2370 812
2370 811
2368 811
2368 810
2365 810
2365 811
2357 811
2357 810
2356 810
2356 809
2353 809
2353 808
2351 808
2351 807
2347 807
2347 806
2338 806
2338 805
2336 805
2336 804
2331 804
2331 803
2329 803
2329 802
2328 802
2328 801
2326 801
2326 799
2325 799
2325 798
2324 798
2324 797
2323 797
2323 794
2324 794
2324 792
2323 792
2323 786
2324 786
2324 784
2323 784
2323 783
2318 783
2318 780
2317 780
2317 779
2314 779
2314 778
2313 778
2313 773
2312 773
2312 772
2311 772
2311 737
2312 737
2312 735
2311 735
2311 731
2310 731
2310 730
2309 730
2309 729
2308 729
2308 728
2305 728
2305 727
2304 727
2304 726
2303 726
2303 725
2302 725
2302 724
2301 724
2301 722
2300 722
2300 721
2299 721
2299 720
2298 720
2298 719
2297 719
2297 718
2286 718
2286 717
2280 717
2280 716
2279 716
2279 715
2277 715
2277 714
2276 714
2276 712
2275 712
2275 708
2274 708
2274 704
2275 704
2275 697
2274 697
2274 695
2273 695
2273 694
2271 694
2271 693
2269 693
2269 692
2266 692
2266 691
2265 691
2265 690
2264 690
2264 688
2263 688
2263 687
2262 687
2262 686
2261 686
2261 685
2260 685
2260 684
2259 684
2259 683
2257 683
2257 682
2255 682
2255 681
2253 681
2253 680
2251 680
2251 679
2242 679
2242 680
2241 680
2241 685
2242 685
2242 699
2241 699
2241 702
2240 702
2240 703
2229 703
2229 704
2228 704
2228 732
2227 732
2227 734
2228 734
2228 741
2227 741
2227 743
2228 743
2228 744
2229 744
2229 746
2228 746
2228 750
2229 750
2229 756
2227 756
2227 757
2226 757
2226 758
2225 758
2225 759
2224 759
2224 760
2223 760
2223 762
2221 762
2221 763
2220 763
2220 764
2219 764
2219 767
2203 767
2203 768
2200 768
2200 767
2194 767
2194 766
2192 766
2192 765
2189 765
2189 763
2187 763
2187 762
2186 762
2186 761
2181 761
2181 760
2180 760
2180 759
2179 759
2179 757
2178 757
2178 756
2177 756
2177 755
2172 755
2172 754
2168 754
2168 753
2165 753
2165 752
2164 752
2164 751
2163 751
2163 750
2160 750
2160 749
2156 749
2156 748
2155 748
2155 747
2152 747
2152 745
2151 745
2151 744
2147 744
2147 743
2140 743
2140 744
2135 744
2135 745
2133 745
2133 746
2120 746
2120 745
2118 745
2118 746
2116 746
2116 747
2115 747
2115 749
2114 749
2114 750
2112 750
2112 751
2111 751
2111 752
2107 752
2107 753
2094 753
2094 754
2090 754
2090 755
2087 755
2087 753
2082 753
2082 752
2080 752
2080 751
2078 751
2078 749
2077 749
2077 748
2073 748
2073 747
2070 747
2070 746
2069 746
2069 745
2066 745
2066 744
2063 744
2063 743
2061 743
2061 742
2051 742
2051 743
2033 743
2033 742
2029 742
2029 741
2027 741
2027 740
2026 740
2026 739
2025 739
2025 738
2024 738
2024 737
2023 737
2023 734
2022 734
2022 731
2021 731
2021 729
2020 729
2020 727
2019 727
2019 725
2018 725
2018 724
2017 724
2017 722
2016 722
2016 721
2015 721
2015 720
2014 720
2014 719
2013 719
2013 718
2012 718
2012 717
2011 717
2011 716
2010 716
2010 715
2009 715
2009 714
2008 714
2008 713
2006 713
2006 712
2002 712
2002 711
2001 711
2001 710
2000 710
2000 709
1999 709
1999 707
1998 707
1998 706
1997 706
1997 705
1992 705
1992 706
1991 706
1991 707
1990 707
1990 711
1989 711
1989 714
1988 714
1988 724
1989 724
1989 725
1990 725
1990 727
1991 727
1991 731
1992 731
1992 738
1991 738
1991 742
1990 742
1990 744
1991 744
1991 747
1990 747
1990 752
1983 752
1983 753
1979 753
1979 754
1976 754
1976 753
1969 753
1969 752
1966 752
1966 751
1964 751
1964 749
1963 749
1963 748
1961 748
1961 747
1960 747
1960 746
1959 746
1959 745
1958 745
1958 744
1957 744
1957 743
1955 743
1955 742
1949 742
1949 743
1945 743
1945 742
1941 742
1941 743
1936 743
1936 744
1934 744
1934 745
1933 745
1933 746
1931 746
1931 747
1929 747
1929 748
1927 748
1927 749
1925 749
1925 750
1924 750
1924 749
1917 749
1917 748
1914 748
1914 747
1912 747
1912 745
1911 745
1911 744
1910 744
1910 739
1908 739
1908 738
1907 738
1907 737
1906 737
1906 732
1905 732
1905 731
1903 731
1903 730
1897 730
1897 731
1895 731
1895 730
1892 730
1892 729
1891 729
1891 728
1889 728
1889 727
1888 727
1888 726
1887 726
1887 724
1886 724
1886 723
1884 723
1884 722
1879 722
1879 721
1875 721
1875 720
1874 720
1874 719
1873 719
1873 718
1872 718
1872 717
1871 717
1871 713
1870 713
1870 710
1869 710
1869 709
1865 709
1865 708
1857 708
1857 707
1856 707
1856 706
1855 706
1855 705
1854 705
1854 704
1853 704
1853 702
1852 702
1852 701
1851 701
1851 700
1850 700
1850 696
1849 696
1849 692
1848 692
1848 690
1847 690
1847 688
1846 688
1846 675
1845 675
1845 667
1844 667
1844 648
1843 648
1843 645
1842 645
1842 644
1841 644
1841 643
1840 643
1840 642
1837 642
1837 641
1828 641
1828 642
1826 642
1826 643
1821 643
1821 642
1820 642
1820 641
1819 641
1819 640
1818 640
1818 639
1794 639
1794 640
1792 640
1792 641
1791 641
1791 642
1789 642
1789 643
1788 643
1788 644
1783 644
1783 645
1782 645
1782 649
1781 649
1781 652
1780 652
1780 653
1779 653
1779 654
1776 654
1776 655
1768 655
1768 656
1766 656
1766 657
1765 657
1765 658
1764 658
1764 661
1763 661
1763 668
1762 668
1762 684
1763 684
1763 686
1764 686
1764 691
1765 691
1765 692
1766 692
1766 694
1767 694
1767 696
1768 696
1768 700
1769 700
1769 706
1770 706
1770 711
1769 711
1769 712
1768 712
1768 715
1767 715
1767 717
1766 717
1766 718
1755 718
1755 717
1752 717
1752 716
1751 716
1751 715
1748 715
1748 714
1746 714
1746 713
1745 713
1745 712
1744 712
1744 711
1742 711
1742 710
1737 710
1737 709
1736 709
1736 708
1734 708
1734 707
1733 707
1733 706
1732 706
1732 705
1730 705
1730 704
1729 704
1729 700
1728 700
1728 698
1727 698
1727 689
1726 689
1726 688
1725 688
1725 685
1724 685
1724 684
1723 684
1723 683
1722 683
1722 682
1721 682
1721 681
1718 681
1718 680
1717 680
1717 679
1715 679
1715 678
1714 678
1714 677
1713 677
1713 676
1712 676
1712 675
1711 675
1711 674
1710 674
1710 671
1709 671
1709 662
1708 662
1708 654
1707 654
1707 648
1706 648
1706 647
1705 647
1705 646
1703 646
1703 645
1701 645
1701 644
1700 644
1700 643
1699 643
1699 642
1698 642
1698 641
1697 641
1697 639
1696 639
1696 636
1695 636
1695 630
1694 630
1694 628
1693 628
1693 627
1690 627
1690 626
1676 626
1676 625
1672 625
1672 624
1669 624
1669 623
1668 623
1668 622
1666 622
1666 621
1665 621
1665 619
1664 619
1664 616
1663 616
1663 613
1662 613
1662 611
1661 611
1661 609
1660 609
1660 608
1659 608
1659 607
1658 607
1658 606
1653 606
1653 607
1652 607
1652 608
1651 608
1651 609
1648 609
1648 610
1647 610
1647 611
1646 611
1646 613
1645 613
1645 614
1644 614
1644 616
1643 616
1643 618
1641 618
1641 619
1640 619
1640 620
1635 620
1635 621
1634 621
1634 622
1633 622
1633 625
1632 625
1632 626
1631 626
1631 633
1632 633
1632 635
1631 635
1631 655
1630 655
1630 657
1629 657
1629 658
1628 658
1628 660
1627 660
1627 661
1626 661
1626 662
1625 662
1625 663
1624 663
1624 664
1620 664
1620 665
1618 665
1618 666
1617 666
1617 669
1618 669
1618 674
1617 674
1617 676
1616 676
1616 677
1615 677
1615 678
1614 678
1614 679
1613 679
1613 680
1612 680
1612 681
1611 681
1611 682
1610 682
1610 683
1609 683
1609 684
1605 684
1605 685
1602 685
1602 695
1603 695
1603 711
1604 711
1604 718
1603 718
1603 719
1600 719
1600 720
1599 720
1599 721
1598 721
1598 733
1597 733
1597 734
1596 734
1596 736
1595 736
1595 746
1594 746
1594 750
1593 750
1593 752
1592 752
1592 753
1591 753
1591 754
1590 754
1590 755
1588 755
1588 756
1587 756
1587 757
1586 757
1586 758
1585 758
1585 760
1584 760
1584 762
1583 762
1583 764
1582 764
1582 765
1581 765
1581 766
1580 766
1580 767
1578 767
1578 770
1577 770
1577 775
1576 775
1576 778
1575 778
1575 780
1574 780
1574 781
1573 781
1573 783
1572 783
1572 785
1571 785
1571 786
1564 786
1564 787
1560 787
1560 788
1558 788
1558 789
1551 789
1551 790
1539 790
1539 791
1530 791
1530 790
1528 790
1528 788
1527 788
1527 784
1526 784
1526 776
1525 776
1525 767
1524 767
1524 766
1523 766
1523 763
1522 763
1522 762
1520 762
1520 761
1505 761
1505 762
1502 762
1502 763
1500 763
1500 764
1498 764
1498 765
1484 765
1484 764
1480 764
1480 763
1477 763
1477 762
1474 762
1474 761
1473 761
1473 760
1472 760
1472 759
1471 759
1471 758
1470 758
1470 752
1469 752
1469 742
1468 742
1468 732
1467 732
1467 725
1466 725
1466 713
1465 713
1465 704
1464 704
1464 697
1463 697
1463 695
1464 695
1464 692
1463 692
1463 686
1462 686
1462 683
1461 683
1461 681
1460 681
1460 680
1459 680
1459 679
1456 679
1456 678
1453 678
1453 677
1452 677
1452 676
1451 676
1451 675
1450 675
1450 673
1449 673
1449 666
1448 666
1448 657
1447 657
1447 649
1446 649
1446 640
1445 640
1445 632
1444 632
1444 624
1443 624
1443 612
1442 612
1442 610
1443 610
1443 605
1442 605
1442 600
1441 600
1441 591
1440 591
1440 576
1439 576
1439 571
1438 571
1438 562
1437 562
1437 550
1436 550
1436 539
1435 539
1435 523
1434 523
1434 516
1433 516
1433 515
1432 515
1432 514
1430 514
1430 513
1429 513
1429 514
1426 514
1426 515
1425 515
1425 517
1421 517
1421 518
1420 518
1420 519
1409 519
1409 520
1394 520
1394 521
1391 521
1391 522
1390 522
1390 523
1389 523
1389 524
1388 524
1388 526
1387 526
1387 527
1386 527
1386 529
1385 529
1385 530
1384 530
1384 531
1383 531
1383 535
1382 535
1382 537
1381 537
1381 539
1379 539
1379 540
1378 540
1378 541
1377 541
1377 543
1376 543
1376 544
1375 544
1375 545
1370 545
1370 546
1367 546
1367 552
1368 552
1368 556
1369 556
1369 558
1370 558
1370 560
1371 560
1371 561
1372 561
1372 562
1373 562
1373 563
1374 563
1374 568
1373 568
1373 570
1371 570
1371 571
1370 571
1370 573
1368 573
1368 574
1360 574
1360 575
1356 575
1356 576
1354 576
1354 577
1353 577
1353 579
1352 579
1352 581
1351 581
1351 582
1350 582
1350 583
1340 583
1340 582
1338 582
1338 581
1337 581
1337 579
1336 579
1336 578
1335 578
1335 577
1333 577
1333 576
1329 576
1329 577
1327 577
1327 578
1325 578
1325 579
1323 579
1323 580
1314 580
1314 581
1305 581
1305 582
1301 582
1301 583
1296 583
1296 584
1295 584
1295 585
1294 585
1294 586
1293 586
1293 587
1292 587
1292 588
1291 588
1291 589
1290 589
1290 590
1286 590
1286 591
1281 591
1281 592
1280 592
1280 593
1279 593
1279 594
1277 594
1277 595
1269 595
1269 596
1268 596
1268 600
1269 600
1269 602
1270 602
1270 604
1271 604
1271 605
1272 605
1272 606
1273 606
1273 607
1274 607
1274 611
1273 611
1273 612
1272 612
1272 614
1271 614
1271 616
1270 616
1270 618
1269 618
1269 619
1262 619
1262 620
1260 620
1260 623
1259 623
1259 625
1258 625
1258 626
1255 626
1255 627
1254 627
1254 628
1253 628
1253 631
1252 631
1252 632
1251 632
1251 635
1250 635
1250 637
1249 637
1249 640
1247 640
1247 641
1244 641
1244 642
1230 642
1230 641
1229 641
1229 640
1228 640
1228 638
1227 638
1227 633
1226 633
1226 623
1225 623
1225 618
1224 618
1224 608
1223 608
1223 603
1222 603
1222 595
1221 595
1221 585
1220 585
1220 580
1219 580
1219 569
1218 569
1218 561
1217 561
1217 552
1216 552
1216 551
1215 551
1215 550
1212 550
1212 551
1210 551
1210 552
1206 552
1206 553
1199 553
1199 554
1193 554
1193 553
1192 553
1192 552
1190 552
1190 551
1188 551
1188 550
1187 550
1187 549
1186 549
1186 548
1185 548
1185 546
1184 546
1184 545
1181 545
1181 544
1173 544
1173 543
1172 543
1172 542
1171 542
1171 541
1168 541
1168 540
1161 540
1161 539
1159 539
1159 538
1158 538
1158 537
1146 537
1146 538
1141 538
1141 539
1138 539
1138 538
1135 538
1135 537
1132 537
1132 536
1130 536
1130 537
1127 537
1127 538
1119 538
1119 539
1114 539
1114 538
1112 538
1112 537
1110 537
1110 536
1109 536
1109 532
1108 532
1108 531
1107 531
1107 530
1105 530
1105 529
1103 529
1103 528
1098 528
1098 527
1097 527
1097 526
1096 526
1096 524
1095 524
1095 522
1094 522
1094 518
1093 518
1093 513
1092 513
1092 503
1091 503
1091 500
1090 500
1090 494
1089 494
1089 488
1088 488
1088 480
1087 480
1087 474
1086 474
1086 462
1085 462
1085 458
1084 458
1084 449
1083 449
1083 443
1082 443
1082 438
1081 438
1081 428
1080 428
1080 422
1079 422
1079 417
1078 417
1078 411
1077 411
1077 406
1076 406
1076 403
1075 403
1075 402
1066 402
1066 401
1065 401
1065 400
1060 400
1060 401
1059 401
1059 402
1058 402
1058 403
1051 403
1051 404
1048 404
1048 405
1047 405
1047 407
1046 407
1046 408
1043 408
1043 409
1041 409
1041 410
1040 410
1040 411
1039 411
1039 412
1038 412
1038 414
1037 414
1037 415
1035 415
1035 416
1034 416
1034 418
1033 418
1033 419
1032 419
1032 420
1031 420
1031 421
1030 421
1030 422
1029 422
1029 424
1028 424
1028 425
1027 425
1027 426
1026 426
1026 427
1024 427
1024 428
1022 428
1022 429
1020 429
1020 430
1019 430
1019 432
1018 432
1018 433
1017 433
1017 434
1016 434
1016 436
1015 436
1015 437
1012 437
1012 438
1003 438
1003 439
997 439
997 440
990 440
990 441
987 441
987 442
984 442
984 443
983 443
983 444
982 444
982 450
983 450
983 456
984 456
984 457
985 457
985 467
984 467
984 471
983 471
983 472
982 472
982 473
977 473
977 474
975 474
975 475
974 475
974 476
973 476
973 478
972 478
972 479
971 479
971 480
963 480
963 481
962 481
962 485
961 485
961 486
955 486
955 487
948 487
948 488
931 488
931 487
928 487
928 493
929 493
929 499
928 499
928 501
929 501
929 506
928 506
928 507
927 507
927 509
922 509
922 510
917 510
917 509
914 509
914 508
913 508
913 507
912 507
912 506
911 506
911 504
910 504
910 499
909 499
909 493
908 493
908 486
907 486
907 479
906 479
906 477
905 477
905 476
904 476
904 475
891 475
891 476
890 476
890 477
889 477
889 479
888 479
888 480
886 480
886 481
885 481
885 482
884 482
884 483
883 483
883 484
882 484
882 487
881 487
881 488
880 488
880 491
879 491
879 494
878 494
878 495
876 495
876 496
875 496
875 500
874 500
874 501
873 501
873 502
872 502
872 503
871 503
871 506
870 506
870 509
869 509
869 512
868 512
868 513
863 513
863 514
862 514
862 515
859 515
859 516
858 516
858 517
857 517
857 519
843 519
843 518
842 518
842 517
841 517
841 516
840 516
840 514
839 514
839 512
838 512
838 511
834 511
834 510
831 510
831 509
829 509
829 508
828 508
828 506
827 506
827 505
826 505
826 504
825 504
825 503
823 503
823 502
820 502
820 501
819 501
819 502
820 502
820 503
823 503
823 504
825 504
825 505
826 505
826 506
827 506
827 508
828 508
828 509
829 509
829 510
831 510
831 511
834 511
834 512
838 512
838 514
839 514
839 516
840 516
840 517
841 517
841 518
842 518
842 519
843 519
843 520
857 520
857 519
858 519
858 517
859 517
859 516
863 516
863 514
868 514
868 513
870 513
870 509
871 509
871 506
872 506
872 503
873 503
873 502
874 502
874 501
876 501
876 496
878 496
878 495
879 495
879 494
880 494
880 491
881 491
881 488
882 488
882 487
883 487
883 484
884 484
884 483
885 483
885 482
886 482
886 481
888 481
888 480
889 480
889 479
890 479
890 477
891 477
891 476
904 476
904 477
905 477
905 479
906 479
906 486
907 486
907 493
908 493
908 499
909 499
909 504
910 504
910 506
911 506
911 507
912 507
912 508
913 508
913 509
914 509
914 510
917 510
917 511
922 511
922 510
927 510
927 509
928 509
928 507
929 507
929 506
930 506
930 501
929 501
929 499
930 499
930 493
929 493
929 488
931 488
931 489
948 489
948 488
955 488
955 487
961 487
961 486
962 486
962 485
963 485
963 481
971 481
971 480
972 480
972 479
973 479
973 478
974 478
974 476
975 476
975 475
977 475
977 474
982 474
982 473
983 473
983 472
984 472
984 471
985 471
985 467
986 467
986 463
987 463
987 462
988 462
988 461
987 461
987 460
986 460
986 457
985 457
985 456
984 456
984 450
983 450
983 444
984 444
984 443
987 443
987 442
990 442
990 441
997 441
997 440
1003 440
1003 439
1012 439
1012 438
1015 438
1015 437
1016 437
1016 436
1017 436
1017 434
1018 434
1018 433
1019 433
1019 432
1020 432
1020 430
1022 430
1022 429
1024 429
1024 428
1026 428
1026 427
1027 427
1027 426
1028 426
1028 425
1029 425
1029 424
1030 424
1030 422
1031 422
1031 421
1032 421
1032 420
1033 420
1033 419
1034 419
1034 418
1035 418
1035 416
1037 416
1037 415
1038 415
1038 414
1039 414
1039 412
1040 412
1040 411
1041 411
1041 410
1043 410
1043 409
1046 409
1046 408
1047 408
1047 407
1048 407
1048 405
1051 405
1051 404
1058 404
1058 403
1059 403
1059 402
1060 402
1060 401
1065 401
1065 402
1066 402
1066 403
1075 403
1075 406
1076 406
1076 411
1077 411
1077 417
1078 417
1078 422
1079 422
1079 428
1080 428
1080 438
1081 438
1081 443
1082 443
1082 449
1083 449
1083 458
1084 458
1084 462
1085 462
1085 474
1086 474
1086 480
1087 480
1087 488
1088 488
1088 494
1089 494
1089 500
1090 500
1090 503
1091 503
1091 513
1092 513
1092 518
1093 518
1093 522
1094 522
1094 524
1095 524
1095 526
1096 526
1096 527
1097 527
1097 528
1098 528
1098 529
1103 529
1103 530
1105 530
1105 531
1107 531
1107 532
1108 532
1108 536
1109 536
1109 537
1110 537
1110 538
1112 538
1112 539
1114 539
1114 540
1119 540
1119 539
1127 539
1127 538
1130 538
1130 537
1132 537
1132 538
1135 538
1135 539
1138 539
1138 540
1141 540
1141 539
1146 539
1146 538
1158 538
1158 539
1159 539
1159 540
1161 540
1161 541
1168 541
1168 542
1171 542
1171 543
1172 543
1172 544
1173 544
1173 545
1181 545
1181 546
1184 546
1184 548
1185 548
1185 549
1186 549
1186 550
1187 550
1187 551
1188 551
1188 552
1190 552
1190 553
1192 553
1192 554
1193 554
1193 555
1199 555
1199 554
1206 554
1206 553
1210 553
1210 552
1212 552
1212 551
1215 551
1215 552
1216 552
1216 561
1217 561
1217 569
1218 569
1218 580
1219 580
1219 585
1220 585
1220 595
1221 595
1221 603
1222 603
1222 608
1223 608
1223 618
1224 618
1224 623
1225 623
1225 633
1226 633
1226 638
1227 638
1227 640
1228 640
1228 641
1229 641
1229 642
1230 642
1230 643
1244 643
1244 642
1247 642
1247 641
1249 641
1249 640
1250 640
1250 637
1251 637
1251 635
1252 635
1252 632
1253 632
1253 631
1254 631
1254 628
1255 628
1255 627
1258 627
1258 626
1259 626
1259 625
1260 625
1260 623
1261 623
1261 621
1262 621
1262 620
1269 620
1269 619
1270 619
1270 618
1271 618
1271 616
1272 616
1272 614
1273 614
1273 612
1274 612
1274 611
1275 611
1275 607
1274 607
1274 606
1273 606
1273 605
1272 605
1272 604
1271 604
1271 602
1270 602
1270 600
1269 600
1269 596
1277 596
1277 595
1279 595
1279 594
1280 594
1280 593
1281 593
1281 592
1286 592
1286 591
1290 591
1290 590
1291 590
1291 589
1292 589
1292 588
1293 588
1293 587
1294 587
1294 586
1295 586
1295 585
1296 585
1296 584
1301 584
1301 583
1305 583
1305 582
1314 582
1314 581
1323 581
1323 580
1325 580
1325 579
1327 579
1327 578
1329 578
1329 577
1333 577
1333 578
1335 578
1335 579
1336 579
1336 581
1337 581
1337 582
1338 582
1338 583
1340 583
1340 584
1350 584
1350 583
1351 583
1351 582
1352 582
1352 581
1353 581
1353 579
1354 579
1354 577
1356 577
1356 576
1360 576
1360 575
1368 575
1368 574
1370 574
1370 573
1371 573
1371 571
1373 571
1373 570
1374 570
1374 568
1375 568
1375 563
1374 563
1374 562
1373 562
1373 561
1372 561
1372 560
1371 560
1371 558
1370 558
1370 556
1369 556
1369 552
1368 552
1368 547
1370 547
1370 546
1375 546
1375 545
1376 545
1376 544
1377 544
1377 543
1378 543
1378 541
1379 541
1379 540
1382 540
1382 537
1383 537
1383 535
1384 535
1384 531
1385 531
1385 530
1386 530
1386 529
1387 529
1387 527
1388 527
1388 526
1389 526
1389 524
1390 524
1390 523
1391 523
1391 522
1394 522
1394 521
1409 521
1409 520
1420 520
1420 519
1421 519
1421 518
1424 518
1424 519
1425 519
1425 520
1426 520
1426 519
1427 519
1427 518
1426 518
1426 515
1429 515
1429 514
1430 514
1430 515
1432 515
1432 516
1433 516
1433 523
1434 523
1434 539
1435 539
1435 550
1436 550
1436 562
1437 562
1437 571
1438 571
1438 576
1439 576
1439 591
1440 591
1440 600
1441 600
1441 605
1442 605
1442 610
1441 610
1441 612
1442 612
1442 624
1443 624
1443 632
1444 632
1444 640
1445 640
1445 649
1446 649
1446 657
1447 657
1447 666
1448 666
1448 673
1449 673
1449 675
1450 675
1450 676
1451 676
1451 677
1452 677
1452 678
1453 678
1453 679
1456 679
1456 680
1459 680
1459 681
1460 681
1460 683
1461 683
1461 686
1462 686
1462 692
1463 692
1463 695
1462 695
1462 697
1463 697
1463 704
1464 704
1464 713
1465 713
1465 725
1466 725
1466 732
1467 732
1467 742
1468 742
1468 752
1469 752
1469 758
1470 758
1470 759
1471 759
1471 760
1472 760
1472 761
1473 761
1473 762
1474 762
1474 763
1477 763
1477 764
1480 764
1480 765
1484 765
1484 766
1498 766
1498 765
1500 765
1500 764
1502 764
1502 763
1505 763
1505 762
1520 762
1520 763
1522 763
1522 766
1523 766
1523 767
1524 767
1524 776
1525 776
1525 784
1526 784
1526 788
1527 788
1527 790
1528 790
1528 791
1530 791
1530 792
1539 792
1539 791
1551 791
1551 790
1558 790
1558 789
1560 789
1560 788
1564 788
1564 787
1571 787
1571 786
1572 786
1572 785
1573 785
1573 783
1574 783
1574 781
1575 781
1575 780
1576 780
1576 778
1577 778
1577 775
1578 775
1578 770
1579 770
1579 768
1580 768
1580 767
1581 767
1581 766
1582 766
1582 765
1583 765
1583 764
1584 764
1584 762
1585 762
1585 760
1586 760
1586 758
1587 758
1587 757
1588 757
1588 756
1590 756
1590 755
1591 755
1591 754
1592 754
1592 753
1593 753
1593 752
1594 752
1594 750
1595 750
1595 746
1596 746
1596 736
1597 736
1597 734
1598 734
1598 733
1599 733
1599 721
1600 721
1600 720
1603 720
1603 719
1605 719
1605 711
1604 711
1604 695
1603 695
1603 686
1605 686
1605 685
1609 685
1609 684
1610 684
1610 683
1611 683
1611 682
1612 682
1612 681
1613 681
1613 680
1614 680
1614 679
1615 679
1615 678
1616 678
1616 677
1617 677
1617 676
1618 676
1618 674
1619 674
1619 669
1618 669
1618 666
1620 666
1620 665
1624 665
1624 664
1625 664
1625 663
1626 663
1626 662
1627 662
1627 661
1628 661
1628 660
1629 660
1629 658
1630 658
1630 657
1631 657
1631 655
1632 655
1632 635
1633 635
1633 633
1632 633
1632 626
1633 626
1633 625
1634 625
1634 622
1635 622
1635 621
1640 621
1640 620
1641 620
1641 619
1643 619
1643 618
1644 618
1644 616
1645 616
1645 614
1646 614
1646 613
1647 613
1647 611
1648 611
1648 610
1651 610
1651 609
1652 609
1652 608
1653 608
1653 607
1658 607
1658 608
1659 608
1659 609
1660 609
1660 611
1661 611
1661 613
1662 613
1662 616
1663 616
1663 619
1664 619
1664 621
1665 621
1665 622
1666 622
1666 623
1668 623
1668 624
1669 624
1669 625
1672 625
1672 626
1676 626
1676 627
1690 627
1690 628
1693 628
1693 630
1694 630
1694 636
1695 636
1695 639
1696 639
1696 641
1697 641
1697 642
1698 642
1698 643
1699 643
1699 644
1700 644
1700 645
1701 645
1701 646
1703 646
1703 647
1705 647
1705 648
1706 648
1706 654
1707 654
1707 662
1708 662
1708 671
1709 671
1709 674
1710 674
1710 675
1711 675
1711 676
1712 676
1712 677
1713 677
1713 678
1714 678
1714 679
1715 679
1715 680
1717 680
1717 681
1718 681
1718 682
1721 682
1721 683
1722 683
1722 684
1723 684
1723 685
1724 685
1724 688
1725 688
1725 689
1726 689
1726 698
1727 698
1727 700
1728 700
1728 704
1729 704
1729 705
1730 705
1730 706
1732 706
1732 707
1733 707
1733 708
1734 708
1734 709
1736 709
1736 710
1737 710
1737 711
1742 711
1742 712
1744 712
1744 713
1745 713
1745 714
1746 714
1746 715
1748 715
1748 716
1751 716
1751 717
1752 717
1752 718
1755 718
1755 719
1766 719
1766 718
1767 718
1767 717
1768 717
1768 715
1769 715
1769 712
1770 712
1770 711
1771 711
1771 706
1770 706
1770 700
1769 700
1769 696
1768 696
1768 694
1767 694
1767 692
1766 692
1766 691
1765 691
1765 686
1764 686
1764 684
1763 684
1763 668
1764 668
1764 661
1765 661
1765 658
1766 658
1766 657
1768 657
1768 656
1776 656
1776 655
1779 655
1779 654
1780 654
1780 653
1781 653
1781 652
1782 652
1782 649
1783 649
1783 645
1788 645
1788 644
1789 644
1789 643
1791 643
1791 642
1792 642
1792 641
1794 641
1794 640
1818 640
1818 641
1819 641
1819 642
1820 642
1820 644
1826 644
1826 643
1828 643
1828 642
1837 642
1837 643
1840 643
1840 644
1841 644
1841 645
1842 645
1842 648
1843 648
1843 667
1844 667
1844 675
1845 675
1845 688
1846 688
1846 690
1847 690
1847 692
1848 692
1848 696
1849 696
1849 700
1850 700
1850 701
1851 701
1851 702
1852 702
1852 704
1853 704
1853 705
1854 705
1854 706
1855 706
1855 707
1856 707
1856 708
1857 708
1857 709
1865 709
1865 710
1869 710
1869 713
1870 713
1870 717
1871 717
1871 718
1872 718
1872 719
1873 719
1873 720
1874 720
1874 721
1875 721
1875 722
1879 722
1879 723
1884 723
1884 724
1886 724
1886 726
1887 726
1887 727
1888 727
1888 728
1889 728
1889 729
1891 729
1891 730
1892 730
1892 731
1895 731
1895 732
1897 732
1897 731
1903 731
1903 732
1905 732
1905 737
1906 737
1906 738
1907 738
1907 739
1908 739
1908 740
1909 740
1909 744
1910 744
1910 745
1911 745
1911 747
1912 747
1912 748
1914 748
1914 749
1917 749
1917 750
1924 750
1924 751
1925 751
1925 750
1927 750
1927 749
1929 749
1929 748
1931 748
1931 747
1933 747
1933 746
1934 746
1934 745
1936 745
1936 744
1941 744
1941 743
1945 743
1945 744
1949 744
1949 743
1955 743
1955 744
1957 744
1957 745
1958 745
1958 746
1959 746
1959 747
1960 747
1960 748
1961 748
1961 749
1963 749
1963 751
1964 751
1964 752
1966 752
1966 753
1969 753
1969 754
1976 754
1976 755
1979 755
1979 754
1983 754
1983 753
1991 753
1991 747
1992 747
1992 744
1991 744
1991 742
1992 742
1992 739
1993 739
1993 731
1992 731
1992 727
1991 727
1991 725
1990 725
1990 724
1989 724
1989 714
1990 714
1990 711
1991 711
1991 707
1992 707
1992 706
1997 706
1997 707
1998 707
1998 709
1999 709
1999 710
2000 710
2000 711
2001 711
2001 712
2002 712
2002 713
2006 713
2006 714
2008 714
2008 715
2009 715
2009 716
2010 716
2010 717
2011 717
2011 718
2012 718
2012 719
2013 719
2013 720
2014 720
2014 721
2015 721
2015 722
2016 722
2016 724
2017 724
2017 725
2018 725
2018 727
2019 727
2019 729
2020 729
2020 731
2021 731
2021 734
2022 734
2022 737
2023 737
2023 738
2024 738
2024 739
2025 739
2025 740
2026 740
2026 741
2027 741
2027 742
2029 742
2029 743
2033 743
2033 744
2051 744
2051 743
2061 743
2061 744
2063 744
2063 745
2066 745
2066 746
2069 746
2069 747
2070 747
2070 748
2073 748
2073 749
2077 749
2077 751
2078 751
2078 752
2080 752
2080 753
2082 753
2082 754
2086 754
2086 755
2087 755
2087 756
2090 756
2090 755
2094 755
2094 754
2107 754
2107 753
2111 753
2111 752
2112 752
2112 751
2114 751
2114 750
2116 750
2116 747
2118 747
2118 746
2120 746
2120 747
2133 747
2133 746
2135 746
2135 745
2140 745
2140 744
2147 744
2147 745
2151 745
2151 747
2152 747
2152 748
2155 748
2155 749
2156 749
2156 750
2160 750
2160 751
2163 751
2163 752
2164 752
2164 753
2165 753
2165 754
2168 754
2168 755
2172 755
2172 756
2177 756
2177 757
2178 757
2178 759
2179 759
2179 760
2180 760
2180 761
2181 761
2181 762
2186 762
2186 763
2187 763
2187 764
2188 764
2188 765
2189 765
2189 766
2192 766
2192 767
2194 767
2194 768
2200 768
2200 769
2203 769
2203 768
2220 768
2220 764
2221 764
2221 763
2223 763
2223 762
2224 762
2224 760
2225 760
2225 759
2226 759
2226 758
2227 758
2227 757
2230 757
2230 750
2229 750
2229 747
2230 747
2230 744
2229 744
2229 743
2228 743
2228 741
2229 741
2229 734
2228 734
2228 732
2229 732
2229 704
2240 704
2240 703
2241 703
2241 702
2242 702
2242 699
2243 699
2243 685
2242 685
2242 680
2251 680
2251 681
2253 681
2253 682
2255 682
2255 683
2257 683
2257 684
2259 684
2259 685
2260 685
2260 686
2261 686
2261 687
2262 687
2262 688
2263 688
2263 690
2264 690
2264 691
2265 691
2265 692
2266 692
2266 693
2269 693
2269 694
2271 694
2271 695
2273 695
2273 697
2274 697
2274 704
2273 704
2273 708
2274 708
2274 712
2275 712
2275 714
2276 714
2276 715
2277 715
2277 716
2279 716
2279 717
2280 717
2280 718
2286 718
2286 719
2297 719
2297 720
2298 720
2298 721
2299 721
2299 722
2300 722
2300 724
2301 724
2301 725
2302 725
2302 726
2303 726
2303 727
2304 727
2304 728
2305 728
2305 729
2308 729
2308 730
2309 730
2309 731
2310 731
2310 735
2311 735
2311 737
2310 737
2310 772
2311 772
2311 773
2312 773
2312 778
2313 778
2313 779
2314 779
2314 780
2317 780
2317 783
2318 783
2318 784
2323 784
2323 786
2322 786
2322 792
2323 792
2323 794
2322 794
2322 797
2323 797
2323 798
2324 798
2324 799
2325 799
2325 801
2326 801
2326 802
2328 802
2328 803
2329 803
2329 804
2331 804
2331 805
2336 805
2336 806
2338 806
2338 807
2347 807
2347 808
2351 808
2351 809
2353 809
2353 810
2356 810
2356 811
2357 811
2357 812
2365 812
2365 811
2368 811
2368 812
2370 812
2370 813
2372 813
2372 812
2381 812
2381 814
2387 814
2387 815
2390 815
2390 816
2392 816
2392 817
2393 817
2393 819
2398 819
2398 820
2400 820
2400 819
2404 819
2404 818
2407 818
2407 817
2409 817
2409 816
2413 816
2413 815
2415 815
2415 814
2416 814
2416 813
2417 813
2417 812
2419 812
2419 811
2421 811
2421 810
2429 810
2429 809
2430 809
2430 807
2432 807
2432 806
2434 806
2434 805
2436 805
2436 804
2438 804
2438 803
2451 803
2451 804
2456 804
2456 803
2458 803
2458 802
2459 802
2459 801
2461 801
2461 800
2462 800
2462 798
2463 798
2463 795
2464 795
2464 782
2465 782
2465 775
2466 775
2466 773
2465 773
2465 768
2466 768
2466 764
2467 764
2467 760
2468 760
2468 756
2469 756
2469 755
2470 755
2470 750
2471 750
2471 748
2473 748
2473 747
2474 747
2474 745
2475 745
2475 737
2476 737
2476 736
2478 736
2478 735
2481 735
2481 734
2482 734
2482 733
2483 733
2483 732
2484 732
2484 731
2485 731
2485 730
2486 730
2486 729
2487 729
2487 728
2488 728
2488 726
2489 726
2489 723
2490 723
2490 702
2491 702
2491 682
2492 682
2492 677
2498 677
2498 676
2502 676
2502 675
2505 675
2505 674
2522 674
2522 673
2524 673
2524 672
2532 672
2532 671
2538 671
2538 670
2543 670
2543 669
2546 669
2546 668
2548 668
2548 667
2552 667
2552 666
2556 666
2556 665
2557 665
2557 664
2558 664
2558 663
2559 663
2559 662
2560 662
2560 661
2561 661
2561 659
2562 659
2562 617
2563 617
2563 616
2564 616
2564 615
2567 615
2567 611
2568 611
2568 610
2573 610
2573 611
2574 611
2574 623
2575 623
2575 630
2574 630
2574 642
2575 642
2575 645
2576 645
2576 647
2577 647
2577 649
2578 649
2578 650
2579 650
2579 651
2580 651
2580 652
2581 652
2581 653
2582 653
2582 654
2583 654
2583 655
2584 655
2584 657
2585 657
2585 658
2586 658
2586 659
2587 659
2587 660
2591 660
2591 659
2593 659
2593 658
2598 658
2598 664
2599 664
2599 672
2600 672
2600 673
2601 673
2601 674
2602 674
2602 676
2603 676
2603 677
2604 677
2604 678
2606 678
2606 679
2608 679
2608 680
2609 680
2609 681
2610 681
2610 687
2611 687
2611 693
2612 693
2612 695
2613 695
2613 696
2614 696
2614 698
2615 698
2615 699
2616 699
2616 700
2619 700
2619 701
2621 701
2621 702
2622 702
2622 703
2623 703
2623 704
2624 704
2624 706
2625 706
2625 707
2626 707
2626 708
2627 708
2627 709
2628 709
2628 710
2629 710
2629 711
2630 711
2630 712
2634 712
2634 713
2635 713
2635 723
2636 723
2636 724
2637 724
2637 726
2638 726
2638 727
2639 727
2639 728
2640 728
2640 729
2642 729
2642 730
2643 730
2643 731
2646 731
2646 732
2650 732
2650 733
2653 733
2653 734
2655 734
2655 735
2668 735
2668 736
2670 736
2670 735
2674 735
2674 734
2677 734
2677 733
2679 733
2679 732
2681 732
2681 731
2684 731
2684 730
2687 730
2687 729
2688 729
2688 728
2689 728
2689 727
2692 727
2692 726
2695 726
2695 723
2696 723
2696 722
2701 722
2701 723
2704 723
2704 722
2705 722
2705 721
2712 721
2712 722
2714 722
2714 723
2715 723
2715 724
2730 724
2730 723
2731 723
2731 722
2732 722
2732 721
2733 721
2733 720
2735 720
2735 719
2737 719
2737 718
2738 718
2738 717
2739 717
2739 716
2742 716
2742 715
2743 715
2743 714
2746 714
2746 713
2747 713
2747 711
2749 711
2749 710
2750 710
2750 708
2751 708
2751 707
2753 707
2753 706
2756 706
2756 705
2758 705
2758 704
2759 704
2759 703
2760 703
2760 702
2761 702
2761 701
2764 701
2764 700
2789 700
2789 701
2793 701
2793 703
2796 703
2796 704
2797 704
2797 705
2798 705
2798 709
2799 709
2799 711
2800 711
2800 713
2801 713
2801 714
2802 714
2802 715
2804 715
2804 716
2805 716
2805 717
2807 717
2807 718
2812 718
2812 719
2816 719
2816 720
2817 720
2817 722
2818 722
2818 723
2823 723
2823 724
2824 724
2824 725
2825 725
2825 726
2831 726
2831 727
2837 727
2837 728
2855 728
2855 727
2857 727
2857 726
2860 726
2860 725
2861 725
2861 724
2863 724
2863 723
2874 723
2874 722
2877 722
2877 723
2879 723
2879 724
2883 724
2883 723
2885 723
2885 722
2886 722
2886 720
2887 720
2887 719
2888 719
2888 715
2887 715
2887 706
2886 706
2886 703
2887 703
2887 702
2893 702
2893 701
2898 701
2898 700
2900 700
2900 699
2914 699
2914 698
2916 698
2916 697
2925 697
2925 696
2943 696
2943 695
2947 695
2947 694
2950 694
2950 693
2951 693
2951 692
2953 692
2953 691
2955 691
2955 690
2956 690
2956 677
2957 677
2957 669
2958 669
2958 668
2959 668
2959 667
2960 667
2960 666
2962 666
2962 665
2963 665
2963 664
2964 664
2964 663
2965 663
2965 662
2966 662
2966 660
2967 660
2967 659
2968 659
2968 657
2969 657
2969 653
2968 653
2968 646
2969 646
2969 637
2968 637
2968 636
2969 636
2969 618
2970 618
2970 611
2971 611
2971 609
2979 609
2979 608
2980 608
2980 607
2983 607
2983 606
2999 606
2999 605
3004 605
3004 604
3005 604
3005 603
3006 603
3006 602
3008 602
3008 601
3014 601
3014 600
3015 600
3015 599
3016 599
3016 598
3017 598
3017 597
3018 597
3018 596
3019 596
3019 595
3020 595
3020 594
3021 594
3021 593
3023 593
3023 592
3027 592
3027 591
3028 591
3028 590
3029 590
3029 589
3030 589
3030 576
3032 576
3032 577
3034 577
3034 578
3036 578
3036 579
3043 579
3043 580
3046 580
3046 581
3047 581
3047 582
3050 582
3050 583
3053 583
3053 586
3054 586
3054 589
3055 589
3055 591
3056 591
3056 592
3058 592
3058 593
3059 593
3059 594
3060 594
3060 595
3063 595
3063 596
3065 596
3065 598
3066 598
3066 601
3067 601
3067 604
3068 604
3068 606
3069 606
3069 607
3070 607
3070 608
3073 608
3073 609
3077 609
3077 610
3078 610
3078 613
3079 613
3079 615
3080 615
3080 617
3081 617
3081 618
3082 618
3082 619
3083 619
3083 620
3085 620
3085 621
3088 621
3088 622
3090 622
3090 623
3091 623
3091 624
3092 624
3092 625
3093 625
3093 626
3095 626
3095 627
3098 627
3098 628
3101 628
3101 632
3102 632
3102 634
3101 634
3101 636
3102 636
3102 643
3103 643
3103 645
3104 645
3104 647
3105 647
3105 649
3106 649
3106 650
3107 650
3107 651
3110 651
3110 652
3114 652
3114 653
3115 653
3115 655
3116 655
3116 657
3117 657
3117 659
3118 659
3118 660
3119 660
3119 661
3120 661
3120 662
3121 662
3121 663
3122 663
3122 664
3134 664
3134 663
3137 663
3137 670
3138 670
3138 675
3139 675
3139 677
3140 677
3140 678
3141 678
3141 679
3142 679
3142 680
3143 680
3143 681
3147 681
3147 682
3149 682
3149 683
3150 683
3150 685
3151 685
3151 689
3152 689
3152 690
3153 690
3153 691
3154 691
3154 692
3155 692
3155 693
3164 693
3164 694
3165 694
3165 695
3167 695
3167 696
3174 696
3174 697
3179 697
3179 696
3181 696
3181 695
3182 695
3182 694
3183 694
3183 693
3185 693
3185 692
3188 692
3188 691
3194 691
3194 690
3195 690
3195 689
3196 689
3196 688
3197 688
3197 686
3204 686
3204 685
3215 685
3215 684
3217 684
3217 683
3220 683
3220 682
3225 682
3225 681
3230 681
3230 680
3235 680
3235 679
3238 679
3238 678
3241 678
3241 677
3242 677
3242 676
3246 676
3246 675
3249 675
3249 674
3250 674
3250 673
3251 673
3251 672
3253 672
3253 671
3254 671
3254 670
3255 670
3255 669
3256 669
3256 668
3257 668
3257 667
3258 667
3258 666
3259 666
3259 665
3260 665
3260 664
3261 664
3261 663
3262 663
3262 662
3263 662
3263 661
3264 661
3264 660
3265 660
3265 649
3266 649
3266 648
3265 648
3265 644
3266 644
3266 618
3267 618
3267 614
3271 614
3271 613
3273 613
3273 612
3274 612
3274 611
3275 611
3275 610
3277 610
3277 609
3278 609
3278 608
3280 608
3280 607
3282 607
3282 606
3284 606
3284 605
3285 605
3285 604
3286 604
3286 603
3287 603
3287 602
3288 602
3288 600
3289 600
3289 594
3290 594
3290 592
3291 592
3291 591
3292 591
3292 590
3293 590
3293 589
3297 589
3297 588
3298 588
3298 585
3299 585
3299 584
3300 584
3300 583
3301 583
3301 582
3302 582
3302 580
3303 580
3303 545
3304 545
3304 536
3303 536
3303 521
3304 521
3304 489
3305 489
3305 488
3314 488
3314 487
3315 487
3315 486
3316 486
3316 485
3317 485
3317 484
3319 484
3319 483
3320 483
3320 482
3321 482
3321 481
3322 481
3322 480
3331 480
3331 479
3332 479
3332 480
3340 480
3340 481
3345 481
3345 480
3349 480
3349 479
3350 479
3350 478
3351 478
3351 477
3353 477
3353 476
3354 476
3354 475
3356 475
3356 474
3362 474
3362 475
3364 475
3364 476
3365 476
3365 477
3367 477
3367 478
3372 478
3372 479
3374 479
3374 485
3375 485
3375 487
3374 487
3374 491
3375 491
3375 493
3376 493
3376 494
3377 494
3377 495
3378 495
3378 496
3381 496
3381 497
3386 497
3386 498
3387 498
3387 499
3389 499
3389 500
3393 500
3393 501
3397 501
3397 502
3399 502
3399 503
3400 503
3400 504
3402 504
3402 505
3407 505
3407 506
3411 506
3411 507
3413 507
3413 508
3416 508
3416 509
3428 509
3428 508
3433 508
3433 509
3434 509
3434 508
3438 508
3438 507
3439 507
3439 506
3454 506
3454 505
3457 505
3457 504
3458 504
3458 503
3464 503
3464 502
3465 502
3465 501
3466 501
3466 500
3467 500
3467 499
3468 499
3468 498
3469 498
3469 497
3468 497
3468 498
3467 498
3467 499
3466 499
3466 500
3465 500
3465 501
3464 501
3464 502
3458 502
3458 503
3457 503
3457 504
3454 504
3454 505
3439 505
3439 506
3438 506
3438 507
3434 507
3434 508
3433 508
3433 507
3428 507
3428 508
3416 508
3416 507
3413 507
3413 506
3411 506
3411 505
3407 505
3407 504
3402 504
3402 503
3400 503
3400 502
3399 502
3399 501
3397 501
3397 500
3393 500
3393 499
3389 499
3389 498
3387 498
3387 497
3386 497
3386 496
3381 496
3381 495
3378 495
3378 494
3377 494
3377 493
3376 493
3376 491
3375 491
3375 487
3376 487
3376 485
3375 485
3375 479
3374 479
3374 478
3372 478
3372 477
3367 477
3367 476
3365 476
3365 475
3364 475
3364 474
3362 474
3362 473
3356 473
3356 474
3354 474
3354 475
3353 475
3353 476
3351 476
3351 477
3350 477
3350 478
3349 478
3349 479
3345 479
3345 480
3340 480
3340 479
3332 479
3332 478
3331 478
3331 479
3322 479
3322 480
3321 480
3321 481
3320 481
3320 482
3319 482
3319 483
3317 483
3317 484
3316 484
3316 485
3315 485
3315 486
3314 486
3314 487
3305 487
3305 488
3304 488
3304 489
3303 489
3303 521
3302 521
3302 536
3303 536
3303 545
3302 545
3302 580
3301 580
3301 582
3300 582
3300 583
3299 583
3299 584
3298 584
3298 585
3297 585
3297 586
3296 586
3296 587
3295 587
3295 588
3293 588
3293 589
3292 589
3292 590
3291 590
3291 591
3290 591
3290 592
3289 592
3289 594
3288 594
3288 600
3287 600
3287 602
3286 602
3286 603
3285 603
3285 604
3284 604
3284 605
3282 605
3282 606
3280 606
3280 607
3278 607
3278 608
3277 608
3277 609
3275 609
3275 610
3274 610
3274 611
3273 611
3273 612
3271 612
3271 613
3267 613
3267 614
3266 614
3266 618
3265 618
3265 644
3264 644
3264 648
3265 648
3265 649
3264 649
3264 660
3263 660
3263 661
3262 661
3262 662
3261 662
3261 663
3260 663
3260 664
3259 664
3259 665
3258 665
3258 666
3257 666
3257 667
3256 667
3256 668
3255 668
3255 669
3254 669
3254 670
3253 670
3253 671
3251 671
3251 672
3250 672
3250 673
3249 673
3249 674
3246 674
3246 675
3242 675
3242 676
3241 676
3241 677
3238 677
3238 678
3235 678
3235 679
3230 679
3230 680
3225 680
3225 681
3220 681
3220 682
3217 682
3217 683
3215 683
3215 684
3204 684
3204 685
3197 685
3197 686
3196 686
3196 688
3195 688
3195 689
3194 689
3194 690
3188 690
3188 691
3185 691
3185 692
3183 692
3183 693
3182 693
3182 694
3181 694
3181 695
3179 695
3179 696
3174 696
3174 695
3167 695
3167 694
3165 694
3165 693
3164 693
3164 692
3155 692
3155 691
3154 691
3154 690
3153 690
3153 689
3152 689
3152 685
3151 685
3151 683
3150 683
3150 682
3149 682
3149 681
3147 681
3147 680
3143 680
3143 679
3142 679
3142 678
3141 678
3141 677
3140 677
3140 675
3139 675
3139 670
3138 670
3138 663
3137 663
3137 662
3134 662
3134 663
3122 663
3122 662
3121 662
3121 661
3120 661
3120 660
3119 660
3119 659
3118 659
3118 657
3117 657
3117 655
3116 655
3116 653
3115 653
3115 652
3114 652
3114 651
3110 651
3110 650
3107 650
3107 649
3106 649
3106 647
3105 647
3105 645
3104 645
3104 643
3103 643
3103 636
3102 636
3102 634
3103 634
3103 632
3102 632
3102 628
3101 628
3101 627
3098 627
3098 626
3095 626
3095 625
3093 625
3093 624
3092 624
3092 623
3091 623
3091 622
3090 622
3090 621
3088 621
3088 620
3085 620
3085 619
3083 619
3083 618
3082 618
3082 617
3081 617
3081 615
3080 615
3080 613
3079 613
3079 610
3078 610
3078 609
3077 609
3077 608
3073 608
3073 607
3070 607
3070 606
3069 606
3069 604
3068 604
3068 601
3067 601
3067 598
3066 598
3066 596
3065 596
3065 595
3063 595
3063 594
3060 594
3060 593
3059 593
3059 592
3058 592
3058 591
3056 591
3056 589
3055 589
3055 586
3054 586
3054 583
3053 583
3053 582
3050 582
3050 581
3047 581
3047 580
3046 580
3046 579
3043 579
3043 578
3036 578
3036 577
3034 577
3034 576
3032 576
3032 575
3029 575
3029 589
3028 589
3028 590
3027 590
3027 591
3023 591
3023 592
3021 592
3021 593
3020 593
3020 594
3019 594
3019 595
3018 595
3018 596
3017 596
3017 597
3016 597
3016 598
3015 598
3015 599
3014 599
3014 600
3008 600
3008 601
3006 601
3006 602
3005 602
3005 603
3004 603
3004 604
2999 604
2999 605
2983 605
2983 606
2980 606
2980 607
2979 607
2979 608
2970 608
2970 611
2969 611
2969 618
2968 618
2968 636
2967 636
2967 637
2968 637
2968 646
2967 646
2967 653
2968 653
2968 657
2967 657
2967 659
2966 659
2966 660
2965 660
2965 662
2964 662
2964 663
2963 663
2963 664
2962 664
2962 665
2960 665
2960 666
2959 666
2959 667
2958 667
2958 668
2957 668
2957 669
2956 669
2956 677
2955 677
