3201 650
3197 650
3197 651
3196 651
3196 652
3195 652
3195 653
3191 653
3191 654
3190 654
3190 655
3187 655
3187 656
3183 656
3183 657
3180 657
3180 661
3179 661
3179 662
3177 662
3177 663
3176 663
3176 664
3174 664
3174 665
3170 665
3170 666
3167 666
3167 667
3165 667
3165 668
3163 668
3163 669
3160 669
3160 670
3156 670
3156 671
3155 671
3155 672
3153 672
3153 673
3152 673
3152 674
3150 674
3150 675
3142 675
3142 674
3135 674
3135 673
3132 673
3132 672
3129 672
3129 671
3120 671
3120 670
3117 670
3117 669
3112 669
3112 668
3111 668
3111 666
3110 666
3110 665
3109 665
3109 652
3108 652
3108 650
3107 650
3107 649
3104 649
3104 648
3102 648
3102 647
3101 647
3101 646
3100 646
3100 645
3099 645
3099 644
3098 644
3098 642
3097 642
3097 641
3095 641
3095 640
3093 640
3093 639
3091 639
3091 638
3090 638
3090 637
3088 637
3088 636
3087 636
3087 635
3086 635
3086 629
3085 629
3085 628
3080 628
3080 630
3078 630
3078 631
3075 631
3075 632
3073 632
3073 633
3070 633
3070 634
3056 634
3056 633
3054 633
3054 632
3053 632
3053 631
3052 631
3052 630
3048 630
3048 629
3045 629
3045 628
3043 628
3043 627
3041 627
3041 626
3040 626
3040 625
3039 625
3039 624
3038 624
3038 623
3037 623
3037 621
3036 621
3036 618
3035 618
3035 611
3034 611
3034 609
3033 609
3033 607
3032 607
3032 606
3031 606
3031 605
3029 605
3029 604
3024 604
3024 603
3022 603
3022 602
3015 602
3015 603
3013 603
3013 604
3011 604
3011 605
3010 605
3010 606
3008 606
3008 607
3007 607
3007 608
3006 608
3006 609
3005 609
3005 610
3004 610
3004 611
3002 611
3002 612
3001 612
3001 613
3000 613
3000 614
2999 614
2999 615
2997 615
2997 616
2992 616
2992 617
2991 617
2991 620
2990 620
2990 630
2989 630
2989 638
2988 638
2988 665
2987 665
2987 696
2986 696
2986 725
2985 725
2985 747
2984 747
2984 782
2983 782
2983 809
2982 809
2982 837
2981 837
2981 862
2980 862
2980 864
2979 864
2979 865
2978 865
2978 866
2977 866
2977 867
2976 867
2976 868
2975 868
2975 869
2973 869
2973 870
2972 870
2972 871
2971 871
2971 872
2970 872
2970 873
2969 873
2969 874
2968 874
2968 876
2967 876
2967 877
2965 877
2965 878
2963 878
2963 879
2962 879
2962 880
2960 880
2960 881
2957 881
2957 882
2955 882
2955 883
2952 883
2952 884
2951 884
2951 885
2950 885
2950 886
2948 886
2948 887
2946 887
2946 888
2945 888
2945 889
2944 889
2944 890
2943 890
2943 893
2942 893
2942 895
2941 895
2941 896
2940 896
2940 897
2937 897
2937 898
2936 898
2936 899
2935 899
2935 900
2934 900
2934 901
2932 901
2932 902
2929 902
2929 903
2928 903
2928 904
2927 904
2927 905
2924 905
2924 906
2923 906
2923 907
2922 907
2922 908
2921 908
2921 909
2920 909
2920 910
2919 910
2919 912
2918 912
2918 914
2917 914
2917 915
2916 915
2916 917
2913 917
2913 918
2911 918
2911 919
2909 919
2909 920
2908 920
2908 927
2903 927
2903 928
2899 928
2899 929
2898 929
2898 931
2897 931
2897 932
2896 932
2896 933
2894 933
2894 934
2893 934
2893 935
2885 935
2885 936
2873 936
2873 935
2868 935
2868 934
2867 934
2867 933
2865 933
2865 932
2864 932
2864 930
2863 930
2863 929
2862 929
2862 928
2861 928
2861 927
2860 927
2860 926
2859 926
2859 925
2857 925
2857 924
2856 924
2856 923
2854 923
2854 922
2853 922
2853 921
2851 921
2851 920
2848 920
2848 919
2844 919
2844 918
2842 918
2842 916
2841 916
2841 915
2833 915
2833 916
2824 916
2824 915
2822 915
2822 914
2819 914
2819 913
2817 913
2817 912
2816 912
2816 911
2815 911
2815 910
2814 910
2814 909
2812 909
2812 908
2809 908
2809 907
2797 907
2797 906
2794 906
2794 905
2792 905
2792 904
2791 904
2791 903
2786 903
2786 902
2784 902
2784 901
2783 901
2783 900
2778 900
2778 901
2776 901
2776 902
2775 902
2775 903
2772 903
2772 904
2771 904
2771 905
2770 905
2770 906
2767 906
2767 907
2766 907
2766 908
2763 908
2763 909
2740 909
2740 908
2726 908
2726 907
2722 907
2722 906
2720 906
2720 905
2719 905
2719 904
2717 904
2717 903
2716 903
2716 902
2714 902
2714 901
2710 901
2710 900
2708 900
2708 899
2707 899
2707 897
2706 897
2706 895
2705 895
2705 894
2704 894
2704 885
2703 885
2703 884
2702 884
2702 883
2701 883
2701 882
2699 882
2699 881
2696 881
2696 880
2695 880
2695 879
2691 879
2691 878
2688 878
2688 877
2685 877
2685 876
2684 876
2684 875
2683 875
2683 874
2682 874
2682 871
2681 871
2681 828
2680 828
2680 818
2681 818
2681 816
2680 816
2680 799
2681 799
2681 798
2680 798
2680 793
2681 793
2681 790
2680 790
2680 784
2681 784
2681 774
2680 774
2680 771
2679 771
2679 770
2678 770
2678 769
2677 769
2677 768
2676 768
2676 767
2675 767
2675 766
2674 766
2674 765
2673 765
2673 762
2672 762
2672 754
2671 754
2671 731
2670 731
2670 725
2671 725
2671 719
2670 719
2670 716
2669 716
2669 715
2665 715
2665 714
2662 714
2662 713
2659 713
2659 712
2658 712
2658 711
2657 711
2657 710
2654 710
2654 709
2653 709
2653 708
2652 708
2652 707
2650 707
2650 705
2649 705
2649 699
2648 699
2648 693
2647 693
2647 692
2645 692
2645 693
2638 693
2638 694
2633 694
2633 695
2631 695
2631 696
2629 696
2629 697
2624 697
2624 698
2623 698
2623 699
2619 699
2619 700
2616 700
2616 701
2615 701
2615 702
2613 702
2613 703
2612 703
2612 705
2611 705
2611 707
2610 707
2610 708
2609 708
2609 722
2608 722
2608 727
2609 727
2609 732
2608 732
2608 743
2607 743
2607 757
2606 757
2606 758
2605 758
2605 760
2604 760
2604 761
2603 761
2603 762
2601 762
2601 763
2600 763
2600 764
2599 764
2599 765
2598 765
2598 766
2597 766
2597 767
2596 767
2596 769
2595 769
2595 771
2594 771
2594 772
2593 772
2593 773
2591 773
2591 774
2590 774
2590 775
2589 775
2589 776
2588 776
2588 777
2586 777
2586 778
2582 778
2582 779
2581 779
2581 780
2580 780
2580 781
2578 781
2578 782
2577 782
2577 783
2573 783
2573 784
2571 784
2571 785
2569 785
2569 786
2568 786
2568 787
2566 787
2566 788
2565 788
2565 789
2563 789
2563 790
2561 790
2561 791
2560 791
2560 792
2559 792
2559 796
2558 796
2558 798
2557 798
2557 799
2555 799
2555 800
2554 800
2554 802
2552 802
2552 803
2551 803
2551 804
2548 804
2548 810
2547 810
2547 814
2546 814
2546 818
2545 818
2545 821
2544 821
2544 823
2541 823
2541 824
2540 824
2540 828
2533 828
2533 827
2532 827
2532 826
2528 826
2528 825
2525 825
2525 824
2523 824
2523 823
2520 823
2520 822
2513 822
2513 823
2510 823
2510 824
2509 824
2509 825
2508 825
2508 826
2507 826
2507 827
2506 827
2506 828
2505 828
2505 829
2503 829
2503 830
2501 830
2501 831
2500 831
2500 833
2497 833
2497 834
2496 834
2496 835
2492 835
2492 836
2491 836
2491 837
2488 837
2488 838
2487 838
2487 839
2483 839
2483 840
2482 840
2482 841
2481 841
2481 842
2480 842
2480 843
2476 843
2476 844
2475 844
2475 845
2474 845
2474 848
2473 848
2473 854
2472 854
2472 857
2471 857
2471 860
2470 860
2470 863
2469 863
2469 864
2468 864
2468 865
2467 865
2467 866
2466 866
2466 868
2465 868
2465 869
2464 869
2464 871
2463 871
2463 874
2462 874
2462 877
2461 877
2461 890
2460 890
2460 893
2459 893
2459 894
2458 894
2458 898
2456 898
2456 899
2454 899
2454 900
2453 900
2453 901
2452 901
2452 902
2451 902
2451 903
2449 903
2449 904
2448 904
2448 905
2447 905
2447 906
2446 906
2446 907
2445 907
2445 908
2443 908
2443 909
2442 909
2442 910
2440 910
2440 911
2439 911
2439 913
2437 913
2437 914
2434 914
2434 915
2433 915
2433 916
2432 916
2432 917
2431 917
2431 918
2429 918
2429 919
2428 919
2428 920
2427 920
2427 923
2423 923
2423 924
2420 924
2420 925
2419 925
2419 926
2418 926
2418 928
2416 928
2416 929
2413 929
2413 930
2406 930
2406 931
2402 931
2402 932
2391 932
2391 931
2379 931
2379 932
2376 932
2376 931
2372 931
2372 930
2368 930
2368 929
2365 929
2365 928
2364 928
2364 927
2363 927
2363 926
2362 926
2362 924
2361 924
2361 922
2360 922
2360 877
2361 877
2361 876
2360 876
2360 850
2359 850
2359 844
2358 844
2358 843
2357 843
2357 842
2356 842
2356 841
2355 841
2355 840
2354 840
2354 839
2353 839
2353 838
2352 838
2352 837
2351 837
2351 836
2350 836
2350 835
2349 835
2349 833
2348 833
2348 830
2347 830
2347 827
2346 827
2346 825
2345 825
2345 823
2344 823
2344 821
2343 821
2343 820
2342 820
2342 819
2341 819
2341 818
2340 818
2340 817
2339 817
2339 816
2338 816
2338 815
2337 815
2337 813
2336 813
2336 812
2335 812
2335 810
2334 810
2334 808
2333 808
2333 807
2332 807
2332 806
2331 806
2331 805
2330 805
2330 804
2326 804
2326 803
2324 803
2324 802
2322 802
2322 801
2321 801
2321 800
2320 800
2320 799
2319 799
2319 798
2318 798
2318 796
2317 796
2317 792
2316 792
2316 788
2315 788
2315 786
2314 786
2314 784
2313 784
2313 782
2312 782
2312 780
2311 780
2311 779
2310 779
2310 777
2309 777
2309 776
2308 776
2308 774
2307 774
2307 772
2306 772
2306 770
2305 770
2305 766
2304 766
2304 758
2303 758
2303 755
2302 755
2302 752
2301 752
2301 749
2300 749
2300 748
2299 748
2299 747
2298 747
2298 745
2297 745
2297 744
2296 744
2296 742
2295 742
2295 741
2294 741
2294 740
2293 740
2293 739
2289 739
2289 740
2288 740
2288 741
2287 741
2287 747
2286 747
2286 754
2285 754
2285 763
2284 763
2284 775
2283 775
2283 794
2282 794
2282 801
2281 801
2281 815
2280 815
2280 818
2281 818
2281 830
2280 830
2280 852
2279 852
2279 855
2280 855
2280 862
2279 862
2279 866
2278 866
2278 869
2277 869
2277 873
2276 873
2276 875
2275 875
2275 877
2274 877
2274 880
2273 880
2273 885
2272 885
2272 887
2271 887
2271 892
2270 892
2270 893
2269 893
2269 895
2268 895
2268 896
2266 896
2266 897
2265 897
2265 899
2264 899
2264 901
2263 901
2263 903
2262 903
2262 906
2261 906
2261 917
2260 917
2260 921
2259 921
2259 923
2258 923
2258 926
2257 926
2257 927
2256 927
2256 928
2255 928
2255 929
2254 929
2254 930
2253 930
2253 931
2252 931
2252 932
2245 932
2245 931
2241 931
2241 930
2240 930
2240 929
2236 929
2236 927
2234 927
2234 925
2233 925
2233 923
2223 923
2223 924
2222 924
2222 930
2223 930
2223 936
2222 936
2222 937
2221 937
2221 938
2220 938
2220 940
2219 940
2219 941
2218 941
2218 942
2217 942
2217 943
2216 943
2216 944
2215 944
2215 945
2213 945
2213 946
2207 946
2207 947
2205 947
2205 948
2202 948
2202 949
2198 949
2198 950
2189 950
2189 951
2188 951
2188 952
2187 952
2187 953
2186 953
2186 954
2185 954
2185 955
2183 955
2183 956
2182 956
2182 957
2181 957
2181 958
2180 958
2180 959
2179 959
2179 960
2176 960
2176 961
2175 961
2175 962
2171 962
2171 963
2169 963
2169 964
2167 964
2167 965
2157 965
2157 964
2156 964
2156 963
2155 963
2155 962
2153 962
2153 961
2152 961
2152 960
2150 960
2150 959
2148 959
2148 958
2146 958
2146 957
2142 957
2142 956
2138 956
2138 955
2134 955
2134 954
2131 954
2131 953
2128 953
2128 952
2126 952
2126 951
2124 951
2124 950
2123 950
2123 949
2122 949
2122 947
2121 947
2121 945
2120 945
2120 932
2119 932
2119 927
2118 927
2118 926
2117 926
2117 925
2108 925
2108 924
2099 924
2099 925
2090 925
2090 926
2084 926
2084 925
2083 925
2083 924
2081 924
2081 923
2080 923
2080 922
2079 922
2079 917
2078 917
2078 915
2077 915
2077 913
2076 913
2076 912
2075 912
2075 911
2072 911
2072 910
2064 910
2064 909
2057 909
2057 910
2053 910
2053 911
2049 911
2049 912
2046 912
2046 913
2043 913
2043 914
2040 914
2040 915
2038 915
2038 916
2036 916
2036 917
2034 917
2034 918
2032 918
2032 919
2030 919
2030 920
2021 920
2021 921
2015 921
2015 922
2014 922
2014 923
2013 923
2013 924
2012 924
2012 925
2009 925
2009 926
2002 926
2002 927
1998 927
1998 926
1996 926
1996 927
1986 927
1986 926
1982 926
1982 925
1981 925
1981 924
1980 924
1980 923
1979 923
1979 922
1978 922
1978 920
1977 920
1977 917
1976 917
1976 904
1975 904
1975 900
1976 900
1976 899
1975 899
1975 891
1974 891
1974 883
1973 883
1973 874
1972 874
1972 869
1971 869
1971 863
1970 863
1970 858
1969 858
1969 855
1968 855
1968 854
1967 854
1967 853
1966 853
1966 851
1965 851
1965 847
1964 847
1964 845
1963 845
1963 844
1962 844
1962 843
1960 843
1960 842
1958 842
1958 841
1957 841
1957 840
1956 840
1956 839
1955 839
1955 838
1954 838
1954 837
1953 837
1953 836
1952 836
1952 834
1951 834
1951 833
1950 833
1950 824
1949 824
1949 814
1948 814
1948 806
1947 806
1947 799
1946 799
1946 796
1945 796
1945 794
1944 794
1944 793
1943 793
1943 792
1942 792
1942 791
1941 791
1941 790
1940 790
1940 789
1936 789
1936 788
1931 788
1931 787
1929 787
1929 786
1925 786
1925 785
1924 785
1924 784
1922 784
1922 783
1920 783
1920 782
1908 782
1908 781
1904 781
1904 782
1897 782
1897 783
1895 783
1895 784
1889 784
1889 788
1888 788
1888 791
1887 791
1887 793
1886 793
1886 794
1885 794
1885 795
1883 795
1883 796
1881 796
1881 797
1879 797
1879 798
1877 798
1877 799
1875 799
1875 800
1872 800
1872 801
1871 801
1871 802
1870 802
1870 803
1868 803
1868 804
1867 804
1867 806
1866 806
1866 807
1865 807
1865 808
1864 808
1864 809
1863 809
1863 810
1862 810
1862 811
1861 811
1861 812
1860 812
1860 813
1859 813
1859 814
1857 814
1857 815
1855 815
1855 816
1854 816
1854 818
1853 818
1853 819
1852 819
1852 828
1853 828
1853 832
1852 832
1852 834
1851 834
1851 836
1850 836
1850 837
1849 837
1849 839
1848 839
1848 841
1847 841
1847 843
1846 843
1846 846
1845 846
1845 847
1844 847
1844 850
1843 850
1843 854
1842 854
1842 856
1839 856
1839 857
1836 857
1836 858
1834 858
1834 859
1833 859
1833 867
1832 867
1832 873
1831 873
1831 876
1830 876
1830 877
1829 877
1829 880
1795 880
1795 879
1791 879
1791 878
1784 878
1784 877
1776 877
1776 878
1775 878
1775 895
1776 895
1776 909
1775 909
1775 910
1765 910
1765 911
1757 911
1757 912
1755 912
1755 913
1754 913
1754 914
1753 914
1753 916
1752 916
1752 917
1749 917
1749 918
1747 918
1747 917
1731 917
1731 916
1729 916
1729 915
1727 915
1727 914
1723 914
1723 913
1722 913
1722 912
1720 912
1720 911
1718 911
1718 910
1715 910
1715 909
1710 909
1710 908
1708 908
1708 907
1707 907
1707 906
1705 906
1705 905
1701 905
1701 904
1699 904
1699 903
1698 903
1698 902
1696 902
1696 901
1695 901
1695 898
1694 898
1694 896
1693 896
1693 895
1692 895
1692 894
1691 894
1691 893
1690 893
1690 892
1685 892
1685 893
1684 893
1684 892
1680 892
1680 891
1676 891
1676 890
1673 890
1673 889
1670 889
1670 888
1669 888
1669 887
1667 887
1667 886
1666 886
1666 885
1665 885
1665 884
1657 884
1657 883
1655 883
1655 882
1650 882
1650 881
1648 881
1648 882
1646 882
1646 883
1640 883
1640 884
1631 884
1631 883
1618 883
1618 884
1616 884
1616 885
1607 885
1607 884
1604 884
1604 883
1603 883
1603 882
1602 882
1602 881
1597 881
1597 880
1593 880
1593 879
1588 879
1588 878
1583 878
1583 877
1582 877
1582 876
1580 876
1580 875
1579 875
1579 872
1578 872
1578 870
1577 870
1577 863
1576 863
1576 856
1575 856
1575 851
1574 851
1574 850
1572 850
1572 849
1569 849
1569 848
1566 848
1566 847
1565 847
1565 846
1564 846
1564 845
1563 845
1563 843
1562 843
1562 836
1561 836
1561 827
1560 827
1560 822
1559 822
1559 813
1558 813
1558 812
1559 812
1559 808
1558 808
1558 802
1557 802
1557 790
1556 790
1556 784
1555 784
1555 783
1554 783
1554 782
1553 782
1553 781
1550 781
1550 780
1548 780
1548 779
1546 779
1546 778
1545 778
1545 776
1544 776
1544 772
1543 772
1543 765
1542 765
1542 759
1541 759
1541 753
1540 753
1540 752
1539 752
1539 751
1536 751
1536 750
1528 750
1528 751
1527 751
1527 753
1526 753
1526 755
1525 755
1525 756
1524 756
1524 758
1523 758
1523 760
1522 760
1522 762
1521 762
1521 764
1520 764
1520 765
1519 765
1519 766
1518 766
1518 767
1517 767
1517 768
1516 768
1516 770
1515 770
1515 771
1514 771
1514 772
1513 772
1513 773
1512 773
1512 774
1511 774
1511 775
1502 775
1502 776
1491 776
1491 777
1490 777
1490 778
1488 778
1488 779
1486 779
1486 780
1484 780
1484 781
1483 781
1483 782
1481 782
1481 783
1480 783
1480 784
1479 784
1479 785
1476 785
1476 786
1475 786
1475 787
1473 787
1473 788
1471 788
1471 789
1469 789
1469 790
1467 790
1467 791
1464 791
1464 792
1460 792
1460 793
1451 793
1451 794
1447 794
1447 795
1443 795
1443 796
1442 796
1442 797
1441 797
1441 798
1440 798
1440 799
1439 799
1439 801
1438 801
1438 802
1437 802
1437 805
1436 805
1436 807
1435 807
1435 810
1434 810
1434 815
1435 815
1435 819
1436 819
1436 825
1437 825
1437 830
1438 830
1438 839
1437 839
1437 840
1436 840
1436 841
1435 841
1435 842
1434 842
1434 843
1433 843
1433 844
1432 844
1432 845
1431 845
1431 846
1430 846
1430 847
1429 847
1429 848
1428 848
1428 849
1427 849
1427 850
1425 850
1425 851
1413 851
1413 850
1412 850
1412 849
1411 849
1411 846
1410 846
1410 844
1409 844
1409 841
1408 841
1408 839
1407 839
1407 838
1406 838
1406 837
1405 837
1405 836
1404 836
1404 835
1402 835
1402 834
1400 834
1400 833
1399 833
1399 831
1398 831
1398 830
1397 830
1397 829
1396 829
1396 827
1395 827
1395 826
1393 826
1393 825
1388 825
1388 824
1375 824
1375 825
1369 825
1369 826
1364 826
1364 825
1362 825
1362 824
1360 824
1360 819
1359 819
1359 817
1358 817
1358 815
1357 815
1357 814
1353 814
1353 813
1350 813
1350 812
1348 812
1348 811
1344 811
1344 810
1338 810
1338 809
1336 809
1336 808
1334 808
1334 807
1332 807
1332 806
1327 806
1327 805
1325 805
1325 804
1324 804
1324 802
1323 802
1323 794
1324 794
1324 790
1323 790
1323 780
1322 780
1322 778
1321 778
1321 761
1320 761
1320 750
1319 750
1319 740
1318 740
1318 733
1317 733
1317 719
1316 719
1316 710
1315 710
1315 701
1314 701
1314 692
1313 692
1313 682
1312 682
1312 678
1311 678
1311 669
1310 669
1310 661
1309 661
1309 656
1308 656
1308 652
1307 652
1307 646
1306 646
1306 638
1305 638
1305 634
1304 634
1304 628
1303 628
1303 623
1302 623
1302 620
1301 620
1301 615
1300 615
1300 614
1299 614
1299 613
1298 613
1298 612
1297 612
1297 613
1296 613
1296 614
1295 614
1295 618
1294 618
1294 619
1293 619
1293 620
1292 620
1292 621
1290 621
1290 622
1289 622
1289 625
1288 625
1288 628
1287 628
1287 630
1286 630
1286 631
1285 631
1285 632
1284 632
1284 634
1283 634
1283 638
1284 638
1284 639
1285 639
1285 644
1284 644
1284 645
1283 645
1283 646
1282 646
1282 647
1280 647
1280 648
1278 648
1278 649
1277 649
1277 650
1276 650
1276 651
1274 651
1274 652
1272 652
1272 653
1269 653
1269 654
1260 654
1260 655
1253 655
1253 656
1252 656
1252 666
1253 666
1253 669
1254 669
1254 671
1255 671
1255 673
1254 673
1254 675
1253 675
1253 677
1252 677
1252 678
1249 678
1249 679
1244 679
1244 680
1243 680
1243 691
1242 691
1242 693
1241 693
1241 694
1240 694
1240 695
1239 695
1239 696
1238 696
1238 697
1237 697
1237 698
1236 698
1236 700
1235 700
1235 701
1234 701
1234 703
1233 703
1233 705
1232 705
1232 706
1231 706
1231 707
1229 707
1229 708
1226 708
1226 709
1225 709
1225 710
1224 710
1224 712
1223 712
1223 713
1222 713
1222 714
1221 714
1221 715
1217 715
1217 716
1212 716
1212 715
1209 715
1209 714
1208 714
1208 713
1207 713
1207 712
1205 712
1205 711
1204 711
1204 710
1203 710
1203 708
1202 708
1202 707
1201 707
1201 706
1199 706
1199 703
1196 703
1196 702
1193 702
1193 700
1192 700
1192 698
1191 698
1191 697
1190 697
1190 695
1189 695
1189 694
1188 694
1188 695
1185 695
1185 693
1181 693
1181 692
1179 692
1179 691
1178 691
1178 690
1177 690
1177 689
1176 689
1176 688
1173 688
1173 687
1168 687
1168 686
1167 686
1167 685
1166 685
1166 684
1165 684
1165 682
1164 682
1164 679
1163 679
1163 671
1162 671
1162 669
1161 669
1161 668
1160 668
1160 667
1158 667
1158 666
1155 666
1155 665
1153 665
1153 664
1152 664
1152 662
1151 662
1151 661
1150 661
1150 659
1149 659
1149 650
1148 650
1148 642
1147 642
1147 640
1146 640
1146 638
1145 638
1145 637
1140 637
1140 636
1137 636
1137 635
1136 635
1136 634
1135 634
1135 633
1134 633
1134 631
1133 631
1133 627
1132 627
1132 626
1131 626
1131 625
1130 625
1130 624
1128 624
1128 623
1123 623
1123 622
1122 622
1122 621
1120 621
1120 620
1118 620
1118 619
1115 619
1115 618
1110 618
1110 617
1109 617
1109 616
1108 616
1108 615
1107 615
1107 613
1106 613
1106 612
1105 612
1105 611
1104 611
1104 610
1103 610
1103 609
1102 609
1102 608
1101 608
1101 607
1100 607
1100 606
1099 606
1099 604
1098 604
1098 603
1097 603
1097 602
1096 602
1096 601
1094 601
1094 600
1093 600
1093 599
1091 599
1091 598
1089 598
1089 597
1088 597
1088 596
1086 596
1086 595
1085 595
1085 594
1084 594
1084 593
1083 593
1083 591
1082 591
1082 589
1081 589
1081 587
1080 587
1080 586
1078 586
1078 585
1076 585
1076 584
1074 584
1074 583
1072 583
1072 582
1071 582
1071 581
1070 581
1070 578
1069 578
1069 577
1068 577
1068 573
1067 573
1067 569
1064 569
1064 568
1062 568
1062 567
1059 567
1059 566
1058 566
1058 565
1057 565
1057 564
1055 564
1055 559
1054 559
1054 556
1053 556
1053 555
1051 555
1051 554
1046 554
1046 553
1042 553
1042 552
1036 552
1036 553
1033 553
1033 560
1034 560
1034 568
1035 568
1035 575
1036 575
1036 580
1037 580
1037 589
1038 589
1038 595
1039 595
1039 599
1040 599
1040 603
1041 603
1041 605
1042 605
1042 608
1043 608
1043 609
1042 609
1042 611
1041 611
1041 612
1040 612
1040 613
1037 613
1037 614
1033 614
1033 615
1031 615
1031 617
1032 617
1032 620
1033 620
1033 634
1032 634
1032 636
1017 636
1017 635
1016 635
1016 634
1015 634
1015 633
1010 633
1010 634
1009 634
1009 642
1010 642
1010 644
1009 644
1009 649
1008 649
1008 650
1007 650
1007 651
1006 651
1006 652
1002 652
1002 653
999 653
999 652
997 652
997 651
996 651
996 650
995 650
995 649
994 649
994 648
993 648
993 646
992 646
992 645
990 645
990 644
983 644
983 643
972 643
972 644
971 644
971 651
970 651
970 652
968 652
968 653
966 653
966 654
965 654
965 655
964 655
964 656
963 656
963 657
961 657
961 658
960 658
960 660
959 660
959 661
958 661
958 662
957 662
957 663
956 663
956 664
949 664
949 665
948 665
948 666
947 666
947 679
948 679
948 684
949 684
949 686
950 686
950 689
951 689
951 691
952 691
952 694
953 694
953 700
952 700
952 702
951 702
951 704
949 704
949 705
945 705
945 706
942 706
942 707
941 707
941 708
940 708
940 710
939 710
939 711
938 711
938 715
937 715
937 717
936 717
936 718
935 718
935 720
934 720
934 721
933 721
933 722
932 722
932 723
931 723
931 725
930 725
930 727
929 727
929 728
928 728
928 729
919 729
919 730
917 730
917 731
915 731
915 732
908 732
908 733
906 733
906 734
905 734
905 735
901 735
901 736
896 736
896 737
890 737
890 736
884 736
884 735
881 735
881 734
877 734
877 735
873 735
873 736
867 736
867 735
863 735
863 734
855 734
855 733
854 733
854 732
853 732
853 731
851 731
851 730
849 730
849 729
847 729
847 728
846 728
846 727
845 727
845 724
844 724
844 719
843 719
843 716
842 716
842 713
841 713
841 704
840 704
840 698
839 698
839 693
838 693
838 685
837 685
837 678
836 678
836 685
837 685
837 693
838 693
838 698
839 698
839 704
840 704
840 713
841 713
841 716
842 716
842 719
843 719
843 724
844 724
844 727
845 727
845 728
846 728
846 729
847 729
847 730
849 730
849 731
851 731
851 732
853 732
853 733
854 733
854 734
855 734
855 735
863 735
863 736
867 736
867 737
873 737
873 736
877 736
877 735
881 735
881 736
884 736
884 737
890 737
890 738
896 738
896 737
901 737
901 736
905 736
905 735
906 735
906 734
908 734
908 733
915 733
915 732
917 732
917 731
919 731
919 730
928 730
928 729
929 729
929 728
930 728
930 727
931 727
931 725
932 725
932 723
933 723
933 722
934 722
934 721
935 721
935 720
936 720
936 718
937 718
937 717
938 717
938 715
939 715
939 711
940 711
940 710
941 710
941 708
942 708
942 707
945 707
945 706
949 706
949 705
951 705
951 704
952 704
952 702
953 702
953 700
954 700
954 694
953 694
953 691
952 691
952 689
951 689
951 686
950 686
950 684
949 684
949 679
948 679
948 666
949 666
949 665
956 665
956 664
957 664
957 663
958 663
958 662
959 662
959 661
960 661
960 660
961 660
961 658
963 658
963 657
964 657
964 656
965 656
965 655
966 655
966 654
968 654
968 653
970 653
970 652
971 652
971 651
972 651
972 644
983 644
983 645
990 645
990 646
992 646
992 648
993 648
993 649
994 649
994 650
995 650
995 651
996 651
996 652
997 652
997 653
999 653
999 654
1002 654
1002 653
1006 653
1006 652
1007 652
1007 651
1008 651
1008 650
1009 650
1009 649
1010 649
1010 644
1011 644
1011 642
1010 642
1010 634
1015 634
1015 635
1016 635
1016 636
1017 636
1017 637
1032 637
1032 636
1033 636
1033 634
1034 634
1034 620
1033 620
1033 617
1032 617
1032 616
1033 616
1033 615
1037 615
1037 614
1040 614
1040 613
1041 613
1041 612
1042 612
1042 611
1043 611
1043 609
1044 609
1044 608
1043 608
1043 605
1042 605
1042 603
1041 603
1041 599
1040 599
1040 595
1039 595
1039 589
1038 589
1038 580
1037 580
1037 575
1036 575
1036 568
1035 568
1035 560
1034 560
1034 554
1036 554
1036 553
1042 553
1042 554
1046 554
1046 555
1051 555
1051 556
1053 556
1053 559
1054 559
1054 564
1055 564
1055 565
1057 565
1057 566
1058 566
1058 567
1059 567
1059 568
1062 568
1062 569
1064 569
1064 570
1066 570
1066 573
1067 573
1067 577
1068 577
1068 578
1069 578
1069 581
1070 581
1070 582
1071 582
1071 583
1072 583
1072 584
1074 584
1074 585
1076 585
1076 586
1078 586
1078 587
1080 587
1080 589
1081 589
1081 591
1082 591
1082 593
1083 593
1083 594
1084 594
1084 595
1085 595
1085 596
1086 596
1086 597
1088 597
1088 598
1089 598
1089 599
1091 599
1091 600
1093 600
1093 601
1094 601
1094 602
1096 602
1096 603
1097 603
1097 604
1098 604
1098 606
1099 606
1099 607
1100 607
1100 608
1101 608
1101 609
1102 609
1102 610
1103 610
1103 611
1104 611
1104 612
1105 612
1105 613
1106 613
1106 615
1107 615
1107 616
1108 616
1108 617
1109 617
1109 618
1110 618
1110 619
1115 619
1115 620
1118 620
1118 621
1120 621
1120 622
1122 622
1122 623
1123 623
1123 624
1128 624
1128 625
1130 625
1130 626
1131 626
1131 627
1132 627
1132 631
1133 631
1133 633
1134 633
1134 634
1135 634
1135 635
1136 635
1136 636
1137 636
1137 637
1140 637
1140 638
1145 638
1145 640
1146 640
1146 642
1147 642
1147 650
1148 650
1148 659
1149 659
1149 661
1150 661
1150 662
1151 662
1151 664
1152 664
1152 665
1153 665
1153 666
1155 666
1155 667
1158 667
1158 668
1160 668
1160 669
1161 669
1161 671
1162 671
1162 679
1163 679
1163 682
1164 682
1164 684
1165 684
1165 685
1166 685
1166 686
1167 686
1167 687
1168 687
1168 688
1173 688
1173 689
1176 689
1176 690
1177 690
1177 691
1178 691
1178 692
1179 692
1179 693
1181 693
1181 694
1184 694
1184 695
1185 695
1185 696
1188 696
1188 695
1189 695
1189 697
1190 697
1190 698
1191 698
1191 700
1192 700
1192 702
1193 702
1193 703
1196 703
1196 704
1198 704
1198 706
1199 706
1199 707
1201 707
1201 708
1202 708
1202 710
1203 710
1203 711
1204 711
1204 712
1205 712
1205 713
1207 713
1207 714
1208 714
1208 715
1209 715
1209 716
1212 716
1212 717
1217 717
1217 716
1221 716
1221 715
1222 715
1222 714
1223 714
1223 713
1224 713
1224 712
1225 712
1225 710
1226 710
1226 709
1229 709
1229 708
1231 708
1231 707
1232 707
1232 706
1233 706
1233 705
1234 705
1234 703
1235 703
1235 701
1236 701
1236 700
1237 700
1237 698
1238 698
1238 697
1239 697
1239 696
1240 696
1240 695
1241 695
1241 694
1242 694
1242 693
1243 693
1243 691
1244 691
1244 680
1249 680
1249 679
1252 679
1252 678
1253 678
1253 677
1254 677
1254 675
1255 675
1255 673
1256 673
1256 671
1255 671
1255 669
1254 669
1254 666
1253 666
1253 656
1260 656
1260 655
1269 655
1269 654
1272 654
1272 653
1274 653
1274 652
1276 652
1276 651
1277 651
1277 650
1278 650
1278 649
1280 649
1280 648
1282 648
1282 647
1283 647
1283 646
1284 646
1284 645
1285 645
1285 644
1286 644
1286 639
1285 639
1285 638
1284 638
1284 634
1285 634
1285 632
1286 632
1286 631
1287 631
1287 630
1288 630
1288 628
1289 628
1289 625
1290 625
1290 622
1292 622
1292 621
1293 621
1293 620
1294 620
1294 619
1295 619
1295 618
1296 618
1296 614
1297 614
1297 613
1298 613
1298 614
1299 614
1299 615
1300 615
1300 620
1301 620
1301 623
1302 623
1302 628
1303 628
1303 634
1304 634
1304 638
1305 638
1305 646
1306 646
1306 652
1307 652
1307 656
1308 656
1308 661
1309 661
1309 669
1310 669
1310 678
1311 678
1311 682
1312 682
1312 692
1313 692
1313 701
1314 701
1314 710
1315 710
1315 719
1316 719
1316 733
1317 733
1317 740
1318 740
1318 750
1319 750
1319 761
1320 761
1320 778
1321 778
1321 780
1322 780
1322 790
1323 790
1323 794
1322 794
1322 802
1323 802
1323 804
1324 804
1324 805
1325 805
1325 806
1327 806
1327 807
1332 807
1332 808
1334 808
1334 809
1336 809
1336 810
1338 810
1338 811
1344 811
1344 812
1348 812
1348 813
1350 813
1350 814
1353 814
1353 815
1357 815
1357 817
1358 817
1358 819
1359 819
1359 824
1360 824
1360 825
1362 825
1362 826
1364 826
1364 827
1369 827
1369 826
1375 826
1375 825
1388 825
1388 826
1393 826
1393 827
1395 827
1395 829
1396 829
1396 830
1397 830
1397 831
1398 831
1398 833
1399 833
1399 834
1400 834
1400 835
1402 835
1402 836
1404 836
1404 837
1405 837
1405 838
1406 838
1406 839
1407 839
1407 841
1408 841
1408 844
1409 844
1409 846
1410 846
1410 849
1411 849
1411 850
1412 850
1412 851
1413 851
1413 852
1425 852
1425 851
1427 851
1427 850
1428 850
1428 849
1429 849
1429 848
1430 848
1430 847
1431 847
1431 846
1432 846
1432 845
1433 845
1433 844
1434 844
1434 843
1435 843
1435 842
1436 842
1436 841
1437 841
1437 840
1438 840
1438 839
1439 839
1439 830
1438 830
1438 825
1437 825
1437 819
1436 819
1436 815
1435 815
1435 810
1436 810
1436 807
1437 807
1437 805
1438 805
1438 802
1439 802
1439 801
1440 801
1440 799
1441 799
1441 798
1442 798
1442 797
1443 797
1443 796
1447 796
1447 795
1451 795
1451 794
1460 794
1460 793
1464 793
1464 792
1467 792
1467 791
1469 791
1469 790
1471 790
1471 789
1473 789
1473 788
1475 788
1475 787
1476 787
1476 786
1479 786
1479 785
1480 785
1480 784
1481 784
1481 783
1483 783
1483 782
1484 782
1484 781
1486 781
1486 780
1488 780
1488 779
1490 779
1490 778
1491 778
1491 777
1502 777
1502 776
1511 776
1511 775
1512 775
1512 774
1513 774
1513 773
1514 773
1514 772
1515 772
1515 771
1516 771
1516 770
1517 770
1517 768
1518 768
1518 767
1519 767
1519 766
1520 766
1520 765
1521 765
1521 764
1522 764
1522 762
1523 762
1523 760
1524 760
1524 758
1525 758
1525 756
1526 756
1526 755
1527 755
1527 753
1528 753
1528 751
1536 751
1536 752
1539 752
1539 753
1540 753
1540 759
1541 759
1541 765
1542 765
1542 772
1543 772
1543 776
1544 776
1544 778
1545 778
1545 779
1546 779
1546 780
1548 780
1548 781
1550 781
1550 782
1553 782
1553 783
1554 783
1554 784
1555 784
1555 790
1556 790
1556 802
1557 802
1557 808
1558 808
1558 812
1557 812
1557 813
1558 813
1558 822
1559 822
1559 827
1560 827
1560 836
1561 836
1561 843
1562 843
1562 845
1563 845
1563 846
1564 846
1564 847
1565 847
1565 848
1566 848
1566 849
1569 849
1569 850
1572 850
1572 851
1574 851
1574 856
1575 856
1575 863
1576 863
1576 870
1577 870
1577 872
1578 872
1578 875
1579 875
1579 876
1580 876
1580 877
1582 877
1582 878
1583 878
1583 879
1588 879
1588 880
1593 880
1593 881
1597 881
1597 882
1602 882
1602 883
1603 883
1603 884
1604 884
1604 885
1607 885
1607 886
1616 886
1616 885
1618 885
1618 884
1631 884
1631 885
1640 885
1640 884
1646 884
1646 883
1648 883
1648 882
1650 882
1650 883
1655 883
1655 884
1657 884
1657 885
1665 885
1665 886
1666 886
1666 887
1667 887
1667 888
1669 888
1669 889
1670 889
1670 890
1673 890
1673 891
1676 891
1676 892
1680 892
1680 893
1684 893
1684 894
1685 894
1685 893
1690 893
1690 894
1691 894
1691 895
1692 895
1692 896
1693 896
1693 898
1694 898
1694 901
1695 901
1695 902
1696 902
1696 903
1698 903
1698 904
1699 904
1699 905
1701 905
1701 906
1705 906
1705 907
1707 907
1707 908
1708 908
1708 909
1710 909
1710 910
1715 910
1715 911
1718 911
1718 912
1720 912
1720 913
1722 913
1722 914
1723 914
1723 915
1727 915
1727 916
1729 916
1729 917
1731 917
1731 918
1747 918
1747 919
1749 919
1749 918
1752 918
1752 917
1753 917
1753 916
1754 916
1754 914
1755 914
1755 913
1757 913
1757 912
1765 912
1765 911
1775 911
1775 910
1776 910
1776 909
1777 909
1777 895
1776 895
1776 878
1784 878
1784 879
1791 879
1791 880
1795 880
1795 881
1829 881
1829 880
1830 880
1830 877
1831 877
1831 876
1832 876
1832 873
1833 873
1833 867
1834 867
1834 859
1836 859
1836 858
1839 858
1839 857
1842 857
1842 856
1843 856
1843 854
1844 854
1844 850
1845 850
1845 847
1846 847
1846 846
1847 846
1847 843
1848 843
1848 841
1849 841
1849 839
1850 839
1850 837
1851 837
1851 836
1852 836
1852 834
1853 834
1853 832
1854 832
1854 828
1853 828
1853 819
1854 819
1854 818
1855 818
1855 816
1857 816
1857 815
1859 815
1859 814
1860 814
1860 813
1861 813
1861 812
1862 812
1862 811
1863 811
1863 810
1864 810
1864 809
1865 809
1865 808
1866 808
1866 807
1867 807
1867 806
1868 806
1868 804
1870 804
1870 803
1871 803
1871 802
1872 802
1872 801
1875 801
1875 800
1877 800
1877 799
1879 799
1879 798
1881 798
1881 797
1883 797
1883 796
1885 796
1885 795
1886 795
1886 794
1887 794
1887 793
1888 793
1888 791
1889 791
1889 788
1890 788
1890 785
1895 785
1895 784
1897 784
1897 783
1904 783
1904 782
1908 782
1908 783
1920 783
1920 784
1922 784
1922 785
1924 785
1924 786
1925 786
1925 787
1929 787
1929 788
1931 788
1931 789
1936 789
1936 790
1940 790
1940 791
1941 791
1941 792
1942 792
1942 793
1943 793
1943 794
1944 794
1944 796
1945 796
1945 799
1946 799
1946 806
1947 806
1947 814
1948 814
1948 824
1949 824
1949 833
1950 833
1950 834
1951 834
1951 836
1952 836
1952 837
1953 837
1953 838
1954 838
1954 839
1955 839
1955 840
1956 840
1956 841
1957 841
1957 842
1958 842
1958 843
1960 843
1960 844
1962 844
1962 845
1963 845
1963 847
1964 847
1964 851
1965 851
1965 853
1966 853
1966 854
1967 854
1967 855
1968 855
1968 858
1969 858
1969 863
1970 863
1970 869
1971 869
1971 874
1972 874
1972 883
1973 883
1973 891
1974 891
1974 899
1975 899
1975 900
1974 900
1974 904
1975 904
1975 917
1976 917
1976 920
1977 920
1977 922
1978 922
1978 923
1979 923
1979 924
1980 924
1980 925
1981 925
1981 926
1982 926
1982 927
1986 927
1986 928
1996 928
1996 927
1998 927
1998 928
2002 928
2002 927
2009 927
2009 926
2012 926
2012 925
2013 925
2013 924
2014 924
2014 923
2015 923
2015 922
2021 922
2021 921
2030 921
2030 920
2032 920
2032 919
2034 919
2034 918
2036 918
2036 917
2038 917
2038 916
2040 916
2040 915
2043 915
2043 914
2046 914
2046 913
2049 913
2049 912
2053 912
2053 911
2057 911
2057 910
2064 910
2064 911
2072 911
2072 912
2075 912
2075 913
2076 913
2076 915
2077 915
2077 917
2078 917
2078 922
2079 922
2079 923
2080 923
2080 924
2081 924
2081 925
2083 925
2083 926
2084 926
2084 927
2090 927
2090 926
2099 926
2099 925
2108 925
2108 926
2117 926
2117 927
2118 927
2118 932
2119 932
2119 945
2120 945
2120 947
2121 947
2121 949
2122 949
2122 950
2123 950
2123 951
2124 951
2124 952
2126 952
2126 953
2128 953
2128 954
2131 954
2131 955
2134 955
2134 956
2138 956
2138 957
2142 957
2142 958
2146 958
2146 959
2148 959
2148 960
2150 960
2150 961
2152 961
2152 962
2153 962
2153 963
2155 963
2155 964
2156 964
2156 965
2157 965
2157 966
2167 966
2167 965
2169 965
2169 964
2171 964
2171 963
2175 963
2175 962
2176 962
2176 961
2179 961
2179 960
2180 960
2180 959
2181 959
2181 958
2182 958
2182 957
2183 957
2183 956
2185 956
2185 955
2186 955
2186 954
2187 954
2187 953
2188 953
2188 952
2189 952
2189 951
2198 951
2198 950
2202 950
2202 949
2205 949
2205 948
2207 948
2207 947
2213 947
2213 946
2215 946
2215 945
2216 945
2216 944
2217 944
2217 943
2218 943
2218 942
2219 942
2219 941
2220 941
2220 940
2221 940
2221 938
2222 938
2222 937
2223 937
2223 936
2224 936
2224 930
2223 930
2223 924
2232 924
2232 925
2233 925
2233 927
2234 927
2234 928
2235 928
2235 929
2236 929
2236 930
2240 930
2240 931
2241 931
2241 932
2245 932
2245 933
2252 933
2252 932
2253 932
2253 931
2254 931
2254 930
2255 930
2255 929
2256 929
2256 928
2257 928
2257 927
2258 927
2258 926
2259 926
2259 923
2260 923
2260 921
2261 921
2261 917
2262 917
2262 906
2263 906
2263 903
2264 903
2264 901
2265 901
2265 899
2266 899
2266 897
2268 897
2268 896
2269 896
2269 895
2270 895
2270 893
2271 893
2271 892
2272 892
2272 887
2273 887
2273 885
2274 885
2274 880
2275 880
2275 877
2276 877
2276 875
2277 875
2277 873
2278 873
2278 869
2279 869
2279 866
2280 866
2280 862
2281 862
2281 855
2280 855
2280 852
2281 852
2281 830
2282 830
2282 818
2281 818
2281 815
2282 815
2282 801
2283 801
2283 794
2284 794
2284 775
2285 775
2285 763
2286 763
2286 754
2287 754
2287 747
2288 747
2288 741
2289 741
2289 740
2293 740
2293 741
2294 741
2294 742
2295 742
2295 744
2296 744
2296 745
2297 745
2297 747
2298 747
2298 748
2299 748
2299 749
2300 749
2300 752
2301 752
2301 755
2302 755
2302 758
2303 758
2303 766
2304 766
2304 770
2305 770
2305 772
2306 772
2306 774
2307 774
2307 776
2308 776
2308 777
2309 777
2309 779
2310 779
2310 780
2311 780
2311 782
2312 782
2312 784
2313 784
2313 786
2314 786
2314 788
2315 788
2315 792
2316 792
2316 796
2317 796
2317 798
2318 798
2318 799
2319 799
2319 800
2320 800
2320 801
2321 801
2321 802
2322 802
2322 803
2324 803
2324 804
2326 804
2326 805
2330 805
2330 806
2331 806
2331 807
2332 807
2332 808
2333 808
2333 810
2334 810
2334 812
2335 812
2335 813
2336 813
2336 815
2337 815
2337 816
2338 816
2338 817
2339 817
2339 818
2340 818
2340 819
2341 819
2341 820
2342 820
2342 821
2343 821
2343 823
2344 823
2344 825
2345 825
2345 827
2346 827
2346 830
2347 830
2347 833
2348 833
2348 835
2349 835
2349 836
2350 836
2350 837
2351 837
2351 838
2352 838
2352 839
2353 839
2353 840
2354 840
2354 841
2355 841
2355 842
2356 842
2356 843
2357 843
2357 844
2358 844
2358 850
2359 850
2359 876
2360 876
2360 877
2359 877
2359 922
2360 922
2360 924
2361 924
2361 926
2362 926
2362 927
2363 927
2363 928
2364 928
2364 929
2365 929
2365 930
2368 930
2368 931
2372 931
2372 932
2376 932
2376 933
2379 933
2379 932
2391 932
2391 933
2402 933
2402 932
2406 932
2406 931
2413 931
2413 930
2416 930
2416 929
2418 929
2418 928
2419 928
2419 926
2420 926
2420 925
2423 925
2423 924
2427 924
2427 923
2428 923
2428 920
2429 920
2429 919
2431 919
2431 918
2432 918
2432 917
2433 917
2433 916
2434 916
2434 915
2437 915
2437 914
2439 914
2439 913
2440 913
2440 911
2442 911
2442 910
2443 910
2443 909
2445 909
2445 908
2446 908
2446 907
2447 907
2447 906
2448 906
2448 905
2449 905
2449 904
2451 904
2451 903
2452 903
2452 902
2453 902
2453 901
2454 901
2454 900
2456 900
2456 899
2459 899
2459 894
2460 894
2460 893
2461 893
2461 890
2462 890
2462 877
2463 877
2463 874
2464 874
2464 871
2465 871
2465 869
2466 869
2466 868
2467 868
2467 866
2468 866
2468 865
2469 865
2469 864
2470 864
2470 863
2471 863
2471 860
2472 860
2472 857
2473 857
2473 854
2474 854
2474 848
2475 848
2475 845
2476 845
2476 844
2480 844
2480 843
2482 843
2482 841
2483 841
2483 840
2488 840
2488 838
2492 838
2492 836
2496 836
2496 835
2497 835
2497 834
2500 834
2500 833
2501 833
2501 831
2503 831
2503 830
2505 830
2505 829
2506 829
2506 828
2507 828
2507 827
2508 827
2508 826
2509 826
2509 825
2510 825
2510 824
2513 824
2513 823
2520 823
2520 824
2523 824
2523 825
2525 825
2525 826
2528 826
2528 827
2532 827
2532 829
2540 829
2540 828
2541 828
2541 824
2545 824
2545 821
2546 821
2546 818
2547 818
2547 814
2548 814
2548 810
2549 810
2549 805
2551 805
2551 804
2552 804
2552 803
2554 803
2554 802
2555 802
2555 800
2557 800
2557 799
2558 799
2558 798
2559 798
2559 796
2560 796
2560 792
2561 792
2561 791
2563 791
2563 790
2565 790
2565 789
2566 789
2566 788
2568 788
2568 787
2569 787
2569 786
2571 786
2571 785
2573 785
2573 784
2577 784
2577 783
2578 783
2578 782
2580 782
2580 781
2581 781
2581 780
2582 780
2582 779
2586 779
2586 778
2588 778
2588 777
2589 777
2589 776
2590 776
2590 775
2591 775
2591 774
2593 774
2593 773
2594 773
2594 772
2595 772
2595 771
2596 771
2596 769
2597 769
2597 767
2598 767
2598 766
2599 766
2599 765
2600 765
2600 764
2601 764
2601 763
2603 763
2603 762
2604 762
2604 761
2605 761
2605 760
2606 760
2606 758
2607 758
2607 757
2608 757
2608 743
2609 743
2609 732
2610 732
2610 727
2609 727
2609 722
2610 722
2610 708
2611 708
2611 707
2612 707
2612 705
2613 705
2613 703
2616 703
2616 701
2619 701
2619 700
2623 700
2623 699
2624 699
2624 698
2629 698
2629 697
2631 697
2631 696
2633 696
2633 695
2638 695
2638 694
2645 694
2645 693
2647 693
2647 699
2648 699
2648 705
2649 705
2649 708
2652 708
2652 709
2653 709
2653 710
2654 710
2654 711
2657 711
2657 712
2658 712
2658 713
2659 713
2659 714
2662 714
2662 715
2665 715
2665 716
2669 716
2669 719
2670 719
2670 725
2669 725
2669 731
2670 731
2670 754
2671 754
2671 762
2672 762
2672 765
2673 765
2673 766
2674 766
2674 767
2675 767
2675 768
2676 768
2676 769
2677 769
2677 770
2678 770
2678 771
2679 771
2679 774
2680 774
2680 784
2679 784
2679 790
2680 790
2680 793
2679 793
2679 798
2680 798
2680 799
2679 799
2679 816
2680 816
2680 818
2679 818
2679 828
2680 828
2680 871
2681 871
2681 874
2682 874
2682 875
2683 875
2683 876
2684 876
2684 877
2685 877
2685 878
2688 878
2688 879
2691 879
2691 880
2695 880
2695 881
2696 881
2696 882
2699 882
2699 883
2701 883
2701 884
2702 884
2702 885
2703 885
2703 894
2704 894
2704 895
2705 895
2705 897
2706 897
2706 899
2707 899
2707 900
2708 900
2708 901
2710 901
2710 902
2714 902
2714 903
2716 903
2716 904
2717 904
2717 905
2719 905
2719 906
2720 906
2720 907
2722 907
2722 908
2726 908
2726 909
2740 909
2740 910
2763 910
2763 909
2766 909
2766 908
2767 908
2767 907
2770 907
2770 906
2771 906
2771 905
2772 905
2772 904
2775 904
2775 903
2776 903
2776 902
2778 902
2778 901
2783 901
2783 902
2784 902
2784 903
2786 903
2786 904
2791 904
2791 905
2792 905
2792 906
2794 906
2794 907
2797 907
2797 908
2809 908
2809 909
2812 909
2812 910
2814 910
2814 911
2815 911
2815 912
2816 912
2816 913
2817 913
2817 914
2819 914
2819 915
2822 915
2822 916
2824 916
2824 917
2833 917
2833 916
2841 916
2841 918
2842 918
2842 919
2844 919
2844 920
2848 920
2848 921
2851 921
2851 922
2853 922
2853 923
2854 923
2854 924
2856 924
2856 925
2857 925
2857 926
2859 926
2859 927
2860 927
2860 928
2861 928
2861 929
2862 929
2862 930
2863 930
2863 932
2864 932
2864 933
2865 933
2865 934
2867 934
2867 935
2868 935
2868 936
2873 936
2873 937
2885 937
2885 936
2893 936
2893 935
2894 935
2894 934
2896 934
2896 933
2897 933
2897 932
2898 932
2898 931
2899 931
2899 929
2903 929
2903 928
2909 928
2909 921
2910 921
2910 920
2911 920
2911 919
2913 919
2913 918
2916 918
2916 917
2917 917
2917 915
2918 915
2918 914
2919 914
2919 912
2920 912
2920 910
2921 910
2921 909
2922 909
2922 908
2923 908
2923 907
2924 907
2924 906
2927 906
2927 905
2928 905
2928 904
2929 904
2929 903
2932 903
2932 902
2934 902
2934 901
2936 901
2936 899
2937 899
2937 898
2940 898
2940 897
2941 897
2941 896
2942 896
2942 895
2943 895
2943 893
2944 893
2944 890
2945 890
2945 889
2946 889
2946 888
2948 888
2948 887
2950 887
2950 886
2951 886
2951 885
2952 885
2952 884
2955 884
2955 883
2957 883
2957 882
2960 882
2960 881
2962 881
2962 880
2963 880
2963 879
2965 879
2965 878
2967 878
2967 877
2968 877
2968 876
2969 876
2969 874
2970 874
2970 873
2971 873
2971 872
2972 872
2972 871
2973 871
2973 870
2975 870
2975 869
2976 869
2976 868
2977 868
2977 867
2978 867
2978 866
2979 866
2979 865
2980 865
2980 864
2981 864
2981 862
2982 862
2982 837
2983 837
2983 809
2984 809
2984 782
2985 782
2985 747
2986 747
2986 725
2987 725
2987 696
2988 696
2988 665
2989 665
2989 638
2990 638
2990 630
2991 630
2991 620
2992 620
2992 617
2997 617
2997 616
2999 616
2999 615
3000 615
3000 614
3001 614
3001 613
3002 613
3002 612
3004 612
3004 611
3005 611
3005 610
3006 610
3006 609
3007 609
3007 608
3008 608
3008 607
3010 607
3010 606
3011 606
3011 605
3013 605
3013 604
3015 604
3015 603
3022 603
3022 604
3024 604
3024 605
3029 605
3029 606
3031 606
3031 607
3032 607
3032 609
3033 609
3033 611
3034 611
3034 618
3035 618
3035 621
3036 621
3036 623
3037 623
3037 624
3038 624
3038 625
3039 625
3039 626
3040 626
3040 627
3041 627
3041 628
3043 628
3043 629
3045 629
3045 630
3048 630
3048 631
3052 631
3052 632
3053 632
3053 633
3054 633
3054 634
3056 634
3056 635
3070 635
3070 634
3073 634
3073 633
3075 633
3075 632
3078 632
3078 631
3080 631
3080 630
3081 630
3081 629
3085 629
3085 635
3086 635
3086 636
3087 636
3087 637
3088 637
3088 638
3090 638
3090 639
3091 639
3091 640
3093 640
3093 641
3095 641
3095 642
3097 642
3097 644
3098 644
3098 645
3099 645
3099 646
3100 646
3100 647
3101 647
3101 648
3102 648
3102 649
3104 649
3104 650
3107 650
3107 652
3108 652
3108 665
3109 665
3109 666
3110 666
3110 668
3111 668
3111 669
3112 669
3112 670
3117 670
3117 671
3120 671
3120 672
3129 672
3129 673
3132 673
3132 674
3135 674
3135 675
3142 675
3142 676
3150 676
3150 675
3152 675
3152 674
3153 674
3153 673
3155 673
3155 672
3156 672
3156 671
3160 671
3160 670
3163 670
3163 669
3165 669
3165 668
3167 668
3167 667
3170 667
3170 666
3174 666
3174 665
3176 665
3176 664
3177 664
3177 663
3179 663
3179 662
3180 662
3180 661
3181 661
3181 658
3183 658
3183 657
3187 657
3187 656
3190 656
3190 655
3191 655
3191 654
3196 654
3196 652
3197 652
3197 651
3201 651
3201 650
3204 650
3204 649
3206 649
3206 648
3208 648
3208 647
3210 647
3210 646
3211 646
3211 645
3212 645
3212 644
3213 644
3213 643
3215 643
3215 642
3217 642
3217 641
3218 641
3218 639
3219 639
3219 638
3221 638
3221 637
3223 637
3223 636
3224 636
3224 634
3225 634
3225 633
3226 633
3226 632
3227 632
3227 630
3229 630
3229 629
3230 629
3230 628
3232 628
3232 627
3233 627
3233 626
3234 626
3234 625
3235 625
3235 624
3236 624
3236 622
3237 622
3237 619
3238 619
3238 609
3239 609
3239 607
3240 607
3240 606
3242 606
3242 605
3243 605
3243 603
3244 603
3244 602
3245 602
3245 601
3246 601
3246 600
3247 600
3247 599
3248 599
3248 597
3249 597
3249 596
3250 596
3250 593
3251 593
3251 586
3252 586
3252 581
3253 581
3253 580
3254 580
3254 579
3255 579
3255 578
3257 578
3257 577
3258 577
3258 576
3259 576
3259 575
3260 575
3260 574
3261 574
3261 573
3262 573
3262 571
3263 571
3263 570
3264 570
3264 569
3265 569
3265 568
3266 568
3266 567
3268 567
3268 566
3269 566
3269 565
3270 565
3270 564
3271 564
3271 563
3272 563
3272 562
3273 562
3273 560
3274 560
3274 557
3275 557
3275 555
3276 555
3276 552
3277 552
3277 551
3278 551
3278 550
3280 550
3280 549
3281 549
3281 548
3282 548
3282 547
3283 547
3283 546
3285 546
3285 545
3286 545
3286 543
3287 543
3287 540
3288 540
3288 538
3289 538
3289 537
3291 537
3291 536
3293 536
3293 535
3295 535
3295 534
3296 534
3296 533
3297 533
3297 532
3298 532
3298 531
3299 531
3299 530
3300 530
3300 529
3302 529
3302 528
3312 528
3312 527
3315 527
3315 526
3318 526
3318 525
3320 525
3320 524
3321 524
3321 523
3322 523
3322 522
3323 522
3323 521
3324 521
3324 518
3325 518
3325 490
3326 490
3326 487
3325 487
3325 481
3326 481
3326 462
3327 462
3327 461
3326 461
3326 455
3327 455
3327 437
3328 437
3328 427
3327 427
3327 421
3328 421
3328 410
3329 410
3329 403
3337 403
3337 404
3359 404
3359 405
3362 405
3362 406
3363 406
3363 407
3364 407
3364 408
3365 408
3365 409
3366 409
3366 410
3367 410
3367 411
3370 411
3370 412
3381 412
3381 411
3391 411
3391 410
3396 410
3396 409
3397 409
3397 408
3398 408
3398 407
3399 407
3399 406
3400 406
3400 404
3401 404
3401 403
3403 403
3403 402
3419 402
3419 401
3420 401
3420 400
3421 400
3421 399
3422 399
3422 398
3430 398
3430 397
3431 397
3431 396
3440 396
3440 395
3441 395
3441 394
3443 394
3443 393
3444 393
3444 392
3445 392
3445 391
3446 391
3446 390
3447 390
3447 389
3449 389
3449 388
3454 388
3454 389
3456 389
3456 392
3457 392
3457 395
3458 395
3458 397
3459 397
3459 400
3460 400
3460 402
3461 402
3461 404
3462 404
3462 405
3463 405
3463 406
3464 406
3464 407
3465 407
3465 408
3466 408
3466 409
3470 409
3470 410
3474 410
3474 409
3479 409
3479 408
3480 408
3480 407
3483 407
3483 406
3487 406
3487 405
3492 405
3492 404
3496 404
3496 403
3497 403
3497 402
3500 402
3500 401
3501 401
3501 400
3503 400
3503 397
3502 397
3502 396
3501 396
3501 395
3500 395
3500 392
3501 392
3501 391
3504 391
3504 390
3506 390
3506 388
3507 388
3507 387
3508 387
3508 386
3509 386
3509 385
3510 385
3510 384
3511 384
3511 383
3512 383
3512 381
3513 381
3513 380
3515 380
3515 379
3516 379
3516 376
3517 376
3517 372
3518 372
3518 365
3519 365
3519 364
3520 364
3520 363
3519 363
3519 364
3518 364
3518 365
3517 365
3517 372
3516 372
3516 376
3515 376
3515 379
3513 379
3513 380
3512 380
3512 381
3511 381
3511 383
3510 383
3510 384
3509 384
3509 385
3508 385
3508 386
3507 386
3507 387
3506 387
3506 388
3505 388
3505 389
3504 389
3504 390
3501 390
3501 391
3500 391
3500 392
3499 392
3499 395
3500 395
3500 396
3501 396
3501 397
3502 397
3502 399
3501 399
3501 400
3500 400
3500 401
3497 401
3497 402
3496 402
3496 403
3492 403
3492 404
3487 404
3487 405
3483 405
3483 406
3480 406
3480 407
3479 407
3479 408
3474 408
3474 409
3470 409
3470 408
3466 408
3466 407
3465 407
3465 406
3464 406
3464 405
3463 405
3463 404
3462 404
3462 402
3461 402
3461 400
3460 400
3460 397
3459 397
3459 395
3458 395
3458 392
3457 392
3457 389
3456 389
3456 388
3454 388
3454 387
3449 387
3449 388
3447 388
3447 389
3446 389
3446 390
3445 390
3445 391
3444 391
3444 392
3443 392
3443 393
3441 393
3441 394
3440 394
3440 395
3431 395
3431 396
3430 396
3430 397
3422 397
3422 398
3421 398
3421 399
3420 399
3420 400
3419 400
3419 401
3403 401
3403 402
3401 402
3401 403
3400 403
3400 404
3399 404
3399 406
3398 406
3398 407
3397 407
3397 408
3396 408
3396 409
3391 409
3391 410
3381 410
3381 411
3370 411
3370 410
3367 410
3367 409
3366 409
3366 408
3365 408
3365 407
3364 407
3364 406
3363 406
3363 405
3362 405
3362 404
3359 404
3359 403
3337 403
3337 402
3328 402
3328 410
3327 410
3327 421
3326 421
3326 427
3327 427
3327 437
3326 437
3326 455
3325 455
3325 461
3326 461
3326 462
3325 462
3325 481
3324 481
3324 487
3325 487
3325 490
3324 490
3324 518
3323 518
3323 521
3322 521
3322 522
3321 522
3321 523
3320 523
3320 524
3318 524
3318 525
3315 525
3315 526
3312 526
3312 527
3302 527
3302 528
3300 528
3300 529
3299 529
3299 530
3298 530
3298 531
3297 531
3297 532
3296 532
3296 533
3295 533
3295 534
3293 534
3293 535
3291 535
3291 536
3289 536
3289 537
3288 537
3288 538
3287 538
3287 540
3286 540
3286 543
3285 543
3285 545
3283 545
3283 546
3282 546
3282 547
3281 547
3281 548
3280 548
3280 549
3278 549
3278 550
3277 550
3277 551
3276 551
3276 552
3275 552
3275 555
3274 555
3274 557
3273 557
3273 560
3272 560
3272 562
3271 562
3271 563
3270 563
3270 564
3269 564
3269 565
3268 565
3268 566
3266 566
3266 567
3265 567
3265 568
3264 568
3264 569
3263 569
3263 570
3262 570
3262 571
3261 571
3261 573
3260 573
3260 574
3259 574
3259 575
3258 575
3258 576
3257 576
3257 577
3255 577
3255 578
3254 578
3254 579
3253 579
3253 580
3252 580
3252 581
3251 581
3251 586
3250 586
3250 593
3249 593
3249 596
3248 596
3248 597
3247 597
3247 599
3246 599
3246 600
3245 600
3245 601
3244 601
3244 602
3243 602
3243 603
3242 603
3242 605
3240 605
3240 606
3239 606
3239 607
3238 607
3238 609
3237 609
3237 619
3236 619
3236 622
3235 622
3235 624
3234 624
3234 625
3233 625
3233 626
3232 626
3232 627
3230 627
3230 628
3229 628
3229 629
3227 629
3227 630
3226 630
3226 632
3225 632
3225 633
3224 633
3224 634
3223 634
3223 636
3221 636
3221 637
3219 637
3219 638
3218 638
3218 639
3217 639
3217 641
3215 641
3215 642
3213 642
3213 643
3212 643
3212 644
3211 644
3211 645
3210 645
3210 646
3208 646
3208 647
3206 647
3206 648
3204 648
3204 649
3201 649
