3501 641
3505 641
3505 642
3510 642
3510 643
3515 643
3515 644
3516 644
3516 645
3517 645
3517 646
3518 646
3518 647
3519 647
3519 648
3520 648
3520 649
3521 649
3521 650
3522 650
3522 651
3524 651
3524 652
3525 652
3525 653
3526 653
3526 654
3527 654
3527 655
3528 655
3528 656
3530 656
3530 657
3532 657
3532 658
3533 658
3533 659
3535 659
3535 660
3536 660
3536 661
3538 661
3538 662
3540 662
3540 663
3547 663
3547 662
3549 662
3549 663
3551 663
3551 664
3559 664
3559 665
3560 665
3560 666
3568 666
3568 667
3570 667
3570 668
3571 668
3571 669
3573 669
3573 670
3575 670
3575 671
3594 671
3594 672
3596 672
3596 673
3597 673
3597 674
3600 674
3600 673
3602 673
3602 672
3603 672
3603 671
3604 671
3604 670
3606 670
3606 669
3607 669
3607 667
3608 667
3608 665
3609 665
3609 664
3610 664
3610 663
3611 663
3611 662
3615 662
3615 661
3625 661
3625 660
3627 660
3627 659
3629 659
3629 658
3630 658
3630 657
3631 657
3631 656
3632 656
3632 653
3633 653
3633 648
3634 648
3634 645
3635 645
3635 644
3636 644
3636 643
3638 643
3638 642
3643 642
3643 641
3647 641
3647 640
3649 640
3649 639
3651 639
3651 638
3653 638
3653 637
3656 637
3656 636
3660 636
3660 635
3667 635
3667 634
3668 634
3668 633
3678 633
3678 632
3682 632
3682 631
3686 631
3686 630
3688 630
3688 629
3690 629
3690 628
3691 628
3691 627
3693 627
3693 626
3695 626
3695 624
3696 624
3696 623
3697 623
3697 622
3698 622
3698 621
3699 621
3699 620
3700 620
3700 618
3701 618
3701 617
3702 617
3702 616
3703 616
3703 615
3704 615
3704 614
3705 614
3705 613
3707 613
3707 612
3709 612
3709 611
3711 611
3711 610
3713 610
3713 609
3718 609
3718 608
3721 608
3721 607
3724 607
3724 606
3726 606
3726 605
3731 605
3731 604
3737 604
3737 603
3738 603
3738 602
3739 602
3739 603
3738 603
3738 604
3737 604
3737 605
3731 605
3731 606
3726 606
3726 607
3724 607
3724 608
3721 608
3721 609
3718 609
3718 610
3713 610
3713 611
3711 611
3711 612
3709 612
3709 613
3707 613
3707 614
3705 614
3705 615
3704 615
3704 616
3703 616
3703 617
3702 617
3702 618
3701 618
3701 620
3700 620
3700 621
3699 621
3699 622
3698 622
3698 623
3697 623
3697 624
3696 624
3696 626
3695 626
3695 627
3693 627
3693 628
3691 628
3691 629
3690 629
3690 630
3688 630
3688 631
3686 631
3686 632
3682 632
3682 633
3678 633
3678 634
3668 634
3668 636
3660 636
3660 637
3656 637
3656 638
3653 638
3653 639
3651 639
3651 640
3649 640
3649 641
3647 641
3647 642
3643 642
3643 643
3638 643
3638 644
3636 644
3636 645
3635 645
3635 648
3634 648
3634 653
3633 653
3633 656
3632 656
3632 657
3631 657
3631 658
3630 658
3630 659
3629 659
3629 660
3627 660
3627 661
3625 661
3625 662
3615 662
3615 663
3611 663
3611 664
3610 664
3610 665
3609 665
3609 667
3608 667
3608 669
3607 669
3607 670
3606 670
3606 671
3604 671
3604 672
3603 672
3603 673
3602 673
3602 674
3600 674
3600 675
3597 675
3597 674
3596 674
3596 673
3594 673
3594 672
3575 672
3575 671
3573 671
3573 670
3571 670
3571 669
3570 669
3570 668
3568 668
3568 667
3560 667
3560 666
3559 666
3559 665
3551 665
3551 664
3549 664
3549 663
3547 663
3547 664
3540 664
3540 663
3538 663
3538 662
3536 662
3536 661
3535 661
3535 660
3533 660
3533 659
3532 659
3532 658
3530 658
3530 657
3528 657
3528 656
3527 656
3527 655
3526 655
3526 654
3525 654
3525 653
3524 653
3524 652
3522 652
3522 651
3521 651
3521 650
3520 650
3520 649
3519 649
3519 648
3518 648
3518 647
3517 647
3517 646
3516 646
3516 645
3515 645
3515 644
3510 644
3510 643
3505 643
3505 642
3501 642
3501 641
3483 641
3483 642
3480 642
3480 643
3477 643
3477 644
3473 644
3473 645
3447 645
3447 644
3441 644
3441 643
3429 643
3429 642
3428 642
3428 641
3427 641
3427 640
3426 640
3426 639
3425 639
3425 638
3424 638
3424 637
3423 637
3423 635
3422 635
3422 634
3421 634
3421 633
3420 633
3420 632
3419 632
3419 631
3417 631
3417 630
3411 630
3411 629
3409 629
3409 628
3408 628
3408 627
3407 627
3407 616
3406 616
3406 611
3405 611
3405 609
3404 609
3404 608
3400 608
3400 607
3398 607
3398 608
3396 608
3396 609
3391 609
3391 610
3386 610
3386 616
3385 616
3385 623
3386 623
3386 634
3385 634
3385 636
3386 636
3386 661
3385 661
3385 687
3384 687
3384 689
3383 689
3383 690
3382 690
3382 691
3380 691
3380 692
3379 692
3379 693
3377 693
3377 694
3376 694
3376 695
3375 695
3375 698
3374 698
3374 707
3375 707
3375 714
3374 714
3374 715
3373 715
3373 717
3372 717
3372 718
3370 718
3370 719
3360 719
3360 720
3350 720
3350 719
3348 719
3348 718
3347 718
3347 717
3346 717
3346 716
3344 716
3344 715
3342 715
3342 714
3339 714
3339 713
3335 713
3335 712
3324 712
3324 713
3323 713
3323 714
3322 714
3322 715
3321 715
3321 716
3320 716
3320 717
3319 717
3319 718
3317 718
3317 719
3315 719
3315 720
3313 720
3313 721
3310 721
3310 722
3308 722
3308 724
3307 724
3307 725
3306 725
3306 726
3303 726
3303 727
3298 727
3298 728
3296 728
3296 729
3294 729
3294 730
3291 730
3291 731
3288 731
3288 732
3286 732
3286 733
3285 733
3285 734
3283 734
3283 735
3281 735
3281 736
3279 736
3279 737
3277 737
3277 738
3274 738
3274 737
3273 737
3273 736
3272 736
3272 735
3271 735
3271 734
3270 734
3270 732
3269 732
3269 729
3268 729
3268 728
3266 728
3266 727
3259 727
3259 728
3255 728
3255 729
3252 729
3252 730
3250 730
3250 731
3248 731
3248 732
3245 732
3245 733
3240 733
3240 734
3235 734
3235 735
3233 735
3233 736
3231 736
3231 737
3229 737
3229 736
3224 736
3224 737
3222 737
3222 738
3220 738
3220 739
3218 739
3218 740
3215 740
3215 741
3212 741
3212 742
3201 742
3201 741
3197 741
3197 740
3196 740
3196 739
3195 739
3195 738
3194 738
3194 736
3193 736
3193 732
3192 732
3192 724
3191 724
3191 714
3190 714
3190 705
3189 705
3189 702
3188 702
3188 699
3187 699
3187 697
3186 697
3186 696
3185 696
3185 695
3184 695
3184 694
3183 694
3183 692
3182 692
3182 690
3181 690
3181 689
3180 689
3180 688
3179 688
3179 686
3178 686
3178 684
3177 684
3177 673
3176 673
3176 669
3175 669
3175 666
3174 666
3174 665
3173 665
3173 664
3170 664
3170 663
3168 663
3168 662
3164 662
3164 661
3161 661
3161 660
3160 660
3160 661
3154 661
3154 662
3152 662
3152 663
3151 663
3151 664
3149 664
3149 665
3145 665
3145 666
3144 666
3144 667
3143 667
3143 669
3142 669
3142 670
3141 670
3141 671
3139 671
3139 672
3138 672
3138 673
3137 673
3137 676
3136 676
3136 678
3135 678
3135 679
3133 679
3133 680
3132 680
3132 681
3131 681
3131 682
3130 682
3130 683
3129 683
3129 684
3127 684
3127 685
3122 685
3122 686
3114 686
3114 687
3109 687
3109 688
3107 688
3107 689
3105 689
3105 690
3104 690
3104 691
3098 691
3098 692
3096 692
3096 693
3094 693
3094 694
3093 694
3093 695
3092 695
3092 696
3088 696
3088 697
3086 697
3086 698
3084 698
3084 699
3083 699
3083 700
3081 700
3081 701
3079 701
3079 702
3075 702
3075 703
3071 703
3071 704
3070 704
3070 705
3067 705
3067 706
3064 706
3064 707
3062 707
3062 708
3061 708
3061 709
3060 709
3060 710
3055 710
3055 711
3052 711
3052 712
3051 712
3051 713
3049 713
3049 714
3048 714
3048 717
3047 717
3047 718
3044 718
3044 719
3043 719
3043 720
3040 720
3040 721
3038 721
3038 724
3037 724
3037 727
3036 727
3036 730
3035 730
3035 731
3034 731
3034 733
3033 733
3033 734
3032 734
3032 735
3031 735
3031 736
3030 736
3030 737
3029 737
3029 738
3028 738
3028 740
3027 740
3027 746
3026 746
3026 755
3025 755
3025 759
3024 759
3024 762
3023 762
3023 764
3022 764
3022 765
3021 765
3021 767
3020 767
3020 768
3019 768
3019 770
3018 770
3018 771
3017 771
3017 772
3016 772
3016 773
3015 773
3015 775
3014 775
3014 776
3013 776
3013 779
3012 779
3012 780
3011 780
3011 782
3010 782
3010 783
3009 783
3009 785
3008 785
3008 786
3006 786
3006 787
3005 787
3005 789
3004 789
3004 790
3003 790
3003 791
3002 791
3002 792
3001 792
3001 794
3000 794
3000 795
2999 795
2999 796
2998 796
2998 797
2997 797
2997 798
2996 798
2996 799
2994 799
2994 800
2993 800
2993 801
2991 801
2991 802
2989 802
2989 803
2987 803
2987 804
2983 804
2983 805
2980 805
2980 806
2974 806
2974 807
2968 807
2968 817
2969 817
2969 821
2968 821
2968 825
2967 825
2967 826
2966 826
2966 827
2964 827
2964 828
2959 828
2959 827
2955 827
2955 826
2949 826
2949 825
2941 825
2941 826
2935 826
2935 828
2934 828
2934 825
2932 825
2932 824
2931 824
2931 823
2930 823
2930 822
2929 822
2929 821
2928 821
2928 819
2927 819
2927 818
2926 818
2926 816
2925 816
2925 815
2924 815
2924 814
2923 814
2923 813
2922 813
2922 811
2921 811
2921 808
2920 808
2920 804
2921 804
2921 801
2922 801
2922 791
2921 791
2921 772
2920 772
2920 765
2919 765
2919 763
2918 763
2918 761
2917 761
2917 760
2916 760
2916 759
2915 759
2915 758
2914 758
2914 757
2913 757
2913 756
2912 756
2912 755
2911 755
2911 754
2909 754
2909 753
2907 753
2907 752
2906 752
2906 751
2905 751
2905 750
2904 750
2904 749
2903 749
2903 748
2902 748
2902 746
2901 746
2901 741
2900 741
2900 739
2899 739
2899 738
2898 738
2898 737
2896 737
2896 736
2893 736
2893 735
2892 735
2892 734
2891 734
2891 733
2890 733
2890 732
2889 732
2889 731
2888 731
2888 729
2887 729
2887 726
2886 726
2886 720
2885 720
2885 718
2884 718
2884 717
2883 717
2883 716
2882 716
2882 715
2881 715
2881 714
2880 714
2880 712
2879 712
2879 710
2876 710
2876 711
2875 711
2875 716
2874 716
2874 721
2873 721
2873 723
2872 723
2872 724
2866 724
2866 725
2865 725
2865 724
2863 724
2863 723
2862 723
2862 722
2860 722
2860 721
2859 721
2859 719
2858 719
2858 717
2857 717
2857 708
2856 708
2856 707
2852 707
2852 706
2849 706
2849 705
2846 705
2846 704
2842 704
2842 703
2837 703
2837 702
2830 702
2830 701
2823 701
2823 700
2821 700
2821 699
2820 699
2820 698
2819 698
2819 697
2818 697
2818 695
2817 695
2817 690
2816 690
2816 686
2815 686
2815 685
2814 685
2814 684
2811 684
2811 683
2809 683
2809 682
2805 682
2805 681
2801 681
2801 680
2798 680
2798 679
2791 679
2791 678
2792 678
2792 677
2791 677
2791 673
2790 673
2790 671
2788 671
2788 670
2787 670
2787 669
2786 669
2786 667
2785 667
2785 664
2784 664
2784 660
2783 660
2783 659
2782 659
2782 657
2781 657
2781 655
2780 655
2780 653
2779 653
2779 649
2778 649
2778 648
2773 648
2773 649
2765 649
2765 651
2764 651
2764 655
2765 655
2765 661
2767 661
2767 687
2766 687
2766 689
2765 689
2765 690
2764 690
2764 691
2761 691
2761 692
2758 692
2758 693
2757 693
2757 695
2756 695
2756 696
2755 696
2755 697
2754 697
2754 698
2751 698
2751 699
2746 699
2746 706
2745 706
2745 708
2744 708
2744 709
2743 709
2743 710
2742 710
2742 711
2741 711
2741 712
2740 712
2740 713
2739 713
2739 714
2737 714
2737 715
2735 715
2735 716
2730 716
2730 717
2729 717
2729 718
2710 718
2710 719
2709 719
2709 726
2708 726
2708 731
2709 731
2709 749
2708 749
2708 783
2707 783
2707 795
2706 795
2706 796
2707 796
2707 801
2706 801
2706 815
2705 815
2705 819
2704 819
2704 828
2703 828
2703 834
2702 834
2702 844
2701 844
2701 864
2700 864
2700 870
2699 870
2699 872
2698 872
2698 874
2697 874
2697 875
2696 875
2696 878
2695 878
2695 882
2694 882
2694 886
2693 886
2693 892
2692 892
2692 894
2691 894
2691 897
2690 897
2690 899
2689 899
2689 901
2688 901
2688 902
2687 902
2687 903
2685 903
2685 904
2684 904
2684 905
2683 905
2683 906
2682 906
2682 907
2681 907
2681 908
2679 908
2679 909
2678 909
2678 911
2677 911
2677 915
2678 915
2678 916
2677 916
2677 917
2676 917
2676 918
2674 918
2674 919
2673 919
2673 920
2670 920
2670 921
2668 921
2668 922
2666 922
2666 923
2660 923
2660 924
2658 924
2658 925
2649 925
2649 926
2645 926
2645 927
2642 927
2642 928
2640 928
2640 929
2636 929
2636 930
2634 930
2634 931
2632 931
2632 932
2630 932
2630 933
2627 933
2627 934
2624 934
2624 935
2620 935
2620 936
2613 936
2613 935
2611 935
2611 934
2610 934
2610 933
2609 933
2609 932
2608 932
2608 931
2607 931
2607 929
2606 929
2606 928
2605 928
2605 927
2604 927
2604 926
2603 926
2603 925
2601 925
2601 924
2599 924
2599 923
2597 923
2597 922
2595 922
2595 921
2593 921
2593 920
2591 920
2591 919
2589 919
2589 918
2588 918
2588 917
2586 917
2586 916
2585 916
2585 915
2583 915
2583 914
2582 914
2582 913
2581 913
2581 912
2580 912
2580 911
2579 911
2579 910
2578 910
2578 906
2577 906
2577 899
2576 899
2576 891
2575 891
2575 880
2574 880
2574 878
2573 878
2573 877
2572 877
2572 876
2571 876
2571 875
2570 875
2570 873
2569 873
2569 872
2568 872
2568 870
2567 870
2567 869
2566 869
2566 868
2565 868
2565 867
2564 867
2564 866
2563 866
2563 865
2558 865
2558 864
2555 864
2555 863
2554 863
2554 862
2553 862
2553 861
2552 861
2552 859
2551 859
2551 857
2550 857
2550 855
2549 855
2549 842
2548 842
2548 839
2547 839
2547 838
2546 838
2546 837
2545 837
2545 836
2541 836
2541 837
2534 837
2534 838
2527 838
2527 837
2523 837
2523 836
2516 836
2516 837
2513 837
2513 838
2510 838
2510 839
2507 839
2507 840
2505 840
2505 841
2503 841
2503 842
2501 842
2501 843
2500 843
2500 844
2498 844
2498 845
2492 845
2492 846
2489 846
2489 847
2486 847
2486 848
2483 848
2483 849
2479 849
2479 850
2474 850
2474 849
2472 849
2472 848
2471 848
2471 847
2467 847
2467 846
2465 846
2465 845
2464 845
2464 844
2462 844
2462 843
2461 843
2461 842
2460 842
2460 841
2459 841
2459 838
2458 838
2458 831
2457 831
2457 825
2456 825
2456 824
2455 824
2455 822
2454 822
2454 821
2453 821
2453 820
2452 820
2452 819
2451 819
2451 818
2450 818
2450 817
2449 817
2449 816
2447 816
2447 815
2446 815
2446 814
2445 814
2445 813
2444 813
2444 812
2443 812
2443 809
2442 809
2442 807
2441 807
2441 804
2440 804
2440 803
2439 803
2439 802
2438 802
2438 801
2436 801
2436 800
2435 800
2435 799
2432 799
2432 798
2431 798
2431 797
2429 797
2429 796
2428 796
2428 795
2426 795
2426 794
2425 794
2425 793
2424 793
2424 792
2423 792
2423 788
2422 788
2422 787
2421 787
2421 785
2420 785
2420 784
2419 784
2419 781
2418 781
2418 778
2417 778
2417 771
2416 771
2416 769
2415 769
2415 765
2414 765
2414 762
2413 762
2413 761
2411 761
2411 760
2408 760
2408 759
2404 759
2404 760
2402 760
2402 761
2400 761
2400 762
2399 762
2399 763
2397 763
2397 764
2396 764
2396 765
2393 765
2393 766
2390 766
2390 767
2387 767
2387 768
2383 768
2383 769
2376 769
2376 768
2373 768
2373 767
2370 767
2370 766
2369 766
2369 765
2368 765
2368 764
2367 764
2367 762
2366 762
2366 758
2365 758
2365 755
2364 755
2364 749
2363 749
2363 730
2362 730
2362 723
2361 723
2361 722
2358 722
2358 721
2355 721
2355 720
2354 720
2354 719
2353 719
2353 718
2352 718
2352 717
2350 717
2350 716
2349 716
2349 715
2347 715
2347 714
2344 714
2344 713
2342 713
2342 712
2341 712
2341 711
2340 711
2340 710
2339 710
2339 709
2338 709
2338 705
2337 705
2337 702
2336 702
2336 693
2335 693
2335 681
2334 681
2334 678
2333 678
2333 673
2332 673
2332 671
2331 671
2331 669
2329 669
2329 668
2327 668
2327 667
2326 667
2326 666
2324 666
2324 665
2323 665
2323 664
2322 664
2322 662
2321 662
2321 661
2320 661
2320 659
2319 659
2319 647
2318 647
2318 632
2317 632
2317 626
2316 626
2316 622
2315 622
2315 621
2309 621
2309 622
2305 622
2305 623
2304 623
2304 625
2302 625
2302 626
2301 626
2301 632
2300 632
2300 674
2301 674
2301 675
2300 675
2300 680
2301 680
2301 698
2300 698
2300 699
2299 699
2299 700
2297 700
2297 701
2296 701
2296 702
2295 702
2295 703
2292 703
2292 704
2290 704
2290 705
2289 705
2289 706
2288 706
2288 711
2287 711
2287 714
2288 714
2288 729
2287 729
2287 755
2286 755
2286 759
2287 759
2287 772
2286 772
2286 779
2285 779
2285 782
2284 782
2284 784
2283 784
2283 785
2282 785
2282 786
2281 786
2281 788
2280 788
2280 791
2279 791
2279 793
2278 793
2278 795
2277 795
2277 796
2276 796
2276 797
2275 797
2275 800
2274 800
2274 805
2273 805
2273 808
2272 808
2272 809
2271 809
2271 810
2270 810
2270 811
2265 811
2265 812
2257 812
2257 813
2252 813
2252 814
2251 814
2251 815
2249 815
2249 816
2247 816
2247 817
2245 817
2245 818
2243 818
2243 819
2242 819
2242 820
2239 820
2239 821
2238 821
2238 822
2236 822
2236 823
2235 823
2235 825
2234 825
2234 828
2233 828
2233 829
2232 829
2232 830
2231 830
2231 831
2230 831
2230 833
2229 833
2229 835
2228 835
2228 837
2227 837
2227 839
2226 839
2226 841
2225 841
2225 842
2224 842
2224 843
2223 843
2223 844
2222 844
2222 845
2221 845
2221 846
2220 846
2220 847
2219 847
2219 848
2218 848
2218 849
2217 849
2217 850
2216 850
2216 851
2215 851
2215 854
2214 854
2214 859
2213 859
2213 864
2212 864
2212 870
2211 870
2211 881
2210 881
2210 883
2209 883
2209 886
2208 886
2208 887
2207 887
2207 889
2206 889
2206 890
2205 890
2205 892
2204 892
2204 919
2203 919
2203 922
2202 922
2202 923
2201 923
2201 929
2200 929
2200 930
2199 930
2199 931
2197 931
2197 932
2195 932
2195 933
2194 933
2194 934
2192 934
2192 935
2191 935
2191 936
2181 936
2181 935
2177 935
2177 936
2175 936
2175 935
2169 935
2169 936
2166 936
2166 937
2162 937
2162 938
2161 938
2161 939
2159 939
2159 940
2158 940
2158 941
2156 941
2156 942
2143 942
2143 943
2141 943
2141 944
2140 944
2140 945
2138 945
2138 946
2136 946
2136 947
2135 947
2135 948
2133 948
2133 949
2130 949
2130 950
2125 950
2125 951
2123 951
2123 952
2119 952
2119 953
2112 953
2112 954
2106 954
2106 955
2101 955
2101 956
2096 956
2096 957
2090 957
2090 958
2089 958
2089 959
2087 959
2087 958
2056 958
2056 957
2052 957
2052 956
2051 956
2051 955
2049 955
2049 954
2047 954
2047 953
2045 953
2045 952
2042 952
2042 951
2041 951
2041 950
2040 950
2040 949
2039 949
2039 948
2038 948
2038 947
2037 947
2037 942
2036 942
2036 941
2035 941
2035 940
2034 940
2034 939
2033 939
2033 938
2032 938
2032 937
2031 937
2031 936
2030 936
2030 935
2029 935
2029 933
2028 933
2028 929
2027 929
2027 916
2026 916
2026 908
2025 908
2025 905
2024 905
2024 895
2023 895
2023 877
2022 877
2022 862
2021 862
2021 857
2020 857
2020 852
2019 852
2019 841
2018 841
2018 821
2017 821
2017 819
2018 819
2018 804
2017 804
2017 800
2016 800
2016 799
2015 799
2015 798
2014 798
2014 797
2013 797
2013 796
2011 796
2011 795
2009 795
2009 794
2008 794
2008 792
2007 792
2007 790
2006 790
2006 788
2005 788
2005 776
2004 776
2004 762
2003 762
2003 761
2002 761
2002 759
2000 759
2000 758
1998 758
1998 757
1997 757
1997 756
1996 756
1996 755
1995 755
1995 754
1994 754
1994 753
1993 753
1993 752
1992 752
1992 751
1991 751
1991 745
1990 745
1990 744
1989 744
1989 696
1988 696
1988 683
1987 683
1987 662
1986 662
1986 643
1985 643
1985 638
1984 638
1984 634
1979 634
1979 636
1978 636
1978 638
1977 638
1977 640
1976 640
1976 643
1975 643
1975 648
1974 648
1974 651
1973 651
1973 654
1972 654
1972 656
1971 656
1971 657
1970 657
1970 658
1968 658
1968 659
1967 659
1967 660
1966 660
1966 661
1965 661
1965 662
1963 662
1963 663
1962 663
1962 666
1961 666
1961 679
1960 679
1960 682
1959 682
1959 683
1958 683
1958 684
1957 684
1957 685
1956 685
1956 686
1955 686
1955 687
1954 687
1954 688
1953 688
1953 689
1952 689
1952 690
1951 690
1951 693
1950 693
1950 714
1949 714
1949 719
1950 719
1950 723
1949 723
1949 742
1948 742
1948 744
1947 744
1947 746
1946 746
1946 747
1945 747
1945 748
1944 748
1944 749
1943 749
1943 750
1942 750
1942 751
1941 751
1941 754
1940 754
1940 755
1938 755
1938 757
1937 757
1937 760
1936 760
1936 761
1935 761
1935 763
1934 763
1934 764
1933 764
1933 768
1932 768
1932 771
1931 771
1931 773
1930 773
1930 774
1929 774
1929 777
1928 777
1928 781
1927 781
1927 786
1926 786
1926 790
1925 790
1925 796
1924 796
1924 800
1923 800
1923 801
1922 801
1922 802
1921 802
1921 803
1920 803
1920 804
1919 804
1919 806
1918 806
1918 807
1917 807
1917 809
1916 809
1916 810
1915 810
1915 812
1914 812
1914 814
1913 814
1913 817
1912 817
1912 820
1911 820
1911 822
1910 822
1910 823
1909 823
1909 825
1908 825
1908 827
1907 827
1907 828
1906 828
1906 829
1905 829
1905 830
1904 830
1904 831
1903 831
1903 835
1902 835
1902 840
1901 840
1901 842
1900 842
1900 845
1899 845
1899 847
1898 847
1898 848
1897 848
1897 849
1896 849
1896 851
1895 851
1895 852
1894 852
1894 853
1893 853
1893 855
1892 855
1892 863
1891 863
1891 867
1890 867
1890 869
1889 869
1889 873
1888 873
1888 877
1887 877
1887 879
1886 879
1886 880
1885 880
1885 883
1884 883
1884 884
1883 884
1883 885
1882 885
1882 886
1880 886
1880 887
1877 887
1877 888
1865 888
1865 887
1856 887
1856 888
1848 888
1848 889
1843 889
1843 890
1840 890
1840 891
1838 891
1838 892
1833 892
1833 891
1830 891
1830 890
1817 890
1817 889
1814 889
1814 888
1811 888
1811 887
1808 887
1808 886
1800 886
1800 885
1799 885
1799 884
1796 884
1796 883
1792 883
1792 882
1780 882
1780 881
1766 881
1766 880
1763 880
1763 879
1758 879
1758 880
1756 880
1756 879
1754 879
1754 878
1752 878
1752 877
1750 877
1750 876
1749 876
1749 875
1748 875
1748 874
1747 874
1747 872
1746 872
1746 871
1745 871
1745 870
1744 870
1744 869
1740 869
1740 868
1738 868
1738 867
1737 867
1737 866
1736 866
1736 864
1735 864
1735 862
1734 862
1734 860
1733 860
1733 858
1732 858
1732 853
1731 853
1731 847
1730 847
1730 845
1729 845
1729 844
1728 844
1728 843
1725 843
1725 842
1722 842
1722 841
1719 841
1719 840
1718 840
1718 839
1717 839
1717 838
1716 838
1716 835
1715 835
1715 825
1714 825
1714 819
1713 819
1713 815
1712 815
1712 812
1711 812
1711 810
1710 810
1710 809
1709 809
1709 807
1708 807
1708 806
1707 806
1707 805
1706 805
1706 804
1704 804
1704 803
1703 803
1703 802
1701 802
1701 801
1700 801
1700 800
1699 800
1699 799
1698 799
1698 798
1697 798
1697 797
1696 797
1696 794
1695 794
1695 791
1694 791
1694 782
1693 782
1693 778
1692 778
1692 773
1691 773
1691 770
1690 770
1690 768
1689 768
1689 767
1688 767
1688 766
1687 766
1687 765
1685 765
1685 764
1684 764
1684 763
1683 763
1683 762
1681 762
1681 761
1680 761
1680 759
1679 759
1679 756
1678 756
1678 752
1677 752
1677 740
1676 740
1676 731
1675 731
1675 725
1674 725
1674 724
1673 724
1673 723
1670 723
1670 722
1667 722
1667 721
1666 721
1666 720
1664 720
1664 719
1663 719
1663 717
1662 717
1662 714
1661 714
1661 706
1660 706
1660 695
1659 695
1659 684
1658 684
1658 680
1657 680
1657 657
1656 657
1656 637
1655 637
1655 625
1654 625
1654 623
1653 623
1653 622
1651 622
1651 621
1648 621
1648 620
1646 620
1646 619
1645 619
1645 618
1644 618
1644 617
1643 617
1643 616
1642 616
1642 615
1640 615
1640 614
1638 614
1638 613
1632 613
1632 612
1627 612
1627 611
1624 611
1624 610
1623 610
1623 609
1621 609
1621 608
1620 608
1620 606
1619 606
1619 605
1618 605
1618 604
1617 604
1617 603
1615 603
1615 604
1614 604
1614 612
1615 612
1615 631
1616 631
1616 645
1615 645
1615 653
1614 653
1614 655
1613 655
1613 656
1612 656
1612 657
1610 657
1610 658
1606 658
1606 659
1605 659
1605 660
1604 660
1604 664
1603 664
1603 665
1604 665
1604 669
1603 669
1603 672
1602 672
1602 674
1601 674
1601 675
1600 675
1600 676
1599 676
1599 677
1597 677
1597 678
1596 678
1596 679
1595 679
1595 680
1594 680
1594 681
1593 681
1593 683
1592 683
1592 687
1591 687
1591 689
1590 689
1590 690
1588 690
1588 691
1586 691
1586 692
1584 692
1584 693
1582 693
1582 694
1581 694
1581 695
1580 695
1580 697
1579 697
1579 699
1578 699
1578 700
1577 700
1577 701
1576 701
1576 702
1575 702
1575 703
1572 703
1572 704
1571 704
1571 706
1570 706
1570 719
1569 719
1569 727
1568 727
1568 728
1567 728
1567 730
1566 730
1566 731
1565 731
1565 732
1563 732
1563 733
1562 733
1562 734
1561 734
1561 736
1560 736
1560 758
1559 758
1559 759
1558 759
1558 760
1557 760
1557 761
1555 761
1555 762
1553 762
1553 763
1552 763
1552 764
1550 764
1550 765
1548 765
1548 767
1547 767
1547 768
1546 768
1546 769
1544 769
1544 770
1543 770
1543 771
1542 771
1542 772
1541 772
1541 773
1540 773
1540 774
1538 774
1538 775
1537 775
1537 776
1534 776
1534 777
1535 777
1535 779
1534 779
1534 777
1526 777
1526 776
1523 776
1523 775
1518 775
1518 774
1515 774
1515 773
1510 773
1510 772
1508 772
1508 771
1504 771
1504 770
1502 770
1502 769
1497 769
1497 768
1496 768
1496 767
1493 767
1493 766
1490 766
1490 765
1487 765
1487 764
1485 764
1485 763
1483 763
1483 762
1482 762
1482 761
1481 761
1481 760
1480 760
1480 759
1479 759
1479 758
1471 758
1471 757
1470 757
1470 756
1469 756
1469 755
1466 755
1466 754
1465 754
1465 753
1464 753
1464 752
1463 752
1463 751
1462 751
1462 750
1459 750
1459 749
1450 749
1450 748
1448 748
1448 747
1431 747
1431 748
1430 748
1430 749
1427 749
1427 750
1422 750
1422 751
1419 751
1419 750
1417 750
1417 749
1416 749
1416 748
1415 748
1415 746
1413 746
1413 745
1406 745
1406 746
1402 746
1402 745
1398 745
1398 746
1394 746
1394 747
1392 747
1392 748
1374 748
1374 747
1370 747
1370 746
1369 746
1369 745
1368 745
1368 744
1367 744
1367 743
1366 743
1366 742
1365 742
1365 740
1364 740
1364 730
1363 730
1363 725
1362 725
1362 724
1361 724
1361 722
1355 722
1355 723
1345 723
1345 724
1338 724
1338 725
1337 725
1337 732
1336 732
1336 735
1335 735
1335 736
1334 736
1334 737
1327 737
1327 738
1324 738
1324 739
1322 739
1322 740
1320 740
1320 741
1318 741
1318 742
1315 742
1315 741
1311 741
1311 740
1308 740
1308 739
1305 739
1305 738
1294 738
1294 737
1292 737
1292 736
1287 736
1287 735
1286 735
1286 734
1284 734
1284 733
1283 733
1283 732
1282 732
1282 731
1280 731
1280 730
1279 730
1279 729
1277 729
1277 728
1275 728
1275 727
1273 727
1273 726
1272 726
1272 725
1271 725
1271 724
1270 724
1270 723
1269 723
1269 722
1268 722
1268 721
1267 721
1267 710
1266 710
1266 705
1265 705
1265 704
1264 704
1264 702
1263 702
1263 701
1262 701
1262 700
1261 700
1261 698
1260 698
1260 695
1259 695
1259 689
1258 689
1258 680
1257 680
1257 676
1256 676
1256 674
1255 674
1255 672
1254 672
1254 671
1253 671
1253 670
1251 670
1251 669
1250 669
1250 668
1249 668
1249 666
1248 666
1248 665
1247 665
1247 664
1246 664
1246 663
1245 663
1245 662
1244 662
1244 651
1243 651
1243 636
1242 636
1242 629
1241 629
1241 613
1240 613
1240 609
1239 609
1239 608
1237 608
1237 607
1236 607
1236 606
1234 606
1234 605
1227 605
1227 601
1226 601
1226 600
1225 600
1225 599
1224 599
1224 598
1223 598
1223 596
1216 596
1216 597
1212 597
1212 598
1210 598
1210 599
1209 599
1209 600
1206 600
1206 601
1201 601
1201 602
1199 602
1199 618
1200 618
1200 634
1201 634
1201 638
1200 638
1200 642
1201 642
1201 673
1200 673
1200 675
1199 675
1199 677
1198 677
1198 678
1197 678
1197 679
1196 679
1196 680
1195 680
1195 681
1194 681
1194 683
1193 683
1193 685
1192 685
1192 687
1191 687
1191 691
1190 691
1190 695
1189 695
1189 699
1188 699
1188 700
1187 700
1187 702
1186 702
1186 703
1184 703
1184 704
1182 704
1182 705
1181 705
1181 706
1179 706
1179 707
1178 707
1178 708
1177 708
1177 709
1175 709
1175 710
1173 710
1173 711
1171 711
1171 712
1169 712
1169 713
1167 713
1167 714
1166 714
1166 715
1165 715
1165 716
1162 716
1162 717
1159 717
1159 718
1156 718
1156 719
1148 719
1148 720
1146 720
1146 721
1138 721
1138 720
1136 720
1136 719
1135 719
1135 718
1134 718
1134 716
1133 716
1133 715
1132 715
1132 713
1131 713
1131 711
1130 711
1130 710
1128 710
1128 709
1126 709
1126 708
1109 708
1109 707
1103 707
1103 706
1102 706
1102 705
1101 705
1101 704
1100 704
1100 702
1099 702
1099 701
1098 701
1098 699
1097 699
1097 698
1096 698
1096 697
1093 697
1093 696
1086 696
1086 695
1085 695
1085 694
1084 694
1084 693
1083 693
1083 692
1082 692
1082 690
1081 690
1081 689
1080 689
1080 688
1079 688
1079 687
1078 687
1078 686
1066 686
1066 687
1064 687
1064 686
1062 686
1062 685
1049 685
1049 684
1047 684
1047 683
1046 683
1046 682
1045 682
1045 681
1036 681
1036 680
1035 680
1035 679
1034 679
1034 678
1033 678
1033 677
1032 677
1032 676
1028 676
1028 675
1026 675
1026 674
1024 674
1024 673
1022 673
1022 672
1021 672
1021 671
1020 671
1020 670
1019 670
1019 669
1017 669
1017 668
1015 668
1015 667
1012 667
1012 666
1010 666
1010 665
1002 665
1002 664
999 664
999 663
998 663
998 662
997 662
997 661
996 661
996 660
995 660
995 659
992 659
992 658
990 658
990 659
989 659
989 658
986 658
986 657
985 657
985 656
984 656
984 655
983 655
983 654
981 654
981 653
978 653
978 654
975 654
975 655
967 655
967 656
963 656
963 657
952 657
952 656
950 656
950 655
947 655
947 654
938 654
938 653
937 653
937 652
936 652
936 651
935 651
935 649
934 649
934 647
933 647
933 645
932 645
932 642
931 642
931 633
928 633
928 632
926 632
926 631
924 631
924 630
923 630
923 629
922 629
922 628
921 628
921 626
920 626
920 623
919 623
919 622
918 622
918 621
914 621
914 620
911 620
911 619
909 619
909 618
908 618
908 617
907 617
907 616
906 616
906 615
905 615
905 611
904 611
904 606
902 606
902 605
901 605
901 604
900 604
900 603
898 603
898 602
894 602
894 601
892 601
892 600
891 600
891 599
889 599
889 598
888 598
888 597
887 597
887 596
885 596
885 595
884 595
884 594
883 594
883 593
882 593
882 590
881 590
881 585
880 585
880 575
879 575
879 551
878 551
878 539
877 539
877 537
876 537
876 535
875 535
875 534
874 534
874 532
873 532
873 531
872 531
872 530
871 530
871 528
870 528
870 527
869 527
869 525
868 525
868 521
867 521
867 510
866 510
866 499
865 499
865 486
864 486
864 479
863 479
863 465
862 465
862 464
863 464
863 459
862 459
862 452
861 452
861 450
859 450
859 449
857 449
857 448
855 448
855 447
854 447
854 446
853 446
853 445
852 445
852 444
851 444
851 442
850 442
850 433
849 433
849 422
848 422
848 409
847 409
847 403
845 403
845 402
841 402
841 401
840 401
840 400
839 400
839 399
838 399
838 398
837 398
837 396
836 396
836 391
835 391
835 385
834 385
834 371
833 371
833 361
832 361
832 360
829 360
829 359
822 359
822 360
820 360
820 361
818 361
818 362
811 362
811 363
810 363
810 366
809 366
809 372
808 372
808 374
807 374
807 376
805 376
805 377
801 377
801 378
795 378
795 379
792 379
792 380
781 380
781 381
775 381
775 383
774 383
774 385
773 385
773 386
771 386
771 387
767 387
767 388
765 388
765 389
762 389
762 390
761 390
761 391
760 391
760 392
759 392
759 393
755 393
755 394
752 394
752 395
751 395
751 403
752 403
752 415
753 415
753 418
752 418
752 420
751 420
751 421
750 421
750 422
749 422
749 423
745 423
745 424
744 424
744 425
739 425
739 424
736 424
736 423
734 423
734 422
733 422
733 421
730 421
730 420
725 420
725 419
723 419
723 418
721 418
721 417
720 417
720 416
719 416
719 415
718 415
718 413
717 413
717 410
716 410
716 407
715 407
715 406
714 406
714 405
712 405
712 404
708 404
708 403
707 403
707 402
706 402
706 401
705 401
705 400
704 400
704 398
703 398
703 397
702 397
702 396
701 396
701 395
697 395
697 394
695 394
695 393
694 393
694 392
693 392
693 390
692 390
692 389
691 389
691 385
690 385
690 380
688 380
688 379
684 379
684 378
682 378
682 377
679 377
679 391
680 391
680 399
681 399
681 401
682 401
682 407
681 407
681 409
680 409
680 411
679 411
679 412
678 412
678 413
675 413
675 414
670 414
670 415
669 415
669 426
668 426
668 429
667 429
667 430
666 430
666 431
664 431
664 432
659 432
659 433
657 433
657 435
656 435
656 436
655 436
655 437
648 437
648 438
646 438
646 437
631 437
631 436
627 436
627 435
625 435
625 434
624 434
624 433
623 433
623 432
622 432
622 428
621 428
621 418
620 418
620 407
619 407
619 393
618 393
618 392
614 392
614 391
603 391
603 392
598 392
598 393
588 393
588 394
580 394
580 393
578 393
578 392
576 392
576 391
569 391
569 390
560 390
560 391
547 391
547 390
543 390
543 389
541 389
541 388
537 388
537 387
532 387
532 386
529 386
529 385
527 385
527 384
526 384
526 383
520 383
520 382
516 382
516 381
515 381
515 380
514 380
514 379
513 379
513 378
510 378
510 377
507 377
507 376
505 376
505 375
504 375
504 374
503 374
503 373
502 373
502 372
501 372
501 370
500 370
500 341
499 341
499 323
498 323
498 321
499 321
499 319
498 319
498 308
497 308
497 295
496 295
496 278
495 278
495 264
494 264
494 245
493 245
493 230
492 230
492 217
491 217
491 215
489 215
489 216
484 216
484 217
483 217
483 218
482 218
482 222
481 222
481 224
480 224
480 226
479 226
479 228
478 228
478 229
477 229
477 230
476 230
476 231
474 231
474 232
468 232
468 231
459 231
459 232
456 232
456 231
455 231
455 232
454 232
454 236
455 236
455 238
456 238
456 239
458 239
458 240
459 240
459 241
460 241
460 242
461 242
461 245
460 245
460 247
459 247
459 249
458 249
458 251
457 251
457 252
456 252
456 253
455 253
455 254
454 254
454 255
453 255
453 256
452 256
452 257
451 257
451 258
446 258
446 259
434 259
434 260
428 260
428 259
422 259
422 260
421 260
421 261
420 261
420 262
419 262
419 263
417 263
417 262
416 262
416 261
414 261
414 262
413 262
413 264
412 264
412 266
411 266
411 267
410 267
410 270
408 270
408 271
407 271
407 272
406 272
406 273
405 273
405 274
404 274
404 275
403 275
403 276
402 276
402 277
396 277
396 278
394 278
394 279
393 279
393 281
392 281
392 282
391 282
391 283
390 283
390 284
388 284
388 285
383 285
383 288
384 288
384 297
383 297
383 298
382 298
382 299
381 299
381 301
380 301
380 302
379 302
379 303
377 303
377 304
373 304
373 309
374 309
374 315
373 315
373 317
372 317
372 318
371 318
371 319
370 319
370 320
369 320
369 322
368 322
368 323
367 323
367 324
365 324
365 325
360 325
360 326
355 326
355 325
351 325
351 324
350 324
350 325
348 325
348 326
347 326
347 328
346 328
346 330
345 330
345 331
344 331
344 332
343 332
343 340
342 340
342 345
341 345
341 347
340 347
340 348
339 348
339 349
338 349
338 350
337 350
337 351
336 351
336 352
334 352
334 353
331 353
331 354
329 354
329 355
328 355
328 354
329 354
329 353
331 353
331 352
334 352
334 351
336 351
336 350
337 350
337 349
338 349
338 348
339 348
339 347
340 347
340 345
341 345
341 340
342 340
342 332
343 332
343 331
344 331
344 330
345 330
345 328
346 328
346 326
347 326
347 325
348 325
348 324
350 324
350 323
351 323
351 324
355 324
355 325
360 325
360 324
365 324
365 323
367 323
367 322
368 322
368 320
369 320
369 319
370 319
370 318
371 318
371 317
372 317
372 315
373 315
373 309
372 309
372 304
373 304
373 303
377 303
377 302
379 302
379 301
380 301
380 299
381 299
381 298
382 298
382 297
383 297
383 288
382 288
382 284
388 284
388 283
390 283
390 282
391 282
391 281
392 281
392 279
393 279
393 278
394 278
394 277
396 277
396 276
402 276
402 275
403 275
403 274
404 274
404 273
405 273
405 272
406 272
406 271
407 271
407 270
408 270
408 269
409 269
409 267
410 267
410 266
411 266
411 264
412 264
412 262
413 262
413 260
416 260
416 261
417 261
417 262
419 262
419 261
420 261
420 260
421 260
421 259
422 259
422 258
428 258
428 259
434 259
434 258
446 258
446 257
451 257
451 256
452 256
452 255
453 255
453 254
454 254
454 253
455 253
455 252
456 252
456 251
457 251
457 249
458 249
458 247
459 247
459 245
460 245
460 242
459 242
459 241
458 241
458 240
456 240
456 239
455 239
455 238
454 238
454 236
453 236
453 232
454 232
454 231
455 231
455 230
456 230
456 231
459 231
459 230
468 230
468 231
474 231
474 230
476 230
476 229
477 229
477 228
478 228
478 226
479 226
479 224
480 224
480 222
481 222
481 218
482 218
482 217
483 217
483 216
484 216
484 215
489 215
489 214
491 214
491 215
492 215
492 217
493 217
493 230
494 230
494 245
495 245
495 264
496 264
496 278
497 278
497 295
498 295
498 308
499 308
499 319
500 319
500 321
499 321
499 323
500 323
500 341
501 341
501 370
502 370
502 372
503 372
503 373
504 373
504 374
505 374
505 375
507 375
507 376
510 376
510 377
513 377
513 378
514 378
514 379
515 379
515 380
516 380
516 381
520 381
520 382
526 382
526 383
527 383
527 384
529 384
529 385
532 385
532 386
537 386
537 387
541 387
541 388
543 388
543 389
547 389
547 390
560 390
560 389
569 389
569 390
576 390
576 391
578 391
578 392
580 392
580 393
588 393
588 392
598 392
598 391
603 391
603 390
614 390
614 391
618 391
618 392
619 392
619 393
620 393
620 407
621 407
621 418
622 418
622 428
623 428
623 432
624 432
624 433
625 433
625 434
627 434
627 435
631 435
631 436
646 436
646 437
648 437
648 436
655 436
655 435
656 435
656 433
657 433
657 432
659 432
659 431
664 431
664 430
666 430
666 429
667 429
667 426
668 426
668 415
669 415
669 414
670 414
670 413
675 413
675 412
678 412
678 411
679 411
679 409
680 409
680 407
681 407
681 401
680 401
680 399
679 399
679 391
678 391
678 376
682 376
682 377
684 377
684 378
688 378
688 379
690 379
690 380
691 380
691 385
692 385
692 389
693 389
693 390
694 390
694 392
695 392
695 393
697 393
697 394
701 394
701 395
702 395
702 396
703 396
703 397
704 397
704 398
705 398
705 400
706 400
706 401
707 401
707 402
708 402
708 403
712 403
712 404
714 404
714 405
715 405
715 406
716 406
716 407
717 407
717 410
718 410
718 413
719 413
719 415
720 415
720 416
721 416
721 417
723 417
723 418
725 418
725 419
730 419
730 420
733 420
733 421
734 421
734 422
736 422
736 423
739 423
739 424
744 424
744 423
745 423
745 422
749 422
749 421
750 421
750 420
751 420
751 418
752 418
752 415
751 415
751 403
750 403
750 395
751 395
751 394
752 394
752 393
755 393
755 392
759 392
759 391
760 391
760 390
761 390
761 389
762 389
762 388
765 388
765 387
767 387
767 386
771 386
771 385
773 385
773 383
774 383
774 381
775 381
775 380
781 380
781 379
792 379
792 378
795 378
795 377
801 377
801 376
805 376
805 375
806 375
806 374
807 374
807 372
808 372
808 366
809 366
809 363
810 363
810 362
811 362
811 361
818 361
818 360
820 360
820 359
822 359
822 358
829 358
829 359
832 359
832 360
833 360
833 361
834 361
834 371
835 371
835 385
836 385
836 391
837 391
837 396
838 396
838 398
839 398
839 399
840 399
840 400
841 400
841 401
845 401
845 402
847 402
847 403
848 403
848 409
849 409
849 422
850 422
850 433
851 433
851 442
852 442
852 444
853 444
853 445
854 445
854 446
855 446
855 447
857 447
857 448
859 448
859 449
861 449
861 450
862 450
862 452
863 452
863 459
864 459
864 464
863 464
863 465
864 465
864 479
865 479
865 486
866 486
866 499
867 499
867 510
868 510
868 521
869 521
869 525
870 525
870 527
871 527
871 528
872 528
872 530
873 530
873 531
874 531
874 532
875 532
875 534
876 534
876 535
877 535
877 537
878 537
878 539
879 539
879 551
880 551
880 575
881 575
881 585
882 585
882 590
883 590
883 593
884 593
884 594
885 594
885 595
887 595
887 596
888 596
888 597
889 597
889 598
891 598
891 599
892 599
892 600
894 600
894 601
898 601
898 602
900 602
900 603
901 603
901 604
902 604
902 605
904 605
904 606
905 606
905 611
906 611
906 615
907 615
907 616
908 616
908 617
909 617
909 618
911 618
911 619
914 619
914 620
918 620
918 621
919 621
919 622
920 622
920 623
921 623
921 626
922 626
922 628
923 628
923 629
924 629
924 630
926 630
926 631
928 631
928 632
931 632
931 633
932 633
932 642
933 642
933 645
934 645
934 647
935 647
935 649
936 649
936 651
937 651
937 652
938 652
938 653
947 653
947 654
950 654
950 655
952 655
952 656
963 656
963 655
967 655
967 654
975 654
975 653
978 653
978 652
981 652
981 653
983 653
983 654
984 654
984 655
985 655
985 656
986 656
986 657
989 657
989 658
990 658
990 657
992 657
992 658
995 658
995 659
996 659
996 660
997 660
997 661
998 661
998 662
999 662
999 663
1002 663
1002 664
1010 664
1010 665
1012 665
1012 666
1015 666
1015 667
1017 667
1017 668
1019 668
1019 669
1020 669
1020 670
1021 670
1021 671
1022 671
1022 672
1024 672
1024 673
1026 673
1026 674
1028 674
1028 675
1032 675
1032 676
1033 676
1033 677
1034 677
1034 678
1035 678
1035 679
1036 679
1036 680
1045 680
1045 681
1046 681
1046 682
1047 682
1047 683
1049 683
1049 684
1062 684
1062 685
1064 685
1064 686
1066 686
1066 685
1078 685
1078 686
1079 686
1079 687
1080 687
1080 688
1081 688
1081 689
1082 689
1082 690
1083 690
1083 692
1084 692
1084 693
1085 693
1085 694
1086 694
1086 695
1093 695
1093 696
1096 696
1096 697
1097 697
1097 698
1098 698
1098 699
1099 699
1099 701
1100 701
1100 702
1101 702
1101 704
1102 704
1102 705
1103 705
1103 706
1109 706
1109 707
1126 707
1126 708
1128 708
1128 709
1130 709
1130 710
1131 710
1131 711
1132 711
1132 713
1133 713
1133 715
1134 715
1134 716
1135 716
1135 718
1136 718
1136 719
1138 719
1138 720
1146 720
1146 719
1148 719
1148 718
1156 718
1156 717
1159 717
1159 716
1162 716
1162 715
1165 715
1165 714
1166 714
1166 713
1167 713
1167 712
1169 712
1169 711
1171 711
1171 710
1173 710
1173 709
1175 709
1175 708
1177 708
1177 707
1178 707
1178 706
1179 706
1179 705
1181 705
1181 704
1182 704
1182 703
1184 703
1184 702
1186 702
1186 700
1187 700
1187 699
1188 699
1188 695
1189 695
1189 691
1190 691
1190 687
1191 687
1191 685
1192 685
1192 683
1193 683
1193 681
1194 681
1194 680
1195 680
1195 679
1196 679
1196 678
1197 678
1197 677
1198 677
1198 675
1199 675
1199 673
1200 673
1200 642
1199 642
1199 638
1200 638
1200 634
1199 634
1199 618
1198 618
1198 602
1199 602
1199 601
1201 601
1201 600
1206 600
1206 599
1209 599
1209 598
1210 598
1210 597
1212 597
1212 596
1216 596
1216 595
1223 595
1223 596
1224 596
1224 598
1225 598
1225 599
1226 599
1226 600
1227 600
1227 601
1228 601
1228 604
1234 604
1234 605
1236 605
1236 606
1237 606
1237 607
1239 607
1239 608
1240 608
1240 609
1241 609
1241 613
1242 613
1242 629
1243 629
1243 636
1244 636
1244 651
1245 651
1245 662
1246 662
1246 663
1247 663
1247 664
1248 664
1248 665
1249 665
1249 666
1250 666
1250 668
1251 668
1251 669
1253 669
1253 670
1254 670
1254 671
1255 671
1255 672
1256 672
1256 674
1257 674
1257 676
1258 676
1258 680
1259 680
1259 689
1260 689
1260 695
1261 695
1261 698
1262 698
1262 700
1263 700
1263 701
1264 701
1264 702
1265 702
1265 704
1266 704
1266 705
1267 705
1267 710
1268 710
1268 721
1269 721
1269 722
1270 722
1270 723
1271 723
1271 724
1272 724
1272 725
1273 725
1273 726
1275 726
1275 727
1277 727
1277 728
1279 728
1279 729
1280 729
1280 730
1282 730
1282 731
1283 731
1283 732
1284 732
1284 733
1286 733
1286 734
1287 734
1287 735
1292 735
1292 736
1294 736
1294 737
1305 737
1305 738
1308 738
1308 739
1311 739
1311 740
1315 740
1315 741
1318 741
1318 740
1320 740
1320 739
1322 739
1322 738
1324 738
1324 737
1327 737
1327 736
1334 736
1334 735
1335 735
1335 732
1336 732
1336 725
1337 725
1337 724
1338 724
1338 723
1345 723
1345 722
1355 722
1355 721
1361 721
1361 722
1362 722
1362 724
1363 724
1363 725
1364 725
1364 730
1365 730
1365 740
1366 740
1366 742
1367 742
1367 743
1368 743
1368 744
1369 744
1369 745
1370 745
1370 746
1374 746
1374 747
1392 747
1392 746
1394 746
1394 745
1398 745
1398 744
1402 744
1402 745
1406 745
1406 744
1413 744
1413 745
1415 745
1415 746
1416 746
1416 748
1417 748
1417 749
1419 749
1419 750
1422 750
1422 749
1427 749
1427 748
1430 748
1430 747
1431 747
1431 746
1448 746
1448 747
1450 747
1450 748
1459 748
1459 749
1462 749
1462 750
1463 750
1463 751
1464 751
1464 752
1465 752
1465 753
1466 753
1466 754
1469 754
1469 755
1470 755
1470 756
1471 756
1471 757
1479 757
1479 758
1480 758
1480 759
1481 759
1481 760
1482 760
1482 761
1483 761
1483 762
1485 762
1485 763
1487 763
1487 764
1490 764
1490 765
1493 765
1493 766
1496 766
1496 767
1497 767
1497 768
1502 768
1502 769
1504 769
1504 770
1508 770
1508 771
1510 771
1510 772
1515 772
1515 773
1518 773
1518 774
1523 774
1523 775
1526 775
1526 776
1534 776
1534 775
1537 775
1537 774
1538 774
1538 773
1540 773
1540 772
1541 772
1541 771
1542 771
1542 770
1543 770
1543 769
1544 769
1544 768
1546 768
1546 767
1547 767
1547 765
1548 765
1548 764
1550 764
1550 763
1552 763
1552 762
1553 762
1553 761
1555 761
1555 760
1557 760
1557 759
1558 759
1558 758
1559 758
1559 736
1560 736
1560 734
1561 734
1561 733
1562 733
1562 732
1563 732
1563 731
1565 731
1565 730
1566 730
1566 728
1567 728
1567 727
1568 727
1568 719
1569 719
1569 706
1570 706
1570 704
1571 704
1571 703
1572 703
1572 702
1575 702
1575 701
1576 701
1576 700
1577 700
1577 699
1578 699
1578 697
1579 697
1579 695
1580 695
1580 694
1581 694
1581 693
1582 693
1582 692
1584 692
1584 691
1586 691
1586 690
1588 690
1588 689
1590 689
1590 687
1591 687
1591 683
1592 683
1592 681
1593 681
1593 680
1594 680
1594 679
1595 679
1595 678
1596 678
1596 677
1597 677
1597 676
1599 676
1599 675
1600 675
1600 674
1601 674
1601 672
1602 672
1602 669
1603 669
1603 665
1602 665
1602 664
1603 664
1603 660
1604 660
1604 659
1605 659
1605 658
1606 658
1606 657
1610 657
1610 656
1612 656
1612 655
1613 655
1613 653
1614 653
1614 645
1615 645
1615 631
1614 631
1614 612
1613 612
1613 604
1614 604
1614 603
1615 603
1615 602
1617 602
1617 603
1618 603
1618 604
1619 604
1619 605
1620 605
1620 606
1621 606
1621 608
1623 608
1623 609
1624 609
1624 610
1627 610
1627 611
1632 611
1632 612
1638 612
1638 613
1640 613
1640 614
1642 614
1642 615
1643 615
1643 616
1644 616
1644 617
1645 617
1645 618
1646 618
1646 619
1648 619
1648 620
1651 620
1651 621
1653 621
1653 622
1654 622
1654 623
1655 623
1655 625
1656 625
1656 637
1657 637
1657 657
1658 657
1658 680
1659 680
1659 684
1660 684
1660 695
1661 695
1661 706
1662 706
1662 714
1663 714
1663 717
1664 717
1664 719
1666 719
1666 720
1667 720
1667 721
1670 721
1670 722
1673 722
1673 723
1674 723
1674 724
1675 724
1675 725
1676 725
1676 731
1677 731
1677 740
1678 740
1678 752
1679 752
1679 756
1680 756
1680 759
1681 759
1681 761
1683 761
1683 762
1684 762
1684 763
1685 763
1685 764
1687 764
1687 765
1688 765
1688 766
1689 766
1689 767
1690 767
1690 768
1691 768
1691 770
1692 770
1692 773
1693 773
1693 778
1694 778
1694 782
1695 782
1695 791
1696 791
1696 794
1697 794
1697 797
1698 797
1698 798
1699 798
1699 799
1700 799
1700 800
1701 800
1701 801
1703 801
1703 802
1704 802
1704 803
1706 803
1706 804
1707 804
1707 805
1708 805
1708 806
1709 806
1709 807
1710 807
1710 809
1711 809
1711 810
1712 810
1712 812
1713 812
1713 815
1714 815
1714 819
1715 819
1715 825
1716 825
1716 835
1717 835
1717 838
1718 838
1718 839
1719 839
1719 840
1722 840
1722 841
1725 841
1725 842
1728 842
1728 843
1729 843
1729 844
1730 844
1730 845
1731 845
1731 847
1732 847
1732 853
1733 853
1733 858
1734 858
1734 860
1735 860
1735 862
1736 862
1736 864
1737 864
1737 866
1738 866
1738 867
1740 867
1740 868
1744 868
1744 869
1745 869
1745 870
1746 870
1746 871
1747 871
1747 872
1748 872
1748 874
1749 874
1749 875
1750 875
1750 876
1752 876
1752 877
1754 877
1754 878
1756 878
1756 879
1758 879
1758 878
1763 878
1763 879
1766 879
1766 880
1780 880
1780 881
1792 881
1792 882
1796 882
1796 883
1799 883
1799 884
1800 884
1800 885
1808 885
1808 886
1811 886
1811 887
1814 887
1814 888
1817 888
1817 889
1830 889
1830 890
1833 890
1833 891
1838 891
1838 890
1840 890
1840 889
1843 889
1843 888
1848 888
1848 887
1856 887
1856 886
1865 886
1865 887
1877 887
1877 886
1880 886
1880 885
1882 885
1882 884
1883 884
1883 883
1884 883
1884 880
1885 880
1885 879
1886 879
1886 877
1887 877
1887 873
1888 873
1888 869
1889 869
1889 867
1890 867
1890 863
1891 863
1891 855
1892 855
1892 853
1893 853
1893 852
1894 852
1894 851
1895 851
1895 849
1896 849
1896 848
1897 848
1897 847
1898 847
1898 845
1899 845
1899 842
1900 842
1900 840
1901 840
1901 835
1902 835
1902 831
1903 831
1903 830
1904 830
1904 829
1905 829
1905 828
1906 828
1906 827
1907 827
1907 825
1908 825
1908 823
1909 823
1909 822
1910 822
1910 820
1911 820
1911 817
1912 817
1912 814
1913 814
1913 812
1914 812
1914 810
1915 810
1915 809
1916 809
1916 807
1917 807
1917 806
1918 806
1918 804
1919 804
1919 803
1920 803
1920 802
1921 802
1921 801
1922 801
1922 800
1923 800
1923 796
1924 796
1924 790
1925 790
1925 786
1926 786
1926 781
1927 781
1927 777
1928 777
1928 774
1929 774
1929 773
1930 773
1930 771
1931 771
1931 768
1932 768
1932 764
1933 764
1933 763
1934 763
1934 761
1935 761
1935 760
1936 760
1936 757
1937 757
1937 755
1938 755
1938 754
1940 754
1940 751
1941 751
1941 750
1942 750
1942 749
1943 749
1943 748
1944 748
1944 747
1945 747
1945 746
1946 746
1946 744
1947 744
1947 742
1948 742
1948 723
1949 723
1949 719
1948 719
1948 714
1949 714
1949 693
1950 693
1950 690
1951 690
1951 689
1952 689
1952 688
1953 688
1953 687
1954 687
1954 686
1955 686
1955 685
1956 685
1956 684
1957 684
1957 683
1958 683
1958 682
1959 682
1959 679
1960 679
1960 666
1961 666
1961 663
1962 663
1962 662
1963 662
1963 661
1965 661
1965 660
1966 660
1966 659
1967 659
1967 658
1968 658
1968 657
1970 657
1970 656
1971 656
1971 654
1972 654
1972 651
1973 651
1973 648
1974 648
1974 643
1975 643
1975 640
1976 640
1976 638
1977 638
1977 636
1978 636
1978 634
1979 634
1979 633
1984 633
1984 634
1985 634
1985 638
1986 638
1986 643
1987 643
1987 662
1988 662
1988 683
1989 683
1989 696
1990 696
1990 744
1991 744
1991 745
1992 745
1992 751
1993 751
1993 752
1994 752
1994 753
1995 753
1995 754
1996 754
1996 755
1997 755
1997 756
1998 756
1998 757
2000 757
2000 758
2002 758
2002 759
2003 759
2003 761
2004 761
2004 762
2005 762
2005 776
2006 776
2006 788
2007 788
2007 790
2008 790
2008 792
2009 792
2009 794
2011 794
2011 795
2013 795
2013 796
2014 796
2014 797
2015 797
2015 798
2016 798
2016 799
2017 799
2017 800
2018 800
2018 804
2019 804
2019 819
2018 819
2018 821
2019 821
2019 841
2020 841
2020 852
2021 852
2021 857
2022 857
2022 862
2023 862
2023 877
2024 877
2024 895
2025 895
2025 905
2026 905
2026 908
2027 908
2027 916
2028 916
2028 929
2029 929
2029 933
2030 933
2030 935
2031 935
2031 936
2032 936
2032 937
2033 937
2033 938
2034 938
2034 939
2035 939
2035 940
2036 940
2036 941
2037 941
2037 942
2038 942
2038 947
2039 947
2039 948
2040 948
2040 949
2041 949
2041 950
2042 950
2042 951
2045 951
2045 952
2047 952
2047 953
2049 953
2049 954
2051 954
2051 955
2052 955
2052 956
2056 956
2056 957
2087 957
2087 958
2089 958
2089 957
2090 957
2090 956
2096 956
2096 955
2101 955
2101 954
2106 954
2106 953
2112 953
2112 952
2119 952
2119 951
2123 951
2123 950
2125 950
2125 949
2130 949
2130 948
2133 948
2133 947
2135 947
2135 946
2136 946
2136 945
2138 945
2138 944
2140 944
2140 943
2141 943
2141 942
2143 942
2143 941
2156 941
2156 940
2158 940
2158 939
2159 939
2159 938
2161 938
2161 937
2162 937
2162 936
2166 936
2166 935
2169 935
2169 934
2175 934
2175 935
2177 935
2177 934
2181 934
2181 935
2191 935
2191 934
2192 934
2192 933
2194 933
2194 932
2195 932
2195 931
2197 931
2197 930
2199 930
2199 929
2200 929
2200 923
2201 923
2201 922
2202 922
2202 919
2203 919
2203 892
2204 892
2204 890
2205 890
2205 889
2206 889
2206 887
2207 887
2207 886
2208 886
2208 883
2209 883
2209 881
2210 881
2210 870
2211 870
2211 864
2212 864
2212 859
2213 859
2213 854
2214 854
2214 851
2215 851
2215 850
2216 850
2216 849
2217 849
2217 848
2218 848
2218 847
2219 847
2219 846
2220 846
2220 845
2221 845
2221 844
2222 844
2222 843
2223 843
2223 842
2224 842
2224 841
2225 841
2225 839
2226 839
2226 837
2227 837
2227 835
2228 835
2228 833
2229 833
2229 831
2230 831
2230 830
2231 830
2231 829
2232 829
2232 828
2233 828
2233 825
2234 825
2234 823
2235 823
2235 822
2236 822
2236 821
2238 821
2238 820
2239 820
2239 819
2242 819
2242 818
2243 818
2243 817
2245 817
2245 816
2247 816
2247 815
2249 815
2249 814
2251 814
2251 813
2252 813
2252 812
2257 812
2257 811
2265 811
2265 810
2270 810
2270 809
2271 809
2271 808
2272 808
2272 805
2273 805
2273 800
2274 800
2274 797
2275 797
2275 796
2276 796
2276 795
2277 795
2277 793
2278 793
2278 791
2279 791
2279 788
2280 788
2280 786
2281 786
2281 785
2282 785
2282 784
2283 784
2283 782
2284 782
2284 779
2285 779
2285 772
2286 772
2286 759
2285 759
2285 755
2286 755
2286 729
2287 729
2287 714
2286 714
2286 711
2287 711
2287 706
2288 706
2288 705
2289 705
2289 704
2290 704
2290 703
2292 703
2292 702
2295 702
2295 701
2296 701
2296 700
2297 700
2297 699
2299 699
2299 698
2300 698
2300 680
2299 680
2299 675
2300 675
2300 674
2299 674
2299 632
2300 632
2300 626
2301 626
2301 625
2302 625
2302 624
2303 624
2303 623
2304 623
2304 622
2305 622
2305 621
2309 621
2309 620
2315 620
2315 621
2316 621
2316 622
2317 622
2317 626
2318 626
2318 632
2319 632
2319 647
2320 647
2320 659
2321 659
2321 661
2322 661
2322 662
2323 662
2323 664
2324 664
2324 665
2326 665
2326 666
2327 666
2327 667
2329 667
2329 668
2331 668
2331 669
2332 669
2332 671
2333 671
2333 673
2334 673
2334 678
2335 678
2335 681
2336 681
2336 693
2337 693
2337 702
2338 702
2338 705
2339 705
2339 709
2340 709
2340 710
2341 710
2341 711
2342 711
2342 712
2344 712
2344 713
2347 713
2347 714
2349 714
2349 715
2350 715
2350 716
2352 716
2352 717
2353 717
2353 718
2354 718
2354 719
2355 719
2355 720
2358 720
2358 721
2361 721
2361 722
2362 722
2362 723
2363 723
2363 730
2364 730
2364 749
2365 749
2365 755
2366 755
2366 758
2367 758
2367 762
2368 762
2368 764
2369 764
2369 765
2370 765
2370 766
2373 766
2373 767
2376 767
2376 768
2383 768
2383 767
2387 767
2387 766
2390 766
2390 765
2393 765
2393 764
2396 764
2396 763
2397 763
2397 762
2399 762
2399 761
2400 761
2400 760
2402 760
2402 759
2404 759
2404 758
2408 758
2408 759
2411 759
2411 760
2413 760
2413 761
2414 761
2414 762
2415 762
2415 765
2416 765
2416 769
2417 769
2417 771
2418 771
2418 778
2419 778
2419 781
2420 781
2420 784
2421 784
2421 785
2422 785
2422 787
2424 787
2424 792
2425 792
2425 793
2426 793
2426 794
2428 794
2428 795
2429 795
2429 796
2431 796
2431 797
2432 797
2432 798
2435 798
2435 799
2436 799
2436 800
2438 800
2438 801
2439 801
2439 802
2440 802
2440 803
2441 803
2441 804
2442 804
2442 807
2443 807
2443 809
2444 809
2444 812
2445 812
2445 813
2446 813
2446 814
2447 814
2447 815
2449 815
2449 816
2450 816
2450 817
2451 817
2451 818
2452 818
2452 819
2453 819
2453 820
2454 820
2454 821
2455 821
2455 822
2456 822
2456 824
2457 824
2457 825
2458 825
2458 831
2459 831
2459 838
2460 838
2460 841
2461 841
2461 842
2462 842
2462 843
2464 843
2464 844
2465 844
2465 845
2467 845
2467 846
2471 846
2471 847
2472 847
2472 848
2474 848
2474 849
2479 849
2479 848
2483 848
2483 847
2486 847
2486 846
2489 846
2489 845
2492 845
2492 844
2498 844
2498 843
2500 843
2500 842
2501 842
2501 841
2503 841
2503 840
2505 840
2505 839
2507 839
2507 838
2510 838
2510 837
2513 837
2513 836
2516 836
2516 835
2523 835
2523 836
2527 836
2527 837
2534 837
2534 836
2541 836
2541 835
2545 835
2545 836
2546 836
2546 837
2547 837
2547 838
2548 838
2548 839
2549 839
2549 842
2550 842
2550 855
2551 855
2551 857
2552 857
2552 859
2553 859
2553 861
2554 861
2554 862
2555 862
2555 863
2558 863
2558 864
2563 864
2563 865
2564 865
2564 866
2565 866
2565 867
2566 867
2566 868
2567 868
2567 869
2568 869
2568 870
2569 870
2569 872
2570 872
2570 873
2571 873
2571 875
2572 875
2572 876
2573 876
2573 877
2574 877
2574 878
2575 878
2575 880
2576 880
2576 891
2577 891
2577 899
2578 899
2578 906
2579 906
2579 910
2580 910
2580 911
2581 911
2581 912
2582 912
2582 913
2583 913
2583 914
2585 914
2585 915
2586 915
2586 916
2588 916
2588 917
2589 917
2589 918
2591 918
2591 919
2593 919
2593 920
2595 920
2595 921
2597 921
2597 922
2599 922
2599 923
2601 923
2601 924
2603 924
2603 925
2604 925
2604 926
2605 926
2605 927
2606 927
2606 928
2607 928
2607 929
2608 929
2608 931
2609 931
2609 932
2610 932
2610 933
2611 933
2611 934
2613 934
2613 935
2620 935
2620 934
2624 934
2624 933
2627 933
2627 932
2630 932
2630 931
2632 931
2632 930
2634 930
2634 929
2636 929
2636 928
2640 928
2640 927
2642 927
2642 926
2645 926
2645 925
2649 925
2649 924
2658 924
2658 923
2660 923
2660 922
2666 922
2666 921
2668 921
2668 920
2670 920
2670 919
2673 919
2673 918
2674 918
2674 917
2676 917
2676 916
2677 916
2677 915
2676 915
2676 911
2677 911
2677 909
2678 909
2678 908
2679 908
2679 907
2681 907
2681 906
2682 906
2682 905
2683 905
2683 904
2684 904
2684 903
2685 903
2685 902
2687 902
2687 901
2688 901
2688 899
2689 899
2689 897
2690 897
2690 894
2691 894
2691 892
2692 892
2692 886
2693 886
2693 882
2694 882
2694 878
2695 878
2695 875
2696 875
2696 874
2697 874
2697 872
2698 872
2698 870
2699 870
2699 864
2700 864
2700 844
2701 844
2701 834
2702 834
2702 828
2703 828
2703 819
2704 819
2704 815
2705 815
2705 801
2706 801
2706 796
2705 796
2705 795
2706 795
2706 783
2707 783
2707 749
2708 749
2708 731
2707 731
2707 726
2708 726
2708 719
2709 719
2709 718
2710 718
2710 717
2729 717
2729 716
2730 716
2730 715
2735 715
2735 714
2737 714
2737 713
2739 713
2739 712
2740 712
2740 711
2741 711
2741 710
2742 710
2742 709
2743 709
2743 708
2744 708
2744 706
2745 706
2745 698
2751 698
2751 697
2754 697
2754 696
2755 696
2755 695
2756 695
2756 693
2757 693
2757 692
2758 692
2758 691
2761 691
2761 690
2764 690
2764 689
2765 689
2765 687
2766 687
2766 662
2765 662
2765 661
2764 661
2764 655
2763 655
2763 651
2764 651
2764 649
2765 649
2765 648
2773 648
2773 647
2778 647
2778 648
2779 648
2779 649
2780 649
2780 653
2781 653
2781 655
2782 655
2782 657
2783 657
2783 659
2784 659
2784 660
2785 660
2785 664
2786 664
2786 667
2787 667
2787 669
2788 669
2788 670
2791 670
2791 673
2792 673
2792 677
2793 677
2793 678
2798 678
2798 679
2801 679
2801 680
2805 680
2805 681
2809 681
2809 682
2811 682
2811 683
2814 683
2814 684
2815 684
2815 685
2816 685
2816 686
2817 686
2817 690
2818 690
2818 695
2819 695
2819 697
2820 697
2820 698
2821 698
2821 699
2823 699
2823 700
2830 700
2830 701
2837 701
2837 702
2842 702
2842 703
2846 703
2846 704
2849 704
2849 705
2852 705
2852 706
2856 706
2856 707
2857 707
2857 708
2858 708
2858 717
2859 717
2859 719
2860 719
2860 721
2862 721
2862 722
2863 722
2863 723
2865 723
2865 724
2866 724
2866 723
2872 723
2872 721
2873 721
2873 716
2874 716
2874 711
2875 711
2875 710
2876 710
2876 709
2879 709
2879 710
2880 710
2880 712
2881 712
2881 714
2882 714
2882 715
2883 715
2883 716
2884 716
2884 717
2885 717
2885 718
2886 718
2886 720
2887 720
2887 726
2888 726
2888 729
2889 729
2889 731
2890 731
2890 732
2891 732
2891 733
2892 733
2892 734
2893 734
2893 735
2896 735
2896 736
2898 736
2898 737
2899 737
2899 738
2900 738
2900 739
2901 739
2901 741
2902 741
2902 746
2903 746
2903 748
2904 748
2904 749
2905 749
2905 750
2906 750
2906 751
2907 751
2907 752
2909 752
2909 753
2911 753
2911 754
2912 754
2912 755
2913 755
2913 756
2914 756
2914 757
2915 757
2915 758
2916 758
2916 759
2917 759
2917 760
2918 760
2918 761
2919 761
2919 763
2920 763
2920 765
2921 765
2921 772
2922 772
2922 791
2923 791
2923 801
2922 801
2922 804
2921 804
2921 808
2922 808
2922 811
2923 811
2923 813
2924 813
2924 814
2925 814
2925 815
2926 815
2926 816
2927 816
2927 818
2928 818
2928 819
2929 819
2929 821
2930 821
2930 822
2931 822
2931 823
2932 823
2932 824
2934 824
2934 825
2941 825
2941 824
2949 824
2949 825
2955 825
2955 826
2959 826
2959 827
2964 827
2964 826
2966 826
2966 825
2967 825
2967 821
2968 821
2968 817
2967 817
2967 807
2968 807
2968 806
2974 806
2974 805
2980 805
2980 804
2983 804
2983 803
2987 803
2987 802
2989 802
2989 801
2991 801
2991 800
2993 800
2993 799
2994 799
2994 798
2996 798
2996 797
2997 797
2997 796
2998 796
2998 795
2999 795
2999 794
3000 794
3000 792
3001 792
3001 791
3002 791
3002 790
3003 790
3003 789
3004 789
3004 787
3005 787
3005 786
3006 786
3006 785
3008 785
3008 783
3009 783
3009 782
3010 782
3010 780
3011 780
3011 779
3012 779
3012 776
3013 776
3013 775
3014 775
3014 773
3015 773
3015 772
3016 772
3016 771
3017 771
3017 770
3018 770
3018 768
3019 768
3019 767
3020 767
3020 765
3021 765
3021 764
3022 764
3022 762
3023 762
3023 759
3024 759
3024 755
3025 755
3025 746
3026 746
3026 740
3027 740
3027 738
3028 738
3028 737
3029 737
3029 736
3030 736
3030 735
3031 735
3031 734
3032 734
3032 733
3033 733
3033 731
3034 731
3034 730
3035 730
3035 727
3036 727
3036 724
3037 724
3037 721
3038 721
3038 720
3040 720
3040 719
3043 719
3043 718
3044 718
3044 717
3047 717
3047 714
3048 714
3048 713
3049 713
3049 712
3051 712
3051 711
3052 711
3052 710
3055 710
3055 709
3060 709
3060 708
3061 708
3061 707
3062 707
3062 706
3064 706
3064 705
3067 705
3067 704
3070 704
3070 703
3071 703
3071 702
3075 702
3075 701
3079 701
3079 700
3081 700
3081 699
3083 699
3083 698
3084 698
3084 697
3086 697
3086 696
3088 696
3088 695
3092 695
3092 694
3093 694
3093 693
3094 693
3094 692
3096 692
3096 691
3098 691
3098 690
3104 690
3104 689
3105 689
3105 688
3107 688
3107 687
3109 687
3109 686
3114 686
3114 685
3122 685
3122 684
3127 684
3127 683
3129 683
3129 682
3130 682
3130 681
3131 681
3131 680
3132 680
3132 679
3133 679
3133 678
3135 678
3135 676
3136 676
3136 673
3137 673
3137 672
3138 672
3138 671
3139 671
3139 670
3141 670
3141 669
3142 669
3142 667
3143 667
3143 666
3144 666
3144 665
3145 665
3145 664
3149 664
3149 663
3151 663
3151 662
3152 662
3152 661
3154 661
3154 660
3160 660
3160 659
3161 659
3161 660
3164 660
3164 661
3168 661
3168 662
3170 662
3170 663
3173 663
3173 664
3174 664
3174 665
3175 665
3175 666
3176 666
3176 669
3177 669
3177 673
3178 673
3178 684
3179 684
3179 686
3180 686
3180 688
3181 688
3181 689
3182 689
3182 690
3183 690
3183 692
3184 692
3184 694
3185 694
3185 695
3186 695
3186 696
3187 696
3187 697
3188 697
3188 699
3189 699
3189 702
3190 702
3190 705
3191 705
3191 714
3192 714
3192 724
3193 724
3193 732
3194 732
3194 736
3195 736
3195 738
3196 738
3196 739
3197 739
3197 740
3201 740
3201 741
3212 741
3212 740
3215 740
3215 739
3218 739
3218 738
3220 738
3220 737
3222 737
3222 736
3224 736
3224 735
3229 735
3229 736
3231 736
3231 735
3233 735
3233 734
3235 734
3235 733
3240 733
3240 732
3245 732
3245 731
3248 731
3248 730
3250 730
3250 729
3252 729
3252 728
3255 728
3255 727
3259 727
3259 726
3266 726
3266 727
3268 727
3268 728
3269 728
3269 729
3270 729
3270 732
3271 732
3271 734
3272 734
3272 735
3273 735
3273 736
3274 736
3274 737
3277 737
3277 736
3279 736
3279 735
3281 735
3281 734
3283 734
3283 733
3285 733
3285 732
3286 732
3286 731
3288 731
3288 730
3291 730
3291 729
3294 729
3294 728
3296 728
3296 727
3298 727
3298 726
3303 726
3303 725
3306 725
3306 724
3307 724
3307 722
3308 722
3308 721
3310 721
3310 720
3313 720
3313 719
3315 719
3315 718
3317 718
3317 717
3319 717
3319 716
3320 716
3320 715
3321 715
3321 714
3322 714
3322 713
3323 713
3323 712
3324 712
3324 711
3335 711
3335 712
3339 712
3339 713
3342 713
3342 714
3344 714
3344 715
3346 715
3346 716
3347 716
3347 717
3348 717
3348 718
3350 718
3350 719
3360 719
3360 718
3370 718
3370 717
3372 717
3372 715
3373 715
3373 714
3374 714
3374 707
3373 707
3373 698
3374 698
3374 695
3375 695
3375 694
3376 694
3376 693
3377 693
3377 692
3379 692
3379 691
3380 691
3380 690
3382 690
3382 689
3383 689
3383 687
3384 687
3384 661
3385 661
3385 636
3384 636
3384 634
3385 634
3385 623
3384 623
3384 616
3385 616
3385 610
3386 610
3386 609
3391 609
3391 608
3396 608
3396 607
3398 607
3398 606
3400 606
3400 607
3404 607
3404 608
3405 608
3405 609
3406 609
3406 611
3407 611
3407 616
3408 616
3408 627
3409 627
3409 628
3411 628
3411 629
3417 629
3417 630
3419 630
3419 631
3420 631
3420 632
3421 632
3421 633
3422 633
3422 634
3423 634
3423 635
3424 635
3424 637
3425 637
3425 638
3426 638
3426 639
3427 639
3427 640
3428 640
3428 641
3429 641
3429 642
3441 642
3441 643
3447 643
3447 644
3473 644
3473 643
3477 643
3477 642
3480 642
3480 641
3483 641
3483 640
3501 640
