2964 521
2963 521
2963 524
2962 524
2962 526
2961 526
2961 527
2958 527
2958 528
2948 528
2948 527
2945 527
2945 526
2944 526
2944 525
2943 525
2943 524
2940 524
2940 523
2937 523
2937 522
2933 522
2933 521
2932 521
2932 520
2931 520
2931 519
2930 519
2930 518
2924 518
2924 517
2921 517
2921 516
2916 516
2916 515
2911 515
2911 514
2910 514
2910 513
2907 513
2907 511
2906 511
2906 509
2905 509
2905 507
2904 507
2904 506
2903 506
2903 505
2902 505
2902 504
2897 504
2897 503
2895 503
2895 502
2894 502
2894 501
2892 501
2892 500
2889 500
2889 499
2886 499
2886 498
2884 498
2884 497
2883 497
2883 496
2882 496
2882 494
2881 494
2881 492
2880 492
2880 491
2879 491
2879 490
2878 490
2878 489
2867 489
2867 488
2863 488
2863 487
2862 487
2862 486
2861 486
2861 485
2860 485
2860 484
2859 484
2859 483
2858 483
2858 482
2857 482
2857 481
2856 481
2856 480
2855 480
2855 478
2854 478
2854 477
2852 477
2852 476
2846 476
2846 475
2843 475
2843 474
2842 474
2842 472
2841 472
2841 469
2840 469
2840 468
2836 468
2836 469
2834 469
2834 470
2832 470
2832 471
2829 471
2829 472
2828 472
2828 477
2829 477
2829 482
2828 482
2828 483
2829 483
2829 494
2830 494
2830 508
2831 508
2831 520
2832 520
2832 528
2833 528
2833 538
2834 538
2834 550
2835 550
2835 560
2836 560
2836 574
2837 574
2837 580
2838 580
2838 599
2839 599
2839 614
2840 614
2840 631
2841 631
2841 639
2842 639
2842 658
2843 658
2843 669
2844 669
2844 673
2843 673
2843 677
2842 677
2842 679
2841 679
2841 680
2840 680
2840 681
2839 681
2839 683
2837 683
2837 684
2836 684
2836 685
2835 685
2835 689
2834 689
2834 692
2833 692
2833 705
2832 705
2832 706
2831 706
2831 707
2824 707
2824 706
2822 706
2822 705
2820 705
2820 704
2819 704
2819 703
2817 703
2817 702
2816 702
2816 701
2813 701
2813 700
2809 700
2809 698
2808 698
2808 697
2807 697
2807 696
2806 696
2806 695
2801 695
2801 694
2799 694
2799 693
2797 693
2797 692
2796 692
2796 691
2795 691
2795 690
2792 690
2792 691
2789 691
2789 690
2779 690
2779 692
2774 692
2774 691
2773 691
2773 690
2772 690
2772 689
2770 689
2770 688
2765 688
2765 687
2761 687
2761 686
2757 686
2757 685
2745 685
2745 684
2733 684
2733 683
2725 683
2725 684
2721 684
2721 685
2720 685
2720 686
2713 686
2713 685
2698 685
2698 684
2697 684
2697 683
2696 683
2696 681
2695 681
2695 680
2694 680
2694 679
2693 679
2693 676
2692 676
2692 675
2691 675
2691 672
2690 672
2690 670
2689 670
2689 668
2688 668
2688 666
2687 666
2687 665
2686 665
2686 663
2685 663
2685 662
2684 662
2684 661
2683 661
2683 660
2680 660
2680 659
2677 659
2677 658
2676 658
2676 657
2673 657
2673 656
2671 656
2671 655
2670 655
2670 651
2669 651
2669 650
2668 650
2668 649
2667 649
2667 647
2666 647
2666 645
2665 645
2665 643
2664 643
2664 642
2663 642
2663 641
2662 641
2662 640
2660 640
2660 639
2659 639
2659 638
2656 638
2656 636
2655 636
2655 635
2654 635
2654 634
2653 634
2653 633
2651 633
2651 634
2648 634
2648 633
2647 633
2647 632
2646 632
2646 626
2645 626
2645 624
2644 624
2644 623
2643 623
2643 622
2642 622
2642 621
2640 621
2640 620
2636 620
2636 619
2627 619
2627 618
2626 618
2626 617
2625 617
2625 615
2624 615
2624 613
2623 613
2623 611
2622 611
2622 609
2621 609
2621 607
2620 607
2620 604
2619 604
2619 602
2618 602
2618 599
2617 599
2617 598
2616 598
2616 597
2614 597
2614 596
2613 596
2613 595
2610 595
2610 594
2608 594
2608 593
2605 593
2605 592
2604 592
2604 591
2603 591
2603 590
2602 590
2602 589
2601 589
2601 588
2599 588
2599 587
2595 587
2595 586
2594 586
2594 585
2592 585
2592 584
2590 584
2590 583
2589 583
2589 582
2588 582
2588 581
2587 581
2587 580
2586 580
2586 579
2585 579
2585 578
2584 578
2584 575
2583 575
2583 573
2582 573
2582 572
2581 572
2581 571
2580 571
2580 570
2577 570
2577 569
2574 569
2574 568
2572 568
2572 567
2571 567
2571 566
2570 566
2570 565
2569 565
2569 564
2568 564
2568 562
2567 562
2567 560
2566 560
2566 559
2565 559
2565 557
2564 557
2564 556
2563 556
2563 555
2562 555
2562 554
2561 554
2561 553
2560 553
2560 552
2559 552
2559 551
2553 551
2553 550
2552 550
2552 549
2551 549
2551 548
2550 548
2550 547
2549 547
2549 546
2547 546
2547 545
2546 545
2546 544
2545 544
2545 543
2544 543
2544 542
2540 542
2540 540
2536 540
2536 541
2535 541
2535 542
2515 542
2515 543
2512 543
2512 544
2510 544
2510 545
2509 545
2509 547
2507 547
2507 548
2505 548
2505 549
2504 549
2504 551
2503 551
2503 552
2502 552
2502 555
2501 555
2501 558
2500 558
2500 562
2499 562
2499 564
2498 564
2498 565
2497 565
2497 567
2496 567
2496 568
2495 568
2495 569
2494 569
2494 571
2493 571
2493 572
2492 572
2492 573
2491 573
2491 576
2490 576
2490 582
2489 582
2489 595
2488 595
2488 599
2487 599
2487 600
2486 600
2486 603
2485 603
2485 604
2484 604
2484 606
2483 606
2483 608
2479 608
2479 609
2476 609
2476 610
2472 610
2472 609
2468 609
2468 608
2467 608
2467 607
2466 607
2466 606
2465 606
2465 605
2464 605
2464 604
2463 604
2463 600
2462 600
2462 597
2461 597
2461 596
2460 596
2460 594
2459 594
2459 592
2458 592
2458 590
2457 590
2457 588
2456 588
2456 585
2455 585
2455 584
2454 584
2454 583
2453 583
2453 582
2452 582
2452 581
2450 581
2450 580
2446 580
2446 579
2443 579
2443 578
2439 578
2439 577
2437 577
2437 576
2436 576
2436 575
2435 575
2435 574
2434 574
2434 573
2433 573
2433 572
2432 572
2432 571
2431 571
2431 570
2429 570
2429 569
2427 569
2427 568
2421 568
2421 567
2417 567
2417 566
2415 566
2415 565
2413 565
2413 566
2407 566
2407 568
2406 568
2406 569
2405 569
2405 570
2403 570
2403 571
2397 571
2397 572
2396 572
2396 574
2395 574
2395 575
2394 575
2394 577
2392 577
2392 578
2383 578
2383 579
2380 579
2380 580
2379 580
2379 581
2377 581
2377 582
2367 582
2367 583
2366 583
2366 597
2367 597
2367 604
2366 604
2366 611
2365 611
2365 613
2363 613
2363 614
2362 614
2362 615
2361 615
2361 616
2360 616
2360 617
2359 617
2359 618
2358 618
2358 619
2356 619
2356 620
2355 620
2355 621
2354 621
2354 622
2353 622
2353 623
2340 623
2340 622
2336 622
2336 623
2335 623
2335 624
2334 624
2334 627
2333 627
2333 630
2332 630
2332 631
2331 631
2331 634
2330 634
2330 635
2329 635
2329 636
2328 636
2328 637
2327 637
2327 638
2321 638
2321 639
2320 639
2320 640
2319 640
2319 643
2318 643
2318 653
2317 653
2317 663
2316 663
2316 667
2317 667
2317 668
2316 668
2316 674
2315 674
2315 677
2313 677
2313 678
2312 678
2312 679
2311 679
2311 681
2310 681
2310 682
2309 682
2309 704
2308 704
2308 708
2307 708
2307 709
2306 709
2306 710
2305 710
2305 712
2304 712
2304 749
2303 749
2303 797
2302 797
2302 826
2303 826
2303 827
2302 827
2302 833
2303 833
2303 834
2302 834
2302 841
2303 841
2303 848
2302 848
2302 859
2301 859
2301 861
2300 861
2300 862
2299 862
2299 863
2298 863
2298 864
2297 864
2297 865
2296 865
2296 866
2295 866
2295 867
2294 867
2294 868
2293 868
2293 869
2292 869
2292 870
2291 870
2291 872
2290 872
2290 877
2291 877
2291 882
2290 882
2290 901
2289 901
2289 904
2288 904
2288 907
2287 907
2287 908
2286 908
2286 910
2285 910
2285 911
2284 911
2284 912
2283 912
2283 914
2282 914
2282 915
2281 915
2281 917
2280 917
2280 918
2279 918
2279 919
2278 919
2278 920
2277 920
2277 922
2276 922
2276 923
2274 923
2274 924
2273 924
2273 925
2272 925
2272 926
2271 926
2271 927
2270 927
2270 928
2267 928
2267 929
2266 929
2266 930
2265 930
2265 931
2263 931
2263 932
2262 932
2262 936
2260 936
2260 937
2259 937
2259 938
2257 938
2257 939
2255 939
2255 941
2254 941
2254 942
2251 942
2251 940
2249 940
2249 939
2248 939
2248 938
2239 938
2239 937
2238 937
2238 936
2236 936
2236 935
2235 935
2235 934
2233 934
2233 933
2231 933
2231 932
2229 932
2229 931
2227 931
2227 930
2226 930
2226 929
2225 929
2225 928
2224 928
2224 927
2222 927
2222 926
2221 926
2221 925
2220 925
2220 924
2219 924
2219 923
2218 923
2218 921
2217 921
2217 914
2216 914
2216 904
2215 904
2215 877
2214 877
2214 874
2213 874
2213 852
2212 852
2212 830
2211 830
2211 800
2210 800
2210 790
2209 790
2209 783
2208 783
2208 760
2207 760
2207 748
2206 748
2206 718
2205 718
2205 714
2204 714
2204 713
2203 713
2203 712
2201 712
2201 711
2200 711
2200 710
2199 710
2199 709
2198 709
2198 708
2197 708
2197 707
2196 707
2196 706
2195 706
2195 705
2194 705
2194 704
2193 704
2193 702
2192 702
2192 700
2191 700
2191 697
2190 697
2190 686
2189 686
2189 685
2188 685
2188 681
2187 681
2187 679
2186 679
2186 678
2185 678
2185 677
2184 677
2184 676
2183 676
2183 675
2182 675
2182 674
2178 674
2178 673
2176 673
2176 672
2174 672
2174 671
2173 671
2173 670
2172 670
2172 669
2170 669
2170 668
2169 668
2169 667
2168 667
2168 666
2165 666
2165 665
2164 665
2164 664
2162 664
2162 663
2160 663
2160 662
2159 662
2159 661
2157 661
2157 660
2150 660
2150 659
2148 659
2148 658
2147 658
2147 657
2145 657
2145 656
2142 656
2142 655
2141 655
2141 656
2140 656
2140 657
2139 657
2139 658
2137 658
2137 659
2136 659
2136 660
2135 660
2135 661
2134 661
2134 662
2133 662
2133 663
2132 663
2132 664
2130 664
2130 665
2129 665
2129 666
2128 666
2128 668
2127 668
2127 669
2126 669
2126 671
2125 671
2125 672
2124 672
2124 674
2123 674
2123 676
2122 676
2122 681
2121 681
2121 683
2120 683
2120 685
2119 685
2119 687
2118 687
2118 688
2117 688
2117 689
2116 689
2116 690
2115 690
2115 691
2114 691
2114 694
2113 694
2113 695
2112 695
2112 696
2111 696
2111 697
2110 697
2110 698
2109 698
2109 699
2108 699
2108 700
2107 700
2107 702
2106 702
2106 703
2105 703
2105 709
2104 709
2104 711
2103 711
2103 712
2102 712
2102 714
2101 714
2101 716
2100 716
2100 717
2099 717
2099 718
2098 718
2098 719
2097 719
2097 720
2096 720
2096 723
2095 723
2095 725
2094 725
2094 728
2093 728
2093 730
2092 730
2092 731
2091 731
2091 733
2090 733
2090 735
2089 735
2089 736
2088 736
2088 737
2087 737
2087 740
2086 740
2086 742
2085 742
2085 745
2081 745
2081 746
2080 746
2080 747
2079 747
2079 750
2077 750
2077 751
2076 751
2076 752
2075 752
2075 753
2074 753
2074 755
2073 755
2073 758
2072 758
2072 762
2071 762
2071 763
2070 763
2070 766
2069 766
2069 768
2068 768
2068 771
2067 771
2067 773
2066 773
2066 776
2065 776
2065 778
2064 778
2064 780
2063 780
2063 782
2062 782
2062 784
2061 784
2061 786
2060 786
2060 787
2059 787
2059 790
2058 790
2058 791
2057 791
2057 792
2056 792
2056 793
2055 793
2055 794
2054 794
2054 796
2053 796
2053 797
2052 797
2052 798
2051 798
2051 799
2050 799
2050 801
2048 801
2048 802
2046 802
2046 803
2045 803
2045 804
2044 804
2044 805
2043 805
2043 807
2042 807
2042 808
2040 808
2040 809
2039 809
2039 810
2038 810
2038 811
2037 811
2037 812
2036 812
2036 813
2035 813
2035 814
2034 814
2034 815
2032 815
2032 816
2031 816
2031 818
2028 818
2028 819
2026 819
2026 820
2025 820
2025 821
2024 821
2024 822
2023 822
2023 823
2022 823
2022 824
2020 824
2020 825
2018 825
2018 826
2016 826
2016 827
2013 827
2013 828
2011 828
2011 829
2010 829
2010 831
2008 831
2008 834
2004 834
2004 835
2002 835
2002 836
2001 836
2001 837
2000 837
2000 839
1999 839
1999 841
1996 841
1996 842
1993 842
1993 843
1992 843
1992 846
1988 846
1988 847
1987 847
1987 848
1986 848
1986 849
1985 849
1985 850
1984 850
1984 851
1983 851
1983 852
1982 852
1982 853
1981 853
1981 854
1979 854
1979 855
1977 855
1977 856
1974 856
1974 857
1973 857
1973 858
1972 858
1972 859
1970 859
1970 860
1964 860
1964 861
1960 861
1960 860
1958 860
1958 859
1955 859
1955 858
1954 858
1954 856
1953 856
1953 854
1951 854
1951 853
1950 853
1950 851
1949 851
1949 849
1948 849
1948 846
1947 846
1947 845
1946 845
1946 842
1945 842
1945 838
1944 838
1944 836
1943 836
1943 834
1942 834
1942 832
1941 832
1941 829
1940 829
1940 827
1939 827
1939 826
1938 826
1938 823
1937 823
1937 822
1936 822
1936 819
1935 819
1935 818
1934 818
1934 816
1933 816
1933 814
1932 814
1932 813
1931 813
1931 812
1930 812
1930 811
1929 811
1929 810
1921 810
1921 809
1918 809
1918 808
1916 808
1916 807
1913 807
1913 806
1911 806
1911 805
1909 805
1909 804
1908 804
1908 803
1906 803
1906 802
1904 802
1904 801
1903 801
1903 800
1902 800
1902 798
1901 798
1901 797
1900 797
1900 795
1899 795
1899 794
1898 794
1898 792
1897 792
1897 791
1896 791
1896 790
1895 790
1895 788
1894 788
1894 786
1893 786
1893 784
1892 784
1892 783
1891 783
1891 781
1890 781
1890 780
1888 780
1888 779
1887 779
1887 778
1883 778
1883 776
1882 776
1882 774
1881 774
1881 766
1880 766
1880 763
1879 763
1879 761
1878 761
1878 759
1877 759
1877 758
1876 758
1876 757
1875 757
1875 756
1874 756
1874 755
1873 755
1873 754
1872 754
1872 753
1868 753
1868 752
1866 752
1866 751
1865 751
1865 750
1864 750
1864 749
1863 749
1863 748
1860 748
1860 747
1851 747
1851 746
1848 746
1848 745
1846 745
1846 743
1845 743
1845 742
1844 742
1844 739
1843 739
1843 735
1842 735
1842 728
1841 728
1841 724
1840 724
1840 721
1839 721
1839 720
1838 720
1838 719
1837 719
1837 718
1836 718
1836 716
1835 716
1835 713
1834 713
1834 703
1833 703
1833 700
1832 700
1832 693
1831 693
1831 686
1830 686
1830 681
1829 681
1829 674
1828 674
1828 661
1827 661
1827 659
1826 659
1826 651
1825 651
1825 649
1824 649
1824 642
1823 642
1823 640
1824 640
1824 636
1823 636
1823 635
1822 635
1822 633
1823 633
1823 630
1822 630
1822 627
1821 627
1821 625
1820 625
1820 620
1819 620
1819 614
1818 614
1818 608
1817 608
1817 599
1816 599
1816 596
1815 596
1815 593
1814 593
1814 590
1813 590
1813 585
1812 585
1812 579
1811 579
1811 573
1810 573
1810 566
1809 566
1809 561
1808 561
1808 556
1807 556
1807 544
1806 544
1806 543
1805 543
1805 542
1803 542
1803 541
1795 541
1795 542
1790 542
1790 543
1783 543
1783 544
1782 544
1782 546
1781 546
1781 547
1779 547
1779 548
1778 548
1778 549
1777 549
1777 550
1776 550
1776 552
1775 552
1775 553
1774 553
1774 554
1773 554
1773 555
1772 555
1772 556
1771 556
1771 558
1769 558
1769 559
1768 559
1768 560
1767 560
1767 561
1766 561
1766 562
1764 562
1764 563
1762 563
1762 564
1761 564
1761 565
1759 565
1759 566
1758 566
1758 567
1757 567
1757 569
1756 569
1756 571
1754 571
1754 572
1753 572
1753 574
1752 574
1752 576
1751 576
1751 578
1752 578
1752 582
1753 582
1753 597
1754 597
1754 606
1755 606
1755 610
1754 610
1754 612
1753 612
1753 613
1751 613
1751 614
1749 614
1749 615
1745 615
1745 614
1741 614
1741 613
1736 613
1736 612
1732 612
1732 614
1730 614
1730 615
1729 615
1729 616
1728 616
1728 617
1727 617
1727 618
1725 618
1725 620
1723 620
1723 622
1722 622
1722 623
1721 623
1721 624
1717 624
1717 625
1716 625
1716 626
1715 626
1715 627
1707 627
1707 626
1698 626
1698 625
1697 625
1697 626
1693 626
1693 627
1690 627
1690 628
1689 628
1689 629
1688 629
1688 630
1687 630
1687 631
1686 631
1686 632
1685 632
1685 633
1684 633
1684 634
1683 634
1683 635
1682 635
1682 636
1681 636
1681 637
1680 637
1680 638
1674 638
1674 639
1673 639
1673 640
1674 640
1674 646
1675 646
1675 649
1674 649
1674 650
1673 650
1673 652
1672 652
1672 653
1671 653
1671 654
1670 654
1670 655
1669 655
1669 656
1668 656
1668 657
1667 657
1667 658
1666 658
1666 659
1665 659
1665 660
1664 660
1664 661
1663 661
1663 662
1662 662
1662 663
1661 663
1661 664
1659 664
1659 665
1658 665
1658 666
1657 666
1657 668
1656 668
1656 670
1655 670
1655 678
1654 678
1654 682
1655 682
1655 696
1656 696
1656 729
1657 729
1657 745
1656 745
1656 746
1655 746
1655 747
1654 747
1654 748
1649 748
1649 747
1647 747
1647 746
1642 746
1642 745
1637 745
1637 744
1636 744
1636 743
1635 743
1635 741
1634 741
1634 740
1633 740
1633 739
1632 739
1632 738
1631 738
1631 737
1629 737
1629 736
1627 736
1627 735
1626 735
1626 734
1624 734
1624 733
1623 733
1623 732
1619 732
1619 731
1616 731
1616 730
1609 730
1609 731
1601 731
1601 730
1598 730
1598 729
1596 729
1596 728
1595 728
1595 727
1594 727
1594 724
1593 724
1593 723
1592 723
1592 718
1591 718
1591 714
1590 714
1590 708
1589 708
1589 697
1588 697
1588 693
1587 693
1587 690
1586 690
1586 689
1580 689
1580 688
1579 688
1579 687
1578 687
1578 686
1577 686
1577 685
1576 685
1576 684
1575 684
1575 681
1574 681
1574 678
1573 678
1573 671
1572 671
1572 665
1571 665
1571 657
1570 657
1570 654
1569 654
1569 653
1568 653
1568 652
1566 652
1566 651
1563 651
1563 650
1560 650
1560 649
1557 649
1557 648
1556 648
1556 646
1555 646
1555 644
1554 644
1554 641
1553 641
1553 635
1552 635
1552 631
1551 631
1551 624
1550 624
1550 620
1549 620
1549 610
1548 610
1548 602
1547 602
1547 595
1546 595
1546 589
1545 589
1545 580
1544 580
1544 574
1543 574
1543 569
1542 569
1542 562
1541 562
1541 554
1540 554
1540 546
1539 546
1539 539
1538 539
1538 531
1537 531
1537 524
1536 524
1536 520
1535 520
1535 515
1534 515
1534 509
1533 509
1533 505
1532 505
1532 496
1531 496
1531 491
1530 491
1530 489
1529 489
1529 488
1526 488
1526 489
1525 489
1525 490
1524 490
1524 491
1523 491
1523 492
1521 492
1521 493
1519 493
1519 494
1512 494
1512 495
1505 495
1505 494
1502 494
1502 493
1501 493
1501 491
1500 491
1500 490
1499 490
1499 487
1498 487
1498 484
1497 484
1497 480
1496 480
1496 475
1495 475
1495 463
1494 463
1494 457
1493 457
1493 455
1492 455
1492 454
1491 454
1491 453
1487 453
1487 452
1485 452
1485 451
1483 451
1483 450
1482 450
1482 449
1479 449
1479 450
1476 450
1476 451
1473 451
1473 452
1472 452
1472 453
1471 453
1471 454
1470 454
1470 455
1469 455
1469 456
1467 456
1467 457
1461 457
1461 458
1450 458
1450 457
1448 457
1448 456
1447 456
1447 455
1444 455
1444 454
1438 454
1438 453
1436 453
1436 452
1432 452
1432 451
1429 451
1429 452
1426 452
1426 453
1425 453
1425 457
1422 457
1422 458
1421 458
1421 461
1420 461
1420 462
1418 462
1418 463
1416 463
1416 464
1408 464
1408 463
1403 463
1403 464
1402 464
1402 465
1400 465
1400 466
1398 466
1398 467
1397 467
1397 468
1396 468
1396 469
1391 469
1391 470
1390 470
1390 472
1389 472
1389 477
1388 477
1388 478
1387 478
1387 482
1386 482
1386 484
1385 484
1385 485
1378 485
1378 486
1371 486
1371 487
1369 487
1369 488
1368 488
1368 489
1367 489
1367 492
1366 492
1366 494
1367 494
1367 492
1368 492
1368 489
1369 489
1369 488
1371 488
1371 487
1378 487
1378 486
1386 486
1386 484
1387 484
1387 482
1388 482
1388 478
1389 478
1389 477
1390 477
1390 472
1391 472
1391 470
1397 470
1397 468
1398 468
1398 467
1400 467
1400 466
1402 466
1402 465
1403 465
1403 464
1408 464
1408 465
1416 465
1416 464
1418 464
1418 463
1420 463
1420 462
1421 462
1421 461
1422 461
1422 458
1425 458
1425 457
1426 457
1426 453
1429 453
1429 452
1432 452
1432 453
1436 453
1436 454
1438 454
1438 455
1444 455
1444 456
1447 456
1447 457
1448 457
1448 458
1450 458
1450 459
1461 459
1461 458
1467 458
1467 457
1469 457
1469 456
1470 456
1470 455
1471 455
1471 454
1472 454
1472 453
1473 453
1473 452
1476 452
1476 451
1479 451
1479 450
1482 450
1482 451
1483 451
1483 452
1485 452
1485 453
1487 453
1487 454
1491 454
1491 455
1492 455
1492 457
1493 457
1493 463
1494 463
1494 475
1495 475
1495 480
1496 480
1496 484
1497 484
1497 487
1498 487
1498 490
1499 490
1499 491
1500 491
1500 493
1501 493
1501 494
1502 494
1502 495
1505 495
1505 496
1512 496
1512 495
1519 495
1519 494
1521 494
1521 493
1523 493
1523 492
1524 492
1524 491
1525 491
1525 490
1526 490
1526 489
1529 489
1529 491
1530 491
1530 496
1531 496
1531 505
1532 505
1532 509
1533 509
1533 515
1534 515
1534 520
1535 520
1535 524
1536 524
1536 531
1537 531
1537 539
1538 539
1538 546
1539 546
1539 554
1540 554
1540 562
1541 562
1541 569
1542 569
1542 574
1543 574
1543 580
1544 580
1544 589
1545 589
1545 595
1546 595
1546 602
1547 602
1547 610
1548 610
1548 620
1549 620
1549 624
1550 624
1550 631
1551 631
1551 635
1552 635
1552 641
1553 641
1553 644
1554 644
1554 646
1555 646
1555 648
1556 648
1556 649
1557 649
1557 650
1560 650
1560 651
1563 651
1563 652
1566 652
1566 653
1568 653
1568 654
1569 654
1569 657
1570 657
1570 665
1571 665
1571 671
1572 671
1572 678
1573 678
1573 681
1574 681
1574 684
1575 684
1575 685
1576 685
1576 686
1577 686
1577 687
1578 687
1578 688
1579 688
1579 689
1580 689
1580 690
1586 690
1586 693
1587 693
1587 697
1588 697
1588 708
1589 708
1589 714
1590 714
1590 718
1591 718
1591 723
1592 723
1592 724
1593 724
1593 727
1594 727
1594 728
1595 728
1595 729
1596 729
1596 730
1598 730
1598 731
1601 731
1601 732
1609 732
1609 731
1616 731
1616 732
1619 732
1619 733
1623 733
1623 734
1624 734
1624 735
1626 735
1626 736
1627 736
1627 737
1629 737
1629 738
1631 738
1631 739
1632 739
1632 740
1633 740
1633 741
1634 741
1634 743
1635 743
1635 744
1636 744
1636 745
1637 745
1637 746
1642 746
1642 747
1647 747
1647 748
1649 748
1649 749
1654 749
1654 748
1655 748
1655 747
1656 747
1656 746
1657 746
1657 745
1658 745
1658 729
1657 729
1657 696
1656 696
1656 682
1655 682
1655 678
1656 678
1656 670
1657 670
1657 668
1658 668
1658 666
1659 666
1659 665
1661 665
1661 664
1662 664
1662 663
1663 663
1663 662
1664 662
1664 661
1665 661
1665 660
1666 660
1666 659
1667 659
1667 658
1668 658
1668 657
1669 657
1669 656
1670 656
1670 655
1671 655
1671 654
1672 654
1672 653
1673 653
1673 652
1674 652
1674 650
1675 650
1675 649
1676 649
1676 646
1675 646
1675 640
1674 640
1674 639
1680 639
1680 638
1681 638
1681 637
1682 637
1682 636
1683 636
1683 635
1684 635
1684 634
1685 634
1685 633
1686 633
1686 632
1687 632
1687 631
1688 631
1688 630
1689 630
1689 629
1690 629
1690 628
1693 628
1693 627
1697 627
1697 626
1698 626
1698 627
1707 627
1707 628
1715 628
1715 627
1716 627
1716 626
1717 626
1717 625
1721 625
1721 624
1722 624
1722 623
1723 623
1723 622
1724 622
1724 621
1725 621
1725 620
1726 620
1726 619
1727 619
1727 618
1728 618
1728 617
1729 617
1729 616
1730 616
1730 615
1732 615
1732 614
1733 614
1733 613
1736 613
1736 614
1741 614
1741 615
1745 615
1745 616
1749 616
1749 615
1751 615
1751 614
1753 614
1753 613
1754 613
1754 612
1755 612
1755 610
1756 610
1756 606
1755 606
1755 597
1754 597
1754 582
1753 582
1753 578
1752 578
1752 576
1753 576
1753 574
1754 574
1754 572
1756 572
1756 571
1757 571
1757 569
1758 569
1758 567
1759 567
1759 566
1761 566
1761 565
1762 565
1762 564
1764 564
1764 563
1766 563
1766 562
1767 562
1767 561
1768 561
1768 560
1769 560
1769 559
1771 559
1771 558
1772 558
1772 556
1773 556
1773 555
1775 555
1775 553
1777 553
1777 550
1778 550
1778 549
1779 549
1779 548
1781 548
1781 547
1782 547
1782 546
1783 546
1783 544
1790 544
1790 543
1795 543
1795 542
1803 542
1803 543
1805 543
1805 544
1806 544
1806 556
1807 556
1807 561
1808 561
1808 566
1809 566
1809 573
1810 573
1810 579
1811 579
1811 585
1812 585
1812 590
1813 590
1813 593
1814 593
1814 596
1815 596
1815 599
1816 599
1816 608
1817 608
1817 614
1818 614
1818 620
1819 620
1819 625
1820 625
1820 627
1821 627
1821 630
1822 630
1822 633
1821 633
1821 635
1822 635
1822 636
1823 636
1823 640
1822 640
1822 642
1823 642
1823 649
1824 649
1824 651
1825 651
1825 659
1826 659
1826 661
1827 661
1827 674
1828 674
1828 681
1829 681
1829 686
1830 686
1830 693
1831 693
1831 700
1832 700
1832 703
1833 703
1833 713
1834 713
1834 716
1835 716
1835 718
1836 718
1836 719
1837 719
1837 720
1838 720
1838 721
1839 721
1839 724
1840 724
1840 728
1841 728
1841 735
1842 735
1842 739
1843 739
1843 742
1844 742
1844 743
1845 743
1845 745
1846 745
1846 746
1848 746
1848 747
1851 747
1851 748
1860 748
1860 749
1863 749
1863 750
1864 750
1864 751
1865 751
1865 752
1866 752
1866 753
1868 753
1868 754
1872 754
1872 756
1874 756
1874 757
1875 757
1875 758
1876 758
1876 759
1877 759
1877 761
1878 761
1878 763
1879 763
1879 766
1880 766
1880 774
1881 774
1881 776
1882 776
1882 778
1883 778
1883 779
1887 779
1887 780
1888 780
1888 781
1890 781
1890 783
1891 783
1891 784
1892 784
1892 786
1893 786
1893 788
1894 788
1894 790
1895 790
1895 791
1896 791
1896 792
1897 792
1897 794
1898 794
1898 795
1899 795
1899 797
1900 797
1900 798
1901 798
1901 800
1902 800
1902 801
1903 801
1903 802
1904 802
1904 803
1906 803
1906 804
1908 804
1908 805
1909 805
1909 806
1911 806
1911 807
1913 807
1913 808
1916 808
1916 809
1918 809
1918 810
1921 810
1921 811
1929 811
1929 812
1930 812
1930 814
1932 814
1932 816
1933 816
1933 818
1934 818
1934 819
1935 819
1935 822
1936 822
1936 823
1937 823
1937 826
1938 826
1938 827
1939 827
1939 829
1940 829
1940 832
1941 832
1941 834
1942 834
1942 836
1943 836
1943 838
1944 838
1944 842
1945 842
1945 845
1946 845
1946 846
1947 846
1947 849
1948 849
1948 851
1949 851
1949 853
1950 853
1950 854
1951 854
1951 855
1952 855
1952 856
1953 856
1953 858
1954 858
1954 859
1955 859
1955 860
1958 860
1958 861
1960 861
1960 862
1964 862
1964 861
1970 861
1970 860
1972 860
1972 859
1973 859
1973 858
1974 858
1974 857
1977 857
1977 856
1979 856
1979 855
1982 855
1982 853
1983 853
1983 852
1984 852
1984 851
1985 851
1985 850
1986 850
1986 849
1987 849
1987 848
1988 848
1988 847
1992 847
1992 846
1993 846
1993 843
1996 843
1996 842
2000 842
2000 839
2001 839
2001 837
2002 837
2002 836
2004 836
2004 835
2008 835
2008 834
2009 834
2009 832
2010 832
2010 831
2011 831
2011 829
2013 829
2013 828
2016 828
2016 827
2018 827
2018 826
2020 826
2020 825
2022 825
2022 824
2023 824
2023 823
2024 823
2024 822
2025 822
2025 821
2026 821
2026 820
2028 820
2028 819
2031 819
2031 818
2032 818
2032 816
2034 816
2034 815
2035 815
2035 814
2036 814
2036 813
2037 813
2037 812
2038 812
2038 811
2039 811
2039 810
2040 810
2040 809
2042 809
2042 808
2043 808
2043 807
2044 807
2044 805
2045 805
2045 804
2046 804
2046 803
2048 803
2048 802
2050 802
2050 801
2051 801
2051 799
2052 799
2052 798
2053 798
2053 797
2054 797
2054 796
2055 796
2055 794
2056 794
2056 793
2057 793
2057 792
2058 792
2058 791
2059 791
2059 790
2060 790
2060 787
2061 787
2061 786
2062 786
2062 784
2063 784
2063 782
2064 782
2064 780
2065 780
2065 778
2066 778
2066 776
2067 776
2067 773
2068 773
2068 771
2069 771
2069 768
2070 768
2070 766
2071 766
2071 763
2072 763
2072 762
2073 762
2073 758
2074 758
2074 755
2075 755
2075 753
2076 753
2076 752
2077 752
2077 751
2080 751
2080 747
2081 747
2081 746
2085 746
2085 745
2086 745
2086 742
2087 742
2087 740
2088 740
2088 737
2089 737
2089 736
2090 736
2090 735
2091 735
2091 733
2092 733
2092 731
2093 731
2093 730
2094 730
2094 728
2095 728
2095 725
2096 725
2096 723
2097 723
2097 720
2098 720
2098 719
2099 719
2099 718
2100 718
2100 717
2101 717
2101 716
2102 716
2102 714
2103 714
2103 712
2104 712
2104 711
2105 711
2105 709
2106 709
2106 703
2107 703
2107 702
2108 702
2108 700
2109 700
2109 699
2110 699
2110 698
2111 698
2111 697
2112 697
2112 696
2113 696
2113 695
2114 695
2114 694
2115 694
2115 691
2116 691
2116 690
2117 690
2117 689
2118 689
2118 688
2119 688
2119 687
2120 687
2120 685
2121 685
2121 683
2122 683
2122 681
2123 681
2123 676
2124 676
2124 674
2125 674
2125 672
2126 672
2126 671
2127 671
2127 669
2128 669
2128 668
2129 668
2129 666
2130 666
2130 665
2132 665
2132 664
2134 664
2134 662
2135 662
2135 661
2136 661
2136 660
2137 660
2137 659
2139 659
2139 658
2140 658
2140 657
2141 657
2141 656
2142 656
2142 657
2145 657
2145 658
2147 658
2147 659
2148 659
2148 660
2150 660
2150 661
2157 661
2157 662
2159 662
2159 663
2160 663
2160 664
2162 664
2162 665
2164 665
2164 666
2165 666
2165 667
2168 667
2168 668
2169 668
2169 669
2170 669
2170 670
2172 670
2172 671
2173 671
2173 672
2174 672
2174 673
2176 673
2176 674
2178 674
2178 675
2182 675
2182 676
2183 676
2183 677
2184 677
2184 678
2185 678
2185 679
2186 679
2186 681
2187 681
2187 685
2188 685
2188 686
2189 686
2189 697
2190 697
2190 700
2191 700
2191 702
2192 702
2192 704
2193 704
2193 705
2194 705
2194 706
2195 706
2195 707
2196 707
2196 708
2197 708
2197 709
2198 709
2198 710
2199 710
2199 711
2200 711
2200 712
2201 712
2201 713
2203 713
2203 714
2204 714
2204 718
2205 718
2205 748
2206 748
2206 760
2207 760
2207 783
2208 783
2208 790
2209 790
2209 800
2210 800
2210 830
2211 830
2211 852
2212 852
2212 874
2213 874
2213 877
2214 877
2214 904
2215 904
2215 914
2216 914
2216 921
2217 921
2217 923
2218 923
2218 924
2219 924
2219 925
2220 925
2220 926
2221 926
2221 927
2222 927
2222 928
2224 928
2224 929
2225 929
2225 930
2226 930
2226 931
2227 931
2227 932
2229 932
2229 933
2231 933
2231 934
2233 934
2233 935
2235 935
2235 936
2236 936
2236 937
2238 937
2238 938
2239 938
2239 939
2248 939
2248 940
2249 940
2249 941
2250 941
2250 942
2251 942
2251 943
2254 943
2254 942
2255 942
2255 941
2256 941
2256 940
2257 940
2257 939
2259 939
2259 938
2260 938
2260 937
2262 937
2262 936
2263 936
2263 932
2265 932
2265 931
2266 931
2266 930
2267 930
2267 929
2270 929
2270 928
2271 928
2271 927
2272 927
2272 926
2273 926
2273 925
2274 925
2274 924
2277 924
2277 922
2278 922
2278 920
2279 920
2279 919
2280 919
2280 918
2281 918
2281 917
2282 917
2282 915
2283 915
2283 914
2284 914
2284 912
2285 912
2285 911
2286 911
2286 910
2287 910
2287 908
2288 908
2288 907
2289 907
2289 904
2290 904
2290 901
2291 901
2291 882
2292 882
2292 877
2291 877
2291 872
2292 872
2292 870
2293 870
2293 869
2294 869
2294 868
2295 868
2295 867
2296 867
2296 866
2297 866
2297 865
2298 865
2298 864
2299 864
2299 863
2300 863
2300 862
2301 862
2301 861
2302 861
2302 859
2303 859
2303 848
2304 848
2304 841
2303 841
2303 834
2304 834
2304 833
2303 833
2303 827
2304 827
2304 826
2303 826
2303 797
2304 797
2304 749
2305 749
2305 712
2306 712
2306 710
2307 710
2307 709
2308 709
2308 708
2309 708
2309 704
2310 704
2310 682
2311 682
2311 681
2312 681
2312 679
2313 679
2313 678
2315 678
2315 677
2316 677
2316 674
2317 674
2317 668
2318 668
2318 667
2317 667
2317 663
2318 663
2318 653
2319 653
2319 643
2320 643
2320 640
2321 640
2321 639
2327 639
2327 638
2329 638
2329 636
2330 636
2330 635
2331 635
2331 634
2332 634
2332 631
2333 631
2333 630
2334 630
2334 627
2335 627
2335 624
2336 624
2336 623
2340 623
2340 624
2353 624
2353 623
2354 623
2354 622
2355 622
2355 621
2356 621
2356 620
2358 620
2358 619
2359 619
2359 618
2360 618
2360 617
2361 617
2361 616
2362 616
2362 615
2363 615
2363 614
2365 614
2365 613
2366 613
2366 611
2367 611
2367 604
2368 604
2368 597
2367 597
2367 583
2377 583
2377 582
2379 582
2379 581
2380 581
2380 580
2383 580
2383 579
2392 579
2392 578
2394 578
2394 577
2395 577
2395 575
2396 575
2396 574
2397 574
2397 572
2403 572
2403 571
2405 571
2405 570
2406 570
2406 569
2407 569
2407 568
2408 568
2408 567
2413 567
2413 566
2415 566
2415 567
2417 567
2417 568
2421 568
2421 569
2427 569
2427 570
2429 570
2429 571
2431 571
2431 572
2432 572
2432 573
2433 573
2433 574
2434 574
2434 575
2435 575
2435 576
2436 576
2436 577
2437 577
2437 578
2439 578
2439 579
2443 579
2443 580
2446 580
2446 581
2450 581
2450 582
2452 582
2452 583
2453 583
2453 584
2454 584
2454 585
2455 585
2455 588
2456 588
2456 590
2457 590
2457 592
2458 592
2458 594
2459 594
2459 596
2460 596
2460 597
2461 597
2461 600
2462 600
2462 605
2464 605
2464 606
2465 606
2465 607
2466 607
2466 608
2467 608
2467 609
2468 609
2468 610
2472 610
2472 611
2476 611
2476 610
2479 610
2479 609
2483 609
2483 608
2484 608
2484 606
2485 606
2485 604
2486 604
2486 603
2487 603
2487 600
2488 600
2488 599
2489 599
2489 595
2490 595
2490 582
2491 582
2491 576
2492 576
2492 573
2493 573
2493 572
2494 572
2494 571
2495 571
2495 569
2496 569
2496 568
2497 568
2497 567
2498 567
2498 565
2499 565
2499 564
2500 564
2500 562
2501 562
2501 558
2502 558
2502 555
2503 555
2503 552
2504 552
2504 551
2505 551
2505 549
2507 549
2507 548
2510 548
2510 545
2512 545
2512 544
2515 544
2515 543
2535 543
2535 542
2536 542
2536 541
2539 541
2539 542
2540 542
2540 543
2544 543
2544 544
2545 544
2545 545
2546 545
2546 546
2547 546
2547 547
2549 547
2549 548
2550 548
2550 549
2551 549
2551 550
2552 550
2552 551
2553 551
2553 552
2559 552
2559 553
2560 553
2560 554
2561 554
2561 555
2562 555
2562 556
2563 556
2563 557
2564 557
2564 559
2565 559
2565 560
2566 560
2566 562
2567 562
2567 564
2568 564
2568 565
2569 565
2569 566
2570 566
2570 567
2571 567
2571 568
2572 568
2572 569
2574 569
2574 570
2577 570
2577 571
2580 571
2580 572
2581 572
2581 573
2582 573
2582 575
2583 575
2583 578
2584 578
2584 579
2585 579
2585 580
2586 580
2586 581
2587 581
2587 582
2588 582
2588 583
2589 583
2589 584
2590 584
2590 585
2592 585
2592 586
2594 586
2594 587
2595 587
2595 588
2599 588
2599 589
2601 589
2601 590
2602 590
2602 591
2603 591
2603 592
2604 592
2604 593
2605 593
2605 594
2608 594
2608 595
2610 595
2610 596
2613 596
2613 597
2614 597
2614 598
2616 598
2616 599
2617 599
2617 602
2618 602
2618 604
2619 604
2619 607
2620 607
2620 609
2621 609
2621 611
2622 611
2622 613
2623 613
2623 615
2624 615
2624 617
2625 617
2625 618
2626 618
2626 619
2627 619
2627 620
2636 620
2636 621
2640 621
2640 622
2642 622
2642 623
2643 623
2643 624
2644 624
2644 626
2645 626
2645 632
2646 632
2646 633
2647 633
2647 634
2648 634
2648 635
2651 635
2651 634
2653 634
2653 635
2654 635
2654 636
2655 636
2655 638
2656 638
2656 639
2659 639
2659 640
2660 640
2660 641
2662 641
2662 642
2663 642
2663 643
2664 643
2664 645
2665 645
2665 647
2666 647
2666 649
2667 649
2667 650
2668 650
2668 651
2669 651
2669 655
2670 655
2670 656
2671 656
2671 657
2673 657
2673 658
2676 658
2676 659
2677 659
2677 660
2680 660
2680 661
2683 661
2683 662
2684 662
2684 663
2685 663
2685 665
2686 665
2686 666
2687 666
2687 668
2688 668
2688 670
2689 670
2689 672
2690 672
2690 675
2691 675
2691 676
2692 676
2692 679
2693 679
2693 680
2694 680
2694 681
2695 681
2695 683
2696 683
2696 684
2697 684
2697 685
2698 685
2698 686
2713 686
2713 687
2720 687
2720 686
2721 686
2721 685
2725 685
2725 684
2733 684
2733 685
2745 685
2745 686
2757 686
2757 687
2761 687
2761 688
2765 688
2765 689
2770 689
2770 690
2772 690
2772 691
2773 691
2773 692
2774 692
2774 693
2779 693
2779 692
2780 692
2780 691
2789 691
2789 692
2792 692
2792 691
2795 691
2795 692
2796 692
2796 694
2799 694
2799 695
2801 695
2801 696
2806 696
2806 697
2807 697
2807 698
2808 698
2808 700
2809 700
2809 701
2813 701
2813 702
2816 702
2816 703
2817 703
2817 704
2819 704
2819 705
2820 705
2820 706
2822 706
2822 707
2824 707
2824 708
2831 708
2831 707
2832 707
2832 706
2833 706
2833 705
2834 705
2834 692
2835 692
2835 689
2836 689
2836 685
2837 685
2837 684
2839 684
2839 683
2840 683
2840 681
2841 681
2841 680
2842 680
2842 679
2843 679
2843 677
2844 677
2844 673
2845 673
2845 669
2844 669
2844 658
2843 658
2843 639
2842 639
2842 631
2841 631
2841 614
2840 614
2840 599
2839 599
2839 580
2838 580
2838 574
2837 574
2837 560
2836 560
2836 550
2835 550
2835 538
2834 538
2834 528
2833 528
2833 520
2832 520
2832 508
2831 508
2831 494
2830 494
2830 483
2829 483
2829 482
2830 482
2830 477
2829 477
2829 472
2832 472
2832 471
2834 471
2834 470
2836 470
2836 469
2840 469
2840 472
2841 472
2841 474
2842 474
2842 475
2843 475
2843 476
2846 476
2846 477
2852 477
2852 478
2854 478
2854 480
2855 480
2855 481
2856 481
2856 482
2857 482
2857 483
2858 483
2858 484
2859 484
2859 485
2860 485
2860 486
2861 486
2861 487
2862 487
2862 488
2863 488
2863 489
2867 489
2867 490
2878 490
2878 491
2879 491
2879 492
2880 492
2880 494
2881 494
2881 496
2882 496
2882 497
2883 497
2883 498
2884 498
2884 499
2886 499
2886 500
2889 500
2889 501
2892 501
2892 502
2894 502
2894 503
2895 503
2895 504
2897 504
2897 505
2902 505
2902 506
2903 506
2903 507
2904 507
2904 509
2905 509
2905 511
2906 511
2906 513
2907 513
2907 514
2910 514
2910 515
2911 515
2911 516
2916 516
2916 517
2921 517
2921 518
2924 518
2924 519
2930 519
2930 520
2931 520
2931 521
2932 521
2932 522
2933 522
2933 523
2937 523
2937 524
2940 524
2940 525
2943 525
2943 526
2944 526
2944 527
2945 527
2945 528
2948 528
2948 529
2958 529
2958 528
2961 528
2961 527
2962 527
2962 526
2963 526
2963 524
2964 524
2964 521
2965 521
2965 520
2969 520
2969 519
2970 519
2970 518
2971 518
2971 517
2973 517
2973 516
2974 516
2974 514
2975 514
2975 513
2976 513
2976 511
2975 511
2975 501
2974 501
2974 486
2973 486
2973 478
2980 478
2980 479
2986 479
2986 480
3000 480
3000 479
3002 479
3002 478
3004 478
3004 477
3005 477
3005 476
3006 476
3006 475
3007 475
3007 474
3008 474
3008 457
3007 457
3007 446
3006 446
3006 434
3005 434
3005 415
3004 415
3004 405
3003 405
3003 391
3002 391
3002 379
3001 379
3001 369
3000 369
3000 360
2999 360
2999 350
2998 350
2998 339
2997 339
2997 328
2996 328
2996 316
2995 316
2995 305
2994 305
2994 295
2993 295
2993 287
2992 287
2992 272
2991 272
2991 267
2990 267
2990 258
2991 258
2991 256
2992 256
2992 255
2995 255
2995 253
2996 253
2996 252
2997 252
2997 251
2998 251
2998 249
2999 249
2999 247
3000 247
3000 243
3001 243
3001 242
3000 242
3000 236
2999 236
2999 234
3000 234
3000 229
2999 229
2999 228
2998 228
2998 225
2997 225
2997 216
2998 216
2998 211
2999 211
2999 206
2998 206
2998 205
2999 205
2999 203
2998 203
2998 201
2999 201
2999 200
3001 200
3001 201
3003 201
3003 203
3004 203
3004 204
3005 204
3005 205
3010 205
3010 206
3011 206
3011 209
3013 209
3013 211
3014 211
3014 219
3016 219
3016 224
3015 224
3015 234
3014 234
3014 243
3015 243
3015 244
3016 244
3016 245
3017 245
3017 246
3019 246
3019 245
3017 245
3017 244
3016 244
3016 243
3015 243
3015 234
3016 234
3016 224
3017 224
3017 219
3016 219
3016 218
3015 218
3015 211
3014 211
3014 209
3013 209
3013 208
3012 208
3012 206
3011 206
3011 205
3010 205
3010 204
3005 204
3005 203
3004 203
3004 201
3003 201
3003 200
3001 200
3001 199
2999 199
2999 200
2998 200
2998 201
2997 201
2997 203
2998 203
2998 205
2997 205
2997 206
2998 206
2998 210
2997 210
2997 216
2996 216
2996 225
2997 225
2997 228
2998 228
2998 229
2999 229
2999 233
2998 233
2998 236
2999 236
2999 242
3000 242
3000 243
2999 243
2999 247
2998 247
2998 249
2997 249
2997 251
2996 251
2996 252
2995 252
2995 253
2994 253
2994 254
2992 254
2992 255
2991 255
2991 256
2990 256
2990 258
2989 258
2989 267
2990 267
2990 272
2991 272
2991 287
2992 287
2992 295
2993 295
2993 305
2994 305
2994 316
2995 316
2995 328
2996 328
2996 339
2997 339
2997 350
2998 350
2998 360
2999 360
2999 369
3000 369
3000 379
3001 379
3001 391
3002 391
3002 405
3003 405
3003 415
3004 415
3004 434
3005 434
3005 446
3006 446
3006 457
3007 457
3007 474
3006 474
3006 475
3005 475
3005 476
3004 476
3004 477
3002 477
3002 478
3000 478
3000 479
2986 479
2986 478
2980 478
2980 477
2973 477
2973 478
2972 478
2972 486
2973 486
2973 501
2974 501
2974 511
2975 511
2975 513
2974 513
2974 514
2973 514
2973 516
2971 516
2971 517
2970 517
2970 518
2969 518
2969 519
2965 519
2965 520
2964 520
