1897 893
1890 893
1890 894
1888 894
1888 895
1884 895
1884 896
1879 896
1879 897
1875 897
1875 898
1871 898
1871 899
1859 899
1859 898
1856 898
1856 897
1844 897
1844 896
1837 896
1837 895
1835 895
1835 894
1833 894
1833 893
1832 893
1832 892
1831 892
1831 891
1830 891
1830 890
1829 890
1829 888
1828 888
1828 887
1827 887
1827 886
1826 886
1826 885
1825 885
1825 884
1823 884
1823 883
1822 883
1822 882
1818 882
1818 881
1810 881
1810 890
1809 890
1809 896
1808 896
1808 898
1807 898
1807 900
1806 900
1806 902
1805 902
1805 904
1804 904
1804 906
1803 906
1803 907
1802 907
1802 909
1801 909
1801 910
1800 910
1800 912
1799 912
1799 913
1798 913
1798 914
1797 914
1797 915
1795 915
1795 916
1794 916
1794 917
1792 917
1792 918
1774 918
1774 919
1764 919
1764 920
1757 920
1757 919
1739 919
1739 920
1732 920
1732 921
1726 921
1726 922
1724 922
1724 923
1722 923
1722 924
1721 924
1721 925
1720 925
1720 940
1719 940
1719 942
1718 942
1718 943
1717 943
1717 944
1716 944
1716 945
1715 945
1715 947
1714 947
1714 948
1713 948
1713 949
1705 949
1705 948
1675 948
1675 949
1671 949
1671 950
1656 950
1656 949
1655 949
1655 948
1653 948
1653 947
1652 947
1652 946
1650 946
1650 945
1649 945
1649 944
1648 944
1648 943
1647 943
1647 942
1644 942
1644 941
1642 941
1642 940
1619 940
1619 939
1617 939
1617 938
1614 938
1614 937
1613 937
1613 936
1607 936
1607 937
1604 937
1604 936
1598 936
1598 935
1594 935
1594 934
1579 934
1579 935
1574 935
1574 934
1573 934
1573 933
1571 933
1571 932
1569 932
1569 931
1568 931
1568 930
1567 930
1567 928
1565 928
1565 927
1561 927
1561 926
1544 926
1544 925
1539 925
1539 924
1536 924
1536 923
1534 923
1534 922
1527 922
1527 921
1524 921
1524 920
1518 920
1518 919
1515 919
1515 918
1505 918
1505 919
1501 919
1501 920
1499 920
1499 921
1495 921
1495 922
1476 922
1476 921
1458 921
1458 920
1448 920
1448 919
1431 919
1431 918
1425 918
1425 917
1417 917
1417 916
1413 916
1413 915
1407 915
1407 914
1400 914
1400 913
1393 913
1393 912
1367 912
1367 911
1365 911
1365 912
1356 912
1356 913
1355 913
1355 914
1354 914
1354 917
1353 917
1353 918
1352 918
1352 919
1349 919
1349 920
1345 920
1345 921
1343 921
1343 920
1330 920
1330 921
1315 921
1315 920
1311 920
1311 919
1307 919
1307 918
1306 918
1306 917
1303 917
1303 916
1301 916
1301 915
1292 915
1292 916
1290 916
1290 917
1288 917
1288 918
1285 918
1285 919
1276 919
1276 918
1275 918
1275 917
1274 917
1274 916
1272 916
1272 915
1264 915
1264 916
1262 916
1262 917
1259 917
1259 918
1256 918
1256 917
1251 917
1251 916
1247 916
1247 915
1245 915
1245 914
1242 914
1242 913
1241 913
1241 912
1240 912
1240 911
1239 911
1239 910
1237 910
1237 909
1235 909
1235 908
1234 908
1234 890
1235 890
1235 881
1236 881
1236 876
1237 876
1237 871
1238 871
1238 858
1224 858
1224 859
1218 859
1218 860
1213 860
1213 859
1200 859
1200 858
1186 858
1186 857
1184 857
1184 856
1181 856
1181 855
1176 855
1176 856
1172 856
1172 857
1158 857
1158 856
1156 856
1156 855
1153 855
1153 854
1151 854
1151 853
1147 853
1147 852
1143 852
1143 853
1142 853
1142 865
1143 865
1143 874
1142 874
1142 876
1141 876
1141 877
1140 877
1140 878
1138 878
1138 879
1133 879
1133 880
1121 880
1121 881
1105 881
1105 880
1101 880
1101 879
1100 879
1100 878
1097 878
1097 875
1093 875
1093 874
1090 874
1090 875
1082 875
1082 876
1076 876
1076 877
1072 877
1072 878
1064 878
1064 877
1059 877
1059 876
1058 876
1058 875
1057 875
1057 874
1056 874
1056 873
1055 873
1055 872
1054 872
1054 866
1053 866
1053 854
1052 854
1052 851
1051 851
1051 842
1050 842
1050 837
1049 837
1049 836
1048 836
1048 835
1046 835
1046 834
1044 834
1044 833
1043 833
1043 831
1042 831
1042 830
1041 830
1041 828
1040 828
1040 826
1039 826
1039 825
1038 825
1038 824
1037 824
1037 823
1036 823
1036 822
1030 822
1030 821
1025 821
1025 820
1024 820
1024 819
1021 819
1021 818
1020 818
1020 817
1019 817
1019 816
1017 816
1017 815
1016 815
1016 813
1013 813
1013 812
1006 812
1006 813
1005 813
1005 814
1004 814
1004 813
1005 813
1005 812
1002 812
1002 811
994 811
994 810
992 810
992 809
989 809
989 808
983 808
983 807
981 807
981 806
979 806
979 805
978 805
978 803
977 803
977 802
976 802
976 801
975 801
975 799
974 799
974 798
973 798
973 797
972 797
972 794
971 794
971 790
970 790
970 785
969 785
969 784
968 784
968 783
966 783
966 782
965 782
965 781
963 781
963 780
961 780
961 779
959 779
959 778
957 778
957 777
955 777
955 776
954 776
954 773
953 773
953 770
952 770
952 762
953 762
953 756
952 756
952 755
941 755
941 756
931 756
931 755
930 755
930 754
929 754
929 753
928 753
928 752
927 752
927 751
923 751
923 750
922 750
922 751
916 751
916 752
907 752
907 751
903 751
903 750
902 750
902 749
901 749
901 748
900 748
900 746
899 746
899 745
898 745
898 744
897 744
897 741
896 741
896 740
895 740
895 739
894 739
894 738
893 738
893 736
891 736
891 735
886 735
886 736
883 736
883 737
881 737
881 738
880 738
880 739
874 739
874 740
872 740
872 741
868 741
868 740
864 740
864 739
862 739
862 738
861 738
861 737
857 737
857 736
854 736
854 735
850 735
850 734
848 734
848 733
845 733
845 732
843 732
843 731
841 731
841 730
840 730
840 729
839 729
839 728
838 728
838 727
837 727
837 726
836 726
836 725
835 725
835 724
834 724
834 723
832 723
832 722
829 722
829 721
827 721
827 720
816 720
816 719
813 719
813 718
812 718
812 716
811 716
811 715
810 715
810 713
809 713
809 712
806 712
806 711
802 711
802 710
800 710
800 709
796 709
796 708
795 708
795 707
793 707
793 706
792 706
792 704
791 704
791 703
790 703
790 700
789 700
789 697
788 697
788 695
787 695
787 693
786 693
786 692
785 692
785 691
784 691
784 690
782 690
782 689
781 689
781 688
778 688
778 687
775 687
775 686
773 686
773 685
771 685
771 684
770 684
770 682
769 682
769 681
768 681
768 680
767 680
767 674
766 674
766 670
765 670
765 669
764 669
764 667
763 667
763 666
762 666
762 665
761 665
761 664
760 664
760 663
759 663
759 662
758 662
758 661
756 661
756 660
754 660
754 659
753 659
753 658
752 658
752 656
751 656
751 655
750 655
750 653
749 653
749 652
748 652
748 650
747 650
747 649
746 649
746 648
745 648
745 647
744 647
744 646
743 646
743 645
742 645
742 644
741 644
741 643
740 643
740 642
739 642
739 641
738 641
738 640
737 640
737 638
736 638
736 636
735 636
735 634
734 634
734 631
733 631
733 627
732 627
732 617
731 617
731 592
730 592
730 583
731 583
731 579
730 579
730 576
729 576
729 572
728 572
728 571
727 571
727 570
725 570
725 569
721 569
721 568
720 568
720 567
717 567
717 566
715 566
715 565
712 565
712 562
709 562
709 561
708 561
708 560
706 560
706 559
705 559
705 558
704 558
704 557
703 557
703 556
701 556
701 555
700 555
700 554
699 554
699 552
697 552
697 551
696 551
696 550
693 550
693 549
692 549
692 547
691 547
691 546
690 546
690 545
689 545
689 544
688 544
688 543
687 543
687 541
686 541
686 539
682 539
682 538
681 538
681 537
680 537
680 536
679 536
679 535
677 535
677 534
676 534
676 533
675 533
675 532
673 532
673 531
671 531
671 530
670 530
670 529
669 529
669 528
668 528
668 527
667 527
667 526
666 526
666 525
665 525
665 524
663 524
663 523
661 523
661 522
660 522
660 521
658 521
658 520
657 520
657 519
654 519
654 518
653 518
653 517
652 517
652 516
651 516
651 515
649 515
649 514
648 514
648 513
647 513
647 512
645 512
645 511
644 511
644 510
643 510
643 509
641 509
641 508
637 508
637 507
636 507
636 505
633 505
633 504
632 504
632 503
631 503
631 501
630 501
630 500
629 500
629 499
628 499
628 498
627 498
627 497
626 497
626 496
624 496
624 495
623 495
623 494
622 494
622 493
621 493
621 492
619 492
619 491
618 491
618 490
617 490
617 489
615 489
615 488
613 488
613 487
612 487
612 486
610 486
610 485
609 485
609 484
606 484
606 483
605 483
605 482
603 482
603 481
602 481
602 480
600 480
600 479
599 479
599 478
597 478
597 477
596 477
596 476
595 476
595 475
594 475
594 474
593 474
593 473
592 473
592 472
591 472
591 471
590 471
590 470
589 470
589 469
587 469
587 468
586 468
586 467
585 467
585 466
583 466
583 465
582 465
582 464
581 464
581 463
580 463
580 462
578 462
578 461
577 461
577 460
576 460
576 459
575 459
575 458
573 458
573 457
572 457
572 456
571 456
571 454
570 454
570 453
569 453
569 452
568 452
568 451
567 451
567 450
565 450
565 449
563 449
563 448
561 448
561 447
560 447
560 446
559 446
559 445
558 445
558 444
557 444
557 443
556 443
556 442
555 442
555 441
554 441
554 440
553 440
553 439
552 439
552 438
551 438
551 437
550 437
550 435
549 435
549 434
548 434
548 433
547 433
547 432
546 432
546 430
545 430
545 429
544 429
544 426
543 426
543 424
542 424
542 421
541 421
541 420
540 420
540 419
539 419
539 418
538 418
538 417
537 417
537 416
536 416
536 415
535 415
535 414
534 414
534 413
532 413
532 412
531 412
531 411
529 411
529 410
527 410
527 409
524 409
524 408
520 408
520 407
519 407
519 406
516 406
516 405
511 405
511 404
507 404
507 405
503 405
503 406
501 406
501 407
500 407
500 408
499 408
499 409
497 409
497 410
495 410
495 411
494 411
494 412
491 412
491 413
488 413
488 414
473 414
473 415
467 415
467 416
458 416
458 415
453 415
453 414
451 414
451 413
450 413
450 412
449 412
449 411
447 411
447 410
444 410
444 409
443 409
443 408
441 408
441 407
439 407
439 406
436 406
436 405
428 405
428 404
421 404
421 403
420 403
420 402
418 402
418 401
416 401
416 400
414 400
414 399
413 399
413 398
412 398
412 397
411 397
411 396
410 396
410 395
409 395
409 394
408 394
408 393
406 393
406 392
405 392
405 391
404 391
404 390
403 390
403 389
402 389
402 387
401 387
401 386
400 386
400 384
399 384
399 383
398 383
398 382
397 382
397 381
396 381
396 380
395 380
395 379
394 379
394 378
393 378
393 377
392 377
392 376
391 376
391 375
390 375
390 374
389 374
389 372
388 372
388 371
387 371
387 368
386 368
386 364
385 364
385 362
384 362
384 359
383 359
383 358
382 358
382 354
381 354
381 350
380 350
380 345
379 345
379 343
378 343
378 339
377 339
377 337
376 337
376 335
375 335
375 334
374 334
374 332
372 332
372 331
370 331
370 330
367 330
367 329
365 329
365 328
363 328
363 327
361 327
361 326
360 326
360 325
358 325
358 324
356 324
356 323
353 323
353 322
352 322
352 321
348 321
348 320
342 320
342 319
339 319
339 318
335 318
335 317
331 317
331 315
330 315
330 314
329 314
329 313
328 313
328 312
327 312
327 311
325 311
325 310
322 310
322 309
321 309
321 308
319 308
319 307
317 307
317 306
316 306
316 305
314 305
314 304
313 304
313 303
312 303
312 302
311 302
311 300
310 300
310 299
309 299
309 298
308 298
308 297
307 297
307 294
306 294
306 292
305 292
305 291
304 291
304 289
303 289
303 288
297 288
297 287
293 287
293 286
297 286
297 287
303 287
303 288
304 288
304 289
305 289
305 291
306 291
306 292
307 292
307 294
308 294
308 297
309 297
309 298
310 298
310 299
311 299
311 300
312 300
312 302
313 302
313 303
314 303
314 304
316 304
316 305
317 305
317 306
319 306
319 307
321 307
321 308
322 308
322 309
325 309
325 310
327 310
327 311
328 311
328 312
329 312
329 313
330 313
330 314
331 314
331 315
332 315
332 316
335 316
335 317
339 317
339 318
342 318
342 319
348 319
348 320
352 320
352 321
353 321
353 322
356 322
356 323
358 323
358 324
360 324
360 325
361 325
361 326
363 326
363 327
365 327
365 328
367 328
367 329
370 329
370 330
372 330
372 331
374 331
374 332
375 332
375 334
376 334
376 335
377 335
377 337
378 337
378 339
379 339
379 343
380 343
380 345
381 345
381 350
382 350
382 354
383 354
383 358
384 358
384 359
385 359
385 362
386 362
386 364
387 364
387 368
388 368
388 371
389 371
389 372
390 372
390 374
391 374
391 375
392 375
392 376
393 376
393 377
394 377
394 378
395 378
395 379
396 379
396 380
397 380
397 381
398 381
398 382
399 382
399 383
400 383
400 384
401 384
401 386
402 386
402 387
403 387
403 389
404 389
404 390
405 390
405 391
406 391
406 392
408 392
408 393
409 393
409 394
410 394
410 395
411 395
411 396
412 396
412 397
413 397
413 398
414 398
414 399
416 399
416 400
418 400
418 401
420 401
420 402
421 402
421 403
428 403
428 404
436 404
436 405
439 405
439 406
441 406
441 407
443 407
443 408
444 408
444 409
447 409
447 410
449 410
449 411
450 411
450 412
451 412
451 413
453 413
453 414
458 414
458 415
467 415
467 414
473 414
473 413
488 413
488 412
491 412
491 411
494 411
494 410
495 410
495 409
497 409
497 408
499 408
499 407
500 407
500 406
501 406
501 405
503 405
503 404
507 404
507 403
511 403
511 404
516 404
516 405
519 405
519 406
520 406
520 407
524 407
524 408
527 408
527 409
529 409
529 410
531 410
531 411
532 411
532 412
534 412
534 413
535 413
535 414
536 414
536 415
537 415
537 416
538 416
538 417
539 417
539 418
540 418
540 419
541 419
541 420
542 420
542 421
543 421
543 424
544 424
544 426
545 426
545 429
546 429
546 430
547 430
547 432
548 432
548 433
549 433
549 434
550 434
550 435
551 435
551 437
552 437
552 438
553 438
553 439
554 439
554 440
555 440
555 441
556 441
556 442
557 442
557 443
558 443
558 444
559 444
559 445
560 445
560 446
561 446
561 447
563 447
563 448
565 448
565 449
567 449
567 450
568 450
568 451
569 451
569 452
570 452
570 453
571 453
571 454
572 454
572 456
573 456
573 457
575 457
575 458
576 458
576 459
577 459
577 460
578 460
578 461
580 461
580 462
581 462
581 463
582 463
582 464
583 464
583 465
585 465
585 466
586 466
586 467
587 467
587 468
589 468
589 469
590 469
590 470
591 470
591 471
592 471
592 472
593 472
593 473
594 473
594 474
595 474
595 475
596 475
596 476
597 476
597 477
599 477
599 478
600 478
600 479
602 479
602 480
603 480
603 481
605 481
605 482
606 482
606 483
609 483
609 484
610 484
610 485
612 485
612 486
613 486
613 487
615 487
615 488
617 488
617 489
618 489
618 490
619 490
619 491
621 491
621 492
622 492
622 493
623 493
623 494
624 494
624 495
626 495
626 496
627 496
627 497
628 497
628 498
629 498
629 499
630 499
630 500
631 500
631 501
632 501
632 503
633 503
633 504
636 504
636 505
637 505
637 507
641 507
641 508
643 508
643 509
644 509
644 510
645 510
645 511
647 511
647 512
648 512
648 513
649 513
649 514
651 514
651 515
652 515
652 516
653 516
653 517
654 517
654 518
657 518
657 519
658 519
658 520
660 520
660 521
661 521
661 522
663 522
663 523
665 523
665 524
666 524
666 525
667 525
667 526
668 526
668 527
669 527
669 528
670 528
670 529
671 529
671 530
673 530
673 531
675 531
675 532
676 532
676 533
677 533
677 534
679 534
679 535
680 535
680 536
681 536
681 537
682 537
682 538
686 538
686 539
687 539
687 541
688 541
688 543
689 543
689 544
690 544
690 545
691 545
691 546
692 546
692 547
693 547
693 549
696 549
696 550
697 550
697 551
699 551
699 552
700 552
700 554
701 554
701 555
703 555
703 556
704 556
704 557
705 557
705 558
706 558
706 559
708 559
708 560
709 560
709 561
712 561
712 562
713 562
713 564
715 564
715 565
717 565
717 566
720 566
720 567
721 567
721 568
725 568
725 569
727 569
727 570
728 570
728 571
729 571
729 572
730 572
730 576
731 576
731 579
732 579
732 583
731 583
731 592
732 592
732 617
733 617
733 627
734 627
734 631
735 631
735 634
736 634
736 636
737 636
737 638
738 638
738 640
739 640
739 641
740 641
740 642
741 642
741 643
742 643
742 644
743 644
743 645
744 645
744 646
745 646
745 647
746 647
746 648
747 648
747 649
748 649
748 650
749 650
749 652
750 652
750 653
751 653
751 655
752 655
752 656
753 656
753 658
754 658
754 659
756 659
756 660
758 660
758 661
759 661
759 662
760 662
760 663
761 663
761 664
762 664
762 665
763 665
763 666
764 666
764 667
765 667
765 669
766 669
766 670
767 670
767 674
768 674
768 680
769 680
769 681
770 681
770 682
771 682
771 684
773 684
773 685
775 685
775 686
778 686
778 687
781 687
781 688
782 688
782 689
784 689
784 690
785 690
785 691
786 691
786 692
787 692
787 693
788 693
788 695
789 695
789 697
790 697
790 700
791 700
791 703
792 703
792 704
793 704
793 706
795 706
795 707
796 707
796 708
800 708
800 709
802 709
802 710
806 710
806 711
809 711
809 712
810 712
810 713
811 713
811 715
812 715
812 716
813 716
813 718
816 718
816 719
827 719
827 720
829 720
829 721
832 721
832 722
834 722
834 723
835 723
835 724
836 724
836 725
837 725
837 726
838 726
838 727
839 727
839 728
840 728
840 729
841 729
841 730
843 730
843 731
845 731
845 732
848 732
848 733
850 733
850 734
854 734
854 735
857 735
857 736
861 736
861 737
862 737
862 738
864 738
864 739
868 739
868 740
872 740
872 739
874 739
874 738
880 738
880 737
881 737
881 736
883 736
883 735
886 735
886 734
891 734
891 735
893 735
893 736
894 736
894 738
895 738
895 739
896 739
896 740
897 740
897 741
898 741
898 744
899 744
899 745
900 745
900 746
901 746
901 748
902 748
902 749
903 749
903 750
907 750
907 751
916 751
916 750
922 750
922 749
923 749
923 750
927 750
927 751
928 751
928 752
929 752
929 753
930 753
930 754
931 754
931 755
941 755
941 754
952 754
952 755
953 755
953 756
954 756
954 762
953 762
953 770
954 770
954 773
955 773
955 776
957 776
957 777
959 777
959 778
961 778
961 779
963 779
963 780
965 780
965 781
966 781
966 782
968 782
968 783
969 783
969 784
970 784
970 785
971 785
971 790
972 790
972 794
973 794
973 797
974 797
974 798
975 798
975 799
976 799
976 801
977 801
977 802
978 802
978 803
979 803
979 805
981 805
981 806
983 806
983 807
989 807
989 808
992 808
992 809
994 809
994 810
1002 810
1002 811
1013 811
1013 812
1016 812
1016 813
1017 813
1017 815
1019 815
1019 816
1020 816
1020 817
1021 817
1021 818
1024 818
1024 819
1025 819
1025 820
1030 820
1030 821
1036 821
1036 822
1037 822
1037 823
1038 823
1038 824
1039 824
1039 825
1040 825
1040 826
1041 826
1041 828
1042 828
1042 830
1043 830
1043 831
1044 831
1044 833
1046 833
1046 834
1048 834
1048 835
1049 835
1049 836
1050 836
1050 837
1051 837
1051 842
1052 842
1052 851
1053 851
1053 854
1054 854
1054 866
1055 866
1055 872
1056 872
1056 873
1057 873
1057 874
1058 874
1058 875
1059 875
1059 876
1064 876
1064 877
1072 877
1072 876
1076 876
1076 875
1082 875
1082 874
1090 874
1090 873
1093 873
1093 874
1097 874
1097 875
1098 875
1098 877
1100 877
1100 878
1101 878
1101 879
1105 879
1105 880
1121 880
1121 879
1133 879
1133 878
1138 878
1138 877
1140 877
1140 876
1141 876
1141 874
1142 874
1142 865
1141 865
1141 853
1142 853
1142 852
1143 852
1143 851
1147 851
1147 852
1151 852
1151 853
1153 853
1153 854
1156 854
1156 855
1158 855
1158 856
1172 856
1172 855
1176 855
1176 854
1181 854
1181 855
1184 855
1184 856
1186 856
1186 857
1200 857
1200 858
1213 858
1213 859
1218 859
1218 858
1224 858
1224 857
1238 857
1238 858
1239 858
1239 871
1238 871
1238 876
1237 876
1237 881
1236 881
1236 890
1235 890
1235 908
1237 908
1237 909
1239 909
1239 910
1240 910
1240 911
1241 911
1241 912
1242 912
1242 913
1245 913
1245 914
1247 914
1247 915
1251 915
1251 916
1256 916
1256 917
1259 917
1259 916
1262 916
1262 915
1264 915
1264 914
1272 914
1272 915
1274 915
1274 916
1275 916
1275 917
1276 917
1276 918
1285 918
1285 917
1288 917
1288 916
1290 916
1290 915
1292 915
1292 914
1301 914
1301 915
1303 915
1303 916
1306 916
1306 917
1307 917
1307 918
1311 918
1311 919
1315 919
1315 920
1330 920
1330 919
1343 919
1343 920
1345 920
1345 919
1349 919
1349 918
1352 918
1352 917
1353 917
1353 914
1354 914
1354 913
1355 913
1355 912
1356 912
1356 911
1365 911
1365 910
1367 910
1367 911
1393 911
1393 912
1400 912
1400 913
1407 913
1407 914
1413 914
1413 915
1417 915
1417 916
1425 916
1425 917
1431 917
1431 918
1448 918
1448 919
1458 919
1458 920
1476 920
1476 921
1495 921
1495 920
1499 920
1499 919
1501 919
1501 918
1505 918
1505 917
1515 917
1515 918
1518 918
1518 919
1524 919
1524 920
1527 920
1527 921
1534 921
1534 922
1536 922
1536 923
1539 923
1539 924
1544 924
1544 925
1561 925
1561 926
1565 926
1565 927
1567 927
1567 928
1568 928
1568 930
1569 930
1569 931
1571 931
1571 932
1573 932
1573 933
1574 933
1574 934
1579 934
1579 933
1594 933
1594 934
1598 934
1598 935
1604 935
1604 936
1607 936
1607 935
1613 935
1613 936
1614 936
1614 937
1617 937
1617 938
1619 938
1619 939
1642 939
1642 940
1644 940
1644 941
1647 941
1647 942
1648 942
1648 943
1649 943
1649 944
1650 944
1650 945
1652 945
1652 946
1653 946
1653 947
1655 947
1655 948
1656 948
1656 949
1671 949
1671 948
1675 948
1675 947
1705 947
1705 948
1713 948
1713 947
1714 947
1714 945
1715 945
1715 944
1716 944
1716 943
1717 943
1717 942
1718 942
1718 940
1719 940
1719 925
1720 925
1720 924
1721 924
1721 923
1722 923
1722 922
1724 922
1724 921
1726 921
1726 920
1732 920
1732 919
1739 919
1739 918
1757 918
1757 919
1764 919
1764 918
1774 918
1774 917
1792 917
1792 916
1794 916
1794 915
1795 915
1795 914
1797 914
1797 913
1798 913
1798 912
1799 912
1799 910
1800 910
1800 909
1801 909
1801 907
1802 907
1802 906
1803 906
1803 904
1804 904
1804 902
1805 902
1805 900
1806 900
1806 898
1807 898
1807 896
1808 896
1808 890
1809 890
1809 881
1810 881
1810 880
1818 880
1818 881
1822 881
1822 882
1823 882
1823 883
1825 883
1825 884
1826 884
1826 885
1827 885
1827 886
1828 886
1828 887
1829 887
1829 888
1830 888
1830 890
1831 890
1831 891
1832 891
1832 892
1833 892
1833 893
1835 893
1835 894
1837 894
1837 895
1844 895
1844 896
1856 896
1856 897
1859 897
1859 898
1871 898
1871 897
1875 897
1875 896
1879 896
1879 895
1884 895
1884 894
1888 894
1888 893
1890 893
1890 892
1897 892
1897 891
1901 891
1901 890
1903 890
1903 889
1905 889
1905 888
1916 888
1916 887
1920 887
1920 886
1922 886
1922 885
1924 885
1924 884
1926 884
1926 883
1928 883
1928 882
1935 882
1935 883
1939 883
1939 882
1940 882
1940 880
1941 880
1941 878
1942 878
1942 874
1943 874
1943 871
1944 871
1944 870
1947 870
1947 871
1949 871
1949 872
1955 872
1955 873
1959 873
1959 874
1964 874
1964 875
1965 875
1965 876
1970 876
1970 877
1971 877
1971 878
1972 878
1972 879
1973 879
1973 880
1974 880
1974 881
1977 881
1977 882
1983 882
1983 883
1995 883
1995 882
2000 882
2000 879
2001 879
2001 878
2002 878
2002 877
2003 877
2003 876
2011 876
2011 877
2028 877
2028 876
2034 876
2034 875
2035 875
2035 871
2036 871
2036 870
2037 870
2037 868
2038 868
2038 867
2040 867
2040 866
2049 866
2049 867
2057 867
2057 868
2059 868
2059 869
2070 869
2070 870
2074 870
2074 869
2101 869
2101 866
2102 866
2102 864
2103 864
2103 863
2104 863
2104 862
2117 862
2117 861
2129 861
2129 860
2134 860
2134 859
2136 859
2136 858
2139 858
2139 854
2140 854
2140 848
2141 848
2141 844
2148 844
2148 843
2152 843
2152 841
2153 841
2153 839
2154 839
2154 834
2155 834
2155 830
2156 830
2156 823
2157 823
2157 822
2158 822
2158 821
2161 821
2161 820
2163 820
2163 819
2166 819
2166 820
2182 820
2182 819
2188 819
2188 818
2190 818
2190 819
2193 819
2193 818
2196 818
2196 817
2200 817
2200 816
2204 816
2204 815
2207 815
2207 814
2210 814
2210 813
2211 813
2211 812
2214 812
2214 811
2216 811
2216 810
2223 810
2223 809
2224 809
2224 808
2225 808
2225 807
2226 807
2226 806
2227 806
2227 805
2239 805
2239 806
2247 806
2247 807
2248 807
2248 808
2250 808
2250 809
2251 809
2251 810
2256 810
2256 807
2255 807
2255 806
2256 806
2256 807
2257 807
2257 811
2260 811
2260 812
2263 812
2263 813
2278 813
2278 812
2281 812
2281 811
2283 811
2283 810
2284 810
2284 809
2285 809
2285 807
2286 807
2286 806
2287 806
2287 805
2288 805
2288 804
2289 804
2289 803
2290 803
2290 802
2292 802
2292 801
2301 801
2301 802
2316 802
2316 801
2319 801
2319 800
2321 800
2321 799
2322 799
2322 796
2323 796
2323 795
2324 795
2324 793
2325 793
2325 792
2326 792
2326 791
2327 791
2327 790
2328 790
2328 789
2332 789
2332 788
2343 788
2343 787
2345 787
2345 786
2348 786
2348 785
2350 785
2350 784
2353 784
2353 783
2356 783
2356 782
2357 782
2357 781
2358 781
2358 780
2359 780
2359 778
2360 778
2360 776
2361 776
2361 772
2362 772
2362 768
2363 768
2363 764
2364 764
2364 762
2365 762
2365 761
2367 761
2367 760
2371 760
2371 759
2375 759
2375 758
2385 758
2385 757
2388 757
2388 756
2393 756
2393 755
2397 755
2397 754
2400 754
2400 753
2403 753
2403 752
2410 752
2410 751
2420 751
2420 752
2427 752
2427 751
2429 751
2429 750
2433 750
2433 749
2435 749
2435 748
2436 748
2436 747
2437 747
2437 746
2439 746
2439 745
2442 745
2442 744
2447 744
2447 745
2453 745
2453 746
2455 746
2455 747
2457 747
2457 748
2458 748
2458 749
2459 749
2459 750
2462 750
2462 751
2466 751
2466 752
2476 752
2476 751
2477 751
2477 750
2482 750
2482 749
2486 749
2486 748
2487 748
2487 747
2493 747
2493 746
2494 746
2494 745
2496 745
2496 744
2500 744
2500 743
2502 743
2502 742
2504 742
2504 741
2506 741
2506 740
2509 740
2509 739
2511 739
2511 733
2512 733
2512 732
2513 732
2513 731
2514 731
2514 730
2516 730
2516 729
2518 729
2518 728
2520 728
2520 727
2525 727
2525 726
2531 726
2531 725
2533 725
2533 724
2540 724
2540 723
2541 723
2541 722
2542 722
2542 721
2544 721
2544 720
2545 720
2545 719
2549 719
2549 718
2550 718
2550 717
2551 717
2551 716
2552 716
2552 715
2553 715
2553 695
2554 695
2554 694
2555 694
2555 693
2556 693
2556 692
2558 692
2558 691
2559 691
2559 690
2560 690
2560 689
2564 689
2564 688
2568 688
2568 687
2569 687
2569 685
2570 685
2570 684
2571 684
2571 676
2570 676
2570 665
2571 665
2571 658
2572 658
2572 657
2573 657
2573 656
2574 656
2574 655
2575 655
2575 654
2576 654
2576 653
2578 653
2578 652
2581 652
2581 651
2585 651
2585 652
2590 652
2590 653
2591 653
2591 654
2592 654
2592 656
2593 656
2593 657
2594 657
2594 660
2595 660
2595 662
2596 662
2596 663
2597 663
2597 664
2598 664
2598 665
2599 665
2599 666
2610 666
2610 665
2614 665
2614 664
2615 664
2615 663
2617 663
2617 662
2618 662
2618 661
2619 661
2619 660
2628 660
2628 661
2634 661
2634 662
2645 662
2645 661
2657 661
2657 660
2660 660
2660 659
2663 659
2663 658
2665 658
2665 657
2671 657
2671 656
2674 656
2674 655
2677 655
2677 654
2678 654
2678 653
2680 653
2680 652
2684 652
2684 651
2687 651
2687 650
2693 650
2693 649
2694 649
2694 648
2695 648
2695 647
2696 647
2696 646
2697 646
2697 644
2698 644
2698 643
2699 643
2699 642
2700 642
2700 639
2701 639
2701 637
2702 637
2702 636
2703 636
2703 635
2706 635
2706 634
2707 634
2707 633
2709 633
2709 632
2712 632
2712 631
2713 631
2713 627
2714 627
2714 624
2715 624
2715 621
2716 621
2716 605
2717 605
2717 621
2716 621
2716 624
2715 624
2715 627
2714 627
2714 632
2712 632
2712 633
2709 633
2709 634
2707 634
2707 635
2706 635
2706 636
2703 636
2703 637
2702 637
2702 639
2701 639
2701 642
2700 642
2700 643
2699 643
2699 644
2698 644
2698 646
2697 646
2697 647
2696 647
2696 648
2695 648
2695 649
2694 649
2694 651
2687 651
2687 652
2684 652
2684 653
2680 653
2680 654
2678 654
2678 655
2677 655
2677 656
2674 656
2674 657
2671 657
2671 658
2665 658
2665 659
2663 659
2663 660
2660 660
2660 661
2657 661
2657 662
2645 662
2645 663
2634 663
2634 662
2628 662
2628 661
2619 661
2619 662
2618 662
2618 663
2617 663
2617 664
2615 664
2615 665
2614 665
2614 666
2610 666
2610 667
2599 667
2599 666
2598 666
2598 665
2597 665
2597 664
2596 664
2596 663
2595 663
2595 662
2594 662
2594 660
2593 660
2593 657
2592 657
2592 656
2591 656
2591 654
2590 654
2590 653
2585 653
2585 652
2581 652
2581 653
2578 653
2578 654
2576 654
2576 655
2575 655
2575 656
2574 656
2574 657
2573 657
2573 658
2572 658
2572 665
2571 665
2571 676
2572 676
2572 684
2571 684
2571 685
2570 685
2570 687
2569 687
2569 688
2568 688
2568 689
2564 689
2564 690
2560 690
2560 691
2559 691
2559 692
2558 692
2558 693
2556 693
2556 694
2555 694
2555 695
2554 695
2554 715
2553 715
2553 716
2552 716
2552 717
2551 717
2551 718
2550 718
2550 719
2549 719
2549 720
2545 720
2545 721
2544 721
2544 722
2542 722
2542 723
2541 723
2541 724
2540 724
2540 725
2533 725
2533 726
2531 726
2531 727
2525 727
2525 728
2520 728
2520 729
2518 729
2518 730
2516 730
2516 731
2514 731
2514 732
2513 732
2513 733
2512 733
2512 739
2511 739
2511 740
2509 740
2509 741
2506 741
2506 742
2504 742
2504 743
2502 743
2502 744
2500 744
2500 745
2496 745
2496 746
2494 746
2494 747
2493 747
2493 748
2487 748
2487 749
2486 749
2486 750
2482 750
2482 751
2477 751
2477 752
2476 752
2476 753
2466 753
2466 752
2462 752
2462 751
2459 751
2459 750
2458 750
2458 749
2457 749
2457 748
2455 748
2455 747
2453 747
2453 746
2447 746
2447 745
2442 745
2442 746
2439 746
2439 747
2437 747
2437 748
2436 748
2436 749
2435 749
2435 750
2433 750
2433 751
2429 751
2429 752
2427 752
2427 753
2420 753
2420 752
2410 752
2410 753
2403 753
2403 754
2400 754
2400 755
2397 755
2397 756
2393 756
2393 757
2388 757
2388 758
2385 758
2385 759
2375 759
2375 760
2371 760
2371 761
2367 761
2367 762
2365 762
2365 764
2364 764
2364 768
2363 768
2363 772
2362 772
2362 776
2361 776
2361 778
2360 778
2360 780
2359 780
2359 781
2358 781
2358 782
2357 782
2357 783
2356 783
2356 784
2353 784
2353 785
2350 785
2350 786
2348 786
2348 787
2345 787
2345 788
2343 788
2343 789
2332 789
2332 790
2328 790
2328 791
2327 791
2327 792
2326 792
2326 793
2325 793
2325 795
2324 795
2324 796
2323 796
2323 799
2322 799
2322 800
2321 800
2321 801
2319 801
2319 802
2316 802
2316 803
2301 803
2301 802
2292 802
2292 803
2290 803
2290 804
2289 804
2289 805
2288 805
2288 806
2287 806
2287 807
2286 807
2286 809
2285 809
2285 810
2284 810
2284 811
2283 811
2283 812
2281 812
2281 813
2278 813
2278 814
2263 814
2263 813
2260 813
2260 812
2257 812
2257 811
2251 811
2251 810
2250 810
2250 809
2248 809
2248 808
2247 808
2247 807
2239 807
2239 806
2227 806
2227 807
2226 807
2226 808
2225 808
2225 809
2224 809
2224 810
2223 810
2223 811
2216 811
2216 812
2214 812
2214 813
2211 813
2211 814
2210 814
2210 815
2207 815
2207 816
2204 816
2204 817
2200 817
2200 818
2196 818
2196 819
2193 819
2193 820
2190 820
2190 819
2188 819
2188 820
2182 820
2182 821
2166 821
2166 820
2163 820
2163 821
2161 821
2161 822
2158 822
2158 823
2157 823
2157 830
2156 830
2156 834
2155 834
2155 839
2154 839
2154 841
2153 841
2153 843
2152 843
2152 844
2148 844
2148 845
2142 845
2142 848
2141 848
2141 854
2140 854
2140 858
2139 858
2139 859
2136 859
2136 860
2134 860
2134 861
2129 861
2129 862
2117 862
2117 863
2104 863
2104 864
2103 864
2103 866
2102 866
2102 869
2101 869
2101 870
2074 870
2074 871
2070 871
2070 870
2059 870
2059 869
2057 869
2057 868
2049 868
2049 867
2040 867
2040 868
2038 868
2038 870
2037 870
2037 871
2036 871
2036 875
2035 875
2035 876
2034 876
2034 877
2028 877
2028 878
2011 878
2011 877
2003 877
2003 878
2002 878
2002 879
2001 879
2001 882
2000 882
2000 883
1995 883
1995 884
1983 884
1983 883
1977 883
1977 882
1974 882
1974 881
1973 881
1973 880
1972 880
1972 879
1971 879
1971 878
1970 878
1970 877
1965 877
1965 876
1964 876
1964 875
1959 875
1959 874
1955 874
1955 873
1949 873
1949 872
1947 872
1947 871
1944 871
1944 874
1943 874
1943 878
1942 878
1942 880
1941 880
1941 882
1940 882
1940 883
1939 883
1939 884
1935 884
1935 883
1928 883
1928 884
1926 884
1926 885
1924 885
1924 886
1922 886
1922 887
1920 887
1920 888
1916 888
1916 889
1905 889
1905 890
1903 890
1903 891
1901 891
1901 892
1897 892
