574 477
564 477
564 478
563 478
563 479
555 479
555 480
554 480
554 481
552 481
552 483
551 483
551 484
550 484
550 485
549 485
549 487
548 487
548 488
547 488
547 490
546 490
546 491
545 491
545 492
544 492
544 493
543 493
543 494
542 494
542 495
539 495
539 494
538 494
538 493
537 493
537 492
532 492
532 491
529 491
529 490
528 490
528 489
527 489
527 488
526 488
526 487
525 487
525 484
524 484
524 481
523 481
523 474
522 474
522 473
521 473
521 472
519 472
519 471
516 471
516 470
513 470
513 469
516 469
516 470
519 470
519 471
521 471
521 472
522 472
522 473
523 473
523 474
524 474
524 481
525 481
525 484
526 484
526 487
527 487
527 488
528 488
528 489
529 489
529 490
532 490
532 491
537 491
537 492
538 492
538 493
539 493
539 494
542 494
542 493
543 493
543 492
544 492
544 491
545 491
545 490
546 490
546 488
547 488
547 487
548 487
548 485
549 485
549 484
550 484
550 483
551 483
551 481
552 481
552 480
554 480
554 479
555 479
555 478
563 478
563 477
564 477
564 476
574 476
574 475
584 475
584 474
586 474
586 473
587 473
587 472
588 472
588 471
589 471
589 470
590 470
590 469
591 469
591 468
592 468
592 467
593 467
593 466
594 466
594 465
596 465
596 464
598 464
598 463
602 463
602 464
603 464
603 480
604 480
604 495
605 495
605 507
606 507
606 513
607 513
607 530
608 530
608 540
609 540
609 542
610 542
610 543
611 543
611 544
612 544
612 545
614 545
614 546
616 546
616 547
619 547
619 548
620 548
620 561
621 561
621 562
622 562
622 564
625 564
625 565
627 565
627 566
632 566
632 567
634 567
634 568
636 568
636 569
639 569
639 570
641 570
641 571
643 571
643 572
645 572
645 573
647 573
647 574
649 574
649 575
652 575
652 576
653 576
653 577
654 577
654 582
655 582
655 616
656 616
656 638
657 638
657 684
658 684
658 687
659 687
659 689
660 689
660 695
661 695
661 696
662 696
662 697
663 697
663 698
664 698
664 699
666 699
666 700
667 700
667 701
669 701
669 702
672 702
672 703
680 703
680 704
681 704
681 706
682 706
682 707
683 707
683 708
684 708
684 709
685 709
685 710
687 710
687 711
689 711
689 712
692 712
692 713
693 713
693 714
694 714
694 715
695 715
695 720
696 720
696 722
697 722
697 723
698 723
698 724
702 724
702 725
703 725
703 726
704 726
704 727
705 727
705 728
706 728
706 729
707 729
707 737
708 737
708 739
709 739
709 740
710 740
710 741
711 741
711 742
713 742
713 743
717 743
717 744
721 744
721 745
724 745
724 746
728 746
728 747
729 747
729 748
730 748
730 749
731 749
731 750
732 750
732 757
733 757
733 759
734 759
734 760
737 760
737 761
741 761
741 762
746 762
746 761
751 761
751 760
759 760
759 759
760 759
760 758
763 758
763 757
772 757
772 756
773 756
773 755
774 755
774 754
775 754
775 753
776 753
776 752
777 752
777 751
778 751
778 745
777 745
777 741
778 741
778 740
784 740
784 739
785 739
785 738
788 738
788 737
790 737
790 736
794 736
794 735
795 735
795 731
796 731
796 723
795 723
795 698
797 698
797 697
807 697
807 696
808 696
808 695
809 695
809 688
808 688
808 685
807 685
807 681
813 681
813 680
817 680
817 679
818 679
818 674
817 674
817 664
816 664
816 662
817 662
817 661
818 661
818 660
819 660
819 659
832 659
832 658
834 658
834 657
837 657
837 656
840 656
840 655
841 655
841 656
844 656
844 655
846 655
846 654
852 654
852 653
854 653
854 652
856 652
856 651
861 651
861 652
862 652
862 653
863 653
863 658
864 658
864 675
865 675
865 715
866 715
866 720
867 720
867 722
868 722
868 723
872 723
872 724
874 724
874 725
876 725
876 726
877 726
877 727
878 727
878 730
879 730
879 736
880 736
880 743
881 743
881 745
885 745
885 746
889 746
889 747
890 747
890 748
892 748
892 749
893 749
893 750
894 750
894 751
896 751
896 752
898 752
898 753
907 753
907 752
914 752
914 753
915 753
915 764
916 764
916 766
917 766
917 768
918 768
918 769
919 769
919 770
922 770
922 771
923 771
923 772
925 772
925 773
927 773
927 774
928 774
928 777
929 777
929 780
930 780
930 787
931 787
931 788
932 788
932 789
933 789
933 790
938 790
938 791
941 791
941 792
942 792
942 793
944 793
944 794
946 794
946 795
958 795
958 794
961 794
961 793
964 793
964 792
965 792
965 791
968 791
968 790
972 790
972 789
973 789
973 788
976 788
976 787
977 787
977 786
978 786
978 785
980 785
980 784
982 784
982 783
986 783
986 784
988 784
988 785
989 785
989 786
993 786
993 787
995 787
995 788
1001 788
1001 787
1009 787
1009 786
1013 786
1013 785
1015 785
1015 784
1018 784
1018 782
1019 782
1019 781
1020 781
1020 780
1021 780
1021 779
1022 779
1022 778
1027 778
1027 777
1028 777
1028 769
1027 769
1027 762
1026 762
1026 758
1025 758
1025 756
1026 756
1026 754
1035 754
1035 753
1040 753
1040 752
1042 752
1042 751
1047 751
1047 750
1048 750
1048 749
1050 749
1050 748
1052 748
1052 747
1056 747
1056 746
1062 746
1062 745
1063 745
1063 744
1065 744
1065 743
1067 743
1067 742
1070 742
1070 741
1074 741
1074 740
1075 740
1075 739
1076 739
1076 738
1077 738
1077 736
1078 736
1078 734
1082 734
1082 735
1083 735
1083 748
1084 748
1084 776
1085 776
1085 799
1086 799
1086 806
1087 806
1087 825
1088 825
1088 829
1089 829
1089 831
1090 831
1090 833
1091 833
1091 834
1092 834
1092 836
1093 836
1093 837
1094 837
1094 838
1095 838
1095 839
1097 839
1097 840
1098 840
1098 841
1099 841
1099 842
1100 842
1100 843
1101 843
1101 849
1102 849
1102 879
1103 879
1103 894
1104 894
1104 904
1105 904
1105 907
1106 907
1106 911
1107 911
1107 913
1109 913
1109 914
1110 914
1110 915
1116 915
1116 914
1119 914
1119 913
1122 913
1122 912
1136 912
1136 913
1138 913
1138 914
1141 914
1141 915
1142 915
1142 916
1148 916
1148 915
1151 915
1151 916
1152 916
1152 917
1154 917
1154 918
1160 918
1160 917
1162 917
1162 916
1163 916
1163 915
1166 915
1166 914
1168 914
1168 913
1171 913
1171 912
1172 912
1172 911
1173 911
1173 910
1175 910
1175 908
1176 908
1176 906
1177 906
1177 905
1178 905
1178 904
1179 904
1179 903
1180 903
1180 902
1181 902
1181 901
1182 901
1182 900
1183 900
1183 899
1184 899
1184 897
1185 897
1185 896
1189 896
1189 897
1190 897
1190 898
1198 898
1198 899
1199 899
1199 900
1200 900
1200 901
1201 901
1201 902
1203 902
1203 903
1208 903
1208 902
1209 902
1209 901
1210 901
1210 900
1211 900
1211 899
1212 899
1212 898
1213 898
1213 896
1214 896
1214 895
1215 895
1215 893
1216 893
1216 892
1218 892
1218 891
1219 891
1219 889
1220 889
1220 886
1221 886
1221 884
1222 884
1222 883
1223 883
1223 881
1224 881
1224 879
1225 879
1225 878
1227 878
1227 877
1228 877
1228 876
1229 876
1229 875
1230 875
1230 874
1231 874
1231 873
1232 873
1232 872
1233 872
1233 871
1235 871
1235 870
1237 870
1237 869
1240 869
1240 867
1243 867
1243 865
1252 865
1252 864
1261 864
1261 863
1267 863
1267 862
1271 862
1271 863
1275 863
1275 864
1292 864
1292 865
1300 865
1300 864
1301 864
1301 865
1302 865
1302 866
1304 866
1304 867
1305 867
1305 874
1306 874
1306 878
1307 878
1307 885
1308 885
1308 894
1309 894
1309 921
1310 921
1310 926
1311 926
1311 930
1312 930
1312 936
1313 936
1313 938
1314 938
1314 941
1315 941
1315 943
1316 943
1316 944
1317 944
1317 947
1318 947
1318 948
1319 948
1319 949
1320 949
1320 957
1321 957
1321 961
1322 961
1322 962
1323 962
1323 963
1324 963
1324 964
1328 964
1328 965
1329 965
1329 963
1332 963
1332 964
1335 964
1335 963
1336 963
1336 962
1337 962
1337 961
1338 961
1338 960
1339 960
1339 959
1340 959
1340 958
1341 958
1341 957
1343 957
1343 956
1345 956
1345 957
1353 957
1353 958
1355 958
1355 959
1359 959
1359 960
1362 960
1362 961
1365 961
1365 962
1366 962
1366 963
1367 963
1367 966
1368 966
1368 968
1369 968
1369 976
1370 976
1370 994
1371 994
1371 999
1372 999
1372 1002
1373 1002
1373 1003
1375 1003
1375 1004
1377 1004
1377 1005
1381 1005
1381 1006
1382 1006
1382 1007
1383 1007
1383 1008
1384 1008
1384 1009
1385 1009
1385 1011
1386 1011
1386 1012
1385 1012
1385 1016
1386 1016
1386 1018
1387 1018
1387 1019
1388 1019
1388 1020
1389 1020
1389 1021
1391 1021
1391 1022
1395 1022
1395 1023
1397 1023
1397 1022
1402 1022
1402 1021
1403 1021
1403 1022
1411 1022
1411 1021
1414 1021
1414 1020
1433 1020
1433 1019
1440 1019
1440 1018
1442 1018
1442 1017
1443 1017
1443 1016
1444 1016
1444 1015
1446 1015
1446 1014
1447 1014
1447 1013
1448 1013
1448 1012
1449 1012
1449 1011
1450 1011
1450 1009
1451 1009
1451 1007
1452 1007
1452 1005
1453 1005
1453 1002
1454 1002
1454 999
1455 999
1455 989
1454 989
1454 982
1455 982
1455 981
1456 981
1456 980
1457 980
1457 979
1459 979
1459 978
1460 978
1460 977
1461 977
1461 976
1462 976
1462 974
1463 974
1463 973
1464 973
1464 972
1465 972
1465 970
1466 970
1466 968
1467 968
1467 966
1468 966
1468 965
1473 965
1473 966
1475 966
1475 967
1476 967
1476 968
1478 968
1478 969
1483 969
1483 968
1484 968
1484 967
1485 967
1485 966
1486 966
1486 964
1487 964
1487 953
1488 953
1488 952
1489 952
1489 951
1495 951
1495 952
1496 952
1496 953
1504 953
1504 952
1508 952
1508 951
1510 951
1510 950
1511 950
1511 948
1512 948
1512 947
1513 947
1513 946
1515 946
1515 945
1516 945
1516 944
1518 944
1518 943
1519 943
1519 942
1520 942
1520 941
1521 941
1521 940
1522 940
1522 939
1523 939
1523 937
1524 937
1524 932
1525 932
1525 929
1528 929
1528 928
1531 928
1531 927
1533 927
1533 926
1534 926
1534 925
1540 925
1540 924
1541 924
1541 920
1542 920
1542 917
1543 917
1543 915
1544 915
1544 914
1553 914
1553 913
1556 913
1556 914
1564 914
1564 915
1565 915
1565 916
1566 916
1566 918
1567 918
1567 920
1568 920
1568 923
1569 923
1569 925
1570 925
1570 926
1571 926
1571 927
1572 927
1572 928
1580 928
1580 929
1581 929
1581 930
1582 930
1582 931
1583 931
1583 932
1584 932
1584 933
1585 933
1585 934
1588 934
1588 935
1590 935
1590 936
1592 936
1592 937
1594 937
1594 938
1601 938
1601 939
1609 939
1609 940
1612 940
1612 941
1619 941
1619 942
1622 942
1622 943
1628 943
1628 944
1631 944
1631 945
1632 945
1632 946
1633 946
1633 947
1634 947
1634 948
1636 948
1636 949
1637 949
1637 950
1638 950
1638 951
1640 951
1640 952
1648 952
1648 953
1652 953
1652 954
1655 954
1655 955
1656 955
1656 956
1657 956
1657 957
1658 957
1658 958
1659 958
1659 959
1660 959
1660 964
1661 964
1661 967
1662 967
1662 969
1663 969
1663 971
1664 971
1664 972
1668 972
1668 973
1675 973
1675 974
1678 974
1678 975
1683 975
1683 976
1684 976
1684 977
1686 977
1686 978
1687 978
1687 979
1690 979
1690 980
1694 980
1694 981
1697 981
1697 982
1698 982
1698 983
1699 983
1699 995
1700 995
1700 1010
1701 1010
1701 1017
1702 1017
1702 1018
1706 1018
1706 1019
1707 1019
1707 1020
1708 1020
1708 1022
1709 1022
1709 1026
1710 1026
1710 1027
1711 1027
1711 1028
1712 1028
1712 1029
1713 1029
1713 1030
1714 1030
1714 1031
1715 1031
1715 1032
1716 1032
1716 1033
1719 1033
1719 1034
1720 1034
1720 1035
1721 1035
1721 1036
1722 1036
1722 1038
1723 1038
1723 1040
1724 1040
1724 1041
1725 1041
1725 1042
1726 1042
1726 1043
1727 1043
1727 1045
1728 1045
1728 1046
1729 1046
1729 1048
1730 1048
1730 1049
1732 1049
1732 1050
1733 1050
1733 1051
1735 1051
1735 1052
1737 1052
1737 1053
1747 1053
1747 1054
1749 1054
1749 1053
1751 1053
1751 1054
1759 1054
1759 1055
1765 1055
1765 1056
1773 1056
1773 1057
1777 1057
1777 1058
1800 1058
1800 1057
1807 1057
1807 1056
1808 1056
1808 1055
1809 1055
1809 1054
1812 1054
1812 1053
1815 1053
1815 1052
1818 1052
1818 1051
1820 1051
1820 1050
1823 1050
1823 1049
1825 1049
1825 1048
1826 1048
1826 1046
1827 1046
1827 1044
1828 1044
1828 1043
1831 1043
1831 1042
1834 1042
1834 1041
1835 1041
1835 1039
1836 1039
1836 1038
1837 1038
1837 1036
1838 1036
1838 1033
1839 1033
1839 1031
1840 1031
1840 1027
1839 1027
1839 1007
1840 1007
1840 1004
1841 1004
1841 1002
1842 1002
1842 1001
1844 1001
1844 1000
1865 1000
1865 999
1868 999
1868 998
1871 998
1871 997
1874 997
1874 996
1876 996
1876 995
1883 995
1883 994
1884 994
1884 995
1890 995
1890 994
1900 994
1900 995
1903 995
1903 996
1905 996
1905 997
1906 997
1906 998
1908 998
1908 999
1909 999
1909 1000
1911 1000
1911 1001
1918 1001
1918 1000
1920 1000
1920 999
1921 999
1921 998
1922 998
1922 997
1923 997
1923 996
1924 996
1924 995
1925 995
1925 994
1926 994
1926 992
1927 992
1927 991
1928 991
1928 990
1929 990
1929 989
1930 989
1930 984
1931 984
1931 983
1932 983
1932 972
1931 972
1931 956
1932 956
1932 951
1931 951
1931 944
1932 944
1932 938
1931 938
1931 937
1932 937
1932 931
1933 931
1933 927
1934 927
1934 923
1935 923
1935 921
1936 921
1936 920
1939 920
1939 919
1943 919
1943 918
1944 918
1944 917
1946 917
1946 916
1954 916
1954 915
1955 915
1955 914
1957 914
1957 913
1958 913
1958 912
1959 912
1959 911
1960 911
1960 910
1961 910
1961 908
1962 908
1962 905
1963 905
1963 904
1966 904
1966 903
1977 903
1977 904
1978 904
1978 905
1979 905
1979 916
1980 916
1980 920
1981 920
1981 930
1982 930
1982 932
1983 932
1983 934
1984 934
1984 936
1985 936
1985 937
1986 937
1986 938
1987 938
1987 939
1989 939
1989 940
1993 940
1993 941
1996 941
1996 942
1997 942
1997 943
1999 943
1999 944
2000 944
2000 945
2001 945
2001 947
2002 947
2002 952
2003 952
2003 955
2004 955
2004 960
2005 960
2005 969
2006 969
2006 971
2007 971
2007 972
2008 972
2008 973
2009 973
2009 974
2013 974
2013 975
2015 975
2015 976
2021 976
2021 977
2022 977
2022 978
2023 978
2023 979
2025 979
2025 980
2028 980
2028 981
2030 981
2030 982
2032 982
2032 983
2033 983
2033 985
2034 985
2034 992
2035 992
2035 1014
2036 1014
2036 1018
2037 1018
2037 1020
2038 1020
2038 1022
2039 1022
2039 1023
2040 1023
2040 1024
2042 1024
2042 1025
2044 1025
2044 1026
2047 1026
2047 1027
2049 1027
2049 1028
2051 1028
2051 1029
2055 1029
2055 1030
2058 1030
2058 1031
2078 1031
2078 1030
2079 1030
2079 1029
2080 1029
2080 1028
2081 1028
2081 1027
2082 1027
2082 1026
2083 1026
2083 1025
2084 1025
2084 1024
2092 1024
2092 1022
2095 1022
2095 1023
2101 1023
2101 1022
2103 1022
2103 1021
2106 1021
2106 1020
2108 1020
2108 1019
2109 1019
2109 1018
2110 1018
2110 1017
2118 1017
2118 1016
2119 1016
2119 1013
2120 1013
2120 1012
2121 1012
2121 1010
2122 1010
2122 1006
2123 1006
2123 1005
2124 1005
2124 999
2125 999
2125 980
2126 980
2126 976
2127 976
2127 972
2128 972
2128 970
2129 970
2129 969
2130 969
2130 968
2131 968
2131 966
2134 966
2134 965
2135 965
2135 964
2137 964
2137 963
2139 963
2139 962
2140 962
2140 961
2141 961
2141 960
2142 960
2142 959
2143 959
2143 958
2144 958
2144 957
2145 957
2145 956
2147 956
2147 955
2148 955
2148 953
2149 953
2149 952
2150 952
2150 951
2151 951
2151 950
2152 950
2152 948
2153 948
2153 946
2154 946
2154 945
2155 945
2155 944
2156 944
2156 943
2157 943
2157 939
2158 939
2158 930
2159 930
2159 926
2160 926
2160 919
2161 919
2161 918
2162 918
2162 916
2163 916
2163 913
2164 913
2164 906
2165 906
2165 894
2166 894
2166 891
2167 891
2167 889
2168 889
2168 886
2169 886
2169 882
2170 882
2170 879
2171 879
2171 876
2172 876
2172 874
2173 874
2173 873
2174 873
2174 872
2182 872
2182 871
2187 871
2187 872
2192 872
2192 873
2201 873
2201 874
2203 874
2203 875
2204 875
2204 876
2208 876
2208 877
2209 877
2209 878
2211 878
2211 879
2213 879
2213 880
2214 880
2214 881
2215 881
2215 883
2216 883
2216 885
2217 885
2217 887
2218 887
2218 889
2219 889
2219 890
2220 890
2220 892
2221 892
2221 893
2224 893
2224 894
2225 894
2225 895
2226 895
2226 896
2227 896
2227 897
2228 897
2228 898
2229 898
2229 899
2230 899
2230 900
2231 900
2231 901
2232 901
2232 903
2233 903
2233 905
2234 905
2234 907
2235 907
2235 908
2236 908
2236 909
2237 909
2237 910
2239 910
2239 911
2240 911
2240 912
2244 912
2244 913
2248 913
2248 914
2253 914
2253 915
2255 915
2255 916
2258 916
2258 917
2259 917
2259 918
2260 918
2260 919
2261 919
2261 921
2262 921
2262 927
2263 927
2263 930
2264 930
2264 933
2265 933
2265 935
2266 935
2266 936
2267 936
2267 937
2268 937
2268 938
2272 938
2272 939
2275 939
2275 940
2279 940
2279 942
2281 942
2281 941
2285 941
2285 942
2287 942
2287 943
2291 943
2291 944
2296 944
2296 945
2297 945
2297 946
2299 946
2299 947
2301 947
2301 948
2302 948
2302 949
2303 949
2303 950
2305 950
2305 951
2306 951
2306 953
2307 953
2307 954
2309 954
2309 955
2311 955
2311 956
2312 956
2312 957
2313 957
2313 958
2314 958
2314 959
2316 959
2316 960
2318 960
2318 961
2319 961
2319 962
2323 962
2323 963
2326 963
2326 964
2328 964
2328 965
2329 965
2329 966
2330 966
2330 967
2332 967
2332 968
2333 968
2333 969
2334 969
2334 970
2335 970
2335 971
2338 971
2338 972
2341 972
2341 973
2347 973
2347 974
2349 974
2349 975
2351 975
2351 976
2352 976
2352 977
2355 977
2355 978
2356 978
2356 979
2358 979
2358 980
2359 980
2359 981
2377 981
2377 980
2386 980
2386 979
2394 979
2394 978
2396 978
2396 977
2398 977
2398 976
2399 976
2399 975
2404 975
2404 974
2409 974
2409 973
2410 973
2410 972
2412 972
2412 971
2417 971
2417 970
2418 970
2418 969
2419 969
2419 968
2421 968
2421 966
2422 966
2422 965
2423 965
2423 964
2424 964
2424 963
2425 963
2425 962
2426 962
2426 961
2427 961
2427 959
2428 959
2428 956
2429 956
2429 955
2430 955
2430 954
2431 954
2431 953
2432 953
2432 951
2433 951
2433 948
2434 948
2434 944
2435 944
2435 940
2436 940
2436 937
2437 937
2437 933
2438 933
2438 926
2439 926
2439 919
2440 919
2440 913
2441 913
2441 909
2442 909
2442 904
2443 904
2443 902
2444 902
2444 901
2445 901
2445 899
2446 899
2446 897
2447 897
2447 895
2448 895
2448 890
2449 890
2449 882
2450 882
2450 878
2451 878
2451 869
2452 869
2452 859
2453 859
2453 857
2454 857
2454 854
2455 854
2455 851
2456 851
2456 850
2457 850
2457 849
2462 849
2462 848
2463 848
2463 847
2465 847
2465 846
2466 846
2466 845
2467 845
2467 844
2468 844
2468 841
2469 841
2469 840
2470 840
2470 839
2471 839
2471 838
2472 838
2472 837
2473 837
2473 836
2474 836
2474 835
2475 835
2475 833
2476 833
2476 831
2477 831
2477 826
2478 826
2478 821
2479 821
2479 819
2480 819
2480 816
2481 816
2481 812
2482 812
2482 811
2483 811
2483 810
2484 810
2484 809
2485 809
2485 808
2496 808
2496 809
2499 809
2499 808
2502 808
2502 809
2527 809
2527 808
2528 808
2528 809
2530 809
2530 810
2532 810
2532 811
2533 811
2533 812
2534 812
2534 814
2535 814
2535 815
2536 815
2536 816
2538 816
2538 817
2541 817
2541 816
2545 816
2545 817
2546 817
2546 818
2548 818
2548 823
2549 823
2549 825
2550 825
2550 826
2551 826
2551 827
2557 827
2557 825
2561 825
2561 824
2564 824
2564 823
2566 823
2566 817
2565 817
2565 808
2566 808
2566 807
2567 807
2567 806
2571 806
2571 805
2575 805
2575 804
2577 804
2577 803
2579 803
2579 802
2582 802
2582 801
2583 801
2583 800
2585 800
2585 799
2586 799
2586 798
2587 798
2587 797
2588 797
2588 796
2589 796
2589 794
2590 794
2590 793
2591 793
2591 791
2592 791
2592 789
2593 789
2593 787
2594 787
2594 786
2595 786
2595 785
2596 785
2596 784
2597 784
2597 783
2598 783
2598 782
2600 782
2600 781
2601 781
2601 780
2602 780
2602 778
2603 778
2603 777
2604 777
2604 774
2605 774
2605 772
2606 772
2606 770
2607 770
2607 767
2608 767
2608 766
2609 766
2609 764
2610 764
2610 763
2611 763
2611 760
2614 760
2614 759
2616 759
2616 758
2618 758
2618 757
2619 757
2619 756
2622 756
2622 755
2624 755
2624 754
2625 754
2625 753
2627 753
2627 752
2630 752
2630 750
2631 750
2631 749
2634 749
2634 748
2635 748
2635 747
2636 747
2636 746
2637 746
2637 745
2639 745
2639 744
2640 744
2640 743
2642 743
2642 742
2644 742
2644 741
2645 741
2645 740
2649 740
2649 739
2653 739
2653 738
2654 738
2654 737
2678 737
2678 738
2680 738
2680 739
2681 739
2681 740
2683 740
2683 741
2687 741
2687 742
2690 742
2690 743
2694 743
2694 742
2695 742
2695 743
2697 743
2697 744
2701 744
2701 745
2702 745
2702 746
2703 746
2703 752
2704 752
2704 753
2705 753
2705 755
2706 755
2706 757
2708 757
2708 758
2711 758
2711 759
2712 759
2712 761
2713 761
2713 773
2714 773
2714 778
2713 778
2713 780
2714 780
2714 788
2715 788
2715 789
2716 789
2716 790
2720 790
2720 791
2724 791
2724 792
2729 792
2729 791
2732 791
2732 792
2734 792
2734 793
2749 793
2749 794
2757 794
2757 795
2762 795
2762 796
2763 796
2763 797
2765 797
2765 798
2766 798
2766 799
2767 799
2767 800
2770 800
2770 801
2773 801
2773 800
2775 800
2775 799
2791 799
2791 798
2796 798
2796 796
2797 796
2797 794
2800 794
2800 793
2801 793
2801 794
2809 794
2809 793
2813 793
2813 792
2814 792
2814 793
2816 793
2816 794
2817 794
2817 795
2818 795
2818 797
2819 797
2819 802
2820 802
2820 804
2821 804
2821 806
2823 806
2823 807
2824 807
2824 808
2832 808
2832 809
2835 809
2835 808
2836 808
2836 807
2842 807
2842 805
2843 805
2843 804
2844 804
2844 803
2850 803
2850 802
2856 802
2856 801
2859 801
2859 798
2860 798
2860 797
2861 797
2861 796
2862 796
2862 795
2863 795
2863 794
2865 794
2865 793
2867 793
2867 792
2869 792
2869 791
2870 791
2870 790
2871 790
2871 789
2872 789
2872 788
2873 788
2873 787
2874 787
2874 786
2875 786
2875 785
2878 785
2878 784
2879 784
2879 783
2881 783
2881 782
2882 782
2882 781
2883 781
2883 780
2884 780
2884 778
2885 778
2885 776
2886 776
2886 775
2889 775
2889 774
2890 774
2890 773
2891 773
2891 772
2893 772
2893 771
2894 771
2894 769
2895 769
2895 767
2896 767
2896 766
2897 766
2897 763
2898 763
2898 762
2899 762
2899 761
2900 761
2900 760
2901 760
2901 759
2903 759
2903 758
2904 758
2904 757
2905 757
2905 756
2906 756
2906 754
2907 754
2907 749
2908 749
2908 737
2909 737
2909 723
2910 723
2910 713
2911 713
2911 707
2912 707
2912 705
2913 705
2913 691
2914 691
2914 685
2915 685
2915 683
2916 683
2916 681
2917 681
2917 680
2918 680
2918 679
2919 679
2919 678
2920 678
2920 676
2921 676
2921 674
2922 674
2922 673
2924 673
2924 672
2925 672
2925 671
2926 671
2926 670
2928 670
2928 669
2930 669
2930 668
2931 668
2931 667
2932 667
2932 666
2933 666
2933 664
2934 664
2934 662
2935 662
2935 660
2936 660
2936 649
2937 649
2937 622
2938 622
2938 619
2939 619
2939 618
2940 618
2940 615
2941 615
2941 614
2942 614
2942 613
2943 613
2943 612
2946 612
2946 611
2948 611
2948 609
2949 609
2949 606
2950 606
2950 605
2951 605
2951 603
2952 603
2952 602
2953 602
2953 597
2954 597
2954 580
2955 580
2955 578
2956 578
2956 570
2957 570
2957 564
2958 564
2958 561
2959 561
2959 560
2964 560
2964 561
2965 561
2965 562
2968 562
2968 563
2969 563
2969 564
2970 564
2970 565
2972 565
2972 566
2973 566
2973 567
2975 567
2975 568
2977 568
2977 569
2992 569
2992 570
2997 570
2997 569
2999 569
2999 568
3000 568
3000 567
3003 567
3003 566
3004 566
3004 565
3005 565
3005 564
3006 564
3006 563
3008 563
3008 564
3011 564
3011 562
3012 562
3012 558
3013 558
3013 557
3014 557
3014 556
3017 556
3017 557
3018 557
3018 560
3019 560
3019 566
3020 566
3020 567
3021 567
3021 568
3023 568
3023 569
3030 569
3030 570
3033 570
3033 569
3037 569
3037 568
3039 568
3039 567
3041 567
3041 565
3042 565
3042 564
3044 564
3044 563
3046 563
3046 562
3047 562
3047 561
3048 561
3048 560
3049 560
3049 559
3050 559
3050 557
3051 557
3051 556
3052 556
3052 554
3053 554
3053 548
3054 548
3054 546
3053 546
3053 544
3052 544
3052 541
3051 541
3051 540
3050 540
3050 533
3051 533
3051 532
3053 532
3053 531
3058 531
3058 530
3060 530
3060 529
3062 529
3062 528
3063 528
3063 527
3069 527
3069 526
3071 526
3071 525
3077 525
3077 526
3078 526
3078 527
3079 527
3079 528
3080 528
3080 531
3079 531
3079 548
3080 548
3080 550
3081 550
3081 551
3082 551
3082 553
3083 553
3083 554
3084 554
3084 555
3088 555
3088 554
3090 554
3090 555
3098 555
3098 556
3103 556
3103 557
3109 557
3109 558
3111 558
3111 559
3116 559
3116 558
3119 558
3119 557
3123 557
3123 556
3126 556
3126 555
3129 555
3129 554
3131 554
3131 553
3133 553
3133 552
3134 552
3134 551
3136 551
3136 550
3137 550
3137 549
3139 549
3139 548
3140 548
3140 547
3141 547
3141 546
3142 546
3142 545
3143 545
3143 544
3145 544
3145 541
3146 541
3146 526
3147 526
3147 518
3148 518
3148 513
3147 513
3147 511
3148 511
3148 506
3149 506
3149 505
3150 505
3150 504
3151 504
3151 503
3153 503
3153 502
3155 502
3155 501
3156 501
3156 500
3157 500
3157 499
3158 499
3158 497
3159 497
3159 496
3167 496
3167 495
3168 495
3168 494
3169 494
3169 493
3170 493
3170 492
3171 492
3171 489
3172 489
3172 483
3173 483
3173 467
3174 467
3174 447
3175 447
3175 430
3176 430
3176 412
3177 412
3177 398
3178 398
3178 380
3179 380
3179 375
3180 375
3180 374
3181 374
3181 373
3185 373
3185 374
3188 374
3188 373
3190 373
3190 372
3193 372
3193 373
3195 373
3195 374
3197 374
3197 375
3201 375
3201 376
3203 376
3203 377
3204 377
3204 378
3205 378
3205 380
3206 380
3206 382
3207 382
3207 384
3208 384
3208 385
3209 385
3209 386
3214 386
3214 387
3220 387
3220 386
3223 386
3223 385
3225 385
3225 384
3226 384
3226 383
3227 383
3227 382
3228 382
3228 381
3229 381
3229 379
3230 379
3230 378
3232 378
3232 377
3234 377
3234 376
3235 376
3235 374
3236 374
3236 373
3237 373
3237 372
3238 372
3238 371
3240 371
3240 370
3249 370
3249 371
3250 371
3250 372
3251 372
3251 395
3252 395
3252 397
3253 397
3253 398
3254 398
3254 400
3257 400
3257 401
3260 401
3260 402
3270 402
3270 401
3274 401
3274 402
3275 402
3275 401
3281 401
3281 400
3283 400
3283 398
3284 398
3284 397
3289 397
3289 396
3293 396
3293 395
3302 395
3302 396
3305 396
3305 397
3309 397
3309 398
3315 398
3315 397
3318 397
3318 396
3320 396
3320 395
3324 395
3324 394
3329 394
3329 393
3332 393
3332 392
3336 392
3336 391
3342 391
3342 390
3344 390
3344 389
3345 389
3345 388
3347 388
3347 387
3349 387
3349 386
3350 386
3350 385
3351 385
3351 384
3352 384
3352 383
3353 383
3353 362
3354 362
3354 348
3355 348
3355 327
3356 327
3356 311
3357 311
3357 286
3358 286
3358 271
3359 271
3359 246
3360 246
3360 237
3361 237
3361 221
3362 221
3362 218
3363 218
3363 215
3364 215
3364 214
3365 214
3365 212
3368 212
3368 211
3369 211
3369 210
3370 210
3370 209
3371 209
3371 208
3372 208
3372 207
3373 207
3373 204
3374 204
3374 202
3375 202
3375 194
3376 194
3376 172
3377 172
3377 162
3378 162
3378 151
3379 151
3379 148
3380 148
3380 138
3381 138
3381 131
3382 131
3382 130
3383 130
3383 129
3388 129
3388 128
3394 128
3394 129
3400 129
3400 128
3422 128
3422 127
3429 127
3429 128
3432 128
3432 130
3434 130
3434 131
3447 131
3447 130
3453 130
3453 129
3457 129
3457 130
3462 130
3462 131
3463 131
3463 132
3464 132
3464 133
3466 133
3466 132
3479 132
3479 131
3480 131
3480 130
3486 130
3486 129
3489 129
3489 128
3494 128
3494 127
3497 127
3497 126
3499 126
3499 125
3503 125
3503 126
3505 126
3505 127
3506 127
3506 128
3507 128
3507 129
3509 129
3509 130
3510 130
3510 131
3512 131
3512 132
3517 132
3517 133
3512 133
3512 132
3510 132
3510 131
3509 131
3509 130
3507 130
3507 129
3506 129
3506 128
3505 128
3505 127
3503 127
3503 126
3499 126
3499 127
3497 127
3497 128
3494 128
3494 129
3489 129
3489 130
3486 130
3486 131
3480 131
3480 132
3479 132
3479 133
3468 133
3468 134
3463 134
3463 132
3462 132
3462 131
3457 131
3457 130
3453 130
3453 131
3447 131
3447 132
3434 132
3434 131
3432 131
3432 130
3431 130
3431 129
3429 129
3429 128
3422 128
3422 129
3400 129
3400 130
3394 130
3394 129
3388 129
3388 130
3383 130
3383 131
3382 131
3382 138
3381 138
3381 148
3380 148
3380 151
3379 151
3379 162
3378 162
3378 172
3377 172
3377 194
3376 194
3376 202
3375 202
3375 204
3374 204
3374 207
3373 207
3373 208
3372 208
3372 209
3371 209
3371 210
3370 210
3370 211
3369 211
3369 212
3368 212
3368 213
3366 213
3366 214
3365 214
3365 215
3364 215
3364 219
3363 219
3363 221
3362 221
3362 237
3361 237
3361 246
3360 246
3360 271
3359 271
3359 286
3358 286
3358 311
3357 311
3357 327
3356 327
3356 348
3355 348
3355 362
3354 362
3354 383
3353 383
3353 384
3352 384
3352 385
3351 385
3351 386
3350 386
3350 387
3349 387
3349 388
3347 388
3347 389
3345 389
3345 390
3344 390
3344 391
3342 391
3342 392
3336 392
3336 393
3332 393
3332 394
3329 394
3329 395
3324 395
3324 396
3320 396
3320 397
3318 397
3318 398
3315 398
3315 399
3309 399
3309 398
3305 398
3305 397
3302 397
3302 396
3293 396
3293 397
3289 397
3289 398
3284 398
3284 400
3283 400
3283 401
3281 401
3281 402
3275 402
3275 403
3274 403
3274 402
3270 402
3270 403
3260 403
3260 402
3257 402
3257 401
3254 401
3254 400
3253 400
3253 398
3252 398
3252 397
3251 397
3251 395
3250 395
3250 372
3249 372
3249 371
3240 371
3240 372
3238 372
3238 373
3237 373
3237 374
3236 374
3236 376
3235 376
3235 377
3234 377
3234 378
3232 378
3232 379
3230 379
3230 381
3229 381
3229 382
3228 382
3228 383
3227 383
3227 384
3226 384
3226 385
3225 385
3225 386
3223 386
3223 387
3220 387
3220 388
3214 388
3214 387
3209 387
3209 386
3208 386
3208 385
3207 385
3207 384
3206 384
3206 382
3205 382
3205 380
3204 380
3204 378
3203 378
3203 377
3201 377
3201 376
3197 376
3197 375
3195 375
3195 374
3193 374
3193 373
3190 373
3190 374
3188 374
3188 375
3185 375
3185 374
3181 374
3181 375
3180 375
3180 380
3179 380
3179 398
3178 398
3178 412
3177 412
3177 430
3176 430
3176 447
3175 447
3175 467
3174 467
3174 483
3173 483
3173 489
3172 489
3172 492
3171 492
3171 493
3170 493
3170 494
3169 494
3169 495
3168 495
3168 496
3167 496
3167 497
3159 497
3159 499
3158 499
3158 500
3157 500
3157 501
3156 501
3156 502
3155 502
3155 503
3153 503
3153 504
3151 504
3151 505
3150 505
3150 506
3149 506
3149 511
3148 511
3148 513
3149 513
3149 518
3148 518
3148 526
3147 526
3147 541
3146 541
3146 544
3145 544
3145 545
3143 545
3143 546
3142 546
3142 547
3141 547
3141 548
3140 548
3140 549
3139 549
3139 550
3137 550
3137 551
3136 551
3136 552
3134 552
3134 553
3133 553
3133 554
3131 554
3131 555
3129 555
3129 556
3126 556
3126 557
3123 557
3123 558
3119 558
3119 559
3116 559
3116 560
3111 560
3111 559
3109 559
3109 558
3103 558
3103 557
3098 557
3098 556
3090 556
3090 555
3088 555
3088 556
3084 556
3084 555
3083 555
3083 554
3082 554
3082 553
3081 553
3081 551
3080 551
3080 550
3079 550
3079 548
3078 548
3078 531
3079 531
3079 528
3078 528
3078 527
3077 527
3077 526
3071 526
3071 527
3069 527
3069 528
3063 528
3063 529
3062 529
3062 530
3060 530
3060 531
3058 531
3058 532
3053 532
3053 533
3051 533
3051 540
3052 540
3052 541
3053 541
3053 544
3054 544
3054 546
3055 546
3055 548
3054 548
3054 554
3053 554
3053 556
3052 556
3052 557
3051 557
3051 559
3050 559
3050 560
3049 560
3049 561
3048 561
3048 562
3047 562
3047 563
3046 563
3046 564
3044 564
3044 565
3042 565
3042 567
3041 567
3041 568
3039 568
3039 569
3037 569
3037 570
3033 570
3033 571
3030 571
3030 570
3023 570
3023 569
3021 569
3021 568
3020 568
3020 567
3019 567
3019 566
3018 566
3018 560
3017 560
3017 557
3014 557
3014 558
3013 558
3013 562
3012 562
3012 564
3011 564
3011 565
3008 565
3008 564
3006 564
3006 565
3005 565
3005 566
3004 566
3004 567
3003 567
3003 568
3000 568
3000 569
2999 569
2999 570
2997 570
2997 571
2992 571
2992 570
2977 570
2977 569
2975 569
2975 568
2973 568
2973 567
2972 567
2972 566
2970 566
2970 565
2969 565
2969 564
2968 564
2968 563
2965 563
2965 562
2964 562
2964 561
2959 561
2959 564
2958 564
2958 570
2957 570
2957 578
2956 578
2956 580
2955 580
2955 597
2954 597
2954 602
2953 602
2953 603
2952 603
2952 605
2951 605
2951 606
2950 606
2950 609
2949 609
2949 611
2948 611
2948 612
2946 612
2946 613
2943 613
2943 614
2942 614
2942 615
2941 615
2941 618
2940 618
2940 619
2939 619
2939 622
2938 622
2938 649
2937 649
2937 660
2936 660
2936 662
2935 662
2935 664
2934 664
2934 666
2933 666
2933 667
2932 667
2932 668
2931 668
2931 669
2930 669
2930 670
2928 670
2928 671
2926 671
2926 672
2925 672
2925 673
2924 673
2924 674
2922 674
2922 676
2921 676
2921 678
2920 678
2920 679
2919 679
2919 680
2918 680
2918 681
2917 681
2917 683
2916 683
2916 685
2915 685
2915 691
2914 691
2914 705
2913 705
2913 707
2912 707
2912 713
2911 713
2911 723
2910 723
2910 737
2909 737
2909 749
2908 749
2908 754
2907 754
2907 756
2906 756
2906 757
2905 757
2905 758
2904 758
2904 759
2903 759
2903 760
2901 760
2901 761
2900 761
2900 762
2899 762
2899 763
2898 763
2898 766
2897 766
2897 767
2896 767
2896 769
2895 769
2895 771
2894 771
2894 772
2893 772
2893 773
2891 773
2891 774
2890 774
2890 775
2889 775
2889 776
2886 776
2886 778
2885 778
2885 780
2884 780
2884 781
2883 781
2883 782
2882 782
2882 783
2881 783
2881 784
2879 784
2879 785
2878 785
2878 786
2875 786
2875 787
2874 787
2874 788
2873 788
2873 789
2872 789
2872 790
2871 790
2871 791
2870 791
2870 792
2869 792
2869 793
2867 793
2867 794
2865 794
2865 795
2863 795
2863 796
2862 796
2862 797
2861 797
2861 798
2860 798
2860 801
2859 801
2859 802
2856 802
2856 803
2850 803
2850 804
2844 804
2844 805
2843 805
2843 808
2836 808
2836 809
2835 809
2835 810
2832 810
2832 809
2823 809
2823 807
2821 807
2821 806
2820 806
2820 804
2819 804
2819 802
2818 802
2818 797
2817 797
2817 795
2816 795
2816 794
2814 794
2814 793
2813 793
2813 794
2809 794
2809 795
2801 795
2801 794
2800 794
2800 795
2798 795
2798 796
2797 796
2797 798
2796 798
2796 799
2791 799
2791 800
2775 800
2775 801
2773 801
2773 802
2770 802
2770 801
2767 801
2767 800
2766 800
2766 799
2765 799
2765 798
2763 798
2763 797
2762 797
2762 796
2757 796
2757 795
2749 795
2749 794
2734 794
2734 793
2732 793
2732 792
2729 792
2729 793
2724 793
2724 792
2720 792
2720 791
2716 791
2716 790
2715 790
2715 789
2714 789
2714 788
2713 788
2713 780
2712 780
2712 778
2713 778
2713 773
2712 773
2712 761
2711 761
2711 759
2708 759
2708 758
2706 758
2706 757
2705 757
2705 755
2704 755
2704 753
2703 753
2703 752
2702 752
2702 746
2701 746
2701 745
2697 745
2697 744
2695 744
2695 743
2694 743
2694 744
2690 744
2690 743
2687 743
2687 742
2683 742
2683 741
2681 741
2681 740
2680 740
2680 739
2678 739
2678 738
2654 738
2654 739
2653 739
2653 740
2649 740
2649 741
2645 741
2645 742
2644 742
2644 743
2642 743
2642 744
2640 744
2640 745
2639 745
2639 746
2637 746
2637 747
2636 747
2636 748
2635 748
2635 749
2634 749
2634 750
2631 750
2631 752
2630 752
2630 753
2627 753
2627 754
2625 754
2625 755
2624 755
2624 756
2622 756
2622 757
2619 757
2619 758
2618 758
2618 759
2616 759
2616 760
2614 760
2614 761
2612 761
2612 763
2611 763
2611 764
2610 764
2610 766
2609 766
2609 767
2608 767
2608 770
2607 770
2607 772
2606 772
2606 774
2605 774
2605 777
2604 777
2604 778
2603 778
2603 780
2602 780
2602 781
2601 781
2601 782
2600 782
2600 783
2598 783
2598 784
2597 784
2597 785
2596 785
2596 786
2595 786
2595 787
2594 787
2594 789
2593 789
2593 791
2592 791
2592 793
2591 793
2591 794
2590 794
2590 796
2589 796
2589 797
2588 797
2588 798
2587 798
2587 799
2586 799
2586 800
2585 800
2585 801
2583 801
2583 802
2582 802
2582 803
2579 803
2579 804
2577 804
2577 805
2575 805
2575 806
2571 806
2571 807
2567 807
2567 808
2566 808
2566 817
2567 817
2567 823
2566 823
2566 824
2564 824
2564 825
2561 825
2561 826
2558 826
2558 827
2557 827
2557 828
2551 828
2551 827
2550 827
2550 826
2549 826
2549 825
2548 825
2548 823
2547 823
2547 819
2546 819
2546 818
2545 818
2545 817
2541 817
2541 818
2538 818
2538 817
2536 817
2536 816
2535 816
2535 815
2534 815
2534 814
2533 814
2533 812
2532 812
2532 811
2530 811
2530 810
2528 810
2528 809
2527 809
2527 810
2502 810
2502 809
2499 809
2499 810
2496 810
2496 809
2485 809
2485 810
2484 810
2484 811
2483 811
2483 812
2482 812
2482 816
2481 816
2481 819
2480 819
2480 821
2479 821
2479 826
2478 826
2478 831
2477 831
2477 833
2476 833
2476 835
2475 835
2475 836
2474 836
2474 837
2473 837
2473 838
2472 838
2472 839
2471 839
2471 840
2470 840
2470 841
2469 841
2469 844
2468 844
2468 845
2467 845
2467 846
2466 846
2466 847
2465 847
2465 848
2463 848
2463 849
2462 849
2462 850
2457 850
2457 851
2456 851
2456 854
2455 854
2455 857
2454 857
2454 859
2453 859
2453 869
2452 869
2452 878
2451 878
2451 882
2450 882
2450 890
2449 890
2449 895
2448 895
2448 897
2447 897
2447 899
2446 899
2446 901
2445 901
2445 902
2444 902
2444 904
2443 904
2443 909
2442 909
2442 913
2441 913
2441 919
2440 919
2440 926
2439 926
2439 933
2438 933
2438 937
2437 937
2437 940
2436 940
2436 944
2435 944
2435 948
2434 948
2434 951
2433 951
2433 953
2432 953
2432 954
2431 954
2431 955
2430 955
2430 956
2429 956
2429 959
2428 959
2428 961
2427 961
2427 962
2426 962
2426 963
2425 963
2425 964
2424 964
2424 965
2423 965
2423 966
2422 966
2422 968
2421 968
2421 969
2419 969
2419 970
2418 970
2418 971
2417 971
2417 972
2412 972
2412 973
2410 973
2410 974
2409 974
2409 975
2404 975
2404 976
2399 976
2399 977
2398 977
2398 978
2396 978
2396 979
2394 979
2394 980
2386 980
2386 981
2377 981
2377 982
2359 982
2359 981
2358 981
2358 980
2356 980
2356 979
2355 979
2355 978
2352 978
2352 977
2351 977
2351 976
2349 976
2349 975
2347 975
2347 974
2341 974
2341 973
2338 973
2338 972
2335 972
2335 971
2334 971
2334 970
2333 970
2333 969
2332 969
2332 968
2330 968
2330 967
2329 967
2329 966
2328 966
2328 965
2326 965
2326 964
2323 964
2323 963
2319 963
2319 962
2318 962
2318 961
2316 961
2316 960
2314 960
2314 959
2313 959
2313 958
2312 958
2312 957
2311 957
2311 956
2309 956
2309 955
2307 955
2307 954
2306 954
2306 953
2305 953
2305 951
2303 951
2303 950
2302 950
2302 949
2301 949
2301 948
2299 948
2299 947
2297 947
2297 946
2296 946
2296 945
2291 945
2291 944
2287 944
2287 943
2285 943
2285 942
2281 942
2281 943
2279 943
2279 942
2278 942
2278 941
2275 941
2275 940
2272 940
2272 939
2268 939
2268 938
2267 938
2267 937
2266 937
2266 936
2265 936
2265 935
2264 935
2264 933
2263 933
2263 930
2262 930
2262 927
2261 927
2261 921
2260 921
2260 919
2259 919
2259 918
2258 918
2258 917
2255 917
2255 916
2253 916
2253 915
2248 915
2248 914
2244 914
2244 913
2240 913
2240 912
2239 912
2239 911
2237 911
2237 910
2236 910
2236 909
2235 909
2235 908
2234 908
2234 907
2233 907
2233 905
2232 905
2232 903
2231 903
2231 901
2230 901
2230 900
2229 900
2229 899
2228 899
2228 898
2227 898
2227 897
2226 897
2226 896
2225 896
2225 895
2224 895
2224 894
2221 894
2221 893
2220 893
2220 892
2219 892
2219 890
2218 890
2218 889
2217 889
2217 887
2216 887
2216 885
2215 885
2215 883
2214 883
2214 881
2213 881
2213 880
2211 880
2211 879
2209 879
2209 878
2208 878
2208 877
2204 877
2204 876
2203 876
2203 875
2201 875
2201 874
2192 874
2192 873
2187 873
2187 872
2182 872
2182 873
2174 873
2174 874
2173 874
2173 876
2172 876
2172 879
2171 879
2171 882
2170 882
2170 886
2169 886
2169 889
2168 889
2168 891
2167 891
2167 894
2166 894
2166 906
2165 906
2165 913
2164 913
2164 916
2163 916
2163 918
2162 918
2162 919
2161 919
2161 926
2160 926
2160 930
2159 930
2159 939
2158 939
2158 943
2157 943
2157 944
2156 944
2156 945
2155 945
2155 946
2154 946
2154 948
2153 948
2153 950
2152 950
2152 951
2151 951
2151 952
2150 952
2150 953
2149 953
2149 955
2148 955
2148 956
2147 956
2147 957
2145 957
2145 958
2144 958
2144 959
2143 959
2143 960
2142 960
2142 961
2141 961
2141 962
2140 962
2140 963
2139 963
2139 964
2137 964
2137 965
2135 965
2135 966
2134 966
2134 967
2132 967
2132 968
2131 968
2131 969
2130 969
2130 970
2129 970
2129 972
2128 972
2128 976
2127 976
2127 980
2126 980
2126 999
2125 999
2125 1005
2124 1005
2124 1006
2123 1006
2123 1010
2122 1010
2122 1013
2120 1013
2120 1016
2119 1016
2119 1017
2118 1017
2118 1018
2110 1018
2110 1019
2109 1019
2109 1020
2108 1020
2108 1021
2106 1021
2106 1022
2103 1022
2103 1023
2101 1023
2101 1024
2095 1024
2095 1023
2093 1023
2093 1024
2092 1024
2092 1025
2084 1025
2084 1026
2083 1026
2083 1027
2082 1027
2082 1028
2081 1028
2081 1029
2080 1029
2080 1030
2079 1030
2079 1031
2078 1031
2078 1032
2058 1032
2058 1031
2055 1031
2055 1030
2051 1030
2051 1029
2049 1029
2049 1028
2047 1028
2047 1027
2044 1027
2044 1026
2042 1026
2042 1025
2040 1025
2040 1024
2039 1024
2039 1023
2038 1023
2038 1022
2037 1022
2037 1020
2036 1020
2036 1018
2035 1018
2035 1014
2034 1014
2034 992
2033 992
2033 985
2032 985
2032 983
2030 983
2030 982
2028 982
2028 981
2025 981
2025 980
2023 980
2023 979
2022 979
2022 978
2021 978
2021 977
2015 977
2015 976
2013 976
2013 975
2009 975
2009 974
2008 974
2008 973
2007 973
2007 972
2006 972
2006 971
2005 971
2005 969
2004 969
2004 960
2003 960
2003 955
2002 955
2002 952
2001 952
2001 947
2000 947
2000 945
1999 945
1999 944
1997 944
1997 943
1996 943
1996 942
1993 942
1993 941
1989 941
1989 940
1987 940
1987 939
1986 939
1986 938
1985 938
1985 937
1984 937
1984 936
1983 936
1983 934
1982 934
1982 932
1981 932
1981 930
1980 930
1980 920
1979 920
1979 916
1978 916
1978 905
1977 905
1977 904
1966 904
1966 905
1963 905
1963 908
1962 908
1962 910
1961 910
1961 911
1960 911
1960 912
1959 912
1959 913
1958 913
1958 914
1957 914
1957 915
1955 915
1955 916
1954 916
1954 917
1946 917
1946 918
1944 918
1944 920
1939 920
1939 921
1936 921
1936 923
1935 923
1935 927
1934 927
1934 931
1933 931
1933 937
1932 937
1932 938
1933 938
1933 944
1932 944
1932 951
1933 951
1933 956
1932 956
1932 972
1933 972
1933 983
1932 983
1932 984
1931 984
1931 989
1930 989
1930 990
1929 990
1929 991
1928 991
1928 992
1927 992
1927 994
1926 994
1926 995
1925 995
1925 996
1924 996
1924 997
1923 997
1923 998
1922 998
1922 999
1921 999
1921 1000
1920 1000
1920 1001
1918 1001
1918 1002
1911 1002
1911 1001
1909 1001
1909 1000
1908 1000
1908 999
1906 999
1906 998
1905 998
1905 997
1903 997
1903 996
1900 996
1900 995
1890 995
1890 996
1884 996
1884 995
1883 995
1883 996
1876 996
1876 997
1874 997
1874 998
1871 998
1871 999
1868 999
1868 1000
1865 1000
1865 1001
1844 1001
1844 1002
1842 1002
1842 1004
1841 1004
1841 1007
1840 1007
1840 1027
1841 1027
1841 1031
1840 1031
1840 1033
1839 1033
1839 1036
1838 1036
1838 1038
1837 1038
1837 1039
1836 1039
1836 1041
1835 1041
1835 1042
1834 1042
1834 1043
1831 1043
1831 1044
1828 1044
1828 1046
1827 1046
1827 1049
1825 1049
1825 1050
1823 1050
1823 1051
1820 1051
1820 1052
1818 1052
1818 1053
1815 1053
1815 1054
1812 1054
1812 1055
1809 1055
1809 1056
1808 1056
1808 1057
1807 1057
1807 1058
1800 1058
1800 1059
1777 1059
1777 1058
1773 1058
1773 1057
1765 1057
1765 1056
1759 1056
1759 1055
1751 1055
1751 1054
1749 1054
1749 1055
1747 1055
1747 1054
1737 1054
1737 1053
1735 1053
1735 1052
1733 1052
1733 1051
1732 1051
1732 1050
1730 1050
1730 1049
1729 1049
1729 1048
1728 1048
1728 1046
1727 1046
1727 1045
1726 1045
1726 1043
1725 1043
1725 1042
1724 1042
1724 1041
1723 1041
1723 1040
1722 1040
1722 1038
1721 1038
1721 1036
1720 1036
1720 1035
1719 1035
1719 1034
1716 1034
1716 1033
1715 1033
1715 1032
1714 1032
1714 1031
1713 1031
1713 1030
1712 1030
1712 1029
1711 1029
1711 1028
1710 1028
1710 1027
1709 1027
1709 1026
1708 1026
1708 1022
1707 1022
1707 1020
1706 1020
1706 1019
1702 1019
1702 1018
1701 1018
1701 1017
1700 1017
1700 1010
1699 1010
1699 995
1698 995
1698 983
1697 983
1697 982
1694 982
1694 981
1690 981
1690 980
1687 980
1687 979
1686 979
1686 978
1684 978
1684 977
1683 977
1683 976
1678 976
1678 975
1675 975
1675 974
1668 974
1668 973
1664 973
1664 972
1663 972
1663 971
1662 971
1662 969
1661 969
1661 967
1660 967
1660 964
1659 964
1659 959
1658 959
1658 958
1657 958
1657 957
1656 957
1656 956
1655 956
1655 955
1652 955
1652 954
1648 954
1648 953
1640 953
1640 952
1638 952
1638 951
1637 951
1637 950
1636 950
1636 949
1634 949
1634 948
1633 948
1633 947
1632 947
1632 946
1631 946
1631 945
1628 945
1628 944
1622 944
1622 943
1619 943
1619 942
1612 942
1612 941
1609 941
1609 940
1601 940
1601 939
1594 939
1594 938
1592 938
1592 937
1590 937
1590 936
1588 936
1588 935
1585 935
1585 934
1584 934
1584 933
1583 933
1583 932
1582 932
1582 931
1581 931
1581 930
1580 930
1580 929
1572 929
1572 928
1571 928
1571 927
1570 927
1570 926
1569 926
1569 925
1568 925
1568 923
1567 923
1567 920
1566 920
1566 918
1565 918
1565 916
1564 916
1564 915
1556 915
1556 914
1553 914
1553 915
1544 915
1544 917
1543 917
1543 920
1542 920
1542 924
1541 924
1541 925
1540 925
1540 926
1534 926
1534 927
1533 927
1533 928
1531 928
1531 929
1528 929
1528 930
1526 930
1526 932
1525 932
1525 937
1524 937
1524 939
1523 939
1523 940
1522 940
1522 941
1521 941
1521 942
1520 942
1520 943
1519 943
1519 944
1518 944
1518 945
1516 945
1516 946
1515 946
1515 947
1513 947
1513 948
1512 948
1512 950
1511 950
1511 951
1510 951
1510 952
1508 952
1508 953
1504 953
1504 954
1496 954
1496 953
1495 953
1495 952
1489 952
1489 953
1488 953
1488 964
1487 964
1487 966
1486 966
1486 967
1485 967
1485 968
1484 968
1484 969
1483 969
1483 970
1478 970
1478 969
1476 969
1476 968
1475 968
1475 967
1473 967
1473 966
1468 966
1468 968
1467 968
1467 970
1466 970
1466 972
1465 972
1465 973
1464 973
1464 974
1463 974
1463 976
1462 976
1462 977
1461 977
1461 978
1460 978
1460 979
1459 979
1459 980
1457 980
1457 981
1456 981
1456 982
1455 982
1455 989
1456 989
1456 999
1455 999
1455 1002
1454 1002
1454 1005
1453 1005
1453 1007
1452 1007
1452 1009
1451 1009
1451 1011
1450 1011
1450 1012
1449 1012
1449 1013
1448 1013
1448 1014
1447 1014
1447 1015
1446 1015
1446 1016
1444 1016
1444 1017
1443 1017
1443 1018
1442 1018
1442 1019
1440 1019
1440 1020
1433 1020
1433 1021
1414 1021
1414 1022
1411 1022
1411 1023
1403 1023
1403 1022
1402 1022
1402 1023
1397 1023
1397 1024
1395 1024
1395 1023
1391 1023
1391 1022
1389 1022
1389 1021
1388 1021
1388 1020
1387 1020
1387 1019
1386 1019
1386 1018
1385 1018
1385 1016
1384 1016
1384 1012
1385 1012
1385 1011
1384 1011
1384 1009
1383 1009
1383 1008
1382 1008
1382 1007
1381 1007
1381 1006
1377 1006
1377 1005
1375 1005
1375 1004
1373 1004
1373 1003
1372 1003
1372 1002
1371 1002
1371 999
1370 999
1370 994
1369 994
1369 976
1368 976
1368 968
1367 968
1367 966
1366 966
1366 963
1365 963
1365 962
1362 962
1362 961
1359 961
1359 960
1355 960
1355 959
1353 959
1353 958
1345 958
1345 957
1343 957
1343 958
1341 958
1341 959
1340 959
1340 960
1339 960
1339 961
1338 961
1338 962
1337 962
1337 963
1336 963
1336 965
1332 965
1332 964
1330 964
1330 965
1329 965
1329 966
1328 966
1328 965
1324 965
1324 964
1323 964
1323 963
1322 963
1322 962
1321 962
1321 961
1320 961
1320 957
1319 957
1319 949
1318 949
1318 948
1317 948
1317 947
1316 947
1316 944
1315 944
1315 943
1314 943
1314 941
1313 941
1313 938
1312 938
1312 936
1311 936
1311 930
1310 930
1310 926
1309 926
1309 921
1308 921
1308 894
1307 894
1307 885
1306 885
1306 878
1305 878
1305 874
1304 874
1304 867
1302 867
1302 866
1301 866
1301 865
1300 865
1300 866
1292 866
1292 865
1275 865
1275 864
1271 864
1271 863
1267 863
1267 864
1261 864
1261 865
1252 865
1252 866
1244 866
1244 867
1243 867
1243 868
1241 868
1241 869
1240 869
1240 870
1237 870
1237 871
1235 871
1235 872
1233 872
1233 873
1232 873
1232 874
1231 874
1231 875
1230 875
1230 876
1229 876
1229 877
1228 877
1228 878
1227 878
1227 879
1225 879
1225 881
1224 881
1224 883
1223 883
1223 884
1222 884
1222 886
1221 886
1221 889
1220 889
1220 891
1219 891
1219 892
1218 892
1218 893
1216 893
1216 895
1215 895
1215 896
1214 896
1214 898
1213 898
1213 899
1212 899
1212 900
1211 900
1211 901
1210 901
1210 902
1209 902
1209 903
1208 903
1208 904
1203 904
1203 903
1201 903
1201 902
1200 902
1200 901
1199 901
1199 900
1198 900
1198 899
1190 899
1190 898
1189 898
1189 897
1185 897
1185 900
1183 900
1183 901
1182 901
1182 902
1181 902
1181 903
1180 903
1180 904
1179 904
1179 905
1178 905
1178 906
1177 906
1177 908
1176 908
1176 910
1175 910
1175 911
1173 911
1173 912
1172 912
1172 913
1171 913
1171 914
1168 914
1168 915
1166 915
1166 916
1163 916
1163 917
1162 917
1162 918
1160 918
1160 919
1154 919
1154 918
1152 918
1152 917
1151 917
1151 916
1148 916
1148 917
1142 917
1142 916
1141 916
1141 915
1138 915
1138 914
1136 914
1136 913
1122 913
1122 914
1119 914
1119 915
1116 915
1116 916
1110 916
1110 915
1109 915
1109 914
1107 914
1107 913
1106 913
1106 911
1105 911
1105 907
1104 907
1104 904
1103 904
1103 894
1102 894
1102 879
1101 879
1101 849
1100 849
1100 843
1099 843
1099 842
1098 842
1098 841
1097 841
1097 840
1095 840
1095 839
1094 839
1094 838
1093 838
1093 837
1092 837
1092 836
1091 836
1091 834
1090 834
1090 833
1089 833
1089 831
1088 831
1088 829
1087 829
1087 825
1086 825
1086 806
1085 806
1085 799
1084 799
1084 776
1083 776
1083 748
1082 748
1082 735
1079 735
1079 736
1078 736
1078 738
1077 738
1077 739
1076 739
1076 740
1075 740
1075 741
1074 741
1074 742
1070 742
1070 743
1067 743
1067 744
1065 744
1065 745
1063 745
1063 746
1062 746
1062 747
1056 747
1056 748
1052 748
1052 749
1050 749
1050 750
1048 750
1048 751
1047 751
1047 752
1042 752
1042 753
1040 753
1040 754
1035 754
1035 755
1027 755
1027 756
1026 756
1026 758
1027 758
1027 762
1028 762
1028 769
1029 769
1029 777
1028 777
1028 778
1027 778
1027 779
1022 779
1022 780
1021 780
1021 781
1020 781
1020 782
1019 782
1019 785
1015 785
1015 786
1013 786
1013 787
1009 787
1009 788
1001 788
1001 789
995 789
995 788
993 788
993 787
989 787
989 786
988 786
988 785
986 785
986 784
982 784
982 785
980 785
980 786
978 786
978 787
977 787
977 788
976 788
976 789
973 789
973 790
972 790
972 791
968 791
968 792
965 792
965 793
964 793
964 794
961 794
961 795
958 795
958 796
946 796
946 795
944 795
944 794
942 794
942 793
941 793
941 792
938 792
938 791
933 791
933 790
932 790
932 789
931 789
931 788
930 788
930 787
929 787
929 780
928 780
928 777
927 777
927 774
925 774
925 773
923 773
923 772
922 772
922 771
919 771
919 770
918 770
918 769
917 769
917 768
916 768
916 766
915 766
915 764
914 764
914 753
907 753
907 754
898 754
898 753
896 753
896 752
894 752
894 751
893 751
893 750
892 750
892 749
890 749
890 748
889 748
889 747
885 747
885 746
881 746
881 745
880 745
880 743
879 743
879 736
878 736
878 730
877 730
877 727
876 727
876 726
874 726
874 725
872 725
872 724
868 724
868 723
867 723
867 722
866 722
866 720
865 720
865 715
864 715
864 675
863 675
863 658
862 658
862 653
861 653
861 652
856 652
856 653
854 653
854 654
852 654
852 655
846 655
846 656
844 656
844 657
841 657
841 656
840 656
840 657
837 657
837 658
834 658
834 659
832 659
832 660
819 660
819 661
818 661
818 662
817 662
817 664
818 664
818 674
819 674
819 679
818 679
818 680
817 680
817 681
813 681
813 682
808 682
808 685
809 685
809 688
810 688
810 695
809 695
809 696
808 696
808 697
807 697
807 698
797 698
797 699
796 699
796 723
797 723
797 731
796 731
796 735
795 735
795 736
794 736
794 737
790 737
790 738
788 738
788 739
785 739
785 740
784 740
784 741
778 741
778 745
779 745
779 751
778 751
778 752
777 752
777 753
776 753
776 754
775 754
775 755
774 755
774 756
773 756
773 757
772 757
772 758
763 758
763 759
760 759
760 760
759 760
759 761
751 761
751 762
746 762
746 763
741 763
741 762
737 762
737 761
734 761
734 760
733 760
733 759
732 759
732 757
731 757
731 750
730 750
730 749
729 749
729 748
728 748
728 747
724 747
724 746
721 746
721 745
717 745
717 744
713 744
713 743
711 743
711 742
710 742
710 741
709 741
709 740
708 740
708 739
707 739
707 737
706 737
706 729
705 729
705 728
704 728
704 727
703 727
703 726
702 726
702 725
698 725
698 724
697 724
697 723
696 723
696 722
695 722
695 720
694 720
694 715
693 715
693 714
692 714
692 713
689 713
689 712
687 712
687 711
685 711
685 710
684 710
684 709
683 709
683 708
682 708
682 707
681 707
681 706
680 706
680 704
672 704
672 703
669 703
669 702
667 702
667 701
666 701
666 700
664 700
664 699
663 699
663 698
662 698
662 697
661 697
661 696
660 696
660 695
659 695
659 689
658 689
658 687
657 687
657 684
656 684
656 638
655 638
655 616
654 616
654 582
653 582
653 577
652 577
652 576
649 576
649 575
647 575
647 574
645 574
645 573
643 573
643 572
641 572
641 571
639 571
639 570
636 570
636 569
634 569
634 568
632 568
632 567
627 567
627 566
625 566
625 565
622 565
622 564
621 564
621 562
620 562
620 561
619 561
619 548
616 548
616 547
614 547
614 546
612 546
612 545
611 545
611 544
610 544
610 543
609 543
609 542
608 542
608 540
607 540
607 530
606 530
606 513
605 513
605 507
604 507
604 495
603 495
603 480
602 480
602 464
598 464
598 465
596 465
596 466
594 466
594 467
593 467
593 468
592 468
592 469
591 469
591 470
590 470
590 471
589 471
589 472
588 472
588 473
587 473
587 474
586 474
586 475
584 475
584 476
574 476
