2635 996
2636 996
2636 997
2638 997
2638 998
2641 998
2641 999
2643 999
2643 1000
2645 1000
2645 1001
2652 1001
2652 1000
2660 1000
2660 999
2661 999
2661 998
2663 998
2663 997
2664 997
2664 996
2665 996
2665 995
2666 995
2666 994
2670 994
2670 993
2677 993
2677 994
2682 994
2682 993
2685 993
2685 992
2686 992
2686 991
2687 991
2687 990
2689 990
2689 989
2692 989
2692 988
2694 988
2694 987
2695 987
2695 986
2696 986
2696 984
2697 984
2697 983
2698 983
2698 982
2699 982
2699 981
2701 981
2701 980
2702 980
2702 979
2703 979
2703 978
2707 978
2707 977
2708 977
2708 976
2709 976
2709 973
2713 973
2713 971
2716 971
2716 970
2719 970
2719 967
2720 967
2720 966
2721 966
2721 962
2722 962
2722 961
2724 961
2724 960
2725 960
2725 959
2726 959
2726 958
2728 958
2728 957
2730 957
2730 956
2731 956
2731 955
2732 955
2732 953
2733 953
2733 952
2734 952
2734 944
2735 944
2735 937
2736 937
2736 936
2738 936
2738 935
2739 935
2739 934
2740 934
2740 933
2742 933
2742 932
2743 932
2743 931
2744 931
2744 930
2745 930
2745 929
2747 929
2747 926
2748 926
2748 925
2756 925
2756 926
2760 926
2760 925
2769 925
2769 924
2770 924
2770 923
2771 923
2771 922
2772 922
2772 923
2776 923
2776 922
2778 922
2778 921
2787 921
2787 920
2793 920
2793 919
2796 919
2796 918
2798 918
2798 917
2800 917
2800 914
2801 914
2801 913
2802 913
2802 912
2804 912
2804 911
2806 911
2806 910
2807 910
2807 909
2808 909
2808 908
2809 908
2809 907
2810 907
2810 906
2812 906
2812 905
2814 905
2814 904
2817 904
2817 903
2818 903
2818 902
2819 902
2819 901
2820 901
2820 900
2821 900
2821 899
2825 899
2825 898
2829 898
2829 897
2830 897
2830 896
2832 896
2832 894
2833 894
2833 893
2839 893
2839 894
2841 894
2841 895
2846 895
2846 894
2864 894
2864 893
2865 893
2865 892
2869 892
2869 891
2873 891
2873 890
2875 890
2875 888
2876 888
2876 887
2877 887
2877 886
2878 886
2878 885
2879 885
2879 880
2880 880
2880 879
2879 879
2879 875
2880 875
2880 870
2883 870
2883 869
2884 869
2884 868
2885 868
2885 867
2886 867
2886 866
2887 866
2887 865
2888 865
2888 864
2890 864
2890 863
2892 863
2892 849
2893 849
2893 842
2894 842
2894 841
2899 841
2899 842
2900 842
2900 843
2901 843
2901 844
2902 844
2902 845
2903 845
2903 847
2905 847
2905 848
2907 848
2907 849
2909 849
2909 850
2912 850
2912 851
2915 851
2915 852
2916 852
2916 851
2926 851
2926 852
2927 852
2927 851
2944 851
2944 850
2950 850
2950 849
2951 849
2951 848
2953 848
2953 847
2954 847
2954 846
2955 846
2955 845
2957 845
2957 844
2958 844
2958 843
2959 843
2959 842
2960 842
2960 840
2961 840
2961 836
2962 836
2962 834
2963 834
2963 833
2964 833
2964 828
2968 828
2968 826
2969 826
2969 825
2971 825
2971 824
2974 824
2974 823
2975 823
2975 822
2981 822
2981 823
2984 823
2984 822
2991 822
2991 823
2993 823
2993 824
2995 824
2995 827
2997 827
2997 828
2998 828
2998 829
3000 829
3000 830
3001 830
3001 831
3006 831
3006 829
3011 829
3011 828
3014 828
3014 827
3017 827
3017 826
3022 826
3022 825
3023 825
3023 824
3024 824
3024 823
3025 823
3025 822
3026 822
3026 821
3032 821
3032 820
3033 820
3033 819
3034 819
3034 818
3035 818
3035 817
3036 817
3036 816
3037 816
3037 815
3040 815
3040 814
3041 814
3041 813
3042 813
3042 812
3043 812
3043 811
3044 811
3044 810
3054 810
3054 809
3057 809
3057 804
3058 804
3058 788
3059 788
3059 764
3060 764
3060 753
3061 753
3061 752
3062 752
3062 751
3082 751
3082 750
3083 750
3083 749
3084 749
3084 746
3085 746
3085 743
3086 743
3086 742
3087 742
3087 741
3088 741
3088 740
3089 740
3089 738
3090 738
3090 737
3092 737
3092 736
3093 736
3093 735
3094 735
3094 734
3095 734
3095 733
3096 733
3096 732
3097 732
3097 731
3098 731
3098 730
3099 730
3099 729
3100 729
3100 728
3101 728
3101 726
3104 726
3104 721
3105 721
3105 720
3106 720
3106 719
3107 719
3107 718
3109 718
3109 717
3110 717
3110 716
3111 716
3111 715
3126 715
3126 714
3127 714
3127 713
3129 713
3129 712
3134 712
3134 711
3135 711
3135 710
3142 710
3142 709
3147 709
3147 708
3149 708
3149 707
3156 707
3156 706
3158 706
3158 705
3159 705
3159 702
3164 702
3164 701
3167 701
3167 700
3174 700
3174 699
3175 699
3175 696
3176 696
3176 695
3178 695
3178 690
3179 690
3179 669
3180 669
3180 665
3181 665
3181 662
3182 662
3182 661
3183 661
3183 660
3185 660
3185 659
3186 659
3186 657
3187 657
3187 656
3188 656
3188 655
3190 655
3190 654
3191 654
3191 653
3192 653
3192 652
3193 652
3193 651
3207 651
3207 650
3210 650
3210 649
3212 649
3212 647
3213 647
3213 643
3215 643
3215 629
3216 629
3216 627
3215 627
3215 621
3216 621
3216 615
3217 615
3217 609
3218 609
3218 606
3219 606
3219 597
3220 597
3220 585
3221 585
3221 577
3222 577
3222 563
3223 563
3223 558
3224 558
3224 551
3225 551
3225 550
3229 550
3229 551
3233 551
3233 552
3234 552
3234 553
3241 553
3241 552
3244 552
3244 551
3246 551
3246 550
3249 550
3249 549
3257 549
3257 548
3259 548
3259 547
3260 547
3260 546
3265 546
3265 545
3269 545
3269 544
3270 544
3270 543
3271 543
3271 542
3272 542
3272 541
3274 541
3274 540
3275 540
3275 539
3276 539
3276 538
3277 538
3277 537
3279 537
3279 536
3281 536
3281 535
3282 535
3282 534
3283 534
3283 532
3284 532
3284 531
3283 531
3283 530
3282 530
3282 526
3283 526
3283 525
3284 525
3284 523
3285 523
3285 522
3286 522
3286 521
3287 521
3287 519
3288 519
3288 518
3290 518
3290 517
3292 517
3292 516
3293 516
3293 515
3294 515
3294 514
3295 514
3295 511
3296 511
3296 509
3297 509
3297 496
3298 496
3298 483
3299 483
3299 477
3300 477
3300 475
3305 475
3305 474
3306 474
3306 473
3308 473
3308 472
3310 472
3310 471
3312 471
3312 470
3313 470
3313 469
3315 469
3315 468
3317 468
3317 467
3319 467
3319 466
3320 466
3320 465
3321 465
3321 464
3322 464
3322 462
3323 462
3323 459
3324 459
3324 455
3326 455
3326 454
3328 454
3328 453
3330 453
3330 452
3331 452
3331 451
3332 451
3332 450
3333 450
3333 448
3334 448
3334 447
3335 447
3335 442
3336 442
3336 428
3337 428
3337 408
3338 408
3338 399
3339 399
3339 398
3340 398
3340 397
3344 397
3344 396
3345 396
3345 395
3347 395
3347 393
3348 393
3348 392
3349 392
3349 391
3350 391
3350 388
3351 388
3351 381
3352 381
3352 379
3358 379
3358 378
3360 378
3360 379
3361 379
3361 378
3362 378
3362 377
3363 377
3363 373
3364 373
3364 372
3370 372
3370 371
3372 371
3372 369
3373 369
3373 368
3374 368
3374 367
3375 367
3375 366
3376 366
3376 365
3377 365
3377 364
3379 364
3379 363
3382 363
3382 362
3383 362
3383 361
3384 361
3384 360
3385 360
3385 359
3386 359
3386 357
3387 357
3387 355
3388 355
3388 347
3389 347
3389 329
3390 329
3390 328
3391 328
3391 329
3390 329
3390 347
3389 347
3389 355
3388 355
3388 357
3387 357
3387 359
3386 359
3386 360
3385 360
3385 361
3384 361
3384 362
3383 362
3383 363
3382 363
3382 364
3379 364
3379 365
3377 365
3377 366
3376 366
3376 367
3375 367
3375 368
3374 368
3374 369
3373 369
3373 371
3372 371
3372 372
3370 372
3370 373
3364 373
3364 378
3362 378
3362 379
3361 379
3361 380
3360 380
3360 379
3358 379
3358 380
3353 380
3353 381
3352 381
3352 388
3351 388
3351 391
3350 391
3350 392
3349 392
3349 393
3348 393
3348 395
3347 395
3347 396
3345 396
3345 397
3344 397
3344 398
3340 398
3340 399
3339 399
3339 408
3338 408
3338 428
3337 428
3337 442
3336 442
3336 447
3335 447
3335 448
3334 448
3334 450
3333 450
3333 451
3332 451
3332 452
3331 452
3331 453
3330 453
3330 454
3328 454
3328 455
3326 455
3326 456
3325 456
3325 459
3324 459
3324 462
3323 462
3323 464
3322 464
3322 465
3321 465
3321 466
3320 466
3320 467
3319 467
3319 468
3317 468
3317 469
3315 469
3315 470
3313 470
3313 471
3312 471
3312 472
3310 472
3310 473
3308 473
3308 474
3306 474
3306 475
3305 475
3305 476
3301 476
3301 477
3300 477
3300 483
3299 483
3299 496
3298 496
3298 509
3297 509
3297 511
3296 511
3296 514
3295 514
3295 515
3294 515
3294 516
3293 516
3293 517
3292 517
3292 518
3290 518
3290 519
3288 519
3288 521
3287 521
3287 522
3286 522
3286 523
3285 523
3285 525
3284 525
3284 526
3283 526
3283 530
3284 530
3284 531
3285 531
3285 532
3284 532
3284 534
3283 534
3283 535
3282 535
3282 536
3281 536
3281 537
3279 537
3279 538
3277 538
3277 539
3276 539
3276 540
3275 540
3275 541
3274 541
3274 542
3272 542
3272 543
3271 543
3271 544
3270 544
3270 545
3269 545
3269 546
3265 546
3265 547
3260 547
3260 548
3259 548
3259 549
3257 549
3257 550
3249 550
3249 551
3246 551
3246 552
3244 552
3244 553
3241 553
3241 554
3234 554
3234 553
3233 553
3233 552
3229 552
3229 551
3225 551
3225 558
3224 558
3224 563
3223 563
3223 577
3222 577
3222 585
3221 585
3221 597
3220 597
3220 606
3219 606
3219 609
3218 609
3218 615
3217 615
3217 621
3216 621
3216 627
3217 627
3217 629
3216 629
3216 643
3215 643
3215 644
3214 644
3214 647
3213 647
3213 649
3212 649
3212 650
3210 650
3210 651
3207 651
3207 652
3193 652
3193 653
3192 653
3192 654
3191 654
3191 655
3190 655
3190 656
3188 656
3188 657
3187 657
3187 659
3186 659
3186 661
3183 661
3183 662
3182 662
3182 665
3181 665
3181 669
3180 669
3180 690
3179 690
3179 695
3178 695
3178 696
3176 696
3176 699
3175 699
3175 700
3174 700
3174 701
3167 701
3167 702
3164 702
3164 703
3160 703
3160 705
3159 705
3159 706
3158 706
3158 707
3156 707
3156 708
3149 708
3149 709
3147 709
3147 710
3142 710
3142 711
3135 711
3135 712
3134 712
3134 713
3129 713
3129 714
3127 714
3127 715
3126 715
3126 716
3111 716
3111 717
3110 717
3110 718
3109 718
3109 719
3107 719
3107 720
3106 720
3106 721
3105 721
3105 726
3104 726
3104 727
3102 727
3102 728
3101 728
3101 729
3100 729
3100 730
3099 730
3099 732
3097 732
3097 733
3096 733
3096 734
3095 734
3095 735
3094 735
3094 736
3093 736
3093 737
3092 737
3092 738
3090 738
3090 740
3089 740
3089 741
3088 741
3088 742
3087 742
3087 743
3086 743
3086 746
3085 746
3085 749
3084 749
3084 750
3083 750
3083 751
3082 751
3082 752
3062 752
3062 753
3061 753
3061 764
3060 764
3060 788
3059 788
3059 804
3058 804
3058 809
3057 809
3057 810
3054 810
3054 811
3044 811
3044 812
3043 812
3043 813
3042 813
3042 814
3041 814
3041 815
3040 815
3040 816
3037 816
3037 817
3036 817
3036 818
3035 818
3035 819
3034 819
3034 820
3033 820
3033 821
3032 821
3032 822
3026 822
3026 823
3025 823
3025 824
3024 824
3024 825
3023 825
3023 826
3022 826
3022 827
3017 827
3017 828
3014 828
3014 829
3011 829
3011 830
3007 830
3007 831
3006 831
3006 832
3001 832
3001 831
3000 831
3000 830
2998 830
2998 829
2997 829
2997 828
2995 828
2995 827
2994 827
2994 825
2993 825
2993 824
2991 824
2991 823
2984 823
2984 824
2981 824
2981 823
2975 823
2975 824
2974 824
2974 825
2971 825
2971 826
2969 826
2969 828
2968 828
2968 829
2965 829
2965 833
2964 833
2964 834
2963 834
2963 836
2962 836
2962 840
2961 840
2961 842
2960 842
2960 843
2959 843
2959 844
2958 844
2958 845
2957 845
2957 846
2955 846
2955 847
2954 847
2954 848
2953 848
2953 849
2951 849
2951 850
2950 850
2950 851
2944 851
2944 852
2927 852
2927 853
2926 853
2926 852
2916 852
2916 853
2915 853
2915 852
2912 852
2912 851
2909 851
2909 850
2907 850
2907 849
2905 849
2905 848
2903 848
2903 847
2902 847
2902 845
2901 845
2901 844
2900 844
2900 843
2899 843
2899 842
2894 842
2894 849
2893 849
2893 863
2892 863
2892 864
2890 864
2890 865
2888 865
2888 866
2887 866
2887 867
2886 867
2886 868
2885 868
2885 869
2884 869
2884 870
2883 870
2883 871
2881 871
2881 875
2880 875
2880 879
2881 879
2881 880
2880 880
2880 885
2879 885
2879 886
2878 886
2878 887
2877 887
2877 888
2876 888
2876 890
2875 890
2875 891
2873 891
2873 892
2869 892
2869 893
2865 893
2865 894
2864 894
2864 895
2846 895
2846 896
2841 896
2841 895
2839 895
2839 894
2833 894
2833 896
2832 896
2832 897
2830 897
2830 898
2829 898
2829 899
2825 899
2825 900
2821 900
2821 901
2820 901
2820 902
2819 902
2819 903
2818 903
2818 904
2817 904
2817 905
2814 905
2814 906
2812 906
2812 907
2810 907
2810 908
2809 908
2809 909
2808 909
2808 910
2807 910
2807 911
2806 911
2806 912
2804 912
2804 913
2802 913
2802 914
2801 914
2801 917
2800 917
2800 918
2798 918
2798 919
2796 919
2796 920
2793 920
2793 921
2787 921
2787 922
2778 922
2778 923
2776 923
2776 924
2772 924
2772 923
2771 923
2771 924
2770 924
2770 925
2769 925
2769 926
2760 926
2760 927
2756 927
2756 926
2748 926
2748 929
2747 929
2747 930
2745 930
2745 931
2744 931
2744 932
2743 932
2743 933
2742 933
2742 934
2740 934
2740 935
2739 935
2739 936
2738 936
2738 937
2736 937
2736 944
2735 944
2735 952
2734 952
2734 953
2733 953
2733 955
2732 955
2732 956
2731 956
2731 957
2730 957
2730 958
2728 958
2728 959
2726 959
2726 960
2725 960
2725 961
2724 961
2724 962
2722 962
2722 966
2721 966
2721 967
2720 967
2720 970
2719 970
2719 971
2716 971
2716 972
2714 972
2714 973
2713 973
2713 974
2710 974
2710 976
2709 976
2709 977
2708 977
2708 979
2703 979
2703 980
2702 980
2702 981
2701 981
2701 982
2699 982
2699 983
2698 983
2698 984
2697 984
2697 986
2696 986
2696 987
2695 987
2695 989
2692 989
2692 990
2689 990
2689 991
2687 991
2687 992
2686 992
2686 993
2685 993
2685 994
2682 994
2682 995
2677 995
2677 994
2670 994
2670 995
2666 995
2666 996
2665 996
2665 997
2664 997
2664 998
2663 998
2663 999
2661 999
2661 1000
2660 1000
2660 1001
2652 1001
2652 1002
2645 1002
2645 1001
2643 1001
2643 1000
2641 1000
2641 999
2638 999
2638 998
2636 998
2636 997
2635 997
2635 996
2634 996
2634 993
2633 993
2633 990
2621 990
2621 989
2619 989
2619 988
2617 988
2617 987
2608 987
2608 986
2603 986
2603 987
2598 987
2598 986
2597 986
2597 985
2594 985
2594 986
2592 986
2592 987
2590 987
2590 988
2589 988
2589 989
2578 989
2578 988
2563 988
2563 994
2562 994
2562 1001
2561 1001
2561 1007
2560 1007
2560 1010
2561 1010
2561 1011
2560 1011
2560 1014
2559 1014
2559 1018
2558 1018
2558 1020
2557 1020
2557 1022
2556 1022
2556 1025
2555 1025
2555 1028
2554 1028
2554 1029
2553 1029
2553 1030
2552 1030
2552 1033
2549 1033
2549 1035
2543 1035
2543 1037
2542 1037
2542 1041
2541 1041
2541 1043
2540 1043
2540 1047
2539 1047
2539 1055
2538 1055
2538 1059
2537 1059
2537 1060
2536 1060
2536 1063
2535 1063
2535 1064
2534 1064
2534 1065
2533 1065
2533 1066
2532 1066
2532 1067
2530 1067
2530 1068
2522 1068
2522 1069
2519 1069
2519 1070
2507 1070
2507 1069
2501 1069
2501 1068
2498 1068
2498 1067
2496 1067
2496 1066
2495 1066
2495 1064
2494 1064
2494 1063
2493 1063
2493 1062
2492 1062
2492 1060
2491 1060
2491 1059
2490 1059
2490 1058
2489 1058
2489 1055
2488 1055
2488 1052
2483 1052
2483 1051
2476 1051
2476 1052
2472 1052
2472 1051
2468 1051
2468 1050
2455 1050
2455 1049
2447 1049
2447 1048
2444 1048
2444 1047
2441 1047
2441 1046
2439 1046
2439 1045
2435 1045
2435 1044
2434 1044
2434 1043
2431 1043
2431 1042
2430 1042
2430 1041
2429 1041
2429 1040
2428 1040
2428 1039
2427 1039
2427 1038
2422 1038
2422 1039
2410 1039
2410 1038
2409 1038
2409 1037
2408 1037
2408 1036
2407 1036
2407 1035
2404 1035
2404 1034
2399 1034
2399 1033
2391 1033
2391 1035
2390 1035
2390 1036
2389 1036
2389 1037
2388 1037
2388 1038
2387 1038
2387 1039
2383 1039
2383 1040
2382 1040
2382 1041
2381 1041
2381 1042
2380 1042
2380 1043
2379 1043
2379 1044
2378 1044
2378 1045
2377 1045
2377 1047
2376 1047
2376 1048
2375 1048
2375 1049
2370 1049
2370 1048
2365 1048
2365 1049
2364 1049
2364 1050
2355 1050
2355 1051
2353 1051
2353 1052
2352 1052
2352 1053
2350 1053
2350 1054
2348 1054
2348 1055
2340 1055
2340 1056
2339 1056
2339 1057
2337 1057
2337 1058
2329 1058
2329 1057
2326 1057
2326 1056
2323 1056
2323 1055
2317 1055
2317 1054
2314 1054
2314 1053
2311 1053
2311 1052
2308 1052
2308 1051
2306 1051
2306 1050
2305 1050
2305 1049
2304 1049
2304 1048
2303 1048
2303 1047
2301 1047
2301 1043
2297 1043
2297 1042
2296 1042
2296 1041
2294 1041
2294 1040
2291 1040
2291 1039
2289 1039
2289 1038
2288 1038
2288 1037
2287 1037
2287 1036
2282 1036
2282 1037
2281 1037
2281 1044
2280 1044
2280 1046
2279 1046
2279 1049
2278 1049
2278 1053
2277 1053
2277 1054
2276 1054
2276 1055
2275 1055
2275 1056
2274 1056
2274 1057
2272 1057
2272 1058
2269 1058
2269 1059
2267 1059
2267 1060
2265 1060
2265 1061
2264 1061
2264 1062
2262 1062
2262 1063
2261 1063
2261 1064
2260 1064
2260 1065
2255 1065
2255 1066
2254 1066
2254 1070
2253 1070
2253 1075
2252 1075
2252 1080
2251 1080
2251 1082
2250 1082
2250 1083
2249 1083
2249 1084
2248 1084
2248 1085
2246 1085
2246 1086
2245 1086
2245 1087
2243 1087
2243 1088
2242 1088
2242 1089
2240 1089
2240 1090
2238 1090
2238 1091
2236 1091
2236 1092
2232 1092
2232 1093
2228 1093
2228 1092
2223 1092
2223 1093
2222 1093
2222 1094
2220 1094
2220 1095
2214 1095
2214 1096
2212 1096
2212 1097
2211 1097
2211 1098
2209 1098
2209 1097
2202 1097
2202 1096
2200 1096
2200 1095
2199 1095
2199 1094
2197 1094
2197 1093
2195 1093
2195 1094
2187 1094
2187 1095
2186 1095
2186 1096
2181 1096
2181 1097
2176 1097
2176 1096
2174 1096
2174 1095
2171 1095
2171 1094
2163 1094
2163 1093
2161 1093
2161 1092
2159 1092
2159 1091
2156 1091
2156 1090
2150 1090
2150 1089
2137 1089
2137 1088
2134 1088
2134 1087
2133 1087
2133 1086
2129 1086
2129 1085
2125 1085
2125 1084
2123 1084
2123 1083
2121 1083
2121 1082
2117 1082
2117 1081
2104 1081
2104 1080
2102 1080
2102 1079
2101 1079
2101 1078
2097 1078
2097 1077
2095 1077
2095 1078
2094 1078
2094 1079
2093 1079
2093 1080
2091 1080
2091 1081
2090 1081
2090 1082
2089 1082
2089 1083
2083 1083
2083 1084
2082 1084
2082 1087
2081 1087
2081 1088
2080 1088
2080 1089
2079 1089
2079 1090
2078 1090
2078 1091
2076 1091
2076 1092
2074 1092
2074 1091
2071 1091
2071 1092
2067 1092
2067 1093
2063 1093
2063 1094
2060 1094
2060 1093
2057 1093
2057 1092
2056 1092
2056 1091
2051 1091
2051 1090
2048 1090
2048 1089
2038 1089
2038 1090
2027 1090
2027 1089
2006 1089
2006 1088
1986 1088
1986 1087
1955 1087
1955 1086
1954 1086
1954 1087
1952 1087
1952 1089
1951 1089
1951 1090
1950 1090
1950 1091
1949 1091
1949 1092
1944 1092
1944 1091
1940 1091
1940 1092
1939 1092
1939 1093
1937 1093
1937 1094
1927 1094
1927 1095
1926 1095
1926 1096
1924 1096
1924 1097
1916 1097
1916 1098
1914 1098
1914 1099
1913 1099
1913 1100
1910 1100
1910 1101
1909 1101
1909 1100
1903 1100
1903 1101
1892 1101
1892 1102
1889 1102
1889 1101
1887 1101
1887 1100
1884 1100
1884 1099
1883 1099
1883 1098
1881 1098
1881 1097
1880 1097
1880 1096
1879 1096
1879 1095
1878 1095
1878 1094
1876 1094
1876 1093
1874 1093
1874 1092
1873 1092
1873 1091
1872 1091
1872 1090
1870 1090
1870 1089
1868 1089
1868 1088
1864 1088
1864 1087
1861 1087
1861 1086
1860 1086
1860 1085
1857 1085
1857 1084
1856 1084
1856 1083
1855 1083
1855 1082
1853 1082
1853 1081
1848 1081
1848 1082
1846 1082
1846 1081
1831 1081
1831 1079
1830 1079
1830 1078
1823 1078
1823 1077
1817 1077
1817 1076
1810 1076
1810 1075
1800 1075
1800 1074
1797 1074
1797 1073
1796 1073
1796 1072
1794 1072
1794 1071
1792 1071
1792 1070
1791 1070
1791 1069
1778 1069
1778 1068
1766 1068
1766 1067
1762 1067
1762 1068
1755 1068
1755 1067
1742 1067
1742 1066
1741 1066
1741 1065
1738 1065
1738 1064
1737 1064
1737 1063
1735 1063
1735 1062
1734 1062
1734 1061
1733 1061
1733 1060
1732 1060
1732 1058
1731 1058
1731 1056
1730 1056
1730 1055
1729 1055
1729 1050
1728 1050
1728 1047
1727 1047
1727 1046
1726 1046
1726 1045
1725 1045
1725 1044
1724 1044
1724 1043
1723 1043
1723 1042
1722 1042
1722 1041
1721 1041
1721 1040
1720 1040
1720 1039
1719 1039
1719 1038
1718 1038
1718 1037
1717 1037
1717 1036
1715 1036
1715 1035
1713 1035
1713 1034
1707 1034
1707 1033
1705 1033
1705 1032
1701 1032
1701 1031
1700 1031
1700 1030
1688 1030
1688 1031
1684 1031
1684 1032
1683 1032
1683 1033
1682 1033
1682 1034
1680 1034
1680 1033
1675 1033
1675 1032
1668 1032
1668 1031
1647 1031
1647 1030
1646 1030
1646 1031
1641 1031
1641 1032
1628 1032
1628 1031
1620 1031
1620 1032
1619 1032
1619 1033
1618 1033
1618 1035
1617 1035
1617 1036
1616 1036
1616 1049
1615 1049
1615 1050
1614 1050
1614 1056
1605 1056
1605 1058
1604 1058
1604 1059
1603 1059
1603 1060
1597 1060
1597 1059
1588 1059
1588 1061
1587 1061
1587 1068
1586 1068
1586 1069
1585 1069
1585 1071
1584 1071
1584 1072
1583 1072
1583 1073
1581 1073
1581 1074
1574 1074
1574 1075
1568 1075
1568 1074
1561 1074
1561 1075
1558 1075
1558 1074
1555 1074
1555 1073
1554 1073
1554 1072
1552 1072
1552 1071
1551 1071
1551 1070
1550 1070
1550 1069
1548 1069
1548 1068
1545 1068
1545 1069
1543 1069
1543 1068
1542 1068
1542 1067
1539 1067
1539 1066
1537 1066
1537 1065
1534 1065
1534 1064
1533 1064
1533 1063
1527 1063
1527 1062
1525 1062
1525 1061
1524 1061
1524 1060
1523 1060
1523 1059
1522 1059
1522 1058
1511 1058
1511 1059
1509 1059
1509 1060
1504 1060
1504 1059
1503 1059
1503 1058
1490 1058
1490 1057
1481 1057
1481 1056
1474 1056
1474 1055
1468 1055
1468 1054
1465 1054
1465 1053
1462 1053
1462 1052
1460 1052
1460 1051
1453 1051
1453 1050
1441 1050
1441 1049
1436 1049
1436 1048
1432 1048
1432 1047
1427 1047
1427 1046
1426 1046
1426 1045
1425 1045
1425 1044
1422 1044
1422 1045
1419 1045
1419 1044
1414 1044
1414 1045
1411 1045
1411 1046
1409 1046
1409 1045
1404 1045
1404 1046
1403 1046
1403 1047
1402 1047
1402 1046
1398 1046
1398 1045
1397 1045
1397 1044
1396 1044
1396 1043
1395 1043
1395 1042
1394 1042
1394 1041
1393 1041
1393 1040
1392 1040
1392 1036
1391 1036
1391 1033
1390 1033
1390 1030
1389 1030
1389 1029
1388 1029
1388 1028
1386 1028
1386 1027
1385 1027
1385 1026
1383 1026
1383 1025
1381 1025
1381 1024
1380 1024
1380 1023
1379 1023
1379 1021
1378 1021
1378 1020
1377 1020
1377 1019
1376 1019
1376 1018
1369 1018
1369 1017
1365 1017
1365 1016
1364 1016
1364 1015
1363 1015
1363 1014
1362 1014
1362 1012
1353 1012
1353 1011
1350 1011
1350 1010
1348 1010
1348 1009
1346 1009
1346 1008
1340 1008
1340 1007
1339 1007
1339 1006
1338 1006
1338 1005
1337 1005
1337 1004
1336 1004
1336 1003
1335 1003
1335 1002
1334 1002
1334 1001
1333 1001
1333 1000
1330 1000
1330 999
1327 999
1327 998
1326 998
1326 997
1325 997
1325 996
1324 996
1324 995
1323 995
1323 994
1321 994
1321 993
1318 993
1318 992
1313 992
1313 991
1312 991
1312 990
1311 990
1311 989
1310 989
1310 988
1307 988
1307 987
1306 987
1306 986
1303 986
1303 985
1302 985
1302 984
1301 984
1301 983
1298 983
1298 982
1297 982
1297 981
1296 981
1296 980
1295 980
1295 979
1294 979
1294 978
1293 978
1293 975
1292 975
1292 963
1293 963
1293 956
1292 956
1292 948
1291 948
1291 944
1290 944
1290 941
1279 941
1279 942
1277 942
1277 943
1268 943
1268 944
1266 944
1266 945
1265 945
1265 946
1263 946
1263 947
1262 947
1262 948
1257 948
1257 949
1253 949
1253 950
1251 950
1251 951
1249 951
1249 952
1243 952
1243 953
1240 953
1240 952
1238 952
1238 953
1235 953
1235 954
1232 954
1232 955
1231 955
1231 954
1229 954
1229 953
1224 953
1224 952
1223 952
1223 953
1220 953
1220 952
1217 952
1217 951
1216 951
1216 949
1215 949
1215 948
1210 948
1210 944
1209 944
1209 940
1207 940
1207 939
1204 939
1204 938
1203 938
1203 937
1201 937
1201 936
1200 936
1200 935
1198 935
1198 934
1197 934
1197 932
1196 932
1196 931
1195 931
1195 930
1194 930
1194 929
1191 929
1191 928
1189 928
1189 927
1188 927
1188 926
1187 926
1187 925
1186 925
1186 924
1185 924
1185 923
1184 923
1184 922
1183 922
1183 921
1182 921
1182 920
1177 920
1177 919
1175 919
1175 918
1174 918
1174 917
1173 917
1173 916
1170 916
1170 915
1167 915
1167 914
1166 914
1166 913
1165 913
1165 912
1164 912
1164 911
1163 911
1163 910
1162 910
1162 909
1161 909
1161 907
1160 907
1160 901
1159 901
1159 893
1155 893
1155 892
1151 892
1151 893
1147 893
1147 892
1144 892
1144 891
1142 891
1142 890
1140 890
1140 889
1139 889
1139 888
1136 888
1136 887
1135 887
1135 886
1132 886
1132 885
1131 885
1131 884
1130 884
1130 882
1129 882
1129 881
1128 881
1128 879
1127 879
1127 878
1126 878
1126 876
1125 876
1125 874
1124 874
1124 873
1121 873
1121 872
1120 872
1120 871
1119 871
1119 870
1118 870
1118 869
1117 869
1117 868
1116 868
1116 867
1114 867
1114 866
1113 866
1113 865
1111 865
1111 864
1108 864
1108 863
1106 863
1106 862
1094 862
1094 861
1092 861
1092 860
1091 860
1091 859
1090 859
1090 857
1089 857
1089 856
1088 856
1088 854
1087 854
1087 853
1086 853
1086 852
1083 852
1083 851
1081 851
1081 850
1076 850
1076 849
1075 849
1075 848
1072 848
1072 847
1069 847
1069 846
1067 846
1067 845
1066 845
1066 842
1065 842
1065 841
1064 841
1064 840
1063 840
1063 839
1062 839
1062 837
1061 837
1061 835
1060 835
1060 832
1058 832
1058 831
1057 831
1057 830
1056 830
1056 828
1055 828
1055 827
1048 827
1048 828
1042 828
1042 827
1031 827
1031 828
1030 828
1030 827
1029 827
1029 826
1025 826
1025 825
1022 825
1022 824
1021 824
1021 823
1015 823
1015 822
1014 822
1014 821
1009 821
1009 820
1008 820
1008 819
1006 819
1006 818
1005 818
1005 817
1004 817
1004 816
1002 816
1002 815
998 815
998 814
993 814
993 815
992 815
992 814
990 814
990 813
988 813
988 812
984 812
984 811
980 811
980 810
978 810
978 809
976 809
976 808
975 808
975 807
974 807
974 806
973 806
973 805
972 805
972 804
971 804
971 803
970 803
970 802
968 802
968 801
967 801
967 800
966 800
966 799
965 799
965 798
963 798
963 797
961 797
961 796
960 796
960 795
958 795
958 794
956 794
956 793
953 793
953 791
952 791
952 790
950 790
950 789
949 789
949 787
948 787
948 786
946 786
946 785
945 785
945 784
944 784
944 783
943 783
943 782
942 782
942 781
941 781
941 780
940 780
940 778
939 778
939 777
938 777
938 774
937 774
937 770
936 770
936 769
935 769
935 768
933 768
933 767
932 767
932 764
931 764
931 755
930 755
930 753
929 753
929 748
928 748
928 743
929 743
929 738
930 738
930 716
929 716
929 713
927 713
927 712
926 712
926 711
923 711
923 710
921 710
921 709
920 709
920 708
919 708
919 707
918 707
918 706
915 706
915 705
909 705
909 704
906 704
906 705
905 705
905 706
902 706
902 707
899 707
899 706
895 706
895 707
893 707
893 708
891 708
891 709
889 709
889 708
881 708
881 707
878 707
878 708
873 708
873 707
870 707
870 708
859 708
859 707
856 707
856 706
855 706
855 705
853 705
853 704
852 704
852 703
847 703
847 702
843 702
843 701
842 701
842 700
840 700
840 699
839 699
839 698
835 698
835 697
828 697
828 696
825 696
825 697
819 697
819 696
818 696
818 694
817 694
817 693
816 693
816 692
815 692
815 690
814 690
814 689
813 689
813 688
812 688
812 687
811 687
811 684
810 684
810 682
809 682
809 680
808 680
808 678
807 678
807 676
806 676
806 675
801 675
801 674
799 674
799 673
798 673
798 672
797 672
797 671
796 671
796 670
795 670
795 669
794 669
794 667
793 667
793 666
792 666
792 663
791 663
791 659
792 659
792 654
791 654
791 649
790 649
790 647
789 647
789 644
788 644
788 640
787 640
787 639
786 639
786 638
784 638
784 637
783 637
783 636
782 636
782 635
781 635
781 633
780 633
780 632
779 632
779 628
778 628
778 619
779 619
779 618
778 618
778 616
777 616
777 614
776 614
776 613
775 613
775 611
773 611
773 610
771 610
771 609
768 609
768 608
765 608
765 602
764 602
764 601
763 601
763 589
764 589
764 586
765 586
765 582
766 582
766 573
765 573
765 571
766 571
766 563
765 563
765 549
764 549
764 545
765 545
765 544
766 544
766 545
765 545
765 549
766 549
766 563
767 563
767 571
766 571
766 573
767 573
767 582
766 582
766 586
765 586
765 589
764 589
764 601
765 601
765 602
766 602
766 607
768 607
768 608
771 608
771 609
773 609
773 610
775 610
775 611
776 611
776 613
777 613
777 614
778 614
778 616
779 616
779 618
780 618
780 619
779 619
779 628
780 628
780 632
781 632
781 633
782 633
782 635
783 635
783 636
784 636
784 637
786 637
786 638
787 638
787 639
788 639
788 640
789 640
789 644
790 644
790 647
791 647
791 649
792 649
792 654
793 654
793 659
792 659
792 663
793 663
793 666
794 666
794 667
795 667
795 669
796 669
796 670
797 670
797 671
798 671
798 672
799 672
799 673
801 673
801 674
806 674
806 675
808 675
808 678
809 678
809 680
810 680
810 682
811 682
811 684
812 684
812 687
813 687
813 688
814 688
814 689
815 689
815 690
816 690
816 692
817 692
817 693
818 693
818 694
819 694
819 696
825 696
825 695
828 695
828 696
835 696
835 697
839 697
839 698
840 698
840 699
842 699
842 700
843 700
843 701
847 701
847 702
852 702
852 703
853 703
853 704
855 704
855 705
856 705
856 706
859 706
859 707
870 707
870 706
873 706
873 707
878 707
878 706
881 706
881 707
889 707
889 708
891 708
891 707
893 707
893 706
895 706
895 705
899 705
899 706
902 706
902 705
905 705
905 704
906 704
906 703
909 703
909 704
915 704
915 705
918 705
918 706
919 706
919 707
920 707
920 708
921 708
921 709
923 709
923 710
926 710
926 711
927 711
927 712
929 712
929 713
930 713
930 716
931 716
931 738
930 738
930 743
929 743
929 748
930 748
930 753
931 753
931 755
932 755
932 764
933 764
933 767
935 767
935 768
936 768
936 769
937 769
937 770
938 770
938 774
939 774
939 777
940 777
940 778
941 778
941 780
942 780
942 781
943 781
943 782
944 782
944 783
945 783
945 784
946 784
946 785
948 785
948 786
949 786
949 787
950 787
950 789
952 789
952 790
953 790
953 791
954 791
954 792
956 792
956 793
958 793
958 794
960 794
960 795
961 795
961 796
963 796
963 797
965 797
965 798
966 798
966 799
967 799
967 800
968 800
968 801
970 801
970 802
971 802
971 803
972 803
972 804
973 804
973 805
974 805
974 806
975 806
975 807
976 807
976 808
978 808
978 809
980 809
980 810
984 810
984 811
988 811
988 812
990 812
990 813
992 813
992 814
993 814
993 813
998 813
998 814
1002 814
1002 815
1004 815
1004 816
1005 816
1005 817
1006 817
1006 818
1008 818
1008 819
1009 819
1009 820
1014 820
1014 821
1015 821
1015 822
1021 822
1021 823
1022 823
1022 824
1025 824
1025 825
1029 825
1029 826
1030 826
1030 827
1031 827
1031 826
1042 826
1042 827
1048 827
1048 826
1055 826
1055 827
1056 827
1056 828
1057 828
1057 830
1058 830
1058 831
1060 831
1060 832
1061 832
1061 835
1062 835
1062 837
1063 837
1063 839
1064 839
1064 840
1065 840
1065 841
1066 841
1066 842
1067 842
1067 845
1069 845
1069 846
1072 846
1072 847
1075 847
1075 848
1076 848
1076 849
1081 849
1081 850
1083 850
1083 851
1086 851
1086 852
1087 852
1087 853
1088 853
1088 854
1089 854
1089 856
1090 856
1090 857
1091 857
1091 859
1092 859
1092 860
1094 860
1094 861
1106 861
1106 862
1108 862
1108 863
1111 863
1111 864
1113 864
1113 865
1114 865
1114 866
1116 866
1116 867
1117 867
1117 868
1118 868
1118 869
1119 869
1119 870
1120 870
1120 871
1121 871
1121 872
1124 872
1124 873
1125 873
1125 874
1126 874
1126 876
1127 876
1127 878
1128 878
1128 879
1129 879
1129 881
1130 881
1130 882
1131 882
1131 884
1132 884
1132 885
1135 885
1135 886
1136 886
1136 887
1139 887
1139 888
1140 888
1140 889
1142 889
1142 890
1144 890
1144 891
1147 891
1147 892
1151 892
1151 891
1155 891
1155 892
1159 892
1159 893
1160 893
1160 901
1161 901
1161 907
1162 907
1162 909
1163 909
1163 910
1164 910
1164 911
1165 911
1165 912
1166 912
1166 913
1167 913
1167 914
1170 914
1170 915
1174 915
1174 917
1175 917
1175 918
1177 918
1177 919
1182 919
1182 920
1183 920
1183 921
1184 921
1184 922
1185 922
1185 923
1186 923
1186 924
1187 924
1187 925
1188 925
1188 926
1189 926
1189 927
1191 927
1191 928
1194 928
1194 929
1195 929
1195 930
1196 930
1196 931
1197 931
1197 932
1198 932
1198 934
1200 934
1200 935
1201 935
1201 936
1203 936
1203 937
1204 937
1204 938
1207 938
1207 939
1209 939
1209 940
1210 940
1210 944
1211 944
1211 947
1215 947
1215 948
1217 948
1217 951
1220 951
1220 952
1223 952
1223 951
1224 951
1224 952
1229 952
1229 953
1231 953
1231 954
1232 954
1232 953
1235 953
1235 952
1238 952
1238 951
1240 951
1240 952
1243 952
1243 951
1249 951
1249 950
1251 950
1251 949
1253 949
1253 948
1257 948
1257 947
1262 947
1262 946
1263 946
1263 945
1265 945
1265 944
1266 944
1266 943
1268 943
1268 942
1277 942
1277 941
1279 941
1279 940
1290 940
1290 941
1291 941
1291 944
1292 944
1292 948
1293 948
1293 956
1294 956
1294 963
1293 963
1293 975
1294 975
1294 978
1295 978
1295 979
1296 979
1296 980
1297 980
1297 981
1298 981
1298 982
1301 982
1301 983
1302 983
1302 984
1303 984
1303 985
1306 985
1306 986
1307 986
1307 987
1310 987
1310 988
1311 988
1311 989
1312 989
1312 990
1313 990
1313 991
1318 991
1318 992
1321 992
1321 993
1323 993
1323 994
1324 994
1324 995
1325 995
1325 996
1326 996
1326 997
1327 997
1327 998
1330 998
1330 999
1333 999
1333 1000
1334 1000
1334 1001
1335 1001
1335 1002
1336 1002
1336 1003
1337 1003
1337 1004
1338 1004
1338 1005
1339 1005
1339 1006
1340 1006
1340 1007
1346 1007
1346 1008
1348 1008
1348 1009
1350 1009
1350 1010
1353 1010
1353 1011
1362 1011
1362 1012
1363 1012
1363 1014
1364 1014
1364 1015
1365 1015
1365 1016
1369 1016
1369 1017
1376 1017
1376 1018
1377 1018
1377 1019
1378 1019
1378 1020
1379 1020
1379 1021
1380 1021
1380 1023
1381 1023
1381 1024
1383 1024
1383 1025
1385 1025
1385 1026
1386 1026
1386 1027
1388 1027
1388 1028
1389 1028
1389 1029
1390 1029
1390 1030
1391 1030
1391 1033
1392 1033
1392 1036
1393 1036
1393 1040
1394 1040
1394 1041
1395 1041
1395 1042
1396 1042
1396 1043
1397 1043
1397 1044
1398 1044
1398 1045
1402 1045
1402 1046
1403 1046
1403 1045
1404 1045
1404 1044
1409 1044
1409 1045
1411 1045
1411 1044
1414 1044
1414 1043
1419 1043
1419 1044
1422 1044
1422 1043
1425 1043
1425 1044
1426 1044
1426 1045
1427 1045
1427 1046
1432 1046
1432 1047
1436 1047
1436 1048
1441 1048
1441 1049
1453 1049
1453 1050
1460 1050
1460 1051
1462 1051
1462 1052
1465 1052
1465 1053
1468 1053
1468 1054
1474 1054
1474 1055
1481 1055
1481 1056
1490 1056
1490 1057
1503 1057
1503 1058
1504 1058
1504 1059
1509 1059
1509 1058
1511 1058
1511 1057
1522 1057
1522 1058
1523 1058
1523 1059
1524 1059
1524 1060
1525 1060
1525 1061
1527 1061
1527 1062
1533 1062
1533 1063
1534 1063
1534 1064
1537 1064
1537 1065
1539 1065
1539 1066
1542 1066
1542 1067
1543 1067
1543 1068
1545 1068
1545 1067
1548 1067
1548 1068
1550 1068
1550 1069
1551 1069
1551 1070
1552 1070
1552 1071
1554 1071
1554 1072
1555 1072
1555 1073
1558 1073
1558 1074
1561 1074
1561 1073
1568 1073
1568 1074
1574 1074
1574 1073
1581 1073
1581 1072
1583 1072
1583 1071
1584 1071
1584 1069
1585 1069
1585 1068
1586 1068
1586 1061
1587 1061
1587 1059
1588 1059
1588 1058
1597 1058
1597 1059
1603 1059
1603 1058
1604 1058
1604 1056
1605 1056
1605 1055
1613 1055
1613 1050
1614 1050
1614 1049
1615 1049
1615 1036
1616 1036
1616 1035
1617 1035
1617 1033
1618 1033
1618 1032
1619 1032
1619 1031
1620 1031
1620 1030
1628 1030
1628 1031
1641 1031
1641 1030
1646 1030
1646 1029
1647 1029
1647 1030
1668 1030
1668 1031
1675 1031
1675 1032
1680 1032
1680 1033
1682 1033
1682 1032
1683 1032
1683 1031
1684 1031
1684 1030
1688 1030
1688 1029
1700 1029
1700 1030
1701 1030
1701 1031
1705 1031
1705 1032
1707 1032
1707 1033
1713 1033
1713 1034
1715 1034
1715 1035
1717 1035
1717 1036
1718 1036
1718 1037
1719 1037
1719 1038
1720 1038
1720 1039
1721 1039
1721 1040
1722 1040
1722 1041
1723 1041
1723 1042
1724 1042
1724 1043
1725 1043
1725 1044
1726 1044
1726 1045
1727 1045
1727 1046
1728 1046
1728 1047
1729 1047
1729 1050
1730 1050
1730 1055
1731 1055
1731 1056
1732 1056
1732 1058
1733 1058
1733 1060
1734 1060
1734 1061
1735 1061
1735 1062
1737 1062
1737 1063
1738 1063
1738 1064
1741 1064
1741 1065
1742 1065
1742 1066
1755 1066
1755 1067
1762 1067
1762 1066
1766 1066
1766 1067
1778 1067
1778 1068
1791 1068
1791 1069
1792 1069
1792 1070
1794 1070
1794 1071
1797 1071
1797 1073
1800 1073
1800 1074
1810 1074
1810 1075
1817 1075
1817 1076
1823 1076
1823 1077
1830 1077
1830 1078
1831 1078
1831 1079
1832 1079
1832 1080
1846 1080
1846 1081
1848 1081
1848 1080
1853 1080
1853 1081
1855 1081
1855 1082
1856 1082
1856 1083
1857 1083
1857 1084
1860 1084
1860 1085
1861 1085
1861 1086
1864 1086
1864 1087
1868 1087
1868 1088
1870 1088
1870 1089
1872 1089
1872 1090
1873 1090
1873 1091
1874 1091
1874 1092
1876 1092
1876 1093
1878 1093
1878 1094
1879 1094
1879 1095
1880 1095
1880 1096
1881 1096
1881 1097
1883 1097
1883 1098
1884 1098
1884 1099
1887 1099
1887 1100
1889 1100
1889 1101
1892 1101
1892 1100
1903 1100
1903 1099
1909 1099
1909 1100
1910 1100
1910 1099
1913 1099
1913 1098
1914 1098
1914 1097
1916 1097
1916 1096
1924 1096
1924 1095
1926 1095
1926 1094
1927 1094
1927 1093
1937 1093
1937 1092
1939 1092
1939 1091
1940 1091
1940 1090
1944 1090
1944 1091
1949 1091
1949 1090
1950 1090
1950 1089
1951 1089
1951 1087
1952 1087
1952 1086
1954 1086
1954 1085
1955 1085
1955 1086
1986 1086
1986 1087
2006 1087
2006 1088
2027 1088
2027 1089
2038 1089
2038 1088
2048 1088
2048 1089
2051 1089
2051 1090
2056 1090
2056 1091
2057 1091
2057 1092
2060 1092
2060 1093
2063 1093
2063 1092
2067 1092
2067 1091
2071 1091
2071 1090
2074 1090
2074 1091
2076 1091
2076 1090
2078 1090
2078 1089
2079 1089
2079 1088
2080 1088
2080 1087
2081 1087
2081 1084
2082 1084
2082 1083
2083 1083
2083 1082
2089 1082
2089 1081
2090 1081
2090 1080
2091 1080
2091 1079
2093 1079
2093 1078
2094 1078
2094 1077
2095 1077
2095 1076
2097 1076
2097 1077
2101 1077
2101 1078
2102 1078
2102 1079
2104 1079
2104 1080
2117 1080
2117 1081
2121 1081
2121 1082
2123 1082
2123 1083
2125 1083
2125 1084
2129 1084
2129 1085
2133 1085
2133 1086
2134 1086
2134 1087
2137 1087
2137 1088
2150 1088
2150 1089
2156 1089
2156 1090
2159 1090
2159 1091
2161 1091
2161 1092
2163 1092
2163 1093
2171 1093
2171 1094
2174 1094
2174 1095
2176 1095
2176 1096
2181 1096
2181 1095
2186 1095
2186 1094
2187 1094
2187 1093
2195 1093
2195 1092
2197 1092
2197 1093
2199 1093
2199 1094
2200 1094
2200 1095
2202 1095
2202 1096
2209 1096
2209 1097
2211 1097
2211 1096
2212 1096
2212 1095
2214 1095
2214 1094
2220 1094
2220 1093
2222 1093
2222 1092
2223 1092
2223 1091
2228 1091
2228 1092
2232 1092
2232 1091
2236 1091
2236 1090
2238 1090
2238 1089
2240 1089
2240 1088
2242 1088
2242 1087
2243 1087
2243 1086
2245 1086
2245 1085
2246 1085
2246 1084
2248 1084
2248 1083
2249 1083
2249 1082
2250 1082
2250 1080
2251 1080
2251 1075
2252 1075
2252 1070
2253 1070
2253 1066
2254 1066
2254 1065
2255 1065
2255 1064
2260 1064
2260 1063
2261 1063
2261 1062
2262 1062
2262 1061
2264 1061
2264 1060
2265 1060
2265 1059
2267 1059
2267 1058
2269 1058
2269 1057
2272 1057
2272 1056
2274 1056
2274 1055
2275 1055
2275 1054
2276 1054
2276 1053
2277 1053
2277 1049
2278 1049
2278 1046
2279 1046
2279 1044
2280 1044
2280 1037
2281 1037
2281 1036
2282 1036
2282 1035
2287 1035
2287 1036
2288 1036
2288 1037
2289 1037
2289 1038
2291 1038
2291 1039
2294 1039
2294 1040
2296 1040
2296 1041
2297 1041
2297 1042
2301 1042
2301 1043
2302 1043
2302 1046
2303 1046
2303 1047
2304 1047
2304 1048
2305 1048
2305 1049
2306 1049
2306 1050
2308 1050
2308 1051
2311 1051
2311 1052
2314 1052
2314 1053
2317 1053
2317 1054
2323 1054
2323 1055
2326 1055
2326 1056
2329 1056
2329 1057
2337 1057
2337 1056
2339 1056
2339 1055
2340 1055
2340 1054
2348 1054
2348 1053
2350 1053
2350 1052
2352 1052
2352 1051
2353 1051
2353 1050
2355 1050
2355 1049
2364 1049
2364 1048
2365 1048
2365 1047
2370 1047
2370 1048
2375 1048
2375 1047
2376 1047
2376 1045
2377 1045
2377 1044
2378 1044
2378 1043
2379 1043
2379 1042
2380 1042
2380 1041
2381 1041
2381 1040
2382 1040
2382 1038
2387 1038
2387 1037
2388 1037
2388 1036
2389 1036
2389 1035
2390 1035
2390 1033
2391 1033
2391 1032
2399 1032
2399 1033
2404 1033
2404 1034
2407 1034
2407 1035
2408 1035
2408 1036
2409 1036
2409 1037
2410 1037
2410 1038
2422 1038
2422 1037
2427 1037
2427 1038
2428 1038
2428 1039
2429 1039
2429 1040
2430 1040
2430 1041
2431 1041
2431 1042
2434 1042
2434 1043
2435 1043
2435 1044
2439 1044
2439 1045
2441 1045
2441 1046
2444 1046
2444 1047
2447 1047
2447 1048
2455 1048
2455 1049
2468 1049
2468 1050
2472 1050
2472 1051
2476 1051
2476 1050
2483 1050
2483 1051
2489 1051
2489 1055
2490 1055
2490 1058
2491 1058
2491 1059
2492 1059
2492 1060
2493 1060
2493 1062
2494 1062
2494 1063
2495 1063
2495 1064
2496 1064
2496 1066
2498 1066
2498 1067
2501 1067
2501 1068
2507 1068
2507 1069
2519 1069
2519 1068
2522 1068
2522 1067
2530 1067
2530 1066
2532 1066
2532 1065
2533 1065
2533 1064
2534 1064
2534 1063
2535 1063
2535 1060
2536 1060
2536 1059
2537 1059
2537 1055
2538 1055
2538 1047
2539 1047
2539 1043
2540 1043
2540 1041
2541 1041
2541 1037
2542 1037
2542 1035
2543 1035
2543 1034
2548 1034
2548 1033
2549 1033
2549 1032
2551 1032
2551 1030
2552 1030
2552 1029
2553 1029
2553 1028
2554 1028
2554 1025
2555 1025
2555 1022
2556 1022
2556 1020
2557 1020
2557 1018
2558 1018
2558 1014
2559 1014
2559 1011
2560 1011
2560 1010
2559 1010
2559 1007
2560 1007
2560 1001
2561 1001
2561 993
2562 993
2562 988
2563 988
2563 987
2578 987
2578 988
2589 988
2589 987
2590 987
2590 986
2592 986
2592 985
2594 985
2594 984
2597 984
2597 985
2598 985
2598 986
2603 986
2603 985
2608 985
2608 986
2617 986
2617 987
2619 987
2619 988
2621 988
2621 989
2633 989
2633 990
2634 990
2634 993
2635 993
