2125 806
2123 806
2123 807
2121 807
2121 808
2119 808
2119 809
2117 809
2117 810
2115 810
2115 811
2114 811
2114 812
2113 812
2113 813
2112 813
2112 814
2111 814
2111 815
2110 815
2110 816
2109 816
2109 818
2108 818
2108 819
2107 819
2107 820
2106 820
2106 821
2105 821
2105 822
2098 822
2098 823
2095 823
2095 824
2093 824
2093 825
2091 825
2091 826
2089 826
2089 827
2088 827
2088 828
2087 828
2087 830
2086 830
2086 831
2085 831
2085 832
2084 832
2084 833
2082 833
2082 834
2080 834
2080 833
2074 833
2074 832
2072 832
2072 831
2069 831
2069 830
2064 830
2064 829
2063 829
2063 830
2061 830
2061 831
2060 831
2060 834
2059 834
2059 846
2058 846
2058 848
2057 848
2057 849
2056 849
2056 850
2054 850
2054 851
2052 851
2052 852
2051 852
2051 853
2050 853
2050 854
2049 854
2049 855
2048 855
2048 861
2047 861
2047 872
2046 872
2046 874
2045 874
2045 875
2044 875
2044 877
2043 877
2043 878
2042 878
2042 879
2040 879
2040 880
2039 880
2039 881
2037 881
2037 882
2036 882
2036 883
2034 883
2034 884
2032 884
2032 885
2030 885
2030 886
2029 886
2029 887
2027 887
2027 888
2025 888
2025 889
2023 889
2023 890
2022 890
2022 891
2020 891
2020 892
2019 892
2019 893
2017 893
2017 894
2015 894
2015 895
2011 895
2011 896
2004 896
2004 897
2002 897
2002 898
1996 898
1996 899
1985 899
1985 900
1984 900
1984 901
1983 901
1983 902
1982 902
1982 903
1981 903
1981 904
1980 904
1980 905
1979 905
1979 906
1978 906
1978 908
1977 908
1977 911
1976 911
1976 913
1975 913
1975 915
1974 915
1974 917
1973 917
1973 918
1972 918
1972 919
1970 919
1970 920
1965 920
1965 921
1959 921
1959 920
1953 920
1953 919
1944 919
1944 920
1940 920
1940 921
1938 921
1938 922
1937 922
1937 923
1935 923
1935 924
1933 924
1933 925
1931 925
1931 926
1928 926
1928 927
1923 927
1923 928
1917 928
1917 929
1914 929
1914 930
1912 930
1912 931
1910 931
1910 932
1909 932
1909 933
1907 933
1907 935
1906 935
1906 936
1904 936
1904 937
1902 937
1902 938
1900 938
1900 939
1899 939
1899 940
1898 940
1898 941
1896 941
1896 942
1892 942
1892 943
1890 943
1890 944
1888 944
1888 945
1885 945
1885 946
1872 946
1872 945
1870 945
1870 944
1867 944
1867 943
1865 943
1865 942
1863 942
1863 941
1861 941
1861 940
1858 940
1858 939
1851 939
1851 938
1847 938
1847 939
1842 939
1842 940
1838 940
1838 941
1835 941
1835 942
1820 942
1820 941
1804 941
1804 940
1786 940
1786 939
1781 939
1781 938
1775 938
1775 939
1765 939
1765 940
1759 940
1759 942
1749 942
1749 943
1744 943
1744 944
1727 944
1727 943
1721 943
1721 942
1712 942
1712 941
1708 941
1708 940
1697 940
1697 941
1691 941
1691 940
1680 940
1680 939
1675 939
1675 938
1670 938
1670 939
1657 939
1657 938
1651 938
1651 937
1647 937
1647 936
1644 936
1644 935
1638 935
1638 934
1633 934
1633 935
1625 935
1625 936
1620 936
1620 937
1613 937
1613 938
1572 938
1572 937
1563 937
1563 936
1562 936
1562 937
1530 937
1530 936
1528 936
1528 935
1525 935
1525 934
1523 934
1523 933
1521 933
1521 932
1517 932
1517 931
1513 931
1513 930
1503 930
1503 929
1491 929
1491 928
1490 928
1490 927
1488 927
1488 926
1487 926
1487 925
1485 925
1485 924
1484 924
1484 923
1483 923
1483 922
1482 922
1482 921
1481 921
1481 919
1480 919
1480 917
1479 917
1479 914
1478 914
1478 913
1477 913
1477 911
1476 911
1476 910
1475 910
1475 909
1474 909
1474 908
1473 908
1473 907
1472 907
1472 905
1471 905
1471 904
1470 904
1470 903
1467 903
1467 902
1453 902
1453 903
1447 903
1447 904
1442 904
1442 905
1427 905
1427 906
1421 906
1421 905
1418 905
1418 904
1416 904
1416 903
1415 903
1415 902
1413 902
1413 901
1412 901
1412 900
1411 900
1411 899
1409 899
1409 898
1407 898
1407 897
1405 897
1405 896
1403 896
1403 895
1401 895
1401 894
1399 894
1399 893
1397 893
1397 892
1395 892
1395 891
1393 891
1393 890
1392 890
1392 889
1391 889
1391 888
1390 888
1390 886
1389 886
1389 885
1388 885
1388 884
1387 884
1387 883
1386 883
1386 882
1385 882
1385 880
1384 880
1384 878
1383 878
1383 876
1382 876
1382 874
1381 874
1381 873
1380 873
1380 871
1379 871
1379 869
1378 869
1378 867
1377 867
1377 866
1376 866
1376 864
1375 864
1375 862
1374 862
1374 859
1373 859
1373 853
1372 853
1372 848
1371 848
1371 845
1370 845
1370 839
1369 839
1369 838
1368 838
1368 837
1367 837
1367 836
1366 836
1366 835
1364 835
1364 834
1361 834
1361 833
1359 833
1359 832
1356 832
1356 831
1354 831
1354 830
1352 830
1352 829
1351 829
1351 828
1350 828
1350 827
1349 827
1349 825
1348 825
1348 824
1347 824
1347 822
1346 822
1346 820
1345 820
1345 819
1344 819
1344 817
1343 817
1343 814
1342 814
1342 812
1341 812
1341 808
1340 808
1340 805
1339 805
1339 802
1338 802
1338 794
1337 794
1337 788
1336 788
1336 781
1335 781
1335 774
1334 774
1334 764
1333 764
1333 756
1332 756
1332 748
1331 748
1331 744
1330 744
1330 742
1329 742
1329 741
1328 741
1328 739
1327 739
1327 738
1326 738
1326 737
1324 737
1324 736
1323 736
1323 734
1322 734
1322 733
1321 733
1321 732
1320 732
1320 731
1318 731
1318 730
1315 730
1315 729
1308 729
1308 728
1305 728
1305 727
1302 727
1302 726
1299 726
1299 725
1297 725
1297 724
1296 724
1296 723
1295 723
1295 721
1294 721
1294 720
1293 720
1293 719
1292 719
1292 718
1291 718
1291 717
1290 717
1290 716
1289 716
1289 715
1288 715
1288 714
1287 714
1287 713
1286 713
1286 712
1285 712
1285 711
1284 711
1284 710
1283 710
1283 709
1281 709
1281 708
1280 708
1280 707
1278 707
1278 706
1275 706
1275 705
1273 705
1273 704
1261 704
1261 703
1260 703
1260 702
1259 702
1259 700
1258 700
1258 699
1257 699
1257 698
1255 698
1255 697
1253 697
1253 696
1250 696
1250 695
1248 695
1248 694
1246 694
1246 693
1244 693
1244 692
1243 692
1243 691
1241 691
1241 690
1239 690
1239 689
1237 689
1237 688
1235 688
1235 687
1230 687
1230 686
1224 686
1224 685
1221 685
1221 684
1218 684
1218 683
1216 683
1216 682
1214 682
1214 681
1213 681
1213 680
1212 680
1212 679
1211 679
1211 678
1210 678
1210 677
1209 677
1209 676
1207 676
1207 675
1205 675
1205 674
1203 674
1203 673
1202 673
1202 672
1200 672
1200 671
1199 671
1199 670
1198 670
1198 669
1196 669
1196 668
1195 668
1195 667
1193 667
1193 666
1192 666
1192 665
1190 665
1190 664
1189 664
1189 663
1188 663
1188 662
1186 662
1186 661
1184 661
1184 660
1182 660
1182 659
1180 659
1180 658
1178 658
1178 657
1176 657
1176 656
1174 656
1174 655
1171 655
1171 654
1169 654
1169 653
1166 653
1166 652
1164 652
1164 651
1163 651
1163 650
1161 650
1161 649
1159 649
1159 648
1157 648
1157 647
1155 647
1155 646
1154 646
1154 645
1151 645
1151 644
1145 644
1145 643
1142 643
1142 642
1137 642
1137 641
1135 641
1135 640
1134 640
1134 639
1132 639
1132 638
1131 638
1131 637
1130 637
1130 636
1129 636
1129 634
1128 634
1128 633
1127 633
1127 631
1126 631
1126 629
1125 629
1125 626
1124 626
1124 621
1123 621
1123 618
1124 618
1124 616
1125 616
1125 598
1124 598
1124 595
1123 595
1123 594
1122 594
1122 593
1109 593
1109 592
1106 592
1106 591
1105 591
1105 590
1104 590
1104 589
1103 589
1103 587
1102 587
1102 585
1101 585
1101 580
1100 580
1100 576
1099 576
1099 571
1098 571
1098 565
1097 565
1097 558
1096 558
1096 552
1095 552
1095 550
1093 550
1093 551
1089 551
1089 552
1086 552
1086 553
1076 553
1076 552
1075 552
1075 551
1074 551
1074 550
1073 550
1073 539
1072 539
1072 529
1071 529
1071 506
1072 506
1072 496
1071 496
1071 489
1070 489
1070 487
1068 487
1068 486
1063 486
1063 485
1059 485
1059 486
1053 486
1053 485
1050 485
1050 484
1048 484
1048 483
1047 483
1047 482
1045 482
1045 481
1043 481
1043 480
1040 480
1040 479
1038 479
1038 478
1035 478
1035 477
1034 477
1034 476
1033 476
1033 474
1032 474
1032 472
1031 472
1031 470
1030 470
1030 468
1029 468
1029 465
1028 465
1028 464
1027 464
1027 463
1026 463
1026 462
1025 462
1025 461
1023 461
1023 460
1022 460
1022 459
1021 459
1021 457
1020 457
1020 456
1019 456
1019 454
1018 454
1018 448
1017 448
1017 446
1016 446
1016 444
1014 444
1014 443
1012 443
1012 442
1010 442
1010 441
1009 441
1009 440
1008 440
1008 438
1007 438
1007 436
1006 436
1006 435
1005 435
1005 429
1004 429
1004 426
1003 426
1003 417
1002 417
1002 406
1001 406
1001 398
1000 398
1000 391
999 391
999 377
998 377
998 375
997 375
997 374
990 374
990 373
987 373
987 372
982 372
982 371
977 371
977 370
973 370
973 369
971 369
971 368
968 368
968 367
967 367
967 366
966 366
966 365
965 365
965 364
964 364
964 362
963 362
963 361
962 361
962 359
961 359
961 357
960 357
960 355
959 355
959 351
958 351
958 345
959 345
959 339
958 339
958 322
959 322
959 317
958 317
958 309
957 309
957 307
956 307
956 304
955 304
955 302
954 302
954 301
953 301
953 300
952 300
952 299
951 299
951 298
950 298
950 297
947 297
947 295
946 295
946 294
945 294
945 292
944 292
944 290
943 290
943 287
942 287
942 284
941 284
941 275
942 275
942 265
943 265
943 256
944 256
944 252
943 252
943 251
941 251
941 250
943 250
943 251
944 251
944 252
945 252
945 256
944 256
944 265
943 265
943 275
942 275
942 284
943 284
943 287
944 287
944 290
945 290
945 292
946 292
946 294
947 294
947 295
948 295
948 296
950 296
950 297
951 297
951 298
952 298
952 299
953 299
953 300
954 300
954 301
955 301
955 302
956 302
956 304
957 304
957 307
958 307
958 309
959 309
959 317
960 317
960 322
959 322
959 339
960 339
960 345
959 345
959 351
960 351
960 355
961 355
961 357
962 357
962 359
963 359
963 361
964 361
964 362
965 362
965 364
966 364
966 365
967 365
967 366
968 366
968 367
971 367
971 368
973 368
973 369
977 369
977 370
982 370
982 371
987 371
987 372
990 372
990 373
997 373
997 374
998 374
998 375
999 375
999 377
1000 377
1000 391
1001 391
1001 398
1002 398
1002 406
1003 406
1003 417
1004 417
1004 426
1005 426
1005 429
1006 429
1006 435
1007 435
1007 436
1008 436
1008 438
1009 438
1009 440
1010 440
1010 441
1012 441
1012 442
1014 442
1014 443
1016 443
1016 444
1017 444
1017 446
1018 446
1018 448
1019 448
1019 454
1020 454
1020 456
1021 456
1021 457
1022 457
1022 459
1023 459
1023 460
1025 460
1025 461
1026 461
1026 462
1027 462
1027 463
1028 463
1028 464
1029 464
1029 465
1030 465
1030 468
1031 468
1031 470
1032 470
1032 472
1033 472
1033 474
1034 474
1034 476
1035 476
1035 477
1038 477
1038 478
1040 478
1040 479
1043 479
1043 480
1045 480
1045 481
1047 481
1047 482
1048 482
1048 483
1050 483
1050 484
1053 484
1053 485
1059 485
1059 484
1063 484
1063 485
1068 485
1068 486
1070 486
1070 487
1071 487
1071 489
1072 489
1072 496
1073 496
1073 506
1072 506
1072 529
1073 529
1073 539
1074 539
1074 550
1075 550
1075 551
1076 551
1076 552
1086 552
1086 551
1089 551
1089 550
1093 550
1093 549
1095 549
1095 550
1096 550
1096 552
1097 552
1097 558
1098 558
1098 565
1099 565
1099 571
1100 571
1100 576
1101 576
1101 580
1102 580
1102 585
1103 585
1103 587
1104 587
1104 589
1105 589
1105 590
1106 590
1106 591
1109 591
1109 592
1122 592
1122 593
1123 593
1123 594
1124 594
1124 595
1125 595
1125 598
1126 598
1126 616
1125 616
1125 618
1124 618
1124 621
1125 621
1125 626
1126 626
1126 629
1127 629
1127 631
1128 631
1128 633
1129 633
1129 634
1130 634
1130 636
1131 636
1131 637
1132 637
1132 638
1134 638
1134 639
1135 639
1135 640
1137 640
1137 641
1142 641
1142 642
1145 642
1145 643
1151 643
1151 644
1154 644
1154 645
1155 645
1155 646
1157 646
1157 647
1159 647
1159 648
1161 648
1161 649
1163 649
1163 650
1164 650
1164 651
1166 651
1166 652
1169 652
1169 653
1171 653
1171 654
1174 654
1174 655
1176 655
1176 656
1178 656
1178 657
1180 657
1180 658
1182 658
1182 659
1184 659
1184 660
1186 660
1186 661
1188 661
1188 662
1189 662
1189 663
1190 663
1190 664
1192 664
1192 665
1193 665
1193 666
1195 666
1195 667
1196 667
1196 668
1198 668
1198 669
1199 669
1199 670
1200 670
1200 671
1202 671
1202 672
1203 672
1203 673
1205 673
1205 674
1207 674
1207 675
1209 675
1209 676
1210 676
1210 677
1211 677
1211 678
1212 678
1212 679
1213 679
1213 680
1214 680
1214 681
1216 681
1216 682
1218 682
1218 683
1221 683
1221 684
1224 684
1224 685
1230 685
1230 686
1235 686
1235 687
1237 687
1237 688
1239 688
1239 689
1241 689
1241 690
1243 690
1243 691
1244 691
1244 692
1246 692
1246 693
1248 693
1248 694
1250 694
1250 695
1253 695
1253 696
1255 696
1255 697
1257 697
1257 698
1258 698
1258 699
1259 699
1259 700
1260 700
1260 702
1261 702
1261 703
1273 703
1273 704
1275 704
1275 705
1278 705
1278 706
1280 706
1280 707
1281 707
1281 708
1283 708
1283 709
1284 709
1284 710
1285 710
1285 711
1286 711
1286 712
1287 712
1287 713
1288 713
1288 714
1289 714
1289 715
1290 715
1290 716
1291 716
1291 717
1292 717
1292 718
1293 718
1293 719
1294 719
1294 720
1295 720
1295 721
1296 721
1296 723
1297 723
1297 724
1299 724
1299 725
1302 725
1302 726
1305 726
1305 727
1308 727
1308 728
1315 728
1315 729
1318 729
1318 730
1320 730
1320 731
1321 731
1321 732
1322 732
1322 733
1323 733
1323 734
1324 734
1324 736
1326 736
1326 737
1327 737
1327 738
1328 738
1328 739
1329 739
1329 741
1330 741
1330 742
1331 742
1331 744
1332 744
1332 748
1333 748
1333 756
1334 756
1334 764
1335 764
1335 774
1336 774
1336 781
1337 781
1337 788
1338 788
1338 794
1339 794
1339 802
1340 802
1340 805
1341 805
1341 808
1342 808
1342 812
1343 812
1343 814
1344 814
1344 817
1345 817
1345 819
1346 819
1346 820
1347 820
1347 822
1348 822
1348 824
1349 824
1349 825
1350 825
1350 827
1351 827
1351 828
1352 828
1352 829
1354 829
1354 830
1356 830
1356 831
1359 831
1359 832
1361 832
1361 833
1364 833
1364 834
1366 834
1366 835
1367 835
1367 836
1368 836
1368 837
1369 837
1369 838
1370 838
1370 839
1371 839
1371 845
1372 845
1372 848
1373 848
1373 853
1374 853
1374 859
1375 859
1375 862
1376 862
1376 864
1377 864
1377 866
1378 866
1378 867
1379 867
1379 869
1380 869
1380 871
1381 871
1381 873
1382 873
1382 874
1383 874
1383 876
1384 876
1384 878
1385 878
1385 880
1386 880
1386 882
1387 882
1387 883
1388 883
1388 884
1389 884
1389 885
1390 885
1390 886
1391 886
1391 888
1392 888
1392 889
1393 889
1393 890
1395 890
1395 891
1397 891
1397 892
1399 892
1399 893
1401 893
1401 894
1403 894
1403 895
1405 895
1405 896
1407 896
1407 897
1409 897
1409 898
1411 898
1411 899
1412 899
1412 900
1413 900
1413 901
1415 901
1415 902
1416 902
1416 903
1418 903
1418 904
1421 904
1421 905
1427 905
1427 904
1442 904
1442 903
1447 903
1447 902
1453 902
1453 901
1467 901
1467 902
1470 902
1470 903
1471 903
1471 904
1472 904
1472 905
1473 905
1473 907
1474 907
1474 908
1475 908
1475 909
1476 909
1476 910
1477 910
1477 911
1478 911
1478 913
1479 913
1479 914
1480 914
1480 917
1481 917
1481 919
1482 919
1482 921
1483 921
1483 922
1484 922
1484 923
1485 923
1485 924
1487 924
1487 925
1488 925
1488 926
1490 926
1490 927
1491 927
1491 928
1503 928
1503 929
1513 929
1513 930
1517 930
1517 931
1521 931
1521 932
1523 932
1523 933
1525 933
1525 934
1528 934
1528 935
1530 935
1530 936
1562 936
1562 935
1563 935
1563 936
1572 936
1572 937
1613 937
1613 936
1620 936
1620 935
1625 935
1625 934
1633 934
1633 933
1638 933
1638 934
1644 934
1644 935
1647 935
1647 936
1651 936
1651 937
1657 937
1657 938
1670 938
1670 937
1675 937
1675 938
1680 938
1680 939
1691 939
1691 940
1697 940
1697 939
1708 939
1708 940
1712 940
1712 941
1721 941
1721 942
1727 942
1727 943
1744 943
1744 942
1749 942
1749 941
1758 941
1758 940
1759 940
1759 939
1765 939
1765 938
1775 938
1775 937
1781 937
1781 938
1786 938
1786 939
1804 939
1804 940
1820 940
1820 941
1835 941
1835 940
1838 940
1838 939
1842 939
1842 938
1847 938
1847 937
1851 937
1851 938
1858 938
1858 939
1861 939
1861 940
1863 940
1863 941
1865 941
1865 942
1867 942
1867 943
1870 943
1870 944
1872 944
1872 945
1885 945
1885 944
1888 944
1888 943
1890 943
1890 942
1892 942
1892 941
1896 941
1896 940
1898 940
1898 939
1899 939
1899 938
1900 938
1900 937
1902 937
1902 936
1904 936
1904 935
1906 935
1906 933
1907 933
1907 932
1909 932
1909 931
1910 931
1910 930
1912 930
1912 929
1914 929
1914 928
1917 928
1917 927
1923 927
1923 926
1928 926
1928 925
1931 925
1931 924
1933 924
1933 923
1935 923
1935 922
1937 922
1937 921
1938 921
1938 920
1940 920
1940 919
1944 919
1944 918
1953 918
1953 919
1959 919
1959 920
1965 920
1965 919
1970 919
1970 918
1972 918
1972 917
1973 917
1973 915
1974 915
1974 913
1975 913
1975 911
1976 911
1976 908
1977 908
1977 906
1978 906
1978 905
1979 905
1979 904
1980 904
1980 903
1981 903
1981 902
1982 902
1982 901
1983 901
1983 900
1984 900
1984 899
1985 899
1985 898
1996 898
1996 897
2002 897
2002 896
2004 896
2004 895
2011 895
2011 894
2015 894
2015 893
2017 893
2017 892
2019 892
2019 891
2020 891
2020 890
2022 890
2022 889
2023 889
2023 888
2025 888
2025 887
2027 887
2027 886
2029 886
2029 885
2030 885
2030 884
2032 884
2032 883
2034 883
2034 882
2036 882
2036 881
2037 881
2037 880
2039 880
2039 879
2040 879
2040 878
2042 878
2042 877
2043 877
2043 875
2044 875
2044 874
2045 874
2045 872
2046 872
2046 861
2047 861
2047 855
2048 855
2048 854
2049 854
2049 853
2050 853
2050 852
2051 852
2051 851
2052 851
2052 850
2054 850
2054 849
2056 849
2056 848
2057 848
2057 846
2058 846
2058 834
2059 834
2059 831
2060 831
2060 830
2061 830
2061 829
2063 829
2063 828
2064 828
2064 829
2069 829
2069 830
2072 830
2072 831
2074 831
2074 832
2080 832
2080 833
2082 833
2082 832
2084 832
2084 831
2085 831
2085 830
2086 830
2086 828
2087 828
2087 827
2088 827
2088 826
2089 826
2089 825
2091 825
2091 824
2093 824
2093 823
2095 823
2095 822
2098 822
2098 821
2105 821
2105 820
2106 820
2106 819
2107 819
2107 818
2108 818
2108 816
2109 816
2109 815
2110 815
2110 814
2111 814
2111 813
2112 813
2112 812
2113 812
2113 811
2114 811
2114 810
2115 810
2115 809
2117 809
2117 808
2119 808
2119 807
2121 807
2121 806
2123 806
2123 805
2125 805
2125 804
2127 804
2127 803
2128 803
2128 802
2129 802
2129 801
2130 801
2130 800
2131 800
2131 799
2133 799
2133 798
2134 798
2134 797
2135 797
2135 795
2136 795
2136 793
2137 793
2137 792
2139 792
2139 791
2140 791
2140 790
2141 790
2141 789
2142 789
2142 788
2144 788
2144 787
2147 787
2147 786
2151 786
2151 785
2154 785
2154 784
2161 784
2161 783
2169 783
2169 782
2174 782
2174 781
2176 781
2176 780
2177 780
2177 779
2178 779
2178 778
2179 778
2179 777
2180 777
2180 776
2181 776
2181 775
2182 775
2182 774
2183 774
2183 772
2184 772
2184 771
2185 771
2185 770
2186 770
2186 769
2187 769
2187 768
2188 768
2188 767
2189 767
2189 766
2190 766
2190 765
2192 765
2192 764
2195 764
2195 763
2197 763
2197 762
2199 762
2199 761
2200 761
2200 760
2201 760
2201 759
2202 759
2202 758
2203 758
2203 757
2205 757
2205 755
2206 755
2206 754
2207 754
2207 753
2208 753
2208 751
2209 751
2209 749
2210 749
2210 747
2211 747
2211 745
2212 745
2212 741
2213 741
2213 740
2214 740
2214 739
2216 739
2216 738
2219 738
2219 737
2221 737
2221 735
2222 735
2222 732
2223 732
2223 730
2224 730
2224 727
2225 727
2225 720
2224 720
2224 717
2223 717
2223 707
2224 707
2224 706
2225 706
2225 705
2226 705
2226 704
2227 704
2227 703
2228 703
2228 702
2229 702
2229 701
2230 701
2230 700
2231 700
2231 699
2232 699
2232 698
2233 698
2233 697
2234 697
2234 696
2235 696
2235 695
2236 695
2236 694
2237 694
2237 693
2238 693
2238 692
2239 692
2239 691
2241 691
2241 690
2242 690
2242 689
2244 689
2244 688
2246 688
2246 687
2248 687
2248 686
2249 686
2249 685
2250 685
2250 684
2251 684
2251 682
2252 682
2252 678
2253 678
2253 675
2254 675
2254 672
2255 672
2255 671
2257 671
2257 670
2259 670
2259 669
2261 669
2261 668
2264 668
2264 667
2266 667
2266 666
2268 666
2268 665
2271 665
2271 664
2275 664
2275 663
2278 663
2278 662
2280 662
2280 661
2283 661
2283 660
2284 660
2284 659
2286 659
2286 658
2288 658
2288 657
2289 657
2289 656
2290 656
2290 655
2291 655
2291 654
2292 654
2292 653
2293 653
2293 652
2294 652
2294 651
2295 651
2295 650
2296 650
2296 648
2297 648
2297 647
2298 647
2298 646
2299 646
2299 645
2300 645
2300 644
2301 644
2301 642
2302 642
2302 641
2303 641
2303 640
2304 640
2304 639
2306 639
2306 638
2308 638
2308 637
2310 637
2310 636
2312 636
2312 635
2314 635
2314 634
2315 634
2315 633
2316 633
2316 632
2317 632
2317 631
2318 631
2318 630
2319 630
2319 629
2321 629
2321 628
2322 628
2322 627
2323 627
2323 626
2324 626
2324 625
2325 625
2325 623
2326 623
2326 622
2327 622
2327 621
2328 621
2328 619
2329 619
2329 618
2330 618
2330 617
2331 617
2331 616
2332 616
2332 615
2333 615
2333 614
2334 614
2334 613
2335 613
2335 612
2336 612
2336 611
2337 611
2337 610
2338 610
2338 609
2339 609
2339 607
2340 607
2340 606
2341 606
2341 605
2342 605
2342 604
2344 604
2344 603
2345 603
2345 601
2346 601
2346 600
2347 600
2347 599
2349 599
2349 598
2350 598
2350 597
2351 597
2351 596
2352 596
2352 595
2353 595
2353 594
2354 594
2354 593
2355 593
2355 592
2356 592
2356 590
2357 590
2357 589
2358 589
2358 588
2359 588
2359 587
2360 587
2360 586
2361 586
2361 585
2362 585
2362 584
2363 584
2363 583
2364 583
2364 582
2366 582
2366 581
2368 581
2368 580
2369 580
2369 578
2370 578
2370 577
2371 577
2371 576
2372 576
2372 573
2373 573
2373 572
2374 572
2374 571
2376 571
2376 570
2379 570
2379 568
2380 568
2380 567
2381 567
2381 566
2384 566
2384 565
2386 565
2386 564
2387 564
2387 563
2389 563
2389 562
2390 562
2390 561
2392 561
2392 559
2393 559
2393 558
2394 558
2394 557
2395 557
2395 556
2397 556
2397 555
2398 555
2398 554
2399 554
2399 553
2400 553
2400 552
2401 552
2401 550
2402 550
2402 547
2403 547
2403 546
2404 546
2404 545
2405 545
2405 543
2406 543
2406 542
2407 542
2407 541
2408 541
2408 540
2409 540
2409 539
2411 539
2411 538
2413 538
2413 539
2411 539
2411 540
2409 540
2409 541
2408 541
2408 542
2407 542
2407 543
2406 543
2406 545
2405 545
2405 546
2404 546
2404 547
2403 547
2403 550
2402 550
2402 552
2401 552
2401 553
2400 553
2400 554
2399 554
2399 555
2398 555
2398 556
2397 556
2397 557
2395 557
2395 558
2394 558
2394 559
2393 559
2393 561
2392 561
2392 562
2390 562
2390 563
2389 563
2389 564
2387 564
2387 565
2386 565
2386 566
2384 566
2384 567
2381 567
2381 568
2380 568
2380 570
2379 570
2379 571
2376 571
2376 572
2374 572
2374 573
2373 573
2373 576
2372 576
2372 577
2371 577
2371 578
2370 578
2370 580
2369 580
2369 582
2366 582
2366 583
2364 583
2364 584
2363 584
2363 585
2362 585
2362 586
2361 586
2361 587
2360 587
2360 588
2359 588
2359 589
2358 589
2358 590
2357 590
2357 592
2356 592
2356 593
2355 593
2355 594
2354 594
2354 595
2353 595
2353 596
2352 596
2352 597
2351 597
2351 598
2350 598
2350 599
2349 599
2349 600
2347 600
2347 601
2346 601
2346 603
2345 603
2345 604
2344 604
2344 605
2342 605
2342 606
2341 606
2341 607
2340 607
2340 609
2339 609
2339 610
2338 610
2338 611
2337 611
2337 612
2336 612
2336 613
2335 613
2335 614
2334 614
2334 615
2333 615
2333 616
2332 616
2332 617
2331 617
2331 618
2330 618
2330 619
2329 619
2329 621
2328 621
2328 622
2327 622
2327 623
2326 623
2326 625
2325 625
2325 626
2324 626
2324 627
2323 627
2323 628
2322 628
2322 629
2321 629
2321 630
2319 630
2319 631
2318 631
2318 632
2317 632
2317 633
2316 633
2316 634
2315 634
2315 635
2314 635
2314 636
2312 636
2312 637
2310 637
2310 638
2308 638
2308 639
2306 639
2306 640
2304 640
2304 641
2303 641
2303 642
2302 642
2302 644
2301 644
2301 645
2300 645
2300 646
2299 646
2299 647
2298 647
2298 648
2297 648
2297 650
2296 650
2296 651
2295 651
2295 652
2294 652
2294 653
2293 653
2293 654
2292 654
2292 655
2291 655
2291 656
2290 656
2290 657
2289 657
2289 658
2288 658
2288 659
2286 659
2286 660
2284 660
2284 661
2283 661
2283 662
2280 662
2280 663
2278 663
2278 664
2275 664
2275 665
2271 665
2271 666
2268 666
2268 667
2266 667
2266 668
2264 668
2264 669
2261 669
2261 670
2259 670
2259 671
2257 671
2257 672
2255 672
2255 675
2254 675
2254 678
2253 678
2253 682
2252 682
2252 684
2251 684
2251 685
2250 685
2250 686
2249 686
2249 687
2248 687
2248 688
2246 688
2246 689
2244 689
2244 690
2242 690
2242 691
2241 691
2241 692
2239 692
2239 693
2238 693
2238 694
2237 694
2237 695
2236 695
2236 696
2235 696
2235 697
2234 697
2234 698
2233 698
2233 699
2232 699
2232 700
2231 700
2231 701
2230 701
2230 702
2229 702
2229 703
2228 703
2228 704
2227 704
2227 705
2226 705
2226 706
2225 706
2225 707
2224 707
2224 717
2225 717
2225 720
2226 720
2226 727
2225 727
2225 730
2224 730
2224 732
2223 732
2223 735
2222 735
2222 737
2221 737
2221 738
2219 738
2219 739
2216 739
2216 740
2214 740
2214 741
2213 741
2213 745
2212 745
2212 747
2211 747
2211 749
2210 749
2210 751
2209 751
2209 753
2208 753
2208 754
2207 754
2207 755
2206 755
2206 757
2205 757
2205 758
2203 758
2203 759
2202 759
2202 760
2201 760
2201 761
2200 761
2200 762
2199 762
2199 763
2197 763
2197 764
2195 764
2195 765
2192 765
2192 766
2190 766
2190 767
2189 767
2189 768
2188 768
2188 769
2187 769
2187 770
2186 770
2186 771
2185 771
2185 772
2184 772
2184 774
2183 774
2183 775
2182 775
2182 776
2181 776
2181 777
2180 777
2180 778
2179 778
2179 779
2178 779
2178 780
2177 780
2177 781
2176 781
2176 782
2174 782
2174 783
2169 783
2169 784
2161 784
2161 785
2154 785
2154 786
2151 786
2151 787
2147 787
2147 788
2144 788
2144 789
2142 789
2142 790
2141 790
2141 791
2140 791
2140 792
2139 792
2139 793
2137 793
2137 795
2136 795
2136 797
2135 797
2135 798
2134 798
2134 799
2133 799
2133 800
2131 800
2131 801
2130 801
2130 802
2129 802
2129 803
2128 803
2128 804
2127 804
2127 805
2125 805
