3531 253
3532 253
3532 270
3531 270
3531 274
3530 274
3530 277
3529 277
3529 278
3527 278
3527 279
3525 279
3525 280
3524 280
3524 281
3523 281
3523 282
3522 282
3522 283
3521 283
3521 292
3520 292
3520 295
3519 295
3519 296
3518 296
3518 298
3517 298
3517 299
3516 299
3516 300
3514 300
3514 301
3513 301
3513 302
3511 302
3511 303
3510 303
3510 304
3509 304
3509 305
3508 305
3508 306
3507 306
3507 307
3506 307
3506 308
3505 308
3505 309
3504 309
3504 310
3502 310
3502 311
3500 311
3500 312
3498 312
3498 314
3497 314
3497 318
3496 318
3496 319
3495 319
3495 321
3494 321
3494 322
3493 322
3493 323
3490 323
3490 324
3488 324
3488 325
3485 325
3485 326
3484 326
3484 327
3483 327
3483 328
3482 328
3482 329
3481 329
3481 330
3480 330
3480 331
3478 331
3478 332
3474 332
3474 333
3473 333
3473 334
3471 334
3471 335
3470 335
3470 336
3467 336
3467 337
3466 337
3466 338
3465 338
3465 339
3460 339
3460 340
3454 340
3454 341
3445 341
3445 342
3441 342
3441 346
3440 346
3440 355
3439 355
3439 357
3438 357
3438 358
3437 358
3437 359
3436 359
3436 360
3435 360
3435 361
3434 361
3434 362
3432 362
3432 363
3430 363
3430 365
3429 365
3429 366
3428 366
3428 367
3427 367
3427 368
3426 368
3426 369
3425 369
3425 370
3422 370
3422 371
3420 371
3420 372
3417 372
3417 373
3416 373
3416 374
3415 374
3415 375
3411 375
3411 374
3410 374
3410 373
3409 373
3409 372
3408 372
3408 371
3407 371
3407 370
3403 370
3403 369
3401 369
3401 368
3395 368
3395 367
3389 367
3389 368
3384 368
3384 377
3385 377
3385 382
3384 382
3384 388
3383 388
3383 390
3382 390
3382 393
3381 393
3381 394
3380 394
3380 395
3379 395
3379 396
3378 396
3378 397
3377 397
3377 398
3376 398
3376 399
3375 399
3375 415
3374 415
3374 420
3373 420
3373 455
3374 455
3374 466
3373 466
3373 475
3374 475
3374 482
3373 482
3373 503
3372 503
3372 505
3373 505
3373 521
3374 521
3374 526
3373 526
3373 529
3372 529
3372 530
3371 530
3371 533
3370 533
3370 535
3369 535
3369 540
3368 540
3368 542
3367 542
3367 543
3364 543
3364 544
3363 544
3363 545
3362 545
3362 546
3361 546
3361 547
3359 547
3359 548
3358 548
3358 549
3357 549
3357 550
3356 550
3356 553
3355 553
3355 554
3354 554
3354 555
3351 555
3351 556
3348 556
3348 557
3347 557
3347 558
3346 558
3346 559
3344 559
3344 560
3343 560
3343 561
3342 561
3342 562
3340 562
3340 563
3338 563
3338 564
3336 564
3336 568
3335 568
3335 572
3334 572
3334 573
3333 573
3333 575
3332 575
3332 577
3330 577
3330 578
3329 578
3329 579
3328 579
3328 580
3327 580
3327 582
3326 582
3326 587
3325 587
3325 590
3326 590
3326 595
3325 595
3325 598
3326 598
3326 613
3327 613
3327 615
3326 615
3326 619
3327 619
3327 644
3326 644
3326 645
3324 645
3324 646
3323 646
3323 647
3320 647
3320 648
3318 648
3318 649
3315 649
3315 650
3313 650
3313 649
3310 649
3310 650
3308 650
3308 651
3306 651
3306 652
3304 652
3304 653
3303 653
3303 654
3295 654
3295 655
3292 655
3292 656
3285 656
3285 657
3274 657
3274 656
3272 656
3272 655
3263 655
3263 656
3258 656
3258 655
3254 655
3254 654
3252 654
3252 653
3248 653
3248 652
3241 652
3241 651
3233 651
3233 650
3230 650
3230 649
3229 649
3229 648
3225 648
3225 647
3218 647
3218 646
3217 646
3217 645
3213 645
3213 644
3211 644
3211 645
3207 645
3207 644
3206 644
3206 643
3204 643
3204 642
3203 642
3203 641
3201 641
3201 640
3200 640
3200 639
3197 639
3197 638
3195 638
3195 639
3182 639
3182 638
3179 638
3179 637
3178 637
3178 636
3177 636
3177 635
3176 635
3176 634
3175 634
3175 632
3174 632
3174 628
3173 628
3173 619
3172 619
3172 614
3171 614
3171 601
3170 601
3170 590
3169 590
3169 577
3168 577
3168 564
3167 564
3167 550
3166 550
3166 549
3151 549
3151 548
3149 548
3149 547
3145 547
3145 546
3144 546
3144 545
3139 545
3139 544
3129 544
3129 543
3127 543
3127 542
3125 542
3125 541
3121 541
3121 540
3120 540
3120 539
3119 539
3119 538
3115 538
3115 545
3114 545
3114 546
3115 546
3115 554
3114 554
3114 557
3115 557
3115 570
3116 570
3116 585
3117 585
3117 605
3118 605
3118 617
3117 617
3117 619
3116 619
3116 620
3115 620
3115 622
3114 622
3114 623
3113 623
3113 624
3112 624
3112 625
3109 625
3109 626
3107 626
3107 627
3106 627
3106 628
3105 628
3105 629
3101 629
3101 630
3095 630
3095 632
3094 632
3094 634
3095 634
3095 637
3094 637
3094 638
3093 638
3093 639
3092 639
3092 640
3091 640
3091 641
3089 641
3089 644
3086 644
3086 645
3085 645
3085 667
3086 667
3086 675
3085 675
3085 678
3086 678
3086 692
3085 692
3085 694
3084 694
3084 695
3083 695
3083 697
3082 697
3082 698
3081 698
3081 699
3078 699
3078 700
3077 700
3077 702
3076 702
3076 703
3075 703
3075 704
3074 704
3074 705
3071 705
3071 706
3066 706
3066 707
3062 707
3062 706
3055 706
3055 705
3052 705
3052 704
3044 704
3044 703
3043 703
3043 702
3041 702
3041 703
3039 703
3039 704
3038 704
3038 705
3035 705
3035 706
3031 706
3031 708
3030 708
3030 709
3029 709
3029 713
3028 713
3028 722
3027 722
3027 740
3028 740
3028 743
3027 743
3027 745
3026 745
3026 746
3025 746
3025 749
3024 749
3024 751
3023 751
3023 752
3022 752
3022 754
3021 754
3021 755
3020 755
3020 756
3019 756
3019 757
3018 757
3018 758
3017 758
3017 760
3016 760
3016 762
3015 762
3015 763
3013 763
3013 764
3010 764
3010 765
3008 765
3008 766
3000 766
3000 765
2997 765
2997 764
2996 764
2996 763
2995 763
2995 762
2994 762
2994 760
2993 760
2993 759
2992 759
2992 755
2991 755
2991 753
2990 753
2990 749
2989 749
2989 742
2988 742
2988 734
2987 734
2987 729
2986 729
2986 723
2985 723
2985 716
2984 716
2984 714
2983 714
2983 713
2982 713
2982 712
2974 712
2974 728
2975 728
2975 741
2976 741
2976 749
2975 749
2975 751
2974 751
2974 752
2972 752
2972 753
2962 753
2962 754
2957 754
2957 755
2956 755
2956 754
2952 754
2952 753
2946 753
2946 754
2943 754
2943 753
2942 753
2942 751
2941 751
2941 750
2940 750
2940 749
2939 749
2939 748
2938 748
2938 747
2937 747
2937 745
2936 745
2936 744
2935 744
2935 741
2934 741
2934 729
2933 729
2933 717
2932 717
2932 701
2931 701
2931 691
2930 691
2930 690
2924 690
2924 691
2923 691
2923 692
2921 692
2921 693
2918 693
2918 694
2917 694
2917 697
2916 697
2916 702
2915 702
2915 706
2916 706
2916 725
2917 725
2917 749
2916 749
2916 751
2915 751
2915 752
2914 752
2914 753
2912 753
2912 754
2909 754
2909 755
2902 755
2902 754
2895 754
2895 765
2896 765
2896 786
2897 786
2897 792
2896 792
2896 794
2895 794
2895 795
2894 795
2894 796
2893 796
2893 797
2892 797
2892 798
2891 798
2891 799
2889 799
2889 800
2886 800
2886 817
2887 817
2887 821
2888 821
2888 826
2887 826
2887 832
2886 832
2886 833
2885 833
2885 835
2884 835
2884 836
2883 836
2883 837
2882 837
2882 838
2881 838
2881 839
2879 839
2879 840
2877 840
2877 841
2876 841
2876 844
2875 844
2875 847
2874 847
2874 848
2871 848
2871 849
2870 849
2870 850
2869 850
2869 851
2868 851
2868 852
2865 852
2865 854
2864 854
2864 855
2863 855
2863 856
2862 856
2862 857
2861 857
2861 858
2860 858
2860 859
2859 859
2859 860
2858 860
2858 861
2856 861
2856 862
2855 862
2855 863
2854 863
2854 864
2853 864
2853 865
2849 865
2849 866
2843 866
2843 867
2842 867
2842 870
2841 870
2841 872
2840 872
2840 873
2839 873
2839 875
2838 875
2838 876
2836 876
2836 877
2835 877
2835 878
2833 878
2833 879
2832 879
2832 880
2831 880
2831 883
2832 883
2832 901
2833 901
2833 907
2832 907
2832 908
2831 908
2831 911
2830 911
2830 913
2829 913
2829 914
2826 914
2826 915
2825 915
2825 916
2823 916
2823 917
2817 917
2817 918
2816 918
2816 919
2815 919
2815 920
2811 920
2811 921
2809 921
2809 922
2807 922
2807 923
2804 923
2804 922
2803 922
2803 921
2802 921
2802 920
2801 920
2801 919
2800 919
2800 918
2799 918
2799 917
2798 917
2798 916
2795 916
2795 915
2790 915
2790 914
2785 914
2785 915
2779 915
2779 916
2778 916
2778 920
2777 920
2777 923
2776 923
2776 926
2775 926
2775 927
2773 927
2773 928
2767 928
2767 927
2766 927
2766 926
2765 926
2765 925
2753 925
2753 924
2748 924
2748 923
2744 923
2744 922
2743 922
2743 921
2742 921
2742 920
2741 920
2741 919
2740 919
2740 917
2738 917
2738 916
2733 916
2733 915
2732 915
2732 914
2730 914
2730 913
2729 913
2729 912
2728 912
2728 911
2727 911
2727 909
2726 909
2726 908
2725 908
2725 905
2724 905
2724 903
2723 903
2723 902
2720 902
2720 901
2719 901
2719 900
2718 900
2718 899
2716 899
2716 898
2715 898
2715 897
2714 897
2714 896
2713 896
2713 894
2712 894
2712 893
2709 893
2709 892
2707 892
2707 891
2704 891
2704 890
2703 890
2703 889
2702 889
2702 888
2701 888
2701 887
2700 887
2700 884
2699 884
2699 882
2698 882
2698 881
2697 881
2697 880
2696 880
2696 879
2694 879
2694 878
2693 878
2693 877
2691 877
2691 876
2690 876
2690 875
2689 875
2689 874
2688 874
2688 872
2687 872
2687 871
2686 871
2686 867
2684 867
2684 866
2682 866
2682 865
2680 865
2680 864
2678 864
2678 863
2677 863
2677 862
2676 862
2676 861
2675 861
2675 860
2674 860
2674 859
2672 859
2672 858
2668 858
2668 857
2666 857
2666 856
2665 856
2665 855
2664 855
2664 854
2663 854
2663 853
2662 853
2662 851
2661 851
2661 849
2660 849
2660 838
2659 838
2659 836
2654 836
2654 835
2652 835
2652 834
2650 834
2650 833
2646 833
2646 832
2642 832
2642 831
2641 831
2641 830
2640 830
2640 829
2639 829
2639 828
2638 828
2638 826
2637 826
2637 824
2636 824
2636 820
2635 820
2635 812
2634 812
2634 810
2633 810
2633 809
2628 809
2628 808
2627 808
2627 807
2626 807
2626 806
2625 806
2625 805
2622 805
2622 804
2614 804
2614 803
2609 803
2609 802
2603 802
2603 804
2602 804
2602 816
2601 816
2601 818
2600 818
2600 820
2599 820
2599 825
2598 825
2598 826
2594 826
2594 827
2591 827
2591 828
2590 828
2590 832
2589 832
2589 834
2590 834
2590 845
2589 845
2589 847
2587 847
2587 848
2586 848
2586 849
2585 849
2585 850
2583 850
2583 851
2581 851
2581 852
2579 852
2579 853
2578 853
2578 871
2579 871
2579 888
2580 888
2580 904
2579 904
2579 912
2578 912
2578 915
2579 915
2579 917
2578 917
2578 928
2577 928
2577 929
2576 929
2576 930
2575 930
2575 931
2574 931
2574 932
2573 932
2573 933
2572 933
2572 934
2571 934
2571 935
2570 935
2570 936
2569 936
2569 950
2570 950
2570 963
2569 963
2569 965
2568 965
2568 972
2567 972
2567 981
2568 981
2568 984
2567 984
2567 986
2568 986
2568 994
2567 994
2567 1013
2569 1013
2569 1026
2568 1026
2568 1027
2567 1027
2567 1030
2566 1030
2566 1031
2564 1031
2564 1032
2562 1032
2562 1033
2558 1033
2558 1032
2557 1032
2557 1030
2556 1030
2556 1026
2554 1026
2554 1025
2553 1025
2553 1022
2552 1022
2552 1015
2551 1015
2551 1014
2550 1014
2550 1013
2549 1013
2549 1012
2547 1012
2547 1011
2546 1011
2546 1010
2545 1010
2545 1009
2544 1009
2544 1008
2541 1008
2541 1007
2538 1007
2538 1006
2536 1006
2536 1005
2534 1005
2534 1004
2533 1004
2533 1003
2525 1003
2525 1002
2524 1002
2524 1001
2521 1001
2521 1000
2520 1000
2520 999
2519 999
2519 998
2518 998
2518 997
2517 997
2517 996
2516 996
2516 994
2515 994
2515 993
2514 993
2514 991
2513 991
2513 985
2512 985
2512 980
2511 980
2511 978
2510 978
2510 976
2509 976
2509 974
2507 974
2507 973
2506 973
2506 972
2505 972
2505 971
2504 971
2504 969
2503 969
2503 968
2502 968
2502 967
2501 967
2501 965
2496 965
2496 964
2495 964
2495 958
2494 958
2494 955
2493 955
2493 943
2492 943
2492 942
2491 942
2491 941
2489 941
2489 940
2488 940
2488 939
2487 939
2487 938
2486 938
2486 937
2485 937
2485 936
2484 936
2484 935
2483 935
2483 934
2482 934
2482 933
2481 933
2481 932
2480 932
2480 931
2478 931
2478 930
2476 930
2476 929
2475 929
2475 927
2474 927
2474 926
2473 926
2473 925
2472 925
2472 924
2471 924
2471 923
2470 923
2470 921
2469 921
2469 918
2468 918
2468 916
2467 916
2467 915
2464 915
2464 914
2461 914
2461 913
2458 913
2458 912
2439 912
2439 911
2426 911
2426 912
2424 912
2424 917
2423 917
2423 925
2424 925
2424 948
2425 948
2425 971
2424 971
2424 973
2423 973
2423 976
2422 976
2422 977
2421 977
2421 978
2420 978
2420 979
2418 979
2418 980
2417 980
2417 981
2416 981
2416 982
2415 982
2415 983
2414 983
2414 984
2413 984
2413 985
2412 985
2412 986
2411 986
2411 987
2410 987
2410 988
2408 988
2408 989
2407 989
2407 990
2406 990
2406 991
2405 991
2405 992
2404 992
2404 993
2402 993
2402 995
2398 995
2398 997
2397 997
2397 998
2387 998
2387 999
2370 999
2370 998
2368 998
2368 997
2355 997
2355 998
2352 998
2352 999
2324 999
2324 1000
2311 1000
2311 1001
2310 1001
2310 1002
2309 1002
2309 1003
2302 1003
2302 1004
2295 1004
2295 1005
2290 1005
2290 1006
2288 1006
2288 1007
2287 1007
2287 1008
2280 1008
2280 1009
2278 1009
2278 1010
2277 1010
2277 1011
2275 1011
2275 1012
2274 1012
2274 1013
2270 1013
2270 1014
2266 1014
2266 1013
2263 1013
2263 1014
2256 1014
2256 1013
2254 1013
2254 1012
2253 1012
2253 1011
2251 1011
2251 1010
2250 1010
2250 1009
2249 1009
2249 1006
2248 1006
2248 1002
2247 1002
2247 997
2245 997
2245 996
2243 996
2243 995
2241 995
2241 994
2236 994
2236 995
2234 995
2234 994
2226 994
2226 993
2225 993
2225 992
2224 992
2224 991
2223 991
2223 989
2222 989
2222 987
2221 987
2221 985
2220 985
2220 983
2219 983
2219 982
2218 982
2218 980
2217 980
2217 978
2216 978
2216 977
2215 977
2215 975
2214 975
2214 971
2213 971
2213 970
2212 970
2212 969
2211 969
2211 968
2210 968
2210 967
2198 967
2198 968
2193 968
2193 967
2189 967
2189 966
2187 966
2187 965
2185 965
2185 964
2183 964
2183 963
2182 963
2182 962
2180 962
2180 961
2179 961
2179 960
2177 960
2177 959
2171 959
2171 958
2163 958
2163 959
2155 959
2155 960
2138 960
2138 958
2137 958
2137 957
2136 957
2136 956
2135 956
2135 955
2134 955
2134 953
2133 953
2133 950
2132 950
2132 945
2131 945
2131 936
2130 936
2130 930
2129 930
2129 928
2128 928
2128 924
2126 924
2126 923
2122 923
2122 922
2117 922
2117 923
2110 923
2110 924
2105 924
2105 923
2100 923
2100 924
2095 924
2095 925
2080 925
2080 926
2071 926
2071 927
2069 927
2069 926
2058 926
2058 927
2052 927
2052 928
2045 928
2045 929
2044 929
2044 930
2042 930
2042 931
2041 931
2041 932
2037 932
2037 933
2027 933
2027 932
2026 932
2026 931
2023 931
2023 930
2022 930
2022 929
2016 929
2016 928
1988 928
1988 929
1986 929
1986 930
1985 930
1985 931
1984 931
1984 932
1983 932
1983 933
1982 933
1982 934
1981 934
1981 936
1980 936
1980 937
1979 937
1979 938
1978 938
1978 939
1977 939
1977 940
1976 940
1976 941
1975 941
1975 942
1973 942
1973 943
1972 943
1972 944
1970 944
1970 945
1961 945
1961 946
1960 946
1960 947
1958 947
1958 948
1955 948
1955 949
1954 949
1954 950
1942 950
1942 951
1931 951
1931 952
1927 952
1927 953
1925 953
1925 954
1923 954
1923 955
1922 955
1922 956
1919 956
1919 957
1918 957
1918 958
1915 958
1915 959
1912 959
1912 960
1907 960
1907 959
1905 959
1905 958
1899 958
1899 957
1897 957
1897 956
1894 956
1894 955
1882 955
1882 956
1881 956
1881 960
1882 960
1882 967
1883 967
1883 970
1882 970
1882 972
1881 972
1881 973
1880 973
1880 974
1879 974
1879 975
1870 975
1870 977
1869 977
1869 1001
1868 1001
1868 1003
1867 1003
1867 1005
1866 1005
1866 1007
1865 1007
1865 1009
1852 1009
1852 1010
1850 1010
1850 1011
1847 1011
1847 1012
1846 1012
1846 1013
1843 1013
1843 1014
1842 1014
1842 1015
1841 1015
1841 1016
1838 1016
1838 1017
1827 1017
1827 1016
1823 1016
1823 1015
1819 1015
1819 1016
1818 1016
1818 1018
1816 1018
1816 1019
1815 1019
1815 1020
1814 1020
1814 1021
1807 1021
1807 1020
1793 1020
1793 1019
1790 1019
1790 1018
1786 1018
1786 1017
1778 1017
1778 1016
1755 1016
1755 1015
1747 1015
1747 1014
1732 1014
1732 1015
1728 1015
1728 1014
1717 1014
1717 1015
1712 1015
1712 1014
1709 1014
1709 1015
1704 1015
1704 1016
1702 1016
1702 1015
1690 1015
1690 1014
1687 1014
1687 1013
1684 1013
1684 1014
1683 1014
1683 1015
1681 1015
1681 1016
1679 1016
1679 1017
1677 1017
1677 1018
1676 1018
1676 1019
1675 1019
1675 1021
1674 1021
1674 1022
1673 1022
1673 1024
1672 1024
1672 1026
1671 1026
1671 1028
1670 1028
1670 1031
1669 1031
1669 1032
1659 1032
1659 1031
1655 1031
1655 1030
1650 1030
1650 1029
1642 1029
1642 1028
1641 1028
1641 1027
1638 1027
1638 1026
1637 1026
1637 1025
1636 1025
1636 1024
1635 1024
1635 1023
1634 1023
1634 1021
1633 1021
1633 1016
1632 1016
1632 1012
1633 1012
1633 1009
1632 1009
1632 1006
1633 1006
1633 989
1632 989
1632 985
1633 985
1633 966
1634 966
1634 956
1633 956
1633 955
1630 955
1630 954
1629 954
1629 953
1628 953
1628 951
1627 951
1627 950
1626 950
1626 949
1625 949
1625 948
1624 948
1624 947
1623 947
1623 946
1622 946
1622 942
1621 942
1621 939
1620 939
1620 931
1619 931
1619 914
1620 914
1620 912
1621 912
1621 909
1620 909
1620 903
1619 903
1619 901
1617 901
1617 902
1615 902
1615 903
1614 903
1614 904
1610 904
1610 905
1598 905
1598 906
1596 906
1596 907
1581 907
1581 908
1580 908
1580 909
1577 909
1577 910
1574 910
1574 911
1570 911
1570 918
1569 918
1569 923
1570 923
1570 927
1569 927
1569 934
1568 934
1568 935
1567 935
1567 937
1566 937
1566 938
1565 938
1565 940
1564 940
1564 942
1563 942
1563 943
1562 943
1562 944
1561 944
1561 945
1560 945
1560 946
1559 946
1559 947
1558 947
1558 948
1557 948
1557 950
1556 950
1556 951
1555 951
1555 954
1556 954
1556 960
1555 960
1555 967
1554 967
1554 970
1555 970
1555 973
1554 973
1554 975
1553 975
1553 977
1552 977
1552 979
1551 979
1551 981
1550 981
1550 982
1547 982
1547 981
1545 981
1545 980
1542 980
1542 981
1541 981
1541 982
1538 982
1538 983
1534 983
1534 984
1528 984
1528 985
1526 985
1526 986
1523 986
1523 987
1522 987
1522 988
1517 988
1517 987
1515 987
1515 988
1514 988
1514 989
1513 989
1513 990
1511 990
1511 991
1508 991
1508 992
1506 992
1506 993
1504 993
1504 994
1503 994
1503 995
1502 995
1502 997
1501 997
1501 998
1498 998
1498 999
1490 999
1490 998
1485 998
1485 999
1484 999
1484 998
1475 998
1475 997
1473 997
1473 996
1472 996
1472 995
1470 995
1470 994
1469 994
1469 993
1468 993
1468 990
1467 990
1467 987
1466 987
1466 978
1465 978
1465 977
1464 977
1464 976
1463 976
1463 975
1462 975
1462 974
1461 974
1461 973
1460 973
1460 972
1459 972
1459 971
1458 971
1458 969
1457 969
1457 968
1456 968
1456 956
1454 956
1454 955
1452 955
1452 954
1451 954
1451 953
1450 953
1450 952
1449 952
1449 950
1448 950
1448 949
1447 949
1447 948
1446 948
1446 947
1445 947
1445 946
1444 946
1444 943
1445 943
1445 937
1443 937
1443 936
1436 936
1436 935
1425 935
1425 934
1419 934
1419 933
1417 933
1417 932
1416 932
1416 931
1414 931
1414 930
1413 930
1413 928
1412 928
1412 927
1411 927
1411 918
1410 918
1410 914
1411 914
1411 906
1412 906
1412 904
1408 904
1408 903
1399 903
1399 902
1395 902
1395 901
1386 901
1386 905
1385 905
1385 907
1384 907
1384 908
1383 908
1383 910
1382 910
1382 913
1381 913
1381 915
1380 915
1380 916
1379 916
1379 918
1378 918
1378 919
1377 919
1377 920
1373 920
1373 921
1372 921
1372 923
1371 923
1371 924
1370 924
1370 929
1369 929
1369 931
1368 931
1368 932
1367 932
1367 933
1366 933
1366 934
1365 934
1365 935
1361 935
1361 936
1354 936
1354 937
1345 937
1345 943
1344 943
1344 956
1343 956
1343 962
1344 962
1344 973
1343 973
1343 981
1342 981
1342 984
1341 984
1341 985
1340 985
1340 986
1339 986
1339 987
1338 987
1338 988
1337 988
1337 989
1333 989
1333 990
1329 990
1329 991
1328 991
1328 992
1327 992
1327 993
1326 993
1326 994
1323 994
1323 995
1316 995
1316 996
1315 996
1315 997
1314 997
1314 998
1313 998
1313 999
1311 999
1311 1000
1310 1000
1310 1001
1309 1001
1309 1002
1308 1002
1308 1003
1307 1003
1307 1004
1306 1004
1306 1005
1305 1005
1305 1006
1304 1006
1304 1007
1303 1007
1303 1008
1302 1008
1302 1009
1301 1009
1301 1010
1300 1010
1300 1011
1296 1011
1296 1012
1294 1012
1294 1013
1291 1013
1291 1014
1290 1014
1290 1015
1289 1015
1289 1016
1287 1016
1287 1017
1284 1017
1284 1018
1277 1018
1277 1019
1275 1019
1275 1020
1268 1020
1268 1021
1267 1021
1267 1022
1265 1022
1265 1023
1264 1023
1264 1024
1261 1024
1261 1025
1258 1025
1258 1030
1257 1030
1257 1034
1256 1034
1256 1036
1255 1036
1255 1037
1254 1037
1254 1038
1253 1038
1253 1039
1251 1039
1251 1040
1249 1040
1249 1041
1240 1041
1240 1040
1238 1040
1238 1039
1235 1039
1235 1038
1234 1038
1234 1037
1229 1037
1229 1035
1228 1035
1228 1033
1226 1033
1226 1032
1225 1032
1225 1031
1224 1031
1224 1030
1223 1030
1223 1029
1220 1029
1220 1028
1216 1028
1216 1027
1213 1027
1213 1025
1212 1025
1212 1023
1211 1023
1211 1022
1208 1022
1208 1021
1207 1021
1207 1020
1206 1020
1206 1019
1205 1019
1205 1018
1204 1018
1204 1017
1202 1017
1202 1016
1201 1016
1201 1015
1200 1015
1200 1014
1199 1014
1199 1013
1198 1013
1198 1012
1197 1012
1197 1011
1196 1011
1196 1009
1195 1009
1195 1008
1194 1008
1194 1001
1193 1001
1193 1000
1192 1000
1192 999
1191 999
1191 998
1190 998
1190 997
1189 997
1189 994
1188 994
1188 987
1186 987
1186 986
1181 986
1181 985
1178 985
1178 984
1177 984
1177 983
1174 983
1174 982
1173 982
1173 981
1171 981
1171 980
1170 980
1170 979
1168 979
1168 978
1167 978
1167 977
1166 977
1166 975
1165 975
1165 973
1164 973
1164 953
1165 953
1165 945
1166 945
1166 933
1165 933
1165 932
1162 932
1162 931
1160 931
1160 930
1159 930
1159 929
1158 929
1158 928
1157 928
1157 927
1156 927
1156 925
1155 925
1155 904
1154 904
1154 903
1153 903
1153 902
1152 902
1152 901
1151 901
1151 900
1150 900
1150 898
1149 898
1149 897
1148 897
1148 895
1147 895
1147 893
1146 893
1146 892
1145 892
1145 888
1144 888
1144 874
1145 874
1145 858
1146 858
1146 846
1147 846
1147 824
1148 824
1148 804
1137 804
1137 803
1135 803
1135 802
1132 802
1132 801
1131 801
1131 800
1128 800
1128 799
1124 799
1124 798
1120 798
1120 797
1119 797
1119 796
1116 796
1116 795
1115 795
1115 794
1106 794
1106 793
1100 793
1100 794
1090 794
1090 793
1086 793
1086 794
1084 794
1084 793
1081 793
1081 794
1079 794
1079 796
1077 796
1077 797
1075 797
1075 798
1073 798
1073 799
1070 799
1070 800
1068 800
1068 801
1067 801
1067 802
1066 802
1066 803
1063 803
1063 804
1060 804
1060 805
1059 805
1059 806
1057 806
1057 807
1055 807
1055 808
1046 808
1046 809
1045 809
1045 816
1046 816
1046 821
1045 821
1045 827
1046 827
1046 832
1045 832
1045 833
1044 833
1044 834
1039 834
1039 835
1021 835
1021 836
1016 836
1016 837
1009 837
1009 838
1005 838
1005 839
999 839
999 840
989 840
989 841
986 841
986 842
982 842
982 841
973 841
973 842
969 842
969 843
967 843
967 842
963 842
963 841
958 841
958 840
957 840
957 839
956 839
956 838
955 838
955 837
954 837
954 836
953 836
953 835
952 835
952 832
951 832
951 830
950 830
950 827
949 827
949 823
948 823
948 820
947 820
947 818
946 818
946 800
947 800
947 796
946 796
946 788
947 788
947 784
942 784
942 783
939 783
939 782
936 782
936 781
933 781
933 780
924 780
924 779
922 779
922 778
920 778
920 777
919 777
919 771
918 771
918 770
916 770
916 769
915 769
915 768
914 768
914 767
912 767
912 766
911 766
911 765
909 765
909 764
907 764
907 763
906 763
906 762
899 762
899 761
894 761
894 760
890 760
890 759
887 759
887 758
882 758
882 757
880 757
880 756
878 756
878 755
877 755
877 754
876 754
876 753
875 753
875 752
874 752
874 751
873 751
873 750
872 750
872 743
871 743
871 741
870 741
870 739
869 739
869 738
868 738
868 737
867 737
867 736
866 736
866 735
864 735
864 734
862 734
862 733
861 733
861 731
860 731
860 725
859 725
859 720
858 720
858 703
857 703
857 691
858 691
858 687
857 687
857 686
856 686
856 684
857 684
857 679
856 679
856 671
855 671
855 658
854 658
854 643
853 643
853 633
854 633
854 631
853 631
853 597
852 597
852 580
853 580
853 579
850 579
850 578
849 578
849 577
847 577
847 576
846 576
846 575
845 575
845 574
839 574
839 573
837 573
837 572
833 572
833 571
832 571
832 570
830 570
830 569
827 569
827 568
825 568
825 567
824 567
824 566
821 566
821 565
814 565
814 564
809 564
809 563
808 563
808 562
807 562
807 561
806 561
806 559
805 559
805 558
804 558
804 557
803 557
803 550
802 550
802 549
800 549
800 548
797 548
797 547
794 547
794 546
791 546
791 545
789 545
789 544
788 544
788 543
787 543
787 542
786 542
786 541
785 541
785 538
784 538
784 531
783 531
783 528
781 528
781 529
780 529
780 530
778 530
778 531
777 531
777 532
776 532
776 533
770 533
770 532
767 532
767 533
765 533
765 534
759 534
759 533
754 533
754 532
751 532
751 531
750 531
750 530
749 530
749 529
736 529
736 530
733 530
733 531
727 531
727 532
726 532
726 533
725 533
725 534
724 534
724 535
723 535
723 536
722 536
722 537
721 537
721 538
716 538
716 539
705 539
705 540
697 540
697 539
696 539
696 540
690 540
690 541
686 541
686 540
682 540
682 539
679 539
679 538
677 538
677 537
676 537
676 536
673 536
673 537
669 537
669 538
664 538
664 539
663 539
663 540
658 540
658 541
653 541
653 542
647 542
647 541
646 541
646 540
642 540
642 539
641 539
641 538
640 538
640 537
639 537
639 535
637 535
637 534
633 534
633 533
631 533
631 532
629 532
629 531
621 531
621 530
618 530
618 529
610 529
610 528
601 528
601 527
600 527
600 526
599 526
599 525
597 525
597 524
596 524
596 523
595 523
595 521
594 521
594 520
593 520
593 517
592 517
592 504
591 504
591 502
590 502
590 473
591 473
591 471
590 471
590 465
591 465
591 462
588 462
588 463
586 463
586 464
580 464
580 463
577 463
577 462
572 462
572 461
568 461
568 460
567 460
567 458
566 458
566 457
565 457
565 453
564 453
564 452
563 452
563 451
562 451
562 449
561 449
561 448
560 448
560 446
559 446
559 445
558 445
558 443
557 443
557 440
556 440
556 434
555 434
555 416
554 416
554 391
555 391
555 376
554 376
554 375
552 375
552 374
543 374
543 373
539 373
539 372
537 372
537 371
531 371
531 370
528 370
528 369
525 369
525 368
524 368
524 367
523 367
523 366
522 366
522 365
521 365
521 364
520 364
520 363
519 363
519 362
518 362
518 361
517 361
517 360
514 360
514 359
513 359
513 358
512 358
512 357
511 357
511 356
510 356
510 355
509 355
509 353
508 353
508 349
507 349
507 343
506 343
506 338
505 338
505 337
504 337
504 336
502 336
502 335
499 335
499 334
494 334
494 333
493 333
493 332
485 332
485 333
484 333
484 332
483 332
483 331
480 331
480 330
478 330
478 329
477 329
477 328
476 328
476 327
475 327
475 324
474 324
474 323
473 323
473 317
471 317
471 316
469 316
469 315
467 315
467 314
464 314
464 313
463 313
463 312
462 312
462 311
460 311
460 310
456 310
456 309
438 309
438 308
435 308
435 307
433 307
433 306
429 306
429 305
426 305
426 304
425 304
425 303
424 303
424 302
422 302
422 301
421 301
421 300
420 300
420 299
421 299
421 300
422 300
422 301
424 301
424 302
425 302
425 303
426 303
426 304
429 304
429 305
433 305
433 306
435 306
435 307
438 307
438 308
456 308
456 309
460 309
460 310
462 310
462 311
463 311
463 312
464 312
464 313
467 313
467 314
469 314
469 315
471 315
471 316
473 316
473 317
474 317
474 323
475 323
475 324
476 324
476 327
477 327
477 328
478 328
478 329
480 329
480 330
483 330
483 331
484 331
484 332
485 332
485 331
493 331
493 332
494 332
494 333
499 333
499 334
502 334
502 335
504 335
504 336
505 336
505 337
506 337
506 338
507 338
507 343
508 343
508 349
509 349
509 353
510 353
510 355
511 355
511 356
512 356
512 357
513 357
513 358
514 358
514 359
517 359
517 360
518 360
518 361
519 361
519 362
520 362
520 363
521 363
521 364
522 364
522 365
523 365
523 366
524 366
524 367
525 367
525 368
528 368
528 369
531 369
531 370
537 370
537 371
539 371
539 372
543 372
543 373
552 373
552 374
554 374
554 375
555 375
555 376
556 376
556 391
555 391
555 416
556 416
556 434
557 434
557 440
558 440
558 443
559 443
559 445
560 445
560 446
561 446
561 448
562 448
562 449
563 449
563 451
564 451
564 452
565 452
565 453
566 453
566 457
567 457
567 458
568 458
568 460
572 460
572 461
577 461
577 462
580 462
580 463
586 463
586 462
588 462
588 461
592 461
592 465
591 465
591 471
592 471
592 473
591 473
591 502
592 502
592 504
593 504
593 517
594 517
594 520
595 520
595 521
596 521
596 523
597 523
597 524
599 524
599 525
600 525
600 526
601 526
601 527
610 527
610 528
618 528
618 529
621 529
621 530
629 530
629 531
631 531
631 532
633 532
633 533
637 533
637 534
639 534
639 535
640 535
640 537
641 537
641 538
642 538
642 539
646 539
646 540
647 540
647 541
653 541
653 540
658 540
658 539
663 539
663 538
664 538
664 537
669 537
669 536
673 536
673 535
676 535
676 536
677 536
677 537
679 537
679 538
682 538
682 539
686 539
686 540
690 540
690 539
696 539
696 538
697 538
697 539
705 539
705 538
716 538
716 537
721 537
721 536
722 536
722 535
723 535
723 534
724 534
724 533
725 533
725 532
726 532
726 531
727 531
727 530
733 530
733 529
736 529
736 528
749 528
749 529
750 529
750 530
751 530
751 531
754 531
754 532
759 532
759 533
765 533
765 532
767 532
767 531
770 531
770 532
776 532
776 530
778 530
778 529
780 529
780 528
781 528
781 527
783 527
783 528
784 528
784 531
785 531
785 538
786 538
786 541
787 541
787 542
788 542
788 543
789 543
789 544
791 544
791 545
794 545
794 546
797 546
797 547
800 547
800 548
802 548
802 549
803 549
803 550
804 550
804 557
805 557
805 558
806 558
806 559
807 559
807 561
808 561
808 562
809 562
809 563
814 563
814 564
821 564
821 565
824 565
824 566
825 566
825 567
827 567
827 568
830 568
830 569
832 569
832 570
833 570
833 571
837 571
837 572
839 572
839 573
845 573
845 574
846 574
846 575
847 575
847 576
849 576
849 577
850 577
850 578
853 578
853 579
854 579
854 580
853 580
853 597
854 597
854 631
855 631
855 633
854 633
854 643
855 643
855 658
856 658
856 671
857 671
857 679
858 679
858 684
857 684
857 686
858 686
858 687
859 687
859 691
858 691
858 703
859 703
859 720
860 720
860 725
861 725
861 731
862 731
862 733
864 733
864 734
866 734
866 735
867 735
867 736
868 736
868 737
869 737
869 738
870 738
870 739
871 739
871 741
872 741
872 743
873 743
873 750
874 750
874 751
875 751
875 752
876 752
876 753
877 753
877 754
878 754
878 755
880 755
880 756
882 756
882 757
887 757
887 758
890 758
890 759
894 759
894 760
899 760
899 761
906 761
906 762
907 762
907 763
909 763
909 764
911 764
911 765
912 765
912 766
914 766
914 767
915 767
915 768
916 768
916 769
918 769
918 770
919 770
919 771
920 771
920 777
922 777
922 778
924 778
924 779
933 779
933 780
936 780
936 781
939 781
939 782
942 782
942 783
947 783
947 784
948 784
948 788
947 788
947 796
948 796
948 800
947 800
947 818
948 818
948 820
949 820
949 823
950 823
950 827
951 827
951 830
952 830
952 832
953 832
953 835
954 835
954 836
955 836
955 837
956 837
956 838
957 838
957 839
958 839
958 840
963 840
963 841
967 841
967 842
969 842
969 841
973 841
973 840
982 840
982 841
986 841
986 840
989 840
989 839
999 839
999 838
1005 838
1005 837
1009 837
1009 836
1016 836
1016 835
1021 835
1021 834
1039 834
1039 833
1044 833
1044 832
1045 832
1045 827
1044 827
1044 821
1045 821
1045 816
1044 816
1044 809
1045 809
1045 808
1046 808
1046 807
1055 807
1055 806
1057 806
1057 805
1059 805
1059 804
1060 804
1060 803
1063 803
1063 802
1066 802
1066 800
1068 800
1068 799
1070 799
1070 798
1073 798
1073 797
1075 797
1075 796
1077 796
1077 795
1078 795
1078 794
1079 794
1079 793
1081 793
1081 792
1084 792
1084 793
1086 793
1086 792
1090 792
1090 793
1100 793
1100 792
1106 792
1106 793
1115 793
1115 794
1116 794
1116 795
1119 795
1119 796
1120 796
1120 797
1124 797
1124 798
1128 798
1128 799
1131 799
1131 800
1132 800
1132 801
1135 801
1135 802
1137 802
1137 803
1148 803
1148 804
1149 804
1149 824
1148 824
1148 846
1147 846
1147 858
1146 858
1146 874
1145 874
1145 888
1146 888
1146 892
1147 892
1147 893
1148 893
1148 895
1149 895
1149 897
1150 897
1150 898
1151 898
1151 900
1152 900
1152 901
1153 901
1153 902
1154 902
1154 903
1155 903
1155 904
1156 904
1156 925
1157 925
1157 927
1158 927
1158 928
1159 928
1159 929
1160 929
1160 930
1162 930
1162 931
1165 931
1165 932
1166 932
1166 933
1167 933
1167 945
1166 945
1166 953
1165 953
1165 973
1166 973
1166 975
1167 975
1167 977
1168 977
1168 978
1170 978
1170 979
1171 979
1171 980
1173 980
1173 981
1174 981
1174 982
1177 982
1177 983
1178 983
1178 984
1181 984
1181 985
1186 985
1186 986
1188 986
1188 987
1189 987
1189 994
1190 994
1190 997
1191 997
1191 998
1192 998
1192 999
1193 999
1193 1000
1194 1000
1194 1001
1195 1001
1195 1008
1196 1008
1196 1009
1197 1009
1197 1011
1198 1011
1198 1012
1199 1012
1199 1013
1200 1013
1200 1014
1201 1014
1201 1015
1202 1015
1202 1016
1204 1016
1204 1017
1205 1017
1205 1018
1206 1018
1206 1019
1207 1019
1207 1020
1208 1020
1208 1021
1211 1021
1211 1022
1212 1022
1212 1023
1213 1023
1213 1025
1214 1025
1214 1026
1216 1026
1216 1027
1220 1027
1220 1028
1223 1028
1223 1029
1224 1029
1224 1030
1225 1030
1225 1031
1226 1031
1226 1032
1228 1032
1228 1033
1229 1033
1229 1035
1230 1035
1230 1036
1234 1036
1234 1037
1235 1037
1235 1038
1238 1038
1238 1039
1240 1039
1240 1040
1249 1040
1249 1039
1251 1039
1251 1038
1253 1038
1253 1037
1254 1037
1254 1036
1255 1036
1255 1034
1256 1034
1256 1030
1257 1030
1257 1025
1258 1025
1258 1024
1261 1024
1261 1023
1264 1023
1264 1022
1265 1022
1265 1021
1267 1021
1267 1020
1268 1020
1268 1019
1275 1019
1275 1018
1277 1018
1277 1017
1284 1017
1284 1016
1287 1016
1287 1015
1289 1015
1289 1014
1290 1014
1290 1013
1291 1013
1291 1012
1294 1012
1294 1011
1296 1011
1296 1010
1300 1010
1300 1009
1301 1009
1301 1008
1302 1008
1302 1007
1303 1007
1303 1006
1304 1006
1304 1005
1305 1005
1305 1004
1306 1004
1306 1003
1307 1003
1307 1002
1308 1002
1308 1001
1309 1001
1309 1000
1310 1000
1310 999
1311 999
1311 998
1313 998
1313 996
1315 996
1315 995
1316 995
1316 994
1323 994
1323 993
1326 993
1326 992
1327 992
1327 991
1328 991
1328 990
1329 990
1329 989
1333 989
1333 988
1337 988
1337 987
1338 987
1338 986
1339 986
1339 985
1340 985
1340 984
1341 984
1341 981
1342 981
1342 973
1343 973
1343 962
1342 962
1342 956
1343 956
1343 943
1344 943
1344 937
1345 937
1345 936
1354 936
1354 935
1361 935
1361 934
1365 934
1365 933
1366 933
1366 932
1367 932
1367 931
1368 931
1368 929
1369 929
1369 924
1370 924
1370 923
1371 923
1371 921
1372 921
1372 920
1373 920
1373 919
1377 919
1377 918
1378 918
1378 916
1379 916
1379 915
1380 915
1380 913
1381 913
1381 910
1382 910
1382 908
1383 908
1383 907
1384 907
1384 905
1385 905
1385 901
1386 901
1386 900
1395 900
1395 901
1399 901
1399 902
1408 902
1408 903
1412 903
1412 904
1413 904
1413 906
1412 906
1412 914
1411 914
1411 918
1412 918
1412 927
1413 927
1413 928
1414 928
1414 930
1416 930
1416 931
1417 931
1417 932
1419 932
1419 933
1425 933
1425 934
1436 934
1436 935
1443 935
1443 936
1445 936
1445 937
1446 937
1446 943
1445 943
1445 946
1446 946
1446 947
1447 947
1447 948
1448 948
1448 949
1449 949
1449 950
1450 950
1450 952
1451 952
1451 953
1452 953
1452 954
1454 954
1454 955
1456 955
1456 956
1457 956
1457 968
1458 968
1458 969
1459 969
1459 971
1460 971
1460 972
1461 972
1461 973
1462 973
1462 974
1463 974
1463 975
1464 975
1464 976
1465 976
1465 977
1466 977
1466 978
1467 978
1467 987
1468 987
1468 990
1469 990
1469 993
1470 993
1470 994
1472 994
1472 995
1473 995
1473 996
1475 996
1475 997
1484 997
1484 998
1485 998
1485 997
1490 997
1490 998
1498 998
1498 997
1501 997
1501 995
1502 995
1502 994
1503 994
1503 993
1504 993
1504 992
1506 992
1506 991
1508 991
1508 990
1511 990
1511 989
1513 989
1513 988
1514 988
1514 987
1515 987
1515 986
1517 986
1517 987
1522 987
1522 986
1523 986
1523 985
1526 985
1526 984
1528 984
1528 983
1534 983
1534 982
1538 982
1538 981
1541 981
1541 980
1542 980
1542 979
1545 979
1545 980
1547 980
1547 981
1550 981
1550 979
1551 979
1551 977
1552 977
1552 975
1553 975
1553 973
1554 973
1554 970
1553 970
1553 967
1554 967
1554 960
1555 960
1555 954
1554 954
1554 951
1555 951
1555 950
1556 950
1556 948
1557 948
1557 947
1558 947
1558 946
1559 946
1559 945
1560 945
1560 944
1561 944
1561 943
1562 943
1562 942
1563 942
1563 940
1564 940
1564 938
1565 938
1565 937
1566 937
1566 935
1567 935
1567 934
1568 934
1568 927
1569 927
1569 923
1568 923
1568 918
1569 918
1569 911
1570 911
1570 910
1574 910
1574 909
1577 909
1577 908
1580 908
1580 907
1581 907
1581 906
1596 906
1596 905
1598 905
1598 904
1610 904
1610 903
1614 903
1614 902
1615 902
1615 901
1617 901
1617 900
1620 900
1620 903
1621 903
1621 909
1622 909
1622 912
1621 912
1621 914
1620 914
1620 931
1621 931
1621 939
1622 939
1622 942
1623 942
1623 946
1624 946
1624 947
1625 947
1625 948
1626 948
1626 949
1627 949
1627 950
1628 950
1628 951
1629 951
1629 953
1630 953
1630 954
1634 954
1634 956
1635 956
1635 966
1634 966
1634 985
1633 985
1633 989
1634 989
1634 1006
1633 1006
1633 1009
1634 1009
1634 1012
1633 1012
1633 1016
1634 1016
1634 1021
1635 1021
1635 1023
1636 1023
1636 1024
1637 1024
1637 1025
1638 1025
1638 1026
1641 1026
1641 1027
1642 1027
1642 1028
1650 1028
1650 1029
1655 1029
1655 1030
1659 1030
1659 1031
1669 1031
1669 1028
1670 1028
1670 1026
1671 1026
1671 1024
1672 1024
1672 1022
1673 1022
1673 1021
1674 1021
1674 1019
1675 1019
1675 1018
1676 1018
1676 1017
1677 1017
1677 1016
1679 1016
1679 1015
1681 1015
1681 1014
1683 1014
1683 1013
1684 1013
1684 1012
1687 1012
1687 1013
1690 1013
1690 1014
1702 1014
1702 1015
1704 1015
1704 1014
1709 1014
1709 1013
1712 1013
1712 1014
1717 1014
1717 1013
1728 1013
1728 1014
1732 1014
1732 1013
1747 1013
1747 1014
1755 1014
1755 1015
1778 1015
1778 1016
1786 1016
1786 1017
1790 1017
1790 1018
1793 1018
1793 1019
1807 1019
1807 1020
1814 1020
1814 1019
1815 1019
1815 1017
1817 1017
1817 1016
1818 1016
1818 1015
1819 1015
1819 1014
1823 1014
1823 1015
1827 1015
1827 1016
1838 1016
1838 1015
1841 1015
1841 1014
1842 1014
1842 1013
1843 1013
1843 1012
1846 1012
1846 1011
1847 1011
1847 1010
1850 1010
1850 1009
1852 1009
1852 1008
1864 1008
1864 1007
1865 1007
1865 1005
1866 1005
1866 1003
1867 1003
1867 1001
1868 1001
1868 977
1869 977
1869 975
1870 975
1870 974
1879 974
1879 973
1880 973
1880 972
1881 972
1881 970
1882 970
1882 967
1881 967
1881 960
1880 960
1880 956
1881 956
1881 955
1882 955
1882 954
1894 954
1894 955
1897 955
1897 956
1899 956
1899 957
1905 957
1905 958
1907 958
1907 959
1912 959
1912 958
1915 958
1915 957
1918 957
1918 956
1919 956
1919 955
1922 955
1922 954
1923 954
1923 953
1925 953
1925 952
1927 952
1927 951
1931 951
1931 950
1942 950
1942 949
1954 949
1954 948
1955 948
1955 947
1958 947
1958 946
1960 946
1960 945
1961 945
1961 944
1970 944
1970 943
1972 943
1972 942
1973 942
1973 941
1975 941
1975 940
1976 940
1976 939
1977 939
1977 938
1978 938
1978 937
1979 937
1979 936
1980 936
1980 934
1981 934
1981 933
1982 933
1982 932
1983 932
1983 930
1985 930
1985 929
1986 929
1986 928
1988 928
1988 927
2016 927
2016 928
2022 928
2022 929
2023 929
2023 930
2026 930
2026 931
2027 931
2027 932
2037 932
2037 931
2041 931
2041 930
2042 930
2042 929
2044 929
2044 928
2045 928
2045 927
2052 927
2052 926
2058 926
2058 925
2069 925
2069 926
2071 926
2071 925
2080 925
2080 924
2095 924
2095 923
2100 923
2100 922
2105 922
2105 923
2110 923
2110 922
2117 922
2117 921
2122 921
2122 922
2126 922
2126 923
2128 923
2128 924
2129 924
2129 928
2130 928
2130 930
2131 930
2131 936
2132 936
2132 945
2133 945
2133 950
2134 950
2134 953
2135 953
2135 955
2136 955
2136 956
2137 956
2137 957
2138 957
2138 958
2139 958
2139 959
2155 959
2155 958
2163 958
2163 957
2171 957
2171 958
2177 958
2177 959
2179 959
2179 960
2180 960
2180 961
2182 961
2182 962
2183 962
2183 963
2185 963
2185 964
2187 964
2187 965
2189 965
2189 966
2193 966
2193 967
2198 967
2198 966
2210 966
2210 967
2211 967
2211 968
2212 968
2212 969
2213 969
2213 970
2214 970
2214 971
2215 971
2215 975
2216 975
2216 977
2217 977
2217 978
2218 978
2218 980
2219 980
2219 982
2220 982
2220 983
2221 983
2221 985
2222 985
2222 987
2223 987
2223 989
2224 989
2224 991
2225 991
2225 992
2226 992
2226 993
2234 993
2234 994
2236 994
2236 993
2241 993
2241 994
2243 994
2243 995
2245 995
2245 996
2248 996
2248 1002
2249 1002
2249 1006
2250 1006
2250 1009
2251 1009
2251 1010
2253 1010
2253 1011
2254 1011
2254 1012
2256 1012
2256 1013
2263 1013
2263 1012
2266 1012
2266 1013
2270 1013
2270 1012
2274 1012
2274 1011
2275 1011
2275 1010
2277 1010
2277 1009
2278 1009
2278 1008
2280 1008
2280 1007
2287 1007
2287 1006
2288 1006
2288 1005
2290 1005
2290 1004
2295 1004
2295 1003
2302 1003
2302 1002
2309 1002
2309 1001
2310 1001
2310 1000
2311 1000
2311 999
2324 999
2324 998
2352 998
2352 997
2355 997
2355 996
2368 996
2368 997
2370 997
2370 998
2387 998
2387 997
2397 997
2397 995
2398 995
2398 994
2401 994
2401 993
2402 993
2402 992
2404 992
2404 991
2405 991
2405 990
2406 990
2406 989
2407 989
2407 988
2408 988
2408 987
2410 987
2410 986
2411 986
2411 985
2412 985
2412 984
2413 984
2413 983
2414 983
2414 982
2415 982
2415 981
2416 981
2416 980
2417 980
2417 979
2418 979
2418 978
2420 978
2420 977
2421 977
2421 976
2422 976
2422 973
2423 973
2423 971
2424 971
2424 948
2423 948
2423 925
2422 925
2422 917
2423 917
2423 912
2424 912
2424 911
2426 911
2426 910
2439 910
2439 911
2458 911
2458 912
2461 912
2461 913
2464 913
2464 914
2467 914
2467 915
2468 915
2468 916
2469 916
2469 918
2470 918
2470 921
2471 921
2471 923
2472 923
2472 924
2473 924
2473 925
2474 925
2474 926
2475 926
2475 927
2476 927
2476 929
2478 929
2478 930
2480 930
2480 931
2481 931
2481 932
2482 932
2482 933
2483 933
2483 934
2484 934
2484 935
2485 935
2485 936
2486 936
2486 937
2487 937
2487 938
2488 938
2488 939
2489 939
2489 940
2491 940
2491 941
2492 941
2492 942
2494 942
2494 955
2495 955
2495 958
2496 958
2496 964
2501 964
2501 965
2502 965
2502 967
2503 967
2503 968
2504 968
2504 969
2505 969
2505 971
2506 971
2506 972
2507 972
2507 973
2509 973
2509 974
2510 974
2510 976
2511 976
2511 978
2512 978
2512 980
2513 980
2513 985
2514 985
2514 991
2515 991
2515 993
2516 993
2516 994
2517 994
2517 996
2518 996
2518 997
2519 997
2519 998
2520 998
2520 999
2521 999
2521 1000
2524 1000
2524 1001
2525 1001
2525 1002
2533 1002
2533 1003
2534 1003
2534 1004
2536 1004
2536 1005
2538 1005
2538 1006
2541 1006
2541 1007
2544 1007
2544 1008
2545 1008
2545 1009
2546 1009
2546 1010
2547 1010
2547 1011
2549 1011
2549 1012
2550 1012
2550 1013
2551 1013
2551 1014
2552 1014
2552 1015
2553 1015
2553 1022
2554 1022
2554 1025
2556 1025
2556 1026
2557 1026
2557 1030
2558 1030
2558 1032
2562 1032
2562 1031
2564 1031
2564 1030
2566 1030
2566 1027
2567 1027
2567 1026
2568 1026
2568 1014
2567 1014
2567 1013
2566 1013
2566 993
2567 993
2567 986
2566 986
2566 984
2567 984
2567 981
2566 981
2566 972
2567 972
2567 965
2568 965
2568 963
2569 963
2569 950
2568 950
2568 936
2569 936
2569 935
2570 935
2570 934
2571 934
2571 933
2572 933
2572 932
2573 932
2573 931
2574 931
2574 930
2575 930
2575 929
2576 929
2576 928
2577 928
2577 917
2578 917
2578 915
2577 915
2577 912
2578 912
2578 904
2579 904
2579 888
2578 888
2578 871
2577 871
2577 853
2578 853
2578 851
2581 851
2581 850
2583 850
2583 849
2585 849
2585 848
2586 848
2586 847
2587 847
2587 846
2588 846
2588 844
2589 844
2589 835
2588 835
2588 831
2589 831
2589 828
2590 828
2590 827
2591 827
2591 826
2594 826
2594 825
2598 825
2598 820
2599 820
2599 818
2600 818
2600 816
2601 816
2601 804
2602 804
2602 801
2610 801
2610 802
2614 802
2614 803
2622 803
2622 804
2625 804
2625 805
2626 805
2626 806
2627 806
2627 807
2628 807
2628 808
2633 808
2633 809
2634 809
2634 810
2635 810
2635 812
2636 812
2636 820
2637 820
2637 824
2638 824
2638 826
2639 826
2639 828
2640 828
2640 829
2641 829
2641 830
2642 830
2642 831
2646 831
2646 832
2650 832
2650 833
2652 833
2652 834
2654 834
2654 835
2659 835
2659 836
2660 836
2660 838
2661 838
2661 849
2662 849
2662 851
2663 851
2663 853
2664 853
2664 854
2665 854
2665 855
2666 855
2666 856
2668 856
2668 857
2672 857
2672 858
2674 858
2674 859
2675 859
2675 860
2676 860
2676 861
2677 861
2677 862
2678 862
2678 863
2680 863
2680 864
2682 864
2682 865
2684 865
2684 866
2686 866
2686 867
2687 867
2687 871
2688 871
2688 872
2689 872
2689 874
2690 874
2690 875
2691 875
2691 876
2693 876
2693 877
2694 877
2694 878
2696 878
2696 879
2697 879
2697 880
2698 880
2698 881
2699 881
2699 882
2700 882
2700 884
2701 884
2701 887
2702 887
2702 888
2703 888
2703 889
2704 889
2704 890
2707 890
2707 891
2709 891
2709 892
2712 892
2712 893
2713 893
2713 894
2714 894
2714 896
2715 896
2715 897
2716 897
2716 898
2718 898
2718 899
2719 899
2719 900
2720 900
2720 901
2723 901
2723 902
2724 902
2724 903
2725 903
2725 905
2726 905
2726 908
2727 908
2727 909
2728 909
2728 911
2729 911
2729 912
2730 912
2730 913
2732 913
2732 914
2733 914
2733 915
2738 915
2738 916
2740 916
2740 917
2741 917
2741 919
2742 919
2742 920
2743 920
2743 921
2744 921
2744 922
2748 922
2748 923
2753 923
2753 924
2765 924
2765 925
2766 925
2766 926
2767 926
2767 927
2773 927
2773 926
2775 926
2775 923
2776 923
2776 920
2777 920
2777 916
2778 916
2778 915
2779 915
2779 914
2785 914
2785 913
2790 913
2790 914
2795 914
2795 915
2798 915
2798 916
2799 916
2799 917
2800 917
2800 918
2801 918
2801 919
2802 919
2802 920
2803 920
2803 921
2804 921
2804 922
2807 922
2807 921
2809 921
2809 920
2811 920
2811 919
2815 919
2815 918
2816 918
2816 917
2817 917
2817 916
2823 916
2823 915
2825 915
2825 914
2826 914
2826 913
2829 913
2829 911
2830 911
2830 908
2831 908
2831 907
2832 907
2832 901
2831 901
2831 883
2830 883
2830 880
2831 880
2831 879
2832 879
2832 878
2833 878
2833 877
2835 877
2835 876
2836 876
2836 875
2838 875
2838 873
2839 873
2839 872
2840 872
2840 870
2841 870
2841 867
2842 867
2842 866
2843 866
2843 865
2849 865
2849 864
2853 864
2853 863
2854 863
2854 862
2855 862
2855 861
2856 861
2856 860
2858 860
2858 859
2859 859
2859 858
2860 858
2860 857
2861 857
2861 856
2862 856
2862 855
2863 855
2863 854
2864 854
2864 852
2865 852
2865 851
2868 851
2868 850
2869 850
2869 849
2870 849
2870 848
2871 848
2871 847
2874 847
2874 844
2875 844
2875 841
2876 841
2876 840
2877 840
2877 839
2879 839
2879 838
2881 838
2881 837
2882 837
2882 836
2883 836
2883 835
2884 835
2884 833
2885 833
2885 832
2886 832
2886 826
2887 826
2887 821
2886 821
2886 817
2885 817
2885 799
2889 799
2889 798
2891 798
2891 797
2892 797
2892 796
2893 796
2893 795
2894 795
2894 794
2895 794
2895 791
2896 791
2896 786
2895 786
2895 765
2894 765
2894 754
2895 754
2895 753
2902 753
2902 754
2909 754
2909 753
2912 753
2912 752
2914 752
2914 751
2915 751
2915 749
2916 749
2916 725
2915 725
2915 706
2914 706
2914 702
2915 702
2915 697
2916 697
2916 694
2917 694
2917 693
2918 693
2918 692
2921 692
2921 691
2923 691
2923 690
2924 690
2924 689
2930 689
2930 690
2931 690
2931 691
2932 691
2932 701
2933 701
2933 717
2934 717
2934 729
2935 729
2935 741
2936 741
2936 744
2937 744
2937 745
2938 745
2938 747
2939 747
2939 748
2940 748
2940 749
2941 749
2941 750
2943 750
2943 753
2946 753
2946 752
2952 752
2952 753
2956 753
2956 754
2957 754
2957 753
2962 753
2962 752
2972 752
2972 751
2974 751
2974 749
2975 749
2975 741
2974 741
2974 728
2973 728
2973 712
2972 712
2972 710
2973 710
2973 712
2974 712
2974 711
2982 711
2982 712
2983 712
2983 713
2984 713
2984 714
2985 714
2985 716
2986 716
2986 723
2987 723
2987 729
2988 729
2988 734
2989 734
2989 742
2990 742
2990 749
2991 749
2991 753
2992 753
2992 755
2993 755
2993 759
2994 759
2994 760
2995 760
2995 762
2996 762
2996 763
2997 763
2997 764
3000 764
3000 765
3008 765
3008 764
3010 764
3010 763
3013 763
3013 762
3015 762
3015 760
3016 760
3016 758
3017 758
3017 757
3018 757
3018 756
3019 756
3019 755
3020 755
3020 754
3021 754
3021 752
3022 752
3022 751
3023 751
3023 749
3024 749
3024 746
3025 746
3025 745
3026 745
3026 743
3027 743
3027 740
3026 740
3026 722
3027 722
3027 713
3028 713
3028 708
3030 708
3030 706
3031 706
3031 705
3035 705
3035 704
3038 704
3038 703
3039 703
3039 702
3041 702
3041 701
3043 701
3043 702
3044 702
3044 703
3052 703
3052 704
3055 704
3055 705
3062 705
3062 706
3066 706
3066 705
3071 705
3071 704
3074 704
3074 703
3075 703
3075 702
3076 702
3076 700
3077 700
3077 699
3078 699
3078 698
3081 698
3081 697
3082 697
3082 695
3083 695
3083 694
3084 694
3084 692
3085 692
3085 678
3084 678
3084 675
3085 675
3085 667
3084 667
3084 645
3085 645
3085 644
3086 644
3086 643
3088 643
3088 641
3089 641
3089 640
3091 640
3091 639
3092 639
3092 638
3093 638
3093 637
3094 637
3094 634
3093 634
3093 632
3094 632
3094 630
3095 630
3095 629
3101 629
3101 628
3105 628
3105 627
3106 627
3106 626
3107 626
3107 625
3109 625
3109 624
3112 624
3112 623
3113 623
3113 622
3114 622
3114 619
3116 619
3116 617
3117 617
3117 605
3116 605
3116 585
3115 585
3115 570
3114 570
3114 557
3113 557
3113 554
3114 554
3114 546
3113 546
3113 545
3114 545
3114 537
3119 537
3119 538
3120 538
3120 539
3121 539
3121 540
3125 540
3125 541
3127 541
3127 542
3129 542
3129 543
3139 543
3139 544
3144 544
3144 545
3145 545
3145 546
3149 546
3149 547
3151 547
3151 548
3166 548
3166 549
3167 549
3167 550
3168 550
3168 564
3169 564
3169 577
3170 577
3170 590
3171 590
3171 601
3172 601
3172 614
3173 614
3173 619
3174 619
3174 628
3175 628
3175 632
3176 632
3176 634
3177 634
3177 635
3178 635
3178 636
3179 636
3179 637
3182 637
3182 638
3195 638
3195 637
3197 637
3197 638
3200 638
3200 639
3201 639
3201 640
3203 640
3203 641
3204 641
3204 642
3206 642
3206 643
3207 643
3207 644
3211 644
3211 643
3213 643
3213 644
3217 644
3217 645
3218 645
3218 646
3225 646
3225 647
3229 647
3229 648
3230 648
3230 649
3233 649
3233 650
3241 650
3241 651
3248 651
3248 652
3252 652
3252 653
3254 653
3254 654
3258 654
3258 655
3263 655
3263 654
3272 654
3272 655
3274 655
3274 656
3285 656
3285 655
3292 655
3292 654
3295 654
3295 653
3303 653
3303 652
3304 652
3304 651
3306 651
3306 650
3308 650
3308 649
3310 649
3310 648
3313 648
3313 649
3315 649
3315 648
3318 648
3318 647
3320 647
3320 646
3323 646
3323 645
3324 645
3324 644
3326 644
3326 619
3325 619
3325 615
3326 615
3326 613
3325 613
3325 598
3324 598
3324 595
3325 595
3325 590
3324 590
3324 587
3325 587
3325 582
3326 582
3326 580
3327 580
3327 579
3328 579
3328 578
3329 578
3329 577
3330 577
3330 576
3331 576
3331 575
3332 575
3332 573
3333 573
3333 572
3334 572
3334 568
3335 568
3335 563
3338 563
3338 562
3340 562
3340 561
3342 561
3342 560
3343 560
3343 559
3344 559
3344 558
3346 558
3346 557
3347 557
3347 556
3348 556
3348 555
3351 555
3351 554
3354 554
3354 553
3355 553
3355 550
3356 550
3356 548
3358 548
3358 546
3361 546
3361 545
3362 545
3362 544
3363 544
3363 543
3364 543
3364 542
3367 542
3367 540
3368 540
3368 535
3369 535
3369 533
3370 533
3370 530
3371 530
3371 529
3372 529
3372 526
3373 526
3373 521
3372 521
3372 505
3371 505
3371 503
3372 503
3372 482
3373 482
3373 475
3372 475
3372 466
3373 466
3373 455
3372 455
3372 420
3373 420
3373 415
3374 415
3374 399
3375 399
3375 398
3376 398
3376 397
3377 397
3377 396
3378 396
3378 395
3379 395
3379 394
3380 394
3380 393
3381 393
3381 390
3382 390
3382 388
3383 388
3383 382
3384 382
3384 377
3383 377
3383 367
3389 367
3389 366
3395 366
3395 367
3401 367
3401 368
3403 368
3403 369
3407 369
3407 370
3408 370
3408 371
3409 371
3409 372
3410 372
3410 373
3411 373
3411 374
3415 374
3415 373
3416 373
3416 372
3417 372
3417 371
3420 371
3420 370
3422 370
3422 369
3425 369
3425 368
3426 368
3426 366
3428 366
3428 365
3429 365
3429 363
3430 363
3430 362
3432 362
3432 361
3434 361
3434 360
3435 360
3435 359
3436 359
3436 358
3437 358
3437 357
3438 357
3438 355
3439 355
3439 346
3440 346
3440 341
3445 341
3445 340
3454 340
3454 339
3460 339
3460 338
3465 338
3465 337
3466 337
3466 336
3467 336
3467 335
3470 335
3470 334
3471 334
3471 333
3473 333
3473 332
3474 332
3474 331
3478 331
3478 330
3480 330
3480 329
3481 329
3481 328
3482 328
3482 327
3483 327
3483 326
3484 326
3484 325
3485 325
3485 324
3488 324
3488 323
3490 323
3490 322
3493 322
3493 321
3494 321
3494 319
3495 319
3495 318
3496 318
3496 314
3497 314
3497 312
3498 312
3498 311
3500 311
3500 310
3502 310
3502 309
3504 309
3504 308
3505 308
3505 307
3506 307
3506 306
3507 306
3507 305
3508 305
3508 304
3509 304
3509 303
3510 303
3510 302
3511 302
3511 301
3513 301
3513 300
3514 300
3514 299
3516 299
3516 298
3517 298
3517 296
3518 296
3518 295
3519 295
3519 292
3520 292
3520 283
3521 283
3521 282
3522 282
3522 281
3523 281
3523 280
3524 280
3524 279
3525 279
3525 278
3527 278
3527 277
3529 277
3529 274
3530 274
3530 270
3531 270
3531 253
3530 253
3530 231
3529 231
3529 226
3530 226
3530 224
3529 224
3529 207
3530 207
3530 206
3531 206
3531 205
3532 205
3532 204
3533 204
3533 203
3535 203
3535 202
3538 202
3538 201
3549 201
3549 202
3550 202
3550 201
3552 201
3552 202
3569 202
3569 203
3572 203
3572 204
3573 204
3573 205
3575 205
3575 204
3577 204
3577 203
3578 203
3578 202
3579 202
3579 201
3580 201
3580 200
3581 200
3581 198
3582 198
3582 197
3583 197
3583 195
3584 195
3584 194
3585 194
3585 188
3586 188
3586 172
3587 172
3587 167
3588 167
3588 165
3589 165
3589 164
3590 164
3590 163
3591 163
3591 162
3593 162
3593 155
3594 155
3594 150
3593 150
3593 131
3592 131
3592 119
3591 119
3591 94
3592 94
3592 83
3593 83
3593 80
3594 80
3594 79
3595 79
3595 78
3597 78
3597 77
3599 77
3599 76
3600 76
3600 75
3601 75
3601 74
3602 74
3602 73
3603 73
3603 72
3606 72
3606 71
3616 71
3616 72
3617 72
3617 73
3624 73
3624 72
3629 72
3629 71
3651 71
3651 72
3654 72
3654 73
3656 73
3656 74
3657 74
3657 75
3659 75
3659 76
3660 76
3660 77
3661 77
3661 78
3662 78
3662 79
3663 79
3663 80
3664 80
3664 81
3666 81
3666 82
3667 82
3667 83
3668 83
3668 84
3671 84
3671 85
3672 85
3672 84
3674 84
3674 83
3679 83
3679 82
3681 82
3681 81
3682 81
3682 79
3683 79
3683 78
3684 78
3684 79
3683 79
3683 81
3682 81
3682 82
3681 82
3681 83
3679 83
3679 84
3674 84
3674 85
3672 85
3672 86
3671 86
3671 85
3668 85
3668 84
3667 84
3667 83
3666 83
3666 82
3664 82
3664 81
3663 81
3663 80
3662 80
3662 79
3661 79
3661 78
3660 78
3660 77
3659 77
3659 76
3657 76
3657 75
3656 75
3656 74
3654 74
3654 73
3651 73
3651 72
3629 72
3629 73
3624 73
3624 74
3617 74
3617 73
3616 73
3616 72
3606 72
3606 73
3603 73
3603 74
3602 74
3602 75
3601 75
3601 76
3600 76
3600 78
3597 78
3597 79
3595 79
3595 80
3594 80
3594 83
3593 83
3593 94
3592 94
3592 119
3593 119
3593 131
3594 131
3594 150
3595 150
3595 155
3594 155
3594 162
3593 162
3593 163
3591 163
3591 164
3590 164
3590 165
3589 165
3589 167
3588 167
3588 172
3587 172
3587 188
3586 188
3586 194
3585 194
3585 195
3584 195
3584 197
3583 197
3583 198
3582 198
3582 201
3580 201
3580 202
3579 202
3579 203
3578 203
3578 204
3577 204
3577 205
3575 205
3575 206
3573 206
3573 205
3572 205
3572 204
3569 204
3569 203
3552 203
3552 202
3550 202
3550 203
3549 203
3549 202
3538 202
3538 203
3535 203
3535 204
3533 204
3533 205
3532 205
3532 206
3531 206
3531 207
3530 207
3530 224
3531 224
3531 226
3530 226
3530 231
3531 231
