2431 767
2430 767
2430 774
2429 774
2429 781
2428 781
2428 782
2427 782
2427 784
2419 784
2419 783
2417 783
2417 782
2416 782
2416 781
2414 781
2414 780
2412 780
2412 779
2409 779
2409 778
2407 778
2407 777
2401 777
2401 776
2397 776
2397 777
2396 777
2396 778
2395 778
2395 779
2393 779
2393 780
2390 780
2390 781
2382 781
2382 782
2380 782
2380 783
2375 783
2375 784
2369 784
2369 783
2365 783
2365 782
2362 782
2362 781
2359 781
2359 780
2353 780
2353 779
2351 779
2351 778
2349 778
2349 777
2348 777
2348 776
2345 776
2345 775
2344 775
2344 774
2343 774
2343 772
2342 772
2342 771
2341 771
2341 770
2340 770
2340 769
2338 769
2338 768
2337 768
2337 767
2335 767
2335 766
2330 766
2330 767
2328 767
2328 768
2327 768
2327 769
2326 769
2326 770
2325 770
2325 771
2324 771
2324 772
2322 772
2322 773
2320 773
2320 774
2319 774
2319 775
2318 775
2318 777
2317 777
2317 786
2316 786
2316 787
2315 787
2315 789
2314 789
2314 791
2313 791
2313 793
2312 793
2312 794
2311 794
2311 795
2310 795
2310 796
2309 796
2309 797
2308 797
2308 798
2307 798
2307 799
2306 799
2306 800
2305 800
2305 801
2304 801
2304 802
2302 802
2302 803
2299 803
2299 802
2293 802
2293 801
2283 801
2283 800
2272 800
2272 799
2267 799
2267 798
2265 798
2265 797
2264 797
2264 796
2263 796
2263 795
2262 795
2262 794
2260 794
2260 793
2259 793
2259 791
2258 791
2258 788
2257 788
2257 787
2256 787
2256 786
2255 786
2255 784
2254 784
2254 783
2253 783
2253 782
2252 782
2252 781
2251 781
2251 780
2250 780
2250 779
2245 779
2245 780
2241 780
2241 779
2239 779
2239 778
2238 778
2238 776
2237 776
2237 775
2236 775
2236 773
2235 773
2235 771
2234 771
2234 769
2233 769
2233 768
2228 768
2228 769
2227 769
2227 770
2225 770
2225 771
2224 771
2224 772
2223 772
2223 777
2224 777
2224 784
2225 784
2225 788
2224 788
2224 792
2223 792
2223 795
2222 795
2222 800
2221 800
2221 803
2220 803
2220 810
2219 810
2219 813
2218 813
2218 814
2217 814
2217 816
2215 816
2215 817
2202 817
2202 818
2201 818
2201 819
2196 819
2196 820
2194 820
2194 821
2191 821
2191 822
2182 822
2182 821
2181 821
2181 822
2179 822
2179 823
2172 823
2172 822
2164 822
2164 821
2162 821
2162 820
2161 820
2161 821
2158 821
2158 820
2156 820
2156 819
2155 819
2155 817
2154 817
2154 816
2152 816
2152 815
2151 815
2151 814
2149 814
2149 813
2146 813
2146 812
2140 812
2140 811
2137 811
2137 810
2133 810
2133 809
2129 809
2129 810
2128 810
2128 812
2127 812
2127 814
2126 814
2126 815
2125 815
2125 816
2124 816
2124 818
2123 818
2123 820
2122 820
2122 824
2121 824
2121 828
2120 828
2120 834
2119 834
2119 838
2118 838
2118 839
2116 839
2116 840
2108 840
2108 839
2103 839
2103 840
2102 840
2102 841
2101 841
2101 843
2100 843
2100 851
2099 851
2099 858
2098 858
2098 860
2097 860
2097 861
2096 861
2096 862
2095 862
2095 863
2084 863
2084 864
2082 864
2082 865
2081 865
2081 866
2080 866
2080 867
2079 867
2079 869
2078 869
2078 870
2077 870
2077 871
2076 871
2076 872
2075 872
2075 873
2074 873
2074 874
2073 874
2073 875
2070 875
2070 876
2067 876
2067 877
2063 877
2063 876
2062 876
2062 875
2061 875
2061 874
2060 874
2060 873
2058 873
2058 872
2057 872
2057 871
2056 871
2056 870
2055 870
2055 869
2053 869
2053 868
2047 868
2047 866
2046 866
2046 865
2042 865
2042 864
2040 864
2040 863
2039 863
2039 862
2038 862
2038 861
2036 861
2036 862
2034 862
2034 861
2030 861
2030 858
2029 858
2029 857
2028 857
2028 856
2027 856
2027 855
2026 855
2026 854
2025 854
2025 853
2022 853
2022 850
2021 850
2021 849
2019 849
2019 848
2018 848
2018 847
2017 847
2017 846
2016 846
2016 845
2015 845
2015 844
2013 844
2013 843
2012 843
2012 842
2011 842
2011 841
2010 841
2010 839
2009 839
2009 837
2008 837
2008 835
2007 835
2007 834
2006 834
2006 833
2005 833
2005 832
2004 832
2004 831
2002 831
2002 830
1999 830
1999 829
1984 829
1984 830
1976 830
1976 831
1974 831
1974 832
1973 832
1973 833
1972 833
1972 835
1971 835
1971 838
1970 838
1970 843
1969 843
1969 845
1968 845
1968 847
1967 847
1967 848
1966 848
1966 849
1965 849
1965 850
1964 850
1964 851
1963 851
1963 852
1962 852
1962 853
1961 853
1961 854
1960 854
1960 856
1957 856
1957 857
1956 857
1956 859
1955 859
1955 861
1954 861
1954 863
1953 863
1953 866
1952 866
1952 869
1951 869
1951 872
1950 872
1950 883
1949 883
1949 885
1948 885
1948 886
1947 886
1947 887
1946 887
1946 888
1945 888
1945 889
1943 889
1943 890
1938 890
1938 889
1937 889
1937 888
1936 888
1936 887
1935 887
1935 888
1920 888
1920 889
1918 889
1918 890
1915 890
1915 891
1908 891
1908 890
1902 890
1902 891
1901 891
1901 893
1900 893
1900 894
1896 894
1896 893
1893 893
1893 892
1891 892
1891 891
1889 891
1889 890
1887 890
1887 889
1885 889
1885 888
1884 888
1884 887
1882 887
1882 886
1878 886
1878 885
1875 885
1875 884
1873 884
1873 883
1871 883
1871 882
1870 882
1870 881
1868 881
1868 880
1867 880
1867 879
1865 879
1865 878
1864 878
1864 877
1862 877
1862 876
1851 876
1851 875
1847 875
1847 874
1846 874
1846 873
1844 873
1844 872
1842 872
1842 871
1840 871
1840 870
1837 870
1837 869
1833 869
1833 868
1824 868
1824 867
1823 867
1823 866
1816 866
1816 865
1813 865
1813 864
1812 864
1812 863
1811 863
1811 862
1808 862
1808 861
1803 861
1803 862
1802 862
1802 861
1792 861
1792 862
1790 862
1790 863
1781 863
1781 862
1777 862
1777 861
1776 861
1776 860
1773 860
1773 859
1761 859
1761 858
1759 858
1759 857
1757 857
1757 856
1756 856
1756 855
1752 855
1752 856
1751 856
1751 855
1750 855
1750 854
1746 854
1746 853
1744 853
1744 852
1738 852
1738 851
1732 851
1732 850
1730 850
1730 849
1718 849
1718 848
1712 848
1712 847
1706 847
1706 846
1702 846
1702 845
1697 845
1697 844
1695 844
1695 843
1692 843
1692 842
1689 842
1689 841
1687 841
1687 840
1684 840
1684 839
1681 839
1681 838
1669 838
1669 837
1666 837
1666 836
1664 836
1664 835
1661 835
1661 834
1660 834
1660 833
1658 833
1658 832
1657 832
1657 831
1655 831
1655 830
1650 830
1650 829
1643 829
1643 826
1642 826
1642 824
1641 824
1641 822
1640 822
1640 820
1639 820
1639 818
1638 818
1638 817
1637 817
1637 815
1636 815
1636 814
1635 814
1635 813
1634 813
1634 812
1633 812
1633 811
1632 811
1632 810
1631 810
1631 809
1630 809
1630 808
1627 808
1627 807
1625 807
1625 806
1623 806
1623 805
1621 805
1621 804
1619 804
1619 803
1618 803
1618 802
1616 802
1616 801
1614 801
1614 800
1612 800
1612 797
1611 797
1611 794
1610 794
1610 791
1609 791
1609 789
1608 789
1608 787
1607 787
1607 786
1606 786
1606 779
1605 779
1605 770
1606 770
1606 765
1607 765
1607 764
1608 764
1608 760
1609 760
1609 756
1610 756
1610 752
1611 752
1611 747
1612 747
1612 735
1611 735
1611 734
1604 734
1604 735
1602 735
1602 736
1600 736
1600 737
1599 737
1599 738
1598 738
1598 739
1596 739
1596 740
1595 740
1595 741
1593 741
1593 742
1591 742
1591 743
1589 743
1589 744
1587 744
1587 745
1585 745
1585 746
1583 746
1583 747
1581 747
1581 748
1580 748
1580 749
1571 749
1571 750
1567 750
1567 751
1566 751
1566 752
1564 752
1564 753
1561 753
1561 754
1560 754
1560 755
1559 755
1559 756
1558 756
1558 757
1556 757
1556 758
1552 758
1552 759
1549 759
1549 758
1545 758
1545 757
1540 757
1540 756
1539 756
1539 755
1538 755
1538 754
1534 754
1534 752
1533 752
1533 751
1532 751
1532 750
1529 750
1529 751
1521 751
1521 750
1517 750
1517 749
1516 749
1516 748
1515 748
1515 747
1514 747
1514 745
1513 745
1513 744
1511 744
1511 743
1510 743
1510 740
1509 740
1509 739
1507 739
1507 738
1506 738
1506 737
1501 737
1501 736
1500 736
1500 735
1499 735
1499 733
1498 733
1498 731
1497 731
1497 728
1496 728
1496 726
1495 726
1495 725
1494 725
1494 724
1493 724
1493 723
1490 723
1490 720
1489 720
1489 717
1488 717
1488 714
1487 714
1487 711
1486 711
1486 708
1485 708
1485 705
1484 705
1484 703
1483 703
1483 701
1482 701
1482 698
1481 698
1481 696
1480 696
1480 695
1479 695
1479 694
1476 694
1476 693
1474 693
1474 692
1473 692
1473 691
1472 691
1472 690
1471 690
1471 688
1470 688
1470 686
1469 686
1469 679
1470 679
1470 673
1469 673
1469 670
1468 670
1468 668
1467 668
1467 666
1466 666
1466 664
1465 664
1465 662
1464 662
1464 660
1463 660
1463 659
1462 659
1462 657
1461 657
1461 656
1460 656
1460 655
1459 655
1459 654
1458 654
1458 653
1456 653
1456 652
1455 652
1455 651
1454 651
1454 650
1453 650
1453 649
1452 649
1452 648
1451 648
1451 647
1450 647
1450 646
1449 646
1449 644
1448 644
1448 640
1447 640
1447 636
1446 636
1446 631
1445 631
1445 628
1444 628
1444 627
1443 627
1443 626
1441 626
1441 625
1439 625
1439 623
1438 623
1438 622
1437 622
1437 621
1435 621
1435 620
1433 620
1433 619
1432 619
1432 618
1430 618
1430 617
1429 617
1429 616
1428 616
1428 615
1426 615
1426 614
1425 614
1425 613
1423 613
1423 612
1421 612
1421 611
1420 611
1420 610
1419 610
1419 609
1418 609
1418 607
1417 607
1417 606
1415 606
1415 605
1407 605
1407 606
1404 606
1404 607
1397 607
1397 608
1393 608
1393 609
1392 609
1392 610
1390 610
1390 611
1385 611
1385 612
1383 612
1383 613
1376 613
1376 614
1375 614
1375 613
1373 613
1373 612
1372 612
1372 610
1371 610
1371 608
1370 608
1370 606
1369 606
1369 604
1368 604
1368 602
1367 602
1367 601
1366 601
1366 599
1365 599
1365 598
1364 598
1364 597
1363 597
1363 596
1362 596
1362 595
1354 595
1354 596
1342 596
1342 595
1333 595
1333 594
1329 594
1329 592
1328 592
1328 591
1327 591
1327 582
1328 582
1328 574
1327 574
1327 571
1326 571
1326 570
1323 570
1323 569
1322 569
1322 570
1321 570
1321 571
1320 571
1320 572
1319 572
1319 573
1312 573
1312 574
1310 574
1310 575
1309 575
1309 577
1308 577
1308 578
1302 578
1302 579
1301 579
1301 580
1300 580
1300 581
1298 581
1298 582
1297 582
1297 584
1288 584
1288 585
1285 585
1285 586
1284 586
1284 587
1282 587
1282 588
1278 588
1278 589
1276 589
1276 588
1273 588
1273 587
1272 587
1272 586
1267 586
1267 585
1263 585
1263 584
1262 584
1262 583
1261 583
1261 582
1259 582
1259 581
1255 581
1255 580
1226 580
1226 579
1222 579
1222 578
1220 578
1220 577
1219 577
1219 576
1218 576
1218 575
1217 575
1217 574
1216 574
1216 573
1215 573
1215 572
1213 572
1213 571
1212 571
1212 570
1210 570
1210 569
1208 569
1208 568
1207 568
1207 567
1204 567
1204 566
1203 566
1203 565
1202 565
1202 564
1201 564
1201 563
1200 563
1200 562
1199 562
1199 561
1198 561
1198 560
1197 560
1197 559
1196 559
1196 558
1195 558
1195 557
1194 557
1194 556
1193 556
1193 555
1192 555
1192 554
1191 554
1191 553
1190 553
1190 552
1189 552
1189 551
1187 551
1187 550
1182 550
1182 549
1179 549
1179 548
1175 548
1175 547
1174 547
1174 546
1173 546
1173 543
1172 543
1172 541
1171 541
1171 538
1170 538
1170 526
1171 526
1171 522
1170 522
1170 520
1171 520
1171 507
1172 507
1172 499
1173 499
1173 494
1172 494
1172 493
1171 493
1171 492
1170 492
1170 490
1169 490
1169 489
1164 489
1164 488
1163 488
1163 486
1162 486
1162 484
1161 484
1161 475
1160 475
1160 471
1159 471
1159 468
1158 468
1158 467
1157 467
1157 466
1156 466
1156 465
1154 465
1154 464
1153 464
1153 463
1152 463
1152 462
1151 462
1151 461
1150 461
1150 460
1149 460
1149 459
1148 459
1148 458
1147 458
1147 457
1146 457
1146 456
1145 456
1145 455
1143 455
1143 454
1141 454
1141 453
1140 453
1140 451
1139 451
1139 450
1138 450
1138 444
1137 444
1137 443
1136 443
1136 441
1135 441
1135 440
1134 440
1134 439
1133 439
1133 438
1131 438
1131 437
1128 437
1128 436
1126 436
1126 435
1125 435
1125 433
1124 433
1124 432
1121 432
1121 431
1120 431
1120 430
1119 430
1119 429
1116 429
1116 428
1113 428
1113 425
1110 425
1110 426
1109 426
1109 425
1108 425
1108 424
1107 424
1107 421
1104 421
1104 420
1103 420
1103 419
1102 419
1102 418
1101 418
1101 417
1100 417
1100 415
1099 415
1099 414
1097 414
1097 413
1095 413
1095 411
1094 411
1094 408
1093 408
1093 404
1092 404
1092 392
1091 392
1091 391
1090 391
1090 392
1091 392
1091 404
1092 404
1092 408
1093 408
1093 411
1094 411
1094 414
1097 414
1097 415
1099 415
1099 417
1100 417
1100 418
1101 418
1101 419
1102 419
1102 420
1103 420
1103 422
1106 422
1106 424
1107 424
1107 425
1108 425
1108 426
1109 426
1109 427
1110 427
1110 426
1112 426
1112 429
1116 429
1116 430
1119 430
1119 431
1120 431
1120 432
1121 432
1121 433
1124 433
1124 435
1125 435
1125 436
1126 436
1126 437
1128 437
1128 438
1131 438
1131 439
1133 439
1133 440
1134 440
1134 441
1135 441
1135 443
1136 443
1136 444
1137 444
1137 450
1138 450
1138 451
1139 451
1139 453
1140 453
1140 454
1141 454
1141 455
1143 455
1143 456
1145 456
1145 457
1146 457
1146 458
1147 458
1147 459
1148 459
1148 460
1149 460
1149 461
1150 461
1150 462
1151 462
1151 463
1152 463
1152 464
1153 464
1153 465
1154 465
1154 466
1156 466
1156 467
1157 467
1157 468
1158 468
1158 471
1159 471
1159 475
1160 475
1160 484
1161 484
1161 486
1162 486
1162 488
1163 488
1163 489
1164 489
1164 490
1169 490
1169 492
1170 492
1170 493
1171 493
1171 494
1172 494
1172 499
1171 499
1171 507
1170 507
1170 520
1169 520
1169 522
1170 522
1170 526
1169 526
1169 538
1170 538
1170 541
1171 541
1171 543
1172 543
1172 546
1173 546
1173 547
1174 547
1174 548
1175 548
1175 549
1179 549
1179 550
1182 550
1182 551
1187 551
1187 552
1189 552
1189 553
1190 553
1190 554
1191 554
1191 555
1192 555
1192 556
1193 556
1193 557
1194 557
1194 558
1195 558
1195 559
1196 559
1196 560
1197 560
1197 561
1198 561
1198 562
1199 562
1199 563
1200 563
1200 564
1201 564
1201 565
1202 565
1202 566
1203 566
1203 567
1204 567
1204 568
1207 568
1207 569
1208 569
1208 570
1210 570
1210 571
1212 571
1212 572
1213 572
1213 573
1215 573
1215 574
1216 574
1216 575
1217 575
1217 576
1218 576
1218 577
1219 577
1219 578
1220 578
1220 579
1222 579
1222 580
1226 580
1226 581
1255 581
1255 582
1259 582
1259 583
1261 583
1261 584
1262 584
1262 585
1263 585
1263 586
1267 586
1267 587
1272 587
1272 588
1273 588
1273 589
1276 589
1276 590
1278 590
1278 589
1282 589
1282 588
1284 588
1284 587
1285 587
1285 586
1288 586
1288 585
1297 585
1297 584
1298 584
1298 582
1300 582
1300 581
1301 581
1301 580
1302 580
1302 579
1308 579
1308 578
1309 578
1309 577
1310 577
1310 575
1312 575
1312 574
1319 574
1319 573
1320 573
1320 572
1321 572
1321 571
1322 571
1322 570
1323 570
1323 571
1326 571
1326 574
1327 574
1327 582
1326 582
1326 591
1327 591
1327 592
1328 592
1328 594
1329 594
1329 595
1333 595
1333 596
1342 596
1342 597
1354 597
1354 596
1362 596
1362 597
1363 597
1363 598
1364 598
1364 599
1365 599
1365 601
1366 601
1366 602
1367 602
1367 604
1368 604
1368 606
1369 606
1369 608
1370 608
1370 610
1371 610
1371 612
1372 612
1372 613
1373 613
1373 614
1375 614
1375 615
1376 615
1376 614
1383 614
1383 613
1385 613
1385 612
1390 612
1390 611
1392 611
1392 610
1393 610
1393 609
1397 609
1397 608
1404 608
1404 607
1407 607
1407 606
1415 606
1415 607
1417 607
1417 609
1418 609
1418 610
1419 610
1419 611
1420 611
1420 612
1421 612
1421 613
1423 613
1423 614
1425 614
1425 615
1426 615
1426 616
1428 616
1428 617
1429 617
1429 618
1430 618
1430 619
1432 619
1432 620
1433 620
1433 621
1435 621
1435 622
1437 622
1437 623
1438 623
1438 625
1439 625
1439 626
1441 626
1441 627
1443 627
1443 628
1444 628
1444 631
1445 631
1445 636
1446 636
1446 640
1447 640
1447 644
1448 644
1448 646
1449 646
1449 647
1450 647
1450 648
1451 648
1451 649
1452 649
1452 650
1453 650
1453 651
1454 651
1454 652
1455 652
1455 653
1456 653
1456 654
1458 654
1458 655
1459 655
1459 656
1460 656
1460 657
1461 657
1461 659
1462 659
1462 660
1463 660
1463 662
1464 662
1464 664
1465 664
1465 666
1466 666
1466 668
1467 668
1467 670
1468 670
1468 673
1469 673
1469 679
1468 679
1468 686
1469 686
1469 688
1470 688
1470 690
1471 690
1471 691
1472 691
1472 692
1473 692
1473 693
1474 693
1474 694
1476 694
1476 695
1479 695
1479 696
1480 696
1480 698
1481 698
1481 701
1482 701
1482 703
1483 703
1483 705
1484 705
1484 708
1485 708
1485 711
1486 711
1486 714
1487 714
1487 717
1488 717
1488 720
1489 720
1489 723
1490 723
1490 724
1493 724
1493 725
1494 725
1494 726
1495 726
1495 728
1496 728
1496 731
1497 731
1497 733
1498 733
1498 735
1499 735
1499 736
1500 736
1500 737
1501 737
1501 738
1506 738
1506 739
1507 739
1507 740
1508 740
1508 741
1509 741
1509 744
1511 744
1511 745
1513 745
1513 747
1514 747
1514 748
1515 748
1515 749
1516 749
1516 750
1517 750
1517 751
1521 751
1521 752
1529 752
1529 751
1532 751
1532 752
1533 752
1533 754
1534 754
1534 755
1538 755
1538 757
1540 757
1540 758
1545 758
1545 759
1549 759
1549 760
1552 760
1552 759
1556 759
1556 758
1558 758
1558 757
1559 757
1559 756
1560 756
1560 755
1561 755
1561 754
1564 754
1564 753
1566 753
1566 752
1567 752
1567 751
1571 751
1571 750
1580 750
1580 749
1581 749
1581 748
1583 748
1583 747
1585 747
1585 746
1587 746
1587 745
1589 745
1589 744
1591 744
1591 743
1593 743
1593 742
1595 742
1595 741
1596 741
1596 740
1598 740
1598 739
1599 739
1599 738
1600 738
1600 737
1602 737
1602 736
1604 736
1604 735
1611 735
1611 747
1610 747
1610 752
1609 752
1609 756
1608 756
1608 760
1607 760
1607 764
1606 764
1606 765
1605 765
1605 770
1604 770
1604 779
1605 779
1605 786
1606 786
1606 787
1607 787
1607 789
1608 789
1608 791
1609 791
1609 794
1610 794
1610 797
1611 797
1611 800
1612 800
1612 801
1614 801
1614 802
1616 802
1616 803
1618 803
1618 804
1619 804
1619 805
1621 805
1621 806
1623 806
1623 807
1625 807
1625 808
1627 808
1627 809
1630 809
1630 810
1631 810
1631 811
1632 811
1632 812
1633 812
1633 813
1634 813
1634 814
1635 814
1635 815
1636 815
1636 817
1637 817
1637 818
1638 818
1638 820
1639 820
1639 822
1640 822
1640 824
1641 824
1641 826
1642 826
1642 829
1643 829
1643 830
1650 830
1650 831
1655 831
1655 832
1657 832
1657 833
1658 833
1658 834
1660 834
1660 835
1661 835
1661 836
1664 836
1664 837
1666 837
1666 838
1669 838
1669 839
1681 839
1681 840
1684 840
1684 841
1687 841
1687 842
1689 842
1689 843
1692 843
1692 844
1695 844
1695 845
1697 845
1697 846
1702 846
1702 847
1706 847
1706 848
1712 848
1712 849
1718 849
1718 850
1730 850
1730 851
1732 851
1732 852
1738 852
1738 853
1744 853
1744 854
1746 854
1746 855
1750 855
1750 856
1751 856
1751 857
1752 857
1752 856
1756 856
1756 857
1757 857
1757 858
1759 858
1759 859
1761 859
1761 860
1773 860
1773 861
1776 861
1776 862
1777 862
1777 863
1781 863
1781 864
1790 864
1790 863
1792 863
1792 862
1802 862
1802 863
1803 863
1803 862
1808 862
1808 863
1811 863
1811 864
1812 864
1812 865
1813 865
1813 866
1816 866
1816 867
1823 867
1823 868
1824 868
1824 869
1833 869
1833 870
1837 870
1837 871
1840 871
1840 872
1842 872
1842 873
1844 873
1844 874
1846 874
1846 875
1847 875
1847 876
1851 876
1851 877
1862 877
1862 878
1864 878
1864 879
1865 879
1865 880
1867 880
1867 881
1868 881
1868 882
1870 882
1870 883
1871 883
1871 884
1873 884
1873 885
1875 885
1875 886
1878 886
1878 887
1882 887
1882 888
1884 888
1884 889
1885 889
1885 890
1887 890
1887 891
1889 891
1889 892
1891 892
1891 893
1893 893
1893 894
1896 894
1896 895
1900 895
1900 894
1901 894
1901 893
1902 893
1902 891
1908 891
1908 892
1915 892
1915 891
1918 891
1918 890
1920 890
1920 889
1935 889
1935 888
1936 888
1936 889
1937 889
1937 890
1938 890
1938 891
1943 891
1943 890
1945 890
1945 889
1946 889
1946 888
1947 888
1947 887
1948 887
1948 886
1949 886
1949 885
1950 885
1950 883
1951 883
1951 872
1952 872
1952 869
1953 869
1953 866
1954 866
1954 863
1955 863
1955 861
1956 861
1956 859
1957 859
1957 857
1960 857
1960 856
1961 856
1961 854
1962 854
1962 853
1963 853
1963 852
1964 852
1964 851
1965 851
1965 850
1966 850
1966 849
1967 849
1967 848
1968 848
1968 847
1969 847
1969 845
1970 845
1970 843
1971 843
1971 838
1972 838
1972 835
1973 835
1973 833
1974 833
1974 832
1976 832
1976 831
1984 831
1984 830
1999 830
1999 831
2002 831
2002 832
2004 832
2004 833
2005 833
2005 834
2006 834
2006 835
2007 835
2007 837
2008 837
2008 839
2009 839
2009 841
2010 841
2010 842
2011 842
2011 843
2012 843
2012 844
2013 844
2013 845
2015 845
2015 846
2016 846
2016 847
2017 847
2017 848
2018 848
2018 849
2019 849
2019 850
2021 850
2021 854
2025 854
2025 855
2026 855
2026 856
2027 856
2027 857
2028 857
2028 858
2029 858
2029 861
2030 861
2030 862
2034 862
2034 863
2036 863
2036 862
2038 862
2038 863
2039 863
2039 864
2040 864
2040 865
2042 865
2042 866
2046 866
2046 868
2047 868
2047 869
2053 869
2053 870
2055 870
2055 871
2056 871
2056 872
2057 872
2057 873
2058 873
2058 874
2060 874
2060 875
2061 875
2061 876
2062 876
2062 877
2063 877
2063 878
2067 878
2067 877
2070 877
2070 876
2073 876
2073 875
2074 875
2074 874
2075 874
2075 873
2076 873
2076 872
2077 872
2077 871
2078 871
2078 870
2079 870
2079 869
2080 869
2080 867
2081 867
2081 866
2082 866
2082 865
2084 865
2084 864
2095 864
2095 863
2096 863
2096 862
2097 862
2097 861
2098 861
2098 860
2099 860
2099 858
2100 858
2100 851
2101 851
2101 843
2102 843
2102 841
2103 841
2103 840
2108 840
2108 841
2116 841
2116 840
2118 840
2118 839
2119 839
2119 838
2120 838
2120 834
2121 834
2121 828
2122 828
2122 824
2123 824
2123 820
2124 820
2124 818
2125 818
2125 816
2126 816
2126 815
2127 815
2127 814
2128 814
2128 812
2129 812
2129 810
2133 810
2133 811
2137 811
2137 812
2140 812
2140 813
2146 813
2146 814
2149 814
2149 815
2151 815
2151 816
2152 816
2152 817
2154 817
2154 819
2155 819
2155 820
2156 820
2156 821
2158 821
2158 822
2161 822
2161 821
2162 821
2162 822
2164 822
2164 823
2172 823
2172 824
2179 824
2179 823
2181 823
2181 822
2182 822
2182 823
2191 823
2191 822
2194 822
2194 821
2196 821
2196 820
2201 820
2201 819
2202 819
2202 818
2215 818
2215 817
2217 817
2217 816
2218 816
2218 814
2219 814
2219 813
2220 813
2220 810
2221 810
2221 803
2222 803
2222 800
2223 800
2223 795
2224 795
2224 793
2225 793
2225 789
2226 789
2226 784
2225 784
2225 777
2224 777
2224 772
2225 772
2225 771
2227 771
2227 770
2228 770
2228 769
2233 769
2233 771
2234 771
2234 773
2235 773
2235 775
2236 775
2236 776
2237 776
2237 778
2238 778
2238 779
2239 779
2239 780
2241 780
2241 781
2245 781
2245 780
2250 780
2250 781
2251 781
2251 782
2252 782
2252 783
2253 783
2253 784
2254 784
2254 786
2255 786
2255 787
2256 787
2256 788
2257 788
2257 791
2258 791
2258 793
2259 793
2259 794
2260 794
2260 795
2262 795
2262 796
2263 796
2263 797
2264 797
2264 798
2265 798
2265 799
2267 799
2267 800
2272 800
2272 801
2283 801
2283 802
2293 802
2293 803
2299 803
2299 804
2302 804
2302 803
2304 803
2304 802
2305 802
2305 801
2306 801
2306 800
2307 800
2307 799
2308 799
2308 798
2309 798
2309 797
2310 797
2310 796
2311 796
2311 795
2312 795
2312 794
2313 794
2313 793
2314 793
2314 791
2315 791
2315 789
2316 789
2316 787
2317 787
2317 786
2318 786
2318 777
2319 777
2319 775
2320 775
2320 774
2322 774
2322 773
2324 773
2324 772
2325 772
2325 771
2326 771
2326 770
2327 770
2327 769
2328 769
2328 768
2330 768
2330 767
2335 767
2335 768
2337 768
2337 769
2338 769
2338 770
2340 770
2340 771
2341 771
2341 772
2342 772
2342 774
2343 774
2343 775
2344 775
2344 776
2345 776
2345 777
2348 777
2348 778
2349 778
2349 779
2351 779
2351 780
2353 780
2353 781
2359 781
2359 782
2362 782
2362 783
2365 783
2365 784
2369 784
2369 785
2375 785
2375 784
2380 784
2380 783
2382 783
2382 782
2390 782
2390 781
2393 781
2393 780
2395 780
2395 779
2396 779
2396 778
2397 778
2397 777
2401 777
2401 778
2407 778
2407 779
2409 779
2409 780
2412 780
2412 781
2414 781
2414 782
2416 782
2416 783
2417 783
2417 784
2419 784
2419 785
2427 785
2427 784
2428 784
2428 782
2429 782
2429 781
2430 781
2430 774
2431 774
2431 767
2432 767
2432 757
2433 757
2433 754
2434 754
2434 747
2435 747
2435 740
2436 740
2436 739
2440 739
2440 740
2446 740
2446 739
2449 739
2449 738
2450 738
2450 736
2451 736
2451 733
2452 733
2452 732
2453 732
2453 727
2454 727
2454 720
2455 720
2455 712
2456 712
2456 698
2457 698
2457 694
2458 694
2458 689
2459 689
2459 686
2460 686
2460 685
2461 685
2461 684
2462 684
2462 683
2463 683
2463 680
2464 680
2464 679
2465 679
2465 678
2466 678
2466 677
2467 677
2467 675
2468 675
2468 674
2469 674
2469 673
2470 673
2470 671
2471 671
2471 669
2472 669
2472 667
2473 667
2473 664
2474 664
2474 660
2475 660
2475 655
2476 655
2476 653
2477 653
2477 647
2478 647
2478 639
2479 639
2479 636
2489 636
2489 637
2492 637
2492 638
2494 638
2494 639
2495 639
2495 640
2497 640
2497 641
2499 641
2499 642
2500 642
2500 643
2501 643
2501 644
2502 644
2502 645
2503 645
2503 646
2509 646
2509 647
2510 647
2510 648
2511 648
2511 649
2512 649
2512 654
2513 654
2513 656
2514 656
2514 658
2515 658
2515 659
2516 659
2516 661
2517 661
2517 664
2518 664
2518 665
2519 665
2519 666
2520 666
2520 667
2521 667
2521 668
2522 668
2522 669
2524 669
2524 670
2526 670
2526 672
2527 672
2527 673
2528 673
2528 675
2529 675
2529 679
2530 679
2530 682
2531 682
2531 684
2532 684
2532 685
2533 685
2533 687
2534 687
2534 688
2535 688
2535 689
2537 689
2537 690
2538 690
2538 691
2540 691
2540 692
2544 692
2544 693
2550 693
2550 694
2552 694
2552 695
2557 695
2557 696
2563 696
2563 695
2565 695
2565 694
2576 694
2576 693
2578 693
2578 692
2579 692
2579 691
2581 691
2581 690
2583 690
2583 689
2584 689
2584 688
2585 688
2585 687
2589 687
2589 686
2591 686
2591 685
2595 685
2595 684
2597 684
2597 683
2599 683
2599 682
2600 682
2600 680
2601 680
2601 678
2607 678
2607 679
2622 679
2622 680
2624 680
2624 681
2627 681
2627 682
2631 682
2631 683
2635 683
2635 684
2637 684
2637 685
2638 685
2638 686
2640 686
2640 687
2643 687
2643 688
2649 688
2649 689
2650 689
2650 690
2656 690
2656 691
2664 691
2664 692
2669 692
2669 693
2671 693
2671 694
2679 694
2679 693
2681 693
2681 692
2685 692
2685 693
2691 693
2691 694
2692 694
2692 693
2691 693
2691 692
2685 692
2685 691
2681 691
2681 692
2679 692
2679 693
2671 693
2671 692
2669 692
2669 691
2664 691
2664 690
2656 690
2656 689
2650 689
2650 688
2649 688
2649 687
2643 687
2643 686
2640 686
2640 685
2638 685
2638 684
2637 684
2637 683
2635 683
2635 682
2631 682
2631 681
2627 681
2627 680
2624 680
2624 679
2622 679
2622 678
2607 678
2607 677
2601 677
2601 678
2600 678
2600 680
2599 680
2599 682
2597 682
2597 683
2595 683
2595 684
2591 684
2591 685
2589 685
2589 686
2585 686
2585 687
2584 687
2584 688
2583 688
2583 689
2581 689
2581 690
2579 690
2579 691
2578 691
2578 692
2576 692
2576 693
2565 693
2565 694
2563 694
2563 695
2557 695
2557 694
2552 694
2552 693
2550 693
2550 692
2544 692
2544 691
2540 691
2540 690
2538 690
2538 689
2537 689
2537 688
2535 688
2535 687
2534 687
2534 685
2533 685
2533 684
2532 684
2532 682
2531 682
2531 679
2530 679
2530 675
2529 675
2529 673
2528 673
2528 672
2527 672
2527 670
2526 670
2526 669
2524 669
2524 668
2522 668
2522 667
2521 667
2521 666
2520 666
2520 665
2519 665
2519 664
2518 664
2518 661
2517 661
2517 659
2516 659
2516 658
2515 658
2515 656
2514 656
2514 654
2513 654
2513 649
2512 649
2512 648
2511 648
2511 647
2510 647
2510 646
2509 646
2509 645
2503 645
2503 644
2502 644
2502 643
2501 643
2501 642
2500 642
2500 641
2499 641
2499 640
2497 640
2497 639
2495 639
2495 638
2494 638
2494 637
2492 637
2492 636
2489 636
2489 635
2479 635
2479 636
2478 636
2478 639
2477 639
2477 647
2476 647
2476 653
2475 653
2475 655
2474 655
2474 660
2473 660
2473 664
2472 664
2472 667
2471 667
2471 669
2470 669
2470 671
2469 671
2469 673
2468 673
2468 674
2467 674
2467 675
2466 675
2466 677
2465 677
2465 678
2464 678
2464 679
2463 679
2463 680
2462 680
2462 683
2461 683
2461 684
2460 684
2460 685
2459 685
2459 686
2458 686
2458 689
2457 689
2457 694
2456 694
2456 698
2455 698
2455 712
2454 712
2454 720
2453 720
2453 727
2452 727
2452 732
2451 732
2451 733
2450 733
2450 736
2449 736
2449 738
2446 738
2446 739
2440 739
2440 738
2436 738
2436 739
2435 739
2435 740
2434 740
2434 747
2433 747
2433 754
2432 754
2432 757
2431 757
