2338 508
2333 508
2333 509
2331 509
2331 510
2327 510
2327 511
2325 511
2325 512
2322 512
2322 513
2320 513
2320 517
2321 517
2321 521
2322 521
2322 524
2323 524
2323 532
2322 532
2322 536
2321 536
2321 537
2320 537
2320 538
2319 538
2319 539
2318 539
2318 540
2317 540
2317 541
2315 541
2315 542
2313 542
2313 543
2308 543
2308 544
2302 544
2302 552
2303 552
2303 554
2304 554
2304 556
2305 556
2305 557
2306 557
2306 559
2307 559
2307 561
2308 561
2308 564
2309 564
2309 569
2310 569
2310 572
2309 572
2309 578
2308 578
2308 580
2307 580
2307 581
2306 581
2306 582
2305 582
2305 583
2304 583
2304 584
2303 584
2303 585
2302 585
2302 586
2301 586
2301 587
2300 587
2300 588
2299 588
2299 589
2297 589
2297 590
2296 590
2296 591
2291 591
2291 592
2289 592
2289 594
2288 594
2288 595
2286 595
2286 596
2282 596
2282 597
2273 597
2273 596
2269 596
2269 597
2267 597
2267 596
2264 596
2264 595
2261 595
2261 596
2259 596
2259 598
2258 598
2258 600
2257 600
2257 601
2256 601
2256 602
2255 602
2255 604
2254 604
2254 605
2253 605
2253 609
2252 609
2252 611
2251 611
2251 618
2250 618
2250 625
2249 625
2249 627
2248 627
2248 628
2247 628
2247 630
2246 630
2246 631
2245 631
2245 634
2244 634
2244 635
2243 635
2243 642
2242 642
2242 651
2241 651
2241 656
2240 656
2240 662
2239 662
2239 666
2238 666
2238 667
2237 667
2237 668
2236 668
2236 670
2235 670
2235 671
2234 671
2234 683
2233 683
2233 695
2232 695
2232 699
2231 699
2231 704
2232 704
2232 710
2231 710
2231 721
2230 721
2230 722
2229 722
2229 723
2228 723
2228 725
2227 725
2227 726
2226 726
2226 734
2225 734
2225 736
2224 736
2224 739
2223 739
2223 740
2222 740
2222 741
2221 741
2221 742
2219 742
2219 744
2218 744
2218 745
2216 745
2216 746
2215 746
2215 747
2214 747
2214 748
2213 748
2213 749
2212 749
2212 750
2209 750
2209 751
2207 751
2207 752
2206 752
2206 753
2205 753
2205 755
2204 755
2204 756
2201 756
2201 757
2200 757
2200 758
2198 758
2198 759
2181 759
2181 758
2180 758
2180 757
2179 757
2179 756
2178 756
2178 755
2177 755
2177 754
2176 754
2176 752
2175 752
2175 750
2174 750
2174 748
2172 748
2172 746
2168 746
2168 745
2167 745
2167 744
2165 744
2165 743
2164 743
2164 742
2163 742
2163 741
2162 741
2162 740
2161 740
2161 739
2160 739
2160 738
2159 738
2159 737
2154 737
2154 736
2153 736
2153 735
2151 735
2151 734
2150 734
2150 733
2148 733
2148 732
2146 732
2146 731
2144 731
2144 730
2140 730
2140 729
2138 729
2138 728
2137 728
2137 727
2136 727
2136 726
2135 726
2135 725
2134 725
2134 724
2133 724
2133 723
2129 723
2129 722
2118 722
2118 723
2117 723
2117 725
2116 725
2116 726
2115 726
2115 727
2114 727
2114 728
2113 728
2113 732
2107 732
2107 733
2106 733
2106 734
2104 734
2104 735
2102 735
2102 736
2100 736
2100 737
2097 737
2097 736
2095 736
2095 735
2081 735
2081 734
2080 734
2080 735
2075 735
2075 736
2069 736
2069 737
2062 737
2062 738
2061 738
2061 739
2049 739
2049 740
2047 740
2047 741
2046 741
2046 742
2042 742
2042 743
2040 743
2040 744
2033 744
2033 745
2016 745
2016 746
2012 746
2012 745
2003 745
2003 746
2001 746
2001 747
1993 747
1993 748
1971 748
1971 749
1963 749
1963 748
1948 748
1948 747
1946 747
1946 746
1944 746
1944 745
1943 745
1943 744
1941 744
1941 743
1939 743
1939 742
1938 742
1938 741
1937 741
1937 740
1936 740
1936 739
1935 739
1935 738
1934 738
1934 736
1933 736
1933 735
1932 735
1932 734
1931 734
1931 732
1930 732
1930 731
1929 731
1929 730
1927 730
1927 729
1926 729
1926 728
1923 728
1923 727
1922 727
1922 724
1921 724
1921 723
1920 723
1920 722
1919 722
1919 719
1918 719
1918 718
1917 718
1917 717
1916 717
1916 716
1910 716
1910 717
1907 717
1907 718
1905 718
1905 719
1900 719
1900 718
1895 718
1895 717
1894 717
1894 718
1887 718
1887 717
1880 717
1880 718
1874 718
1874 719
1870 719
1870 718
1863 718
1863 717
1861 717
1861 716
1860 716
1860 715
1859 715
1859 714
1858 714
1858 713
1857 713
1857 712
1856 712
1856 711
1855 711
1855 705
1854 705
1854 700
1853 700
1853 698
1852 698
1852 688
1851 688
1851 680
1850 680
1850 674
1849 674
1849 668
1848 668
1848 664
1847 664
1847 662
1846 662
1846 655
1845 655
1845 653
1844 653
1844 652
1843 652
1843 651
1842 651
1842 650
1841 650
1841 649
1840 649
1840 648
1839 648
1839 647
1838 647
1838 646
1837 646
1837 644
1836 644
1836 642
1835 642
1835 634
1834 634
1834 631
1833 631
1833 630
1832 630
1832 629
1831 629
1831 628
1828 628
1828 627
1824 627
1824 626
1823 626
1823 625
1822 625
1822 623
1821 623
1821 622
1820 622
1820 620
1819 620
1819 614
1818 614
1818 611
1817 611
1817 601
1816 601
1816 595
1815 595
1815 590
1819 590
1819 583
1818 583
1818 578
1817 578
1817 575
1816 575
1816 572
1815 572
1815 568
1816 568
1816 566
1815 566
1815 561
1814 561
1814 559
1813 559
1813 557
1812 557
1812 553
1811 553
1811 549
1810 549
1810 539
1809 539
1809 533
1808 533
1808 521
1807 521
1807 515
1806 515
1806 507
1805 507
1805 505
1792 505
1792 506
1791 506
1791 508
1788 508
1788 510
1787 510
1787 512
1786 512
1786 513
1785 513
1785 514
1784 514
1784 515
1782 515
1782 516
1781 516
1781 525
1782 525
1782 528
1781 528
1781 530
1780 530
1780 531
1779 531
1779 533
1778 533
1778 534
1777 534
1777 535
1776 535
1776 536
1773 536
1773 537
1771 537
1771 541
1770 541
1770 545
1769 545
1769 547
1768 547
1768 550
1767 550
1767 551
1766 551
1766 552
1765 552
1765 557
1764 557
1764 559
1762 559
1762 558
1761 558
1761 557
1758 557
1758 556
1756 556
1756 557
1755 557
1755 558
1754 558
1754 559
1752 559
1752 560
1751 560
1751 561
1749 561
1749 570
1750 570
1750 588
1749 588
1749 591
1748 591
1748 592
1747 592
1747 593
1746 593
1746 595
1745 595
1745 596
1744 596
1744 597
1743 597
1743 598
1741 598
1741 599
1740 599
1740 605
1739 605
1739 607
1738 607
1738 609
1737 609
1737 610
1736 610
1736 611
1735 611
1735 612
1734 612
1734 613
1733 613
1733 614
1732 614
1732 615
1730 615
1730 616
1729 616
1729 627
1730 627
1730 632
1731 632
1731 637
1730 637
1730 638
1731 638
1731 646
1732 646
1732 652
1731 652
1731 654
1730 654
1730 656
1729 656
1729 658
1728 658
1728 659
1727 659
1727 660
1724 660
1724 661
1722 661
1722 662
1720 662
1720 663
1712 663
1712 664
1705 664
1705 665
1696 665
1696 666
1689 666
1689 667
1687 667
1687 668
1686 668
1686 669
1684 669
1684 670
1681 670
1681 671
1677 671
1677 672
1676 672
1676 673
1674 673
1674 675
1672 675
1672 676
1671 676
1671 677
1665 677
1665 679
1664 679
1664 681
1663 681
1663 682
1662 682
1662 683
1661 683
1661 684
1659 684
1659 685
1650 685
1650 686
1644 686
1644 687
1643 687
1643 688
1640 688
1640 689
1638 689
1638 690
1631 690
1631 692
1628 692
1628 691
1627 691
1627 690
1622 690
1622 689
1612 689
1612 688
1607 688
1607 687
1601 687
1601 686
1592 686
1592 687
1587 687
1587 686
1580 686
1580 687
1570 687
1570 688
1567 688
1567 689
1564 689
1564 690
1557 690
1557 691
1549 691
1549 690
1546 690
1546 691
1543 691
1543 690
1535 690
1535 691
1529 691
1529 692
1525 692
1525 693
1522 693
1522 694
1521 694
1521 695
1518 695
1518 696
1510 696
1510 697
1507 697
1507 696
1505 696
1505 695
1502 695
1502 694
1501 694
1501 693
1500 693
1500 692
1499 692
1499 690
1497 690
1497 689
1495 689
1495 688
1494 688
1494 687
1493 687
1493 686
1492 686
1492 685
1491 685
1491 684
1490 684
1490 683
1489 683
1489 682
1488 682
1488 680
1487 680
1487 677
1486 677
1486 674
1485 674
1485 672
1484 672
1484 671
1483 671
1483 668
1482 668
1482 667
1481 667
1481 664
1480 664
1480 663
1479 663
1479 662
1478 662
1478 661
1476 661
1476 660
1475 660
1475 659
1474 659
1474 658
1468 658
1468 657
1467 657
1467 655
1466 655
1466 654
1465 654
1465 651
1464 651
1464 647
1463 647
1463 645
1462 645
1462 643
1461 643
1461 639
1460 639
1460 638
1455 638
1455 637
1453 637
1453 636
1452 636
1452 635
1446 635
1446 634
1445 634
1445 633
1444 633
1444 632
1441 632
1441 631
1440 631
1440 630
1439 630
1439 628
1438 628
1438 627
1437 627
1437 625
1436 625
1436 622
1435 622
1435 618
1436 618
1436 615
1435 615
1435 613
1434 613
1434 605
1433 605
1433 604
1432 604
1432 603
1433 603
1433 598
1432 598
1432 596
1431 596
1431 588
1430 588
1430 575
1428 575
1428 571
1427 571
1427 557
1426 557
1426 556
1425 556
1425 554
1424 554
1424 553
1422 553
1422 552
1421 552
1421 551
1420 551
1420 550
1419 550
1419 549
1418 549
1418 548
1417 548
1417 547
1416 547
1416 546
1411 546
1411 545
1409 545
1409 544
1408 544
1408 543
1407 543
1407 542
1406 542
1406 541
1405 541
1405 539
1404 539
1404 535
1403 535
1403 534
1400 534
1400 533
1392 533
1392 532
1386 532
1386 531
1383 531
1383 529
1382 529
1382 525
1381 525
1381 522
1380 522
1380 521
1379 521
1379 520
1378 520
1378 517
1377 517
1377 504
1376 504
1376 499
1375 499
1375 495
1374 495
1374 491
1373 491
1373 478
1372 478
1372 471
1371 471
1371 464
1370 464
1370 455
1369 455
1369 453
1368 453
1368 452
1366 452
1366 451
1363 451
1363 459
1364 459
1364 466
1365 466
1365 488
1366 488
1366 492
1367 492
1367 499
1368 499
1368 512
1369 512
1369 518
1370 518
1370 529
1371 529
1371 541
1372 541
1372 542
1373 542
1373 551
1372 551
1372 555
1373 555
1373 562
1374 562
1374 568
1375 568
1375 570
1374 570
1374 575
1375 575
1375 580
1376 580
1376 581
1375 581
1375 582
1374 582
1374 583
1373 583
1373 584
1372 584
1372 585
1370 585
1370 586
1368 586
1368 587
1365 587
1365 599
1366 599
1366 605
1367 605
1367 610
1368 610
1368 614
1369 614
1369 617
1370 617
1370 618
1371 618
1371 622
1370 622
1370 623
1369 623
1369 626
1368 626
1368 627
1367 627
1367 628
1366 628
1366 629
1365 629
1365 630
1364 630
1364 631
1363 631
1363 632
1361 632
1361 633
1358 633
1358 636
1357 636
1357 638
1358 638
1358 640
1359 640
1359 642
1360 642
1360 645
1361 645
1361 647
1360 647
1360 651
1358 651
1358 654
1357 654
1357 655
1356 655
1356 656
1355 656
1355 657
1351 657
1351 658
1349 658
1349 661
1348 661
1348 664
1347 664
1347 665
1345 665
1345 666
1344 666
1344 667
1341 667
1341 676
1340 676
1340 677
1339 677
1339 681
1338 681
1338 683
1337 683
1337 684
1336 684
1336 686
1335 686
1335 687
1333 687
1333 688
1327 688
1327 689
1326 689
1326 690
1325 690
1325 691
1321 691
1321 692
1318 692
1318 693
1308 693
1308 694
1303 694
1303 693
1300 693
1300 694
1298 694
1298 693
1294 693
1294 692
1292 692
1292 691
1291 691
1291 690
1287 690
1287 689
1282 689
1282 688
1280 688
1280 687
1279 687
1279 686
1278 686
1278 685
1277 685
1277 684
1276 684
1276 683
1271 683
1271 682
1269 682
1269 681
1267 681
1267 680
1263 680
1263 679
1260 679
1260 681
1255 681
1255 682
1250 682
1250 681
1245 681
1245 682
1243 682
1243 683
1242 683
1242 684
1241 684
1241 685
1239 685
1239 686
1235 686
1235 687
1222 687
1222 686
1221 686
1221 685
1217 685
1217 686
1213 686
1213 685
1212 685
1212 684
1208 684
1208 683
1206 683
1206 682
1198 682
1198 681
1196 681
1196 680
1193 680
1193 679
1191 679
1191 678
1186 678
1186 677
1182 677
1182 676
1180 676
1180 675
1174 675
1174 674
1173 674
1173 673
1172 673
1172 672
1171 672
1171 671
1170 671
1170 670
1167 670
1167 666
1163 666
1163 665
1162 665
1162 664
1161 664
1161 661
1158 661
1158 660
1157 660
1157 659
1155 659
1155 658
1154 658
1154 656
1152 656
1152 655
1150 655
1150 654
1144 654
1144 655
1136 655
1136 653
1131 653
1131 652
1129 652
1129 649
1126 649
1126 648
1122 648
1122 647
1118 647
1118 646
1117 646
1117 645
1113 645
1113 643
1109 643
1109 642
1108 642
1108 640
1107 640
1107 639
1106 639
1106 638
1105 638
1105 637
1104 637
1104 635
1103 635
1103 630
1102 630
1102 624
1101 624
1101 622
1095 622
1095 623
1090 623
1090 622
1084 622
1084 621
1072 621
1072 622
1071 622
1071 623
1070 623
1070 625
1069 625
1069 626
1067 626
1067 627
1065 627
1065 628
1062 628
1062 627
1061 627
1061 628
1051 628
1051 627
1048 627
1048 626
1047 626
1047 625
1046 625
1046 624
1045 624
1045 623
1044 623
1044 622
1043 622
1043 620
1042 620
1042 617
1040 617
1040 616
1039 616
1039 614
1038 614
1038 613
1037 613
1037 612
1036 612
1036 611
1034 611
1034 610
1033 610
1033 609
1032 609
1032 608
1031 608
1031 606
1030 606
1030 604
1029 604
1029 602
1028 602
1028 600
1027 600
1027 590
1026 590
1026 575
1025 575
1025 572
1024 572
1024 565
1023 565
1023 554
1022 554
1022 542
1021 542
1021 537
1020 537
1020 530
1019 530
1019 518
1018 518
1018 506
1017 506
1017 493
1016 493
1016 489
1017 489
1017 487
1016 487
1016 472
1015 472
1015 465
1014 465
1014 452
1013 452
1013 447
1012 447
1012 444
1011 444
1011 440
1012 440
1012 439
1011 439
1011 434
1010 434
1010 431
1009 431
1009 428
1010 428
1010 426
1009 426
1009 425
1008 425
1008 422
1009 422
1009 414
1008 414
1008 397
1007 397
1007 396
1008 396
1008 391
1007 391
1007 386
1006 386
1006 382
1005 382
1005 380
1004 380
1004 374
1003 374
1003 372
1004 372
1004 368
1003 368
1003 367
1002 367
1002 366
1001 366
1001 365
1000 365
1000 364
998 364
998 363
997 363
997 362
996 362
996 361
995 361
995 360
994 360
994 358
993 358
993 356
992 356
992 349
991 349
991 345
990 345
990 336
989 336
989 330
988 330
988 323
987 323
987 322
985 322
985 321
983 321
983 320
982 320
982 319
981 319
981 318
980 318
980 317
977 317
977 316
973 316
973 315
971 315
971 314
969 314
969 313
968 313
968 312
967 312
967 311
966 311
966 310
964 310
964 309
960 309
960 310
955 310
955 311
954 311
954 312
952 312
952 313
949 313
949 314
945 314
945 318
946 318
946 324
947 324
947 330
948 330
948 332
947 332
947 335
946 335
946 336
945 336
945 338
944 338
944 339
939 339
939 340
937 340
937 348
938 348
938 357
937 357
937 361
936 361
936 362
935 362
935 363
932 363
932 364
924 364
924 365
917 365
917 366
912 366
912 367
903 367
903 368
902 368
902 370
901 370
901 371
898 371
898 372
896 372
896 373
889 373
889 374
882 374
882 373
876 373
876 374
874 374
874 375
870 375
870 376
869 376
869 377
868 377
868 378
867 378
867 379
866 379
866 380
865 380
865 381
864 381
864 382
862 382
862 383
858 383
858 384
852 384
852 383
849 383
849 382
844 382
844 381
822 381
822 380
821 380
821 379
819 379
819 378
818 378
818 377
817 377
817 376
816 376
816 374
815 374
815 373
814 373
814 372
811 372
811 371
807 371
807 372
799 372
799 371
798 371
798 370
795 370
795 369
794 369
794 368
785 368
785 371
784 371
784 373
783 373
783 375
782 375
782 376
781 376
781 378
780 378
780 380
779 380
779 381
776 381
776 382
769 382
769 383
768 383
768 384
766 384
766 385
762 385
762 386
749 386
749 385
747 385
747 384
745 384
745 383
737 383
737 382
734 382
734 381
732 381
732 380
726 380
726 379
723 379
723 378
722 378
722 377
719 377
719 376
718 376
718 374
717 374
717 373
713 373
713 372
711 372
711 371
709 371
709 370
707 370
707 369
706 369
706 368
705 368
705 366
704 366
704 365
703 365
703 363
701 363
701 362
698 362
698 361
694 361
694 360
685 360
685 359
683 359
683 358
676 358
676 359
671 359
671 360
668 360
668 361
660 361
660 362
651 362
651 361
648 361
648 360
646 360
646 361
613 361
613 360
606 360
606 361
600 361
600 362
580 362
580 361
579 361
579 360
577 360
577 359
575 359
575 358
574 358
574 357
573 357
573 356
572 356
572 354
571 354
571 352
570 352
570 347
569 347
569 336
568 336
568 332
567 332
567 322
566 322
566 317
565 317
565 307
564 307
564 301
563 301
563 300
559 300
559 298
558 298
558 296
557 296
557 295
556 295
556 294
545 294
545 295
538 295
538 294
535 294
535 293
534 293
534 292
533 292
533 291
532 291
532 290
531 290
531 288
530 288
530 287
529 287
529 286
528 286
528 284
526 284
526 283
524 283
524 282
523 282
523 281
522 281
522 280
521 280
521 276
520 276
520 270
518 270
518 269
517 269
517 268
516 268
516 267
515 267
515 266
514 266
514 265
513 265
513 263
509 263
509 262
508 262
508 261
507 261
507 260
506 260
506 259
505 259
505 258
504 258
504 257
503 257
503 254
502 254
502 253
499 253
499 255
498 255
498 256
495 256
495 257
494 257
494 258
493 258
493 259
491 259
491 260
490 260
490 261
485 261
485 262
476 262
476 263
475 263
475 264
474 264
474 265
472 265
472 266
471 266
471 267
469 267
469 268
464 268
464 269
459 269
459 270
454 270
454 271
452 271
452 270
451 270
451 269
450 269
450 268
449 268
449 267
448 267
448 266
447 266
447 265
446 265
446 263
444 263
444 262
443 262
443 261
442 261
442 260
440 260
440 259
436 259
436 258
435 258
435 257
434 257
434 256
433 256
433 255
432 255
432 254
429 254
429 253
426 253
426 252
424 252
424 251
423 251
423 250
422 250
422 249
419 249
419 248
416 248
416 247
412 247
412 246
408 246
408 245
403 245
403 244
402 244
402 243
403 243
403 244
408 244
408 245
412 245
412 246
416 246
416 247
419 247
419 248
422 248
422 249
423 249
423 250
424 250
424 251
426 251
426 252
429 252
429 253
432 253
432 254
433 254
433 255
434 255
434 256
435 256
435 257
436 257
436 258
440 258
440 259
442 259
442 260
443 260
443 261
444 261
444 262
446 262
446 263
447 263
447 265
448 265
448 266
449 266
449 267
450 267
450 268
451 268
451 269
452 269
452 270
454 270
454 269
459 269
459 268
464 268
464 267
469 267
469 266
471 266
471 265
472 265
472 264
474 264
474 263
475 263
475 262
476 262
476 261
485 261
485 260
490 260
490 259
491 259
491 258
493 258
493 257
494 257
494 256
495 256
495 255
498 255
498 253
499 253
499 252
502 252
502 253
503 253
503 254
504 254
504 257
505 257
505 258
506 258
506 259
507 259
507 260
508 260
508 261
509 261
509 262
513 262
513 263
514 263
514 265
515 265
515 266
516 266
516 267
517 267
517 268
518 268
518 269
520 269
520 270
521 270
521 276
522 276
522 280
523 280
523 281
524 281
524 282
526 282
526 283
528 283
528 284
529 284
529 286
530 286
530 287
531 287
531 288
532 288
532 290
533 290
533 291
534 291
534 292
535 292
535 293
538 293
538 294
545 294
545 293
556 293
556 294
557 294
557 295
558 295
558 296
559 296
559 298
560 298
560 299
563 299
563 300
564 300
564 301
565 301
565 307
566 307
566 317
567 317
567 322
568 322
568 332
569 332
569 336
570 336
570 347
571 347
571 352
572 352
572 354
573 354
573 356
574 356
574 357
575 357
575 358
577 358
577 359
579 359
579 360
580 360
580 361
600 361
600 360
606 360
606 359
613 359
613 360
646 360
646 359
648 359
648 360
651 360
651 361
660 361
660 360
668 360
668 359
671 359
671 358
676 358
676 357
683 357
683 358
685 358
685 359
694 359
694 360
698 360
698 361
701 361
701 362
703 362
703 363
704 363
704 365
705 365
705 366
706 366
706 368
707 368
707 369
709 369
709 370
711 370
711 371
713 371
713 372
717 372
717 373
718 373
718 374
719 374
719 376
722 376
722 377
723 377
723 378
726 378
726 379
732 379
732 380
734 380
734 381
737 381
737 382
745 382
745 383
747 383
747 384
749 384
749 385
762 385
762 384
766 384
766 383
768 383
768 382
769 382
769 381
776 381
776 380
779 380
779 378
780 378
780 376
781 376
781 375
782 375
782 373
783 373
783 371
784 371
784 367
794 367
794 368
795 368
795 369
798 369
798 370
799 370
799 371
807 371
807 370
811 370
811 371
814 371
814 372
815 372
815 373
816 373
816 374
817 374
817 376
818 376
818 377
819 377
819 378
821 378
821 379
822 379
822 380
844 380
844 381
849 381
849 382
852 382
852 383
858 383
858 382
862 382
862 381
864 381
864 380
865 380
865 379
866 379
866 378
867 378
867 377
868 377
868 376
869 376
869 375
870 375
870 374
874 374
874 373
876 373
876 372
882 372
882 373
889 373
889 372
896 372
896 371
898 371
898 370
901 370
901 368
902 368
902 367
903 367
903 366
912 366
912 365
917 365
917 364
924 364
924 363
932 363
932 362
935 362
935 361
936 361
936 357
937 357
937 348
936 348
936 340
937 340
937 339
939 339
939 338
944 338
944 336
945 336
945 335
946 335
946 332
947 332
947 330
946 330
946 324
945 324
945 318
944 318
944 313
949 313
949 312
952 312
952 311
954 311
954 310
955 310
955 309
960 309
960 308
964 308
964 309
966 309
966 310
967 310
967 311
968 311
968 312
969 312
969 313
971 313
971 314
973 314
973 315
977 315
977 316
980 316
980 317
981 317
981 318
982 318
982 319
983 319
983 320
985 320
985 321
987 321
987 322
988 322
988 323
989 323
989 330
990 330
990 336
991 336
991 345
992 345
992 349
993 349
993 356
994 356
994 358
995 358
995 360
996 360
996 361
997 361
997 362
998 362
998 363
1000 363
1000 364
1001 364
1001 365
1002 365
1002 366
1003 366
1003 367
1004 367
1004 368
1005 368
1005 373
1004 373
1004 374
1005 374
1005 380
1006 380
1006 382
1007 382
1007 386
1008 386
1008 391
1009 391
1009 396
1008 396
1008 397
1009 397
1009 414
1010 414
1010 423
1009 423
1009 425
1010 425
1010 426
1011 426
1011 428
1010 428
1010 431
1011 431
1011 434
1012 434
1012 439
1013 439
1013 440
1012 440
1012 444
1013 444
1013 447
1014 447
1014 452
1015 452
1015 465
1016 465
1016 472
1017 472
1017 487
1018 487
1018 489
1017 489
1017 493
1018 493
1018 506
1019 506
1019 518
1020 518
1020 530
1021 530
1021 537
1022 537
1022 542
1023 542
1023 554
1024 554
1024 565
1025 565
1025 572
1026 572
1026 575
1027 575
1027 590
1028 590
1028 600
1029 600
1029 602
1030 602
1030 604
1031 604
1031 606
1032 606
1032 608
1033 608
1033 609
1034 609
1034 610
1036 610
1036 611
1037 611
1037 612
1038 612
1038 613
1039 613
1039 614
1040 614
1040 616
1042 616
1042 617
1043 617
1043 620
1044 620
1044 622
1045 622
1045 623
1046 623
1046 624
1047 624
1047 625
1048 625
1048 626
1051 626
1051 627
1061 627
1061 626
1062 626
1062 627
1065 627
1065 626
1067 626
1067 625
1069 625
1069 623
1070 623
1070 622
1071 622
1071 621
1072 621
1072 620
1084 620
1084 621
1090 621
1090 622
1095 622
1095 621
1101 621
1101 622
1102 622
1102 624
1103 624
1103 630
1104 630
1104 635
1105 635
1105 637
1106 637
1106 638
1107 638
1107 639
1108 639
1108 640
1109 640
1109 642
1113 642
1113 643
1114 643
1114 644
1117 644
1117 645
1118 645
1118 646
1122 646
1122 647
1126 647
1126 648
1129 648
1129 649
1130 649
1130 651
1131 651
1131 652
1136 652
1136 653
1137 653
1137 654
1144 654
1144 653
1150 653
1150 654
1152 654
1152 655
1154 655
1154 656
1155 656
1155 658
1157 658
1157 659
1158 659
1158 660
1161 660
1161 661
1162 661
1162 664
1163 664
1163 665
1167 665
1167 666
1168 666
1168 669
1170 669
1170 670
1171 670
1171 671
1172 671
1172 672
1173 672
1173 673
1174 673
1174 674
1180 674
1180 675
1182 675
1182 676
1186 676
1186 677
1191 677
1191 678
1193 678
1193 679
1196 679
1196 680
1198 680
1198 681
1206 681
1206 682
1208 682
1208 683
1212 683
1212 684
1213 684
1213 685
1217 685
1217 684
1222 684
1222 686
1235 686
1235 685
1239 685
1239 684
1241 684
1241 683
1242 683
1242 682
1243 682
1243 681
1245 681
1245 680
1250 680
1250 681
1255 681
1255 680
1259 680
1259 679
1260 679
1260 678
1263 678
1263 679
1267 679
1267 680
1269 680
1269 681
1271 681
1271 682
1276 682
1276 683
1277 683
1277 684
1278 684
1278 685
1279 685
1279 686
1280 686
1280 687
1282 687
1282 688
1287 688
1287 689
1291 689
1291 690
1292 690
1292 691
1294 691
1294 692
1298 692
1298 693
1300 693
1300 692
1303 692
1303 693
1308 693
1308 692
1318 692
1318 691
1321 691
1321 690
1325 690
1325 689
1326 689
1326 688
1327 688
1327 687
1333 687
1333 686
1335 686
1335 684
1336 684
1336 683
1337 683
1337 681
1338 681
1338 677
1339 677
1339 676
1340 676
1340 667
1341 667
1341 666
1344 666
1344 665
1345 665
1345 664
1347 664
1347 661
1348 661
1348 658
1349 658
1349 657
1351 657
1351 656
1355 656
1355 655
1356 655
1356 654
1357 654
1357 651
1358 651
1358 650
1359 650
1359 647
1360 647
1360 645
1359 645
1359 642
1358 642
1358 640
1357 640
1357 638
1356 638
1356 636
1357 636
1357 633
1358 633
1358 632
1361 632
1361 631
1363 631
1363 630
1364 630
1364 629
1365 629
1365 628
1366 628
1366 627
1367 627
1367 626
1368 626
1368 623
1369 623
1369 622
1370 622
1370 618
1369 618
1369 617
1368 617
1368 614
1367 614
1367 610
1366 610
1366 605
1365 605
1365 599
1364 599
1364 586
1368 586
1368 585
1370 585
1370 584
1372 584
1372 583
1373 583
1373 582
1374 582
1374 581
1375 581
1375 580
1374 580
1374 575
1373 575
1373 570
1374 570
1374 568
1373 568
1373 562
1372 562
1372 555
1371 555
1371 551
1372 551
1372 542
1371 542
1371 541
1370 541
1370 529
1369 529
1369 518
1368 518
1368 512
1367 512
1367 499
1366 499
1366 492
1365 492
1365 488
1364 488
1364 466
1363 466
1363 459
1362 459
1362 450
1366 450
1366 451
1368 451
1368 452
1369 452
1369 453
1370 453
1370 455
1371 455
1371 464
1372 464
1372 471
1373 471
1373 478
1374 478
1374 491
1375 491
1375 495
1376 495
1376 499
1377 499
1377 504
1378 504
1378 517
1379 517
1379 520
1380 520
1380 521
1381 521
1381 522
1382 522
1382 525
1383 525
1383 529
1384 529
1384 530
1386 530
1386 531
1392 531
1392 532
1400 532
1400 533
1403 533
1403 534
1404 534
1404 535
1405 535
1405 539
1406 539
1406 541
1407 541
1407 542
1408 542
1408 543
1409 543
1409 544
1411 544
1411 545
1416 545
1416 546
1417 546
1417 547
1418 547
1418 548
1419 548
1419 549
1420 549
1420 550
1421 550
1421 551
1422 551
1422 552
1424 552
1424 553
1425 553
1425 554
1426 554
1426 556
1427 556
1427 557
1428 557
1428 571
1429 571
1429 574
1430 574
1430 575
1431 575
1431 588
1432 588
1432 596
1433 596
1433 598
1434 598
1434 603
1433 603
1433 604
1434 604
1434 605
1435 605
1435 613
1436 613
1436 615
1437 615
1437 618
1436 618
1436 622
1437 622
1437 625
1438 625
1438 627
1439 627
1439 628
1440 628
1440 630
1441 630
1441 631
1444 631
1444 632
1445 632
1445 633
1446 633
1446 634
1452 634
1452 635
1453 635
1453 636
1455 636
1455 637
1460 637
1460 638
1461 638
1461 639
1462 639
1462 643
1463 643
1463 645
1464 645
1464 647
1465 647
1465 651
1466 651
1466 654
1467 654
1467 655
1468 655
1468 657
1474 657
1474 658
1475 658
1475 659
1476 659
1476 660
1478 660
1478 661
1479 661
1479 662
1480 662
1480 663
1481 663
1481 664
1482 664
1482 667
1483 667
1483 668
1484 668
1484 671
1485 671
1485 672
1486 672
1486 674
1487 674
1487 677
1488 677
1488 680
1489 680
1489 682
1490 682
1490 683
1491 683
1491 684
1492 684
1492 685
1493 685
1493 686
1494 686
1494 687
1495 687
1495 688
1497 688
1497 689
1499 689
1499 690
1500 690
1500 692
1501 692
1501 693
1502 693
1502 694
1505 694
1505 695
1507 695
1507 696
1510 696
1510 695
1518 695
1518 694
1521 694
1521 693
1522 693
1522 692
1525 692
1525 691
1529 691
1529 690
1535 690
1535 689
1543 689
1543 690
1546 690
1546 689
1549 689
1549 690
1557 690
1557 689
1564 689
1564 688
1567 688
1567 687
1570 687
1570 686
1580 686
1580 685
1587 685
1587 686
1592 686
1592 685
1601 685
1601 686
1607 686
1607 687
1612 687
1612 688
1622 688
1622 689
1627 689
1627 690
1628 690
1628 691
1630 691
1630 690
1631 690
1631 689
1638 689
1638 688
1640 688
1640 687
1643 687
1643 686
1644 686
1644 685
1650 685
1650 684
1659 684
1659 683
1661 683
1661 682
1662 682
1662 681
1663 681
1663 679
1664 679
1664 677
1665 677
1665 676
1671 676
1671 675
1672 675
1672 674
1673 674
1673 673
1674 673
1674 672
1676 672
1676 671
1677 671
1677 670
1681 670
1681 669
1684 669
1684 668
1686 668
1686 667
1687 667
1687 666
1689 666
1689 665
1696 665
1696 664
1705 664
1705 663
1712 663
1712 662
1720 662
1720 661
1721 661
1721 660
1724 660
1724 659
1727 659
1727 658
1728 658
1728 656
1729 656
1729 654
1730 654
1730 652
1731 652
1731 646
1730 646
1730 638
1729 638
1729 637
1730 637
1730 632
1729 632
1729 627
1728 627
1728 615
1730 615
1730 614
1732 614
1732 613
1733 613
1733 612
1734 612
1734 611
1735 611
1735 610
1736 610
1736 609
1737 609
1737 607
1738 607
1738 605
1739 605
1739 599
1740 599
1740 597
1743 597
1743 595
1745 595
1745 593
1746 593
1746 592
1747 592
1747 591
1748 591
1748 588
1749 588
1749 570
1748 570
1748 561
1749 561
1749 560
1751 560
1751 559
1752 559
1752 558
1754 558
1754 557
1755 557
1755 556
1756 556
1756 555
1758 555
1758 556
1761 556
1761 557
1762 557
1762 558
1763 558
1763 557
1764 557
1764 552
1765 552
1765 551
1766 551
1766 550
1767 550
1767 547
1768 547
1768 545
1769 545
1769 541
1770 541
1770 537
1771 537
1771 536
1773 536
1773 535
1776 535
1776 534
1777 534
1777 533
1778 533
1778 531
1779 531
1779 530
1780 530
1780 528
1781 528
1781 525
1780 525
1780 515
1782 515
1782 514
1784 514
1784 513
1785 513
1785 512
1786 512
1786 510
1787 510
1787 508
1788 508
1788 507
1790 507
1790 506
1791 506
1791 505
1792 505
1792 504
1805 504
1805 505
1806 505
1806 507
1807 507
1807 515
1808 515
1808 521
1809 521
1809 533
1810 533
1810 539
1811 539
1811 549
1812 549
1812 553
1813 553
1813 557
1814 557
1814 559
1815 559
1815 561
1816 561
1816 566
1817 566
1817 568
1816 568
1816 572
1817 572
1817 575
1818 575
1818 578
1819 578
1819 583
1820 583
1820 590
1819 590
1819 591
1816 591
1816 595
1817 595
1817 601
1818 601
1818 611
1819 611
1819 614
1820 614
1820 620
1821 620
1821 622
1822 622
1822 623
1823 623
1823 625
1824 625
1824 626
1828 626
1828 627
1831 627
1831 628
1832 628
1832 629
1833 629
1833 630
1834 630
1834 631
1835 631
1835 634
1836 634
1836 642
1837 642
1837 644
1838 644
1838 646
1839 646
1839 647
1840 647
1840 648
1841 648
1841 649
1842 649
1842 650
1843 650
1843 651
1844 651
1844 652
1845 652
1845 653
1846 653
1846 655
1847 655
1847 662
1848 662
1848 664
1849 664
1849 668
1850 668
1850 674
1851 674
1851 680
1852 680
1852 688
1853 688
1853 698
1854 698
1854 700
1855 700
1855 705
1856 705
1856 711
1857 711
1857 712
1858 712
1858 713
1859 713
1859 714
1860 714
1860 715
1861 715
1861 716
1863 716
1863 717
1870 717
1870 718
1874 718
1874 717
1877 717
1877 716
1878 716
1878 715
1880 715
1880 716
1887 716
1887 717
1894 717
1894 716
1895 716
1895 717
1900 717
1900 718
1905 718
1905 717
1907 717
1907 716
1910 716
1910 715
1916 715
1916 716
1917 716
1917 717
1918 717
1918 718
1919 718
1919 719
1920 719
1920 722
1921 722
1921 723
1922 723
1922 724
1923 724
1923 727
1926 727
1926 728
1927 728
1927 729
1929 729
1929 730
1930 730
1930 731
1931 731
1931 732
1932 732
1932 734
1933 734
1933 735
1934 735
1934 736
1935 736
1935 738
1936 738
1936 739
1937 739
1937 740
1938 740
1938 741
1939 741
1939 742
1941 742
1941 743
1943 743
1943 744
1944 744
1944 745
1946 745
1946 746
1948 746
1948 747
1963 747
1963 748
1971 748
1971 747
1993 747
1993 746
2001 746
2001 745
2003 745
2003 744
2012 744
2012 745
2016 745
2016 744
2033 744
2033 743
2040 743
2040 742
2042 742
2042 741
2046 741
2046 739
2049 739
2049 738
2061 738
2061 736
2069 736
2069 735
2075 735
2075 734
2080 734
2080 733
2081 733
2081 734
2095 734
2095 735
2097 735
2097 736
2100 736
2100 735
2102 735
2102 734
2104 734
2104 733
2106 733
2106 732
2107 732
2107 731
2112 731
2112 728
2113 728
2113 727
2114 727
2114 726
2115 726
2115 725
2116 725
2116 723
2117 723
2117 721
2129 721
2129 722
2133 722
2133 723
2134 723
2134 724
2135 724
2135 725
2136 725
2136 726
2137 726
2137 727
2138 727
2138 728
2140 728
2140 729
2144 729
2144 730
2146 730
2146 731
2148 731
2148 732
2150 732
2150 733
2151 733
2151 734
2153 734
2153 735
2154 735
2154 736
2159 736
2159 737
2160 737
2160 738
2161 738
2161 739
2162 739
2162 740
2163 740
2163 741
2164 741
2164 742
2165 742
2165 743
2167 743
2167 744
2168 744
2168 745
2172 745
2172 746
2173 746
2173 747
2174 747
2174 748
2175 748
2175 750
2176 750
2176 752
2177 752
2177 754
2178 754
2178 755
2179 755
2179 756
2180 756
2180 757
2181 757
2181 758
2198 758
2198 757
2200 757
2200 756
2201 756
2201 755
2204 755
2204 753
2205 753
2205 752
2206 752
2206 751
2207 751
2207 750
2209 750
2209 749
2212 749
2212 748
2213 748
2213 747
2214 747
2214 746
2215 746
2215 744
2218 744
2218 742
2219 742
2219 741
2221 741
2221 740
2222 740
2222 739
2223 739
2223 736
2224 736
2224 734
2225 734
2225 726
2226 726
2226 725
2227 725
2227 723
2228 723
2228 722
2229 722
2229 721
2230 721
2230 710
2231 710
2231 704
2230 704
2230 699
2231 699
2231 695
2232 695
2232 683
2233 683
2233 671
2234 671
2234 670
2235 670
2235 668
2236 668
2236 667
2237 667
2237 666
2238 666
2238 662
2239 662
2239 656
2240 656
2240 651
2241 651
2241 642
2242 642
2242 635
2243 635
2243 634
2244 634
2244 631
2245 631
2245 630
2246 630
2246 628
2247 628
2247 627
2248 627
2248 625
2249 625
2249 618
2250 618
2250 611
2251 611
2251 609
2252 609
2252 605
2253 605
2253 604
2254 604
2254 602
2255 602
2255 601
2256 601
2256 600
2257 600
2257 598
2258 598
2258 596
2259 596
2259 595
2261 595
2261 594
2264 594
2264 595
2267 595
2267 596
2269 596
2269 595
2273 595
2273 596
2282 596
2282 595
2286 595
2286 594
2288 594
2288 592
2289 592
2289 591
2291 591
2291 590
2296 590
2296 589
2297 589
2297 588
2299 588
2299 587
2300 587
2300 586
2301 586
2301 585
2302 585
2302 584
2303 584
2303 583
2304 583
2304 582
2305 582
2305 581
2306 581
2306 580
2307 580
2307 578
2308 578
2308 572
2309 572
2309 569
2308 569
2308 564
2307 564
2307 561
2306 561
2306 559
2305 559
2305 557
2304 557
2304 556
2303 556
2303 554
2302 554
2302 552
2301 552
2301 543
2308 543
2308 542
2313 542
2313 541
2315 541
2315 540
2317 540
2317 539
2318 539
2318 538
2319 538
2319 537
2320 537
2320 536
2321 536
2321 532
2322 532
2322 524
2321 524
2321 521
2320 521
2320 517
2319 517
2319 513
2320 513
2320 512
2322 512
2322 511
2325 511
2325 510
2327 510
2327 509
2331 509
2331 508
2333 508
2333 507
2338 507
2338 506
2341 506
2341 505
2342 505
2342 504
2346 504
2346 505
2347 505
2347 507
2349 507
2349 506
2350 506
2350 505
2353 505
2353 504
2355 504
2355 502
2362 502
2362 503
2363 503
2363 506
2364 506
2364 527
2365 527
2365 543
2366 543
2366 549
2367 549
2367 552
2368 552
2368 554
2369 554
2369 555
2371 555
2371 556
2372 556
2372 558
2373 558
2373 560
2376 560
2376 561
2377 561
2377 562
2382 562
2382 563
2384 563
2384 564
2385 564
2385 565
2386 565
2386 566
2387 566
2387 567
2388 567
2388 568
2389 568
2389 569
2391 569
2391 570
2392 570
2392 571
2393 571
2393 572
2394 572
2394 575
2395 575
2395 579
2396 579
2396 591
2397 591
2397 599
2398 599
2398 601
2399 601
2399 603
2400 603
2400 605
2401 605
2401 607
2402 607
2402 609
2403 609
2403 610
2404 610
2404 611
2405 611
2405 612
2406 612
2406 613
2407 613
2407 614
2408 614
2408 615
2410 615
2410 616
2412 616
2412 617
2413 617
2413 618
2415 618
2415 619
2419 619
2419 621
2428 621
2428 622
2429 622
2429 623
2430 623
2430 624
2431 624
2431 626
2432 626
2432 629
2433 629
2433 630
2435 630
2435 631
2436 631
2436 632
2438 632
2438 633
2440 633
2440 634
2444 634
2444 635
2447 635
2447 636
2448 636
2448 637
2449 637
2449 638
2450 638
2450 639
2451 639
2451 640
2454 640
2454 641
2455 641
2455 642
2457 642
2457 643
2458 643
2458 644
2459 644
2459 647
2460 647
2460 650
2461 650
2461 652
2462 652
2462 654
2463 654
2463 656
2464 656
2464 657
2465 657
2465 659
2466 659
2466 663
2467 663
2467 664
2468 664
2468 670
2469 670
2469 672
2468 672
2468 673
2469 673
2469 680
2470 680
2470 686
2471 686
2471 688
2472 688
2472 689
2473 689
2473 690
2474 690
2474 691
2475 691
2475 692
2476 692
2476 693
2478 693
2478 694
2479 694
2479 695
2481 695
2481 696
2482 696
2482 697
2484 697
2484 698
2486 698
2486 699
2489 699
2489 700
2490 700
2490 701
2492 701
2492 702
2500 702
2500 703
2502 703
2502 704
2515 704
2515 705
2520 705
2520 706
2531 706
2531 707
2533 707
2533 708
2537 708
2537 709
2542 709
2542 710
2543 710
2543 711
2545 711
2545 712
2546 712
2546 713
2548 713
2548 714
2549 714
2549 715
2550 715
2550 716
2551 716
2551 722
2552 722
2552 730
2553 730
2553 733
2554 733
2554 735
2555 735
2555 736
2556 736
2556 737
2557 737
2557 738
2558 738
2558 739
2559 739
2559 740
2561 740
2561 741
2563 741
2563 742
2565 742
2565 744
2566 744
2566 745
2567 745
2567 746
2568 746
2568 749
2569 749
2569 750
2571 750
2571 751
2572 751
2572 752
2574 752
2574 753
2578 753
2578 754
2579 754
2579 755
2580 755
2580 758
2581 758
2581 761
2582 761
2582 763
2583 763
2583 765
2584 765
2584 766
2585 766
2585 767
2586 767
2586 768
2587 768
2587 769
2588 769
2588 770
2595 770
2595 771
2596 771
2596 772
2597 772
2597 773
2599 773
2599 774
2600 774
2600 775
2606 775
2606 776
2608 776
2608 777
2613 777
2613 776
2625 776
2625 775
2628 775
2628 773
2629 773
2629 772
2640 772
2640 773
2641 773
2641 774
2642 774
2642 773
2644 773
2644 772
2647 772
2647 771
2650 771
2650 770
2653 770
2653 769
2656 769
2656 770
2657 770
2657 772
2664 772
2664 771
2666 771
2666 770
2667 770
2667 769
2676 769
2676 770
2682 770
2682 769
2690 769
2690 768
2693 768
2693 767
2697 767
2697 766
2703 766
2703 765
2713 765
2713 764
2719 764
2719 763
2721 763
2721 762
2722 762
2722 761
2723 761
2723 760
2724 760
2724 759
2725 759
2725 758
2731 758
2731 757
2733 757
2733 756
2735 756
2735 755
2738 755
2738 754
2739 754
2739 753
2741 753
2741 752
2742 752
2742 750
2743 750
2743 749
2745 749
2745 747
2746 747
2746 746
2748 746
2748 745
2749 745
2749 742
2750 742
2750 714
2749 714
2749 708
2750 708
2750 707
2749 707
2749 672
2748 672
2748 663
2749 663
2749 646
2748 646
2748 637
2749 637
2749 632
2748 632
2748 619
2749 619
2749 614
2754 614
2754 613
2758 613
2758 612
2760 612
2760 611
2762 611
2762 609
2763 609
2763 608
2765 608
2765 607
2766 607
2766 603
2765 603
2765 601
2764 601
2764 599
2763 599
2763 597
2762 597
2762 595
2761 595
2761 593
2760 593
2760 588
2759 588
2759 586
2758 586
2758 566
2766 566
2766 567
2768 567
2768 568
2774 568
2774 569
2779 569
2779 567
2785 567
2785 568
2786 568
2786 570
2787 570
2787 571
2786 571
2786 575
2787 575
2787 585
2788 585
2788 600
2789 600
2789 607
2790 607
2790 609
2791 609
2791 611
2792 611
2792 612
2793 612
2793 613
2794 613
2794 615
2795 615
2795 616
2797 616
2797 617
2798 617
2798 618
2799 618
2799 619
2800 619
2800 622
2801 622
2801 624
2802 624
2802 625
2803 625
2803 626
2804 626
2804 627
2805 627
2805 628
2807 628
2807 629
2809 629
2809 630
2810 630
2810 631
2811 631
2811 632
2812 632
2812 633
2813 633
2813 635
2814 635
2814 639
2815 639
2815 641
2816 641
2816 643
2817 643
2817 644
2819 644
2819 645
2832 645
2832 646
2845 646
2845 645
2848 645
2848 643
2849 643
2849 642
2852 642
2852 638
2853 638
2853 636
2858 636
2858 635
2861 635
2861 634
2862 634
2862 633
2865 633
2865 632
2867 632
2867 631
2873 631
2873 630
2919 630
2919 629
2921 629
2921 628
2924 628
2924 627
2926 627
2926 626
2944 626
2944 625
2949 625
2949 624
2951 624
2951 622
2952 622
2952 621
2953 621
2953 619
2954 619
2954 611
2953 611
2953 610
2954 610
2954 597
2953 597
2953 590
2954 590
2954 588
2955 588
2955 583
2956 583
2956 582
2957 582
2957 581
2958 581
2958 579
2959 579
2959 578
2960 578
2960 577
2961 577
2961 576
2962 576
2962 575
2964 575
2964 572
2965 572
2965 567
2964 567
2964 563
2967 563
2967 562
2970 562
2970 560
2971 560
2971 559
2973 559
2973 558
2974 558
2974 557
2976 557
2976 544
2975 544
2975 512
2984 512
2984 511
2989 511
2989 510
2992 510
2992 509
3000 509
3000 508
3002 508
3002 507
3005 507
3005 505
3008 505
3008 504
3009 504
3009 503
3010 503
3010 496
3015 496
3015 495
3016 495
3016 494
3017 494
3017 493
3019 493
3019 491
3020 491
3020 490
3021 490
3021 489
3022 489
3022 476
3023 476
3023 475
3024 475
3024 474
3030 474
3030 473
3031 473
3031 471
3032 471
3032 470
3033 470
3033 469
3034 469
3034 456
3033 456
3033 425
3034 425
3034 424
3035 424
3035 423
3036 423
3036 422
3038 422
3038 421
3047 421
3047 424
3048 424
3048 425
3049 425
3049 426
3051 426
3051 425
3057 425
3057 424
3064 424
3064 423
3065 423
3065 422
3066 422
3066 421
3068 421
3068 419
3069 419
3069 413
3076 413
3076 414
3078 414
3078 415
3079 415
3079 416
3080 416
3080 417
3081 417
3081 418
3082 418
3082 419
3083 419
3083 420
3084 420
3084 422
3085 422
3085 423
3086 423
3086 425
3087 425
3087 426
3088 426
3088 427
3089 427
3089 433
3090 433
3090 441
3091 441
3091 447
3092 447
3092 451
3093 451
3093 453
3094 453
3094 454
3095 454
3095 455
3096 455
3096 456
3097 456
3097 457
3098 457
3098 458
3099 458
3099 459
3100 459
3100 460
3101 460
3101 461
3102 461
3102 468
3103 468
3103 476
3104 476
3104 486
3105 486
3105 492
3106 492
3106 493
3107 493
3107 496
3108 496
3108 498
3109 498
3109 501
3110 501
3110 503
3111 503
3111 505
3112 505
3112 506
3113 506
3113 507
3114 507
3114 508
3116 508
3116 509
3118 509
3118 510
3121 510
3121 511
3122 511
3122 513
3123 513
3123 514
3124 514
3124 515
3125 515
3125 516
3126 516
3126 519
3127 519
3127 520
3128 520
3128 523
3129 523
3129 526
3130 526
3130 529
3131 529
3131 531
3132 531
3132 532
3133 532
3133 533
3134 533
3134 535
3135 535
3135 536
3136 536
3136 537
3138 537
3138 538
3144 538
3144 539
3147 539
3147 540
3148 540
3148 541
3149 541
3149 542
3150 542
3150 543
3151 543
3151 545
3153 545
3153 546
3155 546
3155 547
3157 547
3157 548
3158 548
3158 551
3159 551
3159 555
3160 555
3160 557
3161 557
3161 559
3162 559
3162 560
3163 560
3163 561
3165 561
3165 562
3166 562
3166 566
3167 566
3167 573
3168 573
3168 575
3167 575
3167 582
3168 582
3168 588
3169 588
3169 600
3170 600
3170 605
3171 605
3171 617
3172 617
3172 629
3173 629
3173 632
3174 632
3174 633
3175 633
3175 635
3176 635
3176 636
3177 636
3177 637
3178 637
3178 639
3181 639
3181 640
3187 640
3187 641
3188 641
3188 642
3190 642
3190 643
3191 643
3191 645
3194 645
3194 646
3199 646
3199 647
3200 647
3200 648
3202 648
3202 649
3203 649
3203 650
3205 650
3205 651
3207 651
3207 652
3208 652
3208 653
3209 653
3209 657
3210 657
3210 671
3211 671
3211 678
3212 678
3212 682
3213 682
3213 684
3214 684
3214 686
3215 686
3215 688
3219 688
3219 689
3220 689
3220 690
3222 690
3222 691
3227 691
3227 692
3229 692
3229 693
3231 693
3231 694
3232 694
3232 695
3234 695
3234 696
3235 696
3235 697
3237 697
3237 696
3238 696
3238 697
3247 697
3247 696
3248 696
3248 694
3251 694
3251 693
3255 693
3255 692
3259 692
3259 691
3270 691
3270 692
3277 692
3277 691
3281 691
3281 690
3282 690
3282 689
3283 689
3283 688
3284 688
3284 687
3285 687
3285 686
3287 686
3287 685
3289 685
3289 683
3290 683
3290 681
3291 681
3291 680
3292 680
3292 679
3293 679
3293 677
3294 677
3294 675
3295 675
3295 672
3294 672
3294 666
3295 666
3295 658
3294 658
3294 657
3295 657
3295 656
3296 656
3296 655
3297 655
3297 654
3298 654
3298 653
3300 653
3300 652
3302 652
3302 651
3303 651
3303 650
3304 650
3304 649
3305 649
3305 637
3304 637
3304 626
3303 626
3303 625
3304 625
3304 617
3305 617
3305 611
3304 611
3304 603
3303 603
3303 602
3304 602
3304 588
3305 588
3305 583
3304 583
3304 567
3303 567
3303 546
3304 546
3304 544
3305 544
3305 543
3307 543
3307 542
3309 542
3309 541
3323 541
3323 542
3324 542
3324 543
3325 543
3325 556
3326 556
3326 561
3327 561
3327 575
3328 575
3328 577
3329 577
3329 579
3330 579
3330 581
3331 581
3331 583
3332 583
3332 584
3333 584
3333 586
3334 586
3334 588
3335 588
3335 589
3341 589
3341 590
3342 590
3342 592
3343 592
3343 593
3345 593
3345 594
3346 594
3346 595
3347 595
3347 597
3349 597
3349 598
3351 598
3351 599
3355 599
3355 600
3356 600
3356 601
3357 601
3357 602
3358 602
3358 603
3359 603
3359 604
3362 604
3362 605
3363 605
3363 606
3373 606
3373 607
3376 607
3376 608
3378 608
3378 609
3379 609
3379 610
3380 610
3380 612
3381 612
3381 613
3382 613
3382 616
3383 616
3383 617
3384 617
3384 618
3386 618
3386 619
3388 619
3388 620
3391 620
3391 621
3396 621
3396 622
3397 622
3397 623
3398 623
3398 624
3401 624
3401 625
3402 625
3402 626
3403 626
3403 627
3404 627
3404 628
3405 628
3405 631
3406 631
3406 633
3407 633
3407 634
3408 634
3408 635
3410 635
3410 636
3412 636
3412 637
3416 637
3416 638
3417 638
3417 640
3418 640
3418 641
3419 641
3419 643
3420 643
3420 644
3421 644
3421 645
3422 645
3422 646
3423 646
3423 647
3426 647
3426 648
3432 648
3432 649
3433 649
3433 650
3437 650
3437 651
3446 651
3446 652
3447 652
3447 653
3457 653
3457 654
3458 654
3458 655
3476 655
3476 656
3491 656
3491 655
3493 655
3493 654
3494 654
3494 653
3495 653
3495 652
3497 652
3497 651
3503 651
3503 650
3508 650
3508 649
3511 649
3511 648
3512 648
3512 647
3513 647
3513 646
3514 646
3514 645
3515 645
3515 641
3514 641
3514 627
3519 627
3519 626
3523 626
3523 625
3529 625
3529 626
3531 626
3531 625
3537 625
3537 626
3540 626
3540 627
3541 627
3541 630
3542 630
3542 633
3543 633
3543 634
3545 634
3545 635
3546 635
3546 636
3550 636
3550 637
3555 637
3555 636
3557 636
3557 635
3559 635
3559 634
3561 634
3561 633
3562 633
3562 629
3563 629
3563 625
3564 625
3564 624
3566 624
3566 623
3571 623
3571 622
3572 622
3572 617
3571 617
3571 607
3572 607
3572 605
3571 605
3571 603
3572 603
3572 598
3571 598
3571 592
3572 592
3572 579
3571 579
3571 564
3570 564
3570 559
3571 559
3571 543
3572 543
3572 542
3574 542
3574 541
3575 541
3575 540
3577 540
3577 539
3579 539
3579 538
3580 538
3580 537
3582 537
3582 535
3583 535
3583 531
3582 531
3582 521
3583 521
3583 516
3584 516
3584 514
3585 514
3585 509
3586 509
3586 502
3585 502
3585 496
3584 496
3584 492
3583 492
3583 490
3582 490
3582 480
3581 480
3581 468
3580 468
3580 462
3579 462
3579 452
3578 452
3578 443
3577 443
3577 438
3576 438
3576 428
3575 428
3575 423
3574 423
3574 398
3573 398
3573 392
3574 392
3574 387
3573 387
3573 381
3574 381
3574 379
3575 379
3575 377
3576 377
3576 376
3577 376
3577 375
3578 375
3578 374
3579 374
3579 372
3580 372
3580 371
3581 371
3581 364
3580 364
3580 360
3581 360
3581 355
3580 355
3580 354
3581 354
3581 350
3580 350
3580 348
3581 348
3581 340
3580 340
3580 319
3579 319
3579 310
3580 310
3580 306
3579 306
3579 300
3580 300
3580 295
3581 295
3581 294
3582 294
3582 293
3583 293
3583 292
3584 292
3584 291
3585 291
3585 290
3586 290
3586 289
3587 289
3587 287
3588 287
3588 286
3589 286
3589 284
3590 284
3590 257
3591 257
3591 256
3592 256
3592 255
3593 255
3593 254
3594 254
3594 253
3595 253
3595 252
3596 252
3596 251
3597 251
3597 250
3598 250
3598 249
3599 249
3599 247
3600 247
3600 243
3601 243
3601 237
3602 237
3602 234
3603 234
3603 231
3604 231
3604 229
3605 229
3605 228
3606 228
3606 225
3607 225
3607 224
3608 224
3608 223
3609 223
3609 222
3610 222
3610 219
3611 219
3611 215
3612 215
3612 213
3613 213
3613 211
3614 211
3614 210
3616 210
3616 209
3618 209
3618 208
3619 208
3619 207
3620 207
3620 206
3622 206
3622 205
3623 205
3623 204
3624 204
3624 203
3625 203
3625 202
3626 202
3626 201
3627 201
3627 200
3629 200
3629 199
3631 199
3631 198
3638 198
3638 199
3656 199
3656 200
3658 200
3658 201
3660 201
3660 202
3661 202
3661 204
3662 204
3662 206
3663 206
3663 208
3664 208
3664 211
3665 211
3665 214
3664 214
3664 219
3665 219
3665 220
3666 220
3666 221
3669 221
3669 222
3670 222
3670 223
3671 223
3671 224
3672 224
3672 225
3675 225
3675 226
3676 226
3676 227
3675 227
3675 226
3672 226
3672 225
3671 225
3671 224
3670 224
3670 223
3669 223
3669 222
3666 222
3666 221
3665 221
3665 220
3663 220
3663 214
3664 214
3664 211
3663 211
3663 208
3662 208
3662 206
3661 206
3661 204
3660 204
3660 202
3658 202
3658 201
3656 201
3656 200
3638 200
3638 199
3631 199
3631 200
3629 200
3629 201
3627 201
3627 202
3626 202
3626 204
3624 204
3624 205
3623 205
3623 206
3622 206
3622 207
3620 207
3620 208
3619 208
3619 209
3618 209
3618 210
3616 210
3616 211
3614 211
3614 213
3613 213
3613 215
3612 215
3612 219
3611 219
3611 222
3610 222
3610 223
3609 223
3609 224
3608 224
3608 225
3607 225
3607 228
3606 228
3606 229
3605 229
3605 231
3604 231
3604 234
3603 234
3603 237
3602 237
3602 243
3601 243
3601 247
3600 247
3600 249
3599 249
3599 250
3598 250
3598 251
3597 251
3597 252
3596 252
3596 253
3595 253
3595 254
3594 254
3594 255
3593 255
3593 256
3592 256
3592 257
3591 257
3591 284
3590 284
3590 286
3589 286
3589 287
3588 287
3588 289
3587 289
3587 290
3586 290
3586 291
3585 291
3585 292
3584 292
3584 293
3583 293
3583 294
3582 294
3582 295
3581 295
3581 300
3580 300
3580 306
3581 306
3581 310
3580 310
3580 319
3581 319
3581 340
3582 340
3582 348
3581 348
3581 350
3582 350
3582 354
3581 354
3581 355
3582 355
3582 360
3581 360
3581 364
3582 364
3582 371
3581 371
3581 372
3580 372
3580 374
3579 374
3579 375
3578 375
3578 376
3577 376
3577 377
3576 377
3576 379
3575 379
3575 381
3574 381
3574 387
3575 387
3575 392
3574 392
3574 398
3575 398
3575 423
3576 423
3576 428
3577 428
3577 438
3578 438
3578 443
3579 443
3579 452
3580 452
3580 462
3581 462
3581 468
3582 468
3582 480
3583 480
3583 490
3584 490
3584 492
3585 492
3585 496
3586 496
3586 502
3587 502
3587 509
3586 509
3586 514
3585 514
3585 516
3584 516
3584 521
3583 521
3583 531
3584 531
3584 535
3583 535
3583 537
3582 537
3582 538
3580 538
3580 539
3579 539
3579 540
3577 540
3577 541
3575 541
3575 542
3574 542
3574 543
3572 543
3572 559
3571 559
3571 564
3572 564
3572 579
3573 579
3573 592
3572 592
3572 598
3573 598
3573 603
3572 603
3572 605
3573 605
3573 607
3572 607
3572 617
3573 617
3573 622
3572 622
3572 623
3571 623
3571 624
3566 624
3566 625
3564 625
3564 629
3563 629
3563 633
3562 633
3562 634
3561 634
3561 635
3559 635
3559 636
3557 636
3557 637
3555 637
3555 638
3550 638
3550 637
3546 637
3546 636
3545 636
3545 635
3543 635
3543 634
3542 634
3542 633
3541 633
3541 630
3540 630
3540 627
3537 627
3537 626
3531 626
3531 627
3529 627
3529 626
3523 626
3523 627
3519 627
3519 628
3515 628
3515 641
3516 641
3516 645
3515 645
3515 646
3514 646
3514 647
3513 647
3513 648
3512 648
3512 650
3508 650
3508 651
3503 651
3503 652
3497 652
3497 653
3495 653
3495 654
3494 654
3494 655
3493 655
3493 656
3491 656
3491 657
3476 657
3476 656
3458 656
3458 655
3457 655
3457 654
3446 654
3446 652
3437 652
3437 651
3433 651
3433 650
3432 650
3432 649
3426 649
3426 648
3423 648
3423 647
3422 647
3422 646
3421 646
3421 645
3420 645
3420 644
3419 644
3419 643
3418 643
3418 641
3417 641
3417 640
3416 640
3416 638
3412 638
3412 637
3410 637
3410 636
3408 636
3408 635
3407 635
3407 634
3406 634
3406 633
3405 633
3405 631
3404 631
3404 628
3403 628
3403 627
3401 627
3401 625
3398 625
3398 624
3397 624
3397 623
3396 623
3396 622
3391 622
3391 621
3388 621
3388 620
3386 620
3386 619
3384 619
3384 618
3383 618
3383 617
3382 617
3382 616
3381 616
3381 613
3380 613
3380 612
3379 612
3379 610
3378 610
3378 609
3376 609
3376 608
3373 608
3373 607
3363 607
3363 606
3362 606
3362 605
3359 605
3359 604
3358 604
3358 603
3357 603
3357 602
3356 602
3356 601
3355 601
3355 600
3351 600
3351 599
3349 599
3349 598
3347 598
3347 597
3346 597
3346 595
3345 595
3345 594
3343 594
3343 593
3341 593
3341 590
3335 590
3335 589
3334 589
3334 588
3333 588
3333 586
3332 586
3332 584
3331 584
3331 583
3330 583
3330 581
3329 581
3329 579
3328 579
3328 577
3327 577
3327 575
3326 575
3326 561
3325 561
3325 556
3324 556
3324 543
3323 543
3323 542
3309 542
3309 543
3307 543
3307 544
3305 544
3305 546
3304 546
3304 567
3305 567
3305 583
3306 583
3306 588
3305 588
3305 602
3304 602
3304 603
3305 603
3305 611
3306 611
3306 617
3305 617
3305 625
3304 625
3304 626
3305 626
3305 637
3306 637
3306 649
3305 649
3305 650
3304 650
3304 651
3303 651
3303 652
3302 652
3302 653
3300 653
3300 654
3298 654
3298 655
3297 655
3297 656
3296 656
3296 657
3295 657
3295 658
3296 658
3296 666
3295 666
3295 672
3296 672
3296 676
3295 676
3295 678
3294 678
3294 679
3293 679
3293 680
3292 680
3292 681
3291 681
3291 683
3290 683
3290 686
3287 686
3287 687
3285 687
3285 688
3284 688
3284 689
3283 689
3283 690
3282 690
3282 691
3281 691
3281 692
3277 692
3277 693
3270 693
3270 692
3259 692
3259 693
3255 693
3255 694
3251 694
3251 695
3249 695
3249 696
3248 696
3248 697
3247 697
3247 698
3238 698
3238 697
3237 697
3237 698
3235 698
3235 697
3234 697
3234 696
3232 696
3232 695
3231 695
3231 694
3229 694
3229 693
3227 693
3227 692
3222 692
3222 691
3220 691
3220 690
3219 690
3219 689
3215 689
3215 688
3214 688
3214 686
3213 686
3213 684
3212 684
3212 682
3211 682
3211 678
3210 678
3210 671
3209 671
3209 657
3208 657
3208 653
3207 653
3207 652
3205 652
3205 651
3203 651
3203 650
3202 650
3202 649
3200 649
3200 648
3199 648
3199 647
3194 647
3194 646
3191 646
3191 645
3190 645
3190 643
3188 643
3188 642
3187 642
3187 641
3181 641
3181 640
3178 640
3178 639
3177 639
3177 637
3176 637
3176 636
3175 636
3175 635
3174 635
3174 633
3173 633
3173 632
3172 632
3172 629
3171 629
3171 617
3170 617
3170 605
3169 605
3169 600
3168 600
3168 588
3167 588
3167 582
3166 582
3166 575
3167 575
3167 573
3166 573
3166 566
3165 566
3165 562
3163 562
3163 561
3162 561
3162 560
3161 560
3161 559
3160 559
3160 557
3159 557
3159 555
3158 555
3158 551
3157 551
3157 548
3155 548
3155 547
3153 547
3153 546
3151 546
3151 545
3150 545
3150 543
3149 543
3149 542
3148 542
3148 541
3147 541
3147 540
3144 540
3144 539
3138 539
3138 538
3136 538
3136 537
3135 537
3135 536
3134 536
3134 535
3133 535
3133 533
3132 533
3132 532
3131 532
3131 531
3130 531
3130 529
3129 529
3129 526
3128 526
3128 523
3127 523
3127 520
3126 520
3126 519
3125 519
3125 516
3124 516
3124 515
3123 515
3123 514
3122 514
3122 513
3121 513
3121 511
3118 511
3118 510
3116 510
3116 509
3114 509
3114 508
3113 508
3113 507
3112 507
3112 506
3111 506
3111 505
3110 505
3110 503
3109 503
3109 501
3108 501
3108 498
3107 498
3107 496
3106 496
3106 493
3105 493
3105 492
3104 492
3104 486
3103 486
3103 476
3102 476
3102 468
3101 468
3101 461
3100 461
3100 460
3099 460
3099 459
3098 459
3098 458
3097 458
3097 457
3096 457
3096 456
3095 456
3095 455
3094 455
3094 454
3093 454
3093 453
3092 453
3092 451
3091 451
3091 447
3090 447
3090 441
3089 441
3089 433
3088 433
3088 427
3087 427
3087 426
3086 426
3086 425
3085 425
3085 423
3084 423
3084 422
3083 422
3083 420
3082 420
3082 419
3081 419
3081 418
3080 418
3080 417
3079 417
3079 416
3078 416
3078 415
3076 415
3076 414
3070 414
3070 419
3069 419
3069 421
3068 421
3068 422
3066 422
3066 423
3065 423
3065 424
3064 424
3064 425
3057 425
3057 426
3051 426
3051 427
3049 427
3049 426
3048 426
3048 425
3047 425
3047 424
3046 424
3046 422
3038 422
3038 423
3036 423
3036 424
3035 424
3035 425
3034 425
3034 456
3035 456
3035 469
3034 469
3034 470
3033 470
3033 471
3032 471
3032 473
3031 473
3031 474
3030 474
3030 475
3024 475
3024 476
3023 476
3023 489
3022 489
3022 490
3021 490
3021 491
3020 491
3020 493
3019 493
3019 494
3017 494
3017 495
3016 495
3016 496
3015 496
3015 497
3011 497
3011 503
3010 503
3010 504
3009 504
3009 505
3008 505
3008 506
3006 506
3006 507
3005 507
3005 508
3002 508
3002 509
3000 509
3000 510
2992 510
2992 511
2989 511
2989 512
2984 512
2984 513
2976 513
2976 544
2977 544
2977 557
2976 557
2976 558
2974 558
2974 559
2973 559
2973 560
2971 560
2971 562
2970 562
2970 563
2967 563
2967 564
2965 564
2965 567
2966 567
2966 572
2965 572
2965 575
2964 575
2964 576
2962 576
2962 577
2961 577
2961 578
2960 578
2960 579
2959 579
2959 581
2958 581
2958 582
2957 582
2957 583
2956 583
2956 588
2955 588
2955 590
2954 590
2954 597
2955 597
2955 610
2954 610
2954 611
2955 611
2955 619
2954 619
2954 621
2953 621
2953 622
2952 622
2952 624
2951 624
2951 625
2949 625
2949 626
2944 626
2944 627
2926 627
2926 628
2924 628
2924 629
2921 629
2921 630
2919 630
2919 631
2873 631
2873 632
2867 632
2867 633
2865 633
2865 634
2862 634
2862 635
2861 635
2861 636
2858 636
2858 637
2854 637
2854 638
2853 638
2853 642
2852 642
2852 643
2849 643
2849 645
2848 645
2848 646
2845 646
2845 647
2832 647
2832 646
2819 646
2819 645
2817 645
2817 644
2816 644
2816 643
2815 643
2815 641
2814 641
2814 639
2813 639
2813 635
2812 635
2812 633
2811 633
2811 632
2810 632
2810 631
2809 631
2809 630
2807 630
2807 629
2805 629
2805 628
2804 628
2804 627
2803 627
2803 626
2802 626
2802 625
2801 625
2801 624
2800 624
2800 622
2799 622
2799 619
2798 619
2798 618
2797 618
2797 617
2795 617
2795 616
2794 616
2794 615
2793 615
2793 613
2792 613
2792 612
2791 612
2791 611
2790 611
2790 609
2789 609
2789 607
2788 607
2788 600
2787 600
2787 585
2786 585
2786 575
2785 575
2785 571
2786 571
2786 570
2785 570
2785 568
2780 568
2780 569
2779 569
2779 570
2774 570
2774 569
2768 569
2768 568
2766 568
2766 567
2759 567
2759 586
2760 586
2760 588
2761 588
2761 593
2762 593
2762 595
2763 595
2763 597
2764 597
2764 599
2765 599
2765 601
2766 601
2766 603
2767 603
2767 607
2766 607
2766 608
2765 608
2765 609
2763 609
2763 611
2762 611
2762 612
2760 612
2760 613
2758 613
2758 614
2754 614
2754 615
2750 615
2750 619
2749 619
2749 632
2750 632
2750 637
2749 637
2749 646
2750 646
2750 663
2749 663
2749 672
2750 672
2750 707
2751 707
2751 708
2750 708
2750 714
2751 714
2751 742
2750 742
2750 745
2749 745
2749 746
2748 746
2748 747
2746 747
2746 749
2745 749
2745 750
2743 750
2743 752
2742 752
2742 753
2741 753
2741 754
2739 754
2739 755
2738 755
2738 756
2735 756
2735 757
2733 757
2733 758
2731 758
2731 759
2725 759
2725 760
2724 760
2724 761
2723 761
2723 762
2722 762
2722 763
2721 763
2721 764
2719 764
2719 765
2713 765
2713 766
2703 766
2703 767
2697 767
2697 768
2693 768
2693 769
2690 769
2690 770
2682 770
2682 771
2676 771
2676 770
2667 770
2667 771
2666 771
2666 772
2664 772
2664 773
2656 773
2656 770
2653 770
2653 771
2650 771
2650 772
2647 772
2647 773
2644 773
2644 774
2642 774
2642 775
2640 775
2640 773
2629 773
2629 775
2628 775
2628 776
2625 776
2625 777
2613 777
2613 778
2608 778
2608 777
2606 777
2606 776
2600 776
2600 775
2599 775
2599 774
2597 774
2597 773
2596 773
2596 772
2595 772
2595 771
2588 771
2588 770
2587 770
2587 769
2586 769
2586 768
2585 768
2585 767
2584 767
2584 766
2583 766
2583 765
2582 765
2582 763
2581 763
2581 761
2580 761
2580 758
2579 758
2579 755
2578 755
2578 754
2574 754
2574 753
2572 753
2572 752
2571 752
2571 751
2569 751
2569 750
2568 750
2568 749
2567 749
2567 746
2566 746
2566 745
2565 745
2565 744
2564 744
2564 743
2563 743
2563 742
2561 742
2561 741
2559 741
2559 740
2558 740
2558 739
2557 739
2557 738
2556 738
2556 737
2555 737
2555 736
2554 736
2554 735
2553 735
2553 733
2552 733
2552 730
2551 730
2551 722
2550 722
2550 716
2549 716
2549 715
2548 715
2548 714
2546 714
2546 713
2545 713
2545 712
2543 712
2543 711
2542 711
2542 710
2537 710
2537 709
2533 709
2533 708
2531 708
2531 707
2520 707
2520 706
2515 706
2515 705
2502 705
2502 704
2500 704
2500 703
2492 703
2492 702
2489 702
2489 700
2486 700
2486 699
2484 699
2484 698
2482 698
2482 697
2481 697
2481 696
2479 696
2479 695
2478 695
2478 694
2476 694
2476 693
2475 693
2475 692
2474 692
2474 691
2473 691
2473 690
2472 690
2472 689
2471 689
2471 688
2470 688
2470 686
2469 686
2469 680
2468 680
2468 673
2467 673
2467 672
2468 672
2468 670
2467 670
2467 664
2466 664
2466 663
2465 663
2465 659
2464 659
2464 657
2463 657
2463 656
2462 656
2462 654
2461 654
2461 652
2460 652
2460 650
2459 650
2459 647
2458 647
2458 644
2457 644
2457 643
2455 643
2455 642
2454 642
2454 641
2451 641
2451 640
2450 640
2450 639
2449 639
2449 638
2448 638
2448 637
2447 637
2447 636
2444 636
2444 635
2440 635
2440 634
2438 634
2438 633
2436 633
2436 632
2435 632
2435 631
2433 631
2433 630
2432 630
2432 629
2431 629
2431 626
2430 626
2430 624
2429 624
2429 623
2428 623
2428 622
2419 622
2419 621
2418 621
2418 620
2415 620
2415 619
2413 619
2413 618
2412 618
2412 617
2410 617
2410 616
2408 616
2408 615
2407 615
2407 614
2406 614
2406 613
2405 613
2405 612
2404 612
2404 611
2403 611
2403 610
2402 610
2402 609
2401 609
2401 607
2400 607
2400 605
2399 605
2399 603
2398 603
2398 601
2397 601
2397 599
2396 599
2396 591
2395 591
2395 579
2394 579
2394 575
2393 575
2393 572
2392 572
2392 571
2391 571
2391 570
2389 570
2389 569
2388 569
2388 568
2387 568
2387 567
2386 567
2386 566
2385 566
2385 565
2384 565
2384 564
2382 564
2382 563
2377 563
2377 562
2376 562
2376 561
2373 561
2373 560
2372 560
2372 558
2371 558
2371 556
2369 556
2369 555
2368 555
2368 554
2367 554
2367 552
2366 552
2366 549
2365 549
2365 543
2364 543
2364 527
2363 527
2363 506
2362 506
2362 503
2356 503
2356 504
2355 504
2355 505
2353 505
2353 506
2350 506
2350 507
2349 507
2349 508
2347 508
2347 507
2346 507
2346 505
2342 505
2342 506
2341 506
2341 507
2338 507
