2949 933
2948 933
2948 934
2947 934
2947 935
2945 935
2945 936
2944 936
2944 937
2941 937
2941 938
2939 938
2939 939
2937 939
2937 940
2935 940
2935 942
2934 942
2934 943
2933 943
2933 944
2929 944
2929 943
2924 943
2924 944
2917 944
2917 945
2916 945
2916 946
2914 946
2914 947
2911 947
2911 948
2909 948
2909 949
2907 949
2907 950
2906 950
2906 951
2905 951
2905 952
2903 952
2903 953
2894 953
2894 952
2892 952
2892 951
2889 951
2889 950
2884 950
2884 949
2882 949
2882 948
2880 948
2880 947
2879 947
2879 946
2877 946
2877 945
2876 945
2876 944
2875 944
2875 941
2874 941
2874 940
2873 940
2873 938
2872 938
2872 934
2871 934
2871 932
2870 932
2870 929
2869 929
2869 927
2868 927
2868 924
2867 924
2867 922
2863 922
2863 921
2859 921
2859 922
2858 922
2858 923
2857 923
2857 927
2856 927
2856 941
2855 941
2855 950
2854 950
2854 970
2853 970
2853 979
2852 979
2852 982
2851 982
2851 983
2850 983
2850 985
2849 985
2849 986
2846 986
2846 987
2844 987
2844 988
2843 988
2843 989
2842 989
2842 990
2841 990
2841 991
2840 991
2840 992
2834 992
2834 993
2822 993
2822 992
2816 992
2816 993
2814 993
2814 994
2810 994
2810 995
2809 995
2809 996
2801 996
2801 995
2799 995
2799 994
2777 994
2777 995
2773 995
2773 994
2769 994
2769 993
2768 993
2768 994
2764 994
2764 995
2762 995
2762 996
2761 996
2761 997
2757 997
2757 998
2755 998
2755 999
2752 999
2752 1000
2750 1000
2750 1001
2747 1001
2747 1002
2745 1002
2745 1005
2742 1005
2742 1007
2734 1007
2734 1008
2733 1008
2733 1009
2732 1009
2732 1011
2731 1011
2731 1012
2730 1012
2730 1013
2729 1013
2729 1014
2718 1014
2718 1016
2717 1016
2717 1017
2715 1017
2715 1018
2704 1018
2704 1025
2703 1025
2703 1034
2702 1034
2702 1035
2699 1035
2699 1036
2697 1036
2697 1037
2696 1037
2696 1038
2695 1038
2695 1041
2694 1041
2694 1042
2693 1042
2693 1045
2692 1045
2692 1046
2690 1046
2690 1047
2685 1047
2685 1048
2684 1048
2684 1062
2683 1062
2683 1071
2682 1071
2682 1073
2681 1073
2681 1074
2680 1074
2680 1075
2679 1075
2679 1076
2675 1076
2675 1077
2673 1077
2673 1076
2670 1076
2670 1075
2666 1075
2666 1074
2664 1074
2664 1073
2663 1073
2663 1072
2662 1072
2662 1071
2661 1071
2661 1070
2660 1070
2660 1067
2659 1067
2659 1064
2658 1064
2658 1060
2657 1060
2657 1057
2656 1057
2656 1055
2655 1055
2655 1054
2654 1054
2654 1052
2653 1052
2653 1049
2651 1049
2651 1048
2645 1048
2645 1049
2634 1049
2634 1050
2620 1050
2620 1051
2617 1051
2617 1052
2615 1052
2615 1051
2600 1051
2600 1052
2598 1052
2598 1053
2589 1053
2589 1061
2588 1061
2588 1063
2589 1063
2589 1067
2588 1067
2588 1069
2587 1069
2587 1091
2586 1091
2586 1094
2585 1094
2585 1096
2584 1096
2584 1100
2583 1100
2583 1101
2582 1101
2582 1102
2580 1102
2580 1103
2579 1103
2579 1104
2577 1104
2577 1105
2575 1105
2575 1106
2573 1106
2573 1107
2568 1107
2568 1109
2567 1109
2567 1110
2566 1110
2566 1120
2565 1120
2565 1121
2564 1121
2564 1124
2563 1124
2563 1125
2562 1125
2562 1126
2561 1126
2561 1130
2558 1130
2558 1129
2556 1129
2556 1128
2555 1128
2555 1127
2553 1127
2553 1126
2552 1126
2552 1125
2551 1125
2551 1124
2549 1124
2549 1123
2547 1123
2547 1122
2545 1122
2545 1121
2541 1121
2541 1120
2539 1120
2539 1119
2537 1119
2537 1118
2536 1118
2536 1117
2530 1117
2530 1116
2527 1116
2527 1115
2525 1115
2525 1114
2515 1114
2515 1115
2513 1115
2513 1114
2496 1114
2496 1115
2484 1115
2484 1116
2482 1116
2482 1117
2478 1117
2478 1118
2473 1118
2473 1119
2471 1119
2471 1120
2466 1120
2466 1121
2465 1121
2465 1122
2462 1122
2462 1123
2458 1123
2458 1124
2450 1124
2450 1125
2446 1125
2446 1126
2441 1126
2441 1125
2439 1125
2439 1124
2437 1124
2437 1123
2435 1123
2435 1122
2423 1122
2423 1121
2422 1121
2422 1120
2420 1120
2420 1119
2418 1119
2418 1118
2415 1118
2415 1119
2412 1119
2412 1120
2408 1120
2408 1121
2400 1121
2400 1122
2392 1122
2392 1123
2385 1123
2385 1122
2381 1122
2381 1123
2373 1123
2373 1122
2369 1122
2369 1121
2367 1121
2367 1122
2365 1122
2365 1121
2363 1121
2363 1120
2361 1120
2361 1119
2360 1119
2360 1118
2359 1118
2359 1117
2358 1117
2358 1115
2357 1115
2357 1113
2356 1113
2356 1112
2353 1112
2353 1111
2348 1111
2348 1110
2347 1110
2347 1109
2346 1109
2346 1108
2345 1108
2345 1107
2343 1107
2343 1106
2342 1106
2342 1105
2340 1105
2340 1104
2338 1104
2338 1103
2337 1103
2337 1102
2336 1102
2336 1101
2334 1101
2334 1100
2333 1100
2333 1099
2332 1099
2332 1095
2331 1095
2331 1094
2330 1094
2330 1093
2327 1093
2327 1094
2309 1094
2309 1093
2305 1093
2305 1092
2302 1092
2302 1093
2299 1093
2299 1092
2293 1092
2293 1093
2291 1093
2291 1100
2290 1100
2290 1104
2289 1104
2289 1107
2288 1107
2288 1108
2286 1108
2286 1110
2285 1110
2285 1111
2283 1111
2283 1113
2282 1113
2282 1114
2281 1114
2281 1115
2279 1115
2279 1116
2276 1116
2276 1115
2274 1115
2274 1116
2271 1116
2271 1115
2266 1115
2266 1116
2264 1116
2264 1128
2265 1128
2265 1141
2264 1141
2264 1142
2263 1142
2263 1144
2262 1144
2262 1145
2260 1145
2260 1146
2259 1146
2259 1147
2258 1147
2258 1149
2257 1149
2257 1150
2256 1150
2256 1151
2251 1151
2251 1152
2248 1152
2248 1151
2237 1151
2237 1150
2228 1150
2228 1149
2225 1149
2225 1148
2211 1148
2211 1147
2198 1147
2198 1146
2186 1146
2186 1145
2178 1145
2178 1144
2164 1144
2164 1145
2162 1145
2162 1146
2160 1146
2160 1145
2159 1145
2159 1144
2157 1144
2157 1143
2154 1143
2154 1142
2152 1142
2152 1141
2147 1141
2147 1140
2134 1140
2134 1141
2133 1141
2133 1140
2127 1140
2127 1139
2124 1139
2124 1138
2116 1138
2116 1139
2113 1139
2113 1140
2104 1140
2104 1139
2102 1139
2102 1138
2101 1138
2101 1136
2100 1136
2100 1135
2099 1135
2099 1133
2098 1133
2098 1131
2097 1131
2097 1129
2095 1129
2095 1128
2094 1128
2094 1127
2088 1127
2088 1126
2086 1126
2086 1125
2085 1125
2085 1124
2082 1124
2082 1123
2081 1123
2081 1122
2080 1122
2080 1121
2078 1121
2078 1120
2067 1120
2067 1121
2065 1121
2065 1122
2059 1122
2059 1123
2056 1123
2056 1124
2055 1124
2055 1131
2056 1131
2056 1139
2055 1139
2055 1159
2054 1159
2054 1167
2052 1167
2052 1168
2051 1168
2051 1169
2050 1169
2050 1170
2040 1170
2040 1169
2037 1169
2037 1168
2036 1168
2036 1167
2035 1167
2035 1166
2033 1166
2033 1165
2031 1165
2031 1164
2028 1164
2028 1163
2026 1163
2026 1162
2025 1162
2025 1161
2024 1161
2024 1160
2023 1160
2023 1158
2022 1158
2022 1157
2021 1157
2021 1154
2020 1154
2020 1153
2019 1153
2019 1152
2017 1152
2017 1151
2016 1151
2016 1150
2015 1150
2015 1149
2014 1149
2014 1148
2013 1148
2013 1147
2012 1147
2012 1146
2011 1146
2011 1144
2010 1144
2010 1142
2009 1142
2009 1140
2005 1140
2005 1139
2004 1139
2004 1138
2003 1138
2003 1137
2002 1137
2002 1135
2001 1135
2001 1134
2000 1134
2000 1133
1999 1133
1999 1132
1998 1132
1998 1131
1997 1131
1997 1130
1995 1130
1995 1129
1988 1129
1988 1130
1987 1130
1987 1131
1981 1131
1981 1135
1979 1135
1979 1136
1973 1136
1973 1137
1970 1137
1970 1138
1968 1138
1968 1137
1964 1137
1964 1138
1951 1138
1951 1137
1942 1137
1942 1136
1941 1136
1941 1135
1938 1135
1938 1134
1932 1134
1932 1133
1931 1133
1931 1132
1930 1132
1930 1131
1929 1131
1929 1130
1928 1130
1928 1129
1927 1129
1927 1127
1926 1127
1926 1126
1925 1126
1925 1118
1924 1118
1924 1108
1923 1108
1923 1092
1922 1092
1922 1083
1921 1083
1921 1080
1920 1080
1920 1077
1919 1077
1919 1076
1918 1076
1918 1073
1917 1073
1917 1072
1916 1072
1916 1071
1913 1071
1913 1070
1911 1070
1911 1071
1910 1071
1910 1072
1909 1072
1909 1073
1908 1073
1908 1074
1907 1074
1907 1075
1906 1075
1906 1076
1905 1076
1905 1077
1904 1077
1904 1078
1903 1078
1903 1079
1899 1079
1899 1082
1900 1082
1900 1086
1901 1086
1901 1088
1902 1088
1902 1091
1903 1091
1903 1092
1904 1092
1904 1097
1903 1097
1903 1098
1894 1098
1894 1099
1888 1099
1888 1101
1887 1101
1887 1102
1885 1102
1885 1103
1884 1103
1884 1104
1881 1104
1881 1105
1880 1105
1880 1107
1879 1107
1879 1108
1878 1108
1878 1109
1877 1109
1877 1111
1876 1111
1876 1114
1875 1114
1875 1115
1874 1115
1874 1117
1873 1117
1873 1118
1868 1118
1868 1117
1865 1117
1865 1116
1864 1116
1864 1115
1863 1115
1863 1114
1862 1114
1862 1111
1861 1111
1861 1103
1860 1103
1860 1102
1852 1102
1852 1101
1850 1101
1850 1100
1849 1100
1849 1099
1848 1099
1848 1098
1847 1098
1847 1097
1845 1097
1845 1096
1844 1096
1844 1095
1841 1095
1841 1094
1840 1094
1840 1093
1839 1093
1839 1092
1838 1092
1838 1091
1836 1091
1836 1090
1834 1090
1834 1089
1832 1089
1832 1088
1831 1088
1831 1085
1830 1085
1830 1084
1829 1084
1829 1079
1828 1079
1828 1075
1827 1075
1827 1074
1826 1074
1826 1073
1825 1073
1825 1072
1823 1072
1823 1071
1822 1071
1822 1070
1816 1070
1816 1069
1812 1069
1812 1068
1803 1068
1803 1069
1793 1069
1793 1070
1790 1070
1790 1071
1789 1071
1789 1072
1788 1072
1788 1074
1787 1074
1787 1075
1786 1075
1786 1076
1785 1076
1785 1077
1783 1077
1783 1078
1782 1078
1782 1079
1781 1079
1781 1080
1780 1080
1780 1082
1779 1082
1779 1083
1778 1083
1778 1085
1777 1085
1777 1086
1776 1086
1776 1087
1775 1087
1775 1089
1774 1089
1774 1090
1773 1090
1773 1091
1772 1091
1772 1092
1771 1092
1771 1093
1770 1093
1770 1094
1768 1094
1768 1095
1767 1095
1767 1096
1766 1096
1766 1097
1763 1097
1763 1096
1762 1096
1762 1095
1761 1095
1761 1094
1760 1094
1760 1093
1759 1093
1759 1092
1758 1092
1758 1091
1757 1091
1757 1090
1752 1090
1752 1089
1739 1089
1739 1088
1732 1088
1732 1087
1729 1087
1729 1086
1727 1086
1727 1085
1725 1085
1725 1084
1724 1084
1724 1083
1723 1083
1723 1082
1722 1082
1722 1081
1721 1081
1721 1080
1702 1080
1702 1079
1695 1079
1695 1078
1694 1078
1694 1077
1692 1077
1692 1076
1690 1076
1690 1075
1670 1075
1670 1074
1669 1074
1669 1073
1667 1073
1667 1072
1662 1072
1662 1071
1658 1071
1658 1072
1656 1072
1656 1073
1647 1073
1647 1072
1645 1072
1645 1071
1643 1071
1643 1070
1642 1070
1642 1069
1634 1069
1634 1068
1632 1068
1632 1067
1627 1067
1627 1066
1625 1066
1625 1065
1624 1065
1624 1064
1623 1064
1623 1063
1622 1063
1622 1062
1620 1062
1620 1061
1618 1061
1618 1060
1617 1060
1617 1058
1616 1058
1616 1057
1615 1057
1615 1056
1614 1056
1614 1055
1613 1055
1613 1051
1612 1051
1612 1041
1611 1041
1611 1034
1610 1034
1610 1029
1611 1029
1611 1028
1610 1028
1610 1024
1611 1024
1611 1023
1610 1023
1610 1016
1609 1016
1609 1009
1608 1009
1608 1007
1604 1007
1604 1008
1603 1008
1603 1009
1602 1009
1602 1010
1603 1010
1603 1014
1604 1014
1604 1017
1605 1017
1605 1020
1604 1020
1604 1023
1603 1023
1603 1024
1601 1024
1601 1028
1598 1028
1598 1029
1596 1029
1596 1030
1594 1030
1594 1031
1590 1031
1590 1032
1589 1032
1589 1033
1588 1033
1588 1034
1584 1034
1584 1035
1577 1035
1577 1034
1566 1034
1566 1035
1565 1035
1565 1036
1561 1036
1561 1037
1557 1037
1557 1036
1555 1036
1555 1037
1550 1037
1550 1036
1549 1036
1549 1035
1548 1035
1548 1033
1547 1033
1547 1031
1546 1031
1546 1030
1544 1030
1544 1029
1543 1029
1543 1028
1542 1028
1542 1025
1523 1025
1523 1024
1512 1024
1512 1023
1506 1023
1506 1024
1493 1024
1493 1025
1492 1025
1492 1024
1482 1024
1482 1023
1478 1023
1478 1022
1476 1022
1476 1021
1474 1021
1474 1020
1472 1020
1472 1019
1467 1019
1467 1018
1460 1018
1460 1017
1445 1017
1445 1016
1443 1016
1443 1017
1439 1017
1439 1018
1435 1018
1435 1017
1434 1017
1434 1013
1433 1013
1433 1002
1432 1002
1432 997
1431 997
1431 993
1430 993
1430 991
1429 991
1429 989
1428 989
1428 982
1429 982
1429 974
1428 974
1428 965
1427 965
1427 952
1428 952
1428 944
1424 944
1424 945
1423 945
1423 946
1422 946
1422 947
1420 947
1420 948
1418 948
1418 949
1417 949
1417 950
1415 950
1415 951
1410 951
1410 950
1409 950
1409 951
1403 951
1403 952
1401 952
1401 951
1399 951
1399 950
1396 950
1396 951
1390 951
1390 950
1383 950
1383 949
1380 949
1380 950
1375 950
1375 949
1371 949
1371 948
1370 948
1370 947
1369 947
1369 945
1368 945
1368 944
1367 944
1367 942
1366 942
1366 941
1365 941
1365 940
1364 940
1364 938
1363 938
1363 937
1362 937
1362 935
1361 935
1361 934
1360 934
1360 933
1359 933
1359 932
1358 932
1358 930
1357 930
1357 927
1356 927
1356 925
1354 925
1354 924
1353 924
1353 925
1352 925
1352 927
1348 927
1348 928
1346 928
1346 929
1343 929
1343 930
1341 930
1341 931
1338 931
1338 932
1333 932
1333 931
1329 931
1329 930
1320 930
1320 925
1319 925
1319 924
1313 924
1313 923
1312 923
1312 922
1311 922
1311 921
1310 921
1310 916
1309 916
1309 912
1308 912
1308 907
1307 907
1307 903
1306 903
1306 902
1301 902
1301 901
1299 901
1299 900
1298 900
1298 899
1297 899
1297 898
1296 898
1296 896
1295 896
1295 894
1294 894
1294 892
1293 892
1293 888
1292 888
1292 885
1291 885
1291 869
1290 869
1290 856
1289 856
1289 850
1288 850
1288 839
1287 839
1287 829
1286 829
1286 825
1285 825
1285 824
1284 824
1284 823
1283 823
1283 822
1282 822
1282 821
1280 821
1280 820
1277 820
1277 819
1276 819
1276 820
1274 820
1274 821
1269 821
1269 822
1268 822
1268 823
1264 823
1264 824
1255 824
1255 825
1251 825
1251 826
1242 826
1242 841
1243 841
1243 843
1244 843
1244 846
1245 846
1245 848
1246 848
1246 849
1247 849
1247 850
1248 850
1248 851
1249 851
1249 856
1248 856
1248 859
1247 859
1247 860
1246 860
1246 861
1240 861
1240 862
1237 862
1237 863
1235 863
1235 864
1228 864
1228 863
1225 863
1225 862
1222 862
1222 861
1221 861
1221 860
1218 860
1218 859
1212 859
1212 858
1211 858
1211 857
1210 857
1210 856
1208 856
1208 855
1203 855
1203 854
1201 854
1201 852
1200 852
1200 851
1198 851
1198 850
1197 850
1197 849
1193 849
1193 848
1191 848
1191 847
1189 847
1189 846
1188 846
1188 845
1186 845
1186 844
1185 844
1185 843
1184 843
1184 842
1183 842
1183 841
1182 841
1182 840
1180 840
1180 839
1179 839
1179 835
1178 835
1178 834
1177 834
1177 832
1176 832
1176 829
1175 829
1175 827
1174 827
1174 826
1173 826
1173 822
1172 822
1172 820
1171 820
1171 819
1170 819
1170 817
1169 817
1169 814
1168 814
1168 812
1166 812
1166 811
1165 811
1165 810
1162 810
1162 809
1161 809
1161 808
1159 808
1159 807
1158 807
1158 806
1157 806
1157 804
1155 804
1155 803
1154 803
1154 802
1152 802
1152 801
1149 801
1149 800
1147 800
1147 799
1146 799
1146 798
1145 798
1145 797
1144 797
1144 796
1143 796
1143 794
1142 794
1142 792
1141 792
1141 791
1139 791
1139 790
1135 790
1135 789
1133 789
1133 788
1132 788
1132 787
1130 787
1130 786
1129 786
1129 785
1127 785
1127 784
1126 784
1126 783
1122 783
1122 782
1121 782
1121 781
1120 781
1120 780
1119 780
1119 779
1118 779
1118 778
1117 778
1117 777
1116 777
1116 766
1114 766
1114 765
1113 765
1113 761
1112 761
1112 733
1111 733
1111 727
1110 727
1110 716
1109 716
1109 715
1107 715
1107 716
1104 716
1104 717
1103 717
1103 720
1101 720
1101 722
1100 722
1100 723
1099 723
1099 724
1098 724
1098 728
1095 728
1095 729
1087 729
1087 730
1073 730
1073 729
1070 729
1070 727
1067 727
1067 726
1066 726
1066 725
1065 725
1065 724
1059 724
1059 725
1057 725
1057 724
1055 724
1055 725
1052 725
1052 726
1047 726
1047 725
1043 725
1043 724
1042 724
1042 723
1041 723
1041 722
1040 722
1040 721
1039 721
1039 720
1038 720
1038 719
1037 719
1037 717
1036 717
1036 715
1035 715
1035 714
1034 714
1034 713
1033 713
1033 712
1031 712
1031 711
1030 711
1030 710
1028 710
1028 709
1027 709
1027 706
1026 706
1026 705
1025 705
1025 702
1024 702
1024 698
1023 698
1023 690
1022 690
1022 678
1021 678
1021 677
1017 677
1017 678
1013 678
1013 677
1009 677
1009 676
1007 676
1007 675
1005 675
1005 674
1003 674
1003 673
1002 673
1002 672
1001 672
1001 671
998 671
998 670
996 670
996 669
995 669
995 668
992 668
992 667
991 667
991 666
989 666
989 665
988 665
988 664
987 664
987 662
986 662
986 660
985 660
985 658
984 658
984 653
983 653
983 652
975 652
975 651
967 651
967 650
966 650
966 649
965 649
965 648
964 648
964 647
963 647
963 646
962 646
962 645
961 645
961 642
960 642
960 641
959 641
959 638
958 638
958 622
957 622
957 617
956 617
956 616
955 616
955 615
954 615
954 614
952 614
952 613
951 613
951 612
950 612
950 611
949 611
949 610
948 610
948 609
947 609
947 607
946 607
946 606
945 606
945 603
944 603
944 592
943 592
943 591
942 591
942 589
938 589
938 588
937 588
937 587
936 587
936 586
935 586
935 585
934 585
934 584
933 584
933 583
932 583
932 581
930 581
930 580
928 580
928 579
926 579
926 578
925 578
925 577
924 577
924 576
923 576
923 575
922 575
922 574
921 574
921 573
920 573
920 572
919 572
919 571
918 571
918 570
911 570
911 569
898 569
898 568
895 568
895 567
891 567
891 566
888 566
888 565
887 565
887 564
885 564
885 563
883 563
883 562
882 562
882 561
881 561
881 560
880 560
880 559
879 559
879 558
878 558
878 557
877 557
877 555
876 555
876 554
875 554
875 553
874 553
874 552
873 552
873 550
872 550
872 546
871 546
871 543
870 543
870 542
869 542
869 539
868 539
868 532
869 532
869 539
870 539
870 542
871 542
871 543
872 543
872 546
873 546
873 550
874 550
874 552
875 552
875 553
876 553
876 554
877 554
877 555
878 555
878 557
879 557
879 558
880 558
880 559
881 559
881 560
882 560
882 561
883 561
883 562
885 562
885 563
887 563
887 564
888 564
888 565
891 565
891 566
895 566
895 567
898 567
898 568
911 568
911 569
918 569
918 570
919 570
919 571
920 571
920 572
921 572
921 573
922 573
922 574
923 574
923 575
924 575
924 576
925 576
925 577
926 577
926 578
928 578
928 579
930 579
930 580
932 580
932 581
933 581
933 583
934 583
934 584
935 584
935 585
936 585
936 586
937 586
937 587
938 587
938 588
942 588
942 589
943 589
943 591
944 591
944 592
945 592
945 603
946 603
946 606
947 606
947 607
948 607
948 609
949 609
949 610
950 610
950 611
951 611
951 612
952 612
952 613
954 613
954 614
955 614
955 615
956 615
956 616
957 616
957 617
958 617
958 622
959 622
959 638
960 638
960 641
961 641
961 642
962 642
962 645
963 645
963 646
964 646
964 647
965 647
965 648
966 648
966 649
967 649
967 650
975 650
975 651
983 651
983 652
984 652
984 653
985 653
985 658
986 658
986 660
987 660
987 662
988 662
988 664
989 664
989 665
991 665
991 666
992 666
992 667
995 667
995 668
996 668
996 669
998 669
998 670
1001 670
1001 671
1002 671
1002 672
1003 672
1003 673
1005 673
1005 674
1007 674
1007 675
1009 675
1009 676
1013 676
1013 677
1017 677
1017 676
1021 676
1021 677
1022 677
1022 678
1023 678
1023 690
1024 690
1024 698
1025 698
1025 702
1026 702
1026 705
1027 705
1027 706
1028 706
1028 709
1030 709
1030 710
1031 710
1031 711
1033 711
1033 712
1034 712
1034 713
1035 713
1035 714
1036 714
1036 715
1037 715
1037 717
1038 717
1038 719
1039 719
1039 720
1040 720
1040 721
1041 721
1041 722
1042 722
1042 723
1043 723
1043 724
1047 724
1047 725
1052 725
1052 724
1055 724
1055 723
1057 723
1057 724
1059 724
1059 723
1065 723
1065 724
1066 724
1066 725
1067 725
1067 726
1070 726
1070 727
1071 727
1071 728
1073 728
1073 729
1087 729
1087 728
1095 728
1095 727
1097 727
1097 724
1098 724
1098 723
1099 723
1099 721
1100 721
1100 720
1101 720
1101 719
1102 719
1102 717
1103 717
1103 716
1104 716
1104 715
1107 715
1107 714
1109 714
1109 715
1110 715
1110 716
1111 716
1111 727
1112 727
1112 733
1113 733
1113 761
1114 761
1114 765
1116 765
1116 766
1117 766
1117 777
1118 777
1118 778
1119 778
1119 779
1120 779
1120 780
1121 780
1121 781
1122 781
1122 782
1126 782
1126 783
1127 783
1127 784
1129 784
1129 785
1130 785
1130 786
1132 786
1132 787
1133 787
1133 788
1135 788
1135 789
1139 789
1139 790
1141 790
1141 791
1142 791
1142 792
1143 792
1143 794
1144 794
1144 796
1145 796
1145 797
1146 797
1146 798
1147 798
1147 799
1149 799
1149 800
1152 800
1152 801
1154 801
1154 802
1155 802
1155 803
1157 803
1157 804
1158 804
1158 806
1159 806
1159 807
1163 807
1163 808
1164 808
1164 809
1165 809
1165 810
1166 810
1166 811
1168 811
1168 812
1169 812
1169 814
1170 814
1170 817
1171 817
1171 819
1172 819
1172 820
1173 820
1173 822
1174 822
1174 826
1175 826
1175 827
1176 827
1176 829
1177 829
1177 832
1178 832
1178 834
1179 834
1179 835
1180 835
1180 839
1182 839
1182 840
1183 840
1183 841
1184 841
1184 842
1185 842
1185 843
1186 843
1186 844
1188 844
1188 845
1189 845
1189 846
1191 846
1191 847
1193 847
1193 848
1197 848
1197 849
1198 849
1198 850
1200 850
1200 851
1201 851
1201 852
1202 852
1202 853
1203 853
1203 854
1208 854
1208 855
1210 855
1210 856
1211 856
1211 857
1212 857
1212 858
1218 858
1218 859
1221 859
1221 860
1222 860
1222 861
1225 861
1225 862
1228 862
1228 863
1235 863
1235 862
1237 862
1237 861
1240 861
1240 860
1246 860
1246 859
1247 859
1247 856
1248 856
1248 851
1247 851
1247 850
1246 850
1246 849
1245 849
1245 848
1244 848
1244 846
1243 846
1243 843
1242 843
1242 841
1241 841
1241 826
1242 826
1242 825
1251 825
1251 824
1255 824
1255 823
1264 823
1264 822
1268 822
1268 821
1269 821
1269 820
1274 820
1274 819
1276 819
1276 818
1277 818
1277 819
1280 819
1280 820
1282 820
1282 821
1283 821
1283 822
1284 822
1284 823
1285 823
1285 824
1286 824
1286 825
1287 825
1287 829
1288 829
1288 839
1289 839
1289 850
1290 850
1290 856
1291 856
1291 869
1292 869
1292 885
1293 885
1293 888
1294 888
1294 892
1295 892
1295 894
1296 894
1296 896
1297 896
1297 898
1298 898
1298 899
1299 899
1299 900
1301 900
1301 901
1306 901
1306 902
1307 902
1307 903
1308 903
1308 907
1309 907
1309 912
1310 912
1310 916
1311 916
1311 921
1312 921
1312 922
1313 922
1313 923
1319 923
1319 924
1320 924
1320 925
1321 925
1321 929
1329 929
1329 930
1333 930
1333 931
1338 931
1338 930
1341 930
1341 929
1343 929
1343 928
1346 928
1346 927
1348 927
1348 926
1351 926
1351 925
1352 925
1352 924
1353 924
1353 923
1354 923
1354 924
1357 924
1357 927
1358 927
1358 930
1359 930
1359 932
1360 932
1360 933
1361 933
1361 934
1362 934
1362 935
1363 935
1363 937
1364 937
1364 938
1365 938
1365 940
1366 940
1366 941
1367 941
1367 942
1368 942
1368 944
1369 944
1369 945
1370 945
1370 947
1371 947
1371 948
1375 948
1375 949
1380 949
1380 948
1383 948
1383 949
1390 949
1390 950
1396 950
1396 949
1399 949
1399 950
1401 950
1401 951
1403 951
1403 950
1409 950
1409 949
1410 949
1410 950
1415 950
1415 949
1417 949
1417 948
1418 948
1418 947
1420 947
1420 946
1422 946
1422 945
1423 945
1423 944
1424 944
1424 943
1428 943
1428 944
1429 944
1429 952
1428 952
1428 965
1429 965
1429 974
1430 974
1430 982
1429 982
1429 989
1430 989
1430 991
1431 991
1431 993
1432 993
1432 997
1433 997
1433 1002
1434 1002
1434 1013
1435 1013
1435 1017
1439 1017
1439 1016
1443 1016
1443 1015
1445 1015
1445 1016
1460 1016
1460 1017
1467 1017
1467 1018
1472 1018
1472 1019
1474 1019
1474 1020
1476 1020
1476 1021
1478 1021
1478 1022
1482 1022
1482 1023
1492 1023
1492 1024
1493 1024
1493 1023
1506 1023
1506 1022
1512 1022
1512 1023
1523 1023
1523 1024
1542 1024
1542 1025
1543 1025
1543 1028
1544 1028
1544 1029
1546 1029
1546 1030
1547 1030
1547 1031
1548 1031
1548 1033
1549 1033
1549 1035
1550 1035
1550 1036
1555 1036
1555 1035
1557 1035
1557 1036
1561 1036
1561 1035
1565 1035
1565 1034
1566 1034
1566 1033
1577 1033
1577 1034
1584 1034
1584 1033
1588 1033
1588 1032
1589 1032
1589 1031
1590 1031
1590 1030
1594 1030
1594 1029
1596 1029
1596 1028
1598 1028
1598 1027
1600 1027
1600 1024
1601 1024
1601 1023
1603 1023
1603 1020
1604 1020
1604 1017
1603 1017
1603 1014
1602 1014
1602 1010
1601 1010
1601 1009
1602 1009
1602 1008
1603 1008
1603 1007
1604 1007
1604 1006
1608 1006
1608 1007
1609 1007
1609 1009
1610 1009
1610 1016
1611 1016
1611 1023
1612 1023
1612 1024
1611 1024
1611 1028
1612 1028
1612 1029
1611 1029
1611 1034
1612 1034
1612 1041
1613 1041
1613 1051
1614 1051
1614 1055
1615 1055
1615 1056
1616 1056
1616 1057
1617 1057
1617 1058
1618 1058
1618 1060
1620 1060
1620 1061
1622 1061
1622 1062
1623 1062
1623 1063
1624 1063
1624 1064
1625 1064
1625 1065
1627 1065
1627 1066
1632 1066
1632 1067
1634 1067
1634 1068
1642 1068
1642 1069
1643 1069
1643 1070
1645 1070
1645 1071
1647 1071
1647 1072
1656 1072
1656 1071
1658 1071
1658 1070
1662 1070
1662 1071
1667 1071
1667 1072
1669 1072
1669 1073
1670 1073
1670 1074
1690 1074
1690 1075
1692 1075
1692 1076
1694 1076
1694 1077
1695 1077
1695 1078
1702 1078
1702 1079
1721 1079
1721 1080
1722 1080
1722 1081
1723 1081
1723 1082
1724 1082
1724 1083
1725 1083
1725 1084
1727 1084
1727 1085
1729 1085
1729 1086
1732 1086
1732 1087
1739 1087
1739 1088
1752 1088
1752 1089
1757 1089
1757 1090
1758 1090
1758 1091
1759 1091
1759 1092
1760 1092
1760 1093
1761 1093
1761 1094
1762 1094
1762 1095
1763 1095
1763 1096
1766 1096
1766 1095
1767 1095
1767 1094
1768 1094
1768 1093
1770 1093
1770 1092
1771 1092
1771 1091
1772 1091
1772 1090
1773 1090
1773 1089
1774 1089
1774 1087
1775 1087
1775 1086
1776 1086
1776 1085
1777 1085
1777 1083
1778 1083
1778 1082
1779 1082
1779 1079
1781 1079
1781 1077
1783 1077
1783 1076
1785 1076
1785 1075
1786 1075
1786 1074
1787 1074
1787 1072
1788 1072
1788 1071
1789 1071
1789 1070
1790 1070
1790 1069
1793 1069
1793 1068
1803 1068
1803 1067
1812 1067
1812 1068
1816 1068
1816 1069
1822 1069
1822 1070
1823 1070
1823 1071
1825 1071
1825 1072
1826 1072
1826 1073
1827 1073
1827 1074
1828 1074
1828 1075
1829 1075
1829 1079
1830 1079
1830 1084
1831 1084
1831 1085
1832 1085
1832 1088
1834 1088
1834 1089
1836 1089
1836 1090
1838 1090
1838 1091
1839 1091
1839 1092
1841 1092
1841 1094
1844 1094
1844 1095
1845 1095
1845 1096
1847 1096
1847 1097
1848 1097
1848 1098
1849 1098
1849 1099
1850 1099
1850 1100
1852 1100
1852 1101
1860 1101
1860 1102
1861 1102
1861 1103
1862 1103
1862 1111
1863 1111
1863 1114
1864 1114
1864 1115
1865 1115
1865 1116
1868 1116
1868 1117
1873 1117
1873 1115
1874 1115
1874 1114
1875 1114
1875 1111
1876 1111
1876 1109
1877 1109
1877 1108
1878 1108
1878 1107
1879 1107
1879 1105
1880 1105
1880 1104
1881 1104
1881 1103
1884 1103
1884 1102
1885 1102
1885 1101
1887 1101
1887 1099
1888 1099
1888 1098
1894 1098
1894 1097
1903 1097
1903 1092
1902 1092
1902 1091
1901 1091
1901 1088
1900 1088
1900 1086
1899 1086
1899 1082
1898 1082
1898 1078
1903 1078
1903 1077
1904 1077
1904 1076
1905 1076
1905 1075
1906 1075
1906 1074
1907 1074
1907 1073
1908 1073
1908 1072
1909 1072
1909 1071
1910 1071
1910 1070
1911 1070
1911 1069
1913 1069
1913 1070
1916 1070
1916 1071
1917 1071
1917 1072
1918 1072
1918 1073
1919 1073
1919 1076
1920 1076
1920 1077
1921 1077
1921 1080
1922 1080
1922 1083
1923 1083
1923 1092
1924 1092
1924 1108
1925 1108
1925 1118
1926 1118
1926 1126
1927 1126
1927 1127
1928 1127
1928 1129
1929 1129
1929 1130
1930 1130
1930 1131
1931 1131
1931 1132
1932 1132
1932 1133
1938 1133
1938 1134
1941 1134
1941 1135
1942 1135
1942 1136
1951 1136
1951 1137
1964 1137
1964 1136
1968 1136
1968 1137
1970 1137
1970 1136
1973 1136
1973 1135
1979 1135
1979 1134
1980 1134
1980 1130
1987 1130
1987 1129
1988 1129
1988 1128
1995 1128
1995 1129
1997 1129
1997 1130
1998 1130
1998 1131
1999 1131
1999 1132
2000 1132
2000 1133
2001 1133
2001 1134
2002 1134
2002 1135
2003 1135
2003 1137
2004 1137
2004 1138
2005 1138
2005 1139
2009 1139
2009 1140
2010 1140
2010 1142
2011 1142
2011 1144
2012 1144
2012 1146
2013 1146
2013 1147
2014 1147
2014 1148
2015 1148
2015 1149
2016 1149
2016 1150
2017 1150
2017 1151
2019 1151
2019 1152
2020 1152
2020 1153
2022 1153
2022 1157
2023 1157
2023 1158
2024 1158
2024 1160
2025 1160
2025 1161
2026 1161
2026 1162
2028 1162
2028 1163
2031 1163
2031 1164
2033 1164
2033 1165
2035 1165
2035 1166
2036 1166
2036 1167
2037 1167
2037 1168
2040 1168
2040 1169
2050 1169
2050 1168
2051 1168
2051 1167
2052 1167
2052 1166
2053 1166
2053 1159
2054 1159
2054 1139
2055 1139
2055 1131
2054 1131
2054 1124
2055 1124
2055 1122
2059 1122
2059 1121
2065 1121
2065 1120
2067 1120
2067 1119
2078 1119
2078 1120
2080 1120
2080 1121
2081 1121
2081 1122
2082 1122
2082 1123
2085 1123
2085 1124
2086 1124
2086 1125
2088 1125
2088 1126
2094 1126
2094 1127
2095 1127
2095 1128
2097 1128
2097 1129
2098 1129
2098 1131
2099 1131
2099 1133
2100 1133
2100 1135
2101 1135
2101 1136
2102 1136
2102 1138
2104 1138
2104 1139
2113 1139
2113 1138
2116 1138
2116 1137
2124 1137
2124 1138
2127 1138
2127 1139
2133 1139
2133 1140
2134 1140
2134 1139
2147 1139
2147 1140
2152 1140
2152 1141
2154 1141
2154 1142
2157 1142
2157 1143
2159 1143
2159 1144
2160 1144
2160 1145
2162 1145
2162 1144
2164 1144
2164 1143
2178 1143
2178 1144
2186 1144
2186 1145
2198 1145
2198 1146
2211 1146
2211 1147
2225 1147
2225 1148
2228 1148
2228 1149
2237 1149
2237 1150
2248 1150
2248 1151
2251 1151
2251 1150
2256 1150
2256 1149
2257 1149
2257 1147
2258 1147
2258 1146
2259 1146
2259 1145
2260 1145
2260 1144
2262 1144
2262 1142
2263 1142
2263 1141
2264 1141
2264 1128
2263 1128
2263 1116
2264 1116
2264 1115
2266 1115
2266 1114
2271 1114
2271 1115
2274 1115
2274 1114
2276 1114
2276 1115
2279 1115
2279 1114
2281 1114
2281 1113
2282 1113
2282 1111
2283 1111
2283 1110
2285 1110
2285 1108
2286 1108
2286 1107
2288 1107
2288 1104
2289 1104
2289 1100
2290 1100
2290 1093
2291 1093
2291 1092
2293 1092
2293 1091
2299 1091
2299 1092
2302 1092
2302 1091
2305 1091
2305 1092
2309 1092
2309 1093
2327 1093
2327 1092
2330 1092
2330 1093
2331 1093
2331 1094
2333 1094
2333 1099
2334 1099
2334 1100
2336 1100
2336 1101
2337 1101
2337 1102
2338 1102
2338 1103
2340 1103
2340 1104
2342 1104
2342 1105
2343 1105
2343 1106
2345 1106
2345 1107
2346 1107
2346 1108
2347 1108
2347 1109
2348 1109
2348 1110
2353 1110
2353 1111
2356 1111
2356 1112
2357 1112
2357 1113
2358 1113
2358 1115
2359 1115
2359 1117
2360 1117
2360 1118
2361 1118
2361 1119
2363 1119
2363 1120
2365 1120
2365 1121
2367 1121
2367 1120
2369 1120
2369 1121
2373 1121
2373 1122
2381 1122
2381 1121
2385 1121
2385 1122
2392 1122
2392 1121
2400 1121
2400 1120
2408 1120
2408 1119
2412 1119
2412 1118
2415 1118
2415 1117
2418 1117
2418 1118
2420 1118
2420 1119
2422 1119
2422 1120
2423 1120
2423 1121
2435 1121
2435 1122
2437 1122
2437 1123
2439 1123
2439 1124
2441 1124
2441 1125
2446 1125
2446 1124
2450 1124
2450 1123
2458 1123
2458 1122
2462 1122
2462 1121
2465 1121
2465 1120
2466 1120
2466 1119
2471 1119
2471 1118
2473 1118
2473 1117
2478 1117
2478 1116
2482 1116
2482 1115
2484 1115
2484 1114
2496 1114
2496 1113
2513 1113
2513 1114
2515 1114
2515 1113
2525 1113
2525 1114
2527 1114
2527 1115
2530 1115
2530 1116
2537 1116
2537 1118
2539 1118
2539 1119
2541 1119
2541 1120
2545 1120
2545 1121
2547 1121
2547 1122
2549 1122
2549 1123
2551 1123
2551 1124
2552 1124
2552 1125
2553 1125
2553 1126
2555 1126
2555 1127
2556 1127
2556 1128
2558 1128
2558 1129
2560 1129
2560 1126
2561 1126
2561 1124
2563 1124
2563 1121
2564 1121
2564 1120
2565 1120
2565 1110
2566 1110
2566 1109
2567 1109
2567 1107
2568 1107
2568 1106
2573 1106
2573 1105
2575 1105
2575 1104
2577 1104
2577 1103
2579 1103
2579 1102
2580 1102
2580 1101
2582 1101
2582 1100
2583 1100
2583 1096
2584 1096
2584 1094
2585 1094
2585 1091
2586 1091
2586 1069
2587 1069
2587 1067
2588 1067
2588 1063
2587 1063
2587 1061
2588 1061
2588 1052
2598 1052
2598 1051
2600 1051
2600 1050
2615 1050
2615 1051
2617 1051
2617 1050
2620 1050
2620 1049
2634 1049
2634 1048
2645 1048
2645 1047
2651 1047
2651 1048
2653 1048
2653 1049
2654 1049
2654 1052
2655 1052
2655 1054
2656 1054
2656 1055
2657 1055
2657 1057
2658 1057
2658 1060
2659 1060
2659 1064
2660 1064
2660 1067
2661 1067
2661 1070
2662 1070
2662 1071
2663 1071
2663 1072
2664 1072
2664 1073
2666 1073
2666 1074
2670 1074
2670 1075
2673 1075
2673 1076
2675 1076
2675 1075
2679 1075
2679 1074
2680 1074
2680 1073
2681 1073
2681 1071
2682 1071
2682 1062
2683 1062
2683 1048
2684 1048
2684 1047
2685 1047
2685 1046
2690 1046
2690 1045
2692 1045
2692 1042
2693 1042
2693 1041
2694 1041
2694 1038
2695 1038
2695 1037
2696 1037
2696 1036
2697 1036
2697 1035
2699 1035
2699 1034
2702 1034
2702 1025
2703 1025
2703 1017
2715 1017
2715 1016
2717 1016
2717 1014
2718 1014
2718 1013
2729 1013
2729 1012
2730 1012
2730 1011
2731 1011
2731 1009
2732 1009
2732 1008
2733 1008
2733 1007
2734 1007
2734 1006
2741 1006
2741 1005
2742 1005
2742 1004
2744 1004
2744 1002
2745 1002
2745 1001
2747 1001
2747 1000
2750 1000
2750 999
2752 999
2752 998
2755 998
2755 997
2757 997
2757 996
2761 996
2761 995
2762 995
2762 994
2764 994
2764 993
2768 993
2768 992
2769 992
2769 993
2773 993
2773 994
2777 994
2777 993
2799 993
2799 994
2801 994
2801 995
2809 995
2809 994
2810 994
2810 993
2814 993
2814 992
2816 992
2816 991
2822 991
2822 992
2834 992
2834 991
2840 991
2840 990
2841 990
2841 989
2842 989
2842 988
2843 988
2843 987
2844 987
2844 986
2846 986
2846 985
2849 985
2849 983
2850 983
2850 982
2851 982
2851 979
2852 979
2852 970
2853 970
2853 950
2854 950
2854 941
2855 941
2855 927
2856 927
2856 922
2858 922
2858 920
2863 920
2863 921
2867 921
2867 922
2868 922
2868 924
2869 924
2869 927
2870 927
2870 929
2871 929
2871 932
2872 932
2872 934
2873 934
2873 938
2874 938
2874 940
2875 940
2875 941
2876 941
2876 944
2877 944
2877 945
2879 945
2879 946
2880 946
2880 947
2882 947
2882 948
2884 948
2884 949
2889 949
2889 950
2892 950
2892 951
2894 951
2894 952
2903 952
2903 951
2905 951
2905 950
2906 950
2906 949
2907 949
2907 948
2909 948
2909 947
2911 947
2911 946
2914 946
2914 945
2916 945
2916 944
2917 944
2917 943
2924 943
2924 942
2929 942
2929 943
2933 943
2933 942
2934 942
2934 939
2937 939
2937 938
2939 938
2939 937
2941 937
2941 936
2944 936
2944 935
2945 935
2945 934
2947 934
2947 933
2948 933
2948 932
2949 932
2949 931
2950 931
2950 926
2951 926
2951 925
2952 925
2952 924
2956 924
2956 925
2957 925
2957 926
2958 926
2958 928
2959 928
2959 935
2960 935
2960 937
2961 937
2961 939
2963 939
2963 940
2964 940
2964 942
2967 942
2967 943
2968 943
2968 944
2974 944
2974 945
2976 945
2976 946
2977 946
2977 955
2978 955
2978 959
2980 959
2980 960
2981 960
2981 961
2982 961
2982 963
2983 963
2983 964
2984 964
2984 965
2986 965
2986 964
2991 964
2991 963
2997 963
2997 964
2998 964
2998 965
3004 965
3004 964
3009 964
3009 963
3011 963
3011 962
3012 962
3012 961
3015 961
3015 960
3022 960
3022 961
3025 961
3025 960
3028 960
3028 959
3029 959
3029 958
3030 958
3030 955
3032 955
3032 954
3033 954
3033 953
3036 953
3036 952
3041 952
3041 951
3042 951
3042 950
3043 950
3043 949
3044 949
3044 948
3046 948
3046 947
3047 947
3047 946
3048 946
3048 945
3050 945
3050 944
3052 944
3052 942
3053 942
3053 939
3054 939
3054 938
3055 938
3055 924
3056 924
3056 920
3055 920
3055 915
3056 915
3056 900
3055 900
3055 898
3056 898
3056 895
3057 895
3057 890
3058 890
3058 855
3064 855
3064 853
3066 853
3066 851
3067 851
3067 850
3068 850
3068 848
3069 848
3069 844
3070 844
3070 837
3071 837
3071 824
3072 824
3072 815
3071 815
3071 806
3072 806
3072 793
3073 793
3073 786
3076 786
3076 785
3079 785
3079 786
3087 786
3087 787
3090 787
3090 788
3095 788
3095 789
3098 789
3098 790
3099 790
3099 791
3101 791
3101 792
3103 792
3103 793
3105 793
3105 794
3107 794
3107 795
3108 795
3108 796
3109 796
3109 797
3110 797
3110 798
3113 798
3113 799
3115 799
3115 800
3117 800
3117 801
3118 801
3118 802
3119 802
3119 803
3120 803
3120 804
3121 804
3121 806
3122 806
3122 809
3123 809
3123 817
3124 817
3124 820
3125 820
3125 822
3126 822
3126 824
3127 824
3127 825
3128 825
3128 826
3129 826
3129 827
3130 827
3130 828
3131 828
3131 830
3132 830
3132 831
3134 831
3134 832
3135 832
3135 833
3136 833
3136 834
3138 834
3138 835
3142 835
3142 836
3144 836
3144 837
3146 837
3146 836
3150 836
3150 835
3161 835
3161 834
3163 834
3163 833
3164 833
3164 832
3165 832
3165 831
3166 831
3166 830
3167 830
3167 829
3168 829
3168 826
3169 826
3169 824
3170 824
3170 822
3171 822
3171 820
3172 820
3172 819
3174 819
3174 817
3175 817
3175 815
3176 815
3176 814
3177 814
3177 811
3178 811
3178 810
3179 810
3179 809
3180 809
3180 807
3181 807
3181 806
3182 806
3182 805
3184 805
3184 804
3185 804
3185 803
3186 803
3186 801
3187 801
3187 800
3188 800
3188 799
3189 799
3189 798
3190 798
3190 796
3191 796
3191 791
3192 791
3192 789
3193 789
3193 788
3194 788
3194 787
3196 787
3196 786
3197 786
3197 785
3199 785
3199 783
3200 783
3200 782
3201 782
3201 781
3202 781
3202 780
3203 780
3203 779
3204 779
3204 778
3205 778
3205 777
3208 777
3208 776
3209 776
3209 774
3210 774
3210 773
3212 773
3212 772
3213 772
3213 770
3214 770
3214 766
3215 766
3215 757
3216 757
3216 756
3217 756
3217 754
3218 754
3218 753
3219 753
3219 751
3220 751
3220 749
3221 749
3221 748
3222 748
3222 746
3223 746
3223 745
3224 745
3224 743
3225 743
3225 739
3226 739
3226 735
3227 735
3227 734
3236 734
3236 735
3239 735
3239 736
3242 736
3242 737
3243 737
3243 738
3249 738
3249 739
3252 739
3252 740
3256 740
3256 739
3259 739
3259 740
3265 740
3265 739
3271 739
3271 738
3273 738
3273 736
3274 736
3274 735
3275 735
3275 734
3276 734
3276 733
3277 733
3277 732
3278 732
3278 731
3279 731
3279 730
3280 730
3280 729
3281 729
3281 728
3282 728
3282 727
3283 727
3283 726
3284 726
3284 725
3285 725
3285 724
3286 724
3286 723
3287 723
3287 722
3288 722
3288 721
3289 721
3289 720
3290 720
3290 718
3291 718
3291 712
3292 712
3292 705
3293 705
3293 700
3292 700
3292 699
3293 699
3293 686
3292 686
3292 666
3293 666
3293 647
3294 647
3294 644
3295 644
3295 643
3300 643
3300 644
3313 644
3313 645
3314 645
3314 646
3317 646
3317 645
3329 645
3329 646
3332 646
3332 647
3333 647
3333 648
3335 648
3335 649
3336 649
3336 650
3339 650
3339 651
3343 651
3343 650
3347 650
3347 651
3360 651
3360 650
3362 650
3362 649
3364 649
3364 648
3366 648
3366 647
3371 647
3371 646
3372 646
3372 645
3374 645
3374 644
3376 644
3376 642
3377 642
3377 641
3378 641
3378 640
3380 640
3380 639
3382 639
3382 638
3386 638
3386 637
3387 637
3387 636
3389 636
3389 635
3390 635
3390 634
3391 634
3391 633
3392 633
3392 632
3393 632
3393 631
3395 631
3395 630
3396 630
3396 629
3397 629
3397 628
3398 628
3398 626
3399 626
3399 625
3400 625
3400 623
3401 623
3401 622
3405 622
3405 621
3407 621
3407 620
3408 620
3408 619
3410 619
3410 618
3412 618
3412 617
3413 617
3413 615
3414 615
3414 614
3415 614
3415 613
3416 613
3416 612
3417 612
3417 611
3418 611
3418 609
3419 609
3419 607
3420 607
3420 606
3421 606
3421 604
3422 604
3422 603
3423 603
3423 597
3424 597
3424 585
3425 585
3425 580
3426 580
3426 578
3427 578
3427 577
3428 577
3428 575
3429 575
3429 574
3431 574
3431 573
3432 573
3432 569
3434 569
3434 566
3435 566
3435 550
3436 550
3436 543
3437 543
3437 542
3438 542
3438 541
3441 541
3441 540
3443 540
3443 539
3445 539
3445 538
3451 538
3451 539
3463 539
3463 538
3465 538
3465 537
3467 537
3467 536
3468 536
3468 535
3469 535
3469 534
3470 534
3470 533
3471 533
3471 532
3472 532
3472 531
3473 531
3473 525
3472 525
3472 523
3471 523
3471 515
3470 515
3470 505
3471 505
3471 503
3472 503
3472 502
3474 502
3474 501
3476 501
3476 500
3480 500
3480 499
3485 499
3485 500
3490 500
3490 501
3491 501
3491 502
3492 502
3492 503
3495 503
3495 502
3498 502
3498 501
3500 501
3500 499
3501 499
3501 498
3503 498
3503 497
3506 497
3506 496
3507 496
3507 495
3509 495
3509 494
3511 494
3511 495
3509 495
3509 496
3507 496
3507 498
3503 498
3503 499
3501 499
3501 501
3500 501
3500 502
3498 502
3498 503
3495 503
3495 504
3491 504
3491 502
3490 502
3490 501
3485 501
3485 500
3480 500
3480 501
3476 501
3476 502
3474 502
3474 503
3472 503
3472 505
3471 505
3471 515
3472 515
3472 523
3473 523
3473 525
3474 525
3474 531
3473 531
3473 532
3472 532
3472 533
3471 533
3471 534
3470 534
3470 535
3469 535
3469 536
3468 536
3468 537
3467 537
3467 538
3465 538
3465 539
3463 539
3463 540
3451 540
3451 539
3445 539
3445 540
3443 540
3443 541
3441 541
3441 542
3438 542
3438 543
3437 543
3437 550
3436 550
3436 566
3435 566
3435 569
3434 569
3434 570
3433 570
3433 573
3432 573
3432 574
3431 574
3431 575
3429 575
3429 577
3428 577
3428 578
3427 578
3427 580
3426 580
3426 585
3425 585
3425 597
3424 597
3424 603
3423 603
3423 604
3422 604
3422 606
3421 606
3421 607
3420 607
3420 609
3419 609
3419 611
3418 611
3418 612
3417 612
3417 613
3416 613
3416 614
3415 614
3415 615
3414 615
3414 617
3413 617
3413 618
3412 618
3412 619
3410 619
3410 620
3408 620
3408 621
3407 621
3407 622
3405 622
3405 623
3401 623
3401 625
3400 625
3400 626
3399 626
3399 628
3398 628
3398 629
3397 629
3397 630
3396 630
3396 631
3395 631
3395 632
3393 632
3393 633
3392 633
3392 634
3391 634
3391 635
3390 635
3390 636
3389 636
3389 637
3387 637
3387 638
3386 638
3386 639
3382 639
3382 640
3380 640
3380 641
3378 641
3378 642
3377 642
3377 645
3374 645
3374 646
3372 646
3372 647
3371 647
3371 648
3366 648
3366 649
3364 649
3364 650
3362 650
3362 651
3360 651
3360 652
3347 652
3347 651
3343 651
3343 652
3338 652
3338 651
3336 651
3336 650
3335 650
3335 649
3333 649
3333 648
3332 648
3332 647
3329 647
3329 646
3317 646
3317 647
3314 647
3314 646
3313 646
3313 645
3300 645
3300 644
3295 644
3295 647
3294 647
3294 666
3293 666
3293 686
3294 686
3294 699
3293 699
3293 700
3294 700
3294 705
3293 705
3293 712
3292 712
3292 718
3291 718
3291 720
3290 720
3290 721
3289 721
3289 722
3288 722
3288 723
3287 723
3287 724
3286 724
3286 726
3284 726
3284 727
3283 727
3283 728
3282 728
3282 729
3281 729
3281 730
3280 730
3280 731
3279 731
3279 732
3278 732
3278 733
3277 733
3277 734
3276 734
3276 735
3275 735
3275 736
3274 736
3274 738
3273 738
3273 739
3271 739
3271 740
3265 740
3265 741
3259 741
3259 740
3256 740
3256 741
3252 741
3252 740
3249 740
3249 739
3243 739
3243 738
3242 738
3242 737
3239 737
3239 736
3236 736
3236 735
3227 735
3227 739
3226 739
3226 743
3225 743
3225 745
3224 745
3224 746
3223 746
3223 748
3222 748
3222 749
3221 749
3221 751
3220 751
3220 753
3219 753
3219 754
3218 754
3218 756
3217 756
3217 757
3216 757
3216 766
3215 766
3215 770
3214 770
3214 772
3213 772
3213 773
3212 773
3212 774
3210 774
3210 776
3209 776
3209 777
3208 777
3208 778
3205 778
3205 779
3204 779
3204 780
3203 780
3203 781
3202 781
3202 782
3201 782
3201 783
3200 783
3200 785
3199 785
3199 786
3197 786
3197 787
3196 787
3196 788
3194 788
3194 789
3193 789
3193 791
3192 791
3192 796
3191 796
3191 798
3190 798
3190 799
3189 799
3189 800
3188 800
3188 801
3187 801
3187 803
3186 803
3186 804
3185 804
3185 805
3184 805
3184 806
3182 806
3182 807
3181 807
3181 809
3180 809
3180 810
3179 810
3179 811
3178 811
3178 814
3177 814
3177 815
3176 815
3176 817
3175 817
3175 819
3174 819
3174 820
3172 820
3172 822
3171 822
3171 824
3170 824
3170 826
3169 826
3169 829
3168 829
3168 830
3167 830
3167 831
3166 831
3166 832
3165 832
3165 833
3164 833
3164 834
3163 834
3163 835
3161 835
3161 836
3150 836
3150 837
3146 837
3146 838
3144 838
3144 837
3142 837
3142 836
3138 836
3138 835
3135 835
3135 833
3134 833
3134 832
3132 832
3132 831
3131 831
3131 830
3130 830
3130 828
3129 828
3129 827
3128 827
3128 826
3127 826
3127 825
3126 825
3126 824
3125 824
3125 822
3124 822
3124 820
3123 820
3123 817
3122 817
3122 809
3121 809
3121 806
3120 806
3120 804
3119 804
3119 803
3118 803
3118 802
3117 802
3117 801
3115 801
3115 800
3113 800
3113 799
3110 799
3110 798
3109 798
3109 797
3108 797
3108 796
3107 796
3107 795
3105 795
3105 794
3103 794
3103 793
3101 793
3101 792
3099 792
3099 791
3098 791
3098 790
3095 790
3095 789
3090 789
3090 788
3087 788
3087 787
3079 787
3079 786
3076 786
3076 787
3074 787
3074 794
3073 794
3073 806
3072 806
3072 815
3073 815
3073 824
3072 824
3072 837
3071 837
3071 844
3070 844
3070 848
3069 848
3069 850
3068 850
3068 851
3067 851
3067 853
3066 853
3066 854
3065 854
3065 856
3059 856
3059 890
3058 890
3058 895
3057 895
3057 898
3056 898
3056 900
3057 900
3057 915
3056 915
3056 920
3057 920
3057 924
3056 924
3056 938
3055 938
3055 939
3054 939
3054 942
3053 942
3053 944
3052 944
3052 945
3050 945
3050 946
3048 946
3048 947
3047 947
3047 948
3046 948
3046 949
3044 949
3044 950
3043 950
3043 951
3042 951
3042 952
3041 952
3041 953
3036 953
3036 954
3033 954
3033 955
3032 955
3032 956
3031 956
3031 958
3030 958
3030 959
3029 959
3029 960
3028 960
3028 961
3025 961
3025 962
3022 962
3022 961
3016 961
3016 962
3012 962
3012 963
3011 963
3011 964
3009 964
3009 965
3004 965
3004 966
2998 966
2998 965
2997 965
2997 964
2991 964
2991 965
2986 965
2986 966
2983 966
2983 964
2982 964
2982 963
2981 963
2981 961
2980 961
2980 960
2978 960
2978 959
2977 959
2977 955
2976 955
2976 946
2974 946
2974 945
2968 945
2968 944
2967 944
2967 943
2964 943
2964 942
2963 942
2963 940
2961 940
2961 939
2960 939
2960 937
2959 937
2959 935
2958 935
2958 928
2957 928
2957 926
2956 926
2956 925
2952 925
2952 926
2951 926
2951 931
2950 931
2950 932
2949 932
